25 32
25 35
180 181
180 183
397 181
746 747
746 584
1131 94
1400 1402
1400 584
1400 999
358 719
51 50
1879 1882
1879 584
2453 1209
2453 2455
2453 2289
2453 747
2453 746
2453 1212
908 1894
531 719
1604 2453
2580 181
2851 2852
2851 327
2851 2853
2851 2681
2851 719
2851 858
95 719
95 1894
1064 746
1703 1450
1703 683
2853 2851
2853 2419
3111 780
3511 3512
1450 3564
3623 2904
3623 3624
1217 858
1217 2453
1217 1209
1217 2289
1217 2455
1217 747
1217 746
1217 1212
1217 584
1217 649
1217 1604
50 51
50 227
3684 2196
2306 263
2306 3115
2306 19
3796 283
3185 3859
2876 584
2876 94
3437 3803
3437 1988
3437 1000
3437 68
2783 584
2783 3663
1494 1450
1311 584
3859 3185
3859 584
202 1804
3036 19
3036 94
2609 35
1824 719
3624 2762
3624 719
4247 747
4455 325
4469 586
1988 3090
1988 50
1184 19
858 1194
4525 426
1870 719
4733 113
4733 88
4733 556
4733 2852
2606 2603
780 63
780 1852
780 1000
780 1952
3512 3511
243 4525
3115 584
3115 2306
1587 2762
2112 183
2112 2470
4887 2143
1000 2555
1000 780
1000 1917
3564 1450
3564 584
325 719
325 2607
325 2536
3803 5070
3803 3437
1212 746
1212 747
586 200
586 4469
586 780
586 1485
2977 719
5143 1569
747 1217
747 2453
747 1209
747 2455
747 746
747 1212
1194 858
1194 2317
1194 327
3509 999
3509 1703
3509 1194
3509 1917
3509 3439
3509 1870
3509 1952
3509 85
3509 88
3509 556
63 780
5244 1000
2470 181
2470 2112
2373 746
2373 747
2373 1569
3371 719
3371 584
5364 426
1811 584
2728 719
2728 1804
5475 19
263 2306
263 19
263 2657
263 4692
1402 1400
2912 2762
2697 95
1963 4956
3090 1988
2214 113
5677 3185
2419 649
2419 2853
1920 1604
4882 1450
4882 19
4882 780
19 263
19 2306
19 604
19 1163
19 924
1387 719
556 780
556 243
556 1494
556 19
181 397
181 2580
181 2470
683 719
683 1703
683 2945
683 4039
2143 4887
1569 283
1569 227
1569 5143
1569 51
1569 2373
2607 325
113 1920
113 746
5070 3803
361 719
2536 325
2536 2304
2536 719
3000 193
3000 5001
1894 719
1894 95
35 32
35 25
35 2609
2486 5803
999 584
604 584
604 6422
604 94
604 19
604 1163
604 448
604 1828
604 394
604 63
856 584
4075 858
4147 746
4147 2289
4147 747
4147 1217
4147 2453
4147 2455
4147 1212
4580 649
4580 858
