707 691
711 691
712 691
63 691
721 691
730 691
732 691
124 691
734 691
736 691
740 691
16 691
350 691
51 691
744 691
746 691
748 691
750 691
755 691
104 691
757 691
758 691
760 691
762 691
374 691
236 691
114 691
563 691
683 691
60 691
776 691
778 691
789 691
791 691
800 691
802 691
260 691
80 691
21 691
808 691
809 691
564 691
23 691
175 691
817 691
822 691
208 691
824 691
206 691
663 691
834 691
837 691
840 691
843 691
225 691
845 691
846 691
847 691
849 691
536 691
850 691
854 691
619 691
864 691
867 691
872 691
516 691
873 691
691 707
691 712
691 711
691 16
691 63
691 732
691 736
691 755
691 740
691 730
691 744
691 124
691 564
691 721
691 542
691 758
691 350
691 374
691 114
691 563
691 683
691 881
691 762
691 619
691 864
691 802
691 236
691 872
691 734
691 21
691 808
691 809
691 23
691 746
691 817
691 60
691 208
691 748
691 824
691 750
691 776
691 778
691 206
691 663
691 834
691 104
691 757
691 837
691 760
691 840
691 843
691 225
691 845
691 846
691 847
691 789
691 791
691 849
691 536
691 850
691 854
691 800
691 867
691 516
691 873
691 260
1110 712
744 712
43 712
542 712
1111 712
707 712
732 712
564 712
711 712
817 712
1114 712
1115 712
374 712
625 712
721 712
456 712
1039 712
1118 712
367 712
1123 712
1125 712
1126 712
1062 712
532 712
1131 712
563 712
1049 712
1136 712
1137 712
547 712
1068 712
1139 712
1141 712
1143 712
730 712
1151 712
1155 712
51 712
52 712
34 712
1156 712
536 712
712 542
712 1111
712 43
712 564
712 744
712 732
712 1114
712 1039
712 1110
712 1118
712 367
712 711
712 1115
712 625
712 707
712 547
712 1062
712 532
712 721
712 881
712 1131
712 563
712 51
712 1049
712 1123
712 1136
712 1125
712 1165
712 817
712 1137
712 1126
712 1068
712 1167
712 456
712 1141
712 1143
712 730
712 1151
712 1155
712 52
712 34
712 1156
712 536
712 558
712 374
824 817
564 817
1466 817
52 817
175 817
1041 817
1049 817
1224 817
1062 817
1052 817
778 817
542 817
1125 817
260 817
536 817
1312 817
732 817
744 817
16 817
1018 817
514 817
540 817
1570 817
607 817
707 817
1314 817
1572 817
736 817
1095 817
1578 817
1581 817
1582 817
1585 817
1399 817
1009 817
130 817
188 817
1060 817
1586 817
817 564
817 1466
817 175
817 824
817 744
817 52
817 1052
817 778
817 542
817 1041
817 1125
817 536
817 732
817 1224
817 1062
817 1018
817 514
817 540
817 1570
817 607
817 707
817 1314
817 1572
817 736
817 1095
817 1578
817 1049
817 260
817 1581
817 1582
817 1312
817 1585
817 1399
817 1009
817 130
817 188
817 1060
817 1586
817 1118
258 683
1590 683
1051 683
563 683
1599 683
1604 683
1607 683
278 683
1610 683
1612 683
80 683
619 683
1615 683
1617 683
1620 683
140 683
1625 683
1629 683
242 683
43 683
1638 683
1644 683
1647 683
1648 683
1652 683
625 683
519 683
1653 683
1239 683
683 1655
683 1599
683 1657
683 278
683 1604
683 1662
683 1663
683 1051
683 619
683 1615
683 1617
683 1620
683 1625
683 1629
683 1610
683 242
683 1590
683 43
683 1638
683 1644
683 1647
683 1648
683 1652
683 625
683 519
683 1607
683 988
683 1668
683 258
683 1239
1874 38
1875 38
1876 38
1239 38
240 38
1884 38
1433 38
962 38
891 38
1894 38
1897 38
98 38
1861 38
1901 38
97 38
536 38
360 38
1905 38
175 38
911 38
38 1908
38 1875
38 1874
38 1876
38 1239
38 240
38 962
38 1894
38 1897
38 1884
38 98
38 1909
38 1861
38 97
38 1901
38 536
38 360
38 1905
38 175
38 911
38 891
711 564
563 564
542 564
744 564
140 564
1125 564
778 564
732 564
1911 564
514 564
1009 564
1139 564
1070 564
80 564
1912 564
1075 564
612 564
1015 564
1914 564
124 564
1187 564
21 564
175 564
58 564
1186 564
1312 564
1917 564
791 564
1466 564
707 564
564 711
564 744
564 514
564 732
564 542
564 888
564 140
564 563
564 1009
564 1139
564 1070
564 1912
564 1075
564 1911
564 612
564 1015
564 1914
564 1125
564 778
564 124
564 21
564 175
564 58
564 350
564 1186
564 1312
564 1917
564 791
564 1466
564 707
564 1550
563 140
542 140
52 140
547 140
843 140
534 140
1239 140
374 140
1809 140
536 140
555 140
350 140
558 140
1009 140
789 140
114 140
840 140
124 140
677 140
130 140
329 140
1954 140
1955 140
1296 140
1956 140
497 140
360 140
1960 140
140 888
140 563
140 558
140 1961
140 547
140 557
140 843
140 534
140 374
140 52
140 555
140 1809
140 542
140 1700
140 573
140 536
140 350
140 1009
140 789
140 114
140 840
140 124
140 1966
140 1968
140 130
140 329
140 1954
140 1955
140 1296
140 1956
140 497
140 360
140 1240
140 705
140 1960
140 1239
840 563
732 563
590 563
744 563
1523 563
789 563
625 563
1295 563
542 563
52 563
350 563
175 563
1009 563
1734 563
1472 563
374 563
516 563
267 563
563 732
563 542
563 1052
563 584
563 625
563 550
563 744
563 1523
563 1295
563 350
563 1179
563 1739
563 1009
563 1190
563 532
563 789
563 1734
563 1472
563 1431
563 516
563 52
563 267
563 1239
563 1240
563 590
563 374
542 625
1322 625
744 625
516 625
800 625
732 625
374 625
2005 625
850 625
730 625
114 625
127 625
2010 625
1156 625
1239 625
2012 625
1466 625
302 625
2013 625
1321 625
307 625
625 542
625 1322
625 516
625 800
625 732
625 2005
625 850
625 730
625 744
625 114
625 127
625 2015
625 2010
625 1156
625 1239
625 2012
625 1466
625 302
625 374
625 2013
625 1321
625 307
1930 1940
2042 1940
2044 1940
386 1940
1447 1940
1423 1940
105 1940
983 1940
507 1940
2062 1940
2065 1940
1940 1447
1940 507
1940 1423
1940 2044
1940 386
1940 2062
1940 2065
1940 2042
707 542
983 542
736 542
744 542
21 542
550 542
175 542
350 542
80 542
1928 542
547 542
1234 542
329 542
534 542
561 542
2089 542
542 736
542 707
542 983
542 744
542 175
542 350
542 1928
542 561
542 2089
736 732
744 732
374 732
1295 732
80 732
1447 732
1003 732
590 732
1009 732
536 732
175 732
599 732
278 732
677 732
732 736
732 744
732 374
732 1295
732 80
732 1003
732 1009
732 536
732 175
732 599
732 1472
732 635
732 278
732 1447
732 677
732 705
732 590
2124 744
80 744
350 744
711 744
540 744
1447 744
1314 744
1047 744
16 744
208 744
721 744
744 2124
744 711
744 540
744 80
744 1447
744 1314
744 1463
744 16
744 208
744 721
744 350
744 992
1559 558
911 558
1295 558
374 558
557 558
52 558
2187 558
386 558
2189 558
1052 558
1423 558
988 558
593 558
2193 558
558 534
558 1559
558 2187
558 1295
558 374
558 911
558 386
558 593
558 2189
558 2196
558 988
558 2193
537 536
539 536
1143 536
707 536
1039 536
1179 536
97 536
2199 536
1312 536
159 536
374 536
599 536
518 536
1997 536
52 536
536 537
536 707
536 1039
536 1179
536 97
536 2199
536 1312
536 1143
536 159
536 2215
536 374
536 2216
536 599
536 518
536 1997
536 52
2219 350
21 350
550 350
80 350
23 350
460 350
516 350
2223 350
1399 350
374 350
2224 350
386 350
992 350
943 350
561 350
350 630
350 21
350 550
350 80
350 23
350 519
350 460
350 516
350 2223
350 1399
350 2219
350 374
350 386
350 992
350 943
350 561
360 52
671 52
2245 52
658 52
80 52
130 52
518 52
995 52
52 360
52 2245
52 671
52 130
52 658
52 2247
52 80
52 518
52 995
537 539
2089 539
51 539
1447 539
2341 539
518 539
1485 539
2251 539
2151 539
992 539
539 675
539 699
539 51
539 534
539 2341
539 2089
539 518
539 1447
539 1485
539 2251
539 2151
539 992
539 988
85 80
1049 80
2385 80
707 80
1009 80
840 80
2297 80
1047 80
203 80
160 80
540 80
240 80
175 80
161 80
514 80
612 80
550 80
2013 80
16 80
1552 80
80 1047
80 612
80 85
80 1009
80 1049
80 540
80 240
80 21
80 514
80 840
80 2385
80 2297
80 160
80 175
80 1019
80 161
80 1070
80 550
80 2013
80 16
80 203
80 51
80 707
80 1240
80 1552
1173 516
1447 516
1239 516
707 516
599 516
237 516
260 516
854 516
1700 516
622 516
840 516
547 516
516 1447
516 707
516 547
516 599
516 237
516 260
516 854
516 1954
516 622
516 840
1612 1700
1708 1700
1698 1700
1179 1700
1706 1700
584 1700
2433 1700
21 1700
540 1700
1739 1700
843 1700
1714 1700
519 1700
1700 584
1700 1706
1700 1698
1700 1792
1700 2433
1700 1708
1700 1612
1700 2437
1700 2438
1700 2440
1700 21
1700 843
1700 1714
1700 1928
1323 258
1319 258
1625 258
1620 258
2474 258
258 1323
258 278
258 1625
258 1620
258 1319
258 2474
258 2475
258 1251
258 1240
2516 386
2517 386
1930 386
635 386
2526 386
386 2516
386 2517
386 2529
386 635
386 2526
584 21
2598 21
1041 21
1009 21
1706 21
1179 21
2599 21
124 21
1049 21
23 21
175 21
2120 21
614 21
2124 21
1322 21
21 1792
21 1041
21 1706
21 2598
21 2599
21 124
21 1049
21 23
21 175
21 2120
21 614
21 2124
21 1322
21 1381
2377 374
175 374
573 374
2558 374
1423 374
374 2377
374 175
374 573
374 2558
374 1423
736 707
2511 707
1062 707
711 707
1070 707
23 707
824 707
203 707
1328 707
707 736
707 1070
707 23
707 824
707 711
707 1062
707 203
707 1423
707 2511
707 906
1698 1739
1179 1739
540 1739
1739 1708
1739 1179
1739 540
1739 1612
1739 1706
1739 514
1612 1179
1706 1179
2664 1179
584 1179
1729 1179
540 1179
1239 1179
1179 1706
1179 2664
1179 1612
1179 1729
1179 540
1179 514
1179 1966
127 1447
128 1447
561 1447
2583 1447
979 1447
1254 1447
1447 127
1447 561
1447 2583
1447 2684
1447 1254
1041 736
172 736
514 736
2598 736
1399 736
175 736
2297 736
16 736
1052 736
808 736
736 1041
736 514
736 2598
736 1399
736 175
736 2297
736 172
736 1052
736 808
736 360
736 1095
1188 534
590 534
2699 534
657 534
561 534
534 590
534 2699
534 1188
534 657
534 561
2305 561
2089 561
2705 561
2461 561
1884 561
593 561
979 561
1277 561
75 561
518 561
561 2089
561 2461
561 1884
561 593
561 2705
561 2305
561 979
561 1277
561 75
561 518
1329 43
1110 43
758 43
248 43
114 43
260 43
43 1329
43 1110
43 114
43 248
43 758
43 1240
43 260
537 51
607 51
615 51
778 51
175 51
2718 51
51 657
51 537
51 607
51 175
51 2718
2747 97
2748 97
2129 97
146 97
2753 97
2025 97
97 2748
97 2129
97 2130
97 2747
97 146
97 2753
97 2025
2019 1312
1314 1312
260 1312
90 1312
1068 1312
1312 2019
1312 1314
1312 951
1312 90
1312 1068
1312 260
1295 1423
2530 1423
1399 1423
2819 1423
1423 2530
1423 1295
1423 1399
1423 2819
2824 843
627 843
843 627
843 2824
843 1472
843 1320
808 684
2838 684
2839 684
2005 684
518 684
684 2005
684 808
684 2839
684 2838
684 518
684 1528
161 1070
2849 1070
61 1070
1912 1070
2827 1070
1070 61
1070 1041
1070 1912
1070 2849
1070 2827
992 518
2884 518
971 518
989 518
601 518
579 518
630 518
518 992
518 2884
518 971
518 601
518 579
518 630
2897 98
2898 98
2901 98
2165 98
2599 98
240 98
419 98
1928 98
2906 98
98 2897
98 2898
98 2165
98 2599
98 240
98 419
98 1928
98 2901
98 2906
1734 175
881 175
2847 175
2247 175
175 89
175 881
175 2847
175 630
175 2247
213 130
1319 130
1039 130
881 130
130 213
130 1190
130 2013
130 1478
130 1039
130 881
130 1319
1219 881
2926 881
800 881
2927 881
268 881
619 881
881 1219
881 2926
881 800
881 2927
881 268
881 619
1612 514
1706 514
540 514
584 514
514 2930
514 1612
514 540
514 584
1319 532
951 532
532 1319
532 1251
635 2284
2705 2284
947 2284
2284 635
2284 2705
2284 947
2980 278
2983 278
1663 278
663 278
242 278
2984 278
1213 278
2422 278
278 2980
278 2422
278 1663
278 663
278 242
278 2984
278 1213
1734 1722
2992 1722
1749 1722
1722 2992
1722 1749
1722 1734
547 573
1509 573
1304 573
573 547
573 1509
573 1304
237 1009
615 1009
1009 237
1009 615
584 1706
1708 1706
1729 1706
1706 584
1706 1708
1320 951
951 1694
2934 240
3017 240
3019 240
366 240
590 240
240 2934
240 3017
240 3019
240 366
240 590
2350 1039
627 1039
1039 2350
1039 627
1698 699
397 699
699 397
1838 1295
2292 1295
979 1295
1295 1838
1295 2292
1295 979
599 840
983 840
840 599
840 983
840 1234
1186 711
1105 711
758 711
711 1186
711 1105
711 758
2874 2897
2897 2874
557 593
2138 593
2449 593
2005 593
3055 593
2526 593
2341 593
983 593
3056 593
593 557
593 2138
593 2449
593 2005
593 3055
593 2526
593 2341
593 983
593 3056
3064 1215
3065 1215
1215 3064
1215 3065
75 3068
75 2567
3068 895
979 895
3073 895
895 3068
895 979
895 3073
2991 1749
1745 1749
1612 1749
1698 1749
1749 2991
1749 1612
630 599
891 599
2025 599
599 630
599 2025
1187 1010
3113 1010
23 1010
3114 1010
1523 1010
1015 1010
1010 3113
1010 23
1010 3114
1010 1523
1010 1187
1010 1015
3121 2371
366 2371
3123 2371
146 2371
808 2371
2753 2371
396 2371
2371 3121
2371 366
2371 3123
2371 146
2371 808
2371 2753
2371 396
507 1930
1930 2847
1930 2151
1930 105
1930 507
3134 677
677 3134
89 124
63 124
124 89
124 63
1612 584
1736 584
584 1792
584 1809
2318 630
630 2318
3144 557
627 557
557 3144
557 627
557 2263
557 590
557 1442
2461 911
911 2461
3140 627
627 3140
627 312
1729 1612
1612 3160
1612 3161
1612 1714
1612 540
2013 1049
1049 2013
2292 1838
3183 1838
1838 2292
1838 3183
657 651
2187 651
651 2187
651 657
3186 888
888 3186
1328 361
555 361
3191 361
361 1328
361 555
361 3191
85 23
170 23
61 23
3195 23
23 85
23 170
23 61
23 3195
2151 897
3198 897
897 2151
897 3198
2705 531
531 2705
1188 1399
249 1399
1048 1399
1304 1399
1399 1188
1399 249
1399 1048
1399 1304
758 63
63 758
1277 2247
931 2247
2247 931
808 2753
2753 808
910 2377
2377 910
956 1328
961 1328
1328 956
1328 961
10 2951
2951 10
2255 2341
2341 2255
3270 1809
1809 3270
590 127
2660 127
127 590
127 2660
1008 540
540 1762
540 1008
3280 10
10 3280
1549 962
962 1549
3297 983
983 3297
950 2558
392 2558
2558 950
2558 392
988 550
550 988
550 970
1570 85
85 1570
392 2461
979 2461
2461 979
2461 392
964 893
893 964
2349 1329
1329 2349
808 891
891 808
891 3330
1431 1419
579 671
671 579
1729 675
791 640
640 791
721 1523
1186 1523
1523 721
2626 2025
2025 2626
2089 392
979 392
918 392
2555 392
943 392
392 2089
392 979
392 918
392 2555
392 943
2292 2535
2535 2292
2490 34
1100 34
34 2490
34 1100
1508 1509
3415 615
3416 615
2958 615
615 3415
615 3416
615 2958
970 2089
2526 2089
2089 970
2089 2526
2659 2292
2292 2659
2292 2149
3422 3102
3423 3102
2085 3102
3102 3422
3102 3423
3102 2085
890 3008
3008 890
1875 146
396 146
146 396
146 1875
1239 1319
1319 1239
1188 237
237 1188
1095 1041
1041 1095
1367 3439
3439 1367
1927 360
360 460
360 1927
3446 1420
2316 1420
1420 3446
1420 2316
1966 2099
822 2099
2149 2099
2099 1966
2099 2149
590 1478
1478 590
3465 1188
1188 3465
3471 910
3473 2005
2005 3474
2005 3473
3475 931
931 3475
3083 2705
2705 3083
373 1744
3471 1744
378 1744
368 1744
2530 1744
1549 1744
1744 373
1744 3471
1744 378
1744 368
1744 2530
1744 1549
776 837
590 837
837 776
837 590
2906 789
789 2906
2665 970
3497 970
970 2665
970 3497
808 3330
1884 1922
1922 1884
378 1549
1100 1927
1927 1100
2231 1321
1321 2231
1729 1708
1708 3517
579 2116
466 590
1607 590
128 590
291 590
2487 590
3543 590
1514 590
1100 590
988 590
590 466
590 1607
590 291
590 2487
590 3543
590 1514
590 1100
590 988
1974 2922
2310 2811
2811 2310
3561 1835
1835 3561
2543 890
890 2543
2565 1884
1884 2565
1745 1729
1729 1745
1729 1728
2062 2526
2526 2062
1954 1960
988 2530
2530 988
1190 1472
1239 347
347 1239
1239 1305
1305 1239
758 762
762 3591
762 758
142 396
396 142
3444 1240
758 2598
2598 758
2071 1219
1219 2071
3616 1367
1367 3616
2847 3618
3618 2847
122 291
291 122
1240 1227
1227 1240
758 1136
1136 758
1625 1617
1617 1625
2349 3627
3635 394
394 3635
3643 142
142 3643
3085 2562
2562 3085
3607 3605
1155 2116
2116 1155
3650 776
776 3650
3651 1912
1912 3651
3658 3659
3659 3658
601 3661
1490 2583
2583 1490
3665 1123
1123 3665
3668 3093
3093 3668
3669 1905
1905 3669
2739 3091
3091 2739
906 2939
3301 3297
3697 1547
1547 3697
3700 2865
2865 3700
758 2952
2952 758
1058 3709
3719 3717
3717 3719
3083 1495
1495 3083
3725 2236
988 2488
2488 988
2168 2326
1607 2320
2320 1607
1239 3731
3731 1239
2958 1239
758 3737
3737 758
156 2640
2640 156
1736 2656
3083 3753
3753 3083
758 2037
1062 3768
1173 1653
1239 1653
1653 1239
758 854
854 758
1745 1698
1607 3781
988 1419
1419 988
2261 3527
3727 2663
1239 1173
1173 1239
1251 1240
