1986 544
569 544
684 544
1989 544
544 1986
544 569
544 684
544 1989
2185 558
1539 558
646 558
558 1539
558 2185
785 779
208 779
779 785
779 549
779 208
779 1102
2363 719
2040 719
549 719
719 2363
719 2040
719 549
1673 638
141 638
2449 638
2451 638
638 1673
638 141
638 2451
1877 110
1899 110
110 1899
1395 356
2496 356
797 356
1308 356
392 356
2292 356
569 356
356 2496
356 1395
356 797
356 1308
356 392
356 2292
356 569
2586 569
1858 569
569 2586
1175 785
19 785
23 785
785 1175
785 19
785 23
785 2013
785 2768
962 2347
2347 962
88 98
419 98
2905 98
98 419
98 88
98 2905
1899 1877
2851 693
584 1792
160 185
185 160
183 23
23 183
3280 10
10 3280
92 1580
1580 92
1682 2736
2736 1682
918 392
392 918
590 1673
1673 590
3442 2460
2460 3442
570 1878
3052 3418
3539 590
1514 590
590 3539
590 1514
3603 3241
3241 3603
2228 2105
2105 2228
3676 3375
3375 3676
1169 3777
1172 2009
