542 564
744 564
1125 564
259 564
514 564
1017 564
771 564
1511 564
819 564
585 564
564 744
564 514
564 542
564 259
564 1017
564 1201
564 1511
564 1125
564 819
564 585
744 542
1017 542
1291 542
585 542
542 1017
542 744
542 1291
259 744
2143 744
819 744
155 744
208 744
744 259
744 819
744 155
744 208
744 2143
360 52
155 52
2245 52
771 52
49 52
995 52
52 360
52 2245
52 155
52 771
52 49
52 995
771 1017
1125 1017
259 1017
1017 771
1017 1125
1017 259
1323 1020
1620 1020
2422 1020
1020 1323
1020 2426
1020 1620
1020 2422
2128 1482
127 1482
521 1482
2223 1482
2012 1482
2098 1482
2480 1482
2481 1482
475 1482
1482 2128
1482 127
1482 2223
1482 2012
1482 2098
1482 2487
1482 2480
1482 2481
1482 475
1323 110
2492 110
1899 110
110 1323
110 1899
110 2492
118 259
1281 259
259 118
259 1281
259 2733
714 118
118 2759
1034 1845
1845 1034
557 49
602 49
49 602
521 557
1511 771
155 771
771 1511
771 155
1424 514
583 514
585 514
894 560
560 894
2990 1722
585 1722
1722 2990
1722 583
1316 3078
3086 2128
2128 1839
2128 3086
585 1701
1701 585
451 155
632 155
155 451
155 632
155 803
557 3146
3150 2657
2657 3150
585 583
583 3164
583 585
583 1708
127 346
346 127
585 1699
585 768
1884 1094
1094 1884
1899 282
2254 2717
2717 2254
2042 935
1401 1959
1959 1401
3456 1543
1543 3456
3458 2108
2108 3458
2426 2773
503 2208
2208 503
1884 1922
1922 1884
3522 2311
2311 3522
1424 3552
2565 1884
1884 2565
585 1731
1731 585
3615 2085
2085 3615
3301 3297
3703 2473
2473 3703
1090 585
585 3744
