536 136
1389 136
591 136
71 136
546 136
566 136
660 136
1393 136
1394 136
51 136
557 136
1241 136
626 136
534 136
15 136
135 136
1179 136
930 136
1404 136
360 136
47 136
1407 136
1408 136
395 136
410 136
576 136
1412 136
175 136
1419 136
1421 136
1424 136
136 1389
136 51
136 47
136 536
136 71
136 591
136 557
136 566
136 1241
136 15
136 930
136 1421
136 1407
136 1408
136 1119
136 626
136 546
136 1433
136 576
136 534
136 1412
136 1393
136 175
136 135
136 1394
136 1179
136 1437
136 1404
136 360
136 410
136 1439
136 1419
423 817
175 817
1049 817
1567 817
53 817
729 817
660 817
536 817
1124 817
1572 817
1027 817
1577 817
1037 817
1583 817
1004 817
817 175
817 423
817 1567
817 729
817 660
817 536
817 1124
817 1572
817 53
817 1027
817 1577
817 1037
817 1049
817 1583
817 1004
513 683
1590 683
660 683
1051 683
1037 683
1597 683
1072 683
1599 683
572 683
1601 683
1602 683
1606 683
1610 683
619 683
1631 683
1633 683
43 683
1636 683
690 683
1651 683
47 683
1172 683
683 1072
683 660
683 1597
683 1599
683 1601
683 1633
683 1657
683 1658
683 1662
683 1051
683 619
683 1602
683 1610
683 1631
683 1037
683 1590
683 43
683 1636
683 1606
683 1651
683 477
1179 47
1702 47
71 47
1712 47
1149 47
1526 47
1726 47
1727 47
557 47
1732 47
1733 47
770 47
1424 47
546 47
1740 47
591 47
536 47
1743 47
572 47
690 47
47 1702
47 1179
47 1712
47 557
47 1750
47 1754
47 1755
47 1760
47 1768
47 1774
47 1726
47 1727
47 770
47 536
47 1775
47 1776
47 1787
47 1732
47 1789
47 768
47 1733
47 1424
47 1796
47 546
47 1740
47 533
47 71
47 591
47 1743
47 572
47 1802
47 1033
47 1806
47 702
47 1810
47 51
47 1389
47 690
955 71
1853 71
1179 71
660 71
645 71
1119 71
1856 71
536 71
51 71
1806 71
954 71
770 71
1231 71
1863 71
1196 71
1361 71
591 71
1684 71
1868 71
1870 71
71 51
71 557
71 1806
71 1119
71 536
71 1853
71 660
71 955
71 645
71 1856
71 1179
71 591
71 954
71 1231
71 1863
71 1196
71 1361
71 1684
71 1870
572 660
1407 660
566 660
690 660
626 660
591 660
1181 660
955 660
764 660
1231 660
1361 660
524 660
536 660
395 660
702 660
660 572
660 1407
660 1231
660 1938
660 690
660 626
660 151
660 1181
660 764
660 1361
660 566
660 1146
660 524
660 395
660 702
1973 536
15 536
1179 536
1545 536
1546 536
1946 536
1241 536
2207 536
1977 536
2208 536
1997 536
604 536
536 15
536 1179
536 1973
536 1545
536 1546
536 1946
536 1241
536 2207
536 1977
536 2208
536 1997
536 604
1323 1072
729 1072
1920 1072
1103 1072
1610 1072
1606 1072
1269 1072
1072 1323
1072 1658
1072 2280
1072 1103
1072 1610
1072 1606
1072 1269
2344 1806
2000 1806
2346 1806
2347 1806
2351 1806
2317 1806
2352 1806
2024 1806
2355 1806
1424 1806
1806 2352
1806 2024
1806 2355
1806 2351
1806 2317
1806 557
1033 645
1076 645
1146 645
915 645
2431 645
2432 645
1984 645
75 645
645 1076
645 1033
645 915
645 1146
645 2431
645 2432
645 1984
645 75
645 885
885 545
2507 545
632 545
889 545
1424 545
2512 545
545 889
545 2507
545 1990
2535 1361
922 1361
2538 1361
2290 1361
1942 1361
175 1361
51 1361
1946 1361
534 1361
1361 1942
1361 51
1361 2535
1361 534
1361 922
1361 2538
1361 2290
1361 175
1361 1946
1082 1027
729 1027
2576 1027
770 1027
1027 729
1027 1082
1027 2576
711 626
865 626
1407 626
1513 626
122 626
626 865
626 702
626 711
626 1513
626 122
626 885
1160 915
551 915
561 915
51 915
1743 915
651 915
2585 915
2151 915
945 915
690 915
915 1160
915 551
915 561
915 945
915 1743
915 651
915 2585
915 2151
155 572
2587 572
546 572
770 572
61 572
711 572
1960 572
572 1513
572 155
572 2587
572 61
572 2590
572 711
572 546
572 1004
572 1082
572 885
572 1960
1179 1702
1702 1179
1702 2591
1702 2593
1702 2441
1702 1796
1702 2597
1702 702
1973 770
226 770
313 770
2607 770
770 226
770 313
770 1973
770 2607
770 1079
770 702
1750 1179
2131 1179
591 1179
1179 2131
1179 591
1179 1966
128 1447
561 1447
2681 1447
1686 1447
1447 561
1447 1686
1188 534
2697 534
2698 534
830 534
790 534
1992 534
561 534
534 2698
534 830
534 1188
534 790
534 2697
534 1992
534 561
2705 561
2461 561
2707 561
2709 561
2698 561
75 561
690 561
561 2461
561 2707
561 2705
561 2709
561 2698
561 75
768 51
1033 51
615 51
175 51
1424 51
51 768
51 1033
51 1326
51 175
1008 729
95 729
513 729
729 1008
729 95
729 513
729 1231
2208 1973
2054 1973
557 1973
2782 1973
1973 2784
1973 2208
1973 2785
1973 2787
1973 2788
1973 1984
1973 667
1973 1995
1973 1818
1973 903
1973 2461
1973 1972
1973 395
1973 2054
1973 1977
1973 2782
1973 2807
1973 557
175 889
889 175
1133 1160
1148 1160
2838 684
684 2838
1180 2000
2855 2000
1241 2000
273 2000
2352 2000
2000 2855
2000 1180
2000 1241
2000 273
2000 2352
2000 885
2859 2347
1364 2347
2860 2347
2347 1364
2347 2859
2347 2860
690 175
175 690
175 2622
175 885
75 546
546 75
2948 1513
1424 1513
1146 1513
1513 1146
1513 2948
3029 930
2449 930
2377 930
3034 930
930 3029
930 2449
930 2377
930 3034
632 591
557 591
1863 591
591 632
591 1863
591 557
2899 2897
2897 2899
155 1877
1899 1877
1424 1877
2072 1877
1877 2072
360 1492
3080 1492
651 1492
3083 1492
690 1492
1492 3080
1492 1868
1492 651
1492 360
1492 3083
1370 3092
3096 3092
3098 3092
644 3092
3092 1370
3092 3096
3092 3098
3092 644
513 155
632 155
155 513
155 632
155 885
3130 15
1407 15
2161 15
135 15
15 3130
15 1407
15 635
15 2161
15 135
566 557
907 557
557 566
557 907
557 1536
2013 1049
1049 2013
1120 423
1522 423
23 423
423 1120
423 1522
423 23
3194 23
61 23
1522 23
1099 23
41 23
23 3194
23 61
23 1522
23 1099
23 41
3199 971
151 971
971 3199
971 151
1111 1326
644 1326
2191 1326
477 1407
1675 1407
1407 477
1407 1675
1407 885
69 885
1269 1920
1920 1269
1990 533
533 1990
940 922
922 940
1439 2377
690 2377
2377 1439
768 885
1133 1231
1199 1231
2873 947
2208 947
947 2873
947 2208
360 944
1942 944
944 360
944 1942
690 865
41 752
3326 752
1567 752
3327 752
752 41
752 3326
752 1567
752 3327
2632 1030
1956 1030
1030 1956
1675 1241
1241 1675
1008 95
2073 95
95 1008
95 2073
95 702
1103 1323
1323 1103
524 2502
2502 524
3351 3266
3267 3266
3266 3351
3266 3275
3266 3267
1896 1870
690 1870
1870 1896
869 1146
690 1146
1146 869
1146 690
1120 440
1942 2873
2873 1942
1942 1684
2191 1684
1684 1942
1684 2191
2860 615
2958 615
615 2860
615 2958
3267 3351
3267 3275
524 885
1913 1008
1008 1913
1008 702
3127 2151
1370 3439
1366 3439
3343 3439
644 3439
3439 1370
3439 1366
3439 3343
3439 644
2498 1188
106 1188
1188 106
1188 2498
2191 931
931 2191
1370 3342
1832 2705
3083 2705
2705 1832
2705 3083
3479 2346
2346 3479
2346 2404
3281 2662
3199 2053
1485 2053
2053 3199
2053 1485
3482 2521
3485 2521
2521 3482
2521 3485
690 1196
1196 690
1033 1675
690 1675
1675 1033
3121 381
381 3121
3502 1896
2564 1896
1896 3502
1896 2564
3508 2404
2404 3508
2859 1364
1551 1099
1033 1099
1522 1099
1099 1033
1099 1522
1099 1551
3514 2928
1424 2928
2928 3514
2928 1424
2996 2311
2311 2996
1899 1033
1424 1033
1033 1899
1033 885
1424 2597
1424 1810
1424 702
702 945
945 702
765 804
804 765
1282 3129
3021 1832
1832 3021
3587 1631
1631 3587
1526 1291
1155 1291
1291 1526
3601 924
924 3601
2023 1658
3038 1077
3197 1727
1727 3197
41 163
163 41
1103 1077
3625 1077
974 3633
1990 3660
2394 310
310 2394
1103 1606
1606 1103
194 868
868 194
194 2394
2394 194
2739 3091
3091 2739
3679 2154
3699 1437
1437 3699
2824 440
3707 3111
3111 3707
2033 2642
2642 2033
3083 3034
3034 3083
2905 3762
2049 906
906 2049
1269 690
690 703
690 3775
690 1169
690 3083
690 1269
