% asym unweighted
1 2
1 3
1 6
1 10
1 14
89 3
89 79
89 90
89 27
89 6
89 92
89 93
95 3
95 79
95 96
95 97
95 90
95 24
95 27
95 6
95 103
95 105
95 93
95 107
95 110
95 47
95 111
95 112
95 113
95 121
95 123
95 55
2 3
2 184
2 24
2 27
2 34
2 187
2 10
2 143
2 46
2 113
2 190
231 3
231 163
232 233
258 3
258 235
258 90
258 25
258 27
258 261
258 6
258 187
258 103
258 93
258 244
258 107
258 246
258 14
258 112
258 219
258 222
3 95
3 2
3 235
3 165
3 96
3 90
3 24
3 133
3 25
3 27
3 151
3 241
3 6
3 205
3 34
3 103
3 105
3 81
3 93
3 107
3 41
3 110
3 143
3 46
3 144
3 47
3 14
3 111
3 112
3 266
267 95
267 2
267 3
267 235
267 165
267 96
267 90
267 24
267 133
267 25
267 27
267 151
267 241
267 6
267 205
267 34
267 103
267 105
267 81
267 93
267 107
267 41
267 110
267 143
267 46
267 144
267 47
267 14
267 111
267 112
267 266
271 163
272 273
274 1
274 3
274 24
274 133
274 6
274 103
274 93
280 235
280 192
280 244
280 246
79 89
79 2
79 3
79 165
79 170
79 96
79 90
79 24
79 27
79 151
79 75
79 283
79 241
79 6
79 140
79 103
79 243
79 244
79 107
79 246
79 39
79 46
79 14
79 111
79 112
79 266
288 79
288 289
288 39
235 89
235 258
235 3
235 79
235 192
235 184
235 90
235 25
235 27
235 75
235 292
235 103
235 81
235 243
235 293
235 93
235 244
235 246
235 110
235 143
235 46
235 47
235 14
235 111
235 55
236 163
299 45
304 305
304 111
165 2
165 3
165 79
165 96
165 121
319 163
289 2
289 3
289 288
289 235
289 170
289 90
289 24
289 75
289 6
289 103
289 93
289 107
289 324
289 112
289 222
330 184
330 307
330 293
330 107
333 6
333 334
170 75
170 113
342 2
342 3
342 24
342 75
342 6
342 344
342 41
342 143
342 113
342 84
96 89
96 95
96 3
96 79
96 165
96 90
96 27
96 151
96 241
96 6
96 292
96 140
96 205
96 103
96 105
96 81
96 244
96 107
96 245
96 41
96 110
96 47
96 14
96 111
96 112
96 266
97 95
97 3
97 310
97 348
97 219
97 303
97 148
97 84
97 351
97 168
97 123
97 55
97 222
362 3
362 14
363 163
365 90
365 6
365 266
365 113
365 367
365 55
90 258
90 3
90 289
90 6
90 103
90 81
90 310
90 68
90 111
90 219
90 367
90 84
90 168
90 123
90 222
393 3
393 235
393 165
393 97
393 27
393 6
393 41
393 266
393 394
393 121
133 3
133 24
133 27
133 6
133 243
133 39
133 10
133 144
396 3
396 170
25 3
405 3
405 407
405 34
405 55
201 3
201 414
201 6
201 140
201 105
201 14
201 145
201 147
27 89
27 95
27 3
27 79
27 96
27 90
27 24
27 151
27 75
27 241
27 205
27 103
27 105
27 244
27 107
27 66
27 41
27 110
27 143
27 46
27 144
27 47
27 14
27 111
27 112
27 113
27 425
135 258
135 3
135 79
135 184
135 27
135 65
135 243
135 413
135 310
135 45
135 10
431 1
431 3
431 235
431 246
431 379
438 14
438 163
151 89
151 2
151 3
151 79
151 165
151 184
151 96
151 90
151 27
151 6
151 383
151 140
151 34
151 103
151 105
151 81
151 243
151 244
151 107
151 66
151 39
151 45
151 68
151 110
151 209
151 143
151 46
151 144
151 47
151 14
151 111
151 250
151 145
151 112
151 266
444 445
444 55
261 3
261 170
261 75
261 6
261 66
261 246
261 14
261 266
75 3
75 170
75 261
75 6
75 66
75 246
75 14
75 266
455 2
461 3
461 90
461 133
461 25
461 6
461 103
461 105
461 107
461 246
461 39
461 10
461 110
461 112
461 113
461 219
461 121
461 168
461 55
465 163
480 481
283 2
283 3
283 27
283 68
283 436
283 484
283 485
283 487
490 1
490 3
490 184
490 96
490 90
490 24
490 405
490 438
490 6
490 103
490 105
490 243
490 10
490 14
62 495
499 3
499 133
502 3
382 3
382 27
382 6
382 143
414 2
414 3
414 25
414 201
414 27
414 205
414 163
241 2
241 3
241 79
241 235
241 165
241 170
241 25
241 27
241 431
241 75
241 6
241 233
241 103
241 10
241 46
241 14
241 112
241 121
513 3
513 90
513 6
513 103
513 93
513 310
513 246
513 303
513 84
513 121
513 168
513 516
513 123
513 518
513 519
513 55
407 3
407 79
407 405
407 144
526 3
526 6
526 39
526 143
526 113
526 379
526 148
411 307
411 241
411 205
411 244
411 68
411 14
411 266
6 3
6 112
6 394
6 121
292 3
292 235
292 96
292 90
292 24
292 27
292 241
292 6
292 103
292 10
292 143
292 144
292 175
292 112
530 113
531 97
531 205
531 47
383 3
543 2
543 414
544 89
544 3
544 27
544 6
545 222
140 3
140 245
140 112
512 2
512 3
512 556
565 235
565 307
205 3
233 232
233 3
233 79
233 133
233 283
233 241
233 140
233 39
233 45
233 68
233 110
233 568
233 148
233 519
569 3
569 75
569 34
569 113
570 187
572 133
572 6
572 121
576 34
34 3
34 6
65 258
65 3
65 235
65 299
65 135
65 243
65 45
65 55
308 187
187 2
187 3
187 184
187 308
187 107
103 3
103 6
103 105
206 3
206 235
206 170
206 75
206 143
206 46
597 55
476 143
598 24
533 204
533 6
533 39
589 190
92 89
92 3
92 163
105 612
105 89
105 95
105 3
105 79
105 165
105 96
105 97
105 90
105 24
105 25
105 201
105 27
105 438
105 151
105 461
105 615
105 545
105 140
105 616
105 273
105 205
105 65
105 589
105 81
105 412
105 93
105 620
105 245
105 39
105 337
105 110
105 269
105 209
105 46
105 144
105 47
105 14
105 111
105 112
105 266
105 147
105 162
105 624
105 55
81 89
81 3
81 90
81 46
81 111
81 222
243 89
243 3
243 133
243 6
243 103
243 81
243 244
243 46
412 89
412 258
412 3
412 79
412 165
412 184
412 90
412 24
412 25
412 27
412 75
412 6
412 65
412 103
412 93
412 246
412 247
412 626
412 143
412 485
412 168
412 55
627 10
293 258
293 3
293 235
293 192
413 3
413 184
413 90
413 6
413 103
413 310
413 14
413 113
413 222
93 3
93 235
93 170
93 90
93 75
93 105
93 244
93 246
93 112
93 55
244 3
244 79
244 96
244 90
244 24
244 75
244 241
244 34
244 93
244 107
244 246
244 45
244 110
244 47
244 14
310 90
310 6
310 113
310 219
310 84
310 168
310 222
107 89
107 95
107 3
107 79
107 235
107 192
107 184
107 96
107 90
107 24
107 27
107 151
107 6
107 187
107 103
107 105
107 243
107 93
107 244
107 246
107 110
107 324
107 46
107 47
107 14
107 145
107 112
107 266
637 97
334 89
334 3
334 184
334 333
334 90
334 6
334 34
334 41
334 68
334 10
334 55
66 89
66 95
66 3
66 271
66 79
66 165
66 184
66 170
66 96
66 90
66 24
66 133
66 25
66 27
66 438
66 441
66 151
66 75
66 202
66 283
66 241
66 204
66 411
66 6
66 205
66 34
66 103
66 105
66 81
66 93
66 244
66 107
66 41
66 68
66 110
66 209
66 143
66 46
66 144
66 47
66 14
66 111
66 112
66 266
66 519
344 3
344 184
344 310
344 113
344 302
344 485
344 168
344 584
344 654
245 184
245 6
245 14
658 379
246 93
246 659
246 379
440 75
337 3
337 90
337 24
337 25
337 27
337 6
337 105
337 93
337 246
337 68
337 338
337 669
337 219
337 163
337 584
337 670
337 340
337 222
337 437
247 2
247 3
247 79
247 90
247 24
247 27
247 6
247 41
247 10
247 519
41 89
41 2
41 3
41 79
41 96
41 90
41 393
41 24
41 27
41 6
41 292
41 247
41 626
41 46
41 121
41 55
626 3
626 41
626 46
626 113
45 244
432 3
432 27
432 441
432 6
432 41
432 110
432 46
432 14
432 266
68 232
68 184
68 96
68 27
68 151
68 283
68 411
68 6
68 233
68 243
68 334
68 39
68 337
68 250
68 348
68 394
68 121
68 190
10 2
10 3
10 133
10 27
10 143
10 678
110 27
110 144
110 47
497 170
497 97
497 25
497 112
497 113
269 24
269 105
269 143
269 163
269 55
209 89
209 3
209 27
209 151
209 383
209 45
209 46
209 144
209 112
686 133
686 10
687 55
693 143
579 258
579 3
579 79
579 165
579 184
579 96
579 90
579 24
579 25
579 27
579 151
579 75
579 241
579 6
579 205
579 34
579 187
579 103
579 81
579 93
579 244
579 310
579 39
579 41
579 110
579 46
579 47
579 14
579 111
579 112
579 266
579 219
324 89
324 3
324 289
324 90
324 24
324 27
324 75
324 6
324 205
324 103
324 107
324 112
324 219
324 394
46 89
46 3
46 6
46 34
46 243
144 2
144 3
144 79
144 165
144 24
144 68
144 143
47 24
47 143
47 144
402 363
402 705
402 75
402 706
402 148
14 3
14 79
14 235
14 184
14 24
14 27
14 75
14 241
14 6
14 103
14 243
14 244
14 107
14 66
14 46
14 112
14 266
568 205
568 144
111 89
111 95
111 3
111 79
111 96
111 90
111 27
111 151
111 241
111 6
111 105
111 81
111 93
111 310
111 110
111 47
111 112
111 113
111 219
111 582
111 84
111 123
111 55
111 222
434 3
713 3
713 10
250 3
250 165
250 96
250 27
250 151
250 383
250 107
250 45
250 68
250 10
250 209
250 143
250 46
250 112
250 163
250 55
716 192
716 143
716 113
145 89
145 2
145 3
145 79
145 184
145 90
145 24
145 133
145 201
145 151
145 75
145 241
145 204
145 6
145 140
145 103
145 533
145 105
145 244
145 107
145 245
145 41
145 110
145 143
145 46
145 47
145 266
719 14
720 192
54 55
659 246
175 292
175 10
175 113
175 222
112 95
112 2
112 3
112 79
112 96
112 27
112 151
112 6
112 103
112 81
112 93
112 244
112 107
112 110
112 14
112 111
266 3
266 27
266 75
266 6
266 14
266 112
266 219
266 121
147 2
147 3
147 24
147 201
147 27
147 6
147 140
147 47
729 233
730 184
730 97
730 307
730 302
624 3
624 165
624 96
624 90
624 24
624 27
624 103
624 105
624 81
624 10
624 113
436 89
436 283
436 485
436 762
436 654
436 765
780 302
780 774
836 302
688 97
688 113
688 348
688 220
688 163
688 582
688 168
688 774
688 155
688 55
877 425
877 678
877 771
877 445
877 55
878 192
808 445
808 582
808 55
338 93
338 310
338 337
338 436
338 113
338 348
338 425
338 769
338 219
338 303
338 582
338 485
338 84
338 121
338 168
338 516
338 584
338 155
338 519
338 55
338 222
425 310
425 148
425 84
425 123
425 222
905 302
669 337
669 302
669 907
908 97
908 310
908 302
908 55
915 97
915 310
915 425
810 551
810 678
810 667
810 485
810 394
810 852
919 302
920 678
920 123
920 55
811 808
811 302
811 630
811 678
811 445
811 667
811 883
811 582
811 762
811 168
811 487
811 828
811 670
811 518
811 55
942 310
942 113
942 348
942 219
942 303
942 163
942 771
942 445
942 582
942 84
942 121
942 774
942 518
942 519
942 55
942 222
302 780
302 836
302 348
302 808
302 945
302 669
302 908
302 810
302 919
302 811
302 951
302 760
302 953
302 769
302 796
302 866
302 957
302 630
302 303
302 858
302 855
302 964
302 379
302 966
302 163
302 678
302 784
302 968
302 886
302 667
302 970
302 484
302 933
302 815
302 429
302 977
302 979
302 934
302 583
302 986
302 799
302 762
302 820
302 992
302 994
302 121
302 747
302 895
302 1000
302 1001
302 654
302 907
302 1013
302 874
302 487
302 1018
302 1020
302 752
302 155
302 1026
302 852
302 1028
302 670
302 1029
302 495
302 765
302 1030
302 831
302 844
302 757
302 887
302 1037
302 1038
302 1040
302 1045
302 1046
674 3
674 113
674 121
812 551
812 303
812 445
812 121
812 487
812 55
760 487
760 55
953 302
953 630
953 762
953 765
953 55
769 302
769 168
551 97
551 310
551 113
551 348
551 425
551 302
551 812
551 929
551 219
551 303
551 909
551 535
551 148
551 485
551 933
551 121
551 747
551 516
551 464
551 1070
866 445
866 55
957 445
957 883
957 582
928 886
928 445
928 582
928 394
928 55
929 425
929 551
929 678
929 445
929 582
929 933
929 121
929 168
929 774
929 765
929 518
929 519
929 55
929 222
1077 163
882 302
1072 283
1072 436
1072 551
1072 367
1072 485
1072 933
1072 487
1072 519
1080 302
219 97
219 90
219 310
219 113
219 84
219 121
219 168
219 222
303 310
303 302
303 551
909 6
909 436
909 760
909 551
909 445
909 667
909 121
909 519
909 55
909 222
858 302
858 866
858 445
858 583
858 55
1088 351
535 103
535 425
535 810
535 769
535 551
535 630
535 303
535 220
535 163
535 784
535 367
535 582
535 84
535 584
535 774
535 123
535 519
535 55
964 425
964 302
964 583
964 762
379 246
379 436
379 302
379 769
379 219
379 163
379 678
379 813
379 799
379 168
379 774
379 752
379 519
220 348
220 168
220 765
220 518
966 302
678 436
678 945
678 669
678 908
678 920
678 811
678 302
678 866
678 929
678 303
678 220
678 163
678 784
678 771
678 538
678 992
678 168
678 895
678 748
678 584
678 1074
678 752
678 939
678 155
678 852
678 765
678 844
678 55
678 1095
784 436
784 302
784 909
784 379
784 163
784 678
784 771
784 445
784 148
784 538
784 351
784 762
784 516
784 487
784 852
784 55
771 425
771 678
771 121
771 222
968 302
886 445
886 55
445 444
445 877
445 348
445 808
445 920
445 811
445 942
445 812
445 796
445 866
445 957
445 928
445 630
445 929
445 909
445 858
445 855
445 220
445 163
445 678
445 784
445 886
445 970
445 582
445 484
445 814
445 1102
445 429
445 583
445 762
445 1104
445 168
445 747
445 1000
445 748
445 1001
445 1074
445 1106
445 874
445 1020
445 939
445 1026
445 828
445 670
445 831
445 1038
445 941
367 2
367 303
367 485
667 302
667 168
883 811
883 760
883 957
883 928
883 820
883 874
883 939
883 1046
970 302
970 163
970 784
970 445
970 667
970 582
970 844
970 55
148 39
148 351
1117 1072
1117 303
1117 220
1117 445
1117 394
1117 55
582 302
582 445
582 121
582 1000
484 2
484 283
484 6
484 436
484 113
484 348
484 425
484 302
484 630
484 855
484 445
484 582
484 485
484 394
484 762
484 121
484 168
484 584
484 123
484 765
484 1085
485 283
485 436
485 303
485 367
485 582
485 538
485 121
485 168
485 516
485 487
485 852
933 436
933 348
933 551
933 784
933 487
933 519
933 222
742 338
742 302
742 551
742 582
742 121
742 518
742 55
814 667
814 168
814 487
814 55
84 97
84 90
84 310
84 113
84 425
84 769
84 219
84 303
84 121
84 168
84 123
84 519
84 55
84 222
1102 445
1102 582
1102 55
815 302
815 394
1130 163
744 762
744 1091
744 1106
1132 121
429 3
429 302
429 445
429 168
977 302
977 667
538 303
538 379
538 678
538 762
538 168
538 895
538 487
934 436
1134 1057
1134 220
1134 784
1134 495
1134 765
1134 55
583 302
583 855
583 1057
583 964
583 445
583 487
583 55
986 302
1147 113
1147 121
799 769
799 855
799 784
799 667
799 148
799 168
799 487
762 302
762 445
762 667
762 933
762 168
762 55
820 688
820 302
820 1057
820 445
820 667
820 934
992 246
992 113
992 425
992 302
992 379
992 220
992 678
992 771
992 582
992 485
992 1149
992 584
992 852
992 222
994 302
1104 920
1104 844
1104 55
121 113
121 222
168 97
168 90
168 310
168 113
168 348
168 425
168 769
168 219
168 303
168 220
168 582
168 485
168 84
168 538
168 584
168 155
168 518
168 222
1163 551
1163 933
1163 351
747 113
747 425
747 302
747 551
747 163
747 445
747 148
747 351
747 121
747 168
747 895
747 487
747 155
747 1037
747 55
747 222
1164 113
1164 886
1164 148
895 436
895 302
895 303
895 678
895 538
895 762
895 487
1000 771
748 302
748 769
748 379
748 678
748 445
748 582
748 844
516 97
516 436
516 338
516 303
516 784
516 762
516 121
516 168
516 518
516 222
1001 302
1001 445
1001 582
1170 551
1170 866
1170 55
1172 667
1172 55
464 886
1058 111
1058 436
1058 220
1058 445
1058 84
1058 123
1052 113
1052 425
1052 121
1052 774
1052 222
584 308
584 302
584 678
584 168
584 123
1074 113
1074 678
1074 445
1074 55
1187 97
654 283
654 436
654 348
654 302
654 1072
654 303
654 485
654 121
654 487
654 518
907 302
907 667
1013 302
1013 394
1013 584
1106 808
1106 630
1106 445
1106 1091
1106 55
1191 310
1191 113
1191 302
1191 769
1191 630
1191 667
1191 762
1191 121
1191 584
1191 55
1191 222
1070 551
1195 113
874 865
874 669
874 919
874 302
874 1197
874 951
874 866
874 630
874 855
874 163
874 678
874 445
874 584
874 774
874 487
874 55
123 95
123 97
123 90
123 113
123 425
123 769
123 303
123 535
123 220
123 484
123 84
123 121
123 519
123 55
123 222
487 283
487 6
487 302
487 303
487 784
487 667
487 485
487 933
487 538
487 168
487 654
487 518
1018 348
1018 302
1018 303
1018 485
1018 394
1018 121
1018 168
1018 222
1020 425
1020 302
1020 535
1020 445
1020 584
1020 123
1201 379
752 113
752 348
752 302
752 379
752 678
752 485
752 121
752 55
1203 121
939 302
939 678
939 445
939 667
939 584
939 55
155 90
155 113
155 669
155 302
155 630
155 678
155 762
155 121
155 168
155 584
155 907
155 55
155 222
826 808
826 920
826 858
826 678
826 445
826 582
826 934
826 1205
826 830
826 55
1205 855
1205 941
1026 302
1026 551
1026 667
828 811
828 678
828 445
828 168
828 487
828 55
852 436
852 810
852 769
852 678
852 784
852 771
852 582
852 762
852 1149
852 765
1028 348
1028 302
1028 667
1028 121
670 302
670 551
670 445
670 667
670 351
1029 55
495 3
495 6
495 436
495 302
495 667
495 121
495 584
495 765
875 425
875 582
765 348
765 812
765 367
830 769
830 630
830 445
830 774
830 826
830 844
1179 65
1179 855
1030 302
831 302
831 551
831 163
831 445
831 1117
831 487
831 55
863 113
863 425
863 219
863 222
844 348
844 669
844 302
844 630
844 303
844 855
844 163
844 678
844 771
844 148
844 582
844 1102
844 538
844 351
844 1104
844 748
844 464
844 1026
844 765
844 876
1215 310
1215 246
1215 951
1215 769
1215 551
1215 219
1215 855
1215 148
1215 582
1215 394
1215 121
1215 168
1215 123
1215 155
1215 340
1215 222
757 302
757 667
519 97
519 113
519 348
519 425
519 551
519 220
519 771
519 84
519 121
519 516
519 123
887 302
887 163
887 584
887 1018
887 222
55 97
55 436
55 302
55 351
55 121
1038 113
1038 302
1038 379
1038 445
1038 582
1038 394
1038 121
803 113
803 757
1095 769
1095 678
1095 222
876 844
222 310
222 113
222 219
222 582
222 84
222 121
222 155
1146 27
1146 140
1146 269
1146 367
1146 394
1146 487
1146 765
1146 55
437 337
437 10
1045 302
1045 630
1046 302
941 964
941 445
941 582
941 55
