1 9
1 10
1 14
17 1
17 20
17 23
17 28
17 29
17 30
17 32
17 34
17 9
17 39
17 40
17 45
17 47
17 14
56 57
156 76
20 199
20 23
20 200
20 201
20 30
20 140
20 207
20 208
20 108
20 39
20 69
20 71
20 143
20 47
223 39
225 226
227 228
227 229
212 230
59 212
59 165
59 237
59 23
59 240
59 30
59 241
59 32
59 152
59 102
59 105
59 106
59 9
59 244
59 107
59 215
59 246
59 159
59 40
59 109
59 45
59 110
59 69
59 143
59 249
59 217
59 47
59 14
59 250
252 105
252 66
252 253
255 186
199 39
267 212
267 165
267 96
267 23
267 133
267 200
267 98
267 240
267 241
267 32
267 152
267 34
267 105
267 106
267 265
267 9
267 107
267 108
267 40
267 109
267 110
267 154
267 193
267 69
267 143
267 47
267 14
267 266
288 212
288 265
288 39
288 76
281 306
281 131
281 97
281 28
281 240
281 32
281 108
281 40
281 154
281 69
314 76
314 113
165 96
165 152
165 265
165 108
165 40
165 109
165 154
165 189
165 117
165 177
165 121
282 165
282 96
282 23
282 136
282 284
282 108
282 40
282 109
282 154
282 76
319 108
319 163
131 1
131 336
131 240
131 262
131 246
131 113
131 338
131 339
131 121
342 186
342 28
342 30
342 143
342 76
342 113
342 189
96 212
96 165
96 282
96 23
96 200
96 98
96 241
96 140
96 32
96 152
96 102
96 105
96 106
96 9
96 244
96 107
96 108
96 40
96 109
96 110
96 154
96 193
96 69
96 346
96 47
96 14
96 266
96 76
97 9
97 349
97 350
97 117
97 119
97 120
97 168
97 126
237 108
237 246
237 14
237 361
369 371
326 165
326 96
326 23
326 241
326 32
326 40
326 109
326 10
326 110
326 193
326 143
326 47
326 76
374 240
374 14
377 30
378 32
378 233
378 105
378 14
23 20
23 212
23 165
23 282
23 96
23 381
23 326
23 380
23 200
23 136
23 30
23 137
23 241
23 383
23 140
23 32
23 233
23 102
23 207
23 106
23 265
23 9
23 294
23 244
23 107
23 108
23 40
23 109
23 45
23 10
23 110
23 154
23 193
23 69
23 71
23 143
23 47
23 14
23 76
23 113
386 186
386 30
386 387
393 165
393 97
393 9
393 154
393 266
393 394
393 177
393 121
133 212
133 98
133 265
133 39
133 10
133 189
396 131
397 398
399 212
399 186
399 400
399 403
405 30
405 406
405 34
405 108
405 215
405 40
405 217
200 20
200 96
200 105
200 412
200 413
200 108
200 66
200 193
200 76
200 189
200 121
201 20
201 406
201 137
201 140
201 32
201 207
201 415
201 105
201 215
201 416
201 14
201 147
186 130
422 281
422 136
422 10
422 14
422 266
422 163
135 20
135 59
135 23
135 136
135 32
135 413
135 108
135 45
135 10
135 69
135 249
135 76
428 163
98 96
98 102
98 284
98 106
98 108
98 40
98 76
431 1
431 240
431 102
431 246
431 76
28 281
28 131
28 97
28 107
28 108
28 40
28 76
28 113
28 117
28 446
447 136
447 40
447 76
459 212
459 59
459 288
459 165
459 98
459 102
459 284
459 262
459 108
459 109
459 10
459 154
459 69
459 71
459 14
461 133
461 30
461 105
461 107
461 246
461 39
461 10
461 110
461 69
461 71
461 113
461 121
461 168
461 462
240 467
240 284
240 9
240 244
240 107
240 108
240 246
240 69
240 249
240 14
29 17
29 212
29 130
29 97
29 470
29 34
29 472
29 9
29 40
29 45
29 71
29 143
29 47
29 14
29 76
406 1
406 96
406 405
406 336
406 284
406 207
406 197
406 105
406 265
406 108
406 109
406 10
406 154
406 14
137 131
137 136
137 30
137 400
137 491
137 32
137 34
137 9
137 107
137 108
137 246
137 69
137 249
137 47
137 493
137 57
494 265
498 130
498 32
498 143
241 165
241 131
241 23
241 431
241 136
241 32
241 233
241 102
241 284
241 262
241 197
241 9
241 108
241 40
241 10
241 69
241 249
241 14
241 76
241 121
508 32
508 262
508 197
522 398
522 76
522 113
523 30
523 197
467 76
467 163
531 97
531 47
383 23
383 109
140 20
140 9
550 551
557 558
557 159
557 45
557 535
32 212
32 59
32 130
32 131
32 23
32 200
32 186
32 98
32 240
32 136
32 30
32 241
32 383
32 152
32 34
32 102
32 284
32 207
32 262
32 105
32 106
32 9
32 244
32 107
32 108
32 39
32 40
32 562
32 109
32 110
32 154
32 69
32 143
32 249
32 47
32 14
32 266
566 163
566 126
152 265
152 108
233 225
233 378
233 380
233 23
233 133
233 241
233 140
233 108
233 39
233 40
233 45
233 110
233 217
233 568
233 57
233 115
233 537
233 519
569 186
569 136
569 34
569 9
569 76
569 113
573 186
574 39
585 163
586 9
586 113
586 587
586 446
586 588
586 126
34 186
102 212
102 96
102 98
102 241
102 152
102 106
102 9
102 244
102 40
102 109
102 193
102 76
102 350
284 212
598 130
598 186
598 32
398 397
398 522
398 230
398 262
398 197
398 108
398 76
398 113
398 119
599 76
472 30
472 406
472 246
207 186
207 32
207 40
208 20
415 40
415 14
197 136
197 284
197 113
105 20
105 59
105 252
105 613
105 315
105 165
105 96
105 97
105 369
105 378
105 200
105 201
105 461
105 406
105 137
105 615
105 140
105 32
105 566
105 152
105 284
105 207
105 589
105 106
105 618
105 412
105 9
105 108
105 619
105 621
105 39
105 505
105 109
105 110
105 154
105 193
105 69
105 622
105 253
105 249
105 47
105 14
105 174
105 266
105 147
105 162
105 625
105 119
106 96
106 23
106 98
106 28
106 241
106 32
106 102
106 197
106 265
106 9
106 107
106 108
106 40
106 109
106 69
106 71
106 47
106 14
106 266
106 76
265 288
265 165
265 23
265 30
265 241
265 32
265 152
265 9
265 244
265 108
265 40
265 109
265 154
265 193
265 69
265 266
265 189
265 177
412 212
412 165
412 131
412 23
412 200
412 136
412 106
412 265
412 9
412 108
412 246
412 534
412 626
412 109
412 154
412 69
412 143
412 76
412 168
413 200
413 240
413 294
413 108
413 534
413 40
413 14
413 113
413 349
413 189
413 632
142 212
142 240
142 47
9 97
9 40
294 369
294 23
294 240
294 413
294 244
294 108
294 159
294 40
294 69
294 47
294 113
294 121
244 130
244 131
244 96
244 23
244 30
244 241
244 32
244 34
244 107
244 246
244 40
244 109
244 45
244 110
244 69
244 47
244 14
107 212
107 131
107 96
107 23
107 28
107 240
107 136
107 30
107 532
107 32
107 102
107 284
107 105
107 9
107 244
107 108
107 246
107 40
107 109
107 110
107 69
107 324
107 217
107 47
107 14
107 266
107 76
108 165
108 96
108 381
108 23
108 136
108 152
108 284
108 265
108 9
108 40
108 109
108 110
108 76
639 165
621 30
621 9
621 143
642 632
215 225
215 59
215 644
215 645
215 381
215 405
215 201
215 508
215 233
215 34
215 207
215 482
215 107
215 216
215 45
215 71
215 217
215 250
215 646
215 387
215 57
66 212
66 59
66 199
66 165
66 96
66 23
66 133
66 200
66 186
66 98
66 240
66 136
66 30
66 400
66 241
66 508
66 32
66 152
66 34
66 102
66 207
66 262
66 105
66 106
66 265
66 9
66 482
66 244
66 107
66 108
66 40
66 109
66 110
66 154
66 193
66 69
66 457
66 71
66 143
66 47
66 14
66 266
66 387
66 57
66 76
66 189
66 519
66 126
658 329
595 136
595 30
595 32
595 47
159 20
159 227
159 212
159 59
159 165
159 131
159 96
159 23
159 200
159 406
159 137
159 557
159 32
159 152
159 233
159 207
159 197
159 105
159 106
159 265
159 9
159 294
159 244
159 66
159 40
159 109
159 45
159 10
159 110
159 154
159 69
159 71
159 143
159 579
159 217
159 47
159 14
159 250
159 147
159 57
159 163
159 121
295 76
534 9
534 143
534 14
534 403
534 168
534 663
534 519
664 381
40 212
40 59
40 165
40 23
40 32
40 102
40 107
40 110
40 14
40 451
40 667
40 120
228 136
228 30
549 557
668 233
668 207
668 57
626 9
626 108
626 113
109 212
109 165
109 96
109 23
109 241
109 383
109 32
109 152
109 102
109 265
109 244
109 108
109 66
109 40
109 110
109 154
109 193
109 69
109 113
109 121
45 17
45 244
10 133
10 143
10 403
10 117
110 130
110 30
110 32
110 47
110 76
154 165
154 96
154 265
154 108
154 40
154 109
610 186
193 23
193 200
193 136
193 30
193 679
193 383
193 34
193 102
193 265
193 9
193 108
193 109
193 10
193 154
193 69
193 47
193 76
193 189
69 40
69 143
69 14
457 66
457 462
684 14
684 425
684 349
684 117
684 539
684 120
684 168
684 126
71 20
71 59
71 23
71 133
71 98
71 136
71 29
71 30
71 558
71 557
71 102
71 106
71 265
71 9
71 108
71 159
71 40
71 109
71 10
71 154
71 69
71 143
71 579
71 324
71 217
71 266
71 121
686 381
686 133
686 10
693 143
694 152
579 212
579 165
579 96
579 381
579 23
579 200
579 98
579 28
579 240
579 136
579 30
579 241
579 32
579 152
579 34
579 102
579 262
579 106
579 265
579 9
579 244
579 108
579 159
579 39
579 40
579 109
579 110
579 154
579 193
579 69
579 71
579 47
579 14
579 266
579 76
390 154
390 113
324 212
324 23
324 136
324 284
324 9
324 107
324 108
324 40
324 71
324 394
253 252
253 105
346 96
346 102
346 230
346 105
346 109
346 69
346 113
346 350
346 537
346 121
698 10
249 9
700 163
700 189
217 66
217 216
47 130
47 136
47 30
47 143
416 201
416 137
416 108
416 147
14 130
14 186
14 98
14 240
14 136
14 241
14 32
14 284
14 9
14 244
14 107
14 66
14 40
14 69
14 266
711 133
715 98
715 140
715 76
250 59
250 165
250 96
250 23
250 186
250 383
250 207
250 294
250 107
250 108
250 159
250 45
250 10
250 143
250 217
250 163
716 130
716 32
716 143
716 76
716 113
717 400
718 76
719 14
646 152
646 9
646 215
721 186
721 136
722 212
722 133
722 284
722 108
722 40
722 14
266 98
266 136
266 197
266 14
266 119
266 121
266 126
387 57
726 613
361 106
361 76
147 20
147 201
147 136
147 140
147 32
147 9
147 108
147 159
147 40
147 47
147 416
57 130
57 131
57 30
57 32
57 233
57 9
57 108
57 154
57 143
57 387
57 727
57 113
57 189
728 315
728 107
76 165
76 28
76 113
76 119
76 177
76 121
162 30
730 97
780 774
738 97
738 186
738 688
738 807
738 329
738 808
738 809
738 810
738 580
738 593
738 740
738 815
738 818
738 588
738 762
738 821
738 168
738 823
738 774
738 462
738 802
738 519
738 126
688 97
688 738
688 689
688 113
688 515
688 809
688 593
688 837
688 163
688 712
688 839
688 446
688 177
688 178
688 168
688 774
688 462
688 755
807 400
807 738
807 587
807 593
807 163
807 667
807 537
807 177
807 462
689 97
689 246
689 688
689 113
689 587
689 846
689 425
689 515
689 339
689 848
689 593
689 535
689 349
689 849
689 394
689 839
689 538
689 446
689 762
689 120
689 177
689 772
689 745
689 121
689 168
689 753
689 852
689 802
689 519
689 126
629 113
629 425
629 115
861 97
861 534
861 266
861 768
861 113
861 425
861 551
861 761
861 120
861 168
861 632
861 519
861 758
861 126
862 189
768 629
768 177
879 186
879 534
879 349
879 667
879 761
879 762
879 177
879 178
879 462
587 394
371 115
371 177
881 186
884 230
884 338
884 339
884 403
884 593
884 451
884 163
884 117
884 394
884 446
884 177
884 121
884 178
884 774
884 462
884 764
884 802
884 758
625 105
625 154
625 266
625 121
888 881
808 738
808 593
808 539
808 177
808 221
808 758
846 451
846 394
846 539
846 762
900 901
900 902
902 900
338 131
338 534
338 76
338 329
338 113
338 846
338 425
338 515
338 403
338 115
338 349
338 117
338 119
338 446
338 120
338 177
338 772
338 121
338 168
338 462
338 519
338 126
425 629
425 515
425 451
425 349
425 189
425 117
425 839
425 120
425 177
425 517
425 462
425 632
425 126
515 97
515 534
515 689
515 425
515 403
515 593
515 349
515 350
515 117
515 761
515 712
515 119
515 912
515 446
515 588
515 120
515 177
515 745
515 517
515 462
515 126
809 9
809 534
809 688
809 403
809 177
809 121
809 168
809 462
810 738
810 551
810 593
810 667
810 394
810 761
810 539
810 177
810 221
810 917
810 852
942 329
942 113
942 371
942 593
942 451
942 349
942 350
942 163
942 117
942 839
942 177
942 745
942 121
942 178
942 774
942 462
942 519
339 97
339 230
339 76
339 738
339 329
339 689
339 425
339 515
339 1047
339 551
339 929
339 593
339 349
339 899
339 117
339 933
339 761
339 712
339 839
339 912
339 446
339 120
339 177
339 178
339 168
339 748
339 774
339 907
339 462
339 764
339 794
339 802
339 519
339 1042
339 126
1047 403
1047 772
891 403
891 539
921 339
921 189
921 774
926 451
926 189
926 712
926 177
926 121
926 168
926 221
1053 462
403 593
403 189
403 117
403 539
403 177
1054 689
1054 113
1054 177
953 762
953 177
115 177
1065 189
1066 163
954 425
954 163
551 97
551 400
551 861
551 113
551 846
551 425
551 403
551 929
551 909
551 535
551 1068
551 117
551 933
551 539
551 1069
551 177
551 772
551 121
551 462
551 1024
551 1060
551 126
956 246
956 768
956 113
956 587
956 515
956 593
956 117
956 177
956 1050
956 852
956 755
956 758
1071 505
1071 113
957 846
957 883
927 97
927 400
927 689
927 879
927 587
927 846
927 425
927 515
927 339
927 403
927 1054
927 115
927 551
927 593
927 535
927 349
927 189
927 667
927 117
927 933
927 761
927 712
927 538
927 539
927 446
927 762
927 120
927 177
927 178
927 168
927 221
927 462
927 755
927 1060
927 758
927 126
580 738
580 403
580 593
580 883
580 839
580 539
580 982
580 177
580 178
580 462
580 753
929 186
929 689
929 425
929 339
929 403
929 551
929 117
929 933
929 761
929 743
929 712
929 839
929 120
929 177
929 121
929 168
929 221
929 774
929 462
929 519
929 126
1077 163
960 462
960 794
1056 329
1056 403
1056 115
1056 712
1056 177
1056 168
1056 462
848 688
848 689
848 515
848 593
848 451
848 349
848 177
593 688
593 329
593 689
593 113
593 425
593 515
593 339
593 349
593 394
593 761
593 446
593 177
593 178
593 168
593 462
593 519
593 758
593 126
1079 329
1079 689
1079 113
1079 846
1079 339
1079 403
1079 163
1079 899
1079 933
1079 121
1079 519
1079 779
740 97
740 186
740 9
740 159
740 76
740 738
740 329
740 113
740 338
740 425
740 403
740 115
740 349
740 350
740 189
740 117
740 712
740 119
740 839
740 446
740 121
740 755
740 126
930 403
930 189
930 117
930 539
930 982
930 177
930 221
581 97
581 403
581 115
605 97
605 534
605 40
605 249
605 780
605 329
605 113
605 846
605 338
605 425
605 515
605 403
605 451
605 349
605 350
605 117
605 761
605 743
605 119
605 538
605 539
605 762
605 120
605 177
605 772
605 121
605 178
605 168
605 774
605 654
605 462
605 1026
605 755
605 519
605 126
962 329
962 403
962 593
962 117
962 755
1086 425
1086 189
1086 117
1086 761
1086 539
1086 177
909 186
909 403
909 1054
909 551
909 667
909 712
909 177
909 121
909 755
909 519
909 779
451 846
451 349
451 837
451 392
1088 462
535 557
535 534
535 425
535 809
535 810
535 551
535 163
535 1068
535 189
535 536
535 899
535 117
535 537
535 761
535 839
535 539
535 982
535 177
535 178
535 517
535 774
535 462
535 753
535 632
535 802
535 519
535 758
535 1044
535 126
349 515
349 394
349 168
837 667
837 177
964 425
964 762
350 102
350 230
350 113
350 425
350 451
350 119
350 120
350 121
350 519
1090 97
1090 534
1090 593
966 186
1068 425
1068 551
1068 535
1068 163
1068 823
1068 462
1068 126
968 177
536 186
536 400
536 113
536 403
536 117
536 177
536 121
536 907
1098 113
1098 163
1098 121
886 177
1099 9
1099 329
1099 846
1099 425
1099 403
1099 551
1099 593
1099 451
1099 839
1099 446
1099 178
1099 462
1099 755
1099 758
1110 186
1110 400
1110 113
1110 846
1110 403
1110 593
1110 446
1110 762
1110 120
1110 177
667 539
667 168
883 957
883 580
883 229
883 221
883 874
883 764
883 939
899 403
899 593
899 539
899 177
970 163
970 667
970 177
970 753
1118 587
849 534
849 667
849 221
229 400
229 117
229 121
229 221
1121 846
1121 115
1121 899
1121 446
1121 772
1121 178
1121 462
1121 755
117 97
117 629
117 768
117 113
117 425
117 339
117 403
117 956
117 930
117 605
117 349
117 350
117 189
117 119
117 539
117 1103
117 446
117 177
117 992
117 772
117 121
117 168
117 999
117 751
117 462
117 852
117 632
117 757
117 1034
117 126
117 779
537 400
537 807
537 329
537 535
537 163
537 886
537 933
537 712
537 839
537 538
537 539
537 177
537 168
933 689
933 515
933 403
933 115
933 551
933 927
933 593
933 605
933 537
933 712
933 539
933 794
933 519
742 534
742 329
742 338
742 403
742 551
742 593
742 581
742 117
742 119
742 177
742 121
742 462
761 394
761 462
743 772
815 738
815 587
815 117
815 394
815 761
815 758
1127 266
1127 189
975 189
975 667
975 1128
975 794
712 534
712 339
712 115
712 933
712 177
712 772
712 168
744 846
744 451
744 837
744 1090
744 539
744 762
744 1106
744 758
1132 768
1132 350
1132 121
1132 755
1132 758
429 168
977 667
839 846
839 425
839 403
839 115
839 451
839 535
839 117
839 446
839 177
839 178
839 462
538 689
538 846
538 605
538 189
538 117
538 712
538 539
538 762
538 772
538 745
538 168
934 189
934 177
934 221
539 534
539 684
539 629
539 768
539 113
539 587
539 846
539 1135
539 515
539 810
539 339
539 403
539 580
539 930
539 535
539 349
539 667
539 883
539 117
539 394
539 743
539 712
539 538
539 446
539 762
539 177
539 989
539 906
539 745
539 121
539 178
539 168
539 999
539 221
539 462
539 1016
539 1136
539 764
539 1022
539 1026
539 852
539 755
539 802
539 1044
539 779
1103 97
1103 400
1103 629
1103 846
1103 425
1103 403
1103 551
1103 593
1103 451
1103 163
1103 117
1103 394
1103 712
1103 446
1103 120
1103 177
1103 772
1103 178
1103 751
1103 758
1103 126
1138 113
1138 1053
1138 712
1138 774
982 688
982 689
982 881
982 810
982 115
982 930
982 535
982 1090
982 539
982 984
982 270
982 987
982 177
982 121
982 1111
982 1106
982 764
982 1060
982 1039
1142 451
446 186
446 772
984 121
860 115
860 177
860 1111
860 751
860 758
818 738
818 581
818 189
818 667
675 1
675 17
675 377
675 396
675 201
675 186
675 98
675 671
675 491
675 558
675 557
675 472
675 207
675 197
675 106
675 9
675 107
675 562
675 45
675 10
675 416
675 14
675 147
675 76
270 97
270 534
270 780
270 329
270 689
270 629
270 768
270 846
270 338
270 425
270 339
270 403
270 115
270 551
270 593
270 581
270 451
270 349
270 350
270 667
270 117
270 933
270 761
270 226
270 712
270 839
270 539
270 446
270 120
270 177
270 178
270 168
270 501
270 462
270 764
270 753
270 519
270 1038
270 1146
270 126
987 400
987 846
987 667
987 538
987 757
988 121
762 738
762 846
762 403
762 115
762 189
762 667
762 117
762 933
762 539
762 177
762 168
762 999
762 462
762 126
120 97
120 9
120 629
120 113
120 425
120 339
120 451
120 119
120 121
120 519
120 758
120 126
177 186
177 629
177 403
177 115
177 117
177 933
177 761
177 539
177 121
177 779
1148 186
992 246
992 768
992 113
992 425
992 515
992 403
992 956
992 349
992 350
992 189
992 117
992 119
992 539
992 446
992 177
992 772
992 462
992 852
992 755
992 1035
992 1150
772 846
772 403
772 1054
772 115
772 551
772 117
772 121
772 126
745 425
745 515
745 593
745 349
745 117
745 839
745 538
745 539
745 121
745 178
745 126
1151 534
1151 768
1151 425
1151 403
1151 581
1151 605
1151 117
1151 743
1151 177
1151 121
1151 462
1152 163
1152 177
121 113
121 177
121 758
746 400
746 846
746 425
746 339
746 115
746 349
746 117
746 761
746 119
746 539
746 177
746 989
746 121
746 1058
746 774
746 462
746 755
746 519
746 758
746 1109
746 126
178 102
178 534
178 688
178 846
178 425
178 115
178 957
178 580
178 593
178 535
178 899
178 1121
178 539
178 1103
178 446
178 177
178 772
178 1111
178 1058
178 462
178 663
178 753
178 757
178 126
1158 1159
734 462
1111 113
1111 371
1111 808
1111 846
1111 425
1111 403
1111 451
1111 535
1111 350
1111 163
1111 117
1111 537
1111 762
1111 177
1111 178
1111 802
821 738
821 712
821 654
821 794
1128 212
1162 177
168 97
168 102
168 534
168 113
168 846
168 425
168 515
168 339
168 403
168 115
168 593
168 349
168 350
168 117
168 712
168 538
168 446
168 120
168 177
168 772
168 462
168 632
168 126
999 534
999 403
999 667
999 117
999 539
748 186
748 329
748 689
748 593
748 899
748 839
748 772
748 178
633 131
633 246
1002 629
1002 768
1002 338
1002 425
1002 403
1002 667
1002 117
1002 758
1003 689
1003 593
1003 581
1003 349
1003 163
1003 177
1003 746
1003 748
1003 751
1003 874
1003 1061
1170 400
1170 551
1170 189
1170 177
501 97
501 629
501 768
501 113
501 371
501 338
501 425
501 403
501 1054
501 115
501 593
501 581
501 349
501 189
501 117
501 761
501 712
501 446
501 270
501 177
501 772
501 121
501 168
501 517
501 462
501 794
501 392
501 758
501 126
501 779
1172 667
1172 177
1172 755
221 933
823 422
823 189
1058 451
1058 462
1176 806
517 425
751 97
751 329
751 768
751 338
751 515
751 403
751 593
751 189
751 117
751 394
751 539
751 177
1052 76
1052 113
1052 425
1052 403
1052 593
1052 117
1052 446
1052 121
1052 774
783 768
783 113
783 515
783 339
783 551
783 189
783 117
783 772
783 126
917 808
917 535
917 117
917 394
917 761
917 539
917 177
917 221
654 9
654 108
654 339
654 403
654 115
654 539
654 177
654 772
654 121
654 821
654 764
654 758
907 403
907 593
907 667
462 177
1050 186
1050 689
1050 879
1050 587
1050 339
1050 551
1050 163
1050 462
1050 519
1106 808
1106 982
663 534
663 957
663 189
663 177
663 178
663 757
874 689
874 865
874 515
874 1197
874 163
874 1003
874 823
874 774
1136 768
1136 403
1136 1054
1136 551
1136 121
764 371
764 115
764 933
764 270
764 654
1022 189
753 186
753 32
753 772
753 462
939 403
939 667
939 221
1024 329
1024 425
1024 403
1024 551
1024 189
1024 117
1024 761
1024 712
1024 177
1024 121
1024 168
1024 751
1024 758
1024 1044
1024 126
1026 186
1026 403
1026 551
1026 667
1026 462
852 515
852 810
852 403
852 956
852 349
852 117
852 539
852 446
852 762
852 177
852 462
852 802
1207 329
1207 587
1207 189
1207 886
1207 761
1207 539
1207 177
1207 907
632 97
632 102
632 230
632 108
632 534
632 76
632 113
632 425
632 593
632 349
632 350
632 117
632 119
632 446
632 177
632 121
632 168
632 126
754 371
754 115
754 537
754 177
754 121
754 178
754 764
755 1150
755 779
875 425
875 593
875 189
875 761
875 446
875 177
1213 535
1213 1068
863 329
863 768
863 113
863 425
863 593
863 177
863 758
1060 117
794 738
794 808
794 593
794 667
794 933
794 975
794 539
794 772
794 168
794 501
794 774
1168 186
1168 400
1168 837
1168 667
1168 117
1168 177
1168 772
1168 774
1168 462
392 534
392 113
392 846
392 451
392 1138
392 446
392 745
756 593
756 761
756 712
756 839
756 177
756 772
756 121
756 178
756 462
757 189
757 536
757 667
757 178
1034 117
1034 119
1034 178
1034 462
1034 939
1034 852
1035 113
1035 515
1035 403
1035 956
1035 973
1035 117
1035 912
1035 539
1035 177
1035 992
1035 1050
1035 852
1035 755
1035 1150
802 9
802 108
802 329
802 113
802 587
802 515
802 809
802 593
802 451
802 350
802 667
802 933
802 712
802 429
802 446
802 762
802 177
802 121
802 178
802 168
802 462
802 519
802 126
519 97
519 534
519 76
519 113
519 425
519 551
519 350
519 1068
519 899
519 117
519 120
519 121
519 462
1216 339
1216 189
1216 117
1216 539
1216 177
1216 774
1216 462
1216 1038
1038 768
1038 113
1038 394
1038 712
1038 119
1038 772
1038 121
1218 131
1218 97
1218 32
1218 102
1218 107
1218 76
1218 113
1218 339
1218 117
1218 119
1218 178
1218 462
1218 126
1039 186
1039 587
1039 339
1039 403
1039 394
1039 772
1107 425
1107 515
1107 403
1107 189
1107 117
1107 539
1107 177
1107 462
1220 930
1220 667
1220 177
1095 605
1095 743
1095 755
1095 392
758 462
1150 768
1150 515
1150 956
1150 973
1150 117
1150 992
1150 121
1150 852
1150 755
1150 1035
876 339
876 120
876 177
876 772
916 117
916 539
916 177
1041 772
1042 425
1042 339
1042 551
1042 117
1042 761
1042 177
1042 758
1146 140
1146 562
1146 69
1146 807
1146 189
1146 117
1146 394
1146 761
1146 177
1044 329
1044 629
1044 339
1044 761
1044 539
1044 762
1044 177
1044 1024
1044 802
1109 349
1109 117
1109 839
437 186
437 9
437 10
126 329
126 113
126 425
126 403
126 551
126 593
126 451
126 349
126 667
126 761
126 1103
126 168
779 97
779 689
779 629
779 425
779 339
779 403
779 115
779 551
779 1079
779 909
779 350
779 117
779 839
779 539
779 177
779 772
779 753
779 758
