% asym posweighted
1 2
1 3
1 4
1 5
1 6
1 7
1 8
1 9
1 10
1 11
1 12
2 1
2 8
2 13
2 14
2 15
2 16
2 17
2 18
2 19
2 20
2 21
2 22
2 23
2 24
2 25
2 26
2 27
2 28
2 29
2 30
2 31
2 32
2 33
2 34
2 35
2 36
2 37
2 38
2 39
3 1
3 5
3 8
3 9
3 14
3 15
3 40
3 41
3 42
3 43
3 16
3 18
3 44
3 45
3 46
3 47
3 48
3 19
3 49
3 50
3 51
3 52
3 53
3 54
3 27
3 55
3 56
3 57
3 58
3 59
3 60
3 61
3 62
3 63
3 64
3 65
3 66
3 67
3 68
3 69
3 70
3 71
3 72
3 73
3 74
3 75
3 76
3 77
3 78
3 79
3 80
3 81
3 82
3 83
3 84
3 85
3 86
3 87
3 88
3 36
3 89
3 12
3 90
3 91
3 92
3 93
3 94
3 95
3 96
3 97
3 98
3 99
3 100
3 101
4 1
4 6
4 8
4 9
4 102
4 14
4 103
4 104
4 105
4 106
4 107
4 108
4 42
4 109
4 110
4 44
4 111
4 112
4 113
4 114
4 47
4 19
4 115
4 21
4 50
4 51
4 116
4 54
4 117
4 55
4 58
4 59
4 63
4 64
4 65
4 66
4 72
4 75
4 76
4 80
4 81
4 82
4 84
4 88
4 118
4 37
4 119
4 120
4 121
4 122
4 95
4 98
5 1
5 3
5 9
5 10
5 103
5 123
5 124
5 105
5 125
5 126
5 127
5 43
5 128
5 129
5 110
5 18
5 45
5 111
5 113
5 48
5 20
5 21
5 49
5 52
5 130
5 54
5 117
5 131
5 55
5 58
5 59
5 63
5 64
5 65
5 66
5 72
5 75
5 76
5 132
5 80
5 81
5 82
5 84
5 133
5 118
5 37
5 119
5 120
5 90
5 91
5 92
5 121
5 95
5 97
6 1
6 4
6 9
6 10
6 13
6 102
6 14
6 134
6 103
6 135
6 136
6 137
6 26
6 12
7 1
7 8
7 134
7 138
7 139
7 104
7 140
7 141
7 142
7 143
7 144
7 145
7 146
7 106
7 126
7 135
7 16
7 147
7 17
7 148
7 149
7 150
7 112
7 151
7 48
7 137
7 152
7 153
7 21
7 49
7 154
7 50
7 30
7 117
7 12
7 155
8 1
8 2
8 3
8 4
8 7
8 10
8 105
8 107
8 135
8 156
8 147
8 110
8 111
8 112
8 48
8 153
8 28
8 11
9 1
9 3
9 4
9 5
9 6
9 103
9 157
9 42
9 109
9 43
9 20
9 137
9 21
9 158
9 36
9 37
9 90
9 121
9 38
9 159
10 1
10 5
10 6
10 8
10 160
10 126
10 42
10 43
10 137
10 152
10 21
10 50
10 36
10 37
10 121
10 161
10 162
13 2
13 6
13 134
13 103
13 20
13 23
13 25
13 163
13 30
13 31
13 32
13 35
13 164
102 4
102 6
102 14
102 134
102 103
102 165
102 109
102 166
102 137
102 52
102 117
14 2
14 3
14 4
14 6
14 102
14 103
14 15
14 40
14 41
14 42
14 43
14 18
14 167
14 44
14 112
14 114
14 168
14 50
14 24
14 116
14 130
14 54
14 27
14 28
14 29
14 169
14 117
14 32
14 55
14 56
14 57
14 58
14 59
14 60
14 61
14 62
14 63
14 64
14 65
14 66
14 67
14 68
14 69
14 70
14 71
14 72
14 73
14 74
14 170
14 75
14 76
14 132
14 77
14 78
14 79
14 80
14 81
14 82
14 83
14 84
14 85
14 86
14 36
14 89
14 12
14 90
14 171
14 95
14 97
14 98
14 39
14 172
14 100
14 173
14 101
14 174
14 175
134 6
134 7
134 13
134 102
134 103
134 138
134 141
134 142
134 143
134 144
134 145
134 146
134 127
134 135
134 42
134 109
134 136
134 147
134 17
134 148
134 149
134 150
134 166
134 20
134 137
134 51
134 24
134 176
134 117
134 32
134 12
134 155
103 4
103 5
103 6
103 9
103 13
103 102
103 14
103 134
103 124
103 127
103 165
103 135
103 156
103 128
103 148
103 129
103 44
103 111
103 51
103 52
103 26
103 169
103 11
103 36
123 5
123 15
123 177
123 124
123 178
123 40
123 41
123 179
123 138
123 160
123 139
123 180
123 135
123 111
123 122
15 2
15 3
15 14
15 123
15 178
15 179
15 147
15 18
15 113
15 47
15 22
15 51
15 23
15 24
15 116
15 52
15 130
15 176
15 39
177 123
177 124
177 178
177 179
177 138
177 125
177 181
177 182
177 127
177 136
124 5
124 103
124 123
124 177
124 138
124 142
124 143
124 145
124 183
124 42
124 128
124 16
124 147
124 17
124 148
124 129
178 123
178 15
178 177
178 40
178 179
178 144
178 135
178 108
178 136
178 184
178 166
40 3
40 14
40 123
40 178
40 104
40 107
40 108
40 109
40 185
40 128
40 147
40 17
40 148
40 46
40 53
40 28
40 169
40 155
40 186
41 3
41 14
41 123
41 104
41 187
41 126
41 188
41 189
41 107
41 185
41 190
41 128
41 147
41 17
41 148
41 149
41 191
41 167
41 115
41 53
41 98
179 123
179 15
179 177
179 178
179 180
179 192
179 181
179 165
179 188
179 193
179 135
179 136
179 128
179 19
179 24
138 7
138 134
138 123
138 177
138 124
138 125
138 143
138 182
138 144
138 146
138 106
138 127
138 107
138 185
138 148
138 110
138 111
138 112
138 155
138 194
160 10
160 123
160 182
160 146
160 107
160 42
160 39
139 7
139 123
139 191
139 114
139 195
139 155
180 123
180 179
180 182
180 196
180 183
180 197
180 136
104 4
104 7
104 40
104 41
104 198
104 199
104 140
104 105
104 187
104 200
104 141
104 142
104 157
104 201
104 202
104 203
104 135
104 111
104 194
198 104
198 154
198 51
198 204
198 11
198 205
199 104
199 140
199 105
199 187
199 200
199 142
199 181
199 182
199 106
199 112
140 7
140 104
140 199
140 187
140 200
140 202
140 196
140 183
140 126
140 135
140 197
105 4
105 5
105 8
105 104
105 199
105 142
105 206
105 144
105 145
105 146
105 196
105 107
105 207
105 43
105 147
105 17
105 148
105 149
105 111
105 53
105 171
187 41
187 104
187 199
187 140
187 200
187 143
187 196
187 126
187 135
187 207
187 208
200 104
200 199
200 140
200 187
200 202
200 181
200 206
200 126
200 189
200 135
200 209
200 185
200 115
200 210
141 7
141 134
141 104
141 201
141 143
141 182
141 145
141 42
141 16
141 17
141 149
141 211
142 7
142 134
142 124
142 104
142 199
142 105
142 143
142 182
142 145
142 106
142 188
142 193
142 129
142 149
142 191
142 112
142 122
157 9
157 104
157 182
157 196
157 185
157 128
157 114
157 162
157 39
201 104
201 141
201 126
201 190
201 195
201 121
202 104
202 140
202 200
202 143
202 182
202 196
202 106
202 197
202 207
203 104
203 135
203 113
203 26
203 11
203 212
203 213
203 131
203 205
203 96
192 179
192 125
192 181
192 143
192 182
192 165
192 193
192 128
125 5
125 177
125 138
125 192
125 143
125 182
125 144
125 145
125 146
125 196
125 108
125 42
125 128
125 191
181 177
181 179
181 199
181 200
181 192
181 206
181 149
181 18
181 44
181 47
181 130
181 54
181 117
181 71
181 72
181 170
181 75
181 76
181 86
181 87
181 214
181 215
181 161
181 216
143 7
143 134
143 124
143 138
143 187
143 141
143 142
143 202
143 192
143 125
143 182
143 106
143 128
143 129
143 45
143 112
143 114
182 177
182 138
182 160
182 180
182 199
182 141
182 142
182 157
182 202
182 192
182 125
182 143
182 206
182 144
182 145
182 146
182 196
182 106
182 183
182 193
182 156
182 209
182 197
182 147
182 17
182 148
182 149
182 167
182 45
182 46
182 114
182 217
182 218
182 219
182 211
182 28
182 169
182 220
182 35
182 55
182 56
182 57
182 58
182 59
182 60
182 61
182 62
182 63
182 64
182 65
182 66
182 67
182 68
182 69
182 70
182 71
182 72
182 73
182 77
182 78
182 79
182 80
182 81
182 82
182 83
182 84
182 85
182 133
182 221
182 118
182 222
182 223
182 37
182 119
182 120
182 224
182 225
182 226
182 91
182 92
182 155
182 186
182 38
182 227
182 228
182 229
182 230
182 231
182 216
182 232
182 233
182 234
182 235
182 236
182 237
182 238
182 239
182 240
182 241
182 242
182 243
182 244
182 245
182 246
182 247
182 248
182 249
182 250
182 251
182 252
182 253
182 254
182 255
182 256
182 257
182 258
182 259
182 260
182 261
182 262
182 263
182 264
182 265
182 266
182 267
182 268
182 269
182 270
182 271
182 272
182 273
182 274
182 275
182 276
206 105
206 200
206 181
206 182
206 144
206 106
206 189
206 107
144 7
144 134
144 178
144 138
144 105
144 125
144 182
144 206
144 106
144 127
144 107
144 209
144 277
144 110
144 45
144 155
145 7
145 134
145 124
145 105
145 141
145 142
145 125
145 182
145 146
145 106
145 108
145 42
145 207
145 190
145 45
145 111
145 114
145 28
145 169
145 38
146 7
146 134
146 138
146 160
146 105
146 125
146 182
146 145
146 106
146 126
146 108
146 43
146 190
146 45
146 111
146 113
146 114
146 28
146 169
146 155
146 186
146 121
146 38
196 180
196 140
196 105
196 187
196 157
196 202
196 125
196 182
196 165
196 189
196 135
196 209
196 108
196 136
106 4
106 7
106 138
106 199
106 142
106 202
106 143
106 182
106 206
106 144
106 145
106 146
106 183
106 126
106 107
106 207
106 190
183 124
183 180
183 140
183 182
183 106
183 165
183 193
183 189
183 207
183 136
126 5
126 7
126 10
126 41
126 140
126 187
126 200
126 201
126 146
126 106
126 190
126 18
126 44
126 45
126 48
126 137
126 152
127 5
127 134
127 103
127 177
127 138
127 144
127 135
127 148
127 278
127 44
127 111
165 102
165 103
165 179
165 192
165 196
165 183
165 188
165 193
188 41
188 179
188 142
188 165
188 135
188 108
188 128
188 278
193 179
193 142
193 192
193 182
193 183
193 165
193 128
193 96
189 41
189 200
189 206
189 196
189 183
189 107
189 135
189 156
189 209
107 4
107 8
107 40
107 41
107 138
107 160
107 105
107 206
107 144
107 106
107 189
107 135
107 209
107 43
107 185
107 190
107 110
107 167
107 45
107 150
107 111
107 168
107 194
135 6
135 7
135 8
135 134
135 103
135 123
135 178
135 179
135 104
135 140
135 187
135 200
135 203
135 196
135 127
135 188
135 189
135 107
135 108
135 42
135 197
135 207
135 43
135 185
135 136
135 128
135 112
135 48
135 20
135 152
135 21
135 37
156 8
156 103
156 182
156 189
156 209
156 167
156 46
156 217
209 200
209 182
209 144
209 196
209 189
209 107
209 156
209 110
209 168
108 4
108 178
108 40
108 125
108 145
108 146
108 196
108 188
108 135
108 42
108 197
108 109
42 3
42 4
42 9
42 10
42 14
42 134
42 124
42 160
42 141
42 125
42 145
42 135
42 108
42 43
42 128
42 208
42 191
42 167
42 114
42 151
42 168
42 19
42 27
42 155
42 279
42 96
197 180
197 140
197 202
197 182
197 135
197 108
197 207
197 136
197 17
197 219
197 211
197 37
197 155
109 4
109 9
109 102
109 134
109 40
109 108
109 191
109 18
109 114
109 47
109 137
109 12
207 105
207 187
207 202
207 145
207 106
207 183
207 135
207 197
207 43
207 185
207 190
43 3
43 5
43 9
43 10
43 14
43 105
43 146
43 107
43 135
43 42
43 207
43 45
43 168
43 47
43 115
43 52
43 27
43 214
43 93
43 161
43 95
185 40
185 41
185 138
185 200
185 157
185 107
185 135
185 207
185 277
190 41
190 201
190 145
190 146
190 106
190 126
190 107
190 207
190 44
190 45
190 150
190 46
136 6
136 134
136 177
136 178
136 179
136 180
136 196
136 183
136 135
136 197
128 5
128 103
128 124
128 40
128 41
128 179
128 157
128 192
128 125
128 143
128 188
128 193
128 135
128 42
128 129
128 191
128 46
128 111
128 114
128 151
128 122
16 2
16 3
16 7
16 124
16 141
16 114
16 168
16 211
16 51
16 28
16 169
16 220
16 117
16 121
16 38
16 280
147 7
147 8
147 134
147 15
147 124
147 40
147 41
147 105
147 182
147 148
147 129
147 110
147 111
147 51
147 28
147 155
147 93
147 161
17 2
17 7
17 134
17 124
17 40
17 41
17 105
17 141
17 182
17 197
17 129
17 149
17 110
17 111
17 28
17 169
17 171
17 161
17 162
148 7
148 134
148 103
148 124
148 40
148 41
148 138
148 105
148 182
148 127
148 147
148 111
148 115
148 155
148 161
129 5
129 103
129 124
129 142
129 143
129 128
129 147
129 17
149 7
149 134
149 41
149 105
149 141
149 142
149 181
149 182
149 17
149 111
149 112
149 19
149 169
149 159
149 162
278 127
278 188
278 112
278 114
278 54
278 195
278 214
277 144
277 185
277 112
277 75
277 195
184 178
184 195
208 187
208 42
208 195
110 4
110 5
110 8
110 138
110 144
110 107
110 209
110 147
110 17
191 41
191 139
191 142
191 125
191 42
191 109
191 128
191 18
191 167
18 2
18 3
18 5
18 14
18 15
18 181
18 126
18 109
18 191
18 44
18 47
18 19
18 115
18 50
18 24
18 116
18 52
18 130
18 176
18 53
18 158
18 54
18 27
18 28
18 169
18 117
18 35
18 55
18 56
18 59
18 60
18 61
18 62
18 67
18 75
18 77
18 82
18 133
18 221
18 118
18 195
18 36
18 224
18 12
18 226
18 90
18 210
18 214
18 121
18 279
18 95
18 97
18 39
167 14
167 41
167 182
167 107
167 156
167 42
167 191
167 21
167 176
167 117
167 37
167 281
167 171
167 161
167 159
44 3
44 4
44 14
44 103
44 181
44 126
44 127
44 190
44 18
44 45
44 114
44 47
44 19
44 115
44 49
44 154
44 50
44 51
44 116
44 52
44 130
44 53
44 54
44 27
44 28
44 169
44 131
44 55
44 56
44 59
44 60
44 61
44 62
44 67
44 75
44 77
44 82
44 133
44 221
44 118
44 195
44 222
44 281
44 224
44 12
44 90
44 91
44 210
44 214
44 92
44 279
44 95
44 39
45 3
45 5
45 143
45 182
45 144
45 145
45 146
45 126
45 107
45 43
45 190
45 44
45 137
45 115
45 49
45 116
45 130
45 35
45 205
45 38
45 162
150 7
150 134
150 107
150 190
150 195
150 194
46 3
46 40
46 182
46 156
46 190
46 128
46 20
46 152
46 158
46 117
46 93
46 162
111 4
111 5
111 8
111 103
111 123
111 138
111 104
111 105
111 145
111 146
111 127
111 107
111 128
111 147
111 17
111 148
111 149
111 112
111 130
111 54
111 28
111 169
111 133
111 121
111 161
111 98
112 4
112 7
112 8
112 14
112 138
112 199
112 142
112 143
112 135
112 149
112 278
112 277
112 111
113 4
113 5
113 15
113 203
113 146
114 4
114 14
114 139
114 157
114 143
114 182
114 145
114 146
114 42
114 109
114 128
114 16
114 278
114 44
114 19
114 219
114 51
114 29
114 34
114 212
114 122
114 159
151 7
151 42
151 128
151 195
168 14
168 107
168 209
168 42
168 43
168 16
168 130
168 54
168 35
168 75
168 281
168 91
168 214
168 92
168 194
168 39
217 182
217 156
217 218
217 54
217 26
217 75
217 214
218 182
218 217
218 69
218 70
218 71
218 78
218 79
218 133
218 37
218 228
218 229
218 240
218 241
218 242
218 243
218 260
218 262
47 3
47 4
47 15
47 181
47 109
47 43
47 18
47 44
47 19
47 52
47 130
47 53
47 158
47 54
47 212
47 205
47 75
47 86
47 88
47 222
47 281
47 226
47 91
47 210
47 214
47 92
47 279
47 96
47 97
47 173
48 3
48 5
48 7
48 8
48 126
48 135
48 152
48 153
48 11
48 117
166 102
166 134
166 178
166 19
166 20
166 137
166 219
166 24
166 176
19 2
19 3
19 4
19 179
19 42
19 149
19 18
19 44
19 114
19 47
19 166
19 22
19 51
19 169
19 90
19 164
19 95
20 2
20 5
20 9
20 13
20 134
20 135
20 46
20 166
20 137
20 219
20 22
20 51
20 176
20 169
20 30
20 31
20 117
20 35
20 222
20 164
137 6
137 7
137 9
137 10
137 102
137 134
137 126
137 109
137 45
137 166
137 20
137 152
137 21
137 154
137 24
137 158
137 117
137 282
137 222
137 281
137 12
219 182
219 197
219 114
219 166
219 20
219 158
219 29
219 117
219 131
219 280
219 283
152 7
152 10
152 126
152 135
152 46
152 48
152 137
152 115
152 153
152 21
152 49
152 154
152 50
152 211
152 30
152 282
152 281
115 4
115 41
115 200
115 43
115 148
115 18
115 44
115 45
115 152
115 49
115 130
115 204
115 28
115 155
153 7
153 8
153 48
153 152
153 21
153 23
153 25
153 284
153 30
153 282
153 222
21 2
21 4
21 5
21 7
21 9
21 10
21 135
21 167
21 137
21 152
21 153
21 154
21 211
21 51
21 204
21 28
21 117
21 282
21 35
21 222
49 3
49 5
49 7
49 44
49 45
49 152
49 115
49 50
49 51
49 116
49 52
49 53
49 204
49 35
49 285
49 222
49 210
154 7
154 198
154 44
154 137
154 152
154 21
154 211
154 282
154 222
154 281
50 3
50 4
50 7
50 10
50 14
50 18
50 44
50 152
50 49
50 54
50 28
50 212
50 75
50 133
50 195
50 36
50 37
50 281
50 12
50 210
50 97
50 232
211 141
211 182
211 197
211 16
211 152
211 21
211 154
211 117
211 281
211 280
211 283
22 2
22 15
22 19
22 20
22 23
22 24
22 25
22 26
22 30
22 32
22 33
22 34
22 212
22 131
22 222
22 279
51 3
51 4
51 134
51 103
51 15
51 198
51 16
51 147
51 44
51 114
51 19
51 20
51 21
51 49
51 23
51 176
51 53
51 204
51 25
51 27
51 28
51 29
51 169
51 220
51 30
51 32
51 35
51 286
51 36
51 37
51 186
51 95
51 98
23 2
23 13
23 15
23 153
23 22
23 51
23 53
23 204
23 25
23 163
23 26
23 284
23 31
23 32
23 282
24 2
24 14
24 134
24 15
24 179
24 18
24 166
24 137
24 22
24 116
24 52
24 169
24 34
24 35
24 222
116 4
116 14
116 15
116 18
116 44
116 45
116 49
116 24
116 52
116 130
116 53
116 54
116 27
116 35
116 131
116 55
116 56
116 57
116 60
116 61
116 63
116 64
116 65
116 66
116 67
116 70
116 71
116 74
116 75
116 76
116 78
116 80
116 81
116 83
116 84
116 86
116 88
116 222
116 223
116 36
116 89
116 281
116 12
116 95
116 97
116 100
116 173
116 101
116 175
52 3
52 5
52 102
52 103
52 15
52 43
52 18
52 44
52 47
52 49
52 24
52 116
52 53
52 158
52 54
52 27
52 131
52 205
52 55
52 56
52 57
52 60
52 61
52 63
52 64
52 65
52 66
52 67
52 70
52 71
52 74
52 75
52 76
52 132
52 78
52 80
52 81
52 83
52 84
52 86
52 223
52 36
52 89
52 12
52 90
52 91
52 92
52 122
52 94
52 95
52 97
52 287
52 101
130 5
130 14
130 15
130 181
130 18
130 44
130 45
130 111
130 168
130 47
130 115
130 116
130 158
130 54
130 28
130 35
130 213
130 131
130 74
130 75
130 132
130 222
130 281
130 224
130 12
130 91
130 210
130 92
130 94
176 134
176 15
176 18
176 167
176 166
176 20
176 51
176 35
176 222
176 164
53 3
53 40
53 41
53 105
53 18
53 44
53 47
53 49
53 51
53 23
53 116
53 52
53 204
53 158
53 25
53 54
204 198
204 115
204 21
204 49
204 51
204 23
204 53
204 25
204 32
204 282
204 285
204 286
204 213
204 205
204 210
158 9
158 18
158 46
158 47
158 137
158 219
158 52
158 130
158 53
158 212
158 131
158 281
158 224
158 225
158 12
158 226
158 90
158 279
158 287
158 288
158 289
25 2
25 13
25 153
25 22
25 51
25 23
25 53
25 204
25 30
25 31
25 32
25 285
54 3
54 4
54 5
54 14
54 181
54 278
54 18
54 44
54 111
54 168
54 217
54 47
54 50
54 116
54 52
54 130
54 53
54 117
54 55
54 58
54 64
54 72
54 73
54 170
54 75
54 79
54 86
54 133
54 223
54 12
54 210
54 214
54 122
54 215
54 95
54 96
54 97
54 216
54 99
54 242
54 243
54 100
54 173
54 101
54 174
54 244
54 245
54 246
54 247
54 248
54 249
163 13
163 23
163 26
163 164
26 2
26 6
26 103
26 203
26 217
26 22
26 23
26 163
26 33
284 153
284 23
284 11
284 282
27 2
27 3
27 14
27 42
27 43
27 18
27 44
27 51
27 116
27 52
27 117
27 75
27 95
27 98
28 2
28 8
28 14
28 40
28 182
28 145
28 146
28 16
28 147
28 17
28 18
28 44
28 111
28 115
28 21
28 50
28 51
28 130
28 29
28 117
28 35
28 281
28 210
28 186
28 171
28 93
28 121
28 279
28 161
29 2
29 14
29 114
29 219
29 51
29 28
29 169
29 220
29 155
29 161
29 283
29 96
169 14
169 103
169 40
169 182
169 145
169 146
169 16
169 17
169 149
169 18
169 44
169 111
169 19
169 20
169 51
169 24
169 29
169 220
169 222
169 186
169 171
169 93
169 121
169 279
169 161
220 182
220 16
220 51
220 29
220 169
220 117
220 76
220 80
220 81
220 119
220 120
220 225
220 226
220 38
220 227
220 95
11 1
11 8
11 103
11 198
11 203
11 48
11 284
11 30
30 2
30 7
30 13
30 20
30 152
30 153
30 22
30 51
30 25
30 11
30 31
30 32
30 282
30 285
30 164
31 2
31 13
31 20
31 23
31 25
31 30
31 32
31 34
117 4
117 5
117 7
117 102
117 14
117 134
117 181
117 16
117 18
117 167
117 46
117 48
117 20
117 137
117 219
117 21
117 211
117 54
117 27
117 28
117 220
117 72
117 73
117 170
117 75
117 79
117 87
117 223
117 12
117 171
117 93
117 121
117 215
117 161
117 95
117 287
117 288
117 216
117 39
117 172
117 99
117 242
117 243
117 174
117 289
117 175
32 2
32 13
32 14
32 134
32 22
32 51
32 23
32 204
32 25
32 30
32 31
32 285
282 137
282 152
282 153
282 21
282 154
282 23
282 204
282 284
282 30
282 286
282 210
33 2
33 22
33 26
33 34
33 131
33 164
34 2
34 114
34 22
34 24
34 31
34 33
34 290
34 212
34 131
34 222
35 2
35 13
35 182
35 18
35 45
35 168
35 20
35 21
35 49
35 51
35 24
35 116
35 130
35 176
35 28
35 291
35 213
35 205
35 61
35 67
35 68
35 73
35 76
35 83
35 84
35 88
35 222
35 224
35 226
35 91
35 210
35 235
35 236
35 237
35 175
35 264
35 266
285 49
285 204
285 25
285 30
285 32
290 34
290 212
212 203
212 114
212 47
212 50
212 22
212 158
212 34
212 290
212 131
212 133
212 222
212 36
212 37
212 224
212 225
212 226
212 161
212 227
212 97
212 287
212 288
212 266
291 35
291 286
291 213
291 205
291 222
286 51
286 204
286 282
286 291
286 213
286 205
213 203
213 130
213 204
213 35
213 291
213 286
213 133
213 36
213 37
213 281
213 224
213 225
213 90
213 210
213 121
213 227
213 97
213 237
131 5
131 203
131 44
131 219
131 22
131 116
131 52
131 130
131 158
131 33
131 34
131 212
131 281
131 224
131 226
131 279
131 122
205 198
205 203
205 45
205 47
205 52
205 204
205 35
205 291
205 286
205 222
205 224
205 226
205 210
55 3
55 4
55 5
55 14
55 182
55 18
55 44
55 116
55 52
55 54
55 63
55 75
55 133
55 225
55 230
56 3
56 14
56 182
56 18
56 44
56 116
56 52
56 69
56 239
56 242
56 250
57 3
57 14
57 182
57 116
57 52
57 65
57 70
57 71
57 79
57 229
57 239
57 242
58 3
58 4
58 5
58 14
58 182
58 54
58 64
58 75
58 120
58 230
59 3
59 4
59 5
59 14
59 182
59 18
59 44
59 65
59 118
59 120
59 216
60 3
60 14
60 182
60 18
60 44
60 116
60 52
60 72
60 118
60 231
61 3
61 14
61 182
61 18
61 44
61 116
61 52
61 35
61 66
61 222
61 223
61 231
61 233
62 3
62 14
62 182
62 18
62 44
62 67
62 223
62 233
62 251
63 3
63 4
63 5
63 14
63 182
63 116
63 52
63 55
63 120
63 225
63 214
63 227
64 3
64 4
64 5
64 14
64 182
64 116
64 52
64 54
64 58
64 75
64 133
64 118
64 120
64 225
64 227
65 3
65 4
65 5
65 14
65 182
65 116
65 52
65 57
65 59
65 66
65 118
65 231
65 232
66 3
66 4
66 5
66 14
66 182
66 116
66 52
66 61
66 65
66 67
66 231
66 233
66 251
66 257
67 3
67 14
67 182
67 18
67 44
67 116
67 52
67 35
67 62
67 66
67 68
67 222
67 251
67 253
67 258
68 3
68 14
68 182
68 35
68 67
68 69
68 250
68 254
68 255
68 258
69 3
69 14
69 182
69 218
69 56
69 68
69 70
69 229
69 239
69 259
70 3
70 14
70 182
70 218
70 116
70 52
70 57
70 69
70 71
70 79
70 37
70 228
70 97
70 229
70 287
71 3
71 14
71 181
71 182
71 218
71 116
71 52
71 57
71 70
71 79
71 228
71 229
71 240
71 289
72 3
72 4
72 5
72 14
72 181
72 182
72 54
72 117
72 60
72 75
72 118
72 231
72 232
72 233
72 251
72 257
73 3
73 14
73 182
73 54
73 117
73 35
73 75
73 233
73 251
73 252
73 253
73 254
73 255
73 258
73 259
74 3
74 14
74 116
74 52
74 130
74 75
74 79
74 89
74 92
74 100
74 173
74 174
170 14
170 181
170 54
170 117
170 87
170 195
170 226
170 121
170 215
170 161
170 238
75 3
75 4
75 5
75 14
75 181
75 277
75 18
75 44
75 168
75 217
75 47
75 50
75 116
75 52
75 130
75 54
75 27
75 117
75 55
75 58
75 64
75 72
75 73
75 74
75 79
75 86
75 87
75 133
75 223
75 12
75 90
75 91
75 210
75 214
75 92
75 122
75 94
75 97
75 216
75 194
75 172
75 242
75 243
75 101
75 289
75 175
75 244
75 245
75 246
75 247
75 248
75 249
76 3
76 4
76 5
76 14
76 181
76 116
76 52
76 220
76 35
76 80
76 133
76 222
132 5
132 14
132 52
132 130
132 133
132 195
77 3
77 14
77 182
77 18
77 44
77 78
77 238
77 259
78 3
78 14
78 182
78 218
78 116
78 52
78 77
78 79
78 97
78 229
78 239
79 3
79 14
79 182
79 218
79 54
79 117
79 57
79 70
79 71
79 74
79 75
79 78
79 85
79 94
79 228
79 242
79 243
79 100
79 173
79 101
79 174
79 289
80 3
80 4
80 5
80 14
80 182
80 116
80 52
80 220
80 76
80 81
80 119
80 120
80 225
80 227
80 234
81 3
81 4
81 5
81 14
81 182
81 116
81 52
81 220
81 80
81 82
81 118
81 120
81 227
81 232
82 3
82 4
82 5
82 14
82 182
82 18
82 44
82 81
82 83
82 231
82 232
83 3
83 14
83 182
83 116
83 52
83 35
83 82
83 84
83 231
83 233
83 257
84 3
84 4
84 5
84 14
84 182
84 116
84 52
84 35
84 83
84 221
84 222
84 257
85 3
85 14
85 182
85 79
85 266
86 3
86 14
86 181
86 47
86 116
86 52
86 54
86 75
86 89
86 173
86 289
87 3
87 181
87 117
87 170
87 75
87 195
87 224
87 121
87 215
87 161
87 238
87 175
88 3
88 4
88 47
88 116
88 35
88 195
88 222
133 5
133 182
133 18
133 44
133 111
133 218
133 50
133 54
133 212
133 213
133 55
133 64
133 75
133 76
133 132
133 37
133 224
133 226
133 90
133 91
133 92
133 227
133 94
133 228
133 237
133 266
221 182
221 18
221 44
221 84
221 251
221 253
221 258
221 261
118 4
118 5
118 182
118 18
118 44
118 59
118 60
118 64
118 65
118 72
118 81
118 91
118 92
118 230
118 216
118 232
118 234
118 237
195 139
195 201
195 278
195 277
195 184
195 208
195 18
195 44
195 150
195 151
195 50
195 170
195 132
195 87
195 88
195 37
195 90
195 91
195 92
195 121
195 215
195 161
195 95
195 97
195 292
195 293
195 172
195 99
195 294
195 295
195 296
222 182
222 44
222 47
222 20
222 137
222 153
222 21
222 49
222 154
222 22
222 24
222 116
222 130
222 176
222 169
222 34
222 35
222 212
222 291
222 205
222 61
222 67
222 76
222 84
222 88
222 226
222 279
222 96
222 235
222 236
222 297
223 182
223 116
223 52
223 54
223 117
223 61
223 62
223 75
223 231
223 233
223 251
223 253
223 257
223 258
36 2
36 3
36 9
36 10
36 14
36 103
36 18
36 50
36 51
36 116
36 52
36 212
36 213
36 37
36 90
36 186
36 121
36 38
36 161
36 236
36 265
89 3
89 14
89 116
89 52
89 74
89 86
89 91
89 92
89 97
37 2
37 4
37 5
37 9
37 10
37 182
37 135
37 197
37 167
37 218
37 50
37 51
37 212
37 213
37 70
37 133
37 195
37 36
37 186
37 121
37 38
37 161
37 97
37 236
37 240
37 265
119 4
119 5
119 182
119 220
119 80
119 225
119 227
120 4
120 5
120 182
120 220
120 58
120 59
120 63
120 64
120 80
120 81
120 227
120 230
120 216
120 234
120 237
281 167
281 44
281 168
281 47
281 137
281 152
281 154
281 50
281 211
281 116
281 130
281 158
281 28
281 213
281 131
281 224
281 225
281 210
281 96
281 287
224 182
224 18
224 44
224 130
224 158
224 35
224 212
224 213
224 131
224 205
224 87
224 133
224 281
224 226
224 91
224 92
224 97
224 229
224 236
224 265
225 182
225 158
225 220
225 212
225 213
225 55
225 63
225 64
225 80
225 119
225 281
225 227
225 230
225 235
225 237
225 264
12 1
12 3
12 6
12 7
12 14
12 134
12 109
12 18
12 44
12 137
12 50
12 116
12 52
12 130
12 158
12 54
12 117
12 75
12 90
226 182
226 18
226 47
226 158
226 220
226 35
226 212
226 131
226 205
226 170
226 133
226 222
226 224
226 210
226 97
226 229
226 287
226 236
226 265
90 3
90 5
90 9
90 14
90 18
90 44
90 19
90 52
90 158
90 213
90 75
90 133
90 195
90 36
90 12
90 279
90 161
90 97
90 232
91 3
91 5
91 182
91 44
91 168
91 47
91 52
91 130
91 35
91 75
91 133
91 118
91 195
91 89
91 224
91 210
91 92
91 227
91 94
91 228
91 96
91 97
91 231
91 232
91 235
91 237
91 240
91 294
210 200
210 18
210 44
210 47
210 49
210 50
210 130
210 204
210 54
210 28
210 282
210 35
210 213
210 205
210 75
210 281
210 226
210 91
210 92
214 181
214 43
214 278
214 18
214 44
214 168
214 217
214 47
214 54
214 63
214 75
214 121
214 215
214 96
92 3
92 5
92 182
92 44
92 168
92 47
92 52
92 130
92 74
92 75
92 133
92 118
92 195
92 89
92 224
92 91
92 210
92 227
92 228
92 96
92 97
92 231
92 232
92 235
92 237
92 294
92 173
164 13
164 19
164 20
164 176
164 163
164 30
164 33
155 7
155 134
155 40
155 138
155 139
155 182
155 144
155 146
155 42
155 197
155 147
155 148
155 115
155 29
186 40
186 182
186 146
186 51
186 28
186 169
186 36
186 37
186 171
186 121
186 161
171 14
171 105
171 17
171 167
171 28
171 169
171 117
171 186
171 159
93 3
93 43
93 147
93 46
93 28
93 169
93 117
93 162
121 4
121 5
121 9
121 10
121 201
121 146
121 16
121 18
121 111
121 28
121 169
121 117
121 213
121 170
121 87
121 195
121 36
121 37
121 214
121 186
121 38
121 215
38 2
38 9
38 182
38 145
38 146
38 16
38 45
38 220
38 36
38 37
38 121
38 161
38 98
279 42
279 18
279 44
279 47
279 22
279 158
279 28
279 169
279 131
279 222
279 90
279 122
122 4
122 123
122 142
122 128
122 114
122 52
122 54
122 131
122 75
122 279
122 96
122 98
215 181
215 54
215 117
215 170
215 87
215 195
215 214
215 121
215 161
161 10
161 181
161 43
161 147
161 17
161 148
161 167
161 111
161 28
161 29
161 169
161 117
161 212
161 170
161 87
161 195
161 36
161 37
161 90
161 186
161 38
161 215
227 182
227 220
227 212
227 213
227 63
227 64
227 80
227 81
227 133
227 119
227 120
227 225
227 91
227 92
227 230
227 216
227 234
227 237
227 264
94 3
94 52
94 130
94 75
94 79
94 133
94 91
94 294
94 173
228 182
228 218
228 70
228 71
228 79
228 133
228 91
228 92
228 266
280 16
280 219
280 211
283 219
283 211
283 29
95 3
95 4
95 5
95 14
95 43
95 18
95 44
95 19
95 51
95 116
95 52
95 54
95 27
95 220
95 117
95 195
96 3
96 203
96 193
96 42
96 47
96 54
96 29
96 222
96 281
96 91
96 214
96 92
96 122
97 3
97 5
97 14
97 18
97 47
97 50
97 116
97 52
97 54
97 212
97 213
97 70
97 75
97 78
97 195
97 89
97 37
97 224
97 226
97 90
97 91
97 92
97 287
97 288
229 182
229 218
229 57
229 69
229 70
229 71
229 78
229 224
229 226
229 242
229 266
287 52
287 158
287 117
287 212
287 70
287 281
287 226
287 97
287 288
287 100
287 101
288 158
288 117
288 212
288 97
288 287
288 100
288 101
230 182
230 55
230 58
230 118
230 120
230 225
230 227
230 231
231 182
231 60
231 61
231 65
231 66
231 72
231 82
231 83
231 223
231 91
231 92
231 230
231 216
231 232
231 235
231 237
216 181
216 182
216 54
216 117
216 59
216 75
216 118
216 120
216 227
216 231
216 232
216 233
232 182
232 50
232 65
232 72
232 81
232 82
232 118
232 90
232 91
232 92
232 231
232 216
232 234
232 235
232 237
232 244
232 245
232 266
233 182
233 61
233 62
233 66
233 72
233 73
233 83
233 223
233 216
233 237
233 257
159 9
159 149
159 167
159 114
159 171
162 10
162 157
162 17
162 149
162 45
162 46
162 93
234 182
234 80
234 118
234 120
234 227
234 232
234 235
235 182
235 35
235 222
235 225
235 91
235 92
235 231
235 232
235 234
235 237
235 264
98 3
98 4
98 14
98 41
98 111
98 51
98 27
98 38
98 122
194 138
194 104
194 107
194 150
194 168
194 75
39 2
39 14
39 15
39 160
39 157
39 18
39 44
39 168
39 117
292 195
293 195
236 182
236 35
236 222
236 36
236 37
236 224
236 226
236 237
236 265
236 266
237 182
237 35
237 213
237 133
237 118
237 120
237 225
237 91
237 92
237 227
237 231
237 232
237 233
237 235
237 236
237 294
237 251
237 253
237 257
237 258
237 264
237 265
238 182
238 170
238 77
238 87
238 250
238 255
238 259
238 261
172 14
172 117
172 75
172 195
172 99
99 3
99 54
99 117
99 195
99 172
239 182
239 56
239 57
239 69
239 78
239 242
239 259
239 266
240 182
240 218
240 71
240 37
240 91
241 182
241 218
294 195
294 91
294 92
294 94
294 237
294 173
242 182
242 218
242 54
242 117
242 56
242 57
242 75
242 79
242 229
242 239
242 250
242 255
243 182
243 218
243 54
243 117
243 75
243 79
100 3
100 14
100 116
100 54
100 74
100 79
100 287
100 288
100 101
173 14
173 47
173 116
173 54
173 74
173 79
173 86
173 92
173 94
173 294
101 3
101 14
101 116
101 52
101 54
101 75
101 79
101 287
101 288
101 100
174 14
174 54
174 117
174 74
174 79
174 289
289 158
289 117
289 71
289 75
289 79
289 86
289 174
297 222
175 14
175 116
175 117
175 35
175 75
175 87
244 182
244 54
244 75
244 232
245 182
245 54
245 75
245 232
245 257
246 182
246 54
246 75
246 257
247 182
247 54
247 75
247 257
247 258
248 182
248 54
248 75
248 258
249 182
249 54
249 75
249 258
249 259
250 182
250 56
250 68
250 238
250 242
250 256
250 259
250 260
250 266
251 182
251 62
251 66
251 67
251 72
251 73
251 221
251 223
251 237
251 252
251 257
251 260
252 182
252 73
252 251
252 253
253 182
253 67
253 73
253 221
253 223
253 237
253 252
253 254
253 258
253 260
253 266
254 182
254 68
254 73
254 253
254 255
255 182
255 68
255 73
255 238
255 242
255 254
255 256
255 258
255 260
255 266
256 182
256 250
256 255
256 260
257 182
257 66
257 72
257 83
257 84
257 223
257 233
257 237
257 245
257 246
257 247
257 251
257 266
258 182
258 67
258 68
258 73
258 221
258 223
258 237
258 247
258 248
258 249
258 253
258 255
258 261
258 265
258 266
259 182
259 69
259 73
259 77
259 238
259 239
259 249
259 250
259 260
259 262
259 263
259 266
260 182
260 218
260 250
260 251
260 253
260 255
260 256
260 259
261 182
261 221
261 238
261 258
262 182
262 218
262 259
263 182
263 259
264 182
264 35
264 225
264 227
264 235
264 237
265 182
265 36
265 37
265 224
265 226
265 236
265 237
265 258
266 182
266 35
266 212
266 85
266 133
266 228
266 229
266 232
266 236
266 239
266 250
266 253
266 255
266 257
266 258
266 259
267 182
268 182
269 182
270 182
271 182
272 182
273 182
274 182
275 182
276 182
295 195
296 195
% 297 4296
