284 10516
1320 11557
1570 4619
1798 10469
1870 2728
1993 10871
2028 10367
2063 2062
2251 2252
2252 2251
2410 2415
2410 11212
2415 2410
2485 4441
2506 10187
2553 2554
2554 7438
2613 2614
2614 2613
2646 4138
2728 1870
2837 7890
2865 2272
2931 11982
2997 3025
3025 2997
3297 3299
3299 3297
3299 3320
3320 3299
3384 3385
3385 3384
3829 3830
3830 3829
3907 10516
3925 10791
3962 10323
3983 10550
4025 4029
4029 4025
4035 4055
4055 4035
4055 4080
4080 4055
4138 2646
4168 4169
4169 4168
4218 4281
4281 4218
4305 6763
4398 6347
4441 2485
4486 11052
4619 1570
4958 9844
5106 10469
5334 5350
5350 5334
5473 5496
5482 9378
5496 5473
6347 4398
6462 11136
6482 8807
6743 6759
6759 6743
6763 4305
6817 5144
6910 9115
6972 12022
7451 8696
7571 7573
7573 7571
7573 7601
7574 10377
7890 2837
7986 7987
7987 7986
8111 11269
8235 10758
8507 8508
8507 11017
8508 8507
8508 11014
8696 7451
8807 6482
8839 8840
8840 8839
8853 12132
8929 11019
9115 6910
9170 12655
9378 5482
9558 9562
9562 9558
9566 9569
9569 9566
9844 4958
10187 2506
10323 3962
10367 2028
10377 7574
10469 1798
10469 5106
10494 10736
10516 284
10516 3907
10550 3983
10736 10494
10758 8235
10791 3925
10871 1993
11014 8508
11017 8507
11018 12174
11019 8929
11052 4486
11076 11082
11082 11076
11136 6462
11212 2410
11269 8111
11557 1320
11557 12927
11775 12088
11982 2931
12022 6972
12088 11775
12132 8853
12174 11018
12187 12188
12188 12187
12655 9170
12927 11557
