% asym positive
% 82927 167 167
1 2
1 3
1 4
1 5
1 6
1 7
1 8
1 9
1 10
1 11
1 12
1 13
1 14
1 15
1 16
1 17
18 19
20 3
20 21
20 22
20 23
24 25
26 27
28 29
29 30
29 28
11 31
11 32
11 25
11 33
31 11
33 11
34 21
35 3
36 37
25 11
25 24
23 21
36 38
39 21
13 3
13 40
13 8
13 35
13 41
13 4
42 43
42 44
26 45
46 21
42 3
16 1
47 48
16 8
49 42
26 21
49 21
26 32
29 22
3 8
3 13
3 50
3 35
3 51
3 52
3 18
3 53
3 20
50 3
46 1
54 17
1 46
55 56
55 50
8 3
27 42
19 57
42 27
19 58
19 50
55 23
19 21
19 23
59 2
34 24
39 27
55 21
24 34
55 42
60 23
18 3
61 33
61 23
62 42
62 63
62 64
65 50
65 23
58 21
3 66
3 67
3 68
3 69
3 17
70 21
10 7
5 71
5 72
5 73
5 74
5 11
32 11
10 21
4 13
4 3
51 3
66 27
15 27
7 10
7 1
50 75
13 15
75 50
62 15
62 3
62 20
62 8
62 33
62 35
11 5
66 3
15 62
8 62
3 62
35 62
4 16
15 61
15 12
30 32
76 19
61 15
6 7
6 1
74 5
67 3
77 27
78 23
27 77
79 43
68 48
79 80
32 15
15 32
33 62
3 81
3 27
50 47
20 62
68 27
47 50
52 3
27 3
80 38
38 80
50 68
68 50
82 21
26 25
17 3
26 24
17 56
17 15
17 54
73 5
8 13
14 77
56 17
68 74
35 13
68 3
1 73
73 1
11 83
84 85
84 42
53 3
69 86
86 69
68 85
33 15
33 61
12 15
42 62
31 21
24 62
24 51
24 3
24 8
76 84
51 24
74 1
1 74
64 67
76 50
86 57
3 24
50 76
54 56
21 86
8 24
32 87
32 7
86 21
42 33
77 14
21 56
21 84
21 88
21 76
21 89
21 68
21 90
21 47
21 85
21 69
21 48
84 21
89 21
48 21
67 64
12 31
12 25
47 21
68 21
76 21
31 12
45 63
72 5
72 15
72 71
77 26
77 15
77 39
77 38
77 66
77 24
77 3
27 69
59 69
2 1
35 20
27 80
80 27
38 34
63 44
62 38
62 27
62 59
62 39
62 69
62 72
62 9
62 26
62 68
62 91
62 80
62 79
59 62
19 86
86 19
80 62
45 43
9 62
69 84
25 12
68 62
79 62
15 33
29 63
69 76
29 42
19 66
19 18
19 7
19 90
19 1
19 38
19 67
19 9
19 17
19 91
74 9
74 92
74 14
74 65
74 72
7 19
1 19
65 74
76 93
13 1
14 74
17 1
4 48
73 72
22 94
9 74
3 85
9 17
9 19
85 3
88 21
15 17
48 4
27 62
72 73
72 62
72 74
9 66
9 67
33 5
69 95
61 96
85 21
13 65
4 65
65 13
42 29
42 22
88 15
88 61
88 96
88 12
26 62
32 30
67 9
67 66
67 19
33 46
33 58
33 22
33 42
33 93
83 63
83 11
32 97
70 75
63 22
86 40
42 64
42 63
63 42
45 62
22 98
75 70
63 62
63 45
56 54
63 37
63 29
63 83
66 19
66 9
98 22
59 72
74 4
4 74
37 63
90 18
90 21
90 19
85 68
76 69
99 18
99 21
99 93
38 67
18 90
96 15
96 61
96 12
17 19
100 98
100 42
100 21
39 62
15 96
17 9
3 4
54 15
54 10
29 7
7 29
92 74
15 66
66 15
83 15
83 5
67 38
38 36
10 54
42 7
56 88
56 21
7 42
27 81
27 101
27 93
27 102
101 27
43 42
93 27
68 64
87 32
15 54
15 83
87 74
7 22
29 23
23 29
91 19
91 62
91 80
15 7
15 1
7 15
69 64
48 56
91 23
91 50
12 96
56 48
91 63
91 64
76 53
103 52
74 104
103 83
15 56
52 103
48 53
88 56
24 32
32 24
54 33
33 54
93 19
56 15
70 53
86 68
86 90
86 53
4 81
4 35
4 27
4 93
4 101
93 4
101 4
12 72
56 81
72 12
33 83
7 80
59 86
59 84
59 76
59 88
59 67
59 94
59 68
59 56
59 85
59 89
59 48
59 47
4 18
27 4
80 64
64 80
84 69
83 33
35 4
38 32
83 103
56 61
56 96
52 105
61 56
105 52
48 47
4 106
18 4
94 22
96 56
103 105
105 103
18 107
18 108
18 55
18 99
18 109
18 110
18 111
18 57
51 35
51 8
25 26
81 56
81 4
15 72
88 18
84 76
55 18
38 13
38 15
38 39
66 59
85 48
59 66
53 31
48 85
4 86
64 66
86 4
1 85
84 86
84 89
84 88
75 1
1 75
85 1
20 35
42 112
112 42
13 17
18 1
18 7
18 47
8 51
1 18
27 15
27 66
27 26
27 13
27 39
53 70
53 76
53 48
47 18
7 18
54 61
3 77
83 30
30 83
61 54
104 18
104 109
104 57
38 37
38 22
112 77
86 75
86 49
86 27
86 93
86 101
1 38
18 104
13 27
33 34
27 64
34 33
94 2
113 21
64 27
64 42
94 9
94 92
94 65
94 14
4 53
72 67
100 7
50 13
50 54
50 15
32 112
53 4
56 68
68 56
15 50
13 50
103 114
15 5
54 50
112 9
43 79
80 31
80 67
80 66
66 80
31 80
9 112
67 80
84 19
77 112
67 115
2 68
2 94
2 69
2 56
2 85
2 86
2 84
2 89
2 48
2 76
2 88
2 47
2 32
2 59
32 2
84 2
89 2
88 89
88 69
48 2
88 2
56 2
47 2
76 2
82 50
37 38
47 68
38 66
66 64
50 82
68 47
86 2
66 38
92 65
92 9
92 116
64 9
9 64
80 79
80 18
80 9
80 63
80 42
80 104
80 45
80 72
80 69
80 68
80 91
104 80
42 80
76 9
68 2
9 80
68 80
9 14
7 30
7 31
7 38
7 55
7 3
7 51
7 63
7 90
7 35
7 115
7 70
7 27
7 43
7 59
7 44
7 81
7 32
7 58
7 57
7 83
7 72
7 8
7 24
7 14
7 100
7 13
7 20
7 33
7 34
7 4
7 45
7 68
7 6
7 117
7 74
7 105
7 67
24 7
68 7
59 7
3 7
105 7
115 7
58 7
18 80
45 7
6 8
109 104
27 7
90 7
109 18
55 7
109 82
4 7
63 7
63 80
81 15
30 7
13 7
33 7
35 7
15 9
9 15
68 53
15 81
70 7
65 59
4 1
18 51
30 33
30 15
30 54
30 3
30 8
30 17
8 7
30 20
30 35
8 30
74 7
30 5
43 7
30 39
24 27
54 30
41 81
32 26
27 32
27 47
27 24
27 38
27 117
27 72
27 68
27 56
27 83
27 67
84 27
94 83
94 26
94 59
94 30
33 30
3 83
72 80
53 68
32 27
38 63
3 30
56 27
83 7
59 9
59 14
33 118
33 117
67 59
67 7
67 27
38 1
8 1
35 30
39 30
27 90
27 25
27 31
27 9
39 29
47 27
20 7
25 27
20 13
35 1
1 35
35 51
66 67
42 79
42 87
42 98
42 37
22 42
37 42
9 27
38 62
90 27
87 42
13 20
90 64
85 2
31 27
64 90
81 41
31 7
51 7
51 18
81 88
81 27
53 84
38 30
23 45
45 23
88 81
29 39
17 30
54 29
54 27
54 96
54 119
54 120
54 88
54 39
29 54
15 30
96 54
39 54
69 62
88 54
27 54
72 9
72 92
72 14
72 65
76 13
83 27
83 3
34 7
45 80
38 72
38 7
38 69
38 68
38 56
38 9
9 65
9 92
65 9
84 53
84 40
22 2
13 76
40 13
40 84
33 12
72 27
63 98
98 63
2 22
12 33
10 1
14 7
14 32
32 14
120 54
50 27
24 45
45 24
101 93
93 101
35 81
13 70
69 68
69 72
56 94
79 42
20 30
20 28
70 13
83 18
70 4
18 83
22 7
27 50
4 70
9 38
94 56
36 9
9 36
31 25
80 59
50 48
24 26
24 83
24 15
24 66
48 50
59 80
13 121
4 69
121 106
86 70
15 24
15 88
18 115
115 18
6 106
25 31
115 67
88 27
54 12
12 54
70 48
70 68
48 70
64 113
64 23
23 64
59 95
18 69
70 104
70 95
70 87
70 112
70 82
70 49
112 70
87 70
70 40
70 38
70 36
38 70
104 70
18 37
18 27
18 38
38 18
37 18
82 70
79 65
79 92
80 90
95 70
49 70
50 53
86 50
90 80
90 68
90 85
27 18
83 24
68 90
17 13
85 90
85 18
86 59
86 94
84 80
69 80
108 18
111 70
68 70
68 67
68 66
68 72
68 15
68 9
68 65
68 92
68 69
77 22
18 85
121 13
110 18
14 31
50 86
19 93
113 64
66 24
31 14
31 63
31 42
53 50
72 117
93 84
62 113
113 62
63 31
25 9
84 93
81 35
42 31
84 94
84 59
39 120
39 119
39 28
39 122
72 115
1 37
1 36
74 31
31 74
36 1
37 1
29 50
58 33
58 106
58 83
58 54
58 117
58 29
58 23
58 46
58 4
54 58
29 58
33 21
50 29
46 58
106 58
28 39
83 67
83 58
4 58
20 8
30 25
25 30
30 45
42 9
42 14
8 20
32 52
32 105
52 32
27 84
45 30
122 39
48 68
9 3
9 13
43 45
76 123
69 59
3 9
67 83
123 76
1 59
1 94
19 76
94 86
94 84
94 48
94 76
94 79
94 68
94 69
94 85
94 89
94 88
94 47
94 1
45 70
45 1
45 87
45 18
45 56
45 69
45 42
45 36
45 103
45 106
45 46
45 35
45 107
45 88
45 115
45 97
45 27
45 119
45 123
45 47
45 61
45 93
45 25
45 85
45 53
45 44
45 124
45 22
45 59
45 125
45 102
45 82
45 52
45 81
45 98
45 50
45 39
45 32
45 58
45 57
45 75
45 126
45 83
45 127
45 71
45 96
45 72
45 37
45 9
45 92
45 8
45 128
45 108
45 95
45 84
45 110
45 49
45 41
45 64
45 77
45 14
45 31
45 118
45 129
45 73
45 100
45 130
45 109
45 76
45 54
45 116
45 38
45 13
45 28
45 99
45 55
45 12
45 15
45 20
45 26
45 33
45 131
45 34
45 3
45 94
45 104
45 89
45 5
45 17
45 4
45 51
45 11
45 132
45 66
45 29
45 78
45 48
45 133
45 111
45 68
45 79
45 16
45 2
45 120
45 40
45 65
45 134
45 86
45 67
45 60
45 6
45 121
45 91
45 117
45 74
45 112
45 21
45 135
45 10
45 136
45 19
45 90
45 113
45 114
45 105
45 101
45 122
86 45
38 45
112 45
3 45
85 45
1 45
76 45
19 45
93 45
104 45
12 45
53 45
48 45
88 45
84 45
1 112
21 45
54 45
28 45
113 45
32 45
31 45
123 45
68 45
98 45
74 45
113 18
65 45
61 45
59 45
59 1
52 45
8 45
95 45
9 45
9 25
81 45
47 45
83 45
112 1
86 84
67 45
137 97
138 47
139 57
140 122
141 104
142 86
143 80
144 38
145 68
146 59
147 146
148 84
25 45
6 45
20 45
13 9
13 45
16 45
57 7
57 18
4 45
57 104
57 19
57 45
101 45
87 45
99 45
27 45
27 53
27 35
2 45
29 45
42 45
44 7
105 32
105 45
50 8
33 45
34 45
71 5
71 57
71 45
35 27
75 45
53 27
60 45
44 45
49 45
39 45
103 45
17 45
23 58
46 45
82 45
55 45
96 45
79 45
122 45
121 45
70 45
63 64
64 63
32 25
13 72
73 45
10 45
56 45
66 45
58 95
58 43
8 50
58 45
59 104
104 60
104 26
104 32
95 58
32 104
26 104
80 84
71 72
71 15
71 73
71 42
25 32
71 21
5 30
5 33
5 15
5 83
60 104
5 45
46 37
46 36
53 35
35 45
83 23
23 83
95 87
87 95
64 43
118 33
117 24
117 26
41 45
2 6
90 45
6 2
72 13
50 41
50 52
52 50
70 1
26 117
77 45
118 45
90 47
47 90
51 45
62 45
69 53
24 117
53 52
53 69
47 55
55 47
84 50
50 84
24 60
3 128
53 13
31 24
60 24
89 45
34 103
103 34
9 32
32 9
37 72
72 37
71 31
72 59
84 101
1 70
101 84
100 45
13 53
83 87
87 83
94 45
3 72
106 45
65 94
72 3
43 64
84 81
32 66
30 36
30 37
92 45
71 74
115 45
56 72
72 56
70 50
66 77
97 14
8 83
43 58
43 21
43 6
43 81
21 43
43 29
43 95
29 43
76 89
95 43
26 87
21 75
21 7
21 10
6 43
7 21
13 16
89 88
89 48
89 75
89 56
56 89
48 89
16 13
68 13
44 38
44 1
38 44
1 44
90 84
90 69
84 90
83 8
35 83
70 14
72 68
72 69
70 32
70 27
70 30
70 47
70 31
70 73
70 62
70 74
70 105
31 70
32 70
70 42
70 63
27 87
27 70
81 43
14 70
112 29
29 112
13 68
47 70
74 70
87 27
30 70
63 70
105 70
73 70
42 70
6 36
6 37
14 80
14 68
14 64
14 59
14 90
14 69
14 9
74 27
64 14
68 59
68 94
68 14
90 14
42 18
76 27
80 115
50 66
50 26
115 80
62 71
71 62
27 76
66 50
69 13
69 4
18 42
30 26
15 13
26 50
10 43
93 88
26 30
88 93
83 35
50 70
69 27
27 74
44 80
83 37
83 36
54 117
76 40
119 45
119 54
119 39
14 97
31 26
40 41
117 58
22 6
93 6
1 90
123 79
103 37
103 36
37 43
37 25
37 50
37 83
37 103
37 106
37 46
37 35
37 107
37 115
37 70
37 97
37 87
37 84
37 76
37 27
37 119
37 123
37 47
37 61
37 93
37 30
37 85
37 53
37 44
37 124
37 22
37 59
37 125
37 102
37 52
37 81
37 98
37 56
37 39
37 32
37 58
37 57
37 69
37 75
37 126
37 127
37 71
37 96
37 36
37 9
37 92
37 8
37 128
37 108
37 24
37 95
37 110
37 49
37 41
37 64
37 77
37 14
37 31
37 118
37 129
37 73
37 100
37 130
37 109
37 88
37 65
37 86
37 116
37 13
37 28
37 99
37 55
37 12
37 15
37 20
37 26
37 33
37 7
37 131
37 34
37 82
37 3
37 62
37 104
37 89
37 5
37 105
37 17
37 4
37 51
37 11
37 132
37 66
37 29
37 78
37 48
37 133
37 111
37 45
37 68
37 79
37 16
37 2
37 120
37 54
37 40
37 134
37 67
37 60
37 6
37 121
37 91
37 117
37 74
37 80
37 112
37 21
37 135
37 23
37 10
37 136
37 19
37 90
37 113
37 114
37 101
37 122
37 94
113 37
24 37
21 37
101 37
32 37
93 37
3 37
67 37
2 37
52 37
76 37
26 37
23 37
25 37
12 37
44 37
105 37
19 37
95 37
54 37
9 37
61 37
87 37
56 37
57 37
86 37
29 37
48 37
88 37
68 37
89 37
7 37
59 37
123 37
112 37
73 37
53 37
28 37
75 37
21 72
50 40
74 37
47 37
79 123
79 37
14 37
31 37
6 93
55 37
70 37
15 37
96 37
20 37
90 1
65 37
90 37
92 37
43 37
98 37
34 37
10 37
106 37
115 37
16 37
49 37
82 37
57 86
35 37
6 22
4 37
51 37
62 98
66 37
13 37
8 37
72 21
86 35
58 37
13 66
78 37
78 45
72 7
85 37
75 21
41 50
41 13
41 40
41 37
25 103
77 37
77 81
27 37
33 37
124 37
121 37
75 89
17 37
25 66
94 37
62 22
66 25
22 38
86 102
72 64
40 61
100 37
61 40
71 37
60 37
39 37
98 62
29 46
29 34
50 51
50 35
50 18
35 50
46 29
34 29
51 50
53 86
18 50
119 37
87 36
63 74
93 70
74 71
74 63
70 93
40 50
44 81
44 27
81 44
66 32
86 18
26 66
117 33
18 86
18 13
18 35
76 70
90 67
94 123
94 95
94 104
94 112
94 44
117 54
84 68
27 44
115 90
3 26
21 49
93 86
56 69
79 44
44 79
26 3
80 14
122 37
98 42
59 44
90 115
69 38
18 84
18 76
13 18
35 18
14 65
14 92
48 13
13 48
1 69
1 68
101 86
65 14
65 95
68 1
39 36
36 39
95 65
76 4
104 37
40 49
40 82
27 86
59 123
59 79
59 112
86 117
9 1
72 38
95 59
44 59
124 40
124 93
124 50
124 45
9 59
9 72
9 5
90 36
32 31
50 49
31 32
86 56
67 90
107 18
107 45
107 37
5 9
5 37
75 86
29 119
2 33
2 83
83 2
33 2
39 26
39 3
39 66
3 39
22 95
50 101
101 50
7 103
26 39
95 22
88 76
53 40
66 39
42 5
42 15
13 77
80 70
70 80
77 13
113 39
113 15
113 3
3 113
77 5
39 113
83 66
68 63
20 38
33 63
5 42
66 83
94 71
94 10
94 23
94 29
94 73
94 20
88 57
14 1
30 29
30 47
49 50
5 54
9 71
13 86
13 69
13 47
86 13
71 9
5 77
59 63
54 5
15 42
32 83
113 35
61 12
12 61
15 113
83 32
70 56
70 89
89 70
21 70
35 113
15 71
64 38
43 10
38 64
123 86
86 123
119 29
12 71
76 75
95 44
11 45
11 37
10 59
59 10
42 38
75 20
70 20
38 42
64 22
69 50
22 64
84 66
84 44
54 81
76 86
44 84
81 84
66 84
95 123
95 79
56 55
123 95
79 95
20 63
20 70
20 75
63 20
63 33
50 38
50 1
1 50
50 69
3 41
12 73
81 54
86 76
84 7
73 12
29 83
94 58
65 44
79 104
69 3
104 79
99 37
48 99
99 48
23 46
23 34
44 65
44 9
57 88
34 23
71 12
83 29
94 109
29 80
29 81
40 86
56 71
71 56
46 23
80 29
47 30
47 13
83 9
83 38
83 79
79 83
83 26
26 83
41 3
86 41
76 85
7 104
92 14
14 84
84 14
18 20
53 71
28 8
36 45
117 14
14 117
47 40
47 75
75 47
8 28
38 149
108 45
57 79
20 18
40 47
40 75
35 53
95 98
95 94
9 44
9 83
10 87
10 75
10 94
10 2
10 14
2 10
14 10
65 92
38 59
38 103
38 84
38 77
38 106
38 46
38 35
38 107
38 115
38 97
38 87
38 27
38 119
38 123
38 43
38 47
38 76
38 131
38 3
38 61
38 93
38 25
38 85
38 53
38 124
38 102
38 52
38 81
38 98
38 50
38 58
38 57
38 48
38 2
38 75
38 126
38 83
38 127
38 71
38 96
38 92
38 8
38 128
38 108
38 24
38 95
38 110
38 49
38 41
38 14
38 10
38 31
38 118
38 129
38 73
38 100
38 130
38 109
38 88
38 116
38 28
38 99
38 55
38 12
38 20
38 26
38 33
38 82
38 104
38 89
38 5
38 17
38 4
38 51
38 11
38 132
38 29
38 78
38 133
38 111
38 79
38 16
38 120
38 54
38 40
38 65
38 134
38 86
38 60
38 6
38 121
38 91
38 117
38 74
38 112
38 21
38 135
38 23
38 136
38 19
38 90
38 113
38 114
38 105
38 101
38 122
38 94
9 42
9 68
9 69
9 56
9 90
9 77
56 9
14 13
13 14
9 117
75 40
75 10
98 95
84 56
69 14
76 90
90 9
77 9
32 77
77 32
10 104
10 112
10 27
10 123
10 22
10 42
10 73
10 5
10 79
10 68
10 63
10 65
10 105
65 10
68 10
27 10
112 10
104 10
123 10
42 10
63 10
87 10
14 112
112 14
76 81
65 112
112 65
79 10
73 10
105 10
75 88
5 10
69 94
69 89
84 13
84 75
88 75
47 81
69 67
69 9
69 15
69 56
69 65
112 44
13 74
13 73
66 26
74 13
73 13
4 71
71 4
44 112
44 42
81 47
26 80
4 117
104 9
104 30
9 104
30 104
90 56
56 90
69 63
117 71
71 117
15 117
5 56
59 65
56 5
39 50
117 9
76 88
103 24
58 73
58 118
106 6
106 130
106 4
22 37
22 36
22 149
149 22
112 24
24 112
65 64
64 65
95 42
95 20
95 104
95 93
95 89
89 95
89 69
89 84
89 76
73 58
24 103
98 33
98 46
98 115
98 93
98 6
94 18
94 6
94 98
94 133
104 123
29 94
29 56
29 75
29 52
29 100
104 95
20 95
52 29
20 149
20 36
6 98
6 20
6 94
6 101
6 10
6 40
101 6
20 6
149 20
101 82
101 19
101 57
101 109
90 38
57 101
75 76
75 19
46 98
10 6
19 75
82 101
15 3
3 15
82 49
82 40
82 86
86 82
150 36
42 95
49 82
115 98
54 1
1 54
56 29
1 56
56 1
18 64
28 20
28 83
28 54
28 27
54 28
20 53
20 50
53 20
75 48
75 29
47 85
85 47
48 75
69 1
59 64
15 80
33 98
100 29
100 115
100 43
100 56
100 84
100 69
100 64
100 63
19 101
71 34
27 28
115 100
49 43
56 100
14 45
26 23
63 100
43 49
112 80
80 112
42 100
112 64
112 27
112 39
27 112
112 13
89 1
1 89
80 15
112 15
39 112
84 100
39 77
83 28
68 81
83 61
118 37
118 58
61 83
112 3
54 31
3 112
15 112
13 112
29 88
29 77
88 29
26 60
112 5
112 62
77 29
112 26
43 100
80 26
5 112
32 103
56 18
112 59
18 56
26 112
103 26
26 103
31 54
112 18
53 94
104 117
84 123
18 112
62 112
67 44
9 94
112 38
112 90
90 112
112 69
112 68
68 112
149 36
82 75
149 38
4 76
4 84
84 4
63 57
75 82
75 63
75 105
105 75
88 19
105 88
105 31
31 105
88 105
50 34
71 84
106 117
106 73
84 18
84 57
84 71
34 50
22 1
1 22
64 91
95 73
90 72
81 50
92 38
73 95
63 75
112 32
21 82
115 66
66 115
71 26
26 31
31 71
31 30
30 31
88 5
44 95
5 88
50 81
83 113
113 83
68 86
20 51
20 94
20 98
20 4
20 42
6 16
6 46
6 87
6 124
6 50
6 42
6 128
6 49
6 31
6 130
6 4
6 78
4 6
4 20
31 6
124 6
16 6
42 6
42 20
94 21
58 94
21 94
112 94
112 36
112 46
112 119
112 47
112 125
112 58
112 57
112 71
57 112
98 20
21 46
58 112
57 43
57 98
57 56
57 107
57 102
57 108
57 110
57 109
57 99
57 55
57 89
57 29
57 111
98 57
98 109
98 89
98 70
98 87
98 43
98 58
98 130
98 82
98 151
58 98
112 72
101 46
101 124
101 49
101 130
89 98
36 149
56 57
89 47
89 93
89 32
89 82
89 29
89 10
89 57
95 2
95 92
95 14
95 7
95 6
95 112
112 95
29 89
70 98
29 57
46 101
46 107
46 115
46 70
46 47
46 30
46 53
46 18
46 56
46 50
46 57
46 75
46 71
46 42
46 103
46 8
46 95
46 84
46 31
46 35
46 97
46 87
46 27
46 119
46 123
46 43
46 61
46 109
46 93
46 25
46 85
46 44
46 124
46 22
46 59
46 125
46 102
46 52
46 81
46 39
46 32
46 69
46 126
46 83
46 127
46 96
46 72
46 9
46 92
46 128
46 108
46 24
46 106
46 110
46 49
46 41
46 64
46 77
46 14
46 118
46 129
46 73
46 100
46 130
129 46
69 46
31 46
18 46
30 46
59 46
24 46
2 46
2 70
2 87
2 123
2 43
2 93
2 98
2 20
2 7
2 151
2 29
2 95
55 57
8 46
44 46
98 2
57 46
71 46
103 46
123 2
56 46
56 70
5 66
123 46
70 2
73 46
70 46
70 111
70 109
70 88
83 46
75 46
47 46
47 89
47 112
88 70
42 46
95 46
27 46
48 55
82 89
82 13
96 46
82 93
39 46
82 57
82 48
82 151
82 110
82 108
82 18
82 98
48 82
29 2
6 95
18 82
48 58
48 94
48 90
48 86
48 78
106 46
84 46
51 20
66 5
55 48
9 46
61 46
53 46
27 63
124 46
63 27
77 46
7 95
13 82
7 113
7 94
7 123
7 93
7 85
7 75
7 84
7 49
7 11
7 2
41 46
75 7
123 7
95 30
30 95
115 46
115 70
115 43
115 22
115 105
90 48
11 7
90 42
90 94
90 70
90 87
90 43
90 93
90 22
90 75
90 95
90 88
90 29
119 46
119 112
95 90
85 7
42 90
85 46
58 48
29 90
113 7
105 115
20 2
75 90
50 77
1 83
1 33
115 44
52 46
38 151
38 125
68 38
90 59
69 90
59 90
86 48
87 90
87 2
87 46
87 98
87 6
16 110
33 1
44 115
93 46
83 1
70 115
70 90
78 48
10 89
32 46
32 89
88 90
107 57
110 82
110 57
110 107
110 42
110 109
110 63
57 84
107 46
43 90
43 115
43 2
43 46
43 98
43 57
32 8
32 51
93 98
93 95
35 46
93 90
93 82
93 7
93 89
93 2
65 4
8 32
57 1
1 57
56 87
3 32
6 13
6 41
23 26
51 32
32 3
43 13
58 1
47 69
1 58
77 42
123 44
87 56
42 77
90 66
9 85
85 9
90 76
26 77
94 57
104 7
43 27
27 43
71 112
99 57
57 94
18 94
23 50
50 23
13 43
47 53
78 6
23 1
23 104
1 23
50 20
104 23
115 84
115 68
68 115
84 115
101 122
72 85
82 6
40 53
82 109
31 87
87 31
63 87
41 8
8 41
86 88
6 82
91 44
91 45
91 37
22 91
122 101
66 90
91 22
80 85
85 80
108 82
42 39
42 113
42 23
23 42
3 42
32 10
29 120
29 122
113 42
76 57
44 63
93 13
93 48
48 93
77 50
13 93
36 32
2 58
32 36
58 2
94 93
94 106
33 56
33 106
33 104
13 6
56 33
104 33
106 33
93 94
106 94
93 109
106 29
82 56
82 19
98 94
56 82
40 16
122 29
79 57
105 50
105 3
105 49
105 53
12 74
3 105
50 105
16 40
101 56
23 51
74 12
72 112
51 23
54 74
74 54
81 53
19 82
25 46
46 2
46 6
46 112
39 42
44 94
63 43
112 104
104 112
18 6
18 81
18 79
23 86
23 103
23 33
23 112
23 94
23 105
14 94
54 43
112 23
105 23
33 23
103 23
22 58
22 20
22 33
22 29
58 22
98 7
98 34
7 98
83 34
83 54
83 117
83 112
54 83
81 18
93 57
112 83
57 93
106 2
79 18
42 71
112 21
82 42
82 63
42 82
21 112
86 23
5 4
4 5
43 54
6 18
43 63
63 82
24 87
24 23
23 24
113 26
113 27
106 71
27 113
26 113
112 123
123 94
123 112
26 105
90 50
58 104
80 43
87 24
95 10
48 69
34 98
34 83
43 80
14 44
44 14
10 95
65 90
56 47
47 56
90 65
15 77
104 58
113 60
69 48
18 31
31 18
39 81
60 113
47 94
87 34
76 94
88 55
88 94
3 84
84 3
89 94
105 26
105 24
24 105
56 59
76 17
85 94
17 76
75 53
24 30
30 24
63 38
44 91
53 75
53 47
53 105
53 81
104 90
1 65
5 1
3 1
11 1
103 30
30 103
4 68
68 4
111 18
65 1
93 33
22 68
68 22
26 149
149 26
90 104
103 14
14 103
124 121
87 115
14 22
69 45
64 45
84 47
84 48
44 22
43 87
87 43
65 79
44 104
22 14
104 44
80 44
90 151
81 29
14 71
14 95
77 51
24 77
69 18
83 62
44 36
36 44
65 104
32 59
69 79
151 90
9 48
9 86
9 84
9 76
86 9
84 9
76 18
13 75
75 13
20 111
48 9
111 20
29 15
18 91
18 44
44 18
80 151
80 94
94 80
71 14
15 29
59 32
23 48
48 23
5 117
117 15
15 26
32 117
32 23
26 15
23 32
151 80
56 67
56 3
56 65
3 56
65 56
29 4
29 102
29 31
4 29
31 29
67 56
52 23
23 52
65 47
47 65
63 3
3 63
84 35
26 38
43 15
69 21
15 43
2 42
44 76
44 67
44 89
44 88
44 86
44 69
86 44
74 117
71 32
22 44
115 64
42 2
23 39
23 80
23 151
23 18
23 56
39 23
21 23
77 17
18 23
104 65
42 67
42 66
117 115
66 42
89 19
56 117
56 23
151 23
151 82
52 20
36 117
18 96
18 68
68 18
20 52
96 18
3 64
67 42
33 43
32 5
43 33
86 89
86 85
84 70
6 70
68 44
70 6
15 64
64 15
115 38
45 151
13 106
71 8
46 33
64 70
64 100
64 35
64 60
39 22
30 112
112 30
22 43
22 63
22 93
22 45
151 45
42 60
42 35
93 22
117 56
22 39
20 29
29 20
19 89
24 113
113 24
90 77
77 90
42 151
94 100
94 151
79 94
48 19
19 48
86 81
48 81
48 27
27 48
104 94
50 93
104 59
104 14
104 73
93 50
69 47
69 74
69 73
100 94
14 104
73 104
44 68
151 42
151 94
32 80
42 94
73 15
15 73
76 101
47 93
47 101
93 47
101 47
94 42
128 45
128 3
23 10
128 37
91 18
10 23
88 1
13 61
61 13
69 88
86 79
88 44
76 44
69 44
40 45
18 45
120 45
73 71
15 45
32 39
76 47
104 74
118 46
50 45
39 32
117 45
69 77
68 77
71 95
105 46
46 105
77 68
18 93
18 101
101 18
93 18
59 83
77 69
77 67
50 78
59 38
81 76
108 111
111 112
111 109
111 42
111 107
111 82
111 75
111 63
111 21
111 23
111 50
111 93
111 37
111 45
111 57
111 99
99 111
111 108
93 111
1 104
1 95
1 87
1 79
1 123
71 63
104 1
79 1
95 1
86 32
71 48
93 41
59 149
123 1
117 81
1 43
1 103
1 84
1 106
1 107
1 115
1 27
1 119
1 77
1 47
1 61
1 93
1 30
1 25
1 53
1 124
1 125
1 102
1 52
1 81
1 98
1 39
1 26
1 66
1 32
1 126
1 71
1 96
1 72
1 42
1 128
1 108
1 24
1 110
1 49
1 41
1 64
1 67
1 21
1 31
1 118
1 129
1 100
1 130
1 109
1 88
1 76
1 116
1 28
1 99
1 55
1 20
1 34
1 82
1 62
1 149
1 51
1 151
1 29
1 78
1 48
1 133
1 111
1 63
1 120
1 40
1 86
1 60
1 121
1 91
1 117
1 80
1 136
1 113
1 105
1 101
1 122
129 1
12 1
84 1
66 1
77 1
86 1
149 1
71 1
30 1
115 1
105 1
106 1
43 1
47 1
103 1
80 1
42 1
151 1
31 1
53 1
20 1
55 1
76 1
34 1
26 1
96 1
66 91
66 44
51 1
98 1
44 66
91 1
91 66
32 1
28 1
24 1
67 1
27 1
61 1
115 72
124 1
122 1
40 76
82 1
48 1
93 1
99 1
25 1
101 1
100 1
29 1
113 1
14 42
4 102
121 1
63 1
65 76
76 65
24 18
24 5
24 39
5 24
39 24
18 24
39 1
56 85
41 1
41 93
60 1
118 1
65 72
67 68
67 85
119 1
85 56
56 84
39 15
52 1
15 39
14 2
2 14
57 82
26 51
71 38
84 82
107 1
20 64
81 39
117 86
47 19
19 47
88 68
40 93
40 101
40 27
93 40
101 40
71 151
13 58
58 13
14 56
14 15
14 5
14 50
14 53
53 14
117 32
15 14
5 14
50 57
57 50
56 14
50 17
17 50
57 76
101 88
88 101
13 117
56 38
68 55
23 77
77 23
18 58
58 18
85 107
107 85
107 55
55 107
99 107
99 85
42 68
42 69
107 99
35 85
68 42
41 23
43 117
43 44
44 43
108 1
47 52
52 47
85 35
85 99
57 63
47 86
86 47
84 79
139 26
13 84
94 70
49 7
49 1
121 8
49 46
49 105
78 1
49 101
78 50
70 94
52 8
8 52
72 36
32 67
67 32
5 32
83 94
76 59
77 115
77 80
77 62
77 8
80 60
60 80
67 26
84 67
115 59
115 31
115 9
115 69
115 15
115 3
115 39
115 26
115 62
115 56
115 83
115 113
115 23
115 50
56 115
31 115
23 115
3 115
59 115
26 115
64 115
69 115
9 115
73 74
40 106
40 6
15 115
74 73
113 115
39 115
83 115
64 68
65 22
65 98
22 65
152 26
62 31
34 39
31 62
39 34
74 18
18 74
32 44
44 32
31 36
98 65
60 66
66 60
20 83
134 1
32 42
42 32
106 133
83 20
68 100
4 75
75 4
120 73
151 104
151 7
30 4
68 84
25 20
20 25
93 76
80 32
31 58
31 22
31 75
31 33
31 57
33 31
75 31
100 68
58 31
4 8
8 4
63 151
4 30
31 112
112 31
151 63
68 34
34 68
90 117
54 73
73 54
31 95
31 104
95 80
95 31
104 31
108 46
108 57
108 37
108 50
108 99
153 53
4 40
2 106
100 80
50 6
50 56
56 50
39 51
51 39
112 79
112 7
7 112
79 112
34 73
39 73
73 39
101 99
101 55
101 16
55 101
50 46
50 30
50 25
50 85
50 124
50 22
50 98
50 32
50 126
50 107
50 115
50 87
50 119
50 123
50 43
50 61
50 44
50 59
50 125
50 102
50 39
50 58
50 83
58 50
61 50
32 50
123 50
30 50
25 50
44 50
59 50
6 35
6 57
73 34
16 101
43 50
83 50
47 59
30 10
95 56
95 4
95 115
95 48
43 22
48 95
56 95
2 119
2 44
2 18
2 57
2 75
2 71
44 2
20 102
20 81
20 128
20 112
14 25
75 2
115 95
112 20
10 30
25 14
35 6
115 58
115 75
115 87
115 27
115 123
115 93
115 85
115 42
35 136
93 115
71 2
123 115
22 70
18 2
4 95
75 115
70 22
42 115
79 22
99 108
85 115
99 101
85 50
64 26
94 46
94 107
94 87
94 118
94 55
94 33
94 19
33 94
16 4
55 94
26 64
73 94
106 13
106 5
106 11
106 16
106 40
106 121
106 74
5 106
5 52
5 18
5 39
5 69
5 36
5 31
5 109
5 29
52 5
29 5
18 5
31 5
89 130
74 106
39 5
10 109
10 29
10 46
10 107
10 93
10 98
10 18
10 56
10 58
10 118
10 100
10 55
10 20
10 33
10 106
10 133
10 19
93 10
46 94
46 10
56 10
29 10
50 103
57 31
18 10
100 10
33 10
55 10
58 115
120 29
106 10
103 50
3 47
20 10
58 71
47 3
43 59
59 43
71 58
119 2
119 50
35 8
44 53
53 44
8 35
13 85
60 77
77 60
71 106
110 50
110 23
110 93
11 106
73 133
19 10
19 94
3 40
44 56
67 72
89 44
56 44
20 43
43 20
69 66
81 66
81 26
81 3
81 13
81 62
94 43
43 94
84 30
30 84
13 81
4 17
26 81
48 18
18 48
21 57
57 21
84 49
85 67
16 98
16 23
66 81
14 54
57 2
57 6
69 17
58 10
90 86
54 14
84 151
85 42
42 85
56 66
66 56
3 86
17 86
53 17
17 53
72 90
76 66
86 3
86 17
86 149
66 86
86 66
65 123
151 21
151 22
151 93
151 58
151 98
151 50
17 38
151 2
77 83
149 86
70 84
18 41
115 86
8 42
86 115
80 36
36 80
42 8
67 86
67 69
26 100
65 17
17 65
23 81
23 22
17 68
98 10
76 3
66 76
98 50
14 67
81 23
67 14
85 81
94 38
93 23
49 75
23 93
75 49
47 36
36 47
56 86
86 67
86 72
86 15
86 65
47 38
57 20
57 10
20 57
29 85
29 48
29 115
29 98
29 24
29 33
29 3
29 21
29 93
24 29
98 123
123 98
21 29
35 70
35 47
35 102
35 98
35 58
35 69
35 42
35 36
35 9
35 103
35 84
35 14
35 107
35 115
35 87
35 119
35 123
35 129
35 76
35 43
35 61
35 93
35 25
35 44
35 124
35 22
35 59
35 125
35 52
35 56
35 39
35 32
35 26
35 106
35 57
35 75
35 126
35 71
35 96
35 72
35 128
35 108
35 24
35 95
35 110
35 49
35 41
35 64
35 77
35 31
35 48
35 68
35 2
35 86
35 67
35 80
35 21
35 118
35 73
35 100
35 130
35 109
35 88
35 116
35 38
35 28
35 99
35 55
35 12
35 15
35 33
35 34
35 82
35 104
35 149
35 89
35 5
35 17
35 11
35 151
35 66
35 29
35 78
35 133
35 79
35 16
35 63
35 120
35 54
35 40
35 65
35 60
35 121
35 91
35 117
35 74
35 112
35 23
35 10
35 19
35 90
35 105
35 101
35 122
35 94
129 35
69 35
23 35
101 35
89 35
44 35
14 35
47 35
61 35
54 35
21 35
112 35
123 35
103 35
88 35
57 35
52 35
105 35
19 35
76 35
98 29
65 35
98 35
59 35
58 35
95 35
12 35
33 29
33 35
93 35
17 35
56 35
9 35
32 35
93 29
29 35
71 35
24 35
74 35
3 29
31 35
119 35
79 35
82 35
84 149
122 35
55 35
70 35
106 35
124 35
16 35
96 35
73 35
39 35
151 35
149 35
34 35
25 35
5 35
11 35
104 35
94 35
15 35
90 35
73 9
73 14
73 65
88 86
85 29
14 73
65 73
9 73
67 35
121 35
115 29
115 35
60 35
49 35
100 35
75 35
63 35
64 18
26 35
2 35
66 35
86 26
28 35
43 35
18 71
36 18
18 36
2 63
71 18
26 86
47 79
79 47
24 31
91 35
64 69
41 18
41 35
107 35
107 10
107 94
107 50
99 35
13 71
70 69
69 70
112 63
81 86
68 17
47 84
76 49
15 40
40 124
73 38
40 15
118 35
63 49
118 10
118 94
21 1
110 37
110 45
110 35
104 151
123 104
19 84
28 60
60 28
7 50
71 13
62 81
99 3
3 99
15 36
36 15
27 40
27 8
27 5
10 35
10 57
81 40
81 8
81 5
5 81
8 81
40 121
18 9
48 17
9 18
17 48
47 17
17 47
81 48
62 18
112 50
50 112
65 38
56 77
67 94
18 62
14 17
17 14
77 56
17 18
17 69
18 17
21 18
18 21
47 22
47 83
47 96
47 42
47 103
47 49
47 14
47 73
47 107
47 115
47 87
47 119
47 123
47 43
47 61
47 88
47 33
47 82
47 104
47 149
47 25
47 44
47 124
47 125
47 102
47 98
47 39
47 32
47 58
47 57
47 126
47 71
47 72
47 9
47 8
47 128
47 108
47 24
47 95
47 110
47 41
47 64
47 77
47 31
47 118
47 129
47 100
47 130
47 23
47 109
47 76
47 116
47 28
47 99
47 12
47 15
47 20
47 26
47 7
47 34
47 62
47 5
47 106
47 4
47 51
47 11
47 151
47 66
47 29
47 78
47 133
47 16
47 63
47 120
47 54
47 67
47 60
47 6
47 121
47 91
47 117
47 74
47 80
47 10
47 136
47 113
47 105
47 122
129 47
74 59
59 74
14 66
12 88
29 95
29 8
29 49
8 29
49 29
95 29
113 8
8 113
66 14
74 47
75 85
75 56
75 84
75 68
75 93
75 18
75 69
75 23
93 75
85 75
68 75
23 75
70 85
70 76
70 151
70 29
70 86
56 75
29 70
74 17
17 74
104 22
22 104
4 55
4 34
72 50
22 21
22 10
22 151
22 105
21 22
81 68
101 48
105 22
98 104
98 73
98 79
98 74
98 112
98 21
98 23
98 90
23 98
112 98
104 98
50 96
73 98
21 98
34 4
79 98
55 4
74 98
96 50
29 36
85 70
48 101
19 68
19 69
19 85
69 19
68 19
85 19
24 81
42 93
42 59
42 58
42 104
42 91
42 21
7 47
48 29
59 42
17 4
23 8
23 2
23 70
23 87
23 43
23 47
23 30
23 85
23 36
23 128
23 31
23 118
23 73
23 130
23 109
23 13
23 28
23 15
23 20
23 7
23 149
23 5
23 4
23 68
23 63
23 113
68 23
13 23
113 23
8 23
2 23
40 70
113 46
113 70
113 47
113 30
113 25
113 98
113 56
113 50
113 32
113 58
113 95
113 77
113 107
113 87
113 119
113 123
113 43
113 61
113 93
113 85
113 53
113 44
113 124
113 22
113 59
113 125
113 102
113 52
113 81
113 57
113 69
113 75
113 126
113 104
113 71
113 96
113 72
113 36
113 9
113 103
113 128
113 108
113 84
113 110
113 49
113 41
113 14
113 31
113 40
113 118
113 129
113 73
113 100
113 130
113 109
113 88
113 76
113 116
113 38
113 13
113 28
113 99
113 55
113 12
113 74
113 10
113 20
113 33
113 34
113 82
113 149
113 89
113 5
113 17
113 106
113 4
113 51
113 11
113 151
113 66
113 29
113 78
113 48
113 133
113 68
113 79
113 16
113 63
113 2
113 120
113 54
113 65
113 86
113 67
113 6
113 121
113 91
113 117
113 80
113 112
113 136
113 19
113 90
113 105
113 101
113 122
113 94
86 113
68 113
69 113
59 113
30 23
63 23
128 35
73 23
128 20
128 23
4 23
149 23
81 24
120 39
96 121
8 80
80 8
5 23
31 23
70 23
28 23
121 96
26 42
66 13
7 23
32 86
32 47
18 75
85 23
8 77
90 98
121 40
56 39
77 7
10 88
86 52
34 18
39 56
18 34
88 10
75 101
75 27
27 75
101 75
32 95
30 13
43 23
13 30
95 32
86 77
77 86
84 38
32 22
8 104
14 38
104 8
10 84
84 10
101 76
32 113
32 62
94 7
67 91
32 18
14 62
14 113
79 59
8 27
62 14
149 37
5 27
37 149
4 33
4 57
71 11
115 71
40 3
71 115
43 151
151 43
43 18
18 43
16 7
7 16
59 40
104 115
104 34
104 29
104 48
104 63
29 104
48 104
108 35
34 104
115 104
63 104
3 80
80 3
121 124
39 117
94 90
117 12
12 117
63 122
40 65
40 17
40 8
8 40
17 40
33 4
65 40
57 4
15 68
15 48
48 15
122 63
49 40
8 66
51 113
66 8
151 71
64 72
62 66
67 18
67 31
66 62
18 67
18 40
31 67
84 64
64 3
42 84
42 86
42 47
42 76
42 74
42 73
42 72
154 68
155 136
156 84
157 80
158 64
64 84
56 76
76 56
69 40
73 42
54 32
110 46
32 54
74 42
28 102
2 40
80 100
64 33
2 74
74 2
39 68
68 39
71 104
33 64
104 17
40 74
40 73
40 72
74 40
121 61
61 121
29 71
71 29
73 40
53 102
88 130
100 46
17 104
109 21
109 93
109 23
109 58
109 98
109 50
109 10
109 35
109 5
109 94
109 1
48 79
40 69
79 48
85 84
80 37
54 66
44 149
149 44
20 40
56 73
40 68
66 54
128 6
128 46
73 56
115 73
65 69
65 68
73 115
54 67
44 15
40 4
42 26
67 54
7 5
80 7
5 7
72 40
34 46
31 103
46 34
96 88
50 72
63 11
107 71
107 8
29 59
29 86
11 63
72 47
15 44
68 40
59 13
54 93
54 101
101 54
44 87
68 8
18 66
18 88
18 8
8 18
93 54
109 101
66 18
2 72
2 13
40 78
13 2
50 122
122 50
159 102
159 81
160 84
160 14
161 15
162 57
163 23
34 112
112 34
93 56
56 93
50 9
9 50
80 25
25 80
4 9
13 38
11 74
74 11
49 53
83 60
53 49
42 61
42 117
42 52
42 40
42 41
42 55
42 120
61 42
99 69
99 84
84 99
52 42
60 83
4 19
19 4
16 106
49 6
42 53
53 42
51 13
13 51
85 13
109 37
109 45
109 70
109 46
109 57
53 6
53 41
53 8
53 59
59 53
6 53
8 53
106 124
94 53
124 106
41 42
43 113
2 9
2 65
65 2
9 2
128 1
83 77
14 47
84 26
86 83
14 63
63 14
6 3
21 34
72 104
69 41
69 57
50 74
74 50
84 95
21 151
41 53
50 121
121 50
8 47
14 3
14 85
85 14
4 49
22 75
22 15
60 51
60 62
60 31
5 47
5 13
5 28
60 33
30 68
30 18
30 82
30 66
30 67
49 4
98 75
98 49
98 133
75 98
83 59
57 130
49 98
110 1
164 18
82 130
82 22
82 15
124 101
81 59
86 124
40 38
138 38
138 32
138 90
67 30
67 75
62 70
62 47
75 124
165 2
53 93
53 101
53 124
101 53
93 53
36 29
124 53
117 83
77 53
124 75
53 77
53 66
69 8
66 53
151 105
117 67
67 117
22 85
22 77
22 56
22 88
22 90
56 22
85 22
88 22
68 166
32 94
94 32
63 18
18 26
26 18
57 69
165 51
83 56
56 83
65 86
123 59
89 22
8 16
69 75
56 107
48 3
48 8
3 48
107 56
8 48
14 88
88 14
21 33
90 81
90 39
90 25
90 26
90 33
90 5
90 15
90 58
90 3
90 8
90 4
90 24
90 105
90 83
90 52
90 74
90 113
58 90
105 90
52 90
3 90
4 90
74 90
8 90
33 90
83 90
15 90
39 90
73 47
9 8
9 26
26 90
26 9
67 15
67 5
8 9
25 90
5 90
65 42
50 7
42 65
53 51
52 53
51 53
76 55
63 118
67 8
69 2
151 44
27 124
76 124
121 16
94 74
74 94
52 86
16 121
24 90
58 56
56 58
22 27
27 22
32 13
7 107
13 60
15 8
8 15
33 20
80 95
85 66
60 13
66 85
67 13
53 9
44 13
44 8
44 24
44 26
44 3
44 16
24 44
80 21
80 2
80 56
56 80
21 80
13 44
16 44
9 53
69 42
8 44
2 80
8 17
17 8
26 44
151 70
68 76
13 67
107 7
61 88
9 47
9 88
88 9
67 40
36 30
40 51
40 66
11 71
66 40
86 5
81 101
101 81
54 42
42 54
9 39
31 72
44 10
51 40
10 44
39 9
2 96
72 86
17 66
71 25
72 77
25 72
25 71
80 73
73 80
77 72
118 63
66 17
89 79
79 89
48 40
54 124
84 107
84 108
9 4
69 26
66 69
53 18
18 53
21 42
21 133
54 62
62 54
88 84
11 38
11 54
11 15
54 11
15 11
72 31
40 48
86 8
2 17
2 115
2 25
2 118
2 100
2 55
2 34
17 2
6 107
34 2
55 2
115 2
101 102
25 2
34 13
123 69
13 34
44 123
118 2
54 71
107 6
100 2
100 30
100 57
100 83
100 14
100 3
100 47
100 39
100 32
100 9
100 149
100 60
69 100
3 100
149 100
57 100
3 107
112 115
112 43
112 93
93 112
32 100
39 100
9 100
115 112
83 100
71 54
83 73
83 52
52 83
30 100
43 112
73 83
11 58
11 117
58 11
36 70
57 36
52 40
60 100
53 36
72 66
36 53
4 124
14 100
3 44
50 10
10 50
107 3
18 72
50 16
50 4
16 50
4 50
66 72
4 82
82 4
72 100
68 88
80 89
89 80
124 4
104 72
46 51
50 19
63 125
124 54
51 46
24 72
65 80
12 5
80 65
5 12
18 95
95 18
53 74
74 53
115 14
48 59
85 27
27 85
14 115
117 5
14 36
84 8
33 151
151 33
94 72
94 40
76 68
19 79
79 19
49 65
4 73
49 17
22 72
103 31
69 81
12 56
56 12
72 18
85 79
7 77
24 80
63 51
39 83
83 39
51 63
40 12
12 40
66 52
52 66
79 85
77 100
124 27
54 53
53 54
39 53
53 39
81 69
3 16
8 69
67 100
100 67
16 3
31 15
31 3
9 7
7 9
73 121
121 73
40 96
96 40
29 130
29 109
69 101
19 81
72 2
60 25
25 60
87 1
87 50
87 94
87 23
87 35
87 44
65 71
3 55
55 3
71 65
15 25
25 15
12 38
91 42
74 67
67 74
69 71
63 115
124 47
100 66
4 52
40 1
59 30
44 30
8 38
112 8
8 112
63 84
84 63
44 48
44 85
44 47
48 44
54 76
76 54
85 44
44 74
74 44
81 51
13 31
51 81
4 10
10 4
25 5
30 44
5 25
71 40
60 27
60 117
27 60
95 47
101 69
94 67
52 34
72 83
34 52
40 43
89 18
18 89
33 130
151 10
33 96
96 33
3 38
2 67
69 43
67 2
49 76
49 47
69 6
117 73
70 19
73 117
33 48
33 8
48 33
48 67
20 33
25 38
25 149
149 25
8 33
63 48
63 2
63 71
63 133
63 94
48 63
6 89
6 99
87 112
87 19
87 104
87 79
87 151
87 7
89 49
19 70
67 48
36 103
49 89
49 48
48 49
41 26
41 60
26 41
15 23
122 53
14 72
53 122
76 91
67 47
60 41
121 6
69 7
7 79
8 76
76 8
79 7
8 84
69 49
62 87
87 62
42 96
42 50
96 42
8 6
26 36
42 51
49 84
51 42
77 149
12 14
12 65
12 11
14 12
5 65
69 36
11 12
14 4
18 32
31 13
4 14
15 74
120 37
109 29
74 15
85 69
65 12
65 5
25 8
25 3
8 25
3 25
151 115
115 151
44 125
13 62
82 115
82 43
82 58
82 29
115 82
29 82
58 82
11 65
11 14
65 11
15 65
65 15
71 94
43 82
2 117
104 66
66 104
66 100
69 85
43 40
117 151
74 58
58 74
151 117
149 83
83 149
71 53
34 51
51 34
117 38
117 61
61 117
95 9
9 95
5 61
61 5
58 59
106 61
59 58
32 34
34 32
82 66
66 82
51 62
86 36
86 14
14 11
117 2
76 79
68 117
40 117
40 58
58 40
117 40
5 58
58 5
71 69
58 121
151 79
121 58
63 50
81 57
57 81
43 56
56 43
117 13
59 117
23 57
23 90
57 23
22 23
104 2
104 87
2 104
6 109
59 36
2 112
73 106
13 32
90 23
3 102
30 94
44 21
21 44
12 58
58 12
117 59
109 6
39 8
8 39
32 149
149 32
117 66
93 102
52 26
26 52
65 7
7 65
4 41
4 121
55 81
81 55
117 80
121 4
41 4
42 24
24 42
80 86
86 80
48 124
4 47
88 59
20 151
151 20
81 85
90 79
90 62
79 90
3 76
117 90
124 48
62 90
44 90
68 93
93 68
29 53
27 30
30 27
60 3
60 26
3 60
117 4
53 29
4 88
4 89
88 4
89 4
96 83
104 56
56 104
66 31
3 136
31 66
16 57
57 16
118 23
80 24
71 3
51 60
61 14
3 117
14 61
71 118
81 93
93 81
117 3
117 77
117 95
61 9
9 61
67 79
77 117
79 67
167 47
71 61
69 93
69 124
50 90
115 47
115 57
115 103
115 76
115 13
115 119
115 61
115 30
115 25
115 53
115 124
115 52
115 81
115 32
115 96
115 36
115 8
115 128
115 108
115 24
115 49
115 41
115 77
115 118
115 129
115 130
115 109
115 88
115 28
115 99
115 55
115 20
115 33
115 34
115 149
115 89
115 5
115 17
115 48
115 79
115 16
115 63
115 117
115 74
115 21
115 10
115 94
88 115
129 115
89 115
52 115
30 115
48 115
49 115
103 115
27 115
33 115
57 115
20 115
24 115
76 115
13 115
55 115
21 115
34 115
5 115
32 115
10 115
28 115
16 115
74 115
81 90
124 115
96 115
94 115
17 115
53 115
86 42
86 54
61 115
79 115
117 42
88 79
41 115
8 115
4 15
4 54
15 4
54 4
4 66
117 65
58 9
58 14
58 65
65 58
119 115
117 106
85 55
14 58
59 26
32 128
128 32
128 115
33 74
4 56
56 4
% 167 5783
