373 374
380 374
406 374
130 135
452 459
454 459
472 459
478 459
245 243
255 243
243 245
255 245
1005 1079
907 1115
1222 1115
960 1115
1245 1115
1254 1115
1255 1115
1256 1115
915 1115
155 1297
1384 1035
415 426
435 426
452 1540
118 1543
435 77
1543 77
1384 77
1623 1620
73 1685
454 1685
1688 1685
406 155
1384 155
155 406
1384 406
1091 406
1384 637
638 637
1384 685
73 1513
1384 1513
1148 1513
2106 2309
496 2309
907 2309
1222 2309
960 2309
2032 2309
1453 2309
869 2309
1576 2309
2208 2309
1602 2309
807 2309
1254 2309
2092 2309
1737 2309
2220 2309
2145 2309
1497 2309
1148 2309
1775 2309
915 2309
266 2320
804 2320
496 2320
445 2320
1423 2320
807 2320
638 2320
1531 2320
512 2320
63 370
73 370
2320 370
1384 370
496 370
47 63
73 63
370 63
1572 63
989 63
1775 63
2434 63
915 63
167 163
169 163
1384 118
496 118
2618 118
1900 118
568 2844
2849 2844
2854 2844
73 2844
459 2844
496 2844
907 2844
1222 2844
1357 2844
2506 2844
2357 2844
1423 2844
2884 2844
2511 2844
960 2844
1572 2844
989 2844
2032 2844
869 2844
1634 2844
1576 2844
2208 2844
1602 2844
807 2844
2022 2844
1048 2844
638 2844
1254 2844
1255 2844
1256 2844
1737 2844
2527 2844
2530 2844
2538 2844
2220 2844
2145 2844
1148 2844
1775 2844
2434 2844
915 2844
364 360
114 109
452 472
454 472
459 472
478 472
243 255
245 255
360 364
415 435
426 435
77 435
109 114
47 73
63 73
370 73
1513 73
63 47
73 47
452 478
454 478
459 478
472 478
454 452
459 452
472 452
478 452
135 130
585 130
163 167
169 167
445 167
452 454
459 454
472 454
478 454
3184 3183
3183 3184
373 380
374 380
426 415
435 415
163 169
167 169
1115 169
1661 3255
3240 3255
3245 3255
3286 3255
3299 3255
3322 3255
3339 3255
3340 3255
3348 3255
3374 3255
3377 3255
3386 3255
3391 3255
3399 3255
3434 3255
2834 2786
2662 2786
2835 2786
2836 2786
118 1384
370 1384
1513 1384
685 1384
637 1384
406 1384
155 1384
77 1384
1297 1384
739 1384
1035 1384
1115 1384
1079 1384
1063 1384
971 1384
2324 1384
3255 3348
3286 3348
3299 3348
3322 3348
3339 3348
3340 3348
3374 3348
3377 3348
3386 3348
3391 3348
3399 3348
3434 3348
3255 3322
3286 3322
3299 3322
3339 3322
3340 3322
3348 3322
3374 3322
3377 3322
3386 3322
3391 3322
3399 3322
3434 3322
3255 3340
3286 3340
3299 3340
3322 3340
3339 3340
3348 3340
3374 3340
3377 3340
3386 3340
3391 3340
3399 3340
3434 3340
3255 3286
3299 3286
3322 3286
3339 3286
3340 3286
3348 3286
3374 3286
3377 3286
3386 3286
3391 3286
3399 3286
3434 3286
3255 3339
3286 3339
3299 3339
3322 3339
3340 3339
3348 3339
3374 3339
3377 3339
3386 3339
3391 3339
3399 3339
3434 3339
3255 3299
3286 3299
3322 3299
3339 3299
3340 3299
3348 3299
3374 3299
3377 3299
3386 3299
3391 3299
3399 3299
3434 3299
3255 3374
3286 3374
3299 3374
3322 3374
3339 3374
3340 3374
3348 3374
3377 3374
3386 3374
3391 3374
3399 3374
3434 3374
4260 1091
1611 1091
4264 1091
3942 1091
4270 1091
1885 1091
1688 1091
2341 1091
2328 1091
2095 1091
4286 1091
4287 1091
4298 1091
1311 1091
1313 1091
1316 1091
4198 1091
1301 1091
4313 1091
4703 4701
2911 4885
2760 2990
2891 2990
2805 2990
2991 2990
2806 2990
2767 2990
2830 2990
2650 2990
2739 5033
2944 5033
3322 5033
2760 2991
2891 2991
2990 2991
2805 2991
2806 2991
2767 2991
2830 2991
2650 2991
5159 2760
4376 2739
4378 2739
2915 2739
5033 2739
2944 2739
2341 1563
739 4321
2884 4321
2760 2806
2891 2806
2990 2806
2805 2806
2991 2806
2767 2806
2830 2806
2650 2806
4378 4395
2913 4395
5260 5050
3621 5274
2760 2891
2990 2891
2805 2891
2991 2891
2806 2891
2767 2891
2830 2891
2650 2891
2760 2805
2891 2805
2990 2805
2991 2805
2806 2805
2767 2805
2830 2805
2650 2805
4329 5385
4925 5399
4928 5399
3240 5399
373 5349
380 5349
374 5349
415 5349
426 5349
435 5349
308 5349
47 5349
63 5349
73 5349
109 5349
114 5349
163 5349
167 5349
169 5349
130 5349
135 5349
266 5349
452 5349
454 5349
459 5349
472 5349
478 5349
360 5349
364 5349
199 5349
243 5349
245 5349
255 5349
685 5349
2324 5349
1572 5419
989 5419
1775 5419
2434 5419
915 5419
1222 907
1197 1587
1200 1587
1322 1587
1775 1572
4740 4742
4753 4742
1018 804
2092 804
1999 804
4376 5575
4378 5575
5050 5575
4395 5575
2911 5575
2913 5575
2915 5575
2739 5575
2944 5575
1900 2854
961 5647
5656 4660
4376 2915
4378 2915
63 2915
459 2915
2739 2915
2944 2915
3113 2915
5687 2066
1401 2066
4321 4260
3245 4260
1611 4260
1091 4260
4264 4260
3942 4260
4270 4260
1885 4260
1688 4260
2341 4260
2328 4260
2095 4260
4286 4260
4287 4260
4298 4260
1311 4260
1313 4260
1316 4260
4198 4260
1301 4260
4313 4260
4376 4378
4395 4378
2913 4378
2915 4378
2739 4378
2944 4378
5785 2911
3434 2911
2911 5785
2834 2836
2662 2836
2835 2836
2786 2836
2029 960
2760 2767
2891 2767
2990 2767
2805 2767
2991 2767
2806 2767
2830 2767
2650 2767
4329 4925
4928 4925
3240 4925
1699 1947
638 1947
2618 2671
637 638
4376 5829
4378 5829
5050 5829
4395 5829
2911 5829
2913 5829
2915 5829
2739 5829
2944 5829
1468 1969
989 2434
4378 2913
4395 2913
4321 3942
3245 3942
4260 3942
1611 3942
1091 3942
4264 3942
4270 3942
1885 3942
1688 3942
2341 3942
2328 3942
2095 3942
4286 3942
4287 3942
4298 3942
1311 3942
1313 3942
1316 3942
4198 3942
1301 3942
4313 3942
6355 6240
685 4329
4925 4928
3240 4928
907 1222
2834 2662
2835 2662
2836 2662
2786 2662
130 6463
135 6463
266 6463
199 6463
496 6463
4007 4561
2760 2830
2891 2830
2990 2830
2805 2830
2991 2830
2806 2830
2767 2830
2650 2830
1699 1019
4216 1019
2854 5776
454 5776
2434 989
4260 1885
1611 1885
1091 1885
4264 1885
3942 1885
4270 1885
1688 1885
2341 1885
2328 1885
2095 1885
4286 1885
4287 1885
4298 1885
1311 1885
1313 1885
1316 1885
4198 1885
1301 1885
4313 1885
6240 3837
4742 4753
3054 2567
4376 2944
4378 2944
2915 2944
5033 2944
2739 2944
2106 2029
907 2029
1222 2029
2506 2029
2357 2029
1423 2029
2511 2029
960 2029
1572 2029
989 2029
2032 2029
869 2029
1634 2029
1576 2029
2208 2029
1602 2029
807 2029
2022 2029
1254 2029
1255 2029
1256 2029
2527 2029
2530 2029
2538 2029
2220 2029
2145 2029
1497 2029
1148 2029
2434 2029
915 2029
2671 2618
2834 2835
2662 2835
2836 2835
2786 2835
1453 445
2092 445
2085 445
4378 4376
2915 4376
2739 4376
2944 4376
6669 4376
2341 2308
2328 2308
6716 373
1197 1200
1322 1200
1587 1200
1197 1322
1200 1322
1587 1322
1200 1197
1322 1197
1587 1197
2760 2650
2891 2650
2990 2650
2805 2650
2991 2650
2806 2650
2767 2650
2830 2650
1572 1775
4742 4740
5804 6863
2662 2834
2835 2834
2836 2834
2786 2834
4260 1301
1611 1301
1091 1301
4264 1301
3942 1301
4270 1301
1885 1301
1688 1301
2341 1301
2328 1301
2095 1301
4286 1301
4287 1301
4298 1301
1311 1301
1313 1301
1316 1301
4198 1301
4313 1301
4260 4270
1611 4270
1091 4270
4264 4270
3942 4270
1885 4270
1688 4270
2341 4270
2328 4270
2095 4270
4286 4270
4287 4270
4298 4270
1311 4270
1313 4270
1316 4270
4198 4270
1301 4270
4313 4270
4260 2328
1611 2328
1091 2328
4264 2328
3942 2328
4270 2328
1885 2328
1688 2328
2341 2328
2095 2328
4286 2328
4287 2328
4298 2328
1311 2328
1313 2328
1316 2328
4198 2328
1301 2328
4313 2328
4260 2095
1611 2095
1091 2095
4264 2095
3942 2095
4270 2095
1885 2095
1688 2095
2341 2095
2328 2095
4286 2095
4287 2095
4298 2095
1311 2095
1313 2095
1316 2095
4198 2095
1301 2095
4313 2095
4260 2341
1611 2341
1091 2341
4264 2341
3942 2341
4270 2341
1885 2341
1688 2341
2328 2341
2095 2341
4286 2341
4287 2341
4298 2341
1311 2341
1313 2341
1316 2341
4198 2341
1301 2341
4313 2341
4260 4298
1611 4298
1091 4298
4264 4298
3942 4298
4270 4298
1885 4298
1688 4298
2341 4298
2328 4298
2095 4298
4286 4298
4287 4298
1311 4298
1313 4298
1316 4298
4198 4298
1301 4298
4313 4298
4260 1688
1611 1688
1091 1688
4264 1688
3942 1688
4270 1688
1885 1688
2341 1688
2328 1688
2095 1688
4286 1688
4287 1688
4298 1688
1311 1688
1313 1688
1316 1688
4198 1688
1301 1688
4313 1688
4260 4286
1611 4286
1091 4286
4264 4286
3942 4286
4270 4286
1885 4286
1688 4286
2341 4286
2328 4286
2095 4286
4287 4286
4298 4286
1311 4286
1313 4286
1316 4286
4198 4286
1301 4286
4313 4286
4260 1611
1091 1611
4264 1611
3942 1611
4270 1611
1885 1611
1688 1611
2341 1611
2328 1611
2095 1611
4286 1611
4287 1611
4298 1611
1311 1611
1313 1611
1316 1611
4198 1611
1301 1611
4313 1611
4260 4287
1611 4287
1091 4287
4264 4287
3942 4287
4270 4287
1885 4287
1688 4287
2341 4287
2328 4287
2095 4287
4286 4287
4298 4287
1311 4287
1313 4287
1316 4287
4198 4287
1301 4287
4313 4287
4260 4264
1611 4264
1091 4264
3942 4264
4270 4264
1885 4264
1688 4264
2341 4264
2328 4264
2095 4264
4286 4264
4287 4264
4298 4264
1311 4264
1313 4264
1316 4264
4198 4264
1301 4264
4313 4264
3255 3377
3286 3377
3299 3377
3322 3377
3339 3377
3340 3377
3348 3377
3374 3377
3386 3377
3391 3377
3399 3377
3434 3377
4260 4198
1611 4198
1091 4198
4264 4198
3942 4198
4270 4198
1885 4198
1688 4198
2341 4198
2328 4198
2095 4198
4286 4198
4287 4198
4298 4198
1311 4198
1313 4198
1316 4198
1301 4198
4313 4198
4260 1316
1611 1316
1091 1316
4264 1316
3942 1316
4270 1316
1885 1316
1688 1316
2341 1316
2328 1316
2095 1316
4286 1316
4287 1316
4298 1316
1311 1316
1313 1316
4198 1316
1301 1316
4313 1316
4260 1313
1611 1313
1091 1313
4264 1313
3942 1313
4270 1313
1885 1313
1688 1313
2341 1313
2328 1313
2095 1313
4286 1313
4287 1313
4298 1313
1311 1313
1316 1313
4198 1313
1301 1313
4313 1313
4260 1311
1611 1311
1091 1311
4264 1311
3942 1311
4270 1311
1885 1311
1688 1311
2341 1311
2328 1311
2095 1311
4286 1311
4287 1311
4298 1311
1313 1311
1316 1311
4198 1311
1301 1311
4313 1311
4260 4313
1611 4313
1091 4313
4264 4313
3942 4313
4270 4313
1885 4313
1688 4313
2341 4313
2328 4313
2095 4313
4286 4313
4287 4313
4298 4313
1311 4313
1313 4313
1316 4313
4198 4313
1301 4313
3255 3399
3286 3399
3299 3399
3322 3399
3339 3399
3340 3399
3348 3399
3374 3399
3377 3399
3386 3399
3391 3399
3434 3399
3255 3386
3286 3386
3299 3386
3322 3386
3339 3386
3340 3386
3348 3386
3374 3386
3377 3386
3391 3386
3399 3386
3434 3386
3255 3391
3286 3391
3299 3391
3322 3391
3339 3391
3340 3391
3348 3391
3374 3391
3377 3391
3386 3391
3399 3391
3434 3391
3255 3434
3286 3434
3299 3434
3322 3434
3339 3434
3340 3434
3348 3434
3374 3434
3377 3434
3386 3434
3391 3434
3399 3434
