7 8
5 7
5 30
34 37
34 38
34 39
49 37
50 37
37 34
37 49
37 50
37 42
81 82
140 142
99 118
99 102
99 150
153 154
166 167
166 138
82 81
170 118
170 167
170 175
170 176
170 138
170 180
184 118
115 183
115 130
118 99
118 170
118 184
118 167
118 176
118 138
200 201
102 99
102 210
211 212
150 99
150 248
150 250
145 147
145 253
186 110
186 80
123 130
123 133
183 115
183 201
183 130
201 183
110 186
110 77
80 186
344 345
345 344
347 340
347 65
340 347
340 351
340 359
340 220
340 369
340 65
351 340
356 388
390 394
390 362
390 65
416 418
416 404
418 416
404 416
358 65
359 340
359 438
359 360
359 218
359 362
359 440
359 441
359 220
359 369
359 65
359 442
359 373
359 444
359 223
359 225
359 233
359 378
359 243
438 359
495 497
495 291
495 62
495 499
495 502
495 505
495 220
495 513
495 514
495 515
495 517
495 523
495 525
495 533
495 534
495 295
495 488
360 359
360 218
360 451
360 497
360 291
360 566
360 502
360 505
360 465
360 546
360 470
360 220
360 547
360 65
360 548
360 523
360 549
360 373
360 223
360 478
360 534
360 225
360 552
360 243
360 631
360 643
360 636
218 359
218 360
218 451
218 655
218 54
218 432
218 497
218 291
218 61
218 62
218 502
218 651
218 505
218 464
218 570
218 572
218 546
218 470
218 471
218 220
218 573
218 65
218 548
218 523
218 525
218 549
218 373
218 444
218 223
218 478
218 483
218 661
218 550
218 225
218 552
218 586
218 589
218 167
218 175
218 233
218 596
218 378
218 379
218 662
218 616
218 15
218 237
218 267
218 623
218 268
218 243
218 488
218 663
218 631
451 360
451 218
451 54
451 61
451 62
451 502
451 651
451 505
451 572
451 220
451 573
451 65
451 523
451 373
451 444
451 223
451 478
451 576
451 225
451 552
451 167
451 175
451 378
451 379
451 237
451 623
451 243
451 488
451 663
451 631
451 643
678 566
678 534
655 218
655 502
655 505
655 552
54 218
54 451
54 686
54 687
54 688
54 691
54 693
54 694
54 695
54 696
54 291
54 61
54 566
54 62
54 699
54 505
54 220
54 65
54 373
54 444
54 223
54 483
54 225
54 552
54 379
54 623
54 268
54 488
54 631
686 54
687 54
688 54
691 54
693 54
693 488
694 54
695 54
696 54
705 54
289 713
289 714
289 290
289 497
289 291
289 717
289 718
289 566
289 719
289 502
289 505
289 570
289 721
289 722
289 709
289 514
289 65
289 548
289 373
289 478
289 225
289 552
289 586
289 608
289 663
289 631
289 725
289 636
289 726
432 218
432 713
432 290
432 497
432 291
432 717
432 719
432 499
432 502
432 505
432 721
432 722
432 220
432 709
432 514
432 740
432 65
432 444
432 533
432 534
432 552
432 586
432 488
432 631
432 742
785 713
713 289
713 432
713 785
713 291
713 544
714 289
290 289
290 432
290 502
290 505
290 721
290 65
290 552
290 586
290 138
290 631
497 495
497 360
497 218
497 289
497 432
497 730
497 291
497 717
497 61
497 670
497 566
497 502
497 505
497 721
497 220
497 709
497 65
497 373
497 444
497 533
497 534
818 220
818 514
818 745
818 373
818 223
730 497
730 291
730 718
291 495
291 360
291 218
291 54
291 289
291 432
291 713
291 497
291 730
291 717
291 61
291 566
291 719
291 744
291 62
291 499
291 502
291 505
291 746
291 471
291 220
291 709
291 369
291 517
291 65
291 373
291 444
291 533
291 223
291 478
291 534
291 295
291 483
291 225
291 267
291 138
291 488
291 631
291 726
717 289
717 432
717 497
717 291
717 505
718 289
718 730
828 831
828 832
857 61
61 218
61 451
61 54
61 497
61 291
61 857
61 858
61 859
61 831
61 544
61 566
61 744
61 62
61 505
61 464
61 546
61 220
61 709
61 65
61 549
61 373
61 444
61 223
61 534
61 225
61 552
61 379
61 623
61 488
61 862
61 863
858 61
859 61
831 828
831 61
831 488
831 832
670 497
670 544
670 566
670 62
670 499
670 534
670 488
544 713
544 61
544 670
544 566
544 62
544 709
566 360
566 678
566 54
566 289
566 497
566 291
566 61
566 670
566 544
566 62
566 220
566 223
566 488
719 289
719 432
719 291
719 62
744 291
744 61
744 62
62 495
62 218
62 451
62 54
62 291
62 61
62 670
62 544
62 566
62 719
62 744
62 499
62 220
62 65
62 373
62 869
62 223
62 483
62 225
62 871
62 872
62 379
62 618
62 267
62 243
62 488
62 663
499 495
499 432
499 291
499 670
499 62
499 869
499 533
878 879
879 878
892 764
764 892
764 488
699 54
699 897
897 699
908 911
909 911
911 908
911 909
911 761
394 390
394 65
928 65
913 914
913 65
913 623
914 913
914 946
914 948
914 950
914 953
914 65
914 623
946 914
948 914
950 914
953 914
917 920
920 917
761 911
925 990
990 925
502 495
502 360
502 218
502 451
502 655
502 289
502 432
502 290
502 497
502 291
502 505
502 471
502 220
502 675
502 373
502 534
502 225
651 218
651 451
505 495
505 360
505 218
505 451
505 655
505 54
505 289
505 432
505 290
505 497
505 291
505 717
505 61
505 502
505 471
505 220
505 675
505 770
505 513
505 369
505 373
505 534
505 576
505 578
505 295
505 225
462 65
463 465
463 65
464 218
464 61
464 220
464 369
464 1013
464 65
464 442
464 373
465 360
465 463
465 220
465 65
362 390
362 359
362 65
362 1014
1021 1029
1023 1031
1031 1023
1036 1037
1041 1042
570 218
570 289
570 225
570 379
1042 1041
1055 1056
1056 1055
572 218
572 451
572 767
572 373
1066 440
440 359
440 1066
440 441
440 233
440 1067
441 359
441 440
767 572
468 548
468 523
468 373
468 869
468 444
468 223
468 534
468 243
746 291
721 289
721 432
721 290
721 497
546 360
546 218
546 61
546 470
546 65
546 223
546 225
470 360
470 218
470 546
470 220
470 65
470 223
470 225
470 590
470 379
722 289
722 432
471 218
471 291
471 502
471 505
471 220
471 65
471 373
471 223
220 340
220 359
220 495
220 360
220 218
220 451
220 54
220 432
220 497
220 818
220 291
220 61
220 566
220 62
220 502
220 505
220 464
220 465
220 470
220 471
220 769
220 1087
220 573
220 675
220 770
220 369
220 65
220 373
220 444
220 533
220 223
220 478
220 534
220 295
220 483
220 550
220 225
220 227
220 233
220 310
220 378
220 314
220 379
220 15
220 237
220 267
220 243
220 488
220 1088
769 220
769 65
1087 220
573 218
573 451
573 220
709 289
709 432
709 497
709 291
709 61
709 544
675 502
675 505
675 220
675 65
675 225
770 505
770 220
513 495
513 505
513 533
514 495
514 289
514 432
514 818
740 432
740 1101
369 340
369 359
369 291
369 505
369 464
369 220
369 65
369 373
369 444
369 223
1102 65
1101 740
1101 1103
547 360
547 65
515 495
1103 1101
1103 65
1108 295
517 495
517 291
65 347
65 340
65 390
65 358
65 359
65 360
65 218
65 451
65 54
65 289
65 432
65 290
65 497
65 291
65 61
65 62
65 394
65 928
65 913
65 914
65 462
65 463
65 464
65 465
65 362
65 546
65 470
65 471
65 220
65 769
65 675
65 369
65 1102
65 547
65 1103
65 755
65 442
65 373
65 444
65 223
65 478
65 534
65 1111
65 295
65 483
65 225
65 590
65 167
65 227
65 595
65 233
65 596
65 310
65 378
65 598
65 314
65 316
65 604
65 379
65 616
65 618
65 619
65 15
65 324
65 135
65 1115
65 237
65 238
65 239
65 267
65 623
65 268
65 243
65 488
65 663
65 180
65 1088
371 755
371 295
755 464
755 65
755 371
442 359
442 65
745 818
1121 243
1122 243
548 360
548 218
548 289
548 468
548 225
548 379
548 243
548 488
1126 243
1127 548
1127 243
1132 243
1133 243
1136 243
523 495
523 360
523 218
523 451
523 468
523 373
523 444
523 533
523 223
523 534
523 483
523 225
525 495
525 218
525 373
525 444
525 533
525 223
525 534
525 550
525 225
549 360
549 218
549 61
549 373
549 444
549 223
549 478
549 225
373 359
373 360
373 218
373 451
373 54
373 289
373 497
373 818
373 291
373 61
373 62
373 502
373 505
373 464
373 468
373 471
373 220
373 369
373 65
373 523
373 525
373 549
373 223
373 478
373 295
373 483
373 225
373 589
373 595
373 233
373 378
373 604
373 871
373 379
373 616
373 15
373 237
373 623
373 243
1145 223
869 62
869 499
869 468
444 359
444 218
444 451
444 54
444 432
444 497
444 291
444 61
444 468
444 220
444 369
444 65
444 523
444 525
444 549
444 223
444 478
444 483
444 225
444 379
444 243
444 488
533 495
533 432
533 497
533 291
533 499
533 220
533 513
533 523
533 525
533 295
223 359
223 360
223 218
223 451
223 54
223 818
223 291
223 61
223 566
223 62
223 440
223 468
223 546
223 470
223 471
223 220
223 369
223 65
223 523
223 525
223 549
223 373
223 1145
223 444
223 478
223 748
223 295
223 1144
223 483
223 225
223 589
223 590
223 595
223 233
223 378
223 316
223 379
223 616
223 15
223 237
223 267
223 623
223 268
223 243
223 488
223 663
223 636
478 360
478 218
478 451
478 289
478 291
478 220
478 65
478 549
478 373
478 444
478 223
534 495
534 360
534 678
534 432
534 497
534 291
534 61
534 670
534 502
534 505
534 468
534 220
534 65
534 523
534 525
534 295
534 1143
1150 379
748 223
1111 65
1111 379
576 451
576 578
576 225
576 631
578 502
578 576
578 225
1163 1166
1166 1163
295 495
295 291
295 505
295 220
295 1108
295 65
295 371
295 373
295 533
295 223
295 534
295 225
295 598
295 316
295 631
1143 534
1144 223
1176 483
483 218
483 54
483 291
483 62
483 220
483 65
483 523
483 373
483 444
483 223
483 1176
483 661
483 1177
483 1178
483 225
483 589
483 233
483 378
483 379
483 243
661 218
661 483
1177 483
1178 483
550 218
550 220
550 525
225 359
225 360
225 218
225 451
225 54
225 289
225 291
225 61
225 62
225 502
225 505
225 570
225 546
225 470
225 220
225 675
225 65
225 548
225 523
225 525
225 549
225 373
225 444
225 223
225 576
225 578
225 295
225 483
225 552
225 590
225 233
225 378
225 379
225 15
225 237
225 267
225 623
225 268
225 243
225 488
225 631
225 737
552 360
552 218
552 451
552 655
552 54
552 289
552 432
552 290
552 61
552 225
552 588
552 379
552 488
586 218
586 289
586 432
586 290
588 552
589 218
589 65
589 373
589 223
589 483
589 243
589 488
590 470
590 65
590 223
590 225
167 166
167 170
167 118
167 218
167 451
167 289
167 65
167 591
167 314
167 316
167 811
167 379
167 1212
167 324
167 176
167 237
167 238
167 267
591 65
591 301
591 1090
591 314
591 316
591 811
591 176
591 237
591 138
1089 227
1089 301
1089 302
1089 176
1089 135
1089 237
1089 239
1089 267
1228 227
1228 1230
1228 1231
1228 133
1228 135
1238 1239
1238 1240
1238 1241
1238 227
1238 1230
1243 1239
1243 227
1244 1239
1244 227
1248 227
1239 1238
1239 1243
1239 1244
1239 1240
1239 1236
1239 1241
1239 227
1239 1230
1239 1231
1239 1237
1239 133
1239 135
1239 239
1239 1254
1239 1256
1239 267
1262 1230
1262 135
1240 1238
1240 1239
1240 227
1240 129
1240 1230
1236 1239
1236 227
1236 1231
1236 1237
1236 135
1241 1238
1241 1239
1241 227
227 220
227 65
227 1089
227 1228
227 1238
227 1243
227 1244
227 1248
227 1239
227 1240
227 1236
227 1241
227 129
227 130
227 1268
227 1269
227 1230
227 1237
227 301
227 302
227 314
227 315
227 133
227 135
227 237
227 1273
227 238
227 239
227 241
227 267
227 138
227 1275
129 1240
129 227
129 1230
129 133
129 135
129 241
130 115
130 123
130 183
130 227
130 1230
130 1231
130 133
130 135
130 238
130 239
130 241
130 267
1268 227
1269 227
1230 1228
1230 1238
1230 1239
1230 1262
1230 1240
1230 227
1230 129
1230 130
1230 1231
1231 1228
1231 1239
1231 1236
1231 130
1231 1230
1237 1239
1237 1236
1237 227
301 591
301 1089
301 227
301 1303
301 302
301 314
301 1094
301 315
301 316
301 133
301 176
301 135
301 237
301 239
301 241
301 138
302 1089
302 227
302 301
302 314
302 315
302 135
302 237
302 239
302 267
302 138
1090 591
175 170
175 218
175 451
175 65
1318 1319
1318 327
1319 1318
1331 176
1338 257
1338 1340
1338 1342
1338 1343
1354 257
1354 1355
1347 1357
1348 257
1360 1340
1360 1362
1365 1340
1373 1340
257 1338
257 1354
257 1348
257 1351
257 1405
257 15
257 927
257 1411
257 623
257 268
257 1340
1351 257
1351 1405
1351 15
1405 257
1405 1351
592 1415
592 1417
592 1420
592 595
592 1040
592 609
592 379
592 1422
592 636
592 1196
1415 592
1417 592
1417 1196
1420 592
1438 595
1443 595
1444 375
1444 1445
1444 595
375 1444
375 595
375 233
375 1040
1445 1444
1445 595
595 65
595 373
595 223
595 592
595 1438
595 1443
595 1444
595 375
595 1445
595 1463
595 233
595 1040
595 596
595 309
595 310
595 378
595 1464
595 615
595 1457
595 15
595 1076
595 1048
595 1028
595 1050
595 1458
595 1442
1463 595
1465 1196
1475 1196
1191 375
1191 1196
1477 1453
1477 596
1477 1196
1453 1477
1453 1196
233 359
233 218
233 440
233 220
233 65
233 373
233 223
233 483
233 225
233 375
233 595
233 1040
233 596
233 378
233 1076
233 267
233 623
233 243
233 488
233 1028
233 627
233 634
233 1494
1040 592
1040 375
1040 595
1040 233
1040 596
1040 309
1040 378
1040 602
1040 1496
1040 736
1040 1506
1040 1498
1040 1464
1040 1037
1040 1028
1040 636
1040 1050
1040 1442
1509 596
596 218
596 65
596 375
596 595
596 1477
596 233
596 1040
596 1509
596 309
596 310
596 378
596 1498
596 1464
596 615
596 616
596 623
596 1494
596 1442
309 220
309 595
309 1040
309 596
309 310
309 1500
309 1517
309 378
309 815
309 623
309 636
309 1504
309 1442
310 61
310 220
310 373
310 595
310 596
310 309
310 1500
310 378
310 623
310 1196
310 1504
1500 309
1500 310
1500 1521
1517 309
1521 309
1521 1500
378 359
378 218
378 451
378 220
378 65
378 373
378 223
378 483
378 225
378 595
378 233
378 1040
378 596
378 309
378 310
378 1496
378 736
378 1498
378 615
378 616
378 619
378 1457
378 15
378 1076
378 135
378 623
378 268
378 243
378 1028
378 636
378 1196
1532 268
1608 1605
1610 1605
1610 268
1557 268
1613 268
1605 1608
1605 1610
1596 1575
1596 268
1617 268
1560 268
1649 1661
1686 1091
1686 1690
1686 1691
1686 1693
1686 1700
1686 1701
1686 1703
1686 1704
1686 1705
1686 1709
1686 1714
1686 598
1686 1687
1686 1717
1686 1096
1686 1718
1091 1686
1091 598
1091 1687
1091 1096
1690 1686
1691 1686
1693 1686
1700 1686
1701 1686
1703 1686
1704 1686
1705 1686
1709 1686
1714 1686
1714 1718
1730 1731
1730 1732
1733 1293
1733 598
1774 1731
1774 1755
1774 1776
1774 1777
1731 1730
1731 1774
1731 1755
1731 1757
1731 1776
1731 1732
1731 1777
1755 1774
1755 1731
1755 598
1755 1757
1755 1776
1755 1687
1755 1746
1755 1717
1755 1096
1755 1777
1755 1786
1293 1733
1293 598
1293 1762
1293 1793
1293 237
1293 1795
1293 1796
1293 1798
598 65
598 295
598 1686
598 1733
598 1755
598 1293
598 1757
598 1687
598 1746
598 1096
598 135
598 237
598 239
1757 1731
1757 1755
1757 598
1757 1687
1757 1746
1757 1768
1757 1772
1807 1808
1776 1774
1776 1731
1776 1755
1810 1687
1810 1811
1687 1686
1687 1091
1687 1755
1687 598
1687 1757
1687 1804
1687 1812
1687 1746
1687 1096
1687 1811
1687 1813
1804 1687
1814 1687
1814 1812
1762 1293
1762 1763
1762 1789
1763 1762
1812 1687
1812 1814
1746 1755
1746 598
1746 1757
1746 1687
1746 1732
1732 1730
1732 1731
1732 1746
1793 1293
1820 1821
1820 1828
1821 1820
1821 1823
1821 1828
1717 1686
1717 1755
1717 1096
1847 314
1847 1848
1847 1849
1847 1850
314 220
314 65
314 167
314 591
314 227
314 301
314 302
314 1847
314 1848
314 1854
314 1857
314 1858
314 1849
314 1861
314 1094
314 1868
314 1297
314 1870
314 1850
314 1872
314 315
314 316
314 811
314 176
314 135
314 237
314 138
1848 1847
1848 314
1854 314
1854 1849
1857 314
1857 1849
1858 314
1858 1881
1858 1882
1849 1847
1849 314
1849 1854
1849 1857
1849 1883
1861 314
1094 301
1094 314
1094 811
1094 176
1094 237
1868 314
1297 314
1870 314
1850 1847
1850 314
1872 314
1823 1821
1903 315
1904 315
315 227
315 301
315 302
315 314
315 1903
315 1904
315 1899
315 176
315 135
315 237
1899 315
1096 1686
1096 1755
1096 598
1096 1687
1096 1717
1096 237
1917 316
1918 316
1919 1916
316 65
316 223
316 295
316 167
316 591
316 301
316 314
316 1917
316 1918
316 1916
316 811
316 135
316 237
316 239
316 631
1916 1919
1916 316
1934 236
1934 1935
236 591
236 1934
236 1935
600 1932
600 1929
600 237
1936 1937
1936 1928
1936 176
1936 237
1936 1939
1937 1936
1937 237
1940 176
1940 138
1942 138
811 591
811 314
811 1094
811 316
811 237
1928 1936
1928 1939
1932 600
1929 600
602 1040
602 1192
602 1947
602 1948
602 604
602 609
602 379
602 1422
602 623
602 268
602 636
602 817
602 1949
602 1951
1192 602
1192 1955
1192 609
1192 379
1192 1422
1955 1192
1955 1422
1955 1957
1947 602
1948 602
1948 817
604 65
604 373
604 602
604 1959
604 608
604 379
604 1422
604 488
604 636
604 817
604 1957
604 1961
1962 1589
1962 1965
1962 1966
1589 1962
1589 379
1589 268
1589 1957
1965 1962
871 62
871 373
871 243
871 663
872 62
872 379
872 488
1154 609
1154 379
1154 663
1154 1996
1154 1957
1959 604
1959 379
1959 663
1987 609
1987 379
608 289
608 604
608 1498
608 1422
609 592
609 602
609 1192
609 1154
609 1987
609 1992
609 1422
609 488
609 636
609 1196
609 1957
379 218
379 451
379 54
379 61
379 62
379 570
379 470
379 220
379 65
379 548
379 373
379 444
379 223
379 1150
379 1111
379 483
379 225
379 552
379 167
379 592
379 602
379 1192
379 604
379 1589
379 872
379 1154
379 1959
379 1987
379 616
379 618
379 1422
379 1993
379 623
379 268
379 243
379 488
379 663
379 636
379 2019
379 1957
662 218
662 663
1992 609
1496 1040
1496 378
1496 736
1496 613
1496 615
1496 15
736 1040
736 378
736 1496
1506 1040
1506 613
2040 1506
2040 615
2041 2053
1561 2056
1561 619
1561 15
1561 1568
1561 623
1561 268
2064 613
613 1496
613 1506
613 2064
613 2069
613 615
613 2070
613 15
613 623
613 2071
2069 613
2069 1464
1498 1040
1498 596
1498 378
1498 608
1498 663
1498 636
2053 2041
1464 595
1464 1040
1464 596
1464 2069
2057 2058
2057 2056
2057 618
2057 623
2057 2098
2058 2057
2058 2056
2058 619
2056 1561
2056 2057
2056 2058
2056 618
2056 1568
2056 623
615 595
615 596
615 378
615 1496
615 2040
615 613
615 15
615 623
2070 613
1499 15
616 218
616 65
616 373
616 223
616 596
616 378
616 379
616 15
616 623
616 2119
2123 2127
2123 2128
2123 2129
2123 2098
2123 2136
2123 2137
2142 623
2127 2123
2127 623
2127 2098
2128 2123
2129 2123
618 62
618 65
618 379
618 2057
618 2056
618 619
618 15
618 623
618 268
618 2149
618 2152
618 2153
618 2155
619 65
619 378
619 1561
619 2058
619 618
619 1457
619 15
619 1568
619 623
619 268
619 2149
619 2157
619 2160
619 2155
2181 2188
2181 2189
2181 1457
2181 2190
2181 1578
2188 2181
2189 2181
2189 1457
1547 1457
1547 1564
1547 15
1547 927
1547 268
1457 375
1457 595
1457 378
1457 619
1457 2181
1457 2189
1457 1547
1457 2207
1457 2208
1457 2209
1457 2210
1457 2211
1457 1564
1457 15
1457 813
1457 623
1457 2190
1457 2212
1457 2205
1457 2216
1457 2220
1457 268
1457 1578
2223 2207
2207 1457
2207 2223
2208 1457
2209 1457
2210 1457
2210 15
2211 1457
2211 1564
2226 1564
2230 1564
2230 15
1564 1547
1564 1457
1564 2211
1564 2226
1564 2230
1564 15
1564 623
15 218
15 220
15 65
15 373
15 223
15 225
15 257
15 1351
15 595
15 378
15 1496
15 1561
15 613
15 615
15 1499
15 616
15 618
15 619
15 1547
15 1457
15 2210
15 2230
15 1564
15 927
15 1568
15 813
15 1549
15 815
15 623
15 2220
15 268
15 2098
15 1578
15 243
15 1661
2277 927
2292 927
927 257
927 1547
927 15
927 2277
927 2292
927 623
927 1578
1411 257
1979 2368
1552 1565
1552 1569
1552 813
1552 815
1552 1575
1552 268
1552 1584
1552 2325
1552 2330
1552 2086
1565 1552
1565 1571
1565 1549
1565 815
1565 1422
1565 1575
1565 1584
1565 2322
1565 2351
1568 1561
1568 2056
1568 619
1568 15
1568 1569
1568 813
1568 1571
1568 1549
1568 815
1568 623
1569 1552
1569 1568
1569 813
1569 1549
1569 815
1569 1422
1569 1575
1569 268
1569 2315
1569 1584
1569 2325
1569 2370
1569 2351
813 1457
813 15
813 1552
813 1568
813 1569
813 1571
813 1549
813 815
813 1575
813 623
813 268
813 2340
813 2347
1571 1565
1571 1568
1571 813
1571 1549
1571 815
1549 15
1549 1565
1549 1568
1549 1569
1549 813
1549 1571
1549 815
815 309
815 15
815 1552
815 1565
815 1568
815 1569
815 813
815 1571
815 1549
815 2393
815 1422
815 1575
815 623
815 268
815 2381
815 2315
815 1584
815 2368
815 2322
815 2330
815 2334
815 2335
815 2371
815 2086
815 2395
2393 815
2397 1422
1422 592
1422 602
1422 1192
1422 1955
1422 604
1422 608
1422 609
1422 379
1422 1565
1422 1569
1422 815
1422 2397
1422 2315
1422 636
1422 2368
1422 2335
1422 2398
1422 2401
1575 1596
1575 1552
1575 1565
1575 1569
1575 813
1575 815
1575 268
1575 1584
1575 2321
1575 2371
1575 2086
1575 2406
1076 375
1076 595
1076 233
1076 378
2413 2410
2413 2414
2413 2416
2419 1576
2421 1576
2427 1254
2456 133
2456 324
2456 238
2456 239
2456 241
2456 267
2467 1576
2467 2469
133 123
133 1228
133 1239
133 227
133 129
133 130
133 301
133 2456
133 2447
133 1212
133 324
133 2448
133 263
133 176
133 135
133 1115
133 237
133 264
133 1273
133 771
133 2473
133 2474
133 238
133 2475
133 239
133 1282
133 1283
133 266
133 1254
133 241
133 1576
133 2452
133 2476
133 1256
133 267
133 2453
133 138
133 2478
133 2481
2482 238
2447 133
2447 2448
2447 241
1212 167
1212 133
1212 176
1212 135
1212 238
1212 239
1212 241
1212 242
1212 267
1212 138
324 65
324 167
324 2456
324 133
324 1212
324 176
324 135
324 237
324 771
324 238
324 239
324 1283
324 266
324 241
324 242
324 267
324 138
324 2498
324 2499
324 2494
2501 2503
2448 133
2448 2447
2448 241
2448 2452
2448 267
2519 241
2461 1273
2461 2475
2461 1282
2461 2476
263 133
263 241
263 267
214 176
214 238
214 267
176 170
176 118
176 167
176 591
176 1089
176 301
176 1331
176 314
176 1094
176 315
176 1936
176 1940
176 133
176 1212
176 324
176 214
176 135
176 1115
176 771
176 2539
176 2474
176 238
176 239
176 1282
176 2483
176 1283
176 241
176 267
176 2438
176 138
176 2543
176 2478
176 2485
176 2545
176 2547
1226 242
1226 138
135 65
135 1089
135 1228
135 1239
135 1262
135 1236
135 227
135 129
135 130
135 301
135 302
135 378
135 598
135 314
135 315
135 316
135 133
135 1212
135 176
135 1115
135 237
135 1273
135 771
135 238
135 239
135 1282
135 327
135 266
135 1254
135 241
135 242
135 2452
135 1256
135 267
135 2453
135 138
1115 65
1115 133
1115 324
1115 176
1115 135
1115 238
1115 239
1115 241
1115 242
1115 267
1115 138
237 218
237 451
237 220
237 65
237 373
237 223
237 225
237 167
237 591
237 1089
237 227
237 301
237 302
237 1293
237 598
237 314
237 1094
237 1823
237 315
237 1096
237 316
237 600
237 1936
237 1937
237 811
237 133
237 324
237 135
237 771
237 238
237 239
237 241
237 267
237 138
264 133
264 241
2576 2577
1273 227
1273 133
1273 2461
1273 135
1273 238
1273 239
1273 266
1273 241
1273 267
1273 138
771 133
771 324
771 176
771 135
771 237
771 238
771 239
771 241
771 267
771 138
2539 176
2434 241
2434 138
2473 133
2473 239
2473 266
2473 241
2473 267
2474 133
2474 176
2474 771
2474 238
2474 267
2474 138
238 65
238 167
238 227
238 130
238 2456
238 133
238 2482
238 1212
238 324
238 214
238 176
238 135
238 1115
238 237
238 1273
238 771
238 2474
238 2609
238 239
238 1283
238 327
238 266
238 241
238 242
238 267
238 138
238 268
238 2485
238 2499
238 2612
238 2547
2609 238
2615 241
2475 133
2475 2461
2475 239
2618 1576
239 65
239 1089
239 1239
239 227
239 130
239 301
239 302
239 598
239 316
239 2456
239 133
239 1212
239 324
239 176
239 135
239 1115
239 237
239 1273
239 771
239 2473
239 238
239 2475
239 1282
239 1283
239 327
239 266
239 1254
239 241
239 242
239 2452
239 2476
239 1256
239 267
239 2453
239 138
239 268
239 2494
1282 133
1282 2461
1282 176
1282 135
1282 239
1282 266
1282 241
1282 267
1282 138
2483 176
2483 138
2483 2622
1283 133
1283 324
1283 176
1283 238
1283 239
1283 241
1283 242
1283 138
327 1318
327 135
327 238
327 239
327 267
2561 2653
266 133
266 324
266 135
266 1273
266 2473
266 238
266 239
266 1282
266 241
266 2452
266 1256
266 267
1254 1239
1254 2427
1254 133
1254 135
1254 239
1254 241
1254 1256
1254 2655
241 227
241 129
241 130
241 301
241 2456
241 133
241 2447
241 1212
241 324
241 2448
241 2519
241 263
241 176
241 135
241 1115
241 237
241 264
241 1273
241 771
241 2434
241 2473
241 238
241 2615
241 239
241 1282
241 1283
241 266
241 1254
241 242
241 2452
241 1256
241 267
241 2453
241 138
241 2487
241 2440
241 2660
241 2665
241 2503
241 2671
241 2673
2674 2410
1993 379
1576 2419
1576 2421
1576 2467
1576 133
1576 2618
1576 267
1576 2410
1576 2680
1576 2682
242 1212
242 324
242 1226
242 135
242 1115
242 238
242 239
242 1283
242 241
242 267
242 138
242 2632
242 2614
242 2440
2452 133
2452 2448
2452 135
2452 239
2452 266
2452 241
2452 267
2476 133
2476 2461
2476 239
2476 138
1256 1239
1256 133
1256 135
1256 239
1256 266
1256 1254
1256 241
1256 267
1256 2453
267 218
267 291
267 62
267 220
267 65
267 223
267 225
267 167
267 1089
267 1239
267 227
267 130
267 302
267 233
267 1936
267 2456
267 133
267 1212
267 324
267 2448
267 214
267 176
267 135
267 1115
267 237
267 1273
267 771
267 2473
267 2474
267 238
267 239
267 1282
267 327
267 266
267 241
267 1576
267 242
267 2452
267 1256
267 2438
267 2453
267 138
267 268
267 2624
2410 2413
2410 2674
2410 1576
2410 2411
2410 2694
2410 2695
2410 2698
2410 2416
2704 135
2630 138
2438 176
2438 267
2438 138
2680 1576
2453 133
2453 135
2453 239
2453 241
2453 1256
2453 267
138 166
138 170
138 118
138 290
138 291
138 591
138 1089
138 227
138 301
138 302
138 314
138 1940
138 1942
138 133
138 1212
138 324
138 176
138 1226
138 135
138 1115
138 237
138 1273
138 771
138 2434
138 2474
138 238
138 239
138 1282
138 2483
138 1283
138 241
138 242
138 2476
138 267
138 2630
138 2438
138 2645
138 2478
138 2485
138 2632
138 2614
138 2440
138 2545
138 2559
623 218
623 451
623 54
623 61
623 913
623 914
623 65
623 373
623 223
623 225
623 257
623 233
623 596
623 309
623 310
623 378
623 602
623 379
623 1561
623 613
623 2057
623 2056
623 615
623 616
623 2142
623 2127
623 618
623 619
623 1457
623 1564
623 15
623 927
623 1565
623 1568
623 1569
623 813
623 1571
623 815
623 268
623 2098
623 1578
623 243
623 2381
623 636
623 1196
623 1957
2190 2181
2190 1457
2212 1457
2205 1457
2216 1457
2724 1578
2726 2728
2731 1578
2220 1457
2220 15
268 218
268 54
268 65
268 373
268 257
268 378
268 1532
268 1610
268 1557
268 1613
268 1596
268 1617
268 1560
268 602
268 1589
268 379
268 1561
268 618
268 619
268 1547
268 1457
268 15
268 1552
268 1569
268 813
268 815
268 1575
268 238
268 239
268 267
268 623
268 2098
268 1578
268 1584
268 1536
268 2088
2098 2057
2098 2123
2098 2127
2098 15
2098 623
2098 268
1578 2181
1578 1457
1578 15
1578 927
1578 623
1578 2724
1578 2731
1578 268
243 359
243 360
243 218
243 451
243 62
243 468
243 220
243 65
243 1121
243 1122
243 548
243 1126
243 1127
243 1132
243 1133
243 1136
243 373
243 444
243 223
243 483
243 225
243 589
243 233
243 378
243 871
243 379
243 15
243 623
243 488
243 663
243 627
243 2733
243 2734
2543 176
488 495
488 218
488 451
488 54
488 693
488 432
488 291
488 61
488 831
488 670
488 566
488 62
488 220
488 65
488 548
488 444
488 223
488 225
488 552
488 589
488 604
488 872
488 609
488 379
488 243
663 218
663 451
663 289
663 62
663 65
663 223
663 871
663 1154
663 1959
663 379
663 662
663 1498
663 243
663 636
663 1196
1037 1036
1037 1040
1037 1028
1048 595
1048 1028
1049 1028
1028 223
1028 595
1028 233
1028 1040
1028 378
1028 1037
1028 1048
1028 1049
1028 1462
627 233
627 243
627 634
2645 138
2487 241
2478 133
2478 176
2478 138
2485 176
2485 238
2485 138
2485 2622
2498 324
2632 242
2632 138
2499 238
2381 815
2381 623
1718 1686
1718 1714
1340 1338
1340 1360
1340 1365
1340 1373
1340 257
1340 2795
1340 1362
1355 1354
2149 618
2149 619
2315 1569
2315 815
2315 1422
2614 242
2614 138
1661 1649
1661 15
631 360
631 218
631 451
631 54
631 289
631 432
631 290
631 291
631 576
631 295
631 225
631 316
2440 241
2440 242
2440 138
2612 238
634 233
634 627
634 636
2136 2123
2137 2123
2157 619
2152 618
2733 243
2734 243
737 225
1768 1757
2119 616
333 145
147 145
147 253
42 37
42 2805
832 828
832 831
2545 176
2545 138
1828 1820
1828 1821
725 289
742 586
643 360
643 451
636 360
636 289
636 223
636 592
636 1040
636 309
636 378
636 602
636 604
636 609
636 379
636 1498
636 1422
636 623
636 663
636 634
1196 592
1196 1415
1196 1417
1196 375
1196 1465
1196 1475
1196 1191
1196 1477
1196 1453
1196 310
1196 378
1196 609
1196 623
1196 663
1196 636
1196 1460
1196 1485
2660 241
862 61
862 863
2810 379
2494 324
2494 239
817 602
817 1948
817 604
817 1949
1949 602
1949 817
1996 1154
1996 2765
2019 379
2019 2030
1957 1955
1957 604
1957 1589
1957 1154
1957 609
1957 379
1957 623
1584 1552
1584 1565
1584 1569
1584 815
1584 1575
1584 268
1536 268
2566 2816
2786 2784
2786 2787
25 7
8 7
11 32
30 5
38 34
39 34
253 145
253 147
2826 2827
2826 165
275 280
275 2828
2827 2826
2827 165
1883 1849
1881 1858
248 150
77 110
103 142
278 280
212 211
2843 244
244 2843
250 150
154 153
165 2827
165 2847
280 275
280 278
142 140
142 103
210 102
2828 275
2828 281
281 2828
2809 2848
863 61
863 862
726 289
726 291
972 973
1014 362
1050 595
1050 1040
1067 440
2624 267
2653 2561
2547 176
2547 238
2665 241
2577 2576
180 170
180 65
1275 227
1342 1338
1343 1338
1357 1347
2875 2877
2875 1391
2877 1391
1391 2875
1458 595
1460 1196
1485 1196
1494 233
1494 596
1504 309
1504 310
1504 1500
1462 1028
2567 2572
2682 1576
32 11
1811 1810
1811 1687
1882 1858
1813 1810
1789 1762
1951 602
1961 604
1966 1962
2030 2019
2765 1996
2071 613
2160 619
2153 618
2155 618
2155 619
2728 2726
2267 2890
2890 2267
2368 1979
2368 815
2368 1422
2368 2322
2368 2325
2368 2370
2368 2371
2368 2086
2368 2347
2368 2897
2321 1575
2322 1565
2322 815
2322 2368
2325 1552
2325 1569
2325 2368
2330 1552
2330 815
2330 2086
2370 1569
2370 2368
2334 815
2898 2335
2335 815
2335 1422
2335 2898
2340 813
2371 815
2371 1575
2371 2368
2086 1552
2086 815
2086 1575
2086 2368
2086 2330
2088 268
2347 813
2347 2368
2351 1565
2351 1569
2395 815
2398 1422
2401 1422
2406 1575
1935 1934
1935 236
2411 2410
2636 2637
2637 2904
2906 1870
2469 2467
1442 595
1442 1040
1442 596
1442 309
1939 1936
1939 1928
2915 241
2622 2483
2622 2485
2503 2501
2503 241
2671 241
2673 241
2481 133
2816 2923
2572 2567
2414 2413
2694 2410
2695 2410
2698 2410
2416 2413
2416 2410
2655 1254
2687 2688
2693 2936
1795 1293
1772 1757
1777 1774
1777 1731
1777 1755
1786 1755
1809 1293
1798 1293
1029 1021
1362 1360
1362 1340
2897 2368
1088 220
1088 65
2848 2809
2805 42
2559 138
