19 48
78 19
81 19
44 19
120 19
19 169
19 95
326 95
19 78
44 78
19 81
443 44
19 44
78 44
495 44
496 44
497 44
503 44
510 44
35 44
519 44
521 44
144 44
530 44
158 44
159 44
160 44
535 44
63 639
44 497
19 120
1917 19
44 1919
44 1997
44 2021
44 2033
19 1917
44 1917
44 2051
44 2054
44 2055
44 2081
44 2084
44 2089
44 2093
44 2094
44 2097
44 2098
44 2100
44 2106
44 2107
44 2110
44 2123
44 2124
44 139
44 2135
44 2137
44 2142
44 326
44 2148
44 2152
44 2155
44 2159
44 2162
44 2165
44 2168
44 2171
44 2172
44 2177
44 2178
44 2180
44 2187
44 2188
44 2191
44 2200
44 2202
44 495
44 2225
44 2229
44 2231
44 2232
44 2238
44 2248
44 2250
44 2253
44 2254
44 2258
44 2262
44 2269
44 2275
44 2276
44 2282
44 1637
44 2289
44 2291
44 2297
44 2298
1295 2303
44 2318
44 2323
44 2327
44 2329
44 519
44 2333
44 2337
44 2338
44 2349
44 2350
44 2354
44 2362
44 2364
44 2373
44 2376
44 2377
44 2378
44 2381
44 2384
44 496
44 2394
44 2399
44 2406
44 2407
44 2410
44 2413
44 2420
44 2422
44 2428
44 2435
44 580
44 2444
44 2445
44 2458
44 2469
44 2473
44 331
44 503
44 2480
44 2484
44 2485
44 2486
44 2489
44 2494
44 2496
44 332
44 2520
44 2527
44 2528
44 2530
44 2531
19 2536
44 35
44 2553
44 2558
44 2559
44 2563
44 2567
44 2568
44 2570
44 2571
44 2572
44 2573
44 2576
44 2577
44 2580
44 2592
44 2593
44 2597
44 2598
44 2605
44 2607
44 2610
44 2612
44 2613
44 2622
44 2623
44 2630
44 2635
44 2636
44 2638
44 2639
44 2641
44 2642
44 2643
44 2647
44 2648
44 2650
44 2654
44 2655
44 1428
510 1428
44 2658
44 2660
44 2667
44 2670
44 2683
44 2689
44 2690
44 2691
44 1638
44 2705
44 2708
44 2712
44 2716
44 2719
44 2722
44 2723
44 2724
44 2729
44 2730
44 2735
44 2736
44 2741
44 2742
44 2744
44 2750
44 2751
44 2754
44 2762
44 2763
44 2766
44 2767
44 2781
44 2784
44 2787
44 2788
44 2790
44 2792
44 2794
44 2795
44 2797
44 2804
44 2813
44 2817
44 2825
44 2826
44 2831
44 2856
44 2872
44 2875
44 2879
44 2885
44 2893
44 2898
44 2903
44 2904
44 2911
44 2913
44 142
44 2914
142 2917
35 2917
44 2922
44 2927
44 2928
44 2937
44 2938
44 2946
44 2947
44 2949
44 2954
44 2955
44 2957
44 2967
44 2968
44 521
44 2977
44 2981
569 115
671 3079
44 3085
151 3089
