12 5
23 9
24 9
31 9
42 167
12 167
168 43
9 23
12 23
42 173
12 185
12 186
12 239
12 245
9 24
274 24
31 24
52 24
250 24
23 24
275 24
100 24
277 24
278 24
111 24
120 24
281 24
134 24
128 24
282 24
217 24
290 24
210 24
43 168
12 301
12 309
326 95
12 351
12 355
12 370
12 274
12 400
12 415
12 437
12 441
12 447
24 250
12 483
12 557
12 563
12 567
12 600
12 601
154 42
12 610
12 642
12 664
128 508
12 685
12 708
12 717
12 721
12 731
12 736
12 744
24 275
12 784
24 100
968 967
50 1043
12 1045
31 1106
24 277
12 1257
9 486
24 278
12 1370
24 1371
24 111
1497 1539
24 1547
24 210
128 210
31 210
12 1573
12 1583
24 120
1683 1682
12 1880
31 128
134 128
24 128
508 128
12 2053
24 2138
12 2138
50 2141
151 2156
128 134
24 134
50 2209
326 2264
2155 2353
24 2450
24 2550
2652 2849
134 2978
50 31
2674 2988
2674 2989
24 217
24 290
12 3093
12 3095
12 3098
12 3101
12 3109
12 7
12 3119
12 3129
12 3133
