12 13
26 7
47 46
36 50
36 58
12 66
87 63
36 110
87 58
80 58
119 58
36 133
36 134
36 73
67 154
194 195
194 206
63 46
36 209
227 26
12 168
194 209
1 255
261 256
36 254
267 256
220 67
67 256
277 50
301 63
63 301
314 308
314 254
254 308
308 254
67 63
63 67
324 329
329 324
36 189
36 75
332 308
239 349
353 254
349 97
277 308
277 361
97 349
368 367
36 361
367 368
373 308
308 373
332 352
368 194
194 368
189 358
376 50
50 376
277 376
189 349
1 397
220 373
220 308
220 224
220 254
399 382
12 402
201 410
410 201
67 410
423 410
423 97
194 1
36 428
342 63
342 194
435 308
451 67
274 462
475 368
477 1
483 368
277 482
277 481
274 481
368 483
423 454
274 376
277 352
308 435
475 481
494 63
494 445
1 477
194 223
220 505
342 454
209 194
509 454
454 510
448 352
453 516
477 526
526 477
67 533
67 529
67 527
67 482
67 72
67 521
67 475
75 475
475 75
308 538
97 352
145 119
509 536
536 509
36 119
447 119
509 97
97 509
555 509
527 554
554 527
209 527
527 209
367 393
555 562
119 168
168 119
75 97
538 570
119 538
308 220
363 454
454 363
308 352
308 454
454 308
73 393
73 454
308 97
97 308
277 73
233 481
363 475
475 363
586 481
586 538
555 590
368 482
368 454
447 368
368 538
482 368
306 239
12 527
454 368
555 393
605 308
454 509
555 570
555 306
447 254
586 349
590 641
641 590
638 254
376 481
481 376
648 368
481 638
638 481
648 590
638 482
648 349
673 254
254 673
482 194
194 482
277 673
555 676
555 641
586 638
555 402
616 570
509 616
673 454
339 314
681 306
586 616
145 254
673 554
586 673
12 536
454 673
554 673
705 154
679 26
586 402
274 201
277 602
274 645
110 638
616 509
681 659
254 561
561 254
256 339
638 110
605 368
605 254
739 616
339 256
638 602
482 454
638 744
462 638
509 306
739 745
527 746
645 274
739 308
746 527
308 739
712 758
758 712
681 590
638 462
638 269
638 562
590 402
402 590
638 560
638 505
638 341
586 758
586 504
586 454
681 758
509 758
679 72
605 341
352 97
254 352
681 562
481 233
624 97
560 638
562 590
616 794
794 616
277 794
220 624
586 784
605 734
712 189
586 244
189 712
605 332
483 194
341 638
805 274
448 244
277 448
244 448
805 250
448 784
705 712
12 784
12 308
679 308
308 794
12 823
605 224
679 504
12 825
605 194
342 638
679 67
638 342
705 825
712 705
638 794
250 638
638 250
605 73
638 87
638 758
250 72
250 536
308 823
67 825
72 250
679 7
250 475
475 250
87 475
590 835
835 590
12 757
605 462
194 679
823 308
12 681
63 801
504 586
801 63
679 841
194 823
194 586
194 555
482 823
605 681
590 681
681 605
73 605
823 482
244 586
536 250
72 857
26 823
823 26
448 823
341 863
679 580
536 765
765 536
869 823
765 226
226 765
638 870
870 638
857 72
12 605
254 605
36 250
555 482
194 516
194 234
234 194
765 883
835 752
638 884
823 869
915 224
884 194
206 194
482 555
841 679
276 903
194 97
97 194
151 907
308 931
308 863
194 884
559 97
97 559
679 393
393 679
679 903
87 393
393 87
915 393
308 638
638 308
308 561
638 940
940 638
903 679
944 393
915 841
915 823
36 940
586 308
308 586
586 952
841 915
277 254
952 586
950 454
454 950
67 679
67 536
277 194
277 884
940 536
536 940
940 454
454 940
239 950
950 840
840 950
840 536
840 352
940 151
573 840
940 274
840 573
586 840
840 586
590 840
950 239
840 590
561 308
254 277
516 194
72 679
679 306
823 915
679 341
151 940
950 341
950 823
823 950
341 950
277 823
823 277
940 36
448 971
971 448
448 454
448 831
306 679
831 448
448 712
151 971
448 194
341 840
448 561
561 448
194 448
341 157
454 448
189 36
448 254
980 831
831 980
712 448
250 358
12 73
12 817
448 835
448 817
835 448
555 840
840 555
980 840
342 971
342 840
838 840
73 991
817 448
448 402
402 586
586 194
402 448
971 151
448 840
840 448
991 73
801 121
971 342
966 72
72 966
679 448
462 26
462 274
938 67
67 938
991 194
758 681
527 332
308 332
332 527
915 536
536 915
63 73
73 63
314 966
966 314
1019 676
1019 402
555 1019
1019 555
481 561
26 462
679 817
676 1019
817 679
402 1019
595 624
622 638
590 1033
1033 590
679 465
250 561
561 250
368 966
938 1035
966 368
447 1037
712 1037
758 638
1033 823
63 332
332 63
1038 402
250 712
145 349
145 1033
712 250
991 638
605 277
277 605
527 12
758 1044
1037 712
1037 447
1037 274
638 991
638 622
602 151
423 277
991 209
209 991
1038 145
616 586
944 659
595 659
659 595
1037 595
595 1037
72 595
194 991
189 72
794 194
1063 835
835 1063
194 817
586 1065
121 194
194 121
817 194
595 590
590 595
194 72
72 194
151 602
823 1033
823 239
239 823
26 679
306 1019
1019 306
638 527
1033 765
638 373
681 638
765 1033
75 1041
555 352
794 277
67 595
194 80
194 254
194 1063
194 376
194 277
194 527
194 573
194 465
194 453
194 342
194 915
194 673
509 194
509 595
679 194
509 817
509 277
884 536
536 884
26 645
194 445
233 1037
950 1093
1093 950
915 817
817 915
638 1093
277 1093
817 509
638 950
1045 269
638 1045
67 462
1097 884
12 938
645 26
595 509
67 451
277 950
12 857
376 194
12 475
12 1102
624 595
12 679
673 679
63 339
12 80
12 586
201 938
884 1097
938 201
339 63
1037 233
944 194
36 1033
638 475
250 1097
194 26
194 794
679 673
194 509
12 758
306 509
462 605
87 938
250 616
462 393
358 250
462 339
36 1
393 462
339 462
250 154
12 638
641 475
12 991
194 590
194 1097
1097 194
504 341
590 194
560 194
475 841
841 475
841 903
938 87
1045 72
306 1122
560 63
373 638
980 638
72 1045
595 308
481 679
679 481
481 586
36 1127
63 560
483 679
679 483
1132 1093
308 595
50 586
1136 50
50 1136
590 1019
586 1136
368 1021
67 1132
12 1153
1041 75
1041 80
80 1041
1093 1132
341 1132
481 332
679 453
1127 971
1132 341
1165 841
734 605
884 840
555 1167
1136 739
1136 586
1136 306
1097 1170
423 536
1132 950
1136 1132
950 1132
1136 950
536 423
856 1176
638 590
856 7
840 254
561 1177
332 840
1093 341
1178 586
840 332
870 840
254 840
475 870
870 475
679 50
50 679
494 454
1136 341
448 314
1178 679
1136 1019
1019 1136
277 80
80 277
306 616
1033 1158
1158 1033
1158 638
555 1173
638 1158
352 332
465 679
1127 536
536 1127
402 1173
1167 840
840 1167
840 1186
1186 840
306 570
570 306
306 676
1181 1194
586 570
1173 402
194 1178
1178 194
145 341
1132 1174
1186 277
1186 638
638 1186
277 1186
1181 254
234 638
67 1184
1033 1211
269 1045
1174 1132
269 638
234 50
1093 638
1217 482
482 1217
50 234
209 1217
194 560
823 1211
475 1167
209 823
823 209
80 194
1181 341
306 308
465 194
254 1181
1136 342
1136 1158
308 306
739 1136
739 254
254 739
681 402
1236 368
402 681
341 1181
1167 475
1236 277
277 1236
1236 645
1236 339
980 277
339 1236
1136 376
944 1236
645 1236
368 1236
950 353
353 950
835 308
402 1250
308 835
1253 72
586 1253
72 1253
1236 1259
1236 1153
1153 1236
1236 209
1236 536
1176 856
1236 67
1184 1181
1181 1184
1158 1136
341 1093
1178 1158
1127 641
1211 1033
1259 1236
536 1236
72 883
1260 505
1253 586
1253 605
590 638
1280 1287
1287 1280
1253 50
1253 1287
1127 194
1127 840
758 509
12 840
87 1260
482 1294
1260 87
1158 840
1236 1217
254 1260
1260 254
1038 638
50 1253
903 1297
590 555
616 306
1253 1173
462 1299
1287 1253
1297 903
254 358
194 353
353 194
586 1316
358 254
1127 454
454 1127
341 1280
1280 341
481 50
50 481
1329 477
67 97
1316 586
341 353
353 341
1338 254
1338 471
1338 1173
758 50
1338 209
254 1338
50 758
63 26
1325 638
638 1340
560 840
342 1097
477 1329
26 63
944 840
1233 1299
342 784
1065 586
26 1176
555 856
1325 1340
856 555
1065 570
1176 26
1359 1343
245 573
245 339
573 245
1045 638
339 245
306 352
679 1174
1365 1366
306 555
1368 752
1236 638
423 938
1236 1340
1236 454
1379 638
1236 1379
1379 1138
938 423
1138 1379
1358 352
1358 1186
562 555
586 1097
342 1384
1097 586
26 1033
1236 555
1383 1127
1236 1329
1358 840
1033 1355
1127 1383
1033 194
823 448
1280 1033
1033 1280
1033 26
482 353
353 482
1236 1287
12 1252
12 1138
1383 1138
353 261
261 353
261 835
835 261
1136 254
254 1136
1138 254
254 1138
254 1211
1044 758
306 952
952 306
1184 254
12 1379
1379 12
1184 367
367 1184
12 358
883 72
1280 1403
1416 277
1416 1138
1403 1280
339 475
352 1358
1383 26
26 1383
1236 308
659 254
254 659
352 840
353 1365
1365 353
1021 970
342 239
1236 481
12 1420
50 823
1424 1167
481 838
1153 475
1427 1424
67 1427
353 645
1260 645
645 1260
903 1294
645 353
67 1430
342 1431
80 823
1338 341
1211 254
1338 353
341 1338
224 605
1325 983
1236 914
1138 341
983 1325
681 1338
341 1138
1416 475
1340 840
840 1340
1184 1044
838 481
1340 454
454 1340
481 97
1184 605
605 1184
980 194
749 475
841 1446
12 1338
12 1433
314 342
1433 12
1132 1156
1177 561
63 1174
1415 1425
1174 63
1425 1415
67 1338
1294 903
823 80
342 1462
831 341
224 220
224 72
341 831
1446 841
1338 67
504 1167
1138 966
1379 194
353 504
1416 306
794 1294
1138 1416
1167 504
536 749
1383 749
482 97
482 477
482 269
482 332
254 482
817 1472
1472 817
447 224
504 353
67 1260
991 358
358 991
250 1453
250 1420
220 482
254 758
1340 58
250 1184
749 1383
1260 67
1132 1425
679 1176
393 870
1424 1427
36 1425
555 765
1507 638
864 482
679 516
1508 1021
1508 1470
509 840
1375 1472
1472 1375
1280 1037
276 1260
1249 1218
1425 1132
1021 1508
47 1299
1523 1420
277 1508
1037 1517
1167 1424
1517 1037
67 1507
1508 1184
1184 1508
1184 1472
194 980
194 1127
1472 1184
145 586
1338 838
1338 373
1338 1508
1508 358
1176 679
1507 1019
1167 483
1507 1534
586 145
245 194
67 1538
504 1517
883 326
326 883
1517 504
1431 342
483 1167
856 1
1358 509
1433 983
12 1297
1 856
1580 1329
1343 1359
1297 12
605 749
1280 560
560 1280
1386 1580
1502 238
67 1217
1580 1386
1603 1517
1517 63
1165 938
1265 938
938 1265
1329 526
883 245
1065 538
67 1603
1603 67
245 883
308 1517
1517 308
395 447
447 395
220 234
234 220
67 277
72 1316
538 1065
1009 752
1253 1365
1365 1253
1280 1038
1653 1603
1038 1280
1329 983
1158 1217
1217 1158
1316 72
361 864
1603 1653
1658 277
67 1644
67 1637
361 638
423 1603
423 1665
1665 423
509 1665
864 361
1665 573
573 1665
1665 509
393 573
482 1665
1158 1665
573 393
1665 1158
1665 482
1665 950
1253 1343
67 1665
538 1671
950 1665
1136 234
234 1136
1343 1253
1644 67
1644 1623
1355 1033
1580 1586
1580 1508
1667 1684
516 453
250 1665
1253 1685
276 1343
1343 276
1688 277
1253 1688
462 1638
1586 1580
1638 462
1623 1644
277 1688
1508 1580
12 1121
1 36
1667 734
1667 605
734 1667
605 1667
1667 447
447 1667
509 1603
840 1077
538 361
1713 561
1713 277
1713 1652
277 1713
561 1713
1644 1329
454 482
1713 63
1713 638
1713 1181
1329 1644
1713 757
1713 72
1253 673
72 1713
1181 1713
145 1713
63 1713
1667 1181
1181 1667
483 189
1513 970
970 1513
1713 1299
1713 536
1713 1384
1713 538
1713 1280
1280 1713
1713 817
1667 983
1667 167
1713 36
462 1713
1713 1644
167 1409
1713 1737
1644 1713
1713 462
1713 1665
189 483
36 1713
1513 1737
1737 277
1737 1127
1737 1513
1737 1157
1737 220
1713 938
536 1713
12 67
1713 605
605 1713
1669 1665
1669 454
1669 979
1669 784
1669 561
561 1669
1713 233
233 1713
1136 233
233 1136
454 1669
1713 1178
189 1749
1178 1713
673 1253
1409 167
1127 1665
1343 12
12 1343
1253 1157
255 1
1667 1280
1280 1667
1127 1260
1749 1063
67 1760
67 1749
12 1644
1644 12
67 1770
67 1776
1778 234
1127 36
234 1778
1785 67
1127 1603
856 50
342 561
561 342
361 1749
1343 1517
681 1789
1603 1127
1517 1343
1749 361
342 1603
63 494
538 224
224 538
1811 1814
1814 1811
1603 342
1789 681
1789 1472
1472 1789
1789 36
1167 454
1127 1749
673 1127
980 1603
1603 980
673 1403
1403 673
423 447
67 1403
36 1789
1403 67
447 423
983 1079
1079 983
1127 1340
1839 681
475 341
681 1839
509 1839
1839 509
341 475
1217 1841
1167 1848
1167 97
1167 1280
224 1644
1644 224
97 1167
1860 494
342 1848
1848 342
509 1097
1280 1167
1868 1338
494 1860
1874 451
1338 1868
1079 1881
1881 1079
1079 1644
1644 1079
1892 1280
1893 1840
1280 1892
1878 1021
