67 59
84 86
96 88
26 122
38 86
144 99
193 149
199 210
211 213
96 231
96 232
144 88
88 144
247 248
248 247
211 232
144 247
268 149
212 67
212 211
248 283
144 193
99 144
193 144
317 191
323 191
323 88
88 323
212 88
19 365
88 212
144 369
144 283
393 191
27 406
38 365
131 393
131 191
323 337
19 420
409 191
426 427
409 149
431 88
431 365
451 67
211 212
323 455
323 98
19 134
19 409
38 409
19 478
38 478
492 389
494 389
494 463
453 516
477 526
526 477
38 313
67 527
67 273
67 535
67 313
67 365
67 88
325 549
549 325
19 451
283 144
193 389
389 193
525 211
38 393
494 325
313 127
19 566
392 127
546 572
127 392
127 313
283 248
19 527
38 527
212 597
427 426
427 88
88 427
27 620
325 625
625 325
514 626
590 626
626 590
514 59
590 514
620 27
392 514
590 641
641 590
514 590
514 463
574 266
626 514
431 323
266 626
266 651
266 652
266 596
266 325
266 590
99 626
574 652
38 626
652 574
596 644
266 658
266 666
667 658
131 527
626 99
317 325
662 625
679 404
625 662
351 658
666 689
67 430
266 694
266 676
317 659
626 689
212 703
463 514
644 596
644 626
569 191
679 26
351 99
658 351
191 365
644 711
711 644
27 278
278 27
323 719
365 191
644 325
325 644
474 644
474 689
644 393
590 402
402 590
211 597
514 392
393 644
679 474
19 711
596 317
597 211
701 644
701 351
652 659
679 792
689 626
689 474
679 317
514 799
799 514
766 283
621 819
283 766
474 651
700 626
679 67
826 814
644 59
644 389
19 525
644 659
644 708
676 719
442 144
701 193
708 719
719 708
792 679
19 114
659 644
47 814
814 47
389 644
404 679
492 708
865 514
67 323
323 67
679 865
679 701
313 38
546 199
708 492
525 865
474 679
474 346
474 719
865 525
621 719
719 621
431 393
191 928
393 431
679 393
393 679
928 191
942 651
199 212
88 952
67 679
67 928
928 67
814 928
928 814
67 212
212 199
199 569
569 199
652 27
27 652
325 952
928 283
199 952
652 389
652 149
199 975
283 928
975 199
975 590
964 590
590 975
590 964
212 590
590 212
939 457
546 766
797 389
114 19
431 402
431 626
431 975
939 975
590 346
389 652
389 797
975 939
346 590
527 332
332 527
193 708
708 193
212 964
652 928
596 989
652 954
928 652
144 1022
144 975
964 212
590 587
667 389
701 88
1022 144
88 701
975 144
323 1042
1042 527
527 1042
1037 900
325 1049
442 1041
1037 682
1041 442
1041 546
546 1041
546 1053
201 1053
323 431
67 1042
389 667
323 1073
325 1072
1072 325
708 1058
26 679
1049 325
193 626
626 193
1032 1056
865 1072
781 701
679 346
67 1072
67 173
346 679
626 38
67 451
19 1072
658 667
193 658
1105 1072
679 149
658 193
658 1110
1069 98
644 719
719 644
781 96
1042 1056
1042 389
1056 1032
1042 574
1042 337
652 283
317 679
337 1042
1069 317
149 679
781 755
954 652
323 865
1132 325
317 477
19 1132
939 59
939 1040
939 813
596 590
1110 658
67 1132
492 1105
755 781
325 1069
1069 325
1040 939
389 1042
590 596
525 19
1113 389
1113 928
1058 1142
679 453
527 19
477 317
323 1164
191 1049
1049 191
679 954
954 679
430 857
211 525
19 211
19 1069
1178 679
652 199
1185 590
1042 781
781 1042
1185 1077
1029 939
199 652
199 546
1113 323
1142 1058
19 434
1110 474
19 389
1120 317
67 1184
1185 144
317 1120
1185 1220
19 1221
1043 1072
1184 719
857 430
587 1185
1185 587
323 346
323 1235
323 325
144 1185
325 323
323 1047
144 644
590 893
1056 1042
325 1243
1243 325
1214 1239
1214 1113
1113 1255
1255 1113
67 1255
1246 99
928 964
964 928
525 1246
1246 525
644 144
1185 463
1227 1117
1246 652
781 1287
212 1289
1117 1227
1113 1294
1105 199
792 1297
199 1105
1297 1301
1185 199
701 1185
1185 1227
1185 701
199 1185
26 404
1287 781
1113 1214
1227 1185
409 1032
719 931
1118 644
323 1297
1246 719
477 1271
792 1185
1271 477
596 193
193 596
942 1314
1317 781
719 1246
1290 596
1334 1255
1255 1334
719 1336
1118 620
1346 1314
1314 1346
781 1317
431 59
1289 212
1375 199
1292 1072
325 1292
474 337
1386 1246
337 474
644 1184
337 626
626 337
1375 740
1246 1386
1037 1072
409 19
1375 1056
1184 644
1184 711
711 1184
144 1408
893 590
1317 1417
1417 1317
67 1417
317 1171
1171 317
1292 325
706 740
942 1118
1118 942
1423 1292
706 1397
19 1430
792 131
431 1117
67 1430
463 1185
131 792
1292 1423
1211 325
325 1211
1184 317
711 317
317 711
821 1406
317 1184
993 893
893 993
740 706
797 25
797 621
797 1121
797 1336
621 797
797 974
797 1473
679 88
317 626
431 566
1185 676
346 1453
1142 1287
1344 1312
1142 1227
797 1142
1142 797
1423 325
325 1423
1406 1184
620 1294
67 1497
67 1496
191 1505
1297 1072
1072 1297
1417 67
679 516
701 326
326 701
325 326
326 325
19 1505
1406 928
1406 173
1142 47
1043 1142
199 1375
626 1523
652 1317
1317 652
1142 1043
144 1527
442 1184
1508 1521
1521 1508
1508 708
1508 1184
1184 442
1184 1508
283 1502
781 1515
1523 626
67 1538
1113 1493
620 1211
1359 1497
1113 1541
883 326
326 883
323 514
99 1246
1550 1547
278 883
883 278
928 1406
1401 928
679 1574
1255 67
1178 1397
1579 701
708 865
1493 1113
928 1401
1185 1417
1185 1444
865 708
701 1579
701 317
1312 1344
389 494
317 701
700 337
1227 326
1056 212
1105 1154
942 1417
337 700
393 942
942 393
1521 1118
546 1255
799 199
781 1550
1255 546
1184 1550
781 1314
1527 144
389 1576
1314 781
1630 389
131 1255
389 1630
1576 389
1289 700
700 1289
392 1660
1042 1255
1255 1042
1406 1185
1185 1406
1185 1142
1142 1185
212 1056
1185 1312
1312 1185
403 569
1340 1029
1029 1340
1255 1359
1359 1255
337 317
516 453
620 679
679 620
393 346
1690 1344
1344 1690
199 1255
1255 199
620 701
84 451
84 1211
1121 797
1716 1308
1716 1689
1713 525
193 393
1713 1346
1346 1713
525 1713
1713 652
431 1346
1346 431
652 1713
1713 1072
1072 1713
1346 393
1079 27
27 1079
1535 644
393 1346
525 652
652 525
644 1535
1042 67
1713 1493
626 644
1713 708
1493 1713
1713 1312
1713 409
620 393
1713 893
1713 1530
1713 1117
1713 799
799 1713
1713 1118
1713 975
975 1713
1346 719
1713 1029
1118 1713
430 323
430 27
430 144
1713 474
191 952
708 1713
719 1346
409 1713
27 430
474 1713
1346 346
1029 1713
144 430
1713 27
27 1713
1713 1282
1282 1713
346 1346
1741 1049
1713 1742
199 1346
1746 1029
1748 384
67 1748
1749 346
19 1742
193 1742
346 1749
1742 211
1029 1746
211 1742
1748 67
1406 1748
1748 1406
1406 1744
1744 1406
1713 1563
644 1749
1741 1282
1741 1497
431 1579
1713 1344
1579 431
127 1072
127 1312
1312 127
1344 1713
1749 644
431 1132
1132 431
1713 1178
1713 1497
1178 1713
1748 799
431 1731
1741 1673
1673 1741
431 1497
67 1346
67 1239
1255 1673
1308 1716
799 1748
1713 1308
1308 1713
1713 1195
67 1768
67 1749
67 474
474 67
67 1344
1344 67
1762 431
431 1762
1195 1713
1780 1255
431 1312
1312 431
431 1255
1255 431
1282 1741
1783 144
144 1783
1783 212
393 193
431 1748
1748 431
1346 1783
1783 1346
384 1748
1783 1246
67 1796
1741 1029
1741 975
1741 59
1741 626
1796 67
67 657
657 67
1783 393
431 1796
19 1246
1246 19
1796 431
1713 1246
1246 1713
193 1805
1716 1796
1796 1716
19 1749
1029 1741
1741 1796
1783 1649
1839 1397
1406 1649
1397 1839
1220 27
27 1220
492 463
652 278
1783 1344
1117 1713
1344 1783
1741 463
1079 1344
1344 1079
1713 144
144 1713
1878 1346
818 620
711 1898
1898 711
620 818
1899 144
1899 1497
1899 657
1899 1417
