27 28
36 40
36 50
53 54
36 58
51 58
36 56
56 61
62 50
68 56
68 61
73 74
74 73
84 86
36 88
36 89
36 84
94 84
69 84
69 95
103 72
103 58
36 110
101 115
56 68
29 58
80 58
36 112
103 63
103 101
142 58
144 121
95 63
63 95
101 51
36 73
51 101
163 72
56 170
56 172
51 157
175 50
176 63
63 155
186 185
185 186
155 63
103 177
185 97
103 97
185 63
63 185
103 188
189 175
176 61
176 86
176 97
176 72
176 58
176 196
176 198
176 201
176 188
176 202
176 185
176 181
176 177
176 175
189 144
101 208
101 88
176 101
68 101
176 216
176 218
88 101
103 56
214 56
103 175
214 175
144 185
175 214
212 66
36 214
176 226
56 214
214 101
103 86
103 66
103 185
63 202
69 185
144 88
144 240
144 23
88 144
103 144
176 248
51 86
204 51
53 253
176 270
103 265
103 270
101 68
277 68
181 177
204 68
69 293
63 290
36 236
277 50
204 181
277 172
277 51
310 72
36 155
212 51
176 319
297 88
94 320
282 214
144 290
144 51
297 325
319 325
204 327
325 319
333 319
336 333
36 189
53 340
53 305
53 341
338 319
319 333
319 338
97 338
53 346
317 319
62 354
103 353
69 155
63 74
297 248
277 361
277 362
363 364
334 364
212 88
88 212
74 63
72 337
286 202
36 361
327 144
97 327
144 142
212 74
338 144
248 374
337 72
103 378
176 374
62 347
176 378
1 146
1 101
386 50
50 386
386 387
204 374
63 337
337 63
319 337
387 386
1 397
327 97
398 378
74 378
378 74
36 401
310 97
297 62
409 50
27 406
297 272
69 403
325 378
212 387
277 417
69 418
378 325
340 56
144 338
144 374
176 392
103 392
103 417
338 386
297 234
56 340
204 432
236 407
439 440
407 236
447 325
69 450
29 443
176 445
172 460
460 172
297 172
447 172
398 74
286 468
398 471
398 468
477 1
480 212
212 480
398 175
277 482
398 72
277 352
398 480
447 51
103 480
498 97
1 477
62 236
334 62
398 97
176 453
448 352
440 513
101 515
453 516
181 432
521 305
523 524
469 519
477 526
51 529
51 523
526 477
297 482
469 97
236 242
513 440
97 352
144 398
325 482
325 523
325 72
325 97
97 325
74 519
74 541
68 97
97 68
482 325
325 513
513 325
325 61
72 325
325 549
549 325
103 538
552 236
103 554
103 62
103 549
509 97
97 509
555 509
103 61
236 509
62 554
509 236
509 272
61 325
61 68
398 509
204 482
204 62
535 513
325 548
242 236
204 242
103 513
286 549
549 286
555 562
204 336
392 538
440 460
172 392
277 73
325 559
575 576
418 580
212 305
581 582
214 584
440 587
586 589
272 509
586 538
447 95
212 509
212 73
282 462
73 212
103 462
212 597
176 515
36 511
409 103
103 409
36 601
398 144
586 409
605 272
103 601
305 212
72 596
242 573
573 242
325 607
62 607
605 337
392 172
607 325
555 607
242 607
176 607
611 72
462 103
36 614
586 460
586 607
72 611
36 547
596 72
596 62
51 601
277 468
622 607
622 596
596 622
62 596
325 625
625 325
586 386
36 625
629 97
625 607
392 103
639 103
447 103
277 103
142 144
642 212
642 645
74 607
277 74
555 62
212 576
277 649
655 636
655 645
655 669
418 642
655 671
605 103
642 418
605 74
642 325
212 642
325 642
555 636
639 642
317 325
439 636
95 682
513 636
513 641
172 684
683 72
72 683
607 74
439 513
212 236
236 212
72 677
325 683
683 325
687 212
68 607
677 72
666 689
103 683
555 641
683 103
409 236
212 687
696 212
244 415
586 666
272 297
513 649
509 513
639 687
639 509
649 513
317 659
282 103
36 317
555 440
325 573
204 103
697 73
704 212
704 72
586 687
649 337
337 649
573 325
181 97
697 74
704 712
704 711
713 236
214 712
712 214
713 712
713 103
712 212
713 172
212 712
713 242
681 659
713 482
103 712
712 103
97 181
415 244
409 74
704 63
103 587
727 297
277 518
683 297
605 88
605 317
658 163
163 658
605 625
73 460
73 658
63 385
385 63
325 645
95 712
297 727
297 683
462 101
53 325
234 297
739 745
645 325
713 363
713 74
713 681
713 737
713 738
713 720
713 749
713 750
713 751
713 325
713 462
69 727
69 649
739 337
739 317
317 739
327 589
754 739
73 697
212 757
401 639
513 589
392 739
639 401
711 547
658 73
74 753
51 658
753 74
681 711
103 711
739 392
767 766
642 721
72 768
448 711
704 297
509 364
704 766
768 72
768 214
596 317
605 341
73 753
352 97
753 73
773 401
605 511
586 768
364 509
697 482
785 786
642 766
681 562
562 440
498 649
701 771
523 490
649 498
523 51
523 325
701 121
277 498
212 439
53 642
791 523
642 711
711 642
642 784
523 791
687 97
439 212
687 480
721 642
555 754
754 607
712 753
214 768
498 548
713 327
589 513
498 297
297 498
401 773
547 711
713 727
766 642
586 784
712 189
586 244
189 712
103 721
103 799
799 103
800 766
801 768
687 757
439 795
795 439
562 795
327 784
448 244
771 364
277 448
53 785
63 547
244 448
364 771
547 63
448 784
103 817
74 460
766 482
621 819
482 766
272 448
29 697
172 820
448 272
819 822
697 341
697 29
700 68
386 790
829 819
704 605
757 687
757 212
830 364
364 830
605 73
787 73
69 498
801 103
440 795
605 29
605 795
681 795
605 596
605 462
795 681
837 346
605 704
103 839
297 573
63 801
573 297
801 63
790 386
713 842
103 841
95 753
701 103
605 681
95 175
681 605
713 498
73 605
687 586
72 701
468 830
244 586
214 839
29 850
337 605
204 830
204 198
830 468
317 605
337 771
713 95
713 586
36 828
771 337
72 857
704 839
858 701
72 704
687 785
785 687
861 72
580 418
341 697
341 863
72 861
704 822
697 637
830 297
334 687
721 867
704 841
713 704
700 555
297 830
857 72
792 841
871 97
753 712
819 829
601 103
601 51
103 713
876 757
103 605
842 713
701 858
36 597
873 711
555 482
830 880
711 873
605 830
830 605
884 297
297 884
242 713
738 713
242 451
885 576
242 297
297 242
903 792
176 297
363 713
212 352
768 704
768 801
482 555
841 704
768 586
704 768
212 639
242 325
325 242
841 103
876 212
72 103
513 509
74 513
768 621
786 785
535 440
721 923
768 819
639 212
768 924
272 605
69 687
792 903
928 482
103 932
924 185
924 830
559 97
933 903
97 559
97 687
830 924
237 711
325 924
95 938
938 95
74 940
938 325
325 938
787 720
704 924
103 386
903 933
949 27
27 949
36 940
830 549
189 682
189 802
953 265
953 954
103 929
103 957
884 928
621 830
830 621
621 768
928 884
923 721
928 334
334 928
687 950
63 103
63 242
242 63
950 687
277 884
277 830
63 949
924 768
949 63
103 938
928 94
94 928
924 68
953 27
966 697
697 966
27 953
940 61
940 713
297 337
928 573
573 928
830 277
103 967
967 103
68 924
53 953
176 928
928 176
967 279
142 244
720 787
61 940
950 341
181 967
341 950
204 498
871 277
940 36
277 871
325 713
711 341
341 711
448 973
448 297
973 448
448 69
204 176
297 448
144 189
448 712
448 967
341 157
448 587
341 460
448 601
72 967
977 346
337 297
337 966
189 36
586 978
181 204
498 204
176 978
974 978
121 144
704 978
95 713
629 713
346 977
103 795
103 975
176 975
103 973
973 103
596 103
712 448
712 95
103 445
975 176
103 658
73 773
658 103
975 103
884 658
297 513
212 555
513 297
297 63
448 987
338 97
448 392
448 817
392 448
681 513
681 987
448 513
513 448
555 513
181 766
681 988
181 513
939 977
513 555
939 364
63 297
639 555
103 439
103 988
498 869
204 949
966 337
817 448
636 562
586 513
636 439
63 549
513 586
771 988
327 297
212 704
785 513
869 498
939 975
364 939
801 121
713 629
966 72
681 992
72 966
817 325
325 817
975 939
462 713
996 277
996 63
513 785
766 181
996 69
513 950
996 97
244 142
63 996
996 27
998 713
27 996
950 513
297 327
68 938
938 68
103 460
297 950
988 681
978 586
978 176
978 974
978 704
103 978
988 103
988 771
950 297
658 884
482 297
212 964
142 73
63 73
73 142
73 63
596 73
407 378
73 596
378 407
418 966
418 711
144 515
871 721
176 1021
144 1023
204 418
144 996
144 103
144 975
103 819
482 1005
523 549
1005 482
795 1025
704 1026
1025 795
84 639
964 212
462 992
871 1026
771 992
871 988
697 645
468 277
873 144
639 84
555 992
992 555
701 88
176 1026
996 144
938 103
938 1035
88 701
975 144
645 697
176 277
277 176
103 277
297 176
1038 1039
325 712
712 325
555 964
605 810
605 277
277 605
1042 1039
1043 236
701 72
681 802
767 63
236 1043
101 282
964 555
549 523
549 63
549 830
586 1039
392 998
1023 460
998 392
144 873
201 1053
1054 639
687 1054
1054 687
72 1039
1039 72
1039 1042
392 1054
1038 1026
460 1023
460 586
1054 392
944 659
212 1054
189 72
214 297
713 1028
713 1043
713 884
639 1054
1026 176
713 998
713 940
704 1053
1026 950
950 1026
713 950
282 1071
697 50
282 101
101 176
713 927
176 697
176 94
176 439
53 176
697 927
697 1042
439 176
713 535
176 817
555 352
374 248
928 103
1087 341
523 176
509 1039
509 872
509 817
509 277
950 1093
1093 950
701 1093
1093 701
523 1093
1093 523
277 1093
817 509
817 176
1097 884
277 950
103 566
142 482
482 142
614 445
1097 103
552 975
1097 1104
103 1097
392 950
586 1107
950 392
201 938
939 460
884 1097
938 201
713 319
713 509
62 949
949 62
713 641
460 939
949 642
1107 586
1031 1109
555 212
103 974
658 1110
234 1039
327 938
144 1111
1111 144
172 1026
753 984
462 605
984 753
338 1104
338 1107
36 1
1114 63
822 819
681 440
555 795
555 1047
600 927
1026 172
277 1023
1042 784
1042 802
605 1023
198 101
1023 605
1042 712
277 1054
687 573
573 687
697 1023
1023 1117
1023 697
697 549
549 697
1117 1023
523 440
176 871
841 792
841 903
214 1117
509 1117
509 975
509 1111
509 1103
1042 337
712 1042
1054 277
445 614
317 1111
1045 72
337 1042
1021 1104
1023 277
142 1121
1121 142
317 333
101 198
72 1045
36 103
954 953
415 1121
1132 325
1132 1093
440 1103
1043 97
440 523
596 605
600 980
317 992
317 477
992 317
498 1135
50 586
687 1097
1136 50
50 1136
1136 181
605 440
605 181
1111 317
1039 801
939 380
939 1021
939 1138
939 1103
801 1039
586 1136
867 721
1110 658
771 398
975 509
398 771
118 101
1103 939
1103 440
1155 338
876 687
1041 80
80 1041
1093 1132
440 1097
341 1132
84 1103
1097 440
1097 687
822 704
378 498
687 753
1121 415
53 739
1132 341
498 378
477 317
687 605
1104 1021
621 924
1054 212
333 317
555 1117
1107 1012
817 346
337 352
1021 939
346 817
103 954
547 1169
1169 547
1136 739
1136 586
1132 950
1136 1132
950 1132
1136 29
697 870
337 272
870 697
272 337
697 469
469 697
1136 950
856 1176
753 687
1093 341
1178 586
378 586
586 378
687 409
498 753
687 639
753 1044
1180 1031
555 802
753 498
1136 341
704 277
53 181
277 80
600 1180
80 277
498 639
639 498
810 1184
242 1178
642 547
547 642
954 103
713 346
713 214
713 1042
713 687
1066 277
277 1066
950 713
1136 398
415 538
53 62
214 713
1196 155
407 97
201 607
172 277
800 964
1132 1174
576 575
576 212
576 885
1186 277
277 1186
290 63
29 1136
378 103
234 596
325 1169
1169 325
290 144
582 861
582 1212
1196 704
1174 1132
1213 1186
234 144
234 50
596 1153
1153 596
50 234
1223 72
72 1223
669 1196
1227 72
72 1227
1213 362
687 642
1174 547
547 1174
713 362
1196 669
944 697
739 1136
1114 575
277 687
204 1239
980 277
687 713
687 277
144 645
645 144
642 687
950 353
468 272
272 468
1214 1239
704 1247
884 713
1214 704
1248 817
353 950
50 1248
1248 50
704 1248
1248 704
29 1248
817 1248
964 800
1087 1136
700 1174
749 700
1186 713
103 1255
704 700
966 1171
704 1257
1248 29
1248 966
1248 234
462 282
118 817
325 1248
234 1248
1248 325
596 50
1214 68
605 700
1174 700
1176 856
962 1204
605 62
101 118
62 605
325 1260
97 407
72 398
50 596
68 1214
1066 713
547 713
1021 547
928 362
547 1021
928 964
1213 277
341 1093
928 80
964 928
277 1213
1271 1
80 928
415 142
966 1248
1042 713
1248 80
142 415
142 1260
142 713
142 1277
1248 346
1260 142
1 1271
144 1278
1248 1279
415 1260
327 1255
327 1103
704 1280
1260 1042
704 1255
1260 505
1280 704
749 713
1281 1283
1281 950
1227 1117
346 1248
1280 511
346 1284
687 1283
700 605
700 704
1042 1260
681 212
1281 1291
398 1291
1214 933
1291 398
1117 1227
482 1294
1255 704
704 1296
704 1298
1284 346
1227 333
392 72
72 392
701 1051
1051 701
1281 701
1281 1248
810 576
198 1302
713 666
701 341
103 1302
36 1281
701 1021
666 713
341 701
547 1260
950 1281
704 1302
933 1214
1306 704
409 687
69 1296
1302 704
1302 103
1302 198
1087 1284
1311 713
1286 704
103 1313
398 1260
1260 398
103 1130
697 912
912 697
1298 704
1268 1313
1313 103
871 1302
596 1284
810 1021
338 1302
477 1271
353 392
392 353
1087 1132
1284 596
871 392
871 1103
871 1260
871 978
704 596
938 1323
1323 938
596 704
1302 338
353 1284
1271 477
1284 353
341 1280
1280 341
1317 72
1284 585
1327 282
585 1284
1329 1271
1329 477
50 1227
1227 50
97 1043
1213 1026
701 50
50 701
353 1283
697 923
1283 353
333 1227
1271 1329
1021 701
754 903
1087 353
103 1280
1280 103
923 697
482 799
341 353
353 341
871 1097
871 513
1247 704
1283 513
1117 856
1325 1123
1338 471
792 1283
1283 468
1283 482
1283 1039
1283 121
1283 1169
1283 101
1283 142
1283 713
447 1283
1283 586
1283 144
1087 1283
1283 1325
1283 704
1283 1208
1283 1051
1283 645
1169 1283
1283 1340
1283 297
1302 468
1283 1341
163 1283
27 1283
1283 346
1283 801
1283 1227
1283 242
176 1302
998 1283
1283 498
1283 975
1283 317
317 1283
1283 334
334 1283
1283 950
1283 547
1283 325
1283 1097
1283 415
297 1283
1325 1283
1097 1283
1281 73
1281 74
1281 1345
1281 1042
1281 88
950 1283
325 1283
50 1281
1283 753
1281 50
1281 1280
1283 1280
753 1283
1281 1325
53 1283
142 1283
1317 1280
1283 802
1317 753
753 1317
586 1283
392 1051
1280 1317
1280 1281
1280 1283
53 975
53 1281
1123 1325
72 1317
1042 1281
477 1329
1281 605
1280 497
605 1281
621 1280
871 445
666 589
871 1351
1280 621
589 666
1283 319
600 80
908 1354
555 856
547 1280
1283 337
547 297
337 1283
810 1351
443 29
1136 1283
176 523
1325 1340
576 337
142 337
337 142
1281 163
1281 482
1281 101
1281 944
1281 155
1281 68
1213 1281
155 1281
576 1281
1283 1136
810 1281
1283 576
801 1283
856 555
462 1255
1171 966
1340 830
830 1340
1283 392
1283 1359
1268 1269
1283 523
1281 1005
1281 462
523 1283
1281 1227
1281 927
1359 1283
1281 547
462 1281
118 586
704 799
975 1283
800 1281
50 1284
799 704
802 1283
1281 799
1255 462
1284 50
576 1283
576 966
980 639
516 94
1038 1281
753 1271
903 754
1302 753
753 1302
1045 1026
642 1338
753 642
642 753
871 1021
63 1271
176 864
523 870
864 176
1021 176
1283 938
1283 864
513 1283
800 523
498 864
341 1255
864 498
1283 1302
1255 341
72 1283
1283 72
346 1353
1358 1283
1138 939
1379 912
871 1138
1379 1138
1138 1379
53 1138
1358 352
1358 927
1358 1186
1281 1382
1281 555
555 1281
562 439
562 555
586 1097
1097 586
1271 753
482 1103
1178 687
439 562
1353 346
1302 176
1302 1283
176 1384
912 1379
1387 1313
1382 1283
1138 704
1283 1386
53 1388
704 1138
1283 1138
810 1138
398 701
701 398
1283 700
639 586
1393 95
555 305
586 639
871 830
1373 354
354 1373
1281 325
1281 683
325 1281
1373 62
795 1384
642 1280
482 353
353 482
398 354
1038 576
1340 1137
549 236
704 1393
1284 1213
1213 1284
1354 908
1364 1393
700 1283
687 1281
1373 1313
1138 1283
354 398
1384 795
576 649
398 1377
800 1384
871 1384
1403 1255
1317 817
398 1359
713 353
1255 1403
1359 398
1044 753
1340 1374
1340 1407
398 1136
1184 711
711 1184
1281 354
1283 409
1281 687
144 1408
1026 1045
1373 713
1280 1403
713 548
1235 576
1281 1023
1403 1280
1373 1306
409 1283
1373 697
1373 753
1153 1103
189 1291
317 538
317 1171
189 1261
415 1208
1286 1359
1171 317
1393 1364
1393 704
146 739
871 1358
352 1358
1291 189
1281 1374
538 317
1281 1377
1281 317
1422 1021
1235 1393
1281 62
1283 538
1283 738
576 1393
146 1
398 317
856 1117
871 1313
1302 29
871 68
1283 1281
1302 645
1260 1283
1291 1281
1283 1260
1271 63
645 1302
353 645
1260 645
63 1110
645 1260
903 1294
645 353
1373 1283
142 1281
1283 1373
1110 63
753 1373
29 1302
101 243
1373 711
1283 987
711 1373
1338 642
1436 361
1437 341
704 1403
1338 341
1338 353
341 1338
1403 704
1433 753
753 1433
1138 341
681 1338
341 1138
317 398
792 1413
1021 1422
1379 118
1413 792
1184 1044
1184 317
980 1255
711 317
1184 605
605 1184
317 711
317 749
681 1042
984 1255
317 1184
305 521
62 1373
681 1449
1433 639
639 1433
639 980
1433 975
1413 549
712 704
1132 1156
576 792
63 1174
204 509
1269 204
1269 932
1269 818
1269 1223
1269 987
1269 1053
1269 380
1269 86
1269 101
1269 36
204 1269
36 1269
1174 63
346 204
1281 1373
1223 1269
871 1223
1294 903
1373 341
334 297
683 1281
69 1269
749 317
509 204
212 204
792 576
932 1269
1375 1269
341 1373
497 1280
497 1352
1138 966
63 1302
498 1470
1313 1387
317 1281
277 497
497 277
497 1296
53 711
1269 1375
297 334
1474 176
1474 1375
1042 681
711 53
53 1042
204 212
204 346
639 749
1340 1478
482 212
482 101
482 97
482 477
204 611
482 272
482 248
792 912
555 1449
176 1474
317 482
1269 1039
297 497
415 1433
1375 1474
1021 1449
1248 1323
792 142
204 645
1488 576
704 1478
1340 58
94 516
317 1260
871 738
787 1490
871 364
1493 1474
1493 1449
1393 1492
576 1488
272 1296
297 795
297 738
713 1449
172 1497
204 1227
1413 509
509 1413
1281 1499
277 1320
810 1260
870 523
1449 439
272 1449
1449 272
1281 1279
701 1413
575 1031
817 1449
864 482
1449 817
1490 787
509 337
1280 272
509 1026
337 509
704 1329
103 1329
362 928
713 1373
713 1283
713 1311
713 1186
1509 1401
1401 1509
1281 1414
1507 212
1031 575
1509 957
687 1051
1393 1180
163 1485
1509 1515
509 799
1255 980
1255 984
212 1507
1026 509
1284 1317
1528 713
1507 1117
1180 1393
398 1526
447 1526
704 1509
352 908
573 61
1117 1507
1178 1051
1449 1021
1379 713
518 1488
439 1449
1364 282
908 352
282 1364
1359 1497
1504 738
1542 1282
63 923
103 1431
810 1540
1546 1547
1540 1548
704 69
871 409
1431 768
103 1362
103 700
967 72
103 282
103 1540
103 1568
103 697
1066 1497
768 1431
856 1
1436 573
738 1504
103 908
103 864
573 1436
1358 509
103 1497
1401 928
163 1208
704 204
1540 29
29 1540
1578 751
1 856
871 1568
1580 1329
704 1578
1313 242
1282 1542
704 1580
103 1585
1562 928
928 1562
928 1401
482 1587
482 204
605 749
1043 1585
1546 1592
1585 1043
701 317
29 1587
1386 1580
204 704
1585 1582
1582 1585
95 1393
908 103
317 701
1578 337
700 337
1562 1436
1111 1582
103 1169
509 1587
1546 1436
27 1031
751 822
1598 645
1598 984
1598 1329
1598 88
1598 1542
1582 1111
1598 155
1598 801
1598 341
1598 841
1598 1039
1598 549
967 549
1598 625
1598 967
1352 1580
1598 1136
1598 1174
549 967
1598 1107
1598 1227
66 282
704 1585
822 751
1580 1386
1580 95
1580 1352
581 1602
1598 1485
1598 1282
1598 1359
1598 398
1601 1282
1598 658
1598 337
1598 50
1598 1176
1601 1540
1598 277
1598 327
63 912
912 63
1329 526
713 1379
871 1608
337 700
1362 1608
95 1580
1562 932
1582 1526
319 1075
95 1251
1611 1612
1393 1613
1075 319
53 1615
1598 1281
1598 214
713 1528
1576 204
204 1576
1565 933
933 1565
1565 1379
50 1616
1616 50
582 1261
1601 605
1616 1601
1601 1616
1598 768
713 912
1284 950
1624 234
605 1601
605 297
950 1284
27 234
1598 1585
103 1598
103 639
768 1598
27 1598
1281 1598
547 712
155 1196
1509 352
352 1509
103 1015
810 1624
1624 810
1548 1598
327 1598
1568 1042
53 1585
704 1565
1282 1601
1616 582
1576 1248
871 297
1413 800
1616 940
1039 1632
582 1616
687 1616
1565 176
201 1616
509 711
799 1608
346 1616
432 1587
1488 518
297 871
176 1565
812 1616
818 1269
704 447
1387 768
1641 95
103 1021
73 1646
1646 73
1644 1601
103 1646
1601 1646
912 713
1485 1403
1641 341
337 1641
1313 1403
1042 1568
447 704
1280 1038
1403 1485
1403 1313
1317 50
1038 1280
1616 812
1616 346
50 1317
1130 1526
234 1255
361 1436
415 1624
361 864
1644 812
1624 415
1255 234
1655 1641
1655 1598
1641 1655
1658 277
392 1660
1042 1641
1042 1255
1255 1042
361 1641
812 1644
700 822
751 1578
713 1526
1624 1093
822 700
155 1580
1632 1039
509 1665
864 361
1665 573
573 1665
176 1665
1665 176
1665 509
482 1665
1667 53
361 697
1665 482
361 1587
1667 523
1665 950
1576 1665
1665 1576
1542 468
53 1667
523 1667
697 361
1071 1130
768 163
163 768
1255 447
950 1665
509 1255
1255 509
482 1674
1255 1359
447 1255
1327 711
711 1327
282 66
1136 234
234 1136
234 1616
1526 1130
523 1269
1586 1557
1248 768
1602 1678
1679 1565
1565 1679
768 1248
1580 155
621 1526
1580 1586
1580 1283
1283 1580
687 1681
768 1616
1580 518
516 1281
1093 1624
1281 516
1359 1255
337 317
516 453
1608 799
1624 337
337 1624
933 1687
462 1646
1646 462
1586 1580
234 53
468 1585
53 234
440 1384
768 1280
1373 621
1644 949
621 1373
1540 47
1280 768
84 451
84 523
518 1580
189 1641
398 337
1269 523
1540 440
440 1540
949 1644
415 841
1540 1283
1227 1039
1039 1227
1039 1598
337 398
361 1026
1283 1540
1540 50
1585 1413
1413 1585
1540 810
1585 1568
1568 1255
1568 1585
1368 1585
1585 1368
50 1540
1540 1695
1540 856
1540 518
361 460
1255 1568
361 773
518 1540
1601 1690
1 36
1667 605
1690 1601
605 1667
841 415
214 1598
1667 447
338 63
1598 1655
1598 1548
1598 27
1598 1582
447 1667
552 1413
1413 552
1540 1373
800 1413
1616 768
337 1598
1704 1598
95 773
144 1557
799 1557
967 1557
95 607
1255 1071
1713 1714
1716 69
214 286
361 1255
95 447
95 1578
538 361
1644 214
214 1644
1362 799
799 1362
1713 1565
1713 282
282 1713
1713 277
1713 1652
1393 1225
277 1713
639 1713
1565 1713
1721 61
1713 378
1713 1585
1585 1713
1644 1329
727 822
378 1713
1713 1624
1624 1713
1713 63
1329 1644
61 1721
1713 757
1713 1387
1387 95
1387 1713
1408 1624
1713 72
1079 282
1079 27
1130 214
1713 1130
27 1079
72 1713
214 1130
1624 1408
282 1079
95 1387
95 1260
443 341
95 1255
95 621
621 95
1713 1074
1074 1713
1074 516
392 1699
1713 1493
1130 1713
63 1713
176 898
1225 1393
176 1585
1585 176
1493 1656
1493 1713
1436 582
1656 1493
582 1436
1713 409
54 1128
1548 95
1548 1713
1548 482
1713 1548
1713 697
1667 799
1667 1548
697 214
482 1548
1713 1384
1384 440
1540 1713
1713 1540
1713 538
1713 1026
1734 346
799 1667
1713 1280
1280 1713
1280 547
1713 1103
1713 817
1713 1436
1436 1713
1713 1117
1436 1734
346 1734
1713 799
799 1713
214 697
1667 1436
1713 1546
242 787
697 1713
1713 36
462 1713
1713 975
975 1713
1713 1644
1713 1737
1644 1713
1713 61
1509 1624
443 1409
1509 1680
1540 1379
409 1713
1026 1713
1026 1716
1713 462
1713 1665
163 1026
95 1673
36 1713
1624 1509
1737 277
1737 1255
1737 1408
1737 415
1667 144
1255 1737
1408 1737
415 1737
1713 938
812 378
1713 27
27 1713
1713 1282
1282 1713
172 639
1737 1639
398 447
447 398
727 713
1178 242
1713 1313
1313 1713
822 727
176 1493
1493 176
1713 1742
547 1616
1713 605
605 1713
1749 1734
1749 346
1669 1665
346 1749
1713 175
1669 204
1669 784
1669 460
346 1644
1540 1669
1644 346
1669 1540
1338 1042
378 812
1734 1436
1669 974
319 317
95 319
319 95
95 1749
1713 1178
1669 1655
175 95
1655 1669
189 1742
189 1749
1713 1497
176 1436
1436 176
1042 1338
1178 1713
1474 1493
1409 443
810 1338
346 1655
810 175
1762 1281
1281 1762
175 810
582 27
1255 1673
27 582
582 1678
1678 711
1667 1280
1280 1667
1509 1669
727 1280
1669 1509
1 1655
1280 727
1655 1
711 1678
189 443
1565 27
984 1208
697 642
697 1774
642 697
1313 1624
1624 1313
398 27
27 398
1624 1781
1562 1565
1783 144
144 1783
1783 212
642 36
1783 1585
36 642
1585 1783
1786 1624
1585 468
97 871
1562 898
1786 1255
1255 1786
1786 1280
1280 1786
1793 1474
398 697
856 50
898 1562
1542 818
818 1542
1786 1585
1786 1546
361 1749
1716 1624
1624 1716
1624 1042
1624 398
1624 95
398 1624
1783 1624
1624 1783
95 1624
1781 1783
1783 1781
1585 1280
415 1781
1749 361
1546 1786
1280 1585
523 585
713 696
1783 523
1436 518
1474 1793
1624 697
1436 144
144 1436
1783 538
967 27
538 1783
27 967
1042 1624
1624 1340
1585 1669
1669 1585
585 523
696 713
1338 1815
518 1436
523 182
523 1635
523 629
523 36
523 89
523 1114
523 15
523 1380
523 1182
523 172
523 418
523 1822
523 799
523 1137
523 1541
523 1041
523 334
523 812
523 118
523 1824
523 1592
523 1826
1608 1362
1669 1641
95 1403
1783 204
334 523
51 1436
1436 51
1592 523
1815 1338
1624 1704
1704 1624
799 523
1403 95
398 1644
1644 398
1783 697
204 1783
198 1565
697 1783
398 1781
1781 398
1624 341
341 1624
697 95
1839 681
1624 346
681 1839
95 697
1639 1737
95 1839
1783 244
469 1781
469 175
1624 1075
95 1840
1781 469
812 523
1839 95
509 1839
1839 509
1624 812
1601 1338
1601 1279
1601 1781
1781 1601
1624 1175
95 924
95 1767
1624 155
1175 1624
1338 1601
244 1783
95 1849
155 1624
1624 1362
1220 27
1624 1601
1601 784
27 1220
1362 1624
1601 711
95 1859
1859 95
1601 1859
1859 1601
1601 973
398 828
1601 701
509 1097
1783 645
1868 1338
711 1601
711 1868
1781 1624
1624 645
1624 1868
1868 1624
1868 711
1624 1871
1871 1624
1601 1624
1601 1875
234 1624
1075 1624
1624 1678
234 642
1338 1868
642 234
1678 1565
172 523
1117 1713
1713 987
1546 1875
1488 1887
1488 1875
418 1565
418 928
1079 1644
1644 1079
828 398
1601 1891
1892 1280
1624 1557
1557 1624
1079 1313
1548 1868
1875 1546
1280 1892
1713 144
582 1882
1313 1079
144 1713
1673 844
1079 1624
1624 1079
1557 1291
1079 1616
1783 1280
1280 1783
1868 1548
711 1898
1898 711
