4 5
6 7
12 5
13 14
18 5
24 22
26 27
38 5
39 5
40 5
42 22
42 43
44 45
44 46
44 47
44 50
44 51
44 52
44 54
44 55
44 56
44 57
44 59
44 60
44 63
44 64
44 65
44 67
44 71
44 72
44 74
44 75
44 80
44 83
44 87
44 89
44 90
44 92
44 93
44 94
44 95
44 96
44 97
44 99
44 101
44 104
44 105
44 106
124 126
124 127
124 46
124 130
124 131
124 51
124 132
124 133
124 134
124 135
124 137
124 54
124 55
124 138
124 139
124 140
124 143
124 144
124 145
124 56
124 146
124 147
124 57
124 60
124 148
124 108
124 109
124 149
124 150
124 152
124 153
124 154
124 156
124 157
124 158
124 160
124 111
124 72
124 161
124 74
124 163
124 164
124 166
124 168
124 80
124 169
124 170
124 171
124 83
124 172
124 175
124 177
124 178
124 179
124 181
124 182
124 90
124 92
124 184
124 94
124 186
124 187
124 95
124 189
124 97
124 192
124 193
124 194
124 196
124 198
124 113
124 199
124 200
124 201
124 204
124 104
124 205
207 208
209 46
209 74
210 46
210 211
233 147
233 57
233 149
233 235
233 211
233 111
233 237
233 175
233 87
233 177
233 194
233 238
233 239
233 240
233 104
241 124
241 243
241 196
241 199
313 124
313 314
313 315
313 54
313 55
313 138
313 147
313 59
313 60
313 148
313 164
313 316
313 171
313 83
313 318
313 319
313 320
313 321
313 322
313 269
313 279
313 106
338 46
338 340
338 140
338 252
338 341
338 342
338 145
338 57
338 343
338 344
338 108
338 345
338 67
338 346
338 347
338 158
338 71
338 350
338 178
338 321
338 353
338 354
338 355
338 273
338 357
338 240
365 366
365 368
365 369
378 46
378 51
378 380
378 381
378 383
378 177
378 240
388 326
388 32
388 389
388 22
388 14
388 392
388 393
388 43
394 32
394 292
394 395
396 400
396 401
396 402
396 403
396 405
396 406
396 407
396 409
396 410
396 411
396 413
283 284
283 5
283 297
283 3
283 303
283 304
417 418
417 74
417 196
31 283
31 32
31 419
31 420
31 421
31 290
31 292
31 424
31 425
31 426
31 295
31 427
31 428
31 429
31 297
31 433
31 434
31 435
31 403
31 436
31 437
31 438
31 34
31 439
31 440
31 441
31 442
31 443
31 445
31 35
31 446
31 447
31 448
31 451
31 452
31 453
326 388
326 32
326 327
326 22
326 330
326 14
326 393
326 454
326 43
326 336
326 455
326 456
326 457
459 460
126 124
126 139
126 156
45 44
45 478
45 177
45 279
479 147
284 11
284 283
284 307
127 124
127 233
127 51
127 132
127 135
127 137
127 145
127 147
127 57
127 148
127 108
127 109
127 152
127 157
127 158
127 111
127 161
127 164
127 166
127 168
127 80
127 175
127 177
127 178
127 179
127 182
127 90
127 196
127 113
127 199
127 204
127 104
483 46
483 133
483 484
483 60
483 74
32 18
32 124
32 388
32 394
32 31
32 326
32 488
32 46
32 489
32 315
32 491
32 420
32 288
32 138
32 146
32 147
32 57
32 290
32 493
32 60
32 292
32 150
32 22
32 23
32 497
32 498
32 499
32 418
32 5
32 425
32 395
32 426
32 74
32 366
32 429
32 297
32 434
32 435
32 3
32 403
32 27
32 504
32 505
32 437
32 506
32 164
32 508
32 80
32 83
32 406
32 172
32 509
32 510
32 511
32 512
32 439
32 374
32 334
32 513
32 14
32 515
32 516
32 445
32 182
32 90
32 393
32 518
32 519
32 447
32 522
32 121
32 523
32 411
32 97
32 43
32 196
32 525
32 368
32 113
32 527
32 530
32 531
32 532
32 534
32 536
32 537
32 538
32 539
32 541
32 542
32 205
32 106
556 229
488 32
488 22
488 402
488 27
488 508
488 406
488 334
488 525
488 527
559 560
559 205
559 106
286 561
286 205
562 279
563 60
563 63
565 418
571 133
571 54
571 60
571 150
571 74
571 181
461 223
577 182
577 192
577 205
389 388
389 327
389 22
389 393
389 43
46 44
46 124
46 209
46 210
46 338
46 378
46 483
46 32
46 47
46 314
46 580
46 581
46 546
46 582
46 50
46 583
46 585
46 51
46 340
46 132
46 587
46 133
46 588
46 135
46 137
46 590
46 591
46 250
46 593
46 594
46 596
46 597
46 52
46 54
46 55
46 138
46 140
46 252
46 341
46 253
46 600
46 143
46 601
46 342
46 602
46 145
46 56
46 146
46 603
46 147
46 57
46 59
46 60
46 607
46 148
46 608
46 108
46 149
46 609
46 150
46 612
46 22
46 614
46 615
46 616
46 63
46 497
46 220
46 619
46 257
46 64
46 152
46 153
46 65
46 154
46 623
46 259
46 67
46 381
46 346
46 347
46 626
46 418
46 157
46 158
46 71
46 72
46 629
46 74
46 630
46 164
46 631
46 632
46 633
46 636
46 637
46 639
46 641
46 80
46 350
46 643
46 169
46 170
46 644
46 373
46 171
46 83
46 645
46 383
46 646
46 647
46 266
46 648
46 175
46 650
46 651
46 652
46 87
46 653
46 654
46 374
46 469
46 513
46 177
46 178
46 179
46 655
46 656
46 181
46 182
46 657
46 658
46 90
46 660
46 92
46 93
46 471
46 322
46 663
46 664
46 94
46 186
46 187
46 269
46 95
46 189
46 96
46 666
46 271
46 97
46 667
46 353
46 354
46 668
46 194
46 355
46 196
46 669
46 670
46 198
46 99
46 273
46 113
46 199
46 200
46 101
46 672
46 674
46 676
46 678
46 679
46 274
46 230
46 357
46 276
46 239
46 204
46 240
46 681
46 104
46 682
46 684
46 105
46 685
46 376
46 686
46 205
46 688
46 106
46 231
489 32
489 292
47 46
47 51
47 133
47 135
47 250
47 52
47 55
47 143
47 147
47 60
47 150
47 63
47 619
47 259
47 111
47 164
47 263
47 171
47 83
47 178
47 92
47 184
47 271
47 472
47 693
47 276
47 104
47 105
47 694
47 106
208 387
696 133
696 698
700 551
700 401
700 403
700 27
700 406
700 701
700 410
700 411
700 702
700 703
700 704
314 44
314 46
314 718
314 585
314 591
314 250
314 54
314 55
314 252
314 146
314 57
314 60
314 150
314 63
314 65
314 259
314 72
314 80
314 350
314 83
314 229
314 95
314 472
314 101
314 713
314 104
314 720
314 106
462 47
462 314
462 585
462 51
462 55
462 138
462 56
462 60
462 150
462 619
462 259
462 72
462 80
462 177
462 90
462 95
462 271
462 354
462 101
462 240
462 106
722 71
722 273
723 74
724 106
737 273
740 56
740 264
740 658
740 92
740 95
740 194
742 74
745 746
745 747
580 46
580 133
580 55
580 60
580 150
580 74
580 90
580 273
580 113
748 157
748 277
748 106
581 46
581 133
581 137
581 55
581 146
581 60
581 150
581 74
581 171
581 90
581 269
581 274
581 230
750 315
546 46
546 718
546 751
546 135
546 137
546 250
546 56
546 60
546 150
546 220
546 259
546 157
546 72
546 752
546 80
546 83
546 175
546 87
546 177
546 178
546 90
546 92
546 663
546 95
546 96
546 354
546 678
546 474
546 278
546 106
546 231
764 706
764 54
764 767
764 95
386 147
386 109
386 769
386 770
386 113
315 32
315 571
315 750
315 546
315 132
315 133
315 55
315 138
315 147
315 108
315 773
315 150
315 23
315 774
315 152
315 418
315 504
315 633
315 263
315 775
315 732
315 182
315 777
315 733
315 189
315 196
315 368
315 779
315 274
315 782
315 460
315 205
315 785
315 231
786 196
130 124
130 51
130 147
130 108
130 111
130 164
130 177
130 179
130 733
130 196
130 113
130 787
130 204
790 74
582 46
582 133
582 55
582 57
582 74
582 90
582 97
582 273
50 44
50 137
50 60
50 806
50 637
50 321
50 807
50 809
131 124
131 132
131 137
131 55
131 140
131 342
131 146
131 147
131 57
131 109
131 150
131 810
131 811
131 812
131 152
131 813
131 111
131 164
131 816
131 177
131 817
131 182
131 90
131 189
131 770
131 113
131 199
726 51
726 132
726 137
726 54
726 138
726 140
726 820
726 143
726 56
726 147
726 57
726 59
726 60
726 109
726 150
726 619
726 111
726 164
726 263
726 83
726 178
726 92
726 271
726 194
726 113
726 106
560 559
560 588
560 821
560 150
560 235
560 87
560 177
560 822
560 663
560 230
560 823
825 57
825 164
825 80
825 199
116 118
116 119
116 14
116 392
116 121
116 828
116 123
583 46
583 51
583 140
583 147
583 59
583 65
583 157
583 72
583 80
583 83
829 133
829 147
829 60
718 313
718 546
746 745
746 831
746 833
746 164
746 834
746 747
746 711
746 835
837 313
837 316
839 133
839 250
839 138
839 146
839 60
839 278
585 44
585 45
585 46
585 250
585 52
585 54
585 253
585 56
585 57
585 59
585 60
585 840
585 619
585 154
585 67
585 71
585 80
585 266
585 175
585 177
585 178
585 658
585 269
585 472
585 273
585 105
585 279
585 106
51 124
51 378
51 45
51 127
51 46
51 131
51 726
51 583
51 585
51 132
51 133
51 135
51 137
51 250
51 52
51 54
51 55
51 138
51 140
51 253
51 143
51 254
51 145
51 56
51 146
51 147
51 57
51 59
51 60
51 148
51 108
51 150
51 63
51 220
51 619
51 729
51 380
51 64
51 152
51 65
51 259
51 67
51 381
51 157
51 158
51 111
51 71
51 72
51 161
51 842
51 74
51 164
51 166
51 631
51 168
51 80
51 350
51 170
51 373
51 171
51 83
51 383
51 646
51 266
51 172
51 843
51 175
51 650
51 87
51 469
51 177
51 178
51 179
51 655
51 181
51 182
51 90
51 92
51 471
51 186
51 187
51 95
51 189
51 97
51 354
51 194
51 196
51 113
51 199
51 200
51 101
51 274
51 239
51 204
51 240
51 104
51 105
51 376
51 720
51 205
51 844
51 106
340 338
340 46
340 150
340 74
340 80
132 124
132 127
132 46
132 314
132 130
132 131
132 726
132 51
132 133
132 135
132 137
132 55
132 138
132 140
132 253
132 143
132 145
132 146
132 147
132 57
132 60
132 108
132 109
132 149
132 150
132 619
132 152
132 157
132 160
132 111
132 72
132 163
132 164
132 847
132 80
132 83
132 646
132 175
132 848
132 177
132 178
132 179
132 182
132 849
132 186
132 187
132 734
132 189
132 271
132 192
132 196
132 113
132 199
132 200
132 851
132 204
587 46
587 150
587 74
133 124
133 358
133 32
133 571
133 46
133 696
133 580
133 581
133 582
133 852
133 829
133 839
133 51
133 132
133 588
133 135
133 137
133 250
133 593
133 594
133 52
133 54
133 55
133 138
133 253
133 143
133 602
133 145
133 56
133 146
133 147
133 57
133 59
133 60
133 148
133 108
133 150
133 614
133 497
133 220
133 64
133 152
133 853
133 623
133 259
133 67
133 418
133 157
133 225
133 72
133 74
133 854
133 164
133 855
133 633
133 856
133 749
133 857
133 80
133 350
133 169
133 171
133 709
133 83
133 175
133 651
133 227
133 87
133 374
133 177
133 178
133 179
133 229
133 858
133 181
133 859
133 182
133 658
133 90
133 92
133 93
133 860
133 663
133 664
133 862
133 269
133 95
133 864
133 189
133 271
133 97
133 865
133 353
133 668
133 866
133 194
133 355
133 196
133 670
133 198
133 99
133 273
133 113
133 199
133 200
133 101
133 676
133 678
133 274
133 230
133 357
133 698
133 204
133 104
133 870
133 474
133 686
133 720
133 205
133 872
133 106
133 717
133 231
134 111
134 104
247 593
247 146
247 150
247 74
247 80
247 169
247 355
247 873
874 111
878 150
588 46
588 133
588 146
588 60
588 150
588 74
588 164
588 182
588 90
588 196
588 274
588 230
880 230
419 31
327 326
327 389
327 22
327 23
327 499
327 516
327 392
327 336
327 455
327 123
248 46
248 74
248 164
248 230
135 124
135 46
135 47
135 546
135 51
135 133
135 137
135 596
135 597
135 52
135 706
135 54
135 55
135 138
135 140
135 143
135 602
135 145
135 56
135 146
135 147
135 57
135 59
135 60
135 148
135 108
135 150
135 63
135 220
135 619
135 257
135 64
135 152
135 154
135 67
135 157
135 111
135 72
135 161
135 74
135 164
135 168
135 80
135 169
135 83
135 175
135 87
135 469
135 177
135 178
135 179
135 181
135 182
135 90
135 92
135 471
135 186
135 269
135 886
135 734
135 95
135 189
135 271
135 97
135 354
135 194
135 196
135 99
135 113
135 199
135 200
135 101
135 678
135 240
135 104
135 105
135 474
135 278
135 205
135 106
491 32
491 921
491 922
923 842
925 145
925 381
925 646
137 124
137 127
137 32
137 46
137 581
137 546
137 726
137 51
137 132
137 133
137 135
137 250
137 593
137 52
137 54
137 55
137 138
137 140
137 341
137 253
137 143
137 145
137 56
137 146
137 147
137 57
137 59
137 60
137 148
137 926
137 108
137 150
137 927
137 64
137 152
137 153
137 65
137 259
137 67
137 346
137 929
137 418
137 157
137 158
137 799
137 111
137 71
137 72
137 161
137 842
137 74
137 164
137 166
137 930
137 633
137 895
137 636
137 168
137 80
137 169
137 170
137 171
137 709
137 83
137 646
137 175
137 650
137 87
137 933
137 177
137 178
137 179
137 181
137 182
137 268
137 90
137 92
137 471
137 663
137 664
137 186
137 187
137 269
137 189
137 96
137 271
137 97
137 354
137 194
137 355
137 196
137 273
137 113
137 199
137 200
137 101
137 678
137 274
137 204
137 104
137 376
137 106
137 717
590 46
590 55
590 57
590 150
590 807
591 46
591 51
591 133
591 137
591 140
591 147
591 59
591 60
591 150
591 810
591 728
591 619
591 153
591 164
591 80
591 83
591 177
591 179
591 182
591 90
591 92
591 189
591 97
591 196
591 113
591 199
591 200
935 259
935 97
250 338
250 46
250 47
250 314
250 546
250 51
250 133
250 137
250 52
250 55
250 143
250 145
250 56
250 146
250 147
250 57
250 59
250 60
250 148
250 65
250 67
250 111
250 71
250 72
250 163
250 80
250 83
250 469
250 177
250 178
250 181
250 182
250 658
250 90
250 92
250 471
250 734
250 97
250 354
250 101
250 274
250 240
250 104
250 105
250 376
250 106
941 32
593 46
593 133
593 247
593 137
593 57
593 150
593 74
593 80
593 90
593 273
942 74
420 31
420 32
420 290
420 292
420 426
420 437
420 512
420 446
705 113
705 199
594 46
594 133
594 54
594 55
594 143
594 57
594 60
594 150
594 74
594 164
594 80
594 175
594 90
594 92
594 196
594 113
944 14
288 32
288 366
288 539
243 241
243 196
243 199
251 186
251 946
251 104
251 278
567 22
421 31
421 34
596 220
597 338
597 46
597 314
597 55
597 146
597 57
597 60
597 962
597 65
597 259
597 67
597 71
597 266
597 87
597 90
597 276
597 240
597 104
597 105
597 919
597 106
964 22
964 23
52 44
52 46
52 47
52 581
52 585
52 51
52 135
52 137
52 250
52 54
52 55
52 138
52 252
52 143
52 602
52 56
52 146
52 147
52 57
52 60
52 150
52 63
52 65
52 67
52 157
52 72
52 161
52 842
52 74
52 350
52 83
52 175
52 87
52 469
52 181
52 90
52 92
52 471
52 95
52 271
52 472
52 354
52 194
52 196
52 274
52 204
52 104
52 105
52 686
52 106
548 402
548 405
548 406
548 523
548 411
548 527
548 554
568 567
568 22
568 569
568 570
568 456
969 961
706 764
706 135
706 150
706 72
706 74
706 83
706 177
706 90
706 186
706 96
706 354
706 194
706 274
706 104
971 22
971 972
54 44
54 124
54 313
54 46
54 47
54 462
54 764
54 315
54 726
54 585
54 51
54 132
54 133
54 588
54 135
54 137
54 250
54 52
54 55
54 138
54 140
54 253
54 143
54 254
54 145
54 56
54 146
54 147
54 57
54 59
54 60
54 148
54 108
54 609
54 150
54 63
54 497
54 619
54 345
54 65
54 259
54 67
54 381
54 418
54 157
54 160
54 111
54 71
54 72
54 161
54 74
54 767
54 164
54 166
54 633
54 263
54 80
54 350
54 170
54 171
54 709
54 83
54 175
54 87
54 469
54 177
54 178
54 179
54 181
54 182
54 658
54 90
54 92
54 471
54 184
54 663
54 186
54 862
54 269
54 95
54 189
54 96
54 271
54 472
54 97
54 354
54 194
54 196
54 273
54 113
54 199
54 200
54 101
54 274
54 276
54 240
54 104
54 105
54 376
54 720
54 106
975 22
975 23
979 74
55 44
55 124
55 313
55 46
55 314
55 462
55 581
55 546
55 315
55 582
55 51
55 132
55 133
55 135
55 137
55 590
55 591
55 250
55 594
55 597
55 52
55 54
55 138
55 140
55 252
55 253
55 143
55 602
55 145
55 56
55 146
55 147
55 57
55 59
55 60
55 108
55 609
55 150
55 614
55 616
55 63
55 497
55 619
55 257
55 64
55 853
55 65
55 259
55 67
55 626
55 418
55 157
55 799
55 71
55 72
55 74
55 164
55 166
55 752
55 632
55 633
55 639
55 641
55 80
55 350
55 169
55 373
55 171
55 83
55 266
55 172
55 175
55 651
55 87
55 469
55 177
55 179
55 181
55 182
55 268
55 658
55 90
55 92
55 93
55 471
55 322
55 184
55 663
55 186
55 187
55 269
55 95
55 96
55 271
55 472
55 97
55 194
55 196
55 198
55 99
55 273
55 113
55 199
55 200
55 101
55 674
55 678
55 274
55 276
55 204
55 240
55 104
55 682
55 105
55 376
55 205
55 106
138 44
138 124
138 313
138 127
138 46
138 47
138 546
138 839
138 51
138 132
138 133
138 135
138 137
138 250
138 54
138 55
138 140
138 253
138 143
138 145
138 56
138 146
138 147
138 57
138 59
138 60
138 148
138 108
138 150
138 220
138 619
138 962
138 257
138 152
138 65
138 259
138 67
138 157
138 158
138 111
138 72
138 161
138 74
138 164
138 631
138 80
138 350
138 171
138 83
138 172
138 843
138 175
138 469
138 177
138 178
138 179
138 181
138 182
138 89
138 90
138 92
138 471
138 663
138 186
138 269
138 95
138 189
138 271
138 97
138 194
138 196
138 198
138 273
138 113
138 199
138 200
138 101
138 274
138 204
138 240
138 104
138 277
138 474
138 205
138 106
984 74
707 54
707 986
139 124
139 126
139 108
139 156
989 147
989 990
991 147
991 113
140 124
140 338
140 46
140 50
140 726
140 837
140 51
140 132
140 135
140 137
140 52
140 54
140 55
140 143
140 254
140 56
140 146
140 147
140 57
140 344
140 59
140 60
140 109
140 149
140 345
140 111
140 72
140 164
140 80
140 175
140 177
140 178
140 179
140 182
140 92
140 192
140 194
140 196
140 198
140 113
140 199
140 200
140 204
140 996
140 736
140 376
140 205
820 131
820 132
820 140
820 147
820 109
820 111
820 164
820 179
820 113
820 200
820 204
999 74
1000 1002
1003 230
252 46
252 55
252 143
252 146
252 60
252 148
252 257
252 65
252 71
252 72
252 80
252 350
252 266
252 90
252 96
252 274
252 240
252 104
341 46
341 137
341 57
341 65
341 154
341 346
341 158
341 74
341 353
341 194
341 104
341 684
341 376
1005 74
1006 961
1006 418
1006 1007
1008 74
1009 164
253 46
253 837
253 51
253 133
253 247
253 137
253 54
253 55
253 138
253 143
253 146
253 147
253 57
253 60
253 150
253 152
253 72
253 74
253 164
253 80
253 350
253 83
253 175
253 897
253 90
253 92
253 734
253 189
253 214
253 196
253 113
253 200
253 278
600 46
600 147
600 150
600 273
143 124
143 46
143 47
143 314
143 462
143 51
143 132
143 133
143 135
143 137
143 250
143 594
143 52
143 54
143 55
143 138
143 140
143 252
143 253
143 56
143 146
143 147
143 57
143 59
143 60
143 608
143 108
143 609
143 150
143 63
143 619
143 257
143 64
143 152
143 345
143 65
143 154
143 259
143 67
143 157
143 799
143 71
143 72
143 74
143 164
143 633
143 80
143 350
143 709
143 83
143 175
143 374
143 469
143 177
143 178
143 181
143 90
143 92
143 471
143 186
143 95
143 189
143 271
143 97
143 354
143 194
143 196
143 99
143 113
143 199
143 200
143 101
143 274
143 276
143 883
143 240
143 104
143 105
143 376
143 720
143 106
144 124
254 563
254 726
254 135
254 140
254 60
254 109
254 257
254 111
254 263
254 645
254 175
254 178
254 186
254 96
601 46
755 400
755 403
755 27
755 757
755 506
755 758
755 407
755 409
755 760
342 338
342 147
342 57
342 109
342 163
342 164
342 1017
342 1018
602 46
602 51
602 55
602 147
602 57
602 60
602 150
602 83
602 200
1019 22
1019 972
1021 1022
145 124
145 127
145 46
145 51
145 132
145 133
145 135
145 925
145 137
145 250
145 1024
145 54
145 55
145 138
145 147
145 57
145 60
145 148
145 926
145 108
145 150
145 810
145 235
145 257
145 152
145 67
145 346
145 157
145 158
145 799
145 111
145 72
145 161
145 164
145 166
145 263
145 168
145 80
145 171
145 83
145 175
145 653
145 177
145 178
145 179
145 181
145 182
145 268
145 90
145 92
145 93
145 849
145 186
145 269
145 189
145 97
145 353
145 194
145 196
145 113
145 199
145 200
145 357
145 240
145 104
145 205
145 106
56 44
56 45
56 46
56 314
56 740
56 546
56 51
56 135
56 137
56 597
56 52
56 54
56 55
56 138
56 140
56 143
56 254
56 146
56 147
56 57
56 59
56 60
56 150
56 728
56 63
56 257
56 345
56 65
56 154
56 259
56 381
56 111
56 71
56 263
56 80
56 170
56 83
56 175
56 469
56 177
56 181
56 182
56 90
56 92
56 471
56 186
56 95
56 97
56 101
56 274
56 230
56 276
56 239
56 240
56 104
56 105
56 376
56 720
56 106
146 44
146 124
146 32
146 46
146 47
146 314
146 581
146 839
146 51
146 340
146 132
146 133
146 588
146 135
146 591
146 250
146 597
146 52
146 54
146 55
146 138
146 140
146 252
146 253
146 600
146 143
146 602
146 56
146 147
146 57
146 59
146 60
146 926
146 108
146 150
146 152
146 153
146 1026
146 65
146 259
146 67
146 626
146 418
146 160
146 71
146 72
146 74
146 164
146 631
146 80
146 169
146 644
146 373
146 171
146 83
146 647
146 266
146 175
146 651
146 227
146 87
146 510
146 469
146 177
146 178
146 179
146 181
146 182
146 90
146 92
146 93
146 471
146 184
146 664
146 186
146 269
146 189
146 271
146 472
146 97
146 353
146 194
146 196
146 198
146 273
146 113
146 199
146 200
146 1027
146 101
146 674
146 274
146 204
146 240
146 682
146 105
146 376
146 686
146 205
146 106
1028 22
1028 23
1028 330
1028 123
1029 147
1029 1030
1029 1031
603 46
603 150
603 74
147 44
147 124
147 209
147 233
147 338
147 479
147 127
147 32
147 46
147 47
147 546
147 386
147 315
147 130
147 131
147 726
147 583
147 51
147 132
147 133
147 588
147 135
147 137
147 591
147 250
147 593
147 594
147 54
147 55
147 138
147 989
147 991
147 140
147 820
147 253
147 143
147 342
147 602
147 145
147 56
147 146
147 1029
147 57
147 1033
147 1034
147 59
147 60
147 607
147 1035
147 148
147 926
147 608
147 108
147 990
147 1036
147 109
147 149
147 150
147 22
147 235
147 497
147 619
147 1030
147 811
147 1031
147 812
147 152
147 813
147 153
147 418
147 157
147 158
147 1038
147 160
147 111
147 1039
147 72
147 161
147 74
147 893
147 163
147 164
147 166
147 769
147 1040
147 633
147 895
147 263
147 168
147 1041
147 80
147 350
147 169
147 373
147 237
147 171
147 83
147 816
147 172
147 732
147 175
147 650
147 651
147 1043
147 848
147 653
147 374
147 1044
147 513
147 177
147 817
147 178
147 179
147 515
147 181
147 182
147 747
147 658
147 90
147 387
147 92
147 1045
147 1046
147 184
147 94
147 186
147 187
147 733
147 95
147 1047
147 1017
147 189
147 666
147 271
147 97
147 192
147 194
147 770
147 196
147 670
147 198
147 99
147 113
147 199
147 200
147 1027
147 274
147 713
147 913
147 204
147 735
147 240
147 104
147 277
147 809
147 1018
147 376
147 205
147 872
147 106
147 231
57 44
57 124
57 233
57 338
57 127
57 32
57 46
57 314
57 462
57 581
57 315
57 582
57 131
57 726
57 825
57 585
57 51
57 132
57 133
57 135
57 137
57 590
57 591
57 250
57 593
57 594
57 597
57 52
57 54
57 55
57 138
57 140
57 341
57 253
57 600
57 143
57 342
57 602
57 56
57 146
57 147
57 1034
57 59
57 60
57 608
57 108
57 149
57 609
57 150
57 612
57 497
57 619
57 962
57 257
57 64
57 833
57 152
57 153
57 65
57 154
57 623
57 259
57 67
57 346
57 418
57 157
57 158
57 111
57 71
57 72
57 74
57 164
57 166
57 997
57 631
57 633
57 263
57 168
57 80
57 169
57 170
57 373
57 237
57 171
57 709
57 83
57 646
57 266
57 732
57 175
57 650
57 652
57 87
57 374
57 1050
57 513
57 177
57 178
57 179
57 656
57 181
57 182
57 657
57 90
57 92
57 93
57 471
57 664
57 186
57 187
57 269
57 95
57 1017
57 189
57 271
57 1051
57 97
57 710
57 192
57 668
57 194
57 355
57 196
57 198
57 99
57 112
57 273
57 113
57 1052
57 199
57 200
57 1027
57 101
57 274
57 534
57 1054
57 204
57 940
57 883
57 240
57 104
57 105
57 376
57 205
57 106
57 717
57 231
1033 342
1033 147
1033 770
1057 46
1057 74
1057 273
290 31
290 32
290 420
290 755
290 292
290 400
290 551
290 425
290 426
290 295
290 428
290 429
290 401
290 433
290 434
290 435
290 403
290 27
290 34
290 439
290 14
290 443
290 445
290 35
290 761
290 1058
1061 74
1061 196
1061 230
1062 106
1064 74
1066 257
344 854
831 746
831 833
831 747
7 6
7 810
7 833
7 1068
7 747
493 32
1034 130
1034 51
1034 132
1034 591
1034 147
1034 163
1034 204
59 44
59 313
59 46
59 47
59 462
59 315
59 130
59 131
59 583
59 51
59 132
59 133
59 135
59 591
59 250
59 52
59 54
59 55
59 138
59 140
59 143
59 342
59 56
59 146
59 147
59 57
59 60
59 108
59 609
59 63
59 619
59 345
59 153
59 259
59 67
59 111
59 72
59 74
59 164
59 166
59 263
59 80
59 83
59 478
59 177
59 178
59 179
59 182
59 658
59 90
59 92
59 184
59 269
59 95
59 271
59 192
59 193
59 198
59 113
59 693
59 204
59 240
59 104
59 460
59 278
59 720
59 205
59 872
59 106
484 483
60 44
60 124
60 313
60 483
60 32
60 563
60 46
60 47
60 314
60 462
60 581
60 546
60 50
60 726
60 829
60 839
60 585
60 51
60 132
60 133
60 135
60 137
60 590
60 591
60 250
60 594
60 597
60 52
60 54
60 55
60 138
60 707
60 140
60 252
60 253
60 143
60 254
60 342
60 602
60 145
60 56
60 146
60 147
60 57
60 1034
60 59
60 148
60 608
60 840
60 108
60 1073
60 609
60 150
60 614
60 63
60 497
60 220
60 619
60 257
60 64
60 152
60 345
60 65
60 623
60 259
60 67
60 346
60 418
60 157
60 158
60 111
60 71
60 1074
60 72
60 161
60 842
60 74
60 164
60 633
60 263
60 168
60 641
60 80
60 350
60 169
60 171
60 709
60 83
60 645
60 647
60 843
60 175
60 650
60 652
60 87
60 510
60 374
60 177
60 178
60 179
60 181
60 182
60 90
60 92
60 93
60 471
60 186
60 862
60 187
60 269
60 95
60 189
60 96
60 271
60 472
60 97
60 354
60 194
60 196
60 198
60 99
60 273
60 113
60 199
60 200
60 101
60 1076
60 672
60 693
60 274
60 698
60 534
60 276
60 204
60 240
60 104
60 277
60 105
60 870
60 376
60 686
60 720
60 205
60 106
292 394
292 31
292 32
292 420
292 290
292 551
292 395
821 560
821 205
607 46
607 147
607 74
607 196
1035 342
1035 147
1035 769
1081 918
148 124
148 313
148 46
148 51
148 133
148 135
148 137
148 250
148 54
148 55
148 138
148 252
148 145
148 147
148 60
148 108
148 157
148 71
148 72
148 164
148 168
148 80
148 350
148 171
148 83
148 469
148 177
148 179
148 182
148 186
148 354
148 194
148 196
148 200
148 240
148 376
148 106
953 1083
953 1084
1085 806
1085 736
1086 133
1086 150
1086 80
926 137
926 72
926 106
608 46
608 546
608 133
608 143
608 147
608 57
608 60
608 150
608 74
608 80
608 97
608 196
608 200
608 106
1090 205
1092 71
1092 273
1093 74
1094 230
1095 113
1095 106
1097 897
840 44
840 47
840 706
840 254
840 60
840 619
840 72
840 177
840 178
840 90
840 95
840 472
840 354
840 276
108 124
108 338
108 127
108 46
108 130
108 51
108 132
108 133
108 135
108 137
108 591
108 52
108 54
108 55
108 138
108 139
108 341
108 143
108 145
108 147
108 57
108 60
108 148
108 109
108 150
108 235
108 152
108 346
108 157
108 158
108 799
108 111
108 72
108 164
108 166
108 1100
108 847
108 168
108 80
108 644
108 171
108 83
108 646
108 175
108 650
108 177
108 178
108 179
108 182
108 90
108 92
108 184
108 186
108 95
108 189
108 353
108 192
108 354
108 193
108 194
108 196
108 198
108 113
108 199
108 200
108 274
108 204
108 104
108 376
1102 1103
1102 366
990 989
990 147
1036 175
1105 22
1105 330
1105 1106
1105 333
1105 334
109 124
109 127
109 386
109 131
109 726
109 132
109 140
109 820
109 254
109 342
109 147
109 108
109 149
109 235
109 811
109 152
109 345
109 153
109 154
109 157
109 158
109 166
109 769
109 263
109 847
109 168
109 83
109 1107
109 172
109 732
109 177
109 182
109 184
109 94
109 733
109 1017
109 472
109 196
109 112
109 113
109 1027
109 918
1073 60
1073 1074
773 315
773 1108
149 124
149 233
149 132
149 147
149 57
149 109
149 153
149 111
149 164
149 263
149 847
149 732
149 179
149 515
149 182
149 849
149 733
149 193
149 194
149 196
149 113
149 204
149 240
149 376
609 46
609 54
609 55
609 138
609 707
609 143
609 57
609 60
609 148
609 840
609 111
609 72
609 350
609 373
609 178
609 92
609 96
609 271
609 97
609 194
609 104
609 376
609 106
219 227
219 229
219 230
150 44
150 124
150 32
150 571
150 46
150 47
150 314
150 462
150 580
150 581
150 546
150 131
150 560
150 51
150 340
150 132
150 587
150 133
150 247
150 878
150 588
150 880
150 135
150 137
150 590
150 591
150 593
150 594
150 52
150 706
150 54
150 55
150 138
150 140
150 253
150 600
150 143
150 602
150 145
150 56
150 146
150 603
150 147
150 57
150 60
150 1086
150 608
150 1111
150 614
150 235
150 497
150 619
150 64
150 152
150 853
150 623
150 259
150 67
150 346
150 418
150 157
150 111
150 71
150 72
150 842
150 74
150 164
150 752
150 1040
150 930
150 633
150 856
150 749
150 641
150 80
150 350
150 169
150 170
150 644
150 171
150 83
150 266
150 172
150 732
150 175
150 651
150 652
150 87
150 374
150 177
150 178
150 179
150 1116
150 1117
150 1118
150 656
150 181
150 182
150 90
150 92
150 471
150 322
150 663
150 664
150 186
150 862
150 187
150 269
150 95
150 189
150 96
150 271
150 97
150 667
150 353
150 1121
150 354
150 668
150 194
150 355
150 196
150 670
150 198
150 99
150 273
150 113
150 199
150 200
150 101
150 1122
150 676
150 678
150 274
150 698
150 534
150 239
150 204
150 1123
150 240
150 681
150 104
150 1124
150 376
150 460
150 474
150 686
150 1125
150 720
150 205
150 688
150 106
150 231
1129 1103
1129 366
612 46
612 57
612 150
612 74
612 196
612 230
1111 133
1111 55
1111 150
1111 181
1111 472
1111 230
22 24
22 388
22 326
22 32
22 488
22 389
22 315
22 327
22 567
22 964
22 568
22 971
22 1019
22 1028
22 147
22 1105
22 23
22 497
22 498
22 1130
22 569
22 499
22 1131
22 1133
22 5
22 330
22 366
22 402
22 27
22 504
22 1106
22 1136
22 1137
22 508
22 1139
22 333
22 921
22 510
22 511
22 439
22 374
22 334
22 119
22 14
22 516
22 392
22 393
22 519
22 454
22 43
22 828
22 525
22 368
22 113
22 703
22 530
22 336
22 1091
22 532
22 972
22 455
22 570
22 456
22 457
22 123
22 1143
22 541
22 1144
22 542
23 315
23 327
23 22
23 569
23 551
23 330
23 27
23 439
23 334
23 516
23 189
23 336
23 1146
23 455
23 570
23 456
614 46
614 133
614 55
614 60
614 150
614 74
614 80
614 175
614 90
614 92
614 196
615 46
615 273
1149 72
1152 1153
1154 1051
810 7
810 164
810 732
810 660
810 1045
810 113
810 205
616 46
616 51
616 137
616 597
616 55
616 341
616 65
1172 1173
728 56
728 147
728 153
728 111
728 164
728 847
728 732
728 902
728 189
728 113
63 46
63 47
63 462
63 51
63 135
63 52
63 54
63 55
63 138
63 59
63 60
63 840
63 67
63 111
63 80
63 350
63 83
63 266
63 843
63 175
63 177
63 178
63 90
63 92
63 471
63 186
63 95
63 96
63 97
63 194
63 106
235 233
235 560
235 145
235 147
235 108
235 109
235 150
235 74
235 164
235 166
235 177
235 90
235 238
235 240
235 736
235 278
1180 230
1180 106
497 32
497 46
497 738
497 133
497 54
497 55
497 147
497 57
497 60
497 150
497 22
497 74
497 164
497 80
497 90
497 92
497 196
497 230
774 315
774 977
774 1108
774 777
774 978
220 46
220 51
220 133
220 138
220 1184
220 147
220 60
220 181
220 90
220 92
220 95
220 192
220 907
220 474
220 720
220 205
220 872
220 106
619 44
619 46
619 47
619 726
619 585
619 51
619 132
619 54
619 138
619 143
619 254
619 147
619 57
619 60
619 150
619 257
619 345
619 154
619 111
619 793
619 72
619 164
619 83
619 478
619 177
619 178
619 95
619 354
619 194
619 113
619 204
619 279
619 106
962 54
962 138
962 1049
962 57
962 200
729 51
729 163
729 204
498 32
498 22
498 961
498 418
1186 199
549 402
549 511
549 413
879 22
257 46
257 51
257 135
257 597
257 54
257 143
257 145
257 57
257 60
257 840
257 619
257 962
257 65
257 259
257 260
257 111
257 350
257 373
257 83
257 266
257 843
257 175
257 87
257 92
257 269
257 95
257 189
257 96
257 271
257 354
257 274
257 240
257 104
257 105
257 376
257 720
257 106
927 807
1130 22
1130 508
963 1187
963 87
963 460
963 106
569 327
569 964
569 568
569 22
569 23
569 333
569 516
569 454
569 336
569 570
569 704
569 456
380 378
380 51
380 341
380 381
380 194
380 239
380 240
1189 230
1191 32
1191 14
1191 703
1191 530
1191 704
1191 1099
1030 147
1030 1038
499 32
499 22
499 455
811 131
811 342
811 147
811 109
811 812
811 813
811 163
811 816
811 1017
811 770
811 113
1031 1029
1031 147
1031 1030
1031 111
1031 1040
1031 80
1031 94
1031 189
64 46
64 133
64 54
64 55
64 60
64 150
64 74
64 350
64 90
833 746
833 831
833 608
833 1068
833 164
833 1193
833 747
833 204
833 1194
1195 74
812 131
812 147
812 811
1196 230
152 124
152 127
152 46
152 315
152 131
152 51
152 132
152 133
152 135
152 137
152 54
152 143
152 145
152 146
152 147
152 57
152 1034
152 60
152 108
152 109
152 150
152 810
152 619
152 153
152 157
152 160
152 111
152 72
152 164
152 166
152 264
152 847
152 80
152 83
152 175
152 1043
152 848
152 177
152 178
152 179
152 182
152 90
152 184
152 186
152 777
152 189
152 196
152 113
152 199
152 200
152 238
152 204
152 205
152 106
424 46
424 74
424 273
345 207
345 338
345 51
345 705
345 54
345 138
345 140
345 143
345 109
345 111
345 72
345 842
345 164
345 847
345 732
345 178
345 660
345 354
345 194
345 113
345 199
345 787
345 376
345 106
813 32
813 131
813 147
813 811
813 816
813 817
153 137
153 591
153 54
153 140
153 147
153 57
153 60
153 109
153 152
153 111
153 164
153 189
153 192
153 113
153 199
853 133
853 150
853 74
853 164
853 80
853 90
211 210
211 233
117 32
117 22
117 505
117 828
117 703
117 537
117 704
117 1099
1026 74
1026 273
400 755
400 290
400 551
400 401
400 435
400 403
400 757
400 506
400 405
400 509
400 758
400 409
400 702
400 760
1187 225
65 46
65 462
65 583
65 51
65 250
65 597
65 52
65 54
65 55
65 138
65 341
65 143
65 56
65 57
65 60
65 257
65 154
65 259
65 67
65 346
65 260
65 157
65 158
65 799
65 72
65 261
65 1203
65 80
65 350
65 373
65 83
65 175
65 469
65 177
65 178
65 181
65 90
65 186
65 269
65 95
65 96
65 97
65 354
65 194
65 273
65 101
65 276
65 240
65 736
65 376
65 279
154 46
154 786
154 585
154 135
154 250
154 820
154 143
154 342
154 57
154 109
154 259
154 111
154 164
154 631
154 350
154 1204
154 658
154 189
154 194
154 1027
154 883
154 736
623 46
623 133
623 57
623 60
623 150
623 74
623 164
623 80
623 196
623 230
1206 807
259 44
259 338
259 46
259 314
259 546
259 51
259 135
259 137
259 935
259 250
259 597
259 52
259 54
259 55
259 143
259 56
259 146
259 57
259 60
259 609
259 150
259 257
259 65
259 67
259 72
259 80
259 373
259 266
259 175
259 177
259 181
259 657
259 89
259 90
259 186
259 95
259 96
259 271
259 97
259 354
259 194
259 196
259 104
259 105
259 376
259 106
67 338
67 46
67 47
67 50
67 51
67 133
67 135
67 137
67 54
67 55
67 143
67 145
67 56
67 146
67 57
67 60
67 150
67 63
67 257
67 65
67 259
67 72
67 161
67 80
67 350
67 373
67 83
67 266
67 87
67 177
67 178
67 229
67 181
67 89
67 658
67 90
67 95
67 96
67 354
67 194
67 678
67 274
67 883
67 104
67 105
67 376
67 106
1103 32
1103 1102
1103 1208
1103 1133
1103 366
1103 368
381 378
381 46
381 51
381 925
381 138
381 56
381 380
381 157
381 648
381 933
381 92
381 96
381 376
346 338
346 46
346 51
346 146
346 147
346 57
346 150
346 80
961 969
961 1006
961 498
961 1213
961 1214
961 418
961 1216
961 1217
961 1218
961 1219
961 1220
961 1221
961 647
961 510
961 374
961 1225
961 862
961 1227
961 1228
961 1229
961 1007
961 1230
961 1232
961 534
961 1233
347 338
347 46
347 74
890 748
260 257
260 65
260 111
260 83
260 104
1173 1172
1173 230
1237 366
222 227
929 137
929 211
1131 22
626 46
626 55
626 146
626 90
1245 713
1213 961
1213 418
1213 1007
891 515
1214 961
1214 418
1214 513
1214 196
1208 1129
1208 1103
1208 1133
1208 366
1208 1249
1208 368
418 417
418 32
418 565
418 46
418 133
418 594
418 54
418 55
418 1006
418 147
418 57
418 60
418 150
418 498
418 961
418 1213
418 1214
418 892
418 1250
418 74
418 1251
418 1252
418 1217
418 1254
418 893
418 1218
418 1219
418 164
418 633
418 895
418 1256
418 1257
418 847
418 1220
418 1258
418 169
418 1259
418 647
418 510
418 374
418 1260
418 513
418 179
418 182
418 90
418 1225
418 1151
418 1261
418 862
418 189
418 1229
418 196
418 113
418 199
418 200
418 679
418 1230
418 230
418 1232
418 534
418 736
418 205
418 106
1133 1103
1133 1208
1133 366
156 124
156 139
5 4
5 12
5 18
5 38
5 39
5 40
5 283
5 32
5 290
5 22
5 425
5 426
5 1264
5 297
5 921
5 304
5 1265
5 531
5 532
5 1266
5 369
806 50
806 140
806 807
157 124
157 127
157 46
157 583
157 585
157 51
157 132
157 133
157 135
157 137
157 52
157 54
157 55
157 138
157 145
157 56
157 146
157 147
157 57
157 60
157 148
157 108
157 109
157 150
157 152
157 65
157 67
157 381
157 158
157 111
157 72
157 261
157 161
157 74
157 164
157 166
157 168
157 80
157 171
157 83
157 266
157 175
157 1268
157 177
157 178
157 179
157 181
157 182
157 658
157 90
157 92
157 186
157 269
157 95
157 189
157 271
157 97
157 194
157 196
157 113
157 199
157 200
157 101
157 274
157 713
157 204
157 104
157 105
157 686
157 106
551 700
551 944
551 290
551 292
551 400
551 402
551 435
551 27
551 506
551 508
551 406
551 701
551 758
551 14
551 410
551 411
551 702
551 703
551 413
158 124
158 338
158 127
158 46
158 51
158 137
158 54
158 341
158 145
158 147
158 60
158 108
158 109
158 346
158 157
158 111
158 72
158 161
158 164
158 166
158 168
158 80
158 171
158 175
158 177
158 182
158 97
158 353
158 199
158 200
158 357
158 104
892 1202
330 326
330 1028
330 1105
330 22
330 23
330 1106
330 333
330 334
330 119
330 516
330 454
330 336
1295 95
223 461
223 813
223 1296
223 227
223 229
223 269
799 51
799 55
799 143
799 145
799 56
799 108
799 65
799 259
799 261
799 80
799 175
799 268
799 194
799 240
225 133
225 227
225 178
225 229
225 230
225 106
1298 504
1299 1300
1299 504
1299 1301
1038 147
1038 1030
1038 94
118 116
118 1028
118 119
118 14
118 121
118 336
118 123
1319 74
160 124
160 132
160 591
160 147
160 65
160 164
160 182
160 184
160 113
111 124
111 233
111 127
111 47
111 130
111 131
111 726
111 51
111 132
111 133
111 134
111 874
111 135
111 137
111 250
111 54
111 55
111 138
111 140
111 820
111 254
111 145
111 56
111 147
111 57
111 59
111 60
111 108
111 149
111 609
111 150
111 728
111 63
111 619
111 257
111 1031
111 152
111 345
111 153
111 154
111 260
111 157
111 158
111 72
111 1059
111 163
111 164
111 166
111 1040
111 997
111 1321
111 847
111 168
111 171
111 83
111 266
111 1107
111 172
111 732
111 175
111 177
111 178
111 179
111 182
111 90
111 92
111 471
111 184
111 94
111 734
111 472
111 192
111 354
111 836
111 194
111 196
111 112
111 113
111 199
111 787
111 1027
111 1322
111 693
111 204
111 240
111 104
111 376
111 918
111 106
425 31
425 32
425 290
425 5
425 426
425 428
425 434
425 508
425 439
425 445
425 448
1039 164
1039 179
395 32
395 292
395 512
793 619
793 71
793 83
793 807
793 1323
426 31
426 32
426 290
426 5
426 425
426 428
426 429
426 433
426 434
426 435
426 436
426 437
426 508
426 921
426 34
426 439
426 443
426 445
426 35
426 447
426 536
426 453
71 46
71 462
71 585
71 51
71 135
71 923
71 137
71 250
71 54
71 55
71 143
71 146
71 57
71 60
71 148
71 150
71 65
71 793
71 72
71 74
71 175
71 178
71 90
71 471
71 269
71 354
71 194
71 196
71 101
71 230
71 240
71 104
71 105
71 376
1074 60
1074 1073
72 44
72 124
72 338
72 127
72 46
72 47
72 314
72 462
72 546
72 386
72 582
72 131
72 583
72 585
72 51
72 132
72 133
72 135
72 137
72 250
72 52
72 706
72 54
72 55
72 138
72 140
72 252
72 253
72 143
72 254
72 342
72 145
72 146
72 147
72 57
72 59
72 60
72 1325
72 926
72 840
72 108
72 150
72 63
72 619
72 64
72 152
72 345
72 65
72 259
72 67
72 157
72 111
72 71
72 161
72 74
72 164
72 166
72 263
72 80
72 350
72 171
72 1326
72 83
72 175
72 650
72 87
72 469
72 177
72 178
72 179
72 181
72 182
72 90
72 92
72 471
72 663
72 94
72 186
72 269
72 189
72 96
72 271
72 97
72 354
72 194
72 196
72 198
72 273
72 113
72 199
72 200
72 101
72 274
72 276
72 204
72 104
72 376
72 278
72 1327
72 205
72 106
1059 111
1329 196
1270 608
1331 90
261 65
261 157
261 799
261 80
261 96
261 104
161 124
161 51
161 132
161 135
161 137
161 52
161 54
161 138
161 145
161 147
161 60
161 148
161 108
161 152
161 67
161 157
161 158
161 72
161 164
161 166
161 639
161 80
161 237
161 175
161 177
161 178
161 179
161 181
161 182
161 90
161 92
161 189
161 96
161 97
161 196
161 113
161 199
161 200
161 204
161 104
629 46
629 150
629 74
629 196
842 44
842 923
842 137
842 254
842 60
842 150
842 345
842 259
842 67
842 178
842 90
1250 418
1250 895
1250 1259
1250 513
1335 83
1216 961
1303 133
1303 54
1303 150
1303 74
1337 854
1338 90
74 124
74 209
74 358
74 417
74 483
74 32
74 571
74 46
74 314
74 723
74 742
74 580
74 581
74 790
74 582
74 51
74 1302
74 340
74 132
74 587
74 133
74 247
74 588
74 248
74 135
74 137
74 591
74 593
74 942
74 594
74 52
74 706
74 54
74 979
74 55
74 138
74 984
74 999
74 1005
74 1008
74 253
74 143
74 56
74 146
74 603
74 147
74 57
74 1057
74 1061
74 1064
74 59
74 60
74 607
74 1086
74 608
74 1093
74 612
74 22
74 614
74 235
74 497
74 619
74 257
74 64
74 1195
74 152
74 424
74 853
74 1026
74 623
74 259
74 347
74 418
74 157
74 1319
74 72
74 1339
74 629
74 1303
74 630
74 1340
74 854
74 1341
74 893
74 164
74 752
74 632
74 1342
74 633
74 856
74 749
74 641
74 80
74 169
74 83
74 647
74 172
74 732
74 175
74 1161
74 650
74 651
74 652
74 1162
74 1344
74 87
74 653
74 374
74 177
74 179
74 656
74 181
74 182
74 1163
74 90
74 92
74 93
74 471
74 322
74 1347
74 1046
74 1348
74 1349
74 664
74 186
74 862
74 187
74 269
74 1351
74 95
74 1352
74 189
74 271
74 97
74 1306
74 353
74 668
74 355
74 196
74 670
74 198
74 99
74 273
74 113
74 199
74 200
74 101
74 1076
74 676
74 678
74 679
74 274
74 1353
74 357
74 534
74 735
74 1123
74 681
74 682
74 1307
74 1355
74 1356
74 1124
74 686
74 1358
74 205
74 844
74 919
74 106
74 231
1251 418
1251 1256
1251 1259
767 764
767 54
1361 230
630 46
630 74
630 80
366 365
366 32
366 315
366 288
366 1102
366 1129
366 22
366 1103
366 1237
366 1208
366 1133
366 504
366 1362
366 368
366 369
366 538
366 539
366 542
1271 106
1364 1268
1365 22
1340 74
1340 182
1367 504
295 31
295 427
295 428
295 436
295 35
427 31
427 32
427 426
427 295
427 428
427 436
427 512
427 35
427 453
428 31
428 290
428 426
428 295
428 427
428 434
428 436
428 439
428 445
428 35
428 447
1252 418
1264 5
1264 1265
854 46
854 546
854 133
854 137
854 74
854 807
854 230
429 31
429 32
429 290
429 426
429 435
429 448
1341 74
1217 961
1217 418
1217 1007
401 396
401 700
401 755
401 402
401 433
401 27
401 506
401 405
401 406
401 407
401 409
401 411
401 413
402 396
402 548
402 551
402 401
402 435
402 27
402 508
402 406
402 701
402 411
402 525
402 527
402 554
402 413
297 283
297 31
297 32
297 5
297 3
297 303
297 304
1249 368
433 31
433 290
433 426
433 434
433 761
433 1058
1254 418
434 31
434 32
434 290
434 425
434 426
434 433
434 34
434 439
434 445
435 31
435 32
435 290
435 426
435 429
435 402
893 133
893 137
893 147
893 150
893 418
893 1250
893 895
893 1259
893 374
893 513
893 179
893 182
893 192
893 196
893 205
3 297
3 303
3 304
1300 1299
1300 1084
1386 505
403 396
403 31
403 755
403 400
403 551
403 401
403 27
403 757
403 506
403 701
403 758
403 34
403 407
403 409
403 410
403 760
436 31
436 290
436 426
436 295
436 427
436 428
436 35
1218 961
1218 418
27 32
27 488
27 700
27 755
27 22
27 551
27 425
27 401
27 402
27 508
27 406
27 701
27 758
27 334
27 410
27 411
27 702
27 525
27 703
27 413
27 760
27 704
504 32
504 315
504 22
504 1103
504 1298
504 1299
504 366
504 1301
504 957
504 368
504 713
504 538
505 32
505 1191
505 117
505 828
505 703
505 530
505 537
505 704
505 1099
437 420
437 22
437 426
437 427
437 512
437 446
1219 961
1219 418
757 755
757 400
757 401
757 403
757 506
757 758
757 409
757 760
757 123
506 32
506 755
506 290
506 400
506 551
506 401
506 433
506 403
506 757
506 405
506 509
506 758
506 409
506 760
506 761
405 396
405 548
405 400
405 401
405 402
405 506
405 406
405 407
405 409
405 410
405 411
405 702
405 527
405 413
1301 504
303 283
303 297
303 3
1106 22
1106 330
1106 333
1106 334
1309 46
1395 46
1395 83
163 124
163 132
163 705
163 342
163 145
163 147
163 729
163 111
163 902
163 1047
163 214
163 113
163 1018
164 124
164 313
164 127
164 32
164 46
164 47
164 581
164 130
164 131
164 726
164 825
164 746
164 51
164 132
164 133
164 588
164 248
164 135
164 137
164 591
164 594
164 54
164 55
164 138
164 140
164 820
164 1009
164 253
164 143
164 342
164 145
164 56
164 146
164 147
164 57
164 59
164 60
164 148
164 108
164 149
164 150
164 1110
164 728
164 235
164 497
164 619
164 1031
164 152
164 345
164 153
164 853
164 154
164 418
164 157
164 158
164 160
164 1039
164 72
164 161
164 74
164 893
164 166
164 632
164 633
164 895
164 749
164 847
164 168
164 641
164 80
164 169
164 170
164 171
164 83
164 1311
164 647
164 172
164 732
164 175
164 650
164 848
164 87
164 469
164 513
164 177
164 178
164 179
164 181
164 182
164 747
164 90
164 92
164 184
164 94
164 186
164 187
164 733
164 734
164 95
164 189
164 271
164 472
164 97
164 192
164 354
164 836
164 194
164 196
164 198
164 99
164 273
164 113
164 199
164 787
164 200
164 1122
164 851
164 678
164 230
164 1054
164 204
164 735
164 104
164 873
164 1355
164 277
164 1400
164 376
164 460
164 1401
164 205
164 872
164 919
164 106
166 124
166 127
166 51
166 132
166 133
166 137
166 54
166 138
166 145
166 147
166 57
166 59
166 148
166 108
166 109
166 235
166 157
166 158
166 111
166 161
166 164
166 263
166 168
166 80
166 175
166 177
166 178
166 179
166 182
166 90
166 186
166 189
166 196
166 113
166 199
166 238
166 204
166 104
166 105
75 706
75 87
75 104
769 386
769 147
769 109
769 113
752 133
752 150
752 181
752 196
752 230
1040 1029
1040 147
1040 150
1040 1031
1040 111
1040 94
1040 189
1413 133
1413 230
997 57
997 111
997 883
997 104
930 137
930 150
855 133
855 74
855 864
855 230
1414 164
1418 656
631 46
631 925
631 597
631 146
631 57
631 257
631 373
631 172
631 238
1100 108
1100 177
1100 189
632 46
632 55
632 164
632 80
632 175
632 196
1342 74
633 46
633 315
633 133
633 137
633 54
633 55
633 143
633 147
633 57
633 60
633 150
633 418
633 1059
633 74
633 164
633 80
633 175
633 182
633 90
633 196
633 113
895 147
895 418
895 1250
895 893
895 513
895 196
895 205
856 133
856 150
856 90
856 92
1136 22
977 774
977 775
977 1421
977 1108
977 777
977 779
977 1371
977 1377
977 1379
977 1380
977 1425
977 978
977 785
438 31
438 448
1137 22
1321 111
1321 182
1321 196
263 47
263 726
263 51
263 925
263 54
263 254
263 145
263 147
263 57
263 109
263 149
263 619
263 166
263 847
263 373
263 732
263 177
263 472
263 194
263 238
263 240
1256 418
1256 1259
1256 513
1296 223
636 46
636 137
775 315
775 977
775 777
1428 273
1429 164
637 50
749 546
749 150
749 1059
749 164
749 196
749 230
264 740
264 152
264 83
264 177
264 178
264 181
264 90
264 92
264 354
264 230
1257 418
1257 1259
1257 513
553 554
847 132
847 145
847 108
847 109
847 149
847 728
847 345
847 418
847 160
847 111
847 164
847 1100
847 263
847 646
847 849
847 189
847 113
847 200
847 238
847 204
847 376
639 46
639 55
639 148
639 161
639 194
168 124
168 127
168 130
168 51
168 132
168 133
168 135
168 137
168 54
168 145
168 147
168 57
168 148
168 108
168 109
168 152
168 157
168 158
168 111
168 164
168 80
168 83
168 175
168 177
168 179
168 182
168 90
168 189
168 196
168 112
168 113
168 199
168 200
168 204
1220 961
1220 1433
1220 418
641 46
641 55
641 60
641 150
641 74
641 164
641 80
641 175
641 90
1436 230
1436 277
316 313
508 31
508 32
508 488
508 327
508 22
508 23
508 1130
508 1437
508 551
508 330
508 426
508 402
508 27
508 553
508 333
508 701
508 511
508 334
508 1438
508 14
508 523
508 702
508 525
508 527
508 554
508 336
508 1091
508 972
508 555
508 123
1041 147
1041 237
80 44
80 124
80 127
80 32
80 46
80 314
80 462
80 546
80 582
80 825
80 583
80 585
80 51
80 340
80 132
80 133
80 247
80 878
80 135
80 137
80 591
80 250
80 593
80 594
80 54
80 55
80 138
80 252
80 253
80 143
80 145
80 56
80 146
80 147
80 57
80 59
80 60
80 148
80 1086
80 608
80 1097
80 108
80 150
80 22
80 614
80 63
80 497
80 257
80 152
80 345
80 153
80 853
80 65
80 154
80 623
80 67
80 346
80 418
80 157
80 158
80 799
80 72
80 261
80 161
80 74
80 630
80 164
80 166
80 632
80 633
80 168
80 641
80 857
80 350
80 169
80 170
80 237
80 171
80 83
80 1311
80 647
80 175
80 650
80 87
80 374
80 513
80 177
80 178
80 179
80 897
80 656
80 182
80 658
80 90
80 92
80 93
80 471
80 1348
80 663
80 664
80 186
80 269
80 886
80 95
80 189
80 271
80 97
80 353
80 354
80 194
80 355
80 196
80 670
80 99
80 273
80 113
80 199
80 200
80 1122
80 672
80 678
80 274
80 1323
80 276
80 204
80 1123
80 240
80 104
80 873
80 105
80 1317
80 376
80 460
80 686
80 279
80 720
80 205
80 106
350 44
350 338
350 46
350 133
350 52
350 54
350 55
350 341
350 143
350 602
350 56
350 146
350 57
350 59
350 60
350 148
350 108
350 609
350 150
350 63
350 257
350 65
350 259
350 67
350 158
350 71
350 72
350 631
350 80
350 175
350 87
350 469
350 177
350 178
350 657
350 90
350 92
350 354
350 194
350 273
350 674
350 274
350 240
350 104
350 105
350 376
350 106
1258 418
643 46
643 261
643 469
169 124
169 46
169 51
169 133
169 247
169 135
169 55
169 146
169 147
169 57
169 60
169 150
169 152
169 74
169 164
169 80
169 175
169 179
169 182
169 90
169 92
169 186
169 196
169 113
170 46
170 51
170 133
170 55
170 140
170 145
170 146
170 147
170 57
170 609
170 150
170 164
170 80
170 650
170 177
170 178
170 90
170 204
1442 833
644 46
644 150
373 46
373 51
373 250
373 54
373 55
373 146
373 147
373 57
373 259
373 71
373 631
373 263
373 350
373 194
373 240
373 104
1159 963
1159 181
237 233
237 147
237 57
237 161
237 847
237 1041
237 80
237 177
237 113
237 106
171 124
171 313
171 127
171 46
171 581
171 546
171 51
171 133
171 135
171 137
171 251
171 54
171 55
171 138
171 145
171 56
171 146
171 147
171 57
171 60
171 148
171 108
171 150
171 619
171 152
171 65
171 157
171 72
171 161
171 164
171 166
171 80
171 83
171 175
171 87
171 177
171 178
171 179
171 181
171 182
171 90
171 92
171 269
171 95
171 189
171 97
171 194
171 196
171 113
171 199
171 200
171 101
171 274
171 204
171 104
171 106
709 46
709 133
709 137
709 60
709 608
709 150
709 83
709 90
709 92
709 663
83 44
83 124
83 313
83 46
83 47
83 546
83 131
83 726
83 583
83 51
83 132
83 133
83 137
83 591
83 250
83 597
83 52
83 706
83 54
83 55
83 138
83 140
83 820
83 253
83 143
83 342
83 602
83 145
83 56
83 146
83 147
83 57
83 1034
83 59
83 60
83 148
83 109
83 609
83 150
83 728
83 63
83 235
83 619
83 257
83 152
83 153
83 65
83 259
83 67
83 157
83 111
83 72
83 161
83 1335
83 74
83 163
83 164
83 166
83 263
83 168
83 80
83 350
83 170
83 171
83 709
83 266
83 843
83 175
83 177
83 178
83 179
83 181
83 182
83 657
83 90
83 92
83 471
83 663
83 664
83 94
83 186
83 187
83 95
83 189
83 472
83 97
83 192
83 354
83 194
83 196
83 99
83 113
83 1456
83 199
83 200
83 1027
83 101
83 274
83 230
83 240
83 104
83 376
83 278
83 205
83 106
83 717
645 60
1259 418
1259 1251
1259 893
1259 1256
1259 1257
1259 513
383 378
383 46
383 51
383 655
1457 74
1457 230
406 396
406 488
406 700
406 551
406 401
406 402
406 27
406 405
406 701
406 410
406 411
406 702
406 703
1311 164
1311 80
1311 199
816 131
816 342
816 147
816 811
816 163
646 46
646 132
646 137
646 597
646 57
646 108
646 1100
646 847
646 189
646 240
1139 22
1139 336
1139 570
1139 456
1408 182
1408 189
1408 196
1408 277
1221 961
647 46
647 146
647 60
647 961
647 418
647 74
647 164
647 196
333 1105
333 22
333 23
333 569
333 1139
333 511
333 334
333 1146
1274 150
1274 106
266 46
266 47
266 314
266 51
266 597
266 54
266 55
266 252
266 341
266 146
266 57
266 59
266 609
266 150
266 259
266 67
266 111
266 71
266 350
266 170
266 175
266 178
266 92
266 194
266 883
266 240
266 104
266 106
1107 109
1107 111
1107 164
1107 196
172 124
172 51
172 137
172 55
172 138
172 147
172 109
172 150
172 619
172 223
172 111
172 164
172 631
172 90
172 113
701 700
701 22
701 551
701 401
701 403
701 27
701 406
701 410
701 411
701 702
701 703
701 413
701 704
1462 133
843 54
843 60
843 63
843 83
843 472
843 354
921 32
921 491
921 22
921 1464
921 1465
921 922
648 46
732 315
732 138
732 140
732 147
732 57
732 109
732 810
732 728
732 345
732 160
732 74
732 164
732 263
732 178
732 182
732 90
732 92
732 184
732 192
732 194
732 196
732 113
732 199
732 787
732 204
732 460
732 205
175 124
175 233
175 313
175 127
175 46
175 581
175 546
175 582
175 726
175 585
175 51
175 132
175 133
175 135
175 137
175 590
175 594
175 52
175 54
175 55
175 138
175 140
175 253
175 143
175 254
175 145
175 56
175 146
175 147
175 57
175 59
175 60
175 108
175 1036
175 609
175 150
175 614
175 619
175 257
175 152
175 65
175 67
175 346
175 157
175 158
175 799
175 111
175 71
175 72
175 161
175 74
175 164
175 166
175 632
175 633
175 168
175 80
175 169
175 373
175 171
175 83
175 177
175 178
175 179
175 181
175 182
175 268
175 658
175 90
175 92
175 663
175 186
175 269
175 734
175 95
175 189
175 97
175 353
175 354
175 194
175 196
175 273
175 113
175 199
175 200
175 274
175 230
175 276
175 239
175 204
175 104
175 682
175 376
175 106
1470 59
1470 189
1471 134
1471 106
957 504
1153 1152
1472 230
1161 74
650 46
650 140
650 56
650 147
650 57
650 60
650 108
650 74
650 164
650 80
650 175
650 178
650 95
650 194
650 113
651 46
651 133
651 55
651 146
651 147
651 60
651 150
651 74
651 90
651 92
651 97
651 196
651 113
1473 513
1474 633
1193 746
1193 747
227 133
227 146
227 149
227 219
227 150
227 222
227 225
227 175
227 229
227 186
227 230
478 45
478 59
478 619
478 279
1043 315
1043 182
652 46
652 133
652 57
652 150
652 74
652 90
652 196
834 833
509 32
509 400
509 506
509 758
509 409
509 760
1162 74
848 137
848 138
848 147
848 60
848 150
848 164
848 189
848 192
848 196
848 200
848 204
1344 74
87 44
87 233
87 46
87 546
87 51
87 133
87 135
87 137
87 597
87 54
87 55
87 138
87 143
87 146
87 57
87 60
87 150
87 257
87 67
87 71
87 72
87 74
87 80
87 171
87 83
87 175
87 177
87 181
87 90
87 92
87 95
87 97
87 113
87 274
87 230
87 276
87 240
87 279
318 313
653 133
653 145
653 74
653 472
653 230
510 32
510 146
510 60
510 22
510 961
510 418
510 1007
319 854
319 316
319 807
319 1358
319 919
511 22
511 508
511 921
1083 953
512 32
512 420
512 427
512 437
758 755
758 400
758 551
758 403
758 27
758 757
758 506
758 509
758 409
758 760
34 31
34 290
34 426
34 434
34 403
34 757
34 506
439 31
439 32
439 290
439 425
439 426
439 428
439 434
439 445
439 447
320 313
1448 313
374 32
374 46
374 133
374 137
374 143
374 147
374 57
374 60
374 150
374 22
374 961
374 418
374 74
374 893
374 80
374 513
374 182
374 1227
374 196
374 113
374 1007
334 488
334 1105
334 22
334 330
334 27
334 1106
334 333
407 396
407 755
407 401
407 403
407 506
407 405
407 409
407 413
407 760
1484 192
1268 728
1268 1364
469 46
469 54
469 55
469 143
469 56
469 65
469 259
469 71
469 350
469 83
469 471
469 194
469 101
469 240
469 105
1260 418
119 116
119 22
119 118
119 14
119 121
119 123
933 137
1421 977
1421 1377
1044 164
513 32
513 46
513 133
513 137
513 147
513 57
513 1214
513 418
513 1250
513 74
513 893
513 164
513 895
513 1256
513 1257
513 1259
513 1473
513 182
513 196
513 113
513 199
513 200
513 205
177 44
177 124
177 233
177 45
177 127
177 46
177 47
177 462
177 315
177 560
177 585
177 51
177 132
177 133
177 135
177 137
177 250
177 597
177 54
177 55
177 138
177 140
177 820
177 143
177 145
177 147
177 57
177 59
177 60
177 148
177 926
177 840
177 108
177 109
177 150
177 235
177 619
177 152
177 345
177 65
177 259
177 157
177 158
177 111
177 72
177 161
177 164
177 166
177 1100
177 263
177 264
177 168
177 80
177 350
177 169
177 170
177 373
177 237
177 171
177 83
177 175
177 650
177 1481
177 1204
177 178
177 179
177 181
177 182
177 657
177 658
177 90
177 92
177 663
177 186
177 187
177 95
177 189
177 271
177 472
177 97
177 354
177 194
177 196
177 113
177 199
177 200
177 693
177 204
177 240
177 104
177 736
177 105
177 376
177 205
177 106
817 131
817 147
817 812
817 813
304 283
304 284
304 297
304 435
304 3
1494 1186
1494 777
178 124
178 338
178 127
178 46
178 130
178 726
178 585
178 51
178 132
178 133
178 135
178 137
178 250
178 597
178 54
178 138
178 140
178 143
178 254
178 145
178 56
178 146
178 147
178 57
178 59
178 60
178 608
178 840
178 108
178 150
178 728
178 257
178 152
178 65
178 157
178 111
178 72
178 161
178 164
178 895
178 168
178 80
178 350
178 170
178 171
178 83
178 172
178 175
178 650
178 513
178 177
178 179
178 1440
178 181
178 182
178 657
178 90
178 92
178 184
178 269
178 95
178 189
178 271
178 97
178 194
178 196
178 113
178 199
178 200
178 274
178 713
178 204
178 240
178 104
178 105
178 376
178 686
178 205
178 106
179 124
179 241
179 46
179 131
179 51
179 132
179 133
179 135
179 137
179 591
179 54
179 55
179 138
179 140
179 253
179 145
179 146
179 147
179 57
179 60
179 108
179 150
179 152
179 157
179 111
179 1039
179 72
179 161
179 74
179 164
179 166
179 168
179 80
179 169
179 170
179 171
179 83
179 1107
179 175
179 848
179 177
179 178
179 182
179 90
179 92
179 1045
179 184
179 186
179 187
179 733
179 189
179 194
179 196
179 198
179 113
179 199
179 204
179 240
179 205
897 253
897 752
897 80
897 898
897 656
897 90
897 194
897 460
1116 150
440 31
441 31
442 31
898 897
898 106
1117 150
1118 150
1118 90
1108 773
1108 774
1108 977
1108 978
14 13
14 326
14 32
14 116
14 944
14 290
14 22
14 1191
14 551
14 118
14 119
14 392
14 393
14 121
14 886
14 43
14 828
14 703
14 1431
14 704
14 1099
14 123
14 205
655 46
655 51
655 383
228 230
229 133
229 1180
229 67
229 223
229 225
229 855
229 227
229 658
229 230
229 1501
229 106
515 32
515 147
515 1081
515 149
515 189
1440 734
656 46
656 150
656 74
656 80
656 321
656 95
656 273
516 32
516 327
516 22
516 569
516 330
516 27
516 508
516 336
516 1146
516 570
516 456
858 133
858 80
858 89
181 44
181 571
181 46
181 585
181 51
181 133
181 135
181 137
181 52
181 54
181 55
181 138
181 143
181 145
181 56
181 146
181 147
181 57
181 60
181 150
181 65
181 157
181 72
181 161
181 74
181 1340
181 164
181 752
181 264
181 80
181 350
181 1159
181 171
181 83
181 175
181 87
181 177
181 89
181 90
181 92
181 186
181 734
181 95
181 189
181 194
181 196
181 113
181 274
181 1167
181 230
181 204
181 104
181 205
181 106
443 290
443 426
445 31
445 32
445 425
445 426
445 428
445 434
445 436
445 439
445 447
900 93
900 1502
900 106
859 133
1503 182
182 44
182 124
182 32
182 577
182 46
182 47
182 315
182 131
182 51
182 132
182 133
182 135
182 137
182 591
182 54
182 55
182 138
182 341
182 143
182 145
182 56
182 146
182 147
182 57
182 59
182 60
182 148
182 108
182 109
182 149
182 150
182 22
182 497
182 152
182 418
182 157
182 158
182 111
182 72
182 161
182 74
182 1340
182 893
182 164
182 166
182 633
182 1321
182 168
182 80
182 350
182 169
182 171
182 83
182 1408
182 732
182 175
182 1043
182 848
182 374
182 513
182 177
182 178
182 179
182 181
182 1503
182 90
182 92
182 186
182 187
182 733
182 95
182 189
182 472
182 192
182 194
182 196
182 198
182 113
182 199
182 787
182 200
182 1027
182 911
182 534
182 204
182 240
182 205
182 919
182 106
182 717
1163 74
657 44
657 46
657 54
657 257
657 350
657 194
657 240
747 745
747 746
747 147
747 833
747 1068
747 164
747 1193
747 196
747 1171
747 204
747 1194
89 44
89 133
89 138
89 259
89 67
89 858
89 181
89 734
89 240
1265 5
1265 1264
1164 137
268 137
268 55
268 145
268 259
268 799
268 92
658 46
658 740
658 585
658 133
658 250
658 52
658 55
658 147
658 57
658 65
658 154
658 67
658 929
658 80
658 177
658 178
658 90
658 471
658 807
658 186
658 95
658 105
658 1358
90 44
90 124
90 127
90 32
90 46
90 314
90 462
90 740
90 580
90 581
90 546
90 582
90 51
90 132
90 133
90 588
90 135
90 137
90 250
90 593
90 594
90 52
90 706
90 54
90 55
90 138
90 140
90 253
90 143
90 145
90 56
90 146
90 147
90 57
90 59
90 60
90 148
90 840
90 108
90 609
90 150
90 614
90 63
90 235
90 497
90 220
90 257
90 64
90 152
90 853
90 259
90 67
90 346
90 626
90 418
90 157
90 158
90 111
90 71
90 72
90 1331
90 161
90 842
90 74
90 164
90 166
90 631
90 633
90 856
90 264
90 1505
90 1506
90 639
90 168
90 641
90 80
90 350
90 169
90 170
90 644
90 171
90 83
90 732
90 175
90 651
90 87
90 469
90 513
90 177
90 178
90 179
90 1118
90 181
90 182
90 658
90 92
90 93
90 471
90 663
90 186
90 187
90 269
90 95
90 189
90 96
90 271
90 97
90 354
90 194
90 355
90 196
90 99
90 273
90 113
90 199
90 200
90 101
90 851
90 238
90 678
90 274
90 276
90 204
90 240
90 104
90 682
90 809
90 474
90 686
90 205
90 106
90 717
90 231
392 388
392 32
392 389
392 116
392 22
392 119
392 14
392 393
392 121
392 537
392 123
660 46
660 810
660 345
660 113
660 199
35 31
35 426
35 295
35 427
35 428
35 434
35 436
387 208
387 147
387 1041
92 44
92 124
92 127
92 46
92 47
92 462
92 740
92 581
92 546
92 51
92 132
92 133
92 135
92 137
92 591
92 594
92 52
92 54
92 55
92 138
92 140
92 253
92 143
92 145
92 146
92 147
92 57
92 59
92 60
92 148
92 108
92 609
92 150
92 63
92 497
92 220
92 619
92 257
92 64
92 152
92 345
92 153
92 65
92 259
92 67
92 381
92 157
92 111
92 71
92 72
92 1331
92 161
92 74
92 164
92 75
92 856
92 264
92 168
92 80
92 350
92 169
92 171
92 709
92 83
92 266
92 175
92 87
92 177
92 178
92 179
92 656
92 858
92 181
92 182
92 657
92 90
92 93
92 471
92 186
92 269
92 95
92 189
92 472
92 97
92 354
92 194
92 196
92 273
92 113
92 199
92 787
92 200
92 101
92 274
92 204
92 240
92 104
92 682
92 105
92 376
92 474
92 278
92 205
92 688
92 106
393 388
393 326
393 32
393 389
393 22
393 14
393 392
409 396
409 32
409 755
409 400
409 401
409 403
409 757
409 506
409 405
409 406
409 509
409 758
409 407
409 413
409 760
518 32
93 46
93 560
93 133
93 55
93 146
93 57
93 72
93 74
93 900
93 90
93 471
93 230
446 31
446 420
446 437
446 512
1225 961
1225 418
471 44
471 338
471 46
471 133
471 135
471 137
471 250
471 52
471 54
471 55
471 138
471 56
471 146
471 57
471 60
471 150
471 111
471 71
471 72
471 74
471 80
471 350
471 373
471 83
471 177
471 178
471 658
471 90
471 92
471 186
471 95
471 194
471 274
471 883
471 240
471 104
471 105
321 338
321 52
321 154
321 1418
321 656
321 807
321 95
322 46
322 143
322 150
322 74
322 273
519 32
519 22
1151 418
1347 74
1261 418
860 133
860 269
410 396
410 488
410 700
410 551
410 403
410 27
410 405
410 406
410 701
410 407
410 411
410 702
410 527
410 703
1045 147
1045 179
1046 74
184 124
184 132
184 591
184 54
184 140
184 143
184 147
184 57
184 59
184 109
184 619
184 152
184 160
184 111
184 164
184 178
184 179
184 189
184 196
184 113
184 240
1348 74
1348 80
1348 355
1348 273
901 907
807 50
807 137
807 344
807 154
807 806
807 793
807 854
807 658
807 713
807 278
1349 74
447 32
447 426
447 439
447 445
1362 368
663 46
663 546
663 560
663 133
663 54
663 55
663 150
663 1169
663 72
663 80
663 83
663 177
663 90
663 106
1449 273
664 46
664 133
664 137
664 57
664 150
664 74
664 80
664 273
94 479
94 147
94 109
94 111
94 164
849 132
849 149
849 847
849 237
849 205
186 124
186 46
186 51
186 132
186 135
186 137
186 250
186 52
186 706
186 54
186 55
186 138
186 253
186 143
186 602
186 145
186 146
186 147
186 57
186 60
186 148
186 108
186 150
186 63
186 257
186 64
186 152
186 67
186 157
186 158
186 223
186 71
186 72
186 74
186 164
186 80
186 350
186 83
186 266
186 175
186 227
186 87
186 177
186 178
186 179
186 181
186 182
186 658
186 90
186 92
186 93
186 322
186 95
186 189
186 271
186 97
186 354
186 194
186 355
186 196
186 273
186 113
186 199
186 200
186 678
186 274
186 230
186 204
186 240
186 104
186 205
186 106
862 32
862 133
862 54
862 60
862 150
862 961
862 418
862 74
862 92
862 196
187 124
187 46
187 133
187 137
187 55
187 147
187 57
187 60
187 150
187 152
187 72
187 74
187 164
187 83
187 175
187 177
187 182
187 196
187 113
187 199
1496 32
902 124
902 147
902 728
902 163
902 83
902 177
902 189
902 277
1507 220
269 44
269 313
269 46
269 51
269 135
269 137
269 52
269 54
269 55
269 138
269 253
269 254
269 145
269 56
269 146
269 57
269 59
269 60
269 150
269 63
269 259
269 71
269 72
269 74
269 854
269 80
269 171
269 175
269 181
269 90
269 92
269 471
269 95
269 271
269 97
269 354
269 194
269 99
269 274
269 698
269 240
269 106
777 774
777 152
777 977
777 775
777 1494
1281 83
448 31
448 425
448 429
448 438
1351 74
121 32
121 116
121 1511
121 118
121 119
121 14
121 392
121 123
886 80
886 279
733 124
733 315
733 130
733 147
733 109
733 149
733 23
733 164
733 177
733 179
733 182
733 184
733 189
733 192
733 193
733 196
733 113
733 199
523 32
523 548
523 508
523 14
523 527
734 132
734 135
734 250
734 253
734 111
734 164
734 175
734 1440
734 181
734 89
734 189
734 104
95 44
95 46
95 47
95 314
95 764
95 582
95 51
95 133
95 137
95 590
95 250
95 52
95 54
95 55
95 140
95 143
95 602
95 56
95 146
95 147
95 57
95 60
95 150
95 220
95 257
95 64
95 65
95 259
95 1295
95 71
95 72
95 74
95 80
95 350
95 170
95 843
95 175
95 87
95 177
95 178
95 181
95 90
95 92
95 93
95 471
95 186
95 269
95 97
95 354
95 194
95 113
95 101
95 274
95 240
95 104
95 682
95 376
95 106
1047 131
1047 147
1047 163
1047 1018
1352 74
864 133
864 855
864 228
864 230
864 232
1017 127
1017 820
1017 147
1017 109
1017 811
1017 113
270 92
270 274
270 104
454 326
454 22
454 1106
454 333
454 334
454 336
189 124
189 127
189 46
189 748
189 51
189 132
189 133
189 135
189 137
189 54
189 138
189 140
189 253
189 254
189 145
189 146
189 147
189 57
189 1034
189 59
189 60
189 108
189 23
189 619
189 257
189 1031
189 152
189 154
189 418
189 157
189 72
189 161
189 74
189 164
189 166
189 1040
189 1100
189 847
189 80
189 171
189 83
189 646
189 1408
189 732
189 175
189 177
189 178
189 179
189 182
189 90
189 92
189 186
189 734
189 192
189 194
189 196
189 198
189 99
189 112
189 113
189 199
189 200
189 1027
189 276
189 204
189 205
189 106
96 46
96 47
96 314
96 546
96 585
96 137
96 54
96 55
96 252
96 60
96 148
96 150
96 63
96 65
96 72
96 261
96 161
96 631
96 80
96 373
96 171
96 266
96 657
96 90
96 354
96 104
666 46
271 46
271 546
271 51
271 133
271 135
271 137
271 597
271 54
271 55
271 138
271 143
271 56
271 146
271 57
271 59
271 60
271 609
271 150
271 259
271 67
271 157
271 71
271 72
271 74
271 80
271 350
271 175
271 87
271 178
271 181
271 90
271 92
271 471
271 184
271 186
271 270
271 96
271 97
271 354
271 194
271 196
271 101
271 274
271 376
271 106
1282 106
1227 961
1227 374
1227 1229
1227 1007
1228 961
1051 124
1051 57
1051 736
411 396
411 32
411 700
411 551
411 401
411 402
411 27
411 405
411 406
411 701
411 410
411 702
411 525
411 413
472 726
472 585
472 51
472 54
472 138
472 146
472 60
472 109
472 63
472 345
472 111
472 72
472 164
472 749
472 172
472 653
472 177
472 92
472 96
472 354
472 668
472 907
472 240
472 376
472 106
97 124
97 46
97 51
97 133
97 135
97 137
97 250
97 54
97 55
97 138
97 143
97 56
97 146
97 147
97 57
97 59
97 60
97 148
97 609
97 150
97 63
97 497
97 152
97 65
97 1515
97 72
97 161
97 74
97 164
97 80
97 169
97 171
97 83
97 651
97 87
97 178
97 179
97 182
97 90
97 92
97 186
97 269
97 95
97 189
97 271
97 354
97 194
97 196
97 113
97 199
97 200
97 274
97 204
97 104
97 106
97 231
667 46
667 150
1306 133
1306 54
1306 74
865 133
865 220
906 164
710 57
710 157
710 192
710 204
353 338
353 46
353 133
353 150
353 74
353 175
353 90
192 124
192 577
192 130
192 591
192 140
192 145
192 147
192 1034
192 59
192 108
192 152
192 153
192 111
192 893
192 164
192 1517
192 83
192 732
192 87
192 182
192 94
192 733
192 710
192 194
192 196
192 113
192 199
192 797
192 851
192 204
192 1518
192 915
192 205
1519 273
1519 674
1121 230
1121 106
354 46
354 546
354 51
354 133
354 135
354 137
354 597
354 706
354 54
354 140
354 252
354 143
354 60
354 840
354 108
354 609
354 150
354 257
354 345
354 65
354 259
354 260
354 111
354 72
354 164
354 264
354 843
354 175
354 177
354 90
354 92
354 186
354 95
354 194
354 196
354 274
354 230
354 276
354 240
354 104
354 106
1520 106
193 124
193 147
193 59
193 108
193 733
193 189
193 196
193 113
193 204
43 42
43 388
43 326
43 32
43 22
43 879
43 14
43 455
43 1521
1522 230
836 111
836 164
668 46
668 133
668 57
668 71
668 74
668 230
702 700
702 400
702 551
702 27
702 506
702 405
702 508
702 406
702 701
702 407
702 410
702 411
702 527
866 196
866 230
194 44
194 124
194 233
194 338
194 46
194 462
194 740
194 51
194 133
194 135
194 137
194 591
194 250
194 597
194 52
194 706
194 54
194 55
194 138
194 140
194 252
194 253
194 143
194 145
194 146
194 147
194 57
194 59
194 60
194 148
194 108
194 149
194 609
194 150
194 619
194 380
194 345
194 65
194 259
194 67
194 157
194 158
194 111
194 71
194 72
194 161
194 74
194 164
194 166
194 263
194 639
194 168
194 80
194 350
194 171
194 83
194 843
194 175
194 177
194 178
194 179
194 897
194 181
194 182
194 657
194 90
194 92
194 471
194 94
194 186
194 269
194 95
194 189
194 271
194 97
194 192
194 354
194 196
194 199
194 200
194 101
194 672
194 274
194 230
194 204
194 940
194 240
194 104
194 105
194 376
194 106
1229 961
1229 418
1229 1227
214 163
214 179
214 711
214 230
355 338
355 46
355 133
355 247
355 137
355 52
355 143
355 150
355 74
355 80
355 90
355 1348
355 273
835 746
770 386
770 131
770 342
770 147
770 1033
770 811
770 812
196 124
196 241
196 417
196 127
196 32
196 46
196 130
196 51
196 132
196 133
196 1527
196 588
196 135
196 137
196 591
196 593
196 594
196 243
196 54
196 55
196 138
196 140
196 253
196 143
196 145
196 56
196 146
196 147
196 57
196 59
196 60
196 607
196 608
196 108
196 149
196 150
196 612
196 1111
196 1154
196 497
196 619
196 152
196 345
196 623
196 259
196 1214
196 418
196 157
196 158
196 111
196 72
196 161
196 629
196 74
196 893
196 163
196 164
196 166
196 632
196 633
196 895
196 1321
196 1445
196 168
196 80
196 169
196 373
196 171
196 83
196 1408
196 647
196 1107
196 732
196 175
196 650
196 651
196 652
196 374
196 513
196 177
196 178
196 179
196 897
196 181
196 182
196 90
196 660
196 92
196 1530
196 184
196 186
196 862
196 187
196 733
196 734
196 95
196 189
196 97
196 192
196 193
196 668
196 866
196 194
196 670
196 198
196 99
196 273
196 113
196 199
196 200
196 676
196 679
196 914
196 534
196 204
196 240
196 376
196 205
196 106
196 717
196 231
1531 65
1532 1068
1532 747
1532 113
946 718
946 274
828 32
828 116
828 22
828 117
828 505
828 14
828 703
828 530
828 537
828 704
828 1099
525 32
525 488
525 22
525 402
525 506
525 508
525 411
669 273
1002 1000
1002 674
670 46
670 133
670 147
670 150
670 74
670 80
670 196
368 365
368 32
368 315
368 22
368 1103
368 1208
368 1133
368 366
368 1249
368 504
368 1362
368 369
198 124
198 32
198 46
198 133
198 55
198 138
198 146
198 147
198 57
198 60
198 108
198 150
198 164
198 170
198 182
198 90
198 92
198 214
198 196
198 113
198 199
198 200
99 46
99 133
99 137
99 55
99 147
99 57
99 60
99 150
99 74
99 80
99 175
99 90
112 57
112 109
112 111
112 189
112 104
273 46
273 722
273 737
273 580
273 582
273 585
273 133
273 137
273 250
273 593
273 54
273 55
273 138
273 253
273 600
273 146
273 57
273 60
273 608
273 1092
273 150
273 615
273 1180
273 1026
273 259
273 74
273 164
273 1428
273 80
273 897
273 656
273 90
273 92
273 1534
273 322
273 1348
273 1449
273 664
273 95
273 1519
273 355
273 196
273 669
273 113
273 1076
273 674
273 678
273 230
273 1308
273 106
307 284
1465 921
113 124
113 241
113 127
113 32
113 46
113 580
113 546
113 130
113 131
113 726
113 51
113 132
113 133
113 135
113 137
113 591
113 705
113 594
113 54
113 55
113 138
113 991
113 140
113 820
113 253
113 143
113 342
113 145
113 56
113 146
113 147
113 57
113 59
113 60
113 1095
113 108
113 149
113 150
113 22
113 728
113 497
113 619
113 811
113 152
113 345
113 153
113 418
113 157
113 158
113 160
113 111
113 72
113 161
113 74
113 893
113 164
113 166
113 632
113 633
113 895
113 263
113 847
113 168
113 80
113 169
113 237
113 171
113 83
113 172
113 732
113 175
113 651
113 652
113 87
113 653
113 374
113 513
113 177
113 178
113 179
113 858
113 182
113 90
113 660
113 92
113 184
113 186
113 187
113 733
113 1017
113 189
113 97
113 192
113 194
113 196
113 1532
113 198
113 199
113 200
113 851
113 274
113 204
113 735
113 1536
113 205
113 1537
113 106
907 264
907 1268
907 472
907 713
1052 57
527 548
527 508
527 523
527 554
199 124
199 241
199 127
199 46
199 130
199 131
199 51
199 132
199 133
199 135
199 137
199 591
199 705
199 243
199 54
199 55
199 138
199 140
199 820
199 253
199 143
199 145
199 146
199 147
199 57
199 59
199 60
199 148
199 108
199 150
199 152
199 345
199 418
199 157
199 111
199 72
199 161
199 74
199 164
199 166
199 264
199 168
199 80
199 171
199 83
199 732
199 175
199 1476
199 513
199 177
199 178
199 179
199 182
199 90
199 660
199 92
199 186
199 733
199 95
199 189
199 97
199 192
199 194
199 196
199 198
199 113
199 907
199 200
199 204
199 205
199 106
199 717
703 32
703 22
703 1191
703 117
703 551
703 27
703 701
703 758
703 14
703 410
703 530
703 704
703 1099
787 130
787 140
787 345
787 111
787 164
787 732
787 182
787 92
787 693
200 124
200 127
200 46
200 51
200 132
200 133
200 135
200 137
200 590
200 52
200 54
200 55
200 138
200 140
200 143
200 145
200 146
200 147
200 57
200 60
200 148
200 108
200 150
200 497
200 152
200 346
200 418
200 157
200 72
200 161
200 74
200 164
200 166
200 1321
200 847
200 80
200 169
200 171
200 709
200 83
200 732
200 175
200 513
200 177
200 1494
200 178
200 179
200 181
200 182
200 90
200 92
200 663
200 94
200 186
200 189
200 97
200 192
200 194
200 196
200 99
200 273
200 113
200 199
200 913
200 204
200 205
200 106
1538 106
1007 1006
1007 961
1007 1213
1007 1214
1007 1217
1007 510
1007 374
1007 1227
1007 1541
1027 57
1027 109
1027 111
1027 189
1027 104
779 977
101 46
101 314
101 462
101 51
101 133
101 135
101 137
101 250
101 54
101 55
101 138
101 143
101 56
101 146
101 57
101 60
101 150
101 63
101 65
101 259
101 71
101 72
101 74
101 350
101 83
101 1471
101 90
101 92
101 186
101 269
101 95
101 194
101 113
101 274
101 104
101 106
554 548
554 402
554 553
554 508
554 523
554 527
1540 986
1426 106
1322 111
1076 46
1076 52
1076 74
1076 273
1122 748
1122 150
1122 74
1122 80
1122 472
1122 230
797 192
672 46
672 55
672 67
672 663
672 194
672 230
674 46
674 581
674 52
674 55
674 71
674 181
674 90
674 1449
674 1519
674 1002
674 273
851 132
851 902
851 192
851 196
851 113
851 205
693 47
693 51
693 59
693 111
693 787
530 32
530 116
530 22
530 1191
530 505
530 14
530 392
530 828
530 703
530 537
530 704
530 1099
530 123
201 124
676 46
676 133
676 74
676 164
336 326
336 327
336 22
336 23
336 569
336 508
336 333
336 14
336 516
336 454
336 570
336 456
1091 32
1091 508
238 233
238 166
238 631
238 263
238 709
238 83
238 90
238 849
911 150
911 230
678 46
678 133
678 137
678 55
678 150
678 67
678 71
678 74
678 90
678 273
1543 23
679 46
679 418
679 74
679 196
274 46
274 51
274 133
274 135
274 590
274 250
274 52
274 706
274 54
274 55
274 138
274 143
274 602
274 56
274 146
274 147
274 60
274 609
274 150
274 63
274 619
274 64
274 67
274 157
274 72
274 74
274 264
274 80
274 83
274 266
274 175
274 87
274 177
274 178
274 181
274 90
274 92
274 93
274 186
274 270
274 271
274 97
274 354
274 194
274 946
274 99
274 113
274 230
274 240
274 105
274 460
274 106
1230 961
1230 418
1353 74
1545 106
1167 71
1167 181
713 154
713 71
713 1470
713 807
1546 74
230 571
230 722
230 741
230 580
230 581
230 582
230 1547
230 133
230 588
230 880
230 248
230 250
230 596
230 1003
230 145
230 56
230 1548
230 1061
230 608
230 219
230 1111
230 63
230 497
230 1189
230 1196
230 225
230 1550
230 1328
230 1361
230 1271
230 1340
230 854
230 164
230 752
230 855
230 1414
230 633
230 263
230 749
230 264
230 641
230 80
230 83
230 1472
230 227
230 87
230 653
230 1490
230 1489
230 228
230 229
230 1510
230 860
230 186
230 864
230 271
230 192
230 1522
230 866
230 194
230 1552
230 907
230 200
230 1122
230 672
230 851
230 676
230 678
230 274
230 698
230 276
230 1553
230 204
230 460
230 474
230 205
230 106
230 231
230 232
532 288
532 5
913 560
913 147
357 338
357 46
1491 164
1541 1007
1266 5
369 365
369 5
369 366
972 971
972 1019
972 22
972 516
914 133
914 214
914 196
796 74
413 396
413 700
413 549
413 551
413 401
413 402
413 27
413 405
413 509
413 407
413 409
413 411
760 700
760 755
760 400
760 330
760 403
760 27
760 757
760 506
760 509
760 758
760 407
760 409
698 315
698 133
698 67
698 269
698 230
1232 961
1232 418
534 32
534 57
534 60
534 150
534 961
534 418
534 74
534 196
1054 57
276 46
276 47
276 597
276 54
276 55
276 143
276 146
276 60
276 148
276 65
276 67
276 80
276 175
276 87
276 90
276 354
276 274
276 240
276 104
276 106
561 286
561 164
1553 230
1146 23
1146 569
1146 508
1146 703
239 233
239 46
239 51
239 56
239 380
239 648
239 230
239 240
204 124
204 46
204 130
204 131
204 51
204 133
204 137
204 591
204 52
204 54
204 138
204 140
204 145
204 146
204 147
204 57
204 1034
204 59
204 60
204 108
204 149
204 150
204 810
204 152
204 153
204 157
204 158
204 111
204 72
204 161
204 842
204 164
204 166
204 847
204 80
204 169
204 170
204 83
204 732
204 175
204 848
204 177
204 178
204 179
204 181
204 182
204 90
204 92
204 186
204 187
204 733
204 189
204 97
204 192
204 193
204 194
204 196
204 198
204 113
204 199
204 200
204 101
204 238
204 104
204 205
204 106
204 717
761 290
761 433
761 506
735 164
735 113
940 57
940 684
1123 133
1123 150
1123 74
1123 80
922 921
883 134
883 57
883 182
240 44
240 210
240 338
240 378
240 46
240 47
240 462
240 51
240 132
240 137
240 250
240 597
240 54
240 55
240 138
240 341
240 143
240 56
240 146
240 147
240 57
240 60
240 149
240 150
240 235
240 619
240 257
240 380
240 345
240 65
240 154
240 67
240 157
240 111
240 72
240 631
240 263
240 80
240 350
240 373
240 83
240 266
240 175
240 87
240 469
240 177
240 178
240 182
240 89
240 90
240 92
240 186
240 95
240 189
240 101
240 274
240 276
240 239
240 883
240 104
240 105
240 376
240 278
240 720
240 106
1518 192
1022 1220
915 192
681 46
681 150
681 74
681 273
455 326
455 22
455 23
455 43
455 1521
104 44
104 124
104 233
104 127
104 46
104 47
104 314
104 51
104 133
104 134
104 135
104 137
104 250
104 251
104 597
104 52
104 706
104 54
104 55
104 138
104 252
104 341
104 143
104 145
104 56
104 147
104 57
104 60
104 108
104 609
104 150
104 257
104 154
104 259
104 67
104 260
104 157
104 158
104 71
104 72
104 261
104 161
104 164
104 166
104 75
104 997
104 350
104 373
104 83
104 266
104 175
104 177
104 178
104 179
104 181
104 90
104 92
104 471
104 186
104 269
104 734
104 95
104 96
104 271
104 97
104 354
104 194
104 112
104 1027
104 101
104 693
104 274
104 276
104 204
104 240
104 279
682 46
682 55
682 74
682 90
555 547
555 548
555 508
555 527
1194 833
1194 747
736 837
736 57
736 418
736 171
736 321
736 1051
736 196
736 1439
570 22
570 23
570 569
570 1139
570 456
873 247
873 164
873 80
1501 229
1307 74
1521 499
1521 43
1355 74
684 46
684 341
684 940
277 32
277 138
277 1005
277 164
277 752
277 1436
277 175
277 653
277 898
277 90
277 1261
277 198
277 230
277 205
277 106
809 147
809 175
105 44
105 338
105 46
105 47
105 314
105 585
105 250
105 52
105 54
105 55
105 252
105 143
105 56
105 146
105 57
105 59
105 60
105 609
105 63
105 1206
105 259
105 67
105 71
105 166
105 350
105 177
105 178
105 658
105 186
105 95
105 194
105 274
105 1561
105 883
105 240
105 376
1317 80
1356 74
1562 460
451 31
452 31
536 31
536 32
536 426
536 295
536 427
536 428
536 434
536 436
536 35
537 505
537 392
537 828
537 530
537 1431
1124 150
1124 74
704 32
704 700
704 1191
704 117
704 27
704 758
704 14
704 828
704 703
704 530
704 1099
456 568
456 22
456 23
456 569
456 1139
456 336
456 570
457 22
457 569
1289 194
1058 290
1058 426
1400 164
1099 117
1099 505
1099 14
1099 704
453 31
453 426
685 46
685 807
538 32
538 366
538 504
1018 342
1018 147
1018 163
123 388
123 116
123 23
123 330
123 118
123 27
123 119
123 14
123 392
123 121
123 336
1536 113
870 60
376 44
376 46
376 51
376 132
376 133
376 250
376 54
376 55
376 140
376 143
376 146
376 147
376 57
376 59
376 60
376 108
376 149
376 150
376 619
376 962
376 65
376 259
376 67
376 381
376 111
376 71
376 72
376 164
376 847
376 350
376 373
376 83
376 266
376 175
376 650
376 469
376 177
376 179
376 657
376 92
376 96
376 472
376 199
376 274
376 239
376 204
376 240
376 105
376 106
1371 977
539 32
539 288
539 366
1233 961
782 315
1569 230
1143 22
1374 977
1374 1108
541 22
1377 977
1377 1421
460 315
460 164
460 80
460 897
460 1571
460 274
460 230
1378 977
474 133
474 135
474 137
474 150
474 74
474 90
474 92
474 271
474 230
686 46
686 133
686 143
686 60
686 150
686 157
686 74
686 80
686 177
686 178
686 90
1379 977
278 546
278 839
278 135
278 251
278 253
278 59
278 235
278 67
278 72
278 264
278 83
278 92
278 807
278 106
1125 150
1327 145
1327 72
918 1081
918 109
918 111
918 184
918 836
1401 164
1401 182
1144 22
1380 977
1572 143
279 313
279 45
279 52
279 619
279 65
279 80
279 478
279 87
279 95
279 104
720 133
720 54
720 143
720 1049
720 60
720 150
720 74
720 80
542 32
542 22
542 366
1358 51
1358 597
1358 74
1358 658
1358 807
1425 977
205 124
205 32
205 559
205 286
205 577
205 46
205 315
205 133
205 135
205 55
205 138
205 145
205 146
205 147
205 57
205 1034
205 59
205 60
205 821
205 1090
205 840
205 150
205 810
205 619
205 152
205 153
205 418
205 74
205 893
205 164
205 895
205 977
205 80
205 732
205 513
205 177
205 179
205 14
205 181
205 182
205 90
205 92
205 849
205 189
205 192
205 194
205 196
205 113
205 200
205 851
205 230
205 204
205 277
978 774
978 977
1537 113
872 47
872 137
872 147
872 59
872 74
872 164
872 92
872 194
844 138
844 74
919 230
688 46
688 150
106 44
106 124
106 313
106 559
106 46
106 47
106 462
106 724
106 748
106 546
106 315
106 726
106 51
106 133
106 135
106 137
106 250
106 597
106 52
106 54
106 55
106 138
106 140
106 143
106 342
106 145
106 56
106 146
106 147
106 57
106 1062
106 59
106 60
106 148
106 608
106 1095
106 840
106 108
106 609
106 150
106 63
106 220
106 619
106 257
106 963
106 259
106 67
106 157
106 225
106 71
106 72
106 74
106 164
106 80
106 350
106 171
106 709
106 83
106 1274
106 175
106 1474
106 177
106 178
106 179
106 898
106 229
106 181
106 900
106 182
106 657
106 90
106 92
106 471
106 663
106 94
106 186
106 269
106 95
106 189
106 271
106 1282
106 472
106 97
106 194
106 196
106 273
106 113
106 199
106 200
106 101
106 274
106 1545
106 230
106 276
106 204
106 240
106 277
106 105
106 278
1383 315
1412 57
717 57
717 164
717 83
717 182
717 196
717 199
717 204
785 977
231 46
231 315
231 133
231 147
231 57
231 150
231 157
231 72
231 74
231 164
231 175
231 90
231 97
231 196
231 230
232 230
