11 2
16 17
20 23
25 2
107 108
107 111
107 114
124 129
124 130
124 133
124 136
124 54
124 145
124 56
124 108
124 62
124 153
124 155
124 157
124 10
124 158
124 68
124 70
124 111
124 161
124 74
124 180
124 183
124 94
124 186
124 95
124 192
124 193
124 194
124 197
124 198
124 200
124 102
124 203
207 208
209 74
2 11
2 25
2 287
2 290
2 291
2 294
2 295
2 297
2 300
2 303
2 34
2 305
2 307
2 309
2 311
324 74
338 340
338 249
338 145
338 108
338 345
338 10
338 158
338 349
338 350
338 321
338 355
338 356
338 240
370 74
246 47
246 54
246 68
246 111
246 350
246 87
246 194
246 98
385 386
396 17
396 397
396 400
396 407
396 413
485 133
485 74
486 363
17 396
17 488
17 397
17 422
17 550
17 501
17 508
17 525
17 413
17 555
557 129
557 74
557 180
488 17
488 397
488 550
488 501
488 508
488 525
573 62
389 390
389 393
47 133
47 249
47 250
47 111
47 180
47 691
47 692
47 98
47 693
47 105
47 694
579 133
579 62
579 74
462 47
462 255
462 56
462 10
462 363
462 236
462 95
462 101
462 102
462 240
742 62
742 74
129 124
129 557
129 133
129 136
129 249
129 250
129 593
129 54
129 602
129 255
129 145
129 56
129 108
129 62
129 258
129 708
129 157
129 10
129 68
129 70
129 74
129 236
129 749
129 265
129 350
129 86
129 87
129 180
129 183
129 471
129 194
129 355
129 98
129 197
129 200
129 101
129 102
129 274
129 203
129 277
129 278
397 396
397 17
397 488
397 422
397 290
397 756
397 400
397 550
397 426
397 501
397 435
397 506
397 508
397 758
397 407
397 14
397 525
397 759
397 413
397 760
397 690
287 2
386 385
386 768
130 124
130 108
130 111
130 183
130 787
790 62
790 74
803 805
50 481
50 183
50 321
825 197
829 133
584 133
584 145
584 74
746 833
746 834
746 835
242 136
242 111
242 192
242 836
340 338
340 62
340 74
340 102
846 74
586 74
133 124
133 370
133 485
133 579
133 129
133 829
133 586
133 136
133 250
133 593
133 594
133 54
133 602
133 145
133 56
133 108
133 614
133 62
133 64
133 621
133 853
133 258
133 157
133 10
133 68
133 225
133 70
133 74
133 749
133 640
133 265
133 350
133 86
133 87
133 180
133 858
133 183
133 93
133 664
133 665
133 861
133 862
133 863
133 95
133 865
133 692
133 194
133 355
133 98
133 197
133 198
133 200
133 101
133 102
133 676
133 274
133 868
133 698
133 203
133 715
133 869
133 870
133 687
133 872
133 231
875 102
877 136
877 64
880 10
880 203
390 389
390 392
390 393
136 124
136 246
136 129
136 242
136 133
136 877
136 54
136 255
136 145
136 887
136 108
136 62
136 729
136 889
136 833
136 153
136 155
136 891
136 157
136 10
136 158
136 70
136 111
136 161
136 74
136 894
136 749
136 732
136 649
136 180
136 898
136 183
136 186
136 194
136 355
136 356
136 197
136 198
136 114
136 909
136 102
136 797
136 274
136 914
136 203
136 240
136 915
136 683
136 917
136 919
925 145
925 62
935 258
935 180
249 338
249 133
249 56
249 380
249 258
249 10
249 158
249 68
249 70
249 74
249 236
249 481
249 87
249 180
249 95
249 939
249 194
249 356
249 384
249 240
249 105
592 74
250 338
250 47
250 133
250 255
250 145
250 56
250 62
250 258
250 10
250 68
250 70
250 111
250 467
250 86
250 180
250 471
250 101
250 274
250 203
250 240
250 105
593 129
593 133
593 74
420 290
420 426
420 446
705 197
594 133
594 54
594 74
945 768
251 186
251 278
421 33
421 34
960 961
964 23
964 294
969 961
422 17
422 397
422 550
422 413
54 124
54 47
54 462
54 129
54 133
54 136
54 250
54 255
54 145
54 56
54 108
54 62
54 345
54 258
54 157
54 68
54 70
54 111
54 161
54 74
54 236
54 350
54 86
54 87
54 180
54 183
54 719
54 471
54 665
54 186
54 862
54 691
54 95
54 194
54 356
54 197
54 200
54 101
54 102
54 274
54 203
54 240
54 105
980 290
980 433
980 34
982 153
984 74
234 56
234 237
234 183
234 692
820 111
820 481
820 200
1006 242
1006 961
328 457
602 200
255 129
255 136
255 250
255 56
255 1020
255 62
255 74
255 363
255 180
255 186
255 95
255 194
255 102
255 274
255 240
145 124
145 129
145 133
145 136
145 925
145 250
145 54
145 108
145 810
145 62
145 157
145 10
145 158
145 111
145 161
145 467
145 180
145 268
145 183
145 93
145 186
145 194
145 197
145 200
145 102
145 203
145 240
56 246
56 129
56 136
56 249
56 54
56 234
56 255
56 62
56 345
56 68
56 70
56 111
56 86
56 180
56 471
56 186
56 95
56 692
56 101
56 274
56 203
56 240
56 105
1025 111
1057 74
290 397
290 420
290 980
290 33
290 756
290 400
290 426
290 295
290 432
290 433
290 435
290 34
290 439
290 14
290 443
290 445
290 35
1064 74
1020 255
1020 363
1071 98
1079 824
1079 1080
887 136
607 74
1085 736
33 397
33 419
33 421
33 426
33 295
33 432
33 34
33 35
756 397
756 290
108 124
108 338
108 130
108 133
108 136
108 54
108 145
108 62
108 157
108 158
108 68
108 70
108 111
108 650
108 180
108 183
108 186
108 95
108 192
108 193
108 194
108 197
108 198
108 200
108 102
108 274
108 203
108 1101
1073 1074
1109 87
610 246
610 133
610 56
610 95
610 194
610 101
610 240
1111 133
1111 62
1111 10
23 20
23 569
23 330
23 439
614 133
614 74
810 732
810 183
810 660
62 124
62 246
62 485
62 573
62 579
62 742
62 129
62 790
62 340
62 133
62 925
62 250
62 54
62 602
62 145
62 56
62 108
62 1111
62 621
62 258
62 1157
62 157
62 10
62 161
62 629
62 74
62 749
62 265
62 350
62 237
62 1161
62 86
62 87
62 318
62 180
62 656
62 858
62 1164
62 183
62 661
62 664
62 665
62 186
62 95
62 194
62 355
62 98
62 197
62 1165
62 200
62 1076
62 102
62 203
62 240
62 687
949 1039
949 183
949 1171
1180 621
729 136
889 136
569 964
569 23
569 294
380 249
380 194
380 384
380 240
1191 14
1192 114
64 133
64 877
64 54
64 62
64 74
64 349
64 350
64 203
833 746
833 1068
833 183
833 995
345 207
345 338
345 129
345 705
345 54
345 111
345 842
345 732
345 267
345 660
345 194
345 787
345 102
1197 10
621 62
153 54
153 111
153 183
153 192
853 133
853 74
853 98
1026 74
400 397
400 290
400 435
400 506
400 758
400 760
400 690
258 207
258 129
258 133
258 935
258 249
258 250
258 54
258 56
258 62
258 68
258 111
258 74
258 350
258 86
258 180
258 657
258 471
258 186
258 691
258 194
258 98
258 356
258 200
258 102
258 203
258 240
258 872
155 124
155 136
155 708
155 111
155 732
155 197
155 102
1211 197
1157 62
961 969
961 1212
961 1006
961 1217
961 502
961 1218
961 1221
961 1222
961 510
961 1226
961 862
961 1230
961 1231
1236 10
928 62
928 74
550 17
550 488
550 397
550 422
550 501
550 508
550 525
1240 74
929 211
929 98
1245 713
891 136
708 129
708 155
708 74
708 731
708 186
708 197
708 102
1248 183
157 124
157 129
157 133
157 136
157 54
157 145
157 56
157 108
157 62
157 10
157 158
157 68
157 70
157 111
157 161
157 74
157 180
157 183
157 186
157 95
157 194
157 197
157 200
157 101
157 102
157 274
157 713
157 203
157 105
10 338
10 246
10 129
10 133
10 136
10 108
10 62
10 1197
10 1236
10 1240
10 157
10 68
10 225
10 70
10 842
10 1271
10 236
10 1275
10 87
10 898
10 719
10 861
10 1279
10 1281
10 1282
10 865
10 192
10 101
10 102
10 274
10 203
10 869
10 277
10 105
10 1288
10 278
10 687
10 231
158 124
158 338
158 54
158 145
158 108
158 62
158 157
158 111
158 161
158 349
158 183
158 200
158 102
158 203
330 23
330 1106
330 337
68 124
68 129
68 249
68 250
68 54
68 258
68 10
68 70
68 111
68 842
68 350
68 467
68 732
68 180
68 719
68 194
68 197
68 102
68 240
68 687
225 133
225 10
1297 74
1038 94
118 14
118 121
118 15
70 107
70 130
70 136
70 54
70 56
70 108
70 62
70 157
70 10
70 68
70 111
70 236
70 87
70 94
70 186
70 194
70 356
70 197
70 102
70 203
111 107
111 124
111 246
111 47
111 130
111 242
111 133
111 136
111 249
111 250
111 54
111 820
111 145
111 56
111 1025
111 108
111 345
111 153
111 258
111 155
111 157
111 158
111 68
111 70
111 1059
111 349
111 731
111 1107
111 732
111 471
111 94
111 691
111 192
111 836
111 194
111 356
111 197
111 787
111 712
111 102
111 693
111 240
1039 949
426 397
426 290
426 33
426 432
426 433
426 435
426 436
426 508
426 921
426 34
426 439
426 443
426 445
426 35
426 447
426 1324
426 536
1074 1073
1059 824
1059 136
1059 111
294 964
294 569
1333 102
768 386
768 945
768 814
768 818
161 124
161 136
161 54
161 145
161 108
161 62
161 157
161 10
161 158
161 70
161 237
161 86
161 180
161 183
161 197
161 200
161 102
161 203
629 74
842 129
842 345
842 10
74 124
74 209
74 324
74 370
74 485
74 557
74 579
74 742
74 129
74 790
74 340
74 846
74 586
74 133
74 136
74 249
74 592
74 593
74 594
74 54
74 984
74 56
74 1057
74 1064
74 607
74 614
74 62
74 64
74 621
74 853
74 1026
74 258
74 928
74 1240
74 157
74 1297
74 1339
74 629
74 502
74 1255
74 632
74 749
74 640
74 265
74 732
74 1161
74 650
74 86
74 87
74 180
74 656
74 183
74 93
74 471
74 322
74 661
74 1046
74 1348
74 664
74 665
74 186
74 862
74 1351
74 95
74 355
74 197
74 198
74 1165
74 200
74 101
74 1076
74 102
74 676
74 679
74 274
74 1353
74 1354
74 203
74 683
74 687
74 919
74 231
1359 1360
1080 824
1080 1079
363 486
363 462
363 255
363 1020
363 183
363 95
363 278
1001 1363
295 2
295 33
295 436
295 35
1264 19
501 17
501 488
501 397
501 422
501 550
501 508
501 525
1217 961
502 961
502 74
432 290
432 33
432 426
432 295
432 436
432 439
432 35
432 447
297 2
297 303
297 305
433 397
433 980
433 290
433 426
435 397
435 290
435 426
300 2
436 290
436 33
436 426
436 295
436 432
436 35
1113 74
1218 961
1255 74
506 397
506 290
506 400
506 433
506 758
506 760
506 690
303 2
303 297
1106 330
1106 526
1106 337
1393 2
1394 197
236 47
236 129
236 788
236 250
236 54
236 10
236 265
236 350
236 180
236 186
236 95
236 692
236 194
236 98
236 102
236 240
236 687
481 1017
481 692
481 736
967 86
1418 656
632 98
632 203
349 338
349 158
349 111
349 1313
749 10
749 1059
640 133
640 74
265 129
265 133
265 62
265 74
265 236
265 183
265 186
265 102
265 274
265 203
508 17
508 488
508 397
508 23
508 550
508 330
508 426
508 501
508 14
508 524
508 525
508 759
508 533
508 555
382 383
382 95
350 338
350 246
350 133
350 249
350 54
350 602
350 56
350 108
350 62
350 158
350 68
350 349
350 86
350 87
350 657
350 183
350 665
350 194
350 102
350 274
350 203
350 240
350 105
1442 833
731 124
731 708
731 111
731 200
731 240
237 234
237 62
237 161
383 655
467 47
467 129
467 250
467 54
467 145
467 68
467 70
467 350
467 194
467 240
1139 337
1221 961
1107 111
1461 129
921 524
921 1465
921 922
732 136
732 810
732 345
732 155
732 74
732 192
732 194
732 197
732 787
732 102
732 460
649 136
1161 74
650 56
650 108
650 70
650 74
650 183
650 95
650 194
834 833
1222 961
86 579
86 133
86 250
86 54
86 255
86 62
86 64
86 258
86 68
86 161
86 74
86 967
86 265
86 350
86 87
86 180
86 267
86 858
86 665
86 186
86 194
86 198
86 712
86 102
86 240
86 460
87 246
87 129
87 133
87 249
87 54
87 62
87 68
87 74
87 86
87 180
87 95
87 102
87 274
87 240
318 62
654 98
510 961
758 397
758 400
758 506
758 760
758 690
34 2
34 290
34 33
34 426
34 506
439 290
439 426
439 432
439 445
439 447
407 396
407 397
407 506
407 413
407 760
407 690
1204 62
1204 363
180 124
180 246
180 129
180 133
180 136
180 249
180 250
180 54
180 602
180 255
180 145
180 56
180 108
180 62
180 258
180 157
180 161
180 74
180 236
180 467
180 86
180 87
180 183
180 471
180 186
180 95
180 194
180 197
180 200
180 101
180 102
180 274
180 203
180 240
180 105
267 345
267 86
267 95
267 98
305 2
305 297
898 10
898 203
14 397
14 290
14 1191
14 118
14 392
14 393
14 121
14 526
14 15
655 383
655 98
228 10
656 62
656 74
656 180
656 321
656 95
656 98
858 133
858 62
858 86
858 98
443 290
443 426
445 426
445 436
445 439
445 447
1104 368
1104 369
657 249
657 54
657 68
657 350
657 194
657 356
657 240
268 145
268 102
392 389
392 390
392 14
392 393
392 121
392 537
183 124
183 485
183 129
183 130
183 133
183 136
183 250
183 54
183 234
183 145
183 607
183 108
183 810
183 62
183 949
183 833
183 153
183 1248
183 157
183 10
183 158
183 161
183 74
183 363
183 265
183 180
183 94
183 186
183 95
183 192
183 193
183 194
183 197
183 198
183 200
183 1171
183 102
183 203
183 277
183 278
183 1101
183 872
183 1318
660 810
660 345
35 33
35 426
35 295
35 432
35 436
393 389
393 390
393 14
393 392
719 10
93 133
93 74
93 471
446 420
471 338
471 246
471 129
471 133
471 250
471 54
471 56
471 70
471 111
471 74
471 350
471 180
471 186
471 95
471 194
471 102
471 274
471 203
471 240
471 105
321 338
321 1418
321 656
321 95
322 74
661 338
661 62
661 74
1510 136
1046 74
1348 74
1348 665
1348 355
447 426
447 439
447 445
664 133
664 62
664 74
94 136
94 111
665 133
665 54
665 62
665 74
665 471
665 1348
665 186
665 98
665 102
1226 961
861 133
861 10
186 124
186 136
186 250
186 54
186 602
186 255
186 145
186 108
186 62
186 64
186 258
186 708
186 157
186 10
186 158
186 74
186 265
186 350
186 86
186 87
186 180
186 183
186 93
186 322
186 665
186 95
186 194
186 355
186 197
186 200
186 102
186 274
186 203
186 240
862 133
862 54
862 961
862 74
1324 426
1279 10
863 133
691 47
691 133
691 54
691 62
691 345
691 708
691 111
691 731
691 192
691 102
691 713
691 203
691 240
1351 74
121 1511
121 118
121 14
121 392
121 15
95 47
95 133
95 250
95 54
95 602
95 255
95 56
95 62
95 64
95 258
95 74
95 363
95 236
95 382
95 350
95 86
95 87
95 180
95 183
95 93
95 471
95 665
95 186
95 194
95 101
95 102
95 274
95 203
95 240
1017 820
1017 481
270 274
1282 10
1051 124
1051 736
524 508
524 921
939 249
865 133
865 10
192 124
192 130
192 136
192 145
192 108
192 153
192 10
192 111
192 732
192 87
192 183
192 94
192 194
192 197
192 797
192 915
192 1101
193 124
193 108
193 183
692 133
692 249
692 234
692 56
692 236
692 481
692 350
692 384
692 203
692 278
836 136
836 111
194 124
194 338
194 462
194 129
194 133
194 136
194 249
194 250
194 54
194 255
194 145
194 108
194 62
194 380
194 345
194 157
194 10
194 158
194 70
194 111
194 161
194 74
194 236
194 350
194 86
194 180
194 657
194 183
194 471
194 94
194 665
194 186
194 95
194 192
194 197
194 200
194 101
194 102
194 274
194 203
194 240
194 105
355 338
355 133
355 877
355 62
355 74
355 180
355 1348
835 746
98 246
98 47
98 129
98 846
98 133
98 601
98 1025
98 345
98 853
98 258
98 929
98 70
98 632
98 87
98 654
98 267
98 655
98 656
98 858
98 356
98 102
98 384
98 240
356 107
356 1025
356 258
356 68
356 70
356 111
356 194
356 98
356 200
356 105
818 768
525 17
525 488
525 397
525 550
525 501
525 506
525 508
525 759
525 15
1002 1363
368 494
368 1133
368 1104
368 369
197 124
197 47
197 129
197 825
197 133
197 136
197 705
197 54
197 145
197 108
197 62
197 155
197 1211
197 157
197 158
197 68
197 111
197 161
197 74
197 1394
197 632
197 731
197 732
197 180
197 1440
197 183
197 186
197 192
197 194
197 198
197 200
197 102
197 203
197 716
198 124
198 133
198 108
198 183
198 197
198 200
307 2
526 1106
526 14
1465 921
1052 349
1456 10
114 130
114 136
114 1107
114 198
114 200
114 797
1165 74
787 130
787 345
787 111
787 732
787 693
200 124
200 129
200 584
200 133
200 136
200 54
200 145
200 108
200 62
200 708
200 157
200 70
200 161
200 74
200 732
200 180
200 183
200 94
200 186
200 691
200 192
200 194
200 197
200 102
200 203
19 426
19 1264
1171 183
712 111
712 86
712 102
909 136
101 107
101 462
101 129
101 133
101 250
101 54
101 56
101 10
101 74
101 350
101 180
101 186
101 95
101 194
101 102
101 274
1076 62
1076 74
102 124
102 338
102 129
102 133
102 875
102 136
102 249
102 54
102 602
102 255
102 145
102 108
102 62
102 345
102 621
102 258
102 155
102 708
102 157
102 10
102 158
102 68
102 70
102 111
102 1333
102 161
102 74
102 236
102 265
102 350
102 467
102 732
102 650
102 86
102 87
102 180
102 183
102 471
102 665
102 186
102 691
102 95
102 194
102 98
102 197
102 200
102 101
102 274
102 1360
102 713
102 203
102 240
102 105
102 687
1122 74
797 136
797 183
797 192
797 114
693 47
693 111
693 787
676 133
676 74
309 2
679 74
274 579
274 129
274 133
274 136
274 249
274 250
274 54
274 602
274 255
274 56
274 64
274 258
274 157
274 10
274 74
274 236
274 265
274 467
274 86
274 87
274 180
274 93
274 665
274 186
274 270
274 194
274 102
274 203
274 240
274 105
274 460
274 687
1230 961
337 23
337 330
337 1106
1353 74
1360 102
384 249
384 380
384 692
384 98
384 240
713 708
1546 74
759 17
759 501
759 508
868 133
369 1104
1231 961
914 133
533 397
533 508
413 396
413 17
413 397
413 422
413 407
760 397
760 400
760 330
760 506
760 758
760 407
760 690
698 133
203 124
203 129
203 50
203 133
203 136
203 925
203 249
203 250
203 593
203 594
203 54
203 600
203 145
203 56
203 108
203 62
203 64
203 258
203 157
203 10
203 161
203 74
203 632
203 265
203 350
203 180
203 183
203 471
203 661
203 664
203 186
203 95
203 194
203 197
203 200
203 101
203 102
203 274
203 683
203 687
203 231
715 10
715 194
922 921
240 338
240 47
240 462
240 129
240 249
240 250
240 54
240 56
240 62
240 380
240 345
240 258
240 157
240 10
240 70
240 111
240 350
240 731
240 86
240 87
240 180
240 186
240 691
240 95
240 98
240 356
240 101
240 102
240 274
240 384
240 105
240 278
240 687
915 136
915 192
555 17
555 508
683 133
683 74
683 203
1316 338
736 321
736 1051
736 1439
736 687
1048 136
869 133
869 10
277 898
277 183
277 1261
277 198
105 338
105 47
105 249
105 250
105 54
105 56
105 610
105 68
105 350
105 467
105 180
105 186
105 95
105 194
105 102
105 274
105 240
1363 1001
1363 1002
1288 10
1562 460
917 136
536 426
536 295
536 436
536 35
537 392
457 569
15 118
15 14
15 392
15 121
805 803
690 397
690 506
690 758
690 407
690 760
460 274
278 129
278 251
278 10
278 363
278 183
278 692
687 133
687 145
687 62
687 258
687 10
687 68
687 74
687 180
687 267
687 194
687 102
687 203
687 240
1101 183
1101 1573
872 47
872 74
872 183
872 194
1574 1090
1318 183
231 129
231 133
231 155
231 157
231 10
231 74
231 203
