% 28236 1574 1574
30 35
30 37
44 45
44 52
44 54
44 55
44 58
44 61
44 62
44 69
44 71
44 75
44 79
44 88
44 90
44 96
44 100
124 126
124 130
124 132
124 133
124 134
124 137
124 54
124 55
124 139
124 143
124 145
124 109
124 151
124 62
124 152
124 157
124 69
124 111
124 163
124 165
124 79
124 169
124 171
124 172
124 175
124 178
124 88
124 180
124 181
124 90
124 183
124 185
124 190
124 194
124 200
124 204
124 206
215 143
215 69
215 88
241 124
241 165
241 183
241 185
280 69
338 339
338 252
338 341
338 342
338 145
338 344
338 345
338 346
338 71
338 348
338 178
338 88
338 352
338 354
338 356
361 165
377 165
417 165
126 124
126 139
45 44
45 476
485 133
485 143
485 69
485 165
485 88
485 90
545 137
545 96
545 278
557 55
557 180
488 329
488 508
286 165
565 165
573 62
573 574
573 181
579 133
579 137
579 55
579 62
579 69
579 165
579 88
579 90
314 44
314 591
314 250
314 54
314 55
314 252
314 255
314 69
314 88
314 180
314 272
339 338
339 132
339 591
339 341
339 476
339 152
339 345
339 258
339 346
339 111
339 732
339 734
339 352
339 354
339 356
339 204
339 736
339 206
742 62
742 69
742 165
745 747
580 133
580 55
580 62
580 69
580 165
580 88
580 90
130 124
130 339
130 111
130 165
130 183
130 190
130 204
116 121
116 828
116 15
839 133
839 250
839 69
839 88
839 278
841 426
845 165
132 124
132 314
132 339
132 130
132 133
132 137
132 55
132 253
132 143
132 145
132 109
132 151
132 62
132 152
132 157
132 69
132 111
132 163
132 165
132 79
132 646
132 175
132 178
132 88
132 183
132 734
132 271
132 190
132 200
132 204
133 124
133 370
133 485
133 579
133 580
133 852
133 839
133 132
133 137
133 250
133 52
133 54
133 55
133 253
133 143
133 145
133 62
133 497
133 152
133 621
133 258
133 627
133 157
133 225
133 69
133 576
133 165
133 633
133 857
133 79
133 169
133 171
133 709
133 175
133 227
133 178
133 88
133 180
133 181
133 90
133 183
133 860
133 663
133 862
133 863
133 271
133 190
133 272
133 194
133 670
133 200
133 671
133 274
133 868
133 698
133 204
133 871
133 206
133 231
134 598
134 111
134 165
882 109
248 62
248 165
137 124
137 545
137 579
137 132
137 133
137 250
137 52
137 54
137 55
137 341
137 253
137 143
137 255
137 145
137 58
137 476
137 151
137 62
137 152
137 621
137 258
137 346
137 157
137 799
137 69
137 111
137 71
137 348
137 165
137 633
137 79
137 169
137 171
137 709
137 646
137 175
137 178
137 88
137 180
137 181
137 90
137 183
137 663
137 96
137 271
137 190
137 272
137 354
137 194
137 100
137 200
137 274
137 204
591 339
591 133
591 137
591 58
591 476
591 258
591 69
591 165
591 79
591 88
591 90
591 183
591 185
591 190
591 200
934 190
250 338
250 314
250 133
250 137
250 52
250 55
250 143
250 255
250 145
250 62
250 258
250 111
250 71
250 163
250 79
250 178
250 88
250 180
250 181
250 90
250 734
250 272
250 354
250 100
250 274
288 293
288 450
288 539
947 456
948 479
597 338
597 314
597 55
597 258
597 71
597 266
597 88
597 90
597 183
597 276
464 545
464 133
464 54
464 55
464 58
464 69
464 90
464 96
464 194
464 356
464 274
464 276
52 44
52 579
52 137
52 250
52 54
52 55
52 252
52 143
52 255
52 58
52 110
52 258
52 157
52 69
52 79
52 175
52 88
52 180
52 181
52 90
52 183
52 271
52 272
52 354
52 194
52 274
52 204
568 567
568 456
54 44
54 124
54 132
54 133
54 137
54 250
54 52
54 55
54 253
54 143
54 255
54 145
54 58
54 765
54 61
54 151
54 62
54 497
54 345
54 258
54 381
54 157
54 69
54 111
54 71
54 576
54 165
54 633
54 79
54 171
54 709
54 175
54 178
54 88
54 180
54 181
54 90
54 183
54 663
54 862
54 96
54 271
54 190
54 272
54 354
54 194
54 356
54 200
54 274
54 276
598 152
598 79
598 712
771 976
55 44
55 124
55 557
55 579
55 314
55 132
55 133
55 137
55 591
55 250
55 597
55 464
55 52
55 54
55 252
55 253
55 143
55 255
55 145
55 610
55 62
55 497
55 258
55 626
55 157
55 799
55 69
55 71
55 165
55 632
55 633
55 79
55 169
55 171
55 266
55 172
55 175
55 88
55 180
55 181
55 90
55 183
55 185
55 663
55 96
55 271
55 190
55 272
55 194
55 100
55 200
55 274
55 276
55 204
139 124
139 126
1000 1002
252 55
252 143
252 255
252 476
252 69
252 71
252 266
252 88
252 90
252 96
252 274
341 137
341 346
341 88
341 352
341 194
1005 62
1005 69
1008 62
253 133
253 137
253 54
253 55
253 143
253 62
253 152
253 69
253 165
253 79
253 175
253 897
253 88
253 90
253 183
253 734
253 200
253 278
143 124
143 314
143 132
143 133
143 137
143 250
143 52
143 54
143 55
143 252
143 253
143 58
143 610
143 151
143 62
143 152
143 345
143 258
143 157
143 799
143 69
143 71
143 165
143 633
143 79
143 709
143 175
143 178
143 88
143 180
143 181
143 90
143 183
143 271
143 190
143 272
143 354
143 194
143 356
143 200
143 274
143 276
143 206
342 338
342 109
342 69
342 163
255 314
255 137
255 250
255 52
255 55
255 143
255 62
255 69
255 79
255 171
255 88
255 180
255 90
255 271
255 272
255 194
255 274
145 124
145 132
145 133
145 137
145 250
145 54
145 55
145 62
145 152
145 346
145 157
145 799
145 69
145 111
145 165
145 79
145 171
145 175
145 653
145 178
145 88
145 180
145 181
145 90
145 183
145 190
145 194
145 200
145 206
1057 69
58 52
58 54
58 143
58 840
58 109
58 476
58 111
58 79
58 648
58 88
58 90
58 194
58 274
1034 130
1034 132
1034 591
1034 163
1034 183
1034 204
765 54
1079 476
1011 109
1011 111
1011 88
1093 62
840 44
840 62
840 178
840 90
840 354
840 276
293 288
293 426
293 430
293 508
293 445
1105 329
1105 332
1105 1106
1105 333
109 124
109 132
109 882
109 342
109 58
109 1011
109 476
109 151
109 811
109 152
109 345
109 110
109 157
109 172
109 732
109 1027
61 44
61 54
61 111
61 178
61 90
61 354
1073 61
1073 1074
610 133
610 55
610 143
610 69
610 71
610 194
612 69
612 165
612 88
476 339
476 132
476 137
476 591
476 54
476 55
476 109
476 152
476 345
476 258
476 111
476 165
476 79
476 178
476 88
476 90
476 183
476 356
476 204
151 124
151 132
151 591
151 54
151 55
151 143
151 109
151 152
151 111
151 165
151 79
151 169
151 646
151 178
151 88
151 181
151 183
151 185
151 190
151 194
151 114
151 204
62 44
62 124
62 485
62 573
62 579
62 742
62 580
62 132
62 133
62 248
62 137
62 250
62 52
62 54
62 598
62 55
62 1005
62 1008
62 253
62 143
62 145
62 840
62 497
62 152
62 621
62 258
62 346
62 157
62 799
62 224
62 69
62 629
62 348
62 165
62 633
62 79
62 171
62 646
62 175
62 1161
62 178
62 88
62 180
62 181
62 90
62 183
62 661
62 96
62 271
62 190
62 272
62 194
62 100
62 200
62 204
62 206
1170 508
497 738
497 133
497 54
497 55
497 62
497 69
497 165
497 88
497 90
497 183
497 190
1185 165
380 341
380 381
380 194
329 488
329 116
329 1105
329 332
329 1106
329 333
329 410
329 535
1030 1038
1030 79
811 342
811 109
811 812
811 163
811 816
812 811
152 124
152 132
152 133
152 137
152 54
152 143
152 145
152 1034
152 109
152 476
152 151
152 258
152 157
152 69
152 111
152 576
152 165
152 79
152 175
152 178
152 88
152 90
152 183
152 190
152 200
152 204
152 206
345 338
345 339
345 54
345 143
345 109
345 111
345 732
345 178
345 354
345 194
110 109
110 111
621 62
400 403
400 757
400 409
400 702
400 690
1202 69
258 44
258 314
258 339
258 133
258 137
258 591
258 250
258 54
258 55
258 143
258 342
258 476
258 62
258 799
258 69
258 111
258 79
258 171
258 175
258 178
258 88
258 180
258 181
258 90
258 96
258 271
258 272
258 194
258 356
258 200
258 206
1103 1133
1103 1209
381 380
381 157
381 648
381 96
346 338
346 339
346 62
346 165
346 88
626 55
626 69
626 90
626 272
627 133
627 54
627 69
627 165
627 88
1133 1103
157 124
157 132
157 133
157 137
157 52
157 54
157 55
157 145
157 109
157 62
157 152
157 381
157 69
157 111
157 261
157 165
157 79
157 171
157 266
157 175
157 178
157 88
157 180
157 181
157 90
157 183
157 271
157 190
157 194
157 200
157 274
157 204
799 55
799 143
799 145
799 62
799 258
799 69
799 261
799 175
799 194
224 62
224 90
814 1047
225 133
225 227
225 178
225 272
1038 1030
69 44
69 124
69 215
69 280
69 485
69 579
69 314
69 742
69 580
69 839
69 1302
69 132
69 133
69 591
69 250
69 464
69 52
69 54
69 55
69 252
69 1005
69 253
69 143
69 342
69 145
69 1057
69 58
69 610
69 612
69 62
69 497
69 152
69 1202
69 258
69 346
69 627
69 157
69 224
69 71
69 629
69 576
69 630
69 165
69 632
69 633
69 79
69 169
69 171
69 709
69 732
69 175
69 513
69 178
69 88
69 180
69 1117
69 181
69 90
69 183
69 663
69 96
69 666
69 271
69 1306
69 352
69 190
69 272
69 354
69 194
69 356
69 670
69 200
69 671
69 712
69 1027
69 274
69 868
69 698
69 204
69 206
69 231
1319 62
1319 69
111 124
111 339
111 130
111 132
111 133
111 134
111 137
111 250
111 54
111 55
111 145
111 58
111 1011
111 61
111 476
111 151
111 152
111 345
111 110
111 258
111 157
111 163
111 1040
111 997
111 79
111 171
111 266
111 172
111 732
111 175
111 178
111 88
111 90
111 185
111 734
111 190
111 354
111 194
111 356
111 712
111 1027
111 1322
111 204
111 206
425 426
425 508
425 445
425 37
426 841
426 293
426 425
426 429
426 430
426 433
426 436
426 508
426 921
426 445
426 35
426 1324
71 137
71 250
71 54
71 55
71 143
71 255
71 69
71 175
71 178
71 180
71 90
71 354
71 194
1074 1073
1334 88
261 157
261 799
261 938
261 96
629 69
629 88
576 286
576 253
576 151
576 69
576 165
576 88
576 90
576 183
576 190
576 200
576 206
630 69
332 329
332 1106
332 535
295 436
295 35
976 771
976 775
976 1370
976 1371
976 1372
976 1375
976 1381
976 1383
976 785
429 426
429 430
430 426
430 429
430 433
1341 88
348 338
348 133
348 137
348 62
348 175
348 88
348 90
433 426
433 430
893 133
893 137
893 165
893 513
893 88
893 183
503 403
503 701
503 410
503 702
503 412
503 535
403 400
403 503
403 757
403 701
403 407
403 409
403 410
403 690
436 426
436 295
436 35
757 400
757 403
757 409
1106 329
1106 332
1106 333
1106 535
1396 165
163 124
163 132
163 342
163 145
163 111
163 1047
163 190
165 44
165 124
165 241
165 361
165 377
165 417
165 485
165 565
165 742
165 130
165 845
165 132
165 133
165 137
165 591
165 464
165 54
165 55
165 1005
165 253
165 143
165 145
165 58
165 1403
165 612
165 476
165 151
165 62
165 497
165 152
165 621
165 258
165 346
165 627
165 157
165 69
165 576
165 1405
165 893
165 1396
165 632
165 633
165 1406
165 79
165 169
165 171
165 1408
165 266
165 732
165 175
165 652
165 1312
165 513
165 178
165 88
165 180
165 1410
165 181
165 90
165 183
165 1261
165 185
165 862
165 1411
165 352
165 190
165 354
165 194
165 356
165 670
165 200
165 274
165 204
165 206
165 231
1040 111
997 598
997 111
632 55
632 165
632 79
632 175
1342 88
633 133
633 137
633 54
633 55
633 143
633 476
633 69
633 576
633 165
633 175
633 88
633 90
633 183
633 190
775 976
1220 1433
1397 114
508 488
508 490
508 293
508 329
508 426
508 332
508 553
508 333
508 701
508 524
508 702
508 535
79 44
79 124
79 557
79 130
79 132
79 133
79 137
79 591
79 597
79 52
79 54
79 598
79 55
79 253
79 143
79 145
79 840
79 476
79 151
79 62
79 1030
79 152
79 258
79 157
79 69
79 111
79 71
79 165
79 169
79 171
79 172
79 175
79 178
79 88
79 180
79 181
79 90
79 183
79 185
79 663
79 190
79 272
79 354
79 194
79 200
79 274
79 204
79 206
169 124
169 133
169 55
169 151
169 152
169 69
169 165
169 79
169 175
169 88
169 90
169 183
169 190
171 124
171 133
171 137
171 54
171 55
171 255
171 145
171 58
171 62
171 152
171 258
171 157
171 69
171 165
171 79
171 175
171 178
171 88
171 180
171 181
171 90
171 183
171 190
171 194
171 200
171 274
171 204
709 133
709 137
709 90
709 663
816 342
816 811
816 163
646 132
646 137
646 597
646 151
646 62
1139 456
1408 165
333 1105
333 329
333 1139
266 314
266 597
266 54
266 55
266 252
266 341
266 111
266 71
266 165
266 175
266 178
266 88
266 194
1460 535
172 124
172 137
172 55
172 109
172 69
172 111
172 88
172 180
172 90
172 183
701 503
701 403
701 410
701 702
701 412
701 535
921 524
921 1466
648 58
732 339
732 109
732 345
732 69
732 165
732 178
732 88
732 90
732 190
732 194
732 204
175 124
175 339
175 132
175 133
175 137
175 52
175 54
175 55
175 253
175 143
175 255
175 145
175 476
175 151
175 62
175 152
175 621
175 346
175 157
175 799
175 69
175 111
175 71
175 165
175 632
175 633
175 79
175 169
175 171
175 178
175 88
175 180
175 181
175 90
175 183
175 663
175 734
175 190
175 272
175 354
175 194
175 200
175 274
175 276
175 204
175 206
1193 747
1193 183
227 133
227 225
227 175
652 133
652 165
652 90
653 133
653 145
653 476
653 165
574 573
407 403
407 409
407 690
1345 62
1345 165
1487 1488
1204 62
1312 165
513 133
513 137
513 69
513 893
513 165
513 88
513 183
513 190
513 200
513 206
178 124
178 338
178 130
178 132
178 133
178 137
178 250
178 597
178 54
178 143
178 145
178 840
178 151
178 62
178 152
178 258
178 157
178 69
178 111
178 165
178 79
178 171
178 172
178 175
178 513
178 88
178 180
178 181
178 90
178 183
178 185
178 271
178 190
178 194
178 356
178 200
178 274
178 204
178 206
897 253
897 90
897 194
88 44
88 124
88 215
88 338
88 485
88 579
88 314
88 580
88 839
88 132
88 133
88 137
88 591
88 250
88 597
88 52
88 54
88 55
88 252
88 253
88 143
88 342
88 255
88 145
88 58
88 1011
88 476
88 62
88 497
88 152
88 621
88 258
88 346
88 627
88 157
88 69
88 111
88 1334
88 629
88 576
88 1341
88 348
88 893
88 165
88 1342
88 633
88 79
88 169
88 171
88 266
88 732
88 175
88 513
88 178
88 180
88 181
88 90
88 183
88 185
88 862
88 96
88 271
88 352
88 190
88 272
88 354
88 194
88 356
88 670
88 200
88 671
88 712
88 1027
88 274
88 698
88 276
88 204
88 1124
88 206
88 231
180 124
180 314
180 132
180 133
180 137
180 250
180 54
180 55
180 143
180 255
180 145
180 58
180 62
180 258
180 157
180 69
180 71
180 165
180 79
180 169
180 171
180 172
180 175
180 178
180 88
180 181
180 90
180 183
180 271
180 190
180 272
180 354
180 194
180 100
180 200
180 274
180 204
1117 69
1499 79
1410 165
181 44
181 573
181 133
181 137
181 52
181 54
181 55
181 143
181 145
181 62
181 258
181 157
181 69
181 165
181 79
181 171
181 175
181 88
181 180
181 90
181 183
181 185
181 734
181 190
181 194
181 274
181 204
445 425
445 426
445 436
747 745
747 1193
747 183
747 204
747 1194
90 44
90 124
90 485
90 579
90 314
90 580
90 132
90 133
90 137
90 250
90 464
90 52
90 54
90 55
90 253
90 143
90 255
90 145
90 840
90 61
90 476
90 62
90 497
90 152
90 621
90 258
90 346
90 626
90 157
90 224
90 69
90 111
90 71
90 348
90 165
90 633
90 79
90 169
90 171
90 732
90 175
90 513
90 178
90 88
90 180
90 181
90 183
90 185
90 663
90 96
90 271
90 190
90 272
90 354
90 194
90 200
90 671
90 1430
90 274
90 276
90 204
90 206
90 231
183 44
183 124
183 485
183 286
183 130
183 132
183 133
183 137
183 591
183 250
183 597
183 54
183 55
183 341
183 253
183 143
183 145
183 58
183 1034
183 151
183 62
183 497
183 811
183 152
183 627
183 157
183 69
183 576
183 893
183 165
183 633
183 79
183 169
183 171
183 175
183 513
183 178
183 88
183 180
183 181
183 747
183 90
183 185
183 663
183 190
183 194
183 200
183 913
183 204
183 278
183 206
938 261
35 30
35 426
35 295
35 436
409 400
409 403
409 757
409 407
661 338
661 62
1261 165
860 133
410 488
410 329
410 503
410 403
410 701
410 407
410 702
410 412
185 124
185 55
185 152
185 111
185 165
185 169
185 732
185 178
185 88
185 183
185 114
185 204
185 206
663 133
663 54
663 55
663 69
663 90
663 183
862 133
862 54
862 165
862 88
1324 426
863 133
1411 165
121 116
121 15
734 339
734 132
734 250
734 253
734 111
734 175
734 181
734 1512
1047 814
1047 163
96 545
96 314
96 137
96 54
96 55
96 252
96 62
96 258
96 69
96 261
96 171
96 266
96 88
96 180
96 90
96 272
96 354
271 133
271 137
271 597
271 54
271 55
271 143
271 476
271 62
271 258
271 157
271 69
271 71
271 79
271 175
271 178
271 88
271 180
271 181
271 90
271 96
271 354
271 194
271 274
524 508
524 921
1306 133
1306 54
1306 69
352 338
352 339
352 69
352 165
352 88
190 124
190 485
190 339
190 130
190 132
190 133
190 137
190 54
190 55
190 143
190 145
190 62
190 497
190 152
190 157
190 69
190 111
190 576
190 163
190 165
190 633
190 79
190 169
190 171
190 175
190 513
190 178
190 88
190 180
190 747
190 90
190 183
190 272
190 194
190 204
190 206
272 44
272 314
272 133
272 137
272 250
272 52
272 54
272 55
272 143
272 62
272 69
272 71
272 79
272 175
272 178
272 88
272 180
272 90
272 194
272 736
354 339
354 133
354 137
354 597
354 464
354 54
354 252
354 143
354 840
354 61
354 345
354 69
354 111
354 165
354 79
354 175
354 88
354 90
354 272
354 194
354 356
354 274
354 276
702 400
702 503
702 508
702 701
702 407
702 410
702 412
702 690
194 44
194 124
194 338
194 133
194 137
194 591
194 250
194 597
194 52
194 54
194 598
194 55
194 252
194 253
194 143
194 255
194 145
194 1011
194 476
194 62
194 380
194 345
194 157
194 69
194 111
194 71
194 165
194 79
194 171
194 175
194 178
194 897
194 88
194 180
194 181
194 90
194 183
194 271
194 190
194 272
194 354
194 200
194 274
194 204
356 314
356 339
356 143
356 476
356 258
356 69
356 111
356 165
356 178
356 88
356 194
356 200
828 116
828 535
1002 1000
670 133
670 69
670 165
670 88
100 137
100 55
100 180
100 274
114 130
114 151
114 200
114 204
200 124
200 132
200 133
200 137
200 52
200 54
200 55
200 143
200 145
200 476
200 62
200 497
200 152
200 346
200 157
200 69
200 576
200 165
200 79
200 169
200 171
200 709
200 732
200 175
200 513
200 1494
200 178
200 88
200 180
200 181
200 90
200 183
200 663
200 272
200 194
200 913
200 204
671 44
671 133
671 58
671 69
671 88
671 194
712 598
712 69
712 111
712 88
1027 109
1027 110
1027 111
1430 738
1370 976
1322 111
412 503
412 403
412 701
412 410
412 702
412 535
274 579
274 133
274 250
274 464
274 52
274 54
274 55
274 143
274 255
274 61
274 476
274 258
274 157
274 69
274 79
274 266
274 175
274 178
274 88
274 180
274 181
274 90
274 271
274 354
274 194
274 100
868 133
868 69
913 183
698 133
698 69
698 165
698 88
276 597
276 54
276 55
276 143
276 255
276 258
276 175
276 88
276 90
276 354
276 274
204 124
204 339
204 130
204 133
204 137
204 591
204 52
204 54
204 145
204 1034
204 476
204 151
204 62
204 152
204 157
204 111
204 165
204 79
204 169
204 732
204 175
204 178
204 88
204 180
204 181
204 90
204 183
204 185
204 190
204 194
204 114
204 200
535 488
535 329
535 332
535 503
535 1106
535 508
535 1460
535 701
535 828
535 412
1194 747
736 171
450 288
450 293
1124 88
456 947
456 568
456 1139
15 116
15 121
37 35
690 403
690 757
690 701
690 407
690 409
690 702
1466 921
539 288
1372 976
1375 976
278 545
278 839
278 253
278 183
1381 976
1358 597
1358 69
871 133
206 314
206 339
206 133
206 137
206 145
206 58
206 62
206 258
206 69
206 111
206 165
206 79
206 175
206 513
206 178
206 88
206 90
206 183
206 185
206 190
206 712
206 204
1383 976
785 976
231 133
231 58
231 157
231 69
231 165
231 175
231 88
231 90
% 1574 28236
