46 109
153 222
51 166
246 209
16 141
38 77
68 211
168 231
125 234
69 203
0 149
23 178
132 247
21 112
38 199
247 88
4 57
62 86
71 237
147 227
28 153
22 193
16 67
33 156
6 208
105 200
129 203
96 234
72 219
79 135
2 197
245 157
16 122
146 207
22 133
65 165
24 122
5 110
115 127
53 108
88 106
43 184
65 136
3 16
171 240
80 126
4 50
31 158
39 216
148 216
92 115
18 91
142 187
54 83
178 205
213 220
138 217
103 118
111 182
171 184
67 185
247 99
37 176
21 196
47 162
75 131
163 176
30 222
122 156
147 215
85 158
208 242
118 239
109 246
9 203
30 230
17 179
65 122
249 151
58 181
55 243
21 128
26 219
64 141
38 173
8 29
105 141
64 145
122 173
27 227
3 132
21 205
215 239
131 219
15 222
91 94
243 245
3 246
134 239
19 175
0 207
126 171
29 43
58 220
107 128
46 163
73 155
55 217
78 113
98 194
81 192
161 235
79 131
127 201
142 201
63 125
123 152
91 240
121 243
41 62
55 189
74 232
86 170
55 73
191 203
243 247
143 230
3 50
8 97
64 186
16 27
10 195
68 112
134 222
60 162
142 149
138 195
115 197
87 244
202 228
246 130
18 144
66 153
44 120
40 184
59 84
101 179
74 120
97 195
43 164
78 101
109 225
248 17
2 37
244 212
1 165
119 179
112 245
164 186
77 141
30 32
37 192
13 184
248 82
109 188
115 246
249 109
58 113
8 118
136 204
82 224
66 160
102 113
20 79
225 238
33 89
169 187
104 161
34 56
47 69
192 218
18 208
59 78
4 163
223 233
76 99
41 205
187 228
80 200
17 240
31 87
3 124
82 143
29 200
62 152
92 199
156 179
36 197
8 234
13 224
137 228
146 182
24 52
39 218
109 182
68 101
7 194
136 220
74 119
23 127
0 212
141 159
61 209
59 178
26 230
6 119
87 207
202 249
82 182
104 178
97 98
117 203
112 203
143 182
93 241
37 236
68 94
5 129
155 241
194 217
43 47
132 238
29 103
10 39
4 211
69 109
53 217
188 195
4 153
144 167
148 163
52 240
52 196
165 180
158 237
72 124
144 188
102 142
0 175
55 112
8 148
234 245
168 214
41 170
44 99
191 224
16 193
141 218
29 198
191 202
49 195
122 197
104 203
19 102
249 221
72 75
245 216
192 227
83 97
132 223
184 198
101 192
165 236
32 185
157 246
191 197
69 101
249 58
86 91
26 160
14 243
14 65
35 247
102 157
244 193
25 192
119 161
145 239
162 175
107 204
34 57
34 125
158 192
38 237
74 125
72 89
113 126
67 94
93 145
28 236
209 216
220 232
245 80
65 121
49 219
146 243
153 193
62 147
51 59
48 61
124 236
15 189
104 148
107 167
20 145
41 222
129 231
137 178
7 201
244 65
76 176
20 35
25 134
199 216
55 64
84 247
28 93
34 169
83 105
74 168
65 224
192 230
14 227
68 162
177 233
127 225
66 225
71 229
193 223
100 209
15 105
32 164
130 176
78 183
248 57
156 202
66 85
110 248
33 85
73 183
94 220
6 100
92 218
73 173
142 210
132 133
12 214
23 125
58 92
13 243
115 193
63 232
34 65
64 103
137 198
222 225
12 90
3 244
169 211
136 149
111 219
70 108
81 147
246 124
156 194
98 220
15 97
97 191
38 45
61 249
124 147
54 57
18 34
174 218
22 197
3 234
114 184
76 82
73 79
93 130
95 199
134 214
96 139
22 115
60 125
1 20
33 63
7 200
76 201
136 173
15 245
171 226
109 217
36 113
50 98
142 211
144 207
20 103
146 168
74 117
101 235
22 126
19 197
74 115
244 173
30 196
57 138
69 189
117 119
3 55
99 159
140 157
105 133
68 129
58 62
62 81
76 103
87 132
246 174
73 137
70 132
115 183
144 152
100 218
12 72
34 137
7 240
126 228
189 206
84 161
120 131
103 242
183 231
97 233
77 103
11 41
41 183
24 30
167 176
99 227
19 116
160 232
228 236
14 105
25 71
177 190
63 165
161 165
97 136
245 21
17 43
76 183
84 233
125 167
148 233
4 159
177 200
21 150
1 45
18 19
101 182
10 58
41 102
4 230
54 87
148 193
4 228
48 144
185 237
107 155
71 240
29 244
134 197
56 243
31 216
71 173
82 136
11 198
81 92
34 78
124 245
24 79
132 197
50 235
1 175
17 197
31 47
183 192
145 166
120 138
43 222
169 178
76 162
53 154
92 190
49 151
102 115
33 223
6 59
151 193
63 210
136 243
23 37
74 191
28 156
10 28
245 42
175 196
41 51
49 84
185 204
68 220
121 182
144 170
19 65
1 90
87 223
220 224
149 204
65 126
80 160
47 106
130 219
139 204
177 199
148 231
248 33
135 181
98 146
68 87
135 158
38 85
54 197
0 75
170 172
113 123
114 158
71 213
158 208
60 121
127 248
40 205
74 152
0 176
117 245
25 95
6 20
92 200
175 235
249 138
78 198
45 139
127 205
57 69
30 92
25 149
100 112
146 195
170 207
20 82
170 181
49 211
32 147
31 217
113 199
126 187
29 122
16 110
103 106
22 220
92 155
6 21
106 226
122 241
17 120
37 150
83 121
16 163
77 89
69 97
63 126
138 228
85 185
4 209
16 204
72 212
33 188
110 177
14 61
94 111
20 67
58 228
95 235
182 218
16 187
68 205
27 195
24 88
8 87
215 223
232 236
5 137
20 95
41 65
89 143
18 184
95 186
80 162
100 181
34 194
33 126
20 160
46 235
30 69
64 94
140 213
0 14
6 157
32 76
48 155
113 219
38 107
100 168
68 88
155 210
226 242
42 166
125 145
115 220
83 140
76 123
1 182
208 217
9 46
0 39
53 130
179 211
44 206
87 116
65 119
87 126
105 226
51 223
76 164
36 231
131 181
16 75
56 93
55 157
92 197
50 225
56 133
78 171
89 192
173 180
68 177
45 79
25 76
26 176
249 172
159 216
27 128
9 158
111 243
181 185
61 131
1 39
85 219
164 184
195 217
249 229
246 207
87 247
42 242
4 64
73 178
1 2
9 11
2 139
96 183
119 247
18 167
104 183
70 123
73 75
76 231
245 140
39 155
5 157
43 78
246 177
51 116
37 45
62 105
73 152
183 240
209 221
69 215
149 222
246 134
114 164
157 199
95 214
51 163
194 219
126 132
26 114
79 80
211 212
19 53
247 172
63 217
72 150
107 114
196 243
127 144
78 159
73 118
76 215
87 206
12 162
15 203
14 97
39 100
71 87
0 90
0 154
98 217
158 228
52 214
19 245
91 114
44 218
39 54
104 110
76 89
110 111
205 243
119 174
53 162
200 240
1 126
146 210
178 221
147 214
21 42
125 146
105 227
55 100
69 144
41 61
31 237
108 187
107 113
66 82
196 209
39 181
70 111
82 88
12 150
33 77
65 211
7 154
109 110
121 168
54 176
61 157
55 242
16 217
7 39
248 185
8 17
67 90
37 246
28 181
75 143
51 201
89 120
70 167
118 198
245 236
68 102
64 130
23 204
25 67
138 145
26 157
36 234
22 139
112 149
68 71
85 193
25 27
54 200
156 234
133 170
159 176
18 246
96 111
42 205
46 237
72 207
22 135
126 176
15 52
61 215
200 206
111 199
2 161
140 150
18 169
55 142
108 110
7 181
126 198
54 73
202 240
90 230
52 179
120 211
152 222
76 203
43 161
17 74
55 246
33 235
110 129
184 233
62 248
12 24
124 138
82 242
8 34
177 245
85 153
8 58
80 100
126 167
84 157
16 233
71 170
58 120
175 179
244 192
75 154
159 168
51 113
18 132
181 188
80 96
104 179
76 80
129 208
248 213
99 122
143 249
71 80
106 111
11 19
26 235
96 123
42 76
90 209
14 154
65 190
183 200
9 31
195 231
107 153
185 249
187 210
21 213
41 45
230 245
94 96
89 94
56 188
152 244
53 74
54 98
81 137
210 219
100 222
43 238
63 151
16 169
133 193
23 175
58 160
132 240
247 178
196 210
64 236
3 160
86 225
32 113
88 225
38 248
149 163
20 207
19 142
173 242
49 139
245 189
198 221
112 120
12 147
25 49
4 154
88 141
55 183
37 152
206 229
1 86
13 127
19 56
12 101
97 133
182 202
129 184
25 62
119 240
66 231
55 76
48 218
78 97
114 199
29 180
131 155
70 189
68 133
10 182
4 208
88 234
20 237
8 60
92 116
108 186
232 246
80 134
133 145
68 196
11 44
66 241
98 101
15 98
57 180
6 8
65 246
3 129
220 241
211 229
128 151
118 211
15 166
125 144
128 146
44 58
62 125
68 201
25 221
91 97
102 249
124 154
136 246
50 236
130 178
49 215
91 101
245 144
135 210
105 204
14 238
6 158
50 218
41 52
69 207
9 218
246 67
60 157
36 223
84 107
23 158
247 22
6 145
41 181
121 231
64 123
204 228
55 107
38 167
47 109
104 182
116 180
133 218
202 243
136 201
227 248
246 162
48 190
27 228
70 97
21 209
86 123
4 45
163 248
84 183
154 183
1 99
19 21
249 241
29 211
39 208
221 236
36 111
32 55
45 192
2 217
4 38
126 233
144 242
13 169
97 240
6 156
157 184
96 122
100 111
201 238
244 34
29 201
156 186
62 198
49 78
245 85
118 149
176 216
10 227
181 198
55 67
151 223
35 163
100 115
247 113
91 161
174 216
21 28
25 176
16 179
147 205
113 135
50 89
20 111
249 228
34 44
6 175
131 135
24 228
172 174
63 205
117 129
21 184
161 239
5 97
112 175
109 242
117 234
18 235
187 217
133 209
0 180
204 230
11 65
25 117
39 61
105 178
0 171
111 196
135 171
142 232
199 228
143 155
24 135
100 128
211 240
1 7
37 180
135 202
15 103
49 145
184 220
14 199
55 60
33 47
27 54
25 156
104 241
27 80
18 58
1 200
180 249
66 189
113 212
1 132
139 155
221 224
216 217
142 245
245 165
122 123
11 132
64 78
41 93
94 145
22 76
84 245
98 157
214 233
89 196
3 220
28 201
148 203
113 224
112 155
35 231
8 66
143 156
15 113
246 159
11 63
80 190
13 79
35 171
31 173
95 113
139 175
188 211
29 38
26 28
0 34
19 180
102 242
138 246
21 140
207 218
121 207
89 172
135 151
77 156
8 218
130 137
26 122
58 221
50 215
9 15
246 184
94 161
41 247
19 214
130 134
89 151
97 154
105 179
169 183
57 210
71 97
69 107
43 117
121 138
16 49
76 243
85 189
84 124
247 56
122 248
246 200
47 102
30 126
54 236
64 147
60 78
82 141
16 173
26 30
35 56
138 162
71 112
78 129
43 73
69 85
162 190
11 68
39 228
126 131
51 135
38 224
99 140
44 104
165 186
48 105
24 168
39 187
37 240
38 115
85 111
11 85
117 176
60 144
40 239
34 183
247 128
43 242
87 108
48 91
19 249
166 200
104 217
249 213
49 220
185 205
45 147
146 202
127 143
4 49
25 65
58 175
48 84
8 208
245 103
8 106
154 198
97 249
91 177
115 194
52 137
177 227
102 158
112 152
42 101
76 227
20 169
35 121
42 107
33 173
138 221
5 134
84 115
5 88
58 223
135 141
161 200
90 137
95 234
87 243
55 138
117 130
21 91
69 125
109 117
39 188
204 233
0 72
135 217
117 193
51 211
81 199
19 172
50 245
20 90
56 87
191 204
74 98
60 132
223 238
44 178
229 247
17 176
247 145
122 237
4 181
249 44
111 241
31 181
249 153
113 215
246 223
22 147
23 221
11 168
17 216
82 168
146 247
81 148
244 185
6 133
182 231
44 169
171 193
10 103
111 248
93 156
89 125
70 234
5 180
45 150
31 243
55 208
160 226
38 190
35 122
42 168
192 207
210 221
20 161
249 245
61 171
19 54
155 164
112 232
48 199
22 144
245 176
194 249
179 189
6 143
184 214
164 242
69 183
58 244
9 43
106 142
219 228
38 193
136 235
10 197
65 125
150 239
149 186
22 36
79 160
52 220
28 112
134 220
11 15
134 143
14 170
33 205
95 238
104 164
122 195
63 146
58 171
10 40
71 246
135 142
176 186
52 233
61 124
42 80
35 79
48 94
58 224
25 33
62 136
205 217
147 148
83 163
106 115
87 122
223 225
22 227
55 152
8 127
130 163
4 219
32 127
43 230
16 80
90 125
152 163
81 200
95 193
32 188
35 80
154 243
115 175
18 189
43 132
20 74
55 98
22 170
47 213
48 83
235 237
147 150
37 106
11 210
157 176
110 202
85 114
145 148
87 125
109 199
8 126
5 181
33 92
116 206
151 237
47 50
126 177
151 154
25 153
83 172
88 230
37 154
100 169
20 21
38 144
146 170
45 238
137 205
197 245
68 207
15 125
35 144
68 135
134 241
146 222
76 116
70 92
166 236
19 101
50 76
108 141
74 172
74 83
57 244
7 85
58 85
11 100
154 245
1 125
33 215
28 125
93 228
59 62
4 14
113 214
101 239
158 241
27 75
1 188
64 154
33 75
71 79
8 73
245 182
120 193
29 92
18 209
27 31
30 207
20 166
244 28
31 37
68 115
51 108
79 132
150 237
10 60
246 156
9 227
88 187
167 224
157 226
74 205
143 221
84 125
188 227
24 212
218 231
87 179
226 245
102 166
9 232
96 188
75 166
108 191
22 245
6 95
37 66
6 132
116 219
23 116
182 215
14 244
10 131
35 146
165 208
51 89
104 157
81 124
50 61
111 185
69 140
18 177
181 239
0 184
175 184
92 145
4 74
172 219
27 154
48 212
152 229
5 206
16 170
58 204
124 232
218 222
56 199
6 170
2 234
16 120
249 161
34 95
89 208
134 137
44 102
94 242
79 141
52 136
122 165
247 155
39 205
0 132
0 245
216 248
27 197
91 137
113 231
28 73
221 240
38 244
3 211
41 56
176 209
83 165
76 97
225 230
172 206
220 247
4 213
77 223
55 101
166 171
89 168
33 123
48 113
93 178
93 95
61 156
30 53
108 172
81 118
134 168
