6 40
94 63
63 80
7 46
5 47
99 50
37 72
96 13
48 53
59 67
50 77
50 81
55 98
5 98
54 55
93 12
3 67
18 88
44 93
79 92
85 8
87 38
16 46
24 53
26 38
88 52
83 94
53 81
46 51
56 84
86 96
98 68
6 64
24 27
92 71
47 71
32 56
38 79
64 86
37 84
28 37
98 22
12 68
71 73
22 25
93 34
5 96
91 9
86 48
17 51
59 78
44 58
24 44
2 69
87 47
56 73
16 91
11 64
96 29
67 91
94 44
15 68
29 49
0 56
86 47
1 86
52 69
39 48
12 83
79 97
20 77
24 42
83 89
77 85
23 74
37 61
29 46
27 48
31 46
70 78
63 73
38 62
57 64
24 97
97 85
23 58
74 77
66 72
38 69
89 74
65 92
40 90
87 89
98 16
30 41
53 66
30 93
91 75
8 98
61 76
35 55
62 72
0 10
38 82
45 90
32 67
43 49
75 76
93 29
98 3
62 83
37 74
39 86
40 61
14 82
24 52
58 59
14 15
13 30
51 88
45 62
97 12
29 69
69 80
30 39
0 82
36 75
98 7
7 82
12 46
2 45
31 73
61 63
39 54
41 80
38 49
15 17
55 70
18 64
11 40
18 38
23 34
44 46
50 76
88 21
93 35
58 85
3 20
18 55
0 57
3 51
44 80
77 81
85 18
6 12
66 78
10 83
85 50
89 44
62 93
87 94
25 35
2 73
6 8
46 89
34 98
91 48
20 92
47 91
2 84
49 95
49 83
92 4
52 53
66 89
9 64
39 66
10 81
35 46
96 51
26 28
92 43
99 94
36 78
38 90
27 96
19 69
25 75
60 77
6 93
7 36
1 99
6 51
20 84
46 99
97 33
55 78
2 68
26 83
10 12
17 75
28 35
65 96
16 76
42 96
92 21
89 29
69 83
43 91
94 89
12 39
40 98
33 52
43 55
85 46
12 26
7 8
13 54
3 58
18 94
85 11
56 60
18 47
4 71
93 13
47 96
89 80
38 42
28 38
16 75
98 51
3 7
12 67
15 32
3 73
9 84
28 58
12 64
25 49
23 47
43 63
21 34
24 93
57 93
31 80
36 66
33 98
14 86
17 81
22 91
27 98
99 35
4 67
63 66
26 61
73 88
16 28
7 41
42 76
26 56
92 22
97 16
29 58
89 16
82 89
74 83
90 71
46 81
33 49
17 23
23 48
90 82
43 84
44 95
41 48
93 66
9 36
42 84
51 83
96 66
13 83
38 45
1 64
10 11
14 92
91 19
9 97
38 97
30 38
94 88
14 53
94 32
7 62
21 85
89 78
23 28
57 85
56 76
7 54
20 56
2 62
11 93
16 54
89 22
43 54
20 66
4 23
16 73
18 82
4 50
62 67
4 54
29 45
90 13
65 83
17 78
42 81
57 99
86 5
