53 134
104 121
82 145
55 164
36 179
64 134
248 230
122 246
12 31
128 193
172 181
69 121
105 229
72 207
249 69
23 24
214 217
99 150
68 95
34 216
2 100
50 157
25 86
56 82
90 147
54 176
5 25
68 113
155 188
141 216
120 212
67 129
24 148
22 65
77 154
12 71
3 104
176 198
120 204
19 42
1 10
211 242
35 139
175 182
85 183
73 213
215 235
5 98
64 91
39 204
217 242
175 190
36 172
175 233
242 112
78 128
184 224
133 215
73 204
182 202
44 192
106 139
95 232
59 215
90 189
26 78
19 80
95 233
42 52
82 95
249 135
157 196
35 118
200 221
107 194
39 125
12 168
44 134
21 136
66 218
102 205
80 153
92 145
51 92
74 226
50 71
46 71
99 164
144 228
175 245
114 163
21 209
43 92
28 77
53 121
190 235
27 194
8 76
26 148
65 123
63 93
196 220
73 135
131 210
33 44
174 199
137 215
46 171
37 142
60 211
206 217
21 125
53 78
3 58
79 87
46 217
103 129
123 246
16 64
45 123
135 166
154 178
29 42
242 55
137 202
223 235
2 202
114 116
32 152
36 59
150 233
47 135
138 146
59 61
18 206
245 166
247 161
169 184
1 17
31 209
249 236
5 35
41 88
215 241
162 209
221 235
3 152
50 144
32 111
163 224
148 227
120 195
1 160
114 120
39 160
205 208
24 207
112 148
89 249
39 157
82 185
14 240
140 151
112 179
106 209
106 124
244 225
30 57
242 143
103 242
33 146
154 202
35 140
74 92
21 221
164 187
85 229
245 208
80 227
152 175
11 137
127 138
146 220
144 194
149 153
87 178
5 208
22 45
247 191
67 160
97 202
99 105
90 164
52 228
133 222
15 246
116 120
88 185
119 234
69 89
108 160
103 226
105 140
119 203
150 219
41 46
243 83
9 132
19 181
43 149
2 55
74 149
127 174
36 102
34 190
10 147
14 119
68 92
70 169
244 146
42 74
96 154
59 150
92 176
29 194
33 164
242 26
143 243
242 44
52 114
79 235
5 100
172 188
244 76
59 208
26 150
97 115
4 120
46 162
41 73
52 189
68 139
246 75
24 245
77 147
192 232
102 155
45 214
147 179
153 175
102 114
25 48
57 174
232 242
70 131
55 219
248 88
58 130
12 115
92 105
32 222
199 227
157 183
139 171
56 199
195 226
104 208
67 174
102 131
115 156
73 122
95 197
87 199
148 164
206 236
76 155
39 81
84 191
43 163
73 83
169 176
41 136
132 181
139 170
74 227
171 210
184 223
148 188
155 184
28 234
150 206
101 118
173 210
55 109
123 247
117 213
56 73
174 236
62 192
118 171
74 131
75 133
195 201
22 99
61 134
65 198
249 149
191 220
48 149
75 180
245 183
12 86
19 177
55 144
22 164
84 211
249 8
8 129
191 219
103 189
38 103
21 181
170 235
143 202
21 214
91 115
95 168
113 209
52 210
90 244
16 143
20 106
114 145
34 148
181 226
242 235
88 136
84 177
246 31
86 150
94 201
6 77
15 83
49 208
93 207
87 93
84 193
9 151
162 195
60 181
15 171
104 107
18 234
183 190
67 216
42 243
124 177
40 223
127 167
91 158
67 173
109 145
223 225
34 202
10 30
105 197
64 158
61 167
64 78
97 192
223 242
18 139
11 217
116 240
83 115
140 171
56 179
120 136
111 225
96 158
1 95
43 161
125 155
244 126
126 231
81 106
29 129
25 161
4 216
14 82
118 246
160 198
69 193
60 162
11 74
186 203
85 150
1 163
141 144
56 108
99 183
98 202
48 64
0 154
4 129
121 199
191 218
65 132
62 211
67 246
147 208
75 89
59 182
63 143
8 178
175 234
105 187
55 142
63 116
52 87
59 192
196 232
36 154
144 229
109 112
26 66
32 93
78 122
136 200
98 151
81 140
53 90
86 163
3 108
219 223
173 218
105 180
136 190
20 140
201 232
6 53
34 159
246 137
247 227
61 152
150 153
7 127
117 136
8 22
91 104
13 201
213 243
6 75
171 209
53 57
15 190
22 228
49 170
113 143
97 149
13 59
57 81
26 30
144 163
48 195
75 213
44 223
1 35
154 248
51 180
165 244
13 69
243 153
244 58
36 219
33 174
104 235
20 138
115 136
70 158
49 162
125 160
246 136
226 243
5 121
113 119
147 233
56 169
131 170
67 148
19 111
100 219
248 190
205 221
24 86
22 216
111 223
171 174
52 119
36 202
118 191
5 141
20 22
119 242
30 96
8 43
125 240
70 120
8 233
13 74
86 167
109 203
73 200
49 241
213 224
181 198
76 86
46 187
247 234
66 198
84 119
158 208
245 130
93 97
12 224
46 227
15 72
77 168
5 214
51 195
19 218
1 132
95 194
248 99
76 84
65 220
98 228
99 216
130 221
23 201
4 8
92 142
22 168
242 53
62 176
52 156
29 151
103 172
4 200
152 207
144 248
85 162
47 69
71 184
75 170
246 124
99 160
3 130
226 234
161 213
99 228
14 249
100 167
39 75
45 97
246 138
4 248
145 178
126 183
38 224
51 118
182 230
6 7
143 219
96 117
113 168
20 145
101 129
45 88
69 153
210 231
100 117
12 44
55 99
27 216
65 163
0 21
73 128
65 221
198 211
187 238
95 213
11 213
5 31
39 223
10 120
7 136
76 219
104 175
51 53
125 210
9 89
54 133
33 229
105 156
127 170
78 228
16 110
39 73
50 231
83 245
110 137
208 219
187 201
77 237
52 222
22 131
23 235
4 29
44 182
107 150
26 103
145 209
72 235
46 107
26 165
126 186
79 127
107 114
26 56
131 244
19 35
25 171
11 149
64 118
1 169
59 137
141 187
162 198
85 246
119 169
20 84
72 157
31 243
42 104
120 148
3 114
201 244
151 246
203 219
245 131
244 111
31 175
132 150
12 179
90 193
12 38
37 170
117 244
34 150
24 70
217 220
12 61
114 182
7 117
91 159
88 237
11 94
7 236
31 182
40 243
28 215
48 191
49 143
243 139
172 236
71 145
247 217
54 201
135 150
12 46
92 161
99 143
242 124
198 234
27 222
83 236
127 162
62 129
123 192
173 188
70 138
48 212
15 75
75 214
146 170
80 100
125 156
105 222
44 116
64 152
87 155
55 149
24 25
92 213
65 196
148 193
193 235
12 85
192 233
190 215
113 223
248 212
102 193
2 104
87 246
81 194
245 19
248 6
84 124
141 219
244 140
186 190
240 243
157 179
177 249
161 193
26 110
183 240
54 93
7 58
36 216
169 235
4 28
134 219
63 210
62 82
152 157
202 236
4 81
48 85
70 126
1 74
72 92
27 117
144 209
9 154
5 136
76 201
229 244
33 154
18 241
170 220
249 91
34 96
13 217
105 155
171 236
134 244
114 126
70 82
97 99
7 8
132 149
20 132
243 158
62 197
130 232
135 218
148 198
55 183
127 211
39 190
23 40
2 244
171 221
10 105
15 41
11 163
29 200
49 207
249 38
37 52
122 231
44 149
125 221
85 125
8 152
116 152
114 235
90 182
56 203
109 233
208 249
16 127
97 135
12 112
20 142
2 51
10 45
24 92
8 60
247 96
191 204
37 231
44 70
61 93
57 146
65 222
170 191
0 60
137 142
134 142
132 143
5 139
7 156
127 166
203 218
82 205
133 219
31 50
88 162
10 59
17 119
88 135
103 199
245 40
236 241
4 231
1 245
36 173
96 99
35 180
86 197
170 187
56 84
196 214
16 161
54 104
55 240
54 95
156 210
25 239
113 166
75 97
217 236
70 200
94 105
100 249
237 242
138 226
37 137
173 234
69 107
127 209
30 34
18 213
121 187
92 163
52 99
179 184
41 238
19 34
119 221
132 155
194 225
92 239
27 50
36 235
11 195
55 127
19 92
121 180
101 107
4 224
64 182
80 188
186 191
15 166
166 212
65 74
83 84
159 161
247 82
246 94
89 125
67 180
70 199
77 196
108 187
54 105
78 93
42 77
32 182
3 197
179 208
117 158
89 201
24 228
14 59
30 80
79 242
127 199
97 194
28 98
246 130
6 249
90 210
187 188
34 180
11 30
145 160
117 161
16 194
53 203
61 215
78 109
11 143
80 225
131 142
166 238
39 191
159 222
204 235
91 114
88 125
124 126
37 81
186 195
118 160
53 211
163 195
234 240
84 165
116 187
20 186
83 213
244 121
197 224
155 159
85 200
244 80
73 119
84 225
116 188
97 236
53 130
141 237
15 183
50 158
169 205
175 204
220 229
177 228
24 168
21 52
95 106
128 196
143 201
194 223
245 25
89 187
178 236
56 176
93 119
33 166
162 222
50 224
21 31
182 191
42 202
96 140
244 73
52 236
171 176
26 70
121 166
17 247
59 143
218 246
78 219
90 188
76 206
53 223
205 239
10 46
76 104
248 25
44 124
147 158
60 62
129 176
57 121
33 55
205 220
13 193
42 53
120 173
82 91
19 36
13 29
150 157
105 233
104 153
70 81
25 206
70 124
19 89
152 167
110 189
242 9
74 176
40 59
76 242
156 164
92 121
96 165
71 82
245 227
4 188
108 239
245 217
214 226
148 240
55 64
62 209
49 221
30 44
67 225
44 49
167 198
33 107
65 113
35 97
31 183
184 234
36 128
20 50
175 202
38 58
5 230
135 219
5 61
53 192
64 153
183 194
10 164
73 94
2 56
90 248
166 177
39 212
73 182
20 105
50 149
150 229
200 203
72 201
248 109
247 98
59 120
107 123
117 153
103 197
144 170
124 193
87 90
110 116
151 154
155 209
154 160
29 180
25 233
247 166
248 215
151 204
147 152
10 28
145 189
69 177
116 144
8 198
15 82
56 212
123 176
9 107
54 138
3 223
35 248
94 156
50 217
20 136
34 95
215 240
54 161
22 56
190 241
93 111
15 206
3 159
184 201
170 214
155 234
24 39
12 51
249 105
76 174
78 189
50 212
147 215
58 249
61 170
92 219
248 166
21 239
244 209
57 77
40 166
112 149
249 222
117 181
51 133
75 104
143 237
137 188
20 51
127 161
14 62
18 228
197 244
57 151
5 17
26 87
147 198
61 216
35 45
154 185
43 206
126 185
93 245
93 174
39 222
135 243
19 131
2 215
1 59
80 158
94 202
147 216
79 82
93 115
20 226
37 222
90 162
58 178
95 130
63 123
32 127
79 151
208 238
87 161
38 244
246 25
91 228
22 175
163 197
35 202
67 146
139 216
42 168
242 56
7 82
127 189
9 162
2 183
245 139
34 90
151 171
121 133
3 106
173 237
109 142
46 181
55 200
163 172
50 86
18 22
244 29
34 84
59 133
247 10
52 168
16 51
184 187
42 154
43 102
130 188
125 200
7 214
26 35
84 218
1 93
14 89
58 148
87 185
118 176
191 194
74 190
26 179
20 189
154 156
206 247
36 167
103 164
246 140
201 249
96 161
246 11
12 181
107 166
37 99
24 105
114 241
82 109
163 192
51 91
54 136
233 238
53 123
87 115
18 149
104 207
72 118
42 232
94 223
26 230
150 152
166 208
96 203
183 244
147 161
105 178
203 243
183 210
119 173
154 210
52 85
41 159
135 184
11 56
26 111
243 39
65 112
84 105
35 212
38 104
63 160
242 17
144 211
247 72
50 143
19 215
27 46
70 111
142 211
11 90
4 213
172 182
9 225
89 174
0 128
29 108
61 82
105 128
194 196
151 191
81 135
58 95
3 109
104 241
173 238
245 36
111 154
133 193
164 186
185 198
69 101
137 223
60 164
10 133
157 170
76 82
34 139
56 94
98 145
2 165
162 163
136 146
242 46
210 214
0 172
110 219
9 57
49 89
99 196
109 144
185 241
115 211
125 247
102 184
80 97
47 125
70 204
73 145
157 189
47 121
100 150
245 188
28 126
162 179
67 140
62 94
242 161
55 166
42 215
5 127
17 49
244 63
128 228
6 231
78 116
91 239
82 132
20 160
22 32
71 169
247 19
187 235
73 126
37 179
107 157
125 189
72 204
198 205
158 179
10 184
13 232
146 197
152 168
4 145
36 45
82 89
42 114
61 105
151 155
169 224
96 127
245 150
247 143
8 134
94 168
15 126
125 233
186 238
71 213
13 140
76 204
25 62
15 136
21 215
191 206
240 247
3 247
81 126
114 191
47 196
103 246
175 188
89 117
51 93
167 238
153 218
0 246
122 237
176 204
152 246
56 97
249 72
21 36
15 174
79 119
123 212
127 245
161 201
118 167
106 207
19 81
130 238
113 185
68 171
17 98
33 68
65 86
205 237
78 98
23 154
37 206
93 196
249 225
208 230
45 200
4 160
179 201
17 189
242 201
166 243
2 53
66 95
67 150
210 242
182 231
130 133
72 107
40 175
135 196
181 205
144 183
191 211
177 247
100 214
94 178
23 142
39 201
119 123
244 88
121 125
29 132
39 193
67 210
68 175
115 121
41 50
170 237
110 182
248 211
71 101
13 129
3 64
54 182
179 188
3 190
106 142
32 159
177 206
42 96
112 159
116 132
58 223
33 89
141 154
245 149
136 143
65 172
249 36
148 167
45 138
12 136
164 202
96 182
60 119
79 221
26 124
152 183
35 44
52 61
72 239
47 116
51 119
49 246
22 49
6 20
5 50
21 156
35 120
42 144
214 244
169 232
52 153
139 242
179 187
125 220
48 165
55 118
0 121
30 121
221 246
44 207
7 51
69 197
142 167
154 191
71 150
61 206
39 106
40 180
175 193
30 61
180 192
164 224
131 194
45 183
20 38
14 107
31 196
7 98
225 246
246 186
188 237
188 221
17 214
44 99
63 236
57 173
105 236
0 103
29 81
151 194
242 160
139 190
242 132
139 244
146 175
121 188
154 196
61 223
66 125
121 142
58 184
50 218
1 60
95 203
172 211
50 101
244 156
120 171
5 42
65 185
14 56
243 236
32 245
52 161
110 209
5 240
151 231
100 205
89 179
61 205
242 192
70 156
118 172
107 139
44 66
55 162
142 244
89 104
243 37
95 185
72 199
93 150
15 242
74 124
123 142
44 197
245 106
13 176
0 87
108 171
71 229
193 224
56 183
191 233
43 106
184 193
17 156
4 34
127 155
48 57
52 60
64 135
249 212
205 246
18 172
45 196
158 163
33 47
26 221
23 50
47 83
41 144
29 202
17 78
189 245
55 210
182 248
157 190
69 104
186 242
51 76
153 197
23 79
243 22
65 126
14 77
91 223
98 232
154 219
67 90
79 80
179 230
44 117
73 220
8 206
7 48
46 153
11 60
44 84
82 217
91 236
94 192
82 208
12 175
227 235
80 102
131 139
27 38
79 184
101 177
152 179
20 123
83 230
167 241
96 112
148 163
188 192
35 51
144 158
60 179
48 205
62 133
51 125
106 147
5 179
4 59
68 157
248 118
43 101
42 142
114 210
81 86
157 172
248 209
248 37
183 202
243 224
172 217
35 49
4 208
109 218
104 231
59 87
166 198
58 161
76 176
79 191
49 135
2 131
36 211
248 117
47 190
246 161
66 99
85 242
61 153
103 130
248 139
145 159
164 242
25 89
248 221
32 240
0 202
248 202
164 203
84 226
18 196
90 176
99 224
128 221
249 139
58 237
42 167
145 206
108 151
140 199
2 197
106 191
29 105
244 102
242 62
96 194
12 129
1 113
230 242
108 156
17 59
177 178
125 209
178 193
26 32
9 240
189 193
245 5
95 240
17 60
59 71
41 115
16 68
222 236
132 233
155 247
46 175
40 247
49 169
143 223
118 127
145 188
19 151
138 212
42 149
31 168
246 52
27 248
129 239
136 174
40 173
243 46
132 224
5 160
26 141
134 201
97 161
146 186
100 211
165 243
26 184
244 19
72 222
70 193
33 242
90 218
6 226
27 235
26 188
83 217
187 233
43 174
2 111
31 91
39 131
80 116
246 183
170 218
44 52
109 173
33 248
33 173
40 128
159 196
132 214
147 160
24 172
64 66
87 114
152 172
94 199
39 218
14 96
71 205
89 144
118 238
95 97
39 245
131 183
100 147
205 211
23 207
74 133
90 95
77 241
30 248
59 213
3 207
28 131
126 206
61 64
34 106
71 133
190 207
175 180
101 103
7 244
20 203
53 86
5 62
40 201
134 145
56 178
11 172
15 100
15 187
5 15
129 164
246 10
163 201
112 234
7 233
92 206
132 168
142 224
170 172
242 108
85 97
16 46
5 196
245 184
168 249
48 134
73 133
221 227
29 219
16 86
220 235
85 187
44 198
84 107
130 138
101 155
1 226
188 248
14 18
242 99
8 189
4 64
177 222
111 129
67 142
142 171
35 208
149 160
2 36
67 118
20 245
56 129
10 225
8 143
49 204
155 227
1 208
143 213
247 233
21 153
52 191
37 54
151 170
244 234
77 163
56 240
52 66
22 238
69 180
83 182
42 73
129 225
1 140
78 163
188 195
26 197
25 84
75 202
59 126
29 112
147 163
135 200
137 207
126 168
82 155
33 153
200 208
122 233
106 148
213 235
6 244
93 166
61 85
236 237
78 147
204 216
2 218
44 62
104 232
14 78
246 18
249 134
202 226
20 52
162 241
12 170
55 216
84 206
243 152
43 80
146 156
1 16
149 239
27 125
154 167
197 231
95 124
56 186
128 175
134 135
46 140
80 146
42 141
113 167
87 223
202 211
157 167
14 88
58 137
133 199
72 97
156 196
180 245
106 235
57 149
247 56
242 42
67 121
58 90
210 219
78 125
10 34
80 233
126 221
23 205
103 159
96 151
6 119
17 86
97 125
11 59
0 239
22 30
94 142
41 134
108 112
118 209
99 159
11 87
36 124
120 218
155 171
165 177
48 201
3 185
245 207
16 138
174 205
65 116
38 121
153 168
10 56
74 217
107 122
49 107
198 233
6 154
74 189
69 120
56 158
225 241
61 171
198 203
26 63
207 215
32 146
101 146
45 242
13 53
40 181
189 226
72 240
95 116
2 94
161 226
36 248
29 126
74 121
243 127
242 175
59 105
94 229
5 165
32 38
1 204
36 69
47 156
45 71
56 128
69 85
244 245
94 244
21 131
112 174
161 189
103 244
182 199
60 72
108 147
35 209
249 24
92 146
65 88
244 50
24 150
28 73
1 55
76 110
2 74
35 69
38 126
242 72
45 144
114 133
112 244
141 169
2 148
73 96
140 165
51 182
104 227
29 37
146 245
25 80
105 147
139 197
69 160
52 177
145 215
189 236
151 175
132 153
156 228
27 47
108 226
57 122
78 91
24 248
108 185
113 241
90 178
78 94
46 88
249 160
103 155
29 227
128 174
95 128
59 106
174 190
52 165
68 126
116 189
75 197
97 240
45 129
123 165
35 186
119 159
95 170
124 235
45 220
147 165
64 232
24 134
248 113
4 205
172 225
28 223
22 234
203 230
41 90
117 228
7 175
3 96
85 170
138 245
243 225
2 22
225 238
209 220
155 214
5 155
202 223
92 168
47 158
59 219
29 124
222 235
73 151
242 127
4 24
174 238
245 76
104 129
60 143
18 151
168 226
242 110
75 157
109 224
243 14
144 242
174 207
8 96
99 137
55 234
243 218
11 27
45 153
41 84
15 59
181 193
188 235
225 235
4 187
229 235
124 133
13 216
38 139
78 127
169 193
179 180
92 148
199 224
115 127
28 211
20 233
39 221
45 186
37 162
80 183
193 240
75 227
163 205
47 240
187 199
72 231
244 59
129 207
131 150
19 182
3 82
32 100
167 215
91 232
26 39
67 136
118 219
48 71
223 230
147 210
226 245
126 238
81 118
43 244
247 237
244 115
135 180
44 142
62 184
27 65
187 236
249 86
152 193
116 118
113 127
109 185
82 152
128 141
115 193
190 225
47 61
145 203
15 24
57 66
41 153
91 176
75 156
205 244
59 146
45 148
128 170
103 222
123 218
80 166
194 201
3 221
244 101
44 111
131 152
33 91
48 231
31 227
84 98
156 248
228 238
122 223
249 95
11 39
28 30
186 187
248 57
105 135
93 228
66 165
13 14
13 40
74 174
80 138
80 234
80 213
106 202
22 181
243 80
125 239
168 248
183 219
246 213
10 226
35 243
3 102
175 205
121 179
52 152
28 132
39 42
76 138
83 98
10 12
176 187
52 84
72 208
136 150
184 212
54 232
177 243
74 110
104 163
19 38
162 173
173 231
107 141
128 234
26 61
115 237
36 82
186 243
33 238
156 216
102 172
133 189
153 231
127 159
16 178
38 211
53 212
109 137
50 55
133 235
113 227
72 98
29 106
40 213
33 34
14 25
21 139
149 183
243 220
130 239
185 234
45 184
155 163
20 53
26 236
163 241
132 229
79 137
25 94
16 233
35 188
102 218
21 135
1 77
95 182
19 211
35 183
70 212
96 196
82 104
48 95
118 180
121 135
208 241
233 243
56 221
104 115
247 244
18 150
110 111
60 149
8 45
24 130
16 231
136 195
32 248
94 242
51 73
147 153
52 217
151 187
11 69
106 240
112 150
98 225
85 141
248 201
122 227
13 157
56 121
113 202
73 75
76 162
66 210
159 204
1 15
219 242
114 130
7 172
48 184
59 245
81 157
25 28
3 235
129 152
47 197
138 175
76 200
21 161
107 202
107 210
167 179
80 136
37 215
54 228
194 247
11 153
153 193
152 235
119 139
9 31
92 189
245 121
244 141
147 209
154 223
83 164
88 144
106 151
139 240
95 231
126 169
1 14
136 199
247 132
135 188
142 149
242 102
121 151
30 141
131 224
140 160
138 158
132 141
166 189
197 216
113 128
75 186
29 246
249 34
45 135
4 237
188 197
65 192
81 182
118 140
41 248
202 233
111 215
17 145
113 117
3 210
91 161
99 244
162 203
36 214
108 245
36 181
55 106
247 22
53 164
36 207
121 197
217 223
41 76
113 118
179 248
114 179
63 165
39 74
243 126
94 226
50 63
38 185
107 145
4 12
115 235
69 174
174 214
172 196
59 76
40 115
24 151
201 213
144 164
103 113
217 219
112 223
130 212
237 246
94 136
0 186
36 229
115 132
168 198
119 153
43 243
22 160
242 178
108 127
43 155
133 221
116 234
144 168
8 164
34 115
42 206
1 96
186 194
33 52
245 11
150 201
64 160
7 91
6 8
49 214
1 230
11 105
90 100
173 184
174 181
56 68
1 241
168 169
2 81
15 120
168 214
134 221
21 236
150 178
62 104
6 108
128 147
37 94
125 138
127 185
183 217
248 29
83 194
14 73
55 112
1 72
123 124
39 99
234 235
89 139
134 216
88 148
5 226
59 117
183 226
19 85
99 180
99 182
26 117
52 234
137 184
103 111
100 130
86 240
22 79
223 239
38 159
59 229
218 233
96 226
123 135
95 171
42 220
12 23
143 193
178 225
179 240
163 204
93 208
10 236
72 224
62 175
169 227
48 225
43 51
249 156
56 239
76 210
66 169
37 242
124 231
183 233
50 236
66 98
215 245
46 167
122 172
6 116
48 121
226 238
153 206
20 166
0 231
244 54
59 186
83 86
18 81
9 101
164 201
50 133
122 178
31 145
48 180
9 20
104 242
61 237
93 177
36 220
11 16
108 177
57 60
171 186
246 128
170 231
216 227
0 237
159 247
187 193
54 249
21 205
25 193
24 182
41 189
13 141
85 233
95 205
192 218
16 169
248 104
138 203
73 205
86 124
152 153
94 99
244 70
22 227
56 146
160 215
154 214
85 194
81 137
99 194
34 238
96 101
81 231
55 76
26 215
74 75
120 132
35 198
162 187
141 221
78 82
58 247
38 161
156 163
88 194
95 147
12 106
218 228
64 231
42 175
49 105
147 171
15 152
72 152
244 148
242 147
41 169
51 239
46 124
153 249
9 35
134 246
109 153
113 174
154 192
74 191
242 67
117 160
161 198
245 75
174 218
30 73
76 248
93 185
13 104
16 230
185 191
15 227
7 169
198 202
156 177
37 195
158 165
201 236
246 35
44 244
191 205
132 234
8 132
111 118
126 222
37 121
91 222
195 231
35 178
72 80
230 237
96 187
192 246
18 90
121 122
94 233
83 215
248 51
88 171
31 83
84 237
245 220
178 238
71 76
63 82
112 154
244 72
26 227
38 202
106 172
122 149
5 147
46 66
245 162
18 227
109 149
237 248
42 241
107 247
75 148
10 144
101 154
47 179
57 129
86 115
23 196
88 232
149 247
136 167
52 235
165 230
59 141
24 159
61 111
44 125
79 246
165 173
30 144
135 190
125 215
101 120
153 194
68 162
118 204
246 153
66 115
246 33
36 78
21 178
62 139
58 235
149 168
33 131
39 61
20 77
40 137
22 73
244 167
195 218
245 38
247 5
195 244
26 246
41 79
37 201
17 206
83 87
22 29
115 177
14 51
54 155
103 183
161 224
28 36
3 170
246 210
242 98
74 175
118 226
135 211
63 146
14 229
6 166
153 165
54 188
32 136
28 185
12 113
180 186
55 56
145 194
36 190
29 201
56 60
94 165
144 150
3 69
112 138
14 218
38 81
59 206
62 149
30 139
7 126
44 87
157 195
243 104
1 106
58 226
175 184
68 72
143 211
105 203
19 26
145 217
121 221
50 172
35 75
76 224
103 207
246 81
235 237
29 184
17 212
15 118
44 171
5 137
190 237
11 216
74 218
244 130
159 209
64 229
220 244
37 168
189 219
40 97
127 180
41 211
102 175
248 199
92 100
77 162
174 209
75 164
52 205
94 135
169 194
19 186
104 145
153 157
175 239
59 112
70 73
101 175
39 195
2 73
162 196
27 80
242 214
18 127
102 177
25 27
7 103
196 215
37 129
61 98
1 45
7 220
179 211
59 67
68 236
149 234
98 119
141 168
24 75
110 216
19 29
121 234
102 246
14 187
71 203
122 183
116 190
221 240
31 234
10 234
86 120
70 140
68 166
155 215
249 22
97 203
20 232
37 182
20 164
108 161
29 209
106 201
84 154
149 173
103 116
51 155
0 135
103 104
15 95
83 198
101 240
42 234
27 164
64 222
174 193
89 126
2 66
81 171
173 249
75 207
92 93
6 213
159 216
122 198
12 99
51 165
85 87
89 211
164 218
36 118
65 242
8 195
193 212
77 112
176 240
14 225
180 190
50 96
80 173
123 245
61 233
62 231
175 198
207 249
83 94
224 225
10 63
48 66
92 215
79 155
112 220
24 183
183 231
103 153
106 206
155 160
134 139
49 101
127 197
53 216
198 222
63 227
79 227
68 214
130 204
130 160
70 229
56 75
111 202
0 41
91 162
36 52
130 243
97 126
32 72
9 158
46 99
102 232
86 106
143 162
34 102
97 193
146 249
163 175
140 167
248 222
53 81
95 133
114 183
23 94
181 229
46 160
153 207
83 165
80 90
242 121
142 204
19 242
49 148
114 175
35 125
60 245
147 249
160 182
136 214
94 147
207 236
193 194
69 240
93 120
249 3
126 141
131 159
103 149
61 81
88 187
95 201
63 105
1 232
76 152
125 225
43 247
134 147
55 95
170 222
64 236
108 168
105 130
81 129
127 248
56 101
60 204
44 222
48 158
58 232
248 93
249 128
18 113
44 233
62 181
125 229
87 189
25 174
92 147
39 82
64 94
26 229
25 198
8 203
113 142
111 182
212 236
217 237
85 108
242 133
172 230
235 244
249 129
111 189
45 207
32 211
15 134
148 160
95 111
118 181
40 194
2 79
96 106
249 191
18 110
112 171
140 207
77 103
28 37
77 145
126 226
27 207
99 241
26 162
114 119
51 183
113 237
145 211
34 93
128 241
110 162
114 186
2 132
15 58
5 18
137 244
54 78
149 240
203 238
21 199
108 162
107 217
95 219
5 149
52 111
127 137
229 233
94 175
12 81
83 122
1 109
242 128
141 145
146 178
113 172
115 169
119 141
76 95
119 214
94 163
206 239
27 89
247 11
50 62
194 249
243 114
31 213
83 219
198 199
194 228
249 132
41 94
195 233
242 146
99 239
19 142
102 127
28 165
61 107
95 105
13 212
50 77
92 187
98 176
17 54
138 164
61 201
26 237
100 230
130 190
75 119
12 162
27 160
23 152
114 223
34 163
20 224
243 84
161 188
113 161
36 186
16 157
169 197
4 184
149 206
154 207
79 166
101 182
62 132
109 232
58 147
204 205
144 216
146 183
36 193
43 175
41 226
79 234
43 103
81 101
48 55
6 191
91 98
96 225
22 185
93 206
31 237
21 126
51 245
177 215
35 174
24 155
99 231
161 179
41 146
168 235
29 140
88 174
160 197
98 132
10 54
68 193
25 55
54 129
9 243
14 192
230 231
173 224
97 195
23 172
36 178
36 76
106 160
156 174
123 186
25 242
59 167
7 170
154 165
40 107
185 187
50 116
5 145
209 226
202 212
242 135
29 142
102 198
127 241
103 117
11 19
81 91
167 202
8 222
249 143
66 87
27 108
179 228
96 98
56 236
63 130
132 187
95 125
10 156
13 166
126 216
62 68
30 224
167 194
44 190
39 53
110 233
246 172
155 192
156 246
74 147
5 60
180 204
69 158
24 85
12 146
242 58
17 106
27 147
76 239
27 41
52 207
128 227
79 210
5 71
6 68
185 221
188 232
60 163
32 161
56 220
167 222
57 142
246 34
15 142
48 143
47 233
32 223
123 232
84 240
4 85
44 83
91 131
92 137
160 222
18 20
86 102
51 114
180 183
54 216
3 172
210 223
70 249
32 167
26 138
10 100
99 170
163 189
168 185
152 233
42 169
71 221
2 120
242 20
121 170
84 92
145 227
170 229
5 106
38 133
136 229
23 163
130 200
14 157
162 193
197 221
10 26
42 225
62 99
155 179
36 86
93 153
156 165
197 236
32 67
35 96
64 122
59 207
127 230
23 190
8 144
40 192
10 108
34 117
76 205
39 174
89 148
121 169
132 146
67 206
90 191
132 219
73 241
41 227
133 237
25 247
197 232
12 131
248 228
199 226
242 172
171 173
93 146
60 239
161 197
244 144
78 242
2 156
17 134
1 9
119 192
44 113
11 223
36 41
182 203
97 158
140 142
114 216
175 246
51 213
70 187
183 232
112 141
77 207
113 135
65 125
110 168
122 214
50 125
33 175
42 124
24 48
99 106
87 124
55 77
57 91
9 22
212 225
77 169
247 242
199 201
151 222
189 209
239 249
12 13
136 138
109 179
17 188
129 196
146 231
120 193
197 201
15 182
14 161
2 123
80 237
168 236
39 144
199 216
96 208
248 219
99 163
125 159
141 196
114 137
102 122
160 186
33 159
100 190
49 191
171 197
13 46
222 223
201 219
81 179
69 210
81 226
99 174
81 197
114 244
64 93
110 178
247 156
19 119
26 120
15 67
88 241
30 209
57 193
248 194
12 203
85 122
247 225
119 154
32 190
72 93
111 249
16 109
70 228
2 98
152 229
119 150
14 129
54 103
188 191
199 243
247 26
144 196
243 215
62 188
40 163
3 177
245 35
238 241
96 249
60 75
75 206
178 245
69 92
14 139
51 85
84 118
7 38
87 167
169 229
142 239
1 31
127 215
78 133
228 229
88 233
4 78
57 74
54 89
54 70
94 235
28 75
243 94
169 230
144 247
17 198
26 158
162 199
127 150
45 60
47 120
11 14
74 148
33 115
132 190
93 140
198 212
143 144
112 191
162 191
137 198
114 226
38 110
178 197
98 127
22 192
110 176
247 142
162 244
118 169
243 88
196 236
84 179
43 181
63 232
94 102
22 147
50 159
202 227
120 200
64 112
109 124
125 214
97 231
42 128
32 215
57 206
190 203
41 61
77 120
80 91
107 111
29 131
33 188
24 197
158 236
76 111
44 201
168 176
244 145
5 69
230 249
106 185
0 73
0 196
81 130
167 249
158 216
9 227
97 105
15 125
77 157
132 171
57 147
10 129
9 74
19 229
73 210
164 168
19 159
155 226
9 13
23 82
29 193
68 128
29 119
163 178
100 131
59 94
59 217
24 132
30 219
96 147
145 174
234 239
39 66
126 197
221 238
19 114
36 51
0 68
64 120
150 239
31 39
2 37
62 97
31 242
53 89
24 81
33 145
148 228
164 220
113 122
18 193
12 246
80 106
65 147
245 92
31 197
57 103
21 107
247 81
170 249
148 215
11 122
64 81
26 171
70 77
56 217
197 237
145 229
137 243
112 176
5 104
46 108
114 245
167 195
52 215
36 213
20 100
66 213
99 173
22 74
33 79
147 205
67 157
243 79
119 184
50 209
80 103
161 245
0 165
182 196
75 117
66 130
72 114
2 161
51 99
96 141
185 190
34 244
130 217
91 210
18 57
66 206
26 161
47 245
123 185
88 236
1 33
85 205
33 191
89 242
25 132
55 86
8 246
204 207
133 236
34 46
120 123
127 128
15 68
177 213
23 248
109 244
25 167
27 100
15 223
162 189
13 225
246 165
76 225
33 187
84 245
189 192
21 39
181 244
3 122
31 136
13 206
204 226
65 81
2 40
151 199
112 184
246 168
11 182
26 91
22 50
77 209
59 108
113 157
93 217
73 216
242 10
84 212
129 228
247 139
49 147
126 175
242 156
45 160
71 109
12 151
189 227
119 168
174 235
19 51
14 165
144 233
27 136
17 152
21 96
26 145
92 182
96 233
148 224
48 245
235 246
142 175
22 85
18 44
195 199
243 97
142 207
4 212
2 147
99 148
10 230
92 226
95 127
1 83
122 130
206 224
7 219
157 188
171 219
26 235
56 112
121 226
162 234
93 194
85 95
29 232
248 148
30 233
88 190
57 160
93 175
26 74
237 249
95 204
58 118
247 4
112 240
54 76
103 131
115 165
89 96
125 222
25 69
92 114
88 227
25 78
7 68
51 88
13 149
117 138
104 192
159 191
35 110
249 51
196 223
53 84
75 235
87 224
104 202
179 198
246 188
81 122
14 234
60 213
17 39
174 228
100 166
114 247
50 95
68 174
100 240
33 160
166 168
4 25
91 140
243 34
31 90
6 18
68 87
0 58
74 129
95 238
141 159
60 184
75 159
47 173
21 187
154 218
96 132
36 74
22 214
22 172
13 84
77 110
30 39
87 122
14 80
22 114
175 243
32 231
9 56
67 101
163 235
31 199
206 215
129 155
25 32
53 226
243 98
152 170
129 218
17 35
145 180
178 224
33 234
72 175
82 86
42 120
160 245
34 229
72 179
41 95
98 236
246 98
20 183
2 20
53 139
30 173
11 100
73 99
107 115
50 203
24 189
49 63
110 229
99 103
85 168
118 240
55 126
40 146
18 138
240 249
65 205
47 95
81 214
238 245
171 224
17 235
48 142
0 105
50 197
122 213
55 153
247 91
21 216
53 127
94 210
141 176
42 159
184 235
135 237
63 142
123 179
27 198
83 170
4 219
103 205
76 131
95 183
8 121
113 140
54 143
172 249
28 125
49 181
92 224
58 170
33 228
94 232
140 221
149 230
243 206
202 214
93 246
89 152
116 155
119 133
27 143
84 228
34 170
38 165
135 162
60 96
56 103
164 172
115 147
93 133
70 125
55 195
247 202
130 182
216 234
112 243
45 229
13 66
36 125
53 158
96 110
82 203
91 235
176 236
82 88
100 157
31 188
126 137
12 213
59 170
133 182
34 92
39 69
247 176
17 95
10 104
93 221
79 104
16 69
10 193
242 163
25 244
28 188
244 4
151 180
149 210
154 158
3 47
70 227
67 86
20 80
36 240
22 203
189 205
149 219
8 13
41 74
98 172
0 95
173 197
185 192
57 158
174 246
63 234
82 141
47 49
150 208
192 209
50 189
77 109
85 193
105 245
160 185
52 71
161 216
50 156
186 236
93 181
129 142
87 217
33 195
247 134
14 182
8 183
72 229
50 81
38 210
16 23
16 200
15 184
41 158
52 68
26 65
48 234
5 13
82 127
82 135
36 83
36 218
174 179
193 228
39 216
19 163
13 205
142 215
145 220
63 127
148 230
24 233
83 226
14 136
118 218
29 170
181 211
41 72
71 173
4 192
118 182
175 181
196 238
243 102
116 149
38 66
106 223
0 129
69 183
36 46
128 176
152 181
119 216
158 171
249 101
198 239
78 141
138 243
32 86
34 44
25 172
23 178
33 78
29 78
41 206
9 120
44 241
151 210
122 164
111 234
9 224
1 151
108 211
25 125
125 143
23 113
160 191
126 248
243 161
58 128
65 159
12 75
80 239
0 85
98 146
103 191
2 129
62 177
15 172
64 183
24 120
7 237
58 219
127 218
97 104
39 135
42 193
20 54
38 171
138 205
9 50
79 215
4 36
15 186
6 86
132 209
114 200
131 186
243 21
80 155
134 238
7 160
40 90
101 148
125 130
154 179
82 97
126 228
97 235
242 130
29 181
180 215
204 210
30 167
37 41
34 79
77 218
18 217
7 64
224 229
78 152
244 46
45 98
66 107
90 198
8 168
228 236
108 132
8 44
51 77
56 168
92 173
98 137
124 249
100 228
30 195
144 218
243 202
9 133
113 219
78 226
39 146
20 89
79 238
38 207
38 50
44 154
83 232
33 219
209 211
247 64
137 197
52 209
218 229
110 179
73 138
9 143
4 198
121 145
30 230
62 225
135 222
58 97
34 63
110 247
76 247
200 202
22 244
39 142
121 139
31 177
51 171
60 67
7 189
248 164
120 169
158 248
0 80
3 219
44 232
8 55
31 67
82 190
35 73
49 75
175 179
133 143
35 237
137 216
46 97
244 120
184 188
245 198
14 198
19 165
12 221
86 93
245 98
101 176
4 30
170 227
93 173
89 195
58 82
15 215
43 105
181 238
30 164
8 113
119 143
248 163
60 83
68 150
21 180
94 227
65 130
39 200
110 146
58 246
60 247
27 237
46 145
37 192
42 205
167 209
27 166
40 190
247 126
64 196
27 67
1 138
86 180
85 154
190 236
63 103
183 224
9 156
56 115
35 126
82 106
60 193
102 231
71 92
178 244
139 232
85 105
44 189
141 157
75 174
2 172
141 239
103 185
34 122
55 103
160 180
35 159
189 208
248 121
18 98
103 176
15 31
4 115
8 196
81 245
136 173
172 190
107 237
181 218
18 229
75 228
92 175
70 151
20 163
143 152
28 46
23 245
5 167
245 69
13 114
28 177
77 130
57 157
91 177
247 158
120 232
81 189
144 185
179 213
74 96
192 195
53 112
133 188
182 209
99 190
248 119
69 237
170 240
32 135
19 73
87 233
133 147
36 191
46 68
43 210
110 115
245 79
3 141
245 204
119 181
42 54
119 193
78 80
30 94
72 144
138 230
2 159
111 207
38 226
17 154
125 133
90 172
18 78
77 232
131 187
72 218
47 86
41 62
105 108
96 104
21 90
30 229
115 164
106 173
130 176
33 42
75 145
120 223
56 86
58 169
129 245
74 100
3 184
55 83
121 219
243 140
64 175
39 130
70 152
75 139
39 43
79 222
16 106
54 245
44 103
168 171
54 68
12 79
21 64
57 75
0 117
26 42
172 233
41 132
209 237
242 177
113 234
59 99
69 227
19 239
89 248
148 175
201 220
43 142
52 212
170 243
226 242
46 63
206 226
28 117
24 190
94 148
249 182
140 220
33 124
60 88
42 160
158 237
126 218
153 224
244 217
42 226
82 199
28 233
6 117
67 164
183 238
87 229
28 65
18 62
59 98
210 227
242 51
176 214
138 202
54 173
13 233
9 127
77 228
81 99
10 174
176 215
242 150
100 217
67 98
54 119
97 156
146 213
60 241
152 160
33 133
126 198
15 103
49 223
27 34
76 91
136 204
6 189
35 52
19 123
167 207
111 227
38 205
95 247
186 192
140 225
6 168
9 161
3 138
113 160
58 193
249 155
69 170
107 124
191 227
60 189
196 213
164 226
17 68
125 178
99 123
22 169
21 51
116 194
68 229
55 122
43 144
6 203
113 215
29 70
3 27
21 193
4 222
30 109
29 88
9 75
80 82
24 80
119 185
248 39
56 185
137 219
234 238
106 211
172 215
210 232
81 138
64 245
36 215
27 180
1 62
14 116
2 18
66 219
30 99
68 191
32 117
24 199
109 163
5 201
84 108
116 131
141 172
42 126
127 160
62 179
76 79
137 203
140 239
98 147
109 228
124 157
6 139
159 245
222 232
138 206
33 171
55 98
113 164
9 213
85 209
106 180
4 14
246 180
113 130
2 90
6 82
41 176
244 8
166 220
114 239
41 180
51 65
133 224
229 232
43 138
116 168
106 247
194 239
63 237
39 202
82 133
244 212
57 145
135 189
165 214
244 173
70 135
11 132
132 185
130 135
25 202
5 232
26 180
160 173
0 247
120 196
30 216
22 193
243 167
61 78
85 128
24 181
29 49
43 96
26 51
52 58
6 59
66 235
78 103
111 177
34 213
62 210
115 203
42 157
59 153
124 210
6 240
105 127
38 68
170 209
201 214
12 196
140 205
84 249
111 181
240 245
102 187
24 195
101 212
88 238
36 234
18 204
201 206
97 116
110 123
176 188
22 166
4 46
36 195
103 106
249 232
90 110
104 195
38 153
89 122
112 193
242 36
11 118
110 198
119 204
2 13
130 205
23 146
4 215
180 243
38 191
45 140
247 122
147 166
194 214
64 140
61 230
34 166
165 189
52 116
246 238
10 78
89 119
64 151
53 200
3 13
82 138
163 171
83 173
166 213
74 211
184 239
37 38
149 161
111 211
34 245
173 195
6 79
69 231
57 117
123 154
228 237
0 54
135 235
110 204
54 134
130 177
40 218
220 221
245 203
72 211
77 181
91 160
32 205
76 160
159 240
22 24
246 198
56 74
163 233
19 150
46 203
71 79
85 107
36 149
139 221
242 228
122 184
138 163
172 177
46 115
52 219
159 169
180 212
142 218
127 196
63 174
65 194
37 82
12 102
23 206
0 108
243 15
157 160
50 152
87 143
95 210
0 52
245 99
37 45
154 170
242 8
4 100
62 237
40 215
53 147
249 56
100 246
12 164
71 166
38 160
10 35
113 169
46 225
17 22
29 141
22 190
114 157
19 178
143 229
20 156
158 205
47 50
15 159
246 162
66 181
17 211
128 148
1 69
46 184
35 85
114 149
246 105
54 99
83 129
141 229
43 81
119 172
135 210
26 160
207 239
208 224
242 97
82 111
68 135
52 170
246 220
147 195
98 130
39 180
48 83
18 136
61 194
59 248
11 228
194 216
14 215
97 174
126 190
32 61
224 247
50 248
174 206
163 245
25 169
19 160
44 94
105 131
119 178
137 160
10 88
2 189
7 47
110 139
26 228
19 222
118 247
8 211
249 9
173 186
95 192
166 167
148 235
20 177
178 210
49 167
53 186
42 137
242 47
246 211
2 146
244 56
38 237
58 228
24 173
9 211
36 136
138 227
113 151
20 101
161 207
32 187
73 144
63 190
109 132
90 139
128 191
103 123
140 170
100 180
122 154
41 123
13 130
55 132
122 217
52 97
87 195
26 116
98 219
79 149
133 195
37 176
8 77
35 136
245 144
4 235
2 167
36 160
80 151
104 123
43 152
22 71
37 181
22 68
74 78
29 245
6 206
143 225
40 108
70 107
117 171
169 221
224 233
74 107
106 204
19 220
43 214
36 177
122 224
247 113
37 220
97 163
12 184
25 30
7 109
73 236
127 190
57 155
10 64
62 240
26 113
40 155
20 122
79 228
0 241
114 154
171 194
117 238
17 103
104 151
4 207
98 111
62 233
67 248
200 209
14 183
33 56
58 153
121 182
36 187
154 198
96 139
97 136
55 108
18 53
109 217
107 180
57 89
72 212
150 212
43 52
175 218
159 201
117 207
81 159
154 190
245 37
17 27
15 217
200 225
114 206
85 238
68 212
109 202
31 217
5 174
105 122
63 167
99 176
38 130
143 220
3 175
97 169
245 70
9 236
84 106
25 179
28 190
189 243
59 88
166 228
79 158
81 222
46 53
103 213
198 225
126 246
60 249
112 218
8 20
87 142
115 158
62 168
23 72
7 247
147 211
4 65
160 227
209 245
9 67
73 169
144 227
87 117
41 133
44 96
105 125
68 127
68 205
126 195
248 150
44 237
52 249
25 112
233 235
49 187
43 60
135 192
29 204
20 202
167 248
154 249
215 238
249 226
9 27
121 229
249 123
65 240
33 148
174 220
122 234
21 134
247 51
171 188
195 220
68 240
61 188
10 186
99 195
83 183
248 193
249 4
29 241
31 75
18 86
21 115
88 134
57 71
231 238
129 211
191 214
177 218
165 224
242 138
10 93
140 145
0 182
10 211
40 147
199 233
6 106
112 198
112 115
246 9
77 86
7 71
212 214
24 236
178 222
129 243
64 163
100 185
7 151
174 223
180 221
37 98
145 184
123 183
191 192
149 193
14 239
29 145
38 108
114 176
176 232
19 207
30 158
43 178
217 227
58 155
197 248
12 232
96 177
26 114
37 139
245 205
113 187
49 193
73 179
93 247
37 57
159 165
0 197
80 149
50 191
86 147
116 237
57 59
75 237
130 220
93 241
243 205
58 87
12 32
210 234
63 189
56 173
69 129
220 232
109 140
15 124
51 136
104 185
41 150
60 87
103 235
194 217
52 138
98 209
116 158
8 54
101 121
31 228
56 70
95 132
94 151
43 130
76 182
109 143
71 234
104 158
31 115
26 77
42 66
21 244
25 51
96 228
40 174
59 198
134 150
209 217
20 207
109 123
19 169
141 183
31 163
20 85
214 239
68 107
118 144
55 134
12 74
88 225
17 97
152 156
60 86
26 53
26 218
124 211
89 220
1 229
31 141
232 248
58 107
246 232
142 231
145 169
91 103
6 58
95 202
111 171
148 234
178 213
193 202
44 215
35 161
46 137
249 209
30 45
246 223
7 39
16 33
16 132
22 34
32 76
82 227
123 167
16 28
167 224
75 132
117 180
102 165
8 169
104 193
15 197
17 170
18 26
122 196
72 137
54 192
150 227
22 218
102 170
65 209
242 73
37 66
7 131
103 173
196 205
95 150
39 65
162 180
241 247
246 240
123 195
52 197
134 235
85 151
218 226
23 92
207 220
156 223
173 232
82 232
159 215
8 240
31 184
106 170
98 231
47 178
90 105
25 36
11 173
25 134
153 230
0 13
110 128
45 139
41 97
109 125
98 99
149 217
67 79
14 115
23 141
85 247
22 102
184 226
44 216
15 119
91 231
68 249
135 214
42 107
125 193
29 44
48 227
42 67
83 139
91 152
52 182
113 229
112 161
129 160
106 238
76 150
17 18
244 11
27 105
168 221
38 114
18 93
123 131
30 166
150 189
81 219
66 76
69 226
97 183
62 109
165 196
217 239
105 118
87 89
32 164
113 138
38 79
16 244
134 230
62 84
3 49
142 145
107 165
75 130
16 102
85 101
236 246
58 203
64 83
201 225
143 238
128 177
63 169
39 110
107 117
6 32
104 189
78 124
56 132
156 201
27 219
100 183
156 191
86 99
58 139
27 241
189 222
52 211
197 198
141 182
61 150
37 147
161 200
95 220
213 219
95 134
63 235
196 241
122 132
4 202
176 242
18 96
122 170
98 168
20 95
220 226
10 175
124 234
110 153
249 46
149 177
38 147
39 179
85 96
193 221
47 239
139 178
4 147
69 206
185 197
27 76
81 103
104 201
142 173
126 139
130 225
108 244
5 171
107 222
117 162
122 203
222 227
70 98
126 173
76 87
139 176
118 187
142 158
35 48
108 203
151 211
74 117
51 74
114 215
246 181
5 118
90 229
242 203
96 123
150 221
34 62
104 225
18 174
88 112
142 157
131 171
87 168
37 65
4 26
8 138
155 172
1 167
13 82
81 123
9 185
3 129
12 167
87 160
32 104
126 156
103 229
243 124
18 132
135 230
93 164
58 168
179 203
47 198
3 145
109 115
195 224
86 245
180 236
185 212
18 181
14 133
129 140
202 209
80 180
13 127
134 155
56 202
158 199
51 57
74 215
96 193
100 142
190 234
131 138
18 111
101 205
94 146
77 188
101 190
165 198
112 169
127 188
47 243
170 192
108 207
77 136
10 167
25 149
18 36
11 68
244 164
20 158
207 247
162 181
155 237
159 217
9 189
168 231
102 150
147 226
27 228
122 211
180 194
157 212
150 185
85 244
13 99
89 203
28 123
19 156
112 136
212 238
5 199
155 216
17 128
64 165
55 163
95 121
20 61
48 156
48 200
143 176
129 233
126 236
81 161
18 31
10 149
245 201
31 208
38 238
61 142
28 58
93 100
74 122
135 158
83 91
169 244
11 26
249 85
137 200
101 170
32 221
117 149
107 110
56 89
26 213
108 213
221 224
88 124
124 131
11 21
122 207
126 158
184 228
50 170
16 249
45 194
74 99
151 197
159 230
151 203
61 222
41 178
5 242
156 172
13 122
166 227
14 156
136 180
127 171
44 208
118 168
89 121
13 93
8 118
80 245
14 245
27 49
129 163
247 101
244 64
172 227
78 248
65 243
117 229
19 95
16 103
29 74
182 208
187 211
199 241
140 163
41 249
39 150
21 87
175 224
84 227
21 158
246 57
141 226
219 249
75 88
72 192
1 128
95 131
206 244
9 247
179 246
88 160
24 246
10 36
2 192
45 105
243 91
16 59
47 162
76 145
27 155
32 83
148 229
170 201
34 220
47 204
164 213
5 126
60 114
10 221
159 198
47 172
143 235
152 165
53 168
140 169
43 114
146 227
17 130
79 88
84 113
123 188
40 189
47 71
84 166
123 152
29 113
244 9
116 191
52 164
247 66
30 92
220 249
149 209
138 166
8 214
66 228
58 77
131 213
89 110
245 167
40 132
58 177
21 188
70 89
114 236
125 153
9 184
117 129
75 125
20 173
156 200
137 145
10 200
58 68
47 246
51 90
59 118
27 104
126 241
172 209
247 228
212 215
185 206
71 220
164 211
129 145
47 80
18 233
63 158
190 192
45 156
101 233
73 95
64 109
93 234
60 206
22 237
3 86
1 225
146 152
140 213
207 213
4 17
57 232
94 107
40 45
72 119
155 239
68 114
18 104
125 169
19 148
17 131
225 229
53 124
86 96
71 99
245 193
19 243
68 211
71 126
149 207
158 181
9 34
62 239
3 60
14 90
28 118
92 110
151 245
136 188
72 187
62 228
45 175
71 83
21 140
135 171
110 226
60 109
112 146
143 197
89 178
43 72
177 209
17 69
36 184
116 232
139 239
118 159
129 248
72 170
74 154
242 158
20 200
56 154
108 165
16 100
36 142
9 82
55 158
47 144
72 160
64 215
67 167
32 178
247 204
248 186
105 114
207 248
28 104
0 242
32 45
158 186
92 104
37 186
114 238
101 133
94 249
45 204
40 229
66 101
64 200
13 218
244 26
2 205
11 249
169 208
148 247
37 241
73 97
199 245
106 246
25 191
98 240
48 103
100 220
91 146
129 184
3 32
160 199
198 244
31 238
85 131
52 198
179 191
177 235
75 221
0 3
43 184
210 216
32 106
72 188
85 213
6 196
9 73
142 241
22 139
118 146
248 97
10 183
91 180
155 224
50 175
79 143
24 33
141 163
17 71
129 172
16 162
73 246
19 86
5 66
13 94
23 242
123 223
144 156
110 135
28 129
189 232
246 107
242 40
187 218
100 115
110 118
7 89
23 215
13 43
42 140
37 53
31 150
94 240
99 142
166 232
76 237
71 116
168 243
0 62
0 228
22 37
110 136
131 178
143 228
144 222
9 117
62 245
13 219
52 163
20 74
50 247
55 229
44 50
87 165
84 205
153 158
120 192
137 152
86 236
47 206
61 122
106 219
74 141
0 199
230 247
31 123
55 60
184 205
65 100
101 243
15 52
15 189
12 183
248 28
49 212
203 223
15 80
41 99
90 213
119 129
33 151
53 156
140 208
54 74
139 143
166 173
14 127
29 169
35 197
6 236
71 105
12 147
80 117
162 236
35 113
243 1
86 223
117 194
152 220
1 189
1 105
28 186
122 150
242 87
148 207
25 93
249 64
161 205
245 143
24 101
72 177
7 29
46 152
126 147
136 170
151 220
49 194
42 185
27 59
39 56
38 149
4 218
82 228
221 239
75 100
94 216
143 192
89 103
137 139
83 188
81 167
12 116
50 151
83 240
95 142
80 192
39 80
61 101
105 129
151 165
17 138
146 205
1 75
104 126
212 219
49 242
39 187
56 81
175 229
40 165
14 43
124 166
124 188
106 177
13 199
95 162
144 212
188 224
41 236
22 233
4 246
246 202
245 4
48 182
128 134
81 184
79 192
58 183
33 222
89 202
217 234
128 205
164 235
81 88
180 191
248 157
22 217
26 238
244 186
19 129
100 164
140 197
12 73
33 85
69 70
73 248
165 190
112 189
8 202
108 186
185 218
0 33
81 216
81 131
102 224
93 109
145 236
164 230
214 231
13 171
171 239
108 202
81 198
152 154
11 119
7 52
185 230
35 142
80 112
3 4
33 179
6 46
142 160
81 199
246 199
48 50
152 218
4 49
60 197
134 140
6 90
75 177
150 199
3 93
147 220
62 76
229 247
189 249
192 203
12 67
106 233
88 176
30 232
233 244
98 204
247 70
3 203
107 134
121 157
153 212
244 116
120 243
188 230
53 104
59 174
93 138
57 106
21 98
60 106
36 237
29 59
119 180
54 106
42 122
7 84
209 238
245 18
9 108
122 215
168 181
105 247
149 170
93 184
54 242
64 103
42 101
142 176
27 172
156 181
181 206
126 165
194 213
59 79
17 137
248 124
123 214
172 226
12 197
90 242
42 180
16 81
99 166
165 210
22 198
22 210
127 233
48 186
81 85
173 174
66 227
92 193
223 231
180 234
11 211
31 191
14 196
106 216
168 245
6 71
245 52
63 91
46 208
9 221
29 130
57 215
139 199
97 151
39 126
43 73
92 244
24 218
179 210
175 200
22 28
77 84
90 149
245 171
135 203
123 147
17 62
226 248
19 227
83 169
73 177
1 84
135 221
99 187
3 205
87 104
58 220
231 244
88 201
110 122
33 157
85 184
247 87
13 177
126 143
120 125
249 161
168 230
103 187
145 163
145 224
13 56
124 170
30 238
72 146
174 237
248 200
107 215
202 230
16 235
45 145
8 29
244 187
137 175
8 71
248 79
227 244
10 181
131 240
25 163
61 74
111 201
57 172
150 238
65 98
59 68
41 235
140 211
0 164
81 203
86 103
52 81
74 238
247 47
29 186
63 109
190 198
102 191
118 179
41 51
40 152
57 79
130 147
64 246
168 242
155 170
121 137
8 131
37 141
49 161
49 192
193 220
152 239
8 88
68 105
48 161
137 161
73 231
67 83
136 218
57 178
39 156
70 198
244 69
194 227
90 123
21 160
56 143
105 160
156 232
62 125
58 245
152 248
23 174
111 220
91 113
32 44
249 211
137 180
22 104
144 243
38 151
12 17
3 226
40 98
32 91
156 183
100 104
96 100
186 196
75 107
180 213
26 96
180 193
34 183
75 162
68 101
123 134
245 115
57 141
42 162
36 244
76 229
6 126
99 111
90 98
178 183
3 158
96 105
45 188
35 239
176 237
10 118
51 95
70 240
124 200
121 200
179 217
125 172
0 137
190 247
155 203
130 235
16 36
53 150
86 123
73 233
186 216
90 158
122 209
50 195
222 238
23 222
91 237
21 103
39 84
35 157
98 162
211 243
148 216
177 220
4 210
24 240
29 68
71 96
41 124
97 131
247 157
156 213
228 235
97 179
152 221
56 157
143 246
138 249
232 245
247 128
181 236
101 196
39 117
161 225
77 148
26 49
90 197
128 173
204 232
56 234
218 219
247 171
89 227
73 208
63 120
143 190
80 238
13 202
76 188
54 230
162 172
66 75
74 212
248 239
86 208
49 220
87 212
174 201
243 133
183 214
13 116
138 187
37 89
134 242
27 121
111 236
100 105
15 97
31 161
43 227
161 167
2 27
118 123
113 212
21 249
161 214
18 141
153 225
38 65
9 39
139 215
92 185
83 174
8 83
113 233
11 218
36 146
17 23
47 77
243 38
248 71
179 236
102 209
244 82
92 200
246 219
66 222
243 208
72 162
124 161
203 224
161 208
90 241
131 209
34 205
170 219
215 228
108 167
94 204
7 209
242 21
0 67
200 230
183 192
200 212
169 173
78 237
41 118
111 219
25 176
184 238
4 214
48 81
117 174
140 230
68 198
23 204
158 230
7 241
66 224
42 79
5 55
235 245
58 213
12 40
34 38
8 170
137 144
90 230
43 120
159 234
75 241
93 191
43 131
47 109
73 123
146 215
242 81
62 199
135 178
99 157
142 185
104 244
111 179
168 211
164 196
62 152
17 182
160 169
248 130
78 168
65 110
139 211
166 191
3 65
140 174
38 69
54 132
39 91
62 161
37 228
172 199
63 242
103 115
78 108
131 239
88 175
130 230
182 224
135 231
102 192
93 210
204 246
130 249
191 202
70 189
103 145
26 155
92 129
89 114
59 235
66 82
24 162
113 201
146 161
13 237
33 144
90 195
47 66
243 116
30 190
93 132
4 138
65 234
4 74
31 110
196 211
243 185
28 219
20 181
120 241
247 168
166 202
61 182
70 153
115 239
68 76
163 185
153 155
39 177
35 211
247 129
188 201
37 128
135 229
90 124
49 112
196 202
64 243
21 102
81 107
99 112
37 154
107 233
197 241
70 133
69 233
248 85
114 160
243 181
27 245
246 27
96 168
105 244
49 231
3 19
83 119
101 139
154 175
35 81
96 211
45 95
139 202
100 206
16 206
157 202
0 28
131 147
45 108
222 243
4 16
122 230
46 166
198 218
13 235
81 172
57 240
215 230
116 124
168 200
89 244
245 49
205 229
59 83
131 216
177 214
203 232
143 178
153 233
76 130
22 201
100 169
54 169
202 203
138 199
40 122
44 107
77 230
95 206
249 233
83 152
82 161
129 201
26 109
110 171
204 217
126 129
23 44
207 225
214 238
181 221
18 157
139 236
84 219
151 226
61 162
39 211
59 225
171 198
23 131
166 223
123 133
46 139
215 220
89 212
86 195
119 130
3 115
46 240
60 122
17 30
57 84
85 104
48 159
115 205
66 88
17 46
34 65
142 240
115 125
28 40
34 140
163 165
202 219
94 110
142 178
0 122
22 212
62 198
54 71
86 233
11 231
96 220
153 163
43 167
76 170
43 136
9 36
204 244
19 172
93 126
119 230
106 169
2 182
231 234
249 45
245 197
104 113
74 214
33 165
142 162
9 54
127 249
46 241
1 70
249 181
96 243
56 155
31 214
115 192
57 198
43 203
72 143
60 136
