106 125
15 94
25 37
135 108
15 125
33 59
56 118
3 119
61 117
18 19
36 121
53 102
117 134
78 116
6 72
82 98
66 84
9 34
41 87
99 125
50 91
10 54
24 117
36 44
137 28
134 74
27 85
75 110
35 39
76 104
52 86
138 49
17 79
134 38
122 123
10 68
69 88
15 67
4 108
7 115
8 73
90 123
90 92
13 61
80 92
52 77
95 125
112 124
31 89
25 39
87 105
94 113
30 38
5 88
134 66
101 135
52 93
112 135
53 58
70 95
63 73
92 114
55 114
30 78
59 89
27 66
2 52
60 91
116 137
45 102
55 125
44 90
26 29
109 119
11 22
10 132
81 115
23 43
5 127
136 93
40 80
33 91
33 125
104 125
60 126
12 104
90 108
16 40
7 72
22 108
80 99
69 94
13 65
41 110
18 68
10 53
43 60
83 119
97 127
92 135
21 32
55 89
14 137
138 51
121 136
42 104
53 131
78 80
136 43
9 27
43 62
85 121
90 91
49 55
28 113
118 136
84 89
78 130
136 125
17 23
99 126
12 36
84 103
23 39
17 130
19 101
134 24
39 70
136 67
38 49
2 39
93 126
70 79
36 131
2 3
108 129
13 24
26 101
98 118
82 135
139 44
46 73
64 78
134 121
92 136
47 63
68 115
59 136
1 24
58 130
34 131
52 112
4 14
71 121
119 126
61 91
31 69
2 117
57 117
60 66
52 66
60 89
138 69
29 75
6 26
136 117
54 121
37 109
24 98
108 115
16 42
1 72
80 104
15 96
47 131
47 52
26 96
0 40
37 118
16 133
24 81
9 16
33 113
32 103
56 82
7 67
56 80
2 83
135 139
21 26
109 139
83 135
19 110
134 59
12 74
30 128
4 63
4 61
75 134
46 86
16 113
0 126
88 97
2 58
14 108
44 93
12 129
38 51
76 129
21 118
30 44
75 131
21 79
31 122
17 82
42 67
81 121
38 126
74 128
56 106
139 82
98 110
11 83
64 137
9 54
18 127
48 61
92 129
18 55
24 93
24 35
10 72
69 79
71 111
2 45
7 8
20 119
93 95
56 90
44 113
58 121
37 110
44 45
136 107
23 40
1 136
14 62
52 69
19 58
135 14
18 61
7 38
62 98
35 86
138 99
63 108
138 115
31 119
42 69
66 82
129 131
7 25
72 110
112 126
94 106
23 24
102 113
66 118
12 96
48 119
6 40
83 112
74 117
84 100
124 129
64 130
29 107
19 111
9 11
18 104
89 115
134 50
139 65
63 72
19 27
53 136
44 133
121 126
99 135
25 111
43 64
9 61
78 87
93 120
22 35
50 139
64 92
59 62
71 117
83 116
13 96
105 127
15 20
37 82
21 80
82 99
67 128
69 78
22 110
2 6
137 122
10 130
42 131
87 120
6 99
7 135
28 52
62 97
55 63
58 72
17 68
62 116
29 35
24 25
50 105
6 50
10 94
63 109
134 48
15 41
77 128
67 108
100 111
61 106
44 105
6 38
62 103
54 68
103 130
90 97
34 91
1 60
46 75
9 138
89 134
33 94
47 138
31 128
95 120
26 63
5 72
45 89
137 79
87 136
78 86
137 93
115 116
122 129
53 87
20 82
23 123
43 109
5 84
29 39
43 50
134 76
85 136
86 117
37 139
99 124
39 89
50 137
29 48
135 70
86 121
77 121
106 123
17 38
13 85
77 111
139 81
13 108
90 119
6 126
5 45
14 109
74 78
83 134
64 90
14 59
4 93
51 83
20 94
22 62
34 115
43 107
61 82
16 51
96 123
37 53
134 15
138 67
99 108
1 41
91 124
24 52
67 117
102 106
108 117
84 124
25 138
5 94
8 114
89 132
32 72
81 124
62 86
4 88
37 60
135 21
25 34
1 112
135 75
75 99
2 102
65 107
83 91
106 113
11 121
58 64
53 94
1 17
67 82
33 117
67 131
0 98
43 106
46 102
3 123
15 77
25 61
10 102
26 118
28 78
138 74
95 99
108 133
137 132
34 83
89 133
18 86
17 72
27 109
85 94
81 97
99 131
136 80
34 112
55 70
48 93
20 49
138 30
13 128
22 45
109 134
7 44
70 111
23 127
0 15
4 118
40 41
18 43
100 117
79 131
46 48
16 139
7 133
25 71
32 34
76 87
65 78
42 123
46 94
94 136
91 117
56 94
134 40
52 53
22 30
0 123
54 112
20 135
12 64
26 114
134 34
57 80
40 50
104 105
10 55
26 53
20 109
64 87
40 116
8 95
36 97
6 15
36 138
42 66
136 90
29 34
26 66
15 136
78 117
25 87
88 106
26 102
3 49
35 44
30 74
86 126
87 119
45 78
10 18
13 129
42 90
8 97
5 124
13 87
88 92
139 85
2 76
20 44
53 86
73 138
103 126
56 105
30 41
21 59
21 102
104 138
48 128
8 39
1 93
81 82
88 89
87 133
42 138
28 58
73 110
45 90
62 118
115 137
15 104
52 79
25 31
54 117
136 82
9 81
25 91
34 87
11 47
23 80
1 37
49 115
77 83
14 43
30 105
12 33
3 38
3 79
11 81
135 95
29 80
34 72
34 116
5 108
38 120
19 48
5 6
22 55
83 85
3 90
138 54
91 139
109 133
55 103
36 137
28 87
127 129
135 11
21 114
73 97
9 131
135 88
52 82
68 70
39 40
3 121
84 97
40 52
42 87
21 30
100 103
31 134
13 34
56 134
10 108
6 48
53 64
28 114
50 93
42 111
36 53
0 128
5 91
36 42
16 68
48 91
6 93
1 13
47 125
50 129
3 103
45 47
29 78
81 117
44 68
50 118
99 139
5 118
17 61
50 68
28 37
40 86
71 99
47 65
98 136
25 75
61 101
27 76
135 43
27 48
26 34
18 119
72 77
32 77
1 137
115 118
7 41
29 43
10 117
47 96
32 55
138 7
121 125
63 137
59 67
8 42
20 41
135 16
33 119
21 87
72 139
79 125
109 111
21 47
55 76
29 68
18 47
85 130
34 130
135 126
76 123
20 116
3 37
19 87
17 60
29 58
39 49
68 98
134 52
11 44
30 61
8 96
37 45
3 80
6 139
137 48
115 135
15 82
66 92
3 10
139 96
69 96
14 129
135 89
25 133
85 93
94 97
139 1
22 96
22 25
15 35
113 137
72 125
27 122
102 110
32 51
12 75
71 129
51 103
32 139
31 106
100 106
44 48
18 65
45 109
3 111
33 58
118 137
26 81
76 119
23 81
1 92
59 127
36 49
138 129
6 94
19 89
113 118
13 42
34 119
102 108
114 117
12 87
34 67
34 58
18 126
35 64
19 54
101 102
74 94
91 115
127 136
20 95
38 116
67 129
39 83
134 133
77 113
2 116
23 82
136 33
134 129
61 66
31 79
139 24
42 50
43 54
3 95
38 133
38 78
19 60
56 115
2 95
39 139
10 88
70 74
29 116
25 41
24 92
83 129
8 36
44 137
76 88
57 65
12 120
39 93
110 122
10 127
71 93
65 79
24 80
21 36
107 111
44 120
21 83
35 81
38 76
28 104
26 65
76 89
66 78
15 83
35 41
25 131
136 29
19 107
5 41
105 136
12 47
21 138
12 35
70 108
135 80
75 95
46 55
136 0
43 113
12 83
97 123
67 87
76 124
14 92
29 85
28 45
5 29
139 115
36 135
80 116
10 116
71 84
47 95
84 128
61 69
0 89
11 33
73 91
135 97
19 44
40 106
4 139
92 94
1 81
56 63
5 85
13 126
110 139
37 54
48 127
55 92
5 20
22 91
26 98
78 110
13 103
137 88
82 93
33 79
54 113
62 138
32 59
88 95
135 48
7 27
6 110
55 117
43 65
38 43
18 89
18 36
134 10
45 60
23 36
100 127
33 114
24 91
137 90
37 121
136 110
20 66
49 82
0 79
36 90
59 103
54 115
19 64
46 97
37 43
137 67
74 122
55 74
19 85
23 129
40 42
136 44
47 89
40 121
127 139
24 125
7 130
32 132
3 133
35 111
7 90
72 124
63 106
83 125
87 104
16 92
124 128
12 65
5 131
106 130
13 43
102 132
69 105
69 103
134 61
38 39
49 79
15 50
65 128
52 109
14 64
138 55
28 68
33 52
40 78
85 131
60 139
23 85
91 109
5 92
37 133
99 128
70 98
15 57
62 79
77 103
23 42
31 44
11 87
16 70
71 113
97 121
20 58
91 133
136 63
35 123
4 135
138 79
9 112
48 103
108 131
52 114
82 120
49 88
60 109
30 65
13 124
10 103
46 63
13 27
6 109
54 74
69 97
1 103
33 104
69 70
87 109
3 23
91 138
32 71
68 89
9 123
5 117
42 61
28 76
64 127
14 48
104 133
26 134
51 62
58 106
103 112
37 40
47 120
96 101
58 112
137 107
91 134
1 51
23 92
10 85
67 69
31 94
75 121
52 81
47 130
82 115
11 30
57 98
97 101
2 35
18 124
30 40
103 117
9 26
32 75
98 126
5 56
92 120
134 131
12 63
58 118
101 130
76 126
88 124
38 82
135 96
135 124
44 67
136 96
134 101
137 59
49 113
28 74
9 30
10 28
134 41
27 73
136 22
120 139
38 56
36 112
56 108
4 24
35 115
42 134
52 137
15 33
68 111
28 43
110 130
65 123
63 67
25 116
66 121
57 126
116 129
55 104
42 81
17 109
6 36
23 51
