45 79
36 55
19 39
51 66
62 11
9 38
77 19
11 68
24 66
55 51
13 52
1 72
59 57
27 76
52 15
76 74
9 57
38 51
34 44
31 68
59 55
29 42
1 26
20 64
50 3
19 54
39 75
77 71
61 14
57 34
77 38
57 47
13 58
10 36
79 39
63 57
39 76
55 11
17 71
9 35
28 65
79 29
18 26
55 31
16 41
32 42
6 76
17 56
14 52
10 72
31 57
39 50
59 8
4 35
79 43
7 69
43 65
30 38
63 42
4 44
51 21
28 29
23 39
79 37
56 30
8 60
18 38
38 63
21 45
39 72
72 13
52 78
37 56
4 5
37 55
70 19
3 62
56 6
6 63
2 24
17 39
53 47
20 75
67 6
60 49
72 49
25 30
26 39
71 7
5 9
37 47
67 53
64 26
60 44
52 47
39 64
67 48
11 65
5 27
31 36
56 46
13 79
61 13
18 70
19 25
51 13
78 12
42 70
56 51
29 71
9 14
53 8
39 61
79 26
2 31
66 36
60 59
61 6
4 50
7 41
63 29
64 38
72 6
73 16
67 60
79 36
59 74
15 23
0 2
71 59
53 33
41 68
26 38
2 61
33 61
22 57
14 20
5 26
38 49
60 16
27 53
9 54
4 56
34 46
20 49
41 72
63 5
15 32
75 14
74 69
55 39
45 50
2 39
34 39
60 36
58 77
79 27
75 16
27 67
8 10
61 53
33 79
67 28
20 30
63 56
5 73
18 50
33 43
67 54
39 54
31 65
31 52
75 41
71 33
74 48
44 73
17 28
69 79
36 73
7 60
79 12
36 57
10 35
76 55
32 73
52 60
47 72
47 66
11 63
11 71
54 27
52 59
76 38
17 69
9 53
24 77
72 20
44 68
0 5
4 17
19 21
0 40
1 62
60 31
0 44
11 20
18 20
41 57
21 69
75 26
8 45
46 59
73 45
68 19
41 79
2 10
41 71
6 66
64 75
73 33
2 13
22 56
