167 237
235 25
70 72
117 124
112 157
38 197
213 215
243 103
137 207
57 241
51 118
221 249
106 187
126 137
178 240
16 240
63 192
141 183
247 210
106 241
116 195
235 7
44 241
237 233
146 198
112 213
3 36
79 140
45 243
70 130
7 181
127 176
132 210
228 245
237 85
43 104
225 53
118 249
98 172
243 8
82 230
184 188
181 234
83 151
76 179
29 249
62 221
115 192
240 190
35 67
249 58
176 225
53 160
238 35
157 214
229 96
38 64
108 167
22 83
71 224
145 169
128 207
35 137
210 222
61 231
129 238
136 141
8 181
104 221
29 217
242 59
21 198
6 17
54 92
119 188
136 231
0 76
63 244
148 199
67 83
176 233
37 103
90 245
9 191
50 161
211 216
237 47
15 174
13 235
14 146
231 118
155 183
34 69
46 176
231 67
238 210
140 215
134 249
151 244
139 197
19 32
63 174
248 140
213 233
181 209
60 236
45 107
119 126
58 179
1 227
55 152
40 82
20 51
173 223
98 234
0 157
193 242
86 93
62 138
1 20
95 129
63 113
73 160
32 38
101 214
115 126
239 148
31 168
114 223
136 223
123 193
141 208
226 143
69 178
225 8
90 195
112 234
242 114
234 32
53 72
239 180
247 78
40 169
249 1
232 45
10 59
22 197
208 234
67 248
231 173
63 171
130 201
154 187
75 160
86 233
236 69
69 76
46 198
72 158
238 19
40 100
229 144
96 192
232 89
134 149
100 110
39 78
168 206
72 149
173 194
144 158
158 249
229 120
126 208
57 170
87 163
28 121
26 110
146 214
228 119
56 210
2 51
28 196
103 206
126 207
68 224
59 144
43 247
154 194
33 79
148 237
237 76
104 108
83 126
84 118
104 155
43 208
227 18
79 181
14 230
68 115
4 143
88 182
0 9
26 244
123 246
97 216
44 246
8 146
28 95
35 147
5 244
34 110
241 80
119 148
50 186
100 184
45 58
241 42
237 35
19 34
82 176
225 89
132 169
41 131
85 92
238 87
50 102
46 223
96 113
107 185
237 181
184 205
225 59
82 154
98 129
123 176
34 44
32 219
44 214
236 143
220 223
235 87
92 184
37 198
242 154
234 215
22 241
13 184
55 149
247 136
208 226
111 204
43 201
0 44
92 104
27 189
199 218
2 105
89 188
13 146
196 227
249 210
120 247
241 148
175 207
37 165
8 178
176 210
119 246
237 14
90 138
26 71
40 86
155 226
107 219
151 220
28 180
62 106
75 106
225 19
71 91
29 214
35 114
83 231
227 41
48 203
249 199
34 52
116 149
124 190
66 249
106 230
236 42
54 65
241 107
244 88
97 108
37 150
125 196
108 206
185 216
105 190
155 216
32 230
34 166
4 246
177 202
54 202
97 196
22 36
26 72
56 123
194 211
243 80
241 17
172 173
122 200
163 221
126 244
11 101
87 100
115 208
8 66
242 118
150 167
222 244
33 214
83 148
147 185
61 187
231 164
231 204
28 123
54 147
10 89
70 156
195 197
83 179
78 80
74 177
66 213
85 202
59 91
171 229
246 38
33 90
96 241
87 217
58 71
236 84
3 132
30 242
98 109
236 103
17 159
111 163
63 114
128 216
44 161
225 76
173 195
231 202
26 106
233 122
180 208
24 98
247 27
140 212
138 214
148 238
184 200
5 196
146 228
53 224
21 235
44 112
91 137
24 206
88 98
18 49
44 155
195 211
76 102
71 228
110 162
3 84
14 120
28 197
247 135
163 187
24 50
244 191
231 110
232 59
25 154
102 225
15 186
191 238
154 202
42 123
100 222
244 77
28 112
226 157
150 213
70 83
53 134
228 150
83 94
212 219
78 122
243 101
56 143
14 93
49 50
9 186
190 234
74 182
133 135
234 143
157 206
63 133
19 230
140 148
106 184
184 218
73 184
244 225
32 87
90 241
165 175
99 242
74 221
42 47
40 92
225 243
56 77
73 186
20 229
117 178
249 167
185 210
229 230
80 132
200 238
164 237
77 238
248 191
24 121
118 247
110 224
247 91
6 189
43 52
225 85
21 173
227 27
248 99
52 186
12 69
9 243
161 240
41 238
243 226
237 123
178 193
36 123
118 248
40 41
65 225
148 217
22 223
98 111
28 54
60 193
72 233
34 175
123 186
158 185
159 181
147 190
22 161
98 125
11 160
154 234
94 151
110 220
126 199
113 225
248 125
72 206
93 215
111 127
3 168
45 167
104 107
242 45
164 243
55 158
79 169
75 191
8 165
119 201
83 141
61 166
243 167
73 101
62 64
114 198
83 100
101 190
229 127
226 135
198 226
161 188
8 78
248 160
50 198
73 174
38 126
18 110
138 195
93 103
114 232
83 241
5 66
190 199
139 166
2 230
239 80
242 115
60 194
29 183
238 209
109 190
227 49
68 212
93 99
0 218
85 126
64 141
190 197
239 191
45 215
244 197
121 190
65 151
30 72
228 187
1 60
73 100
55 214
242 197
138 169
139 196
176 191
107 168
46 241
2 133
58 160
234 46
243 63
188 199
181 207
139 209
57 126
123 126
79 244
34 215
191 225
193 222
78 182
37 145
219 237
98 149
242 46
82 115
5 119
71 124
22 124
54 210
11 98
230 238
133 150
13 128
121 149
200 236
87 106
89 185
35 148
237 153
101 127
56 207
243 134
219 239
58 90
9 100
137 157
238 27
207 249
129 237
248 200
227 52
60 117
75 181
56 214
177 186
183 205
152 173
249 0
14 218
230 222
222 234
89 160
28 172
82 152
35 92
235 147
117 207
113 238
34 121
121 193
82 124
37 194
48 172
236 33
15 178
28 215
10 101
7 47
235 42
93 204
248 209
203 212
136 154
52 226
249 25
64 118
98 158
232 136
98 220
237 128
149 248
24 153
83 191
234 44
129 248
236 249
59 226
172 192
31 41
235 22
0 68
44 139
53 235
229 2
247 125
96 193
232 190
12 160
131 181
3 246
49 79
141 167
154 229
41 189
242 79
5 71
240 199
89 233
172 212
160 167
52 188
175 185
240 2
60 130
241 43
21 142
32 102
116 177
141 177
162 219
140 182
71 119
201 228
46 150
3 208
36 124
150 170
241 101
3 86
119 125
28 129
29 121
241 7
247 212
92 147
123 215
80 247
84 207
37 214
248 224
241 149
52 183
157 203
119 132
25 237
72 205
137 224
234 13
105 175
151 217
95 151
95 146
35 69
61 104
243 163
59 125
77 243
9 235
36 189
32 193
44 142
185 234
51 185
27 160
64 197
34 226
90 191
89 100
72 193
168 192
89 195
21 200
61 212
185 237
170 194
108 190
134 202
230 183
174 195
59 245
157 192
244 176
32 226
26 87
9 37
136 180
20 35
182 193
30 88
80 163
44 64
44 208
205 230
3 232
98 223
166 186
29 141
85 89
237 15
54 203
85 224
11 236
242 141
91 233
62 86
8 90
49 174
69 107
76 192
112 130
84 147
133 173
6 175
34 55
7 210
47 133
70 227
15 19
241 191
108 185
14 84
1 93
144 169
226 33
248 22
144 239
27 80
239 109
249 137
102 227
50 82
192 213
75 130
124 232
90 165
112 162
46 178
194 202
228 120
188 202
8 175
70 237
240 131
228 223
14 98
7 201
204 228
5 83
15 166
227 229
24 40
25 107
52 249
131 243
60 91
142 160
53 218
249 13
75 168
78 159
156 169
55 95
50 163
35 249
58 79
118 149
91 116
244 81
189 237
15 123
88 207
73 131
21 234
19 243
3 126
82 145
182 222
240 220
128 159
95 121
104 188
48 197
210 218
81 208
106 231
36 71
169 218
44 98
171 217
153 243
249 204
139 174
128 172
52 56
204 206
10 46
163 205
236 107
52 229
65 212
49 80
98 192
4 158
227 154
69 121
244 156
56 166
118 216
107 173
99 249
63 119
8 67
243 220
230 164
135 239
45 122
243 202
229 234
15 241
87 198
233 16
33 203
99 161
109 157
145 164
247 156
30 49
45 128
56 82
2 147
140 158
246 53
75 105
2 54
227 214
237 183
240 232
62 233
70 217
130 230
246 122
161 179
8 10
77 194
69 162
131 221
116 168
101 137
83 236
15 91
120 199
2 8
227 111
163 183
45 156
53 56
67 153
55 179
161 226
9 18
42 73
230 62
96 111
238 115
50 171
0 33
22 190
64 218
150 215
128 198
137 196
29 72
61 237
190 211
199 201
115 130
172 189
167 191
11 214
33 167
66 116
30 215
233 78
34 165
122 189
38 124
23 38
56 202
75 146
12 234
84 102
78 210
53 109
85 160
62 177
241 41
59 67
81 153
237 216
61 106
14 207
101 133
114 203
8 95
21 137
144 245
44 203
209 244
4 77
142 205
47 77
9 102
48 231
49 60
11 193
130 160
39 228
67 233
172 200
149 204
124 214
67 91
191 242
22 245
70 233
23 123
11 15
12 178
35 231
41 249
95 164
108 111
83 243
11 194
52 102
103 143
153 216
22 60
140 160
239 154
246 49
18 216
52 126
232 115
248 91
20 72
10 145
234 124
247 183
25 140
99 229
241 51
31 107
39 56
74 165
23 79
8 206
231 183
155 158
151 185
154 172
43 207
245 134
232 81
15 57
220 231
128 178
227 151
247 60
233 214
236 206
248 173
32 227
123 207
129 147
233 118
129 159
229 109
131 146
150 154
94 135
237 33
243 104
139 146
137 171
243 94
111 203
50 199
165 181
47 122
50 181
239 203
99 181
61 75
136 163
83 242
147 155
113 173
34 190
37 80
236 41
110 128
117 166
34 229
45 159
152 192
26 124
34 224
130 145
57 138
91 210
151 190
226 113
133 229
31 193
36 244
182 211
180 214
49 113
76 190
248 183
140 202
21 45
29 224
33 96
144 151
125 236
11 138
172 202
90 193
107 131
91 209
29 89
125 205
151 206
4 66
65 172
111 187
58 132
138 236
54 155
166 224
199 245
81 145
19 59
121 230
249 124
137 178
132 189
67 210
183 189
72 109
60 163
240 103
58 188
11 100
239 11
242 189
195 203
186 237
96 245
51 119
177 190
236 130
103 105
4 166
16 225
130 148
93 190
45 97
7 132
112 222
166 189
75 153
248 164
3 158
142 146
39 90
64 76
14 172
182 237
175 246
53 68
84 143
8 166
241 236
12 158
21 162
232 123
37 176
243 129
79 206
68 234
91 99
233 119
87 148
38 118
15 94
243 175
230 139
60 235
240 29
245 12
49 103
42 85
73 134
92 109
9 232
108 176
230 83
18 81
46 173
47 99
244 65
238 212
62 240
152 237
67 167
27 226
37 141
214 226
52 184
64 66
87 224
96 234
95 179
3 44
47 149
9 196
22 138
166 242
29 64
188 206
236 157
175 188
162 204
118 236
34 80
1 165
22 227
237 161
247 36
135 187
71 92
7 124
97 215
84 137
232 186
9 12
98 225
11 176
168 223
20 30
248 4
233 135
23 141
26 204
64 221
159 229
160 200
145 180
225 196
233 192
42 233
236 135
38 203
74 109
242 47
198 243
49 84
142 181
56 167
91 172
2 48
131 182
15 72
65 174
122 156
18 117
11 37
237 195
54 133
15 229
164 199
175 220
46 54
75 125
3 90
48 125
225 151
146 155
50 172
247 64
139 210
160 165
111 114
177 238
243 107
86 196
100 188
18 213
0 198
30 216
67 189
74 83
245 162
170 242
21 62
36 65
73 136
240 26
135 177
205 221
98 245
212 243
25 190
244 118
66 151
47 204
31 118
152 226
237 191
4 236
16 197
72 130
196 240
96 127
17 196
35 59
234 52
32 48
248 80
144 197
148 201
26 46
89 205
118 204
60 207
225 29
77 199
36 143
142 214
37 97
94 166
133 156
97 247
133 219
64 242
195 198
67 74
64 103
102 180
150 220
50 118
237 46
24 106
8 101
229 204
213 240
231 152
53 237
234 158
80 232
232 199
2 83
74 248
39 225
126 229
31 87
53 87
21 113
21 114
0 102
7 67
4 116
25 58
37 47
248 112
77 202
17 85
125 162
68 122
132 159
247 200
189 204
59 169
6 244
46 71
154 168
148 192
32 176
36 111
248 221
150 186
19 211
225 60
247 228
232 108
140 183
59 124
168 170
231 127
249 89
52 69
112 169
76 232
10 110
233 115
20 116
71 201
53 210
65 169
125 131
26 228
232 168
94 120
48 167
168 176
113 218
80 137
234 86
59 147
92 233
182 218
51 122
118 141
61 167
245 187
244 73
57 140
149 172
247 20
225 201
219 247
76 180
127 238
162 222
75 111
99 179
76 141
168 180
20 158
54 182
172 233
228 179
62 75
36 130
40 246
31 123
95 249
87 179
52 165
243 17
64 136
22 37
237 202
111 179
64 226
81 97
32 146
90 162
242 183
65 135
148 200
13 46
99 220
122 234
36 216
43 94
111 151
68 119
123 140
63 191
184 248
233 40
31 92
25 206
71 220
3 199
205 216
86 133
154 214
232 5
66 223
88 126
72 77
8 246
25 218
97 144
131 216
237 208
183 192
95 99
4 167
238 79
135 197
33 36
226 7
5 168
102 246
63 123
15 98
32 54
32 119
158 224
156 164
96 227
90 106
22 111
40 241
29 70
0 81
18 25
136 242
25 32
21 122
16 226
20 187
135 161
232 26
80 194
48 100
18 191
110 132
145 160
169 195
236 126
120 127
63 156
11 66
81 235
94 216
35 223
119 135
93 167
175 211
122 218
40 209
143 245
146 167
13 67
13 197
246 161
174 184
209 235
23 39
229 6
13 173
244 153
34 199
151 222
227 6
15 228
2 207
15 236
47 214
65 145
142 174
12 177
11 245
151 198
240 57
148 234
152 168
33 35
80 162
156 186
33 229
245 8
238 217
6 243
225 115
75 205
235 125
50 220
12 106
32 171
173 228
87 118
42 155
120 168
181 204
13 84
50 83
38 200
125 229
30 85
29 229
87 232
12 225
75 78
65 82
74 157
179 209
227 153
1 10
112 163
107 114
81 83
221 245
235 57
246 75
69 151
22 212
21 152
107 186
5 246
248 133
73 77
31 162
110 160
41 87
59 213
135 159
66 239
73 88
240 176
211 243
36 89
4 51
67 129
37 201
100 215
177 231
10 57
37 236
83 193
101 113
243 73
212 217
49 92
209 233
121 205
220 246
105 132
54 154
13 190
13 149
17 34
21 153
194 220
62 215
23 187
233 52
6 102
239 134
54 90
146 172
90 154
83 89
64 120
1 146
2 148
2 114
106 221
28 139
57 193
72 196
17 121
225 206
18 125
46 209
244 125
144 244
51 79
113 219
79 103
56 204
109 226
55 110
98 218
11 181
49 144
56 231
11 103
51 133
141 237
55 109
175 182
110 164
123 174
65 114
235 134
240 44
138 246
3 223
90 141
20 119
55 219
56 241
44 249
52 201
53 89
15 20
31 246
88 106
238 134
138 156
113 236
122 142
225 145
61 64
76 144
146 177
131 224
67 147
121 224
227 180
228 66
236 45
137 237
113 164
40 139
88 90
94 126
248 95
1 193
228 178
179 241
29 184
239 25
17 43
114 174
91 237
103 246
2 246
200 205
55 183
65 73
23 193
2 242
137 142
55 102
36 228
115 137
33 48
28 248
248 90
14 187
47 93
124 204
229 157
33 199
234 107
69 243
0 203
4 232
77 164
212 249
114 209
10 198
69 189
235 110
58 108
68 74
156 175
225 80
243 54
64 148
55 125
25 248
106 119
73 103
23 109
13 136
0 65
12 42
99 199
10 176
101 156
244 8
30 146
23 72
184 239
245 43
149 173
244 214
95 226
156 170
106 159
247 66
81 94
106 174
149 193
57 198
97 133
144 249
33 142
32 114
159 211
101 129
237 88
248 65
169 222
49 240
29 117
152 182
85 238
25 36
13 40
249 175
5 108
80 141
15 53
44 67
90 159
0 212
199 205
228 231
106 177
101 175
29 191
118 153
8 216
237 96
45 132
237 232
125 195
105 208
30 221
69 237
2 128
67 204
119 218
39 200
240 64
53 70
113 196
93 213
225 69
11 35
247 134
4 47
171 196
236 160
50 235
71 144
92 167
28 140
206 245
13 37
154 248
235 217
101 162
26 109
236 81
80 115
146 213
225 139
35 208
30 230
