105 112
42 69
58 92
67 91
16 48
46 56
100 108
12 34
17 60
66 72
51 84
35 39
66 76
118 57
24 67
47 105
46 47
32 90
38 64
8 49
118 15
58 86
16 53
24 35
23 74
14 89
37 40
2 25
28 35
82 98
47 70
26 45
77 78
38 79
36 94
5 103
6 110
30 116
116 34
16 116
4 74
6 57
5 105
18 43
9 15
70 111
64 103
119 112
60 90
19 45
77 84
38 93
57 70
8 107
98 116
6 111
47 94
93 104
56 73
118 33
8 15
24 66
19 79
51 64
17 107
6 27
65 103
44 99
12 36
2 69
66 101
3 9
18 33
16 27
37 78
70 94
116 57
109 112
48 104
8 16
5 61
60 70
67 111
47 112
5 116
16 63
72 82
10 40
46 77
53 96
58 78
14 69
37 82
80 118
3 93
30 86
31 33
47 106
31 118
49 99
117 96
7 78
32 112
96 105
61 110
101 103
12 77
45 66
37 51
90 114
112 117
28 75
17 110
4 42
23 80
8 57
58 62
51 90
2 90
60 91
20 44
50 97
37 95
28 67
69 83
70 84
19 82
117 38
116 90
3 35
116 101
12 49
22 81
48 109
26 35
21 69
13 27
15 69
96 108
33 102
45 56
12 72
32 101
119 113
65 69
116 70
23 62
36 62
118 86
116 77
57 111
9 34
44 67
44 104
4 103
23 69
45 102
12 13
52 56
79 88
50 113
49 80
46 98
5 96
55 114
49 112
7 14
53 81
43 97
13 83
33 96
117 37
63 89
7 22
30 91
30 39
2 112
17 81
47 90
17 76
102 116
116 21
119 85
21 84
117 9
102 107
24 70
19 39
28 38
119 116
118 72
69 117
105 115
20 56
3 11
39 48
60 84
16 41
67 89
117 35
27 31
64 73
118 73
5 92
72 91
16 108
25 37
11 99
11 101
2 76
117 83
33 105
77 108
118 114
47 100
76 104
63 77
29 83
16 46
62 66
30 32
26 70
79 104
18 75
2 41
118 28
64 116
33 110
31 59
16 113
119 52
22 70
5 90
4 93
54 61
32 37
59 80
12 19
29 102
35 90
15 114
1 41
38 77
10 67
99 102
5 109
31 99
87 88
6 82
118 47
21 105
1 97
20 115
58 107
4 38
30 72
56 81
39 47
55 80
88 118
74 110
73 110
6 15
7 93
89 108
12 74
74 80
26 74
13 86
19 66
48 88
51 81
117 27
22 73
71 109
41 82
9 42
109 115
20 33
33 107
19 81
55 57
56 97
99 119
45 107
38 40
5 14
6 99
36 51
89 116
15 33
37 110
111 117
81 108
36 90
19 68
19 117
31 56
42 75
9 102
119 108
44 109
8 26
2 26
61 99
19 76
21 97
41 69
119 26
40 57
11 12
51 61
1 12
55 65
24 39
59 94
16 29
11 110
1 102
0 92
32 117
74 94
51 118
54 98
9 45
42 57
70 101
29 80
9 10
16 57
38 45
23 24
46 97
26 71
18 45
10 38
57 84
34 114
21 106
28 61
8 96
21 88
9 83
2 44
51 65
117 100
74 78
27 111
48 57
119 110
24 50
24 113
10 116
39 101
62 90
68 115
18 53
40 118
67 71
1 98
97 116
52 73
95 107
27 98
57 99
100 119
76 110
6 16
98 111
74 97
52 87
51 76
3 34
35 72
80 98
119 88
30 64
90 95
12 45
30 75
98 99
6 84
43 66
90 109
58 61
22 28
107 119
72 81
24 28
16 91
66 79
30 43
64 88
78 81
35 77
67 119
61 63
17 27
4 56
63 90
20 81
116 86
16 118
36 117
94 109
36 98
97 114
2 53
73 114
80 102
32 81
18 58
28 57
68 84
75 93
119 1
25 51
2 117
13 101
34 70
16 28
38 94
13 44
35 113
19 41
1 11
71 78
35 105
41 55
83 101
15 71
30 40
11 59
17 113
37 93
27 49
70 83
96 113
16 82
9 60
41 103
10 56
40 44
18 41
25 62
82 101
13 36
91 117
75 96
55 78
32 115
64 85
37 53
98 105
34 79
48 76
34 71
116 68
91 92
13 72
14 34
9 55
80 92
34 104
5 65
6 112
50 76
52 101
36 61
57 72
11 93
50 66
98 113
7 19
99 114
33 55
30 94
44 49
73 107
72 109
46 96
83 100
66 111
16 22
5 62
6 58
19 38
68 85
117 103
18 87
32 109
1 52
114 117
48 117
91 100
16 40
89 110
25 109
14 105
71 86
4 27
15 64
1 118
6 48
6 52
47 65
46 71
5 21
22 45
12 55
4 71
8 33
6 41
118 43
5 77
109 111
11 79
14 101
14 116
10 95
49 113
39 82
10 53
117 95
69 115
32 84
52 67
72 101
72 95
10 52
22 44
118 106
55 83
58 113
72 105
73 96
48 118
45 47
20 114
52 110
12 117
25 110
8 50
73 81
71 107
33 114
0 98
117 118
117 7
67 83
21 62
55 72
3 55
34 60
47 76
21 95
3 14
22 78
59 73
54 100
45 64
4 112
28 47
52 91
41 104
53 116
48 85
89 112
26 27
10 22
33 46
35 55
20 67
39 115
60 61
0 104
2 73
3 56
103 116
29 103
25 113
29 84
102 109
44 56
50 104
39 90
118 36
3 88
118 59
25 97
27 36
31 71
45 49
117 15
119 96
8 35
14 40
81 112
31 109
31 65
86 109
73 77
31 73
63 102
23 53
23 29
88 99
0 99
47 108
60 65
64 113
118 100
1 64
6 81
58 67
43 114
81 87
14 97
13 71
63 97
1 86
45 106
67 106
10 85
47 79
80 95
1 80
64 81
60 72
119 74
45 101
28 51
5 24
22 115
28 43
40 97
7 54
18 114
25 111
15 39
62 106
41 50
38 61
7 82
79 93
21 40
118 79
53 72
13 88
67 76
112 113
53 63
4 77
117 33
8 71
60 105
10 18
63 87
32 38
50 62
48 49
56 95
28 115
107 113
31 54
78 107
55 68
58 101
65 108
78 109
61 79
116 46
13 48
97 106
51 57
39 91
26 37
100 104
70 82
29 51
88 102
30 61
42 84
28 45
18 104
43 115
116 7
40 69
33 58
27 56
47 54
48 111
56 79
27 71
16 81
28 31
11 54
61 100
15 66
95 108
14 78
50 101
66 112
46 109
1 46
17 18
49 106
19 60
19 84
48 82
71 110
11 67
60 95
40 73
36 103
13 75
36 95
44 71
65 116
97 115
55 115
5 9
30 102
20 27
