21 119
10 55
10 111
31 112
17 28
29 53
4 77
66 90
21 31
28 107
62 90
119 113
50 55
3 81
10 19
70 83
119 5
4 51
33 93
5 85
75 114
84 113
33 84
10 31
20 112
94 117
57 60
19 21
118 99
119 95
68 97
25 72
56 76
9 10
29 81
3 53
45 74
30 38
117 12
7 41
115 82
7 90
37 55
62 109
30 72
54 81
117 62
75 78
8 40
11 89
10 116
54 103
23 37
77 79
83 84
27 92
7 64
31 95
53 65
14 108
27 109
52 90
44 98
63 77
9 96
24 90
12 21
8 85
83 118
15 73
54 69
6 114
58 82
43 101
51 56
57 99
39 92
47 89
3 102
78 119
51 97
10 59
46 60
27 100
1 12
82 103
78 82
68 109
28 105
31 82
116 44
28 37
25 106
26 44
48 101
32 110
4 83
39 95
8 63
10 26
20 50
43 104
41 43
34 75
10 112
23 79
37 112
50 65
43 82
13 39
1 71
22 38
18 64
94 114
9 109
119 25
20 95
61 101
48 85
35 80
26 114
4 39
70 106
22 32
5 40
14 74
119 106
24 70
18 33
44 46
34 72
32 65
117 113
41 91
38 66
23 60
65 67
55 108
4 62
26 53
119 89
45 47
19 41
21 34
1 39
11 97
33 68
64 116
6 107
31 87
43 72
83 116
26 48
50 104
91 93
34 94
14 64
63 67
60 62
117 11
9 115
41 112
4 34
74 82
78 86
111 118
32 59
10 108
104 115
50 56
33 59
117 48
116 72
46 116
37 82
1 10
76 88
30 61
79 116
17 101
23 72
63 118
44 51
88 103
15 47
72 112
108 114
5 16
2 44
54 94
18 113
85 93
6 30
74 104
21 43
11 119
119 108
11 114
14 80
114 61
64 87
75 90
66 113
117 13
63 88
72 106
19 95
103 107
56 97
65 85
8 61
18 81
4 8
2 58
59 106
100 114
0 56
45 105
45 46
118 91
14 28
23 82
38 67
17 37
43 44
70 86
73 101
11 49
44 74
25 59
22 98
43 92
25 68
14 52
57 87
56 82
49 80
3 78
48 106
11 82
26 39
100 119
19 70
9 15
39 65
54 71
6 88
40 65
2 108
84 88
64 72
114 103
73 92
1 72
43 102
103 117
78 102
6 56
54 117
64 65
105 106
40 115
37 73
46 81
5 19
55 70
91 114
61 89
117 10
35 93
1 104
48 72
79 115
46 86
36 66
20 93
12 40
7 37
116 77
23 38
117 105
0 100
81 92
119 77
44 95
26 56
3 96
34 40
44 82
41 61
47 79
57 94
27 89
56 89
100 107
46 55
25 91
63 109
119 74
42 88
33 81
114 93
24 82
8 54
7 85
6 79
33 64
46 82
96 117
51 75
59 96
16 88
28 34
38 81
14 78
119 40
118 75
54 98
20 38
116 74
42 81
100 112
46 93
55 107
11 57
35 99
34 95
54 112
94 110
64 97
80 115
38 115
62 74
31 35
20 97
26 32
57 98
16 114
48 54
6 102
10 42
8 17
11 62
26 43
13 119
67 89
26 59
39 50
116 30
31 60
115 30
13 105
43 115
8 39
45 82
71 87
11 41
13 67
17 41
93 95
118 22
17 24
82 108
41 52
37 90
49 81
36 96
104 119
31 85
7 110
7 95
56 84
62 83
61 87
59 112
114 84
78 96
30 103
3 9
90 102
3 95
11 24
30 73
7 58
55 104
2 69
53 55
83 92
7 91
113 118
119 92
89 106
72 81
95 102
37 65
49 119
9 48
32 103
32 82
49 66
24 100
16 92
23 99
34 37
36 113
15 26
97 118
5 39
36 116
14 111
61 65
85 87
33 47
69 88
114 77
88 99
36 58
66 107
116 23
65 75
7 21
16 30
62 93
33 91
115 22
65 100
60 104
1 106
27 81
25 67
37 76
6 58
10 105
78 101
46 66
7 114
14 47
116 92
61 103
20 115
15 53
64 100
60 110
39 51
115 102
114 78
74 103
12 87
19 31
117 39
116 3
5 53
13 104
115 58
24 62
44 54
65 70
67 103
8 90
0 50
24 55
115 111
31 58
74 109
26 40
11 29
60 67
10 76
69 93
9 30
17 82
3 91
38 40
5 55
36 59
1 57
35 52
31 79
25 60
16 72
115 94
23 58
33 107
60 94
97 113
47 95
27 116
9 105
98 107
41 45
1 16
48 108
72 88
14 71
26 74
31 47
73 74
2 83
24 40
6 31
12 106
45 118
42 69
41 117
17 73
11 110
62 84
9 17
0 84
3 108
19 67
116 43
116 113
73 103
22 64
118 66
73 94
68 111
0 21
119 44
69 114
114 38
100 113
30 37
73 104
62 97
51 94
21 73
27 79
45 78
56 59
18 51
90 95
105 114
116 93
7 78
76 85
66 77
14 103
11 74
67 80
28 117
34 96
116 33
24 38
8 48
17 36
117 6
56 67
19 33
23 67
20 98
17 40
118 53
12 23
6 96
38 58
6 80
2 38
74 96
42 111
4 111
59 74
63 79
117 46
76 109
68 78
54 87
59 91
114 20
66 79
34 108
30 105
16 39
114 48
57 97
9 59
19 113
34 53
19 43
40 102
66 103
96 111
61 99
41 77
82 107
118 24
15 39
79 87
14 85
69 105
6 101
95 96
72 113
15 16
96 103
11 103
24 87
50 81
2 72
62 107
7 98
25 90
64 82
29 50
13 74
44 71
33 43
20 99
88 117
7 119
38 99
38 88
47 84
48 113
63 84
35 118
99 105
64 85
38 77
32 48
22 45
22 43
8 101
58 68
44 94
7 70
53 59
0 99
53 107
66 81
64 91
20 26
66 100
49 110
29 37
17 45
37 92
59 86
7 94
49 114
117 36
22 54
81 118
5 61
52 119
3 117
115 96
100 103
28 84
116 88
18 110
4 105
19 32
7 92
69 79
46 114
78 112
85 102
35 107
118 77
45 114
9 93
69 110
28 31
40 66
3 39
116 20
16 81
51 54
16 67
29 45
18 76
21 68
33 99
32 100
58 112
105 119
112 115
4 25
12 90
22 71
23 41
79 99
18 112
25 116
43 70
27 107
72 87
118 69
36 75
41 99
58 74
98 111
29 44
0 8
27 84
43 117
118 96
75 117
51 77
114 86
11 104
53 105
13 22
44 60
72 98
25 44
1 7
45 98
84 112
38 108
30 80
10 51
59 89
66 83
31 44
53 101
22 107
73 111
27 112
50 90
46 102
40 62
13 116
93 94
77 102
25 99
8 38
65 79
62 71
119 31
18 20
30 84
12 37
59 62
49 77
117 98
22 75
9 22
42 100
23 24
5 109
23 35
17 42
13 29
0 12
40 57
1 91
2 41
12 28
18 58
40 91
3 47
116 57
94 99
68 104
35 53
73 96
56 61
101 109
50 67
5 76
29 111
50 58
115 101
20 72
42 48
10 113
61 106
14 93
52 53
99 112
40 41
117 106
0 2
20 75
22 108
28 106
119 80
3 26
1 111
49 102
2 33
32 79
21 105
22 63
42 103
6 38
22 49
77 104
46 50
4 64
9 66
58 76
23 62
27 53
23 64
115 29
39 72
39 44
14 39
27 71
14 53
31 56
72 109
52 67
23 43
68 108
40 95
93 111
32 73
115 48
34 46
78 106
40 46
4 54
87 109
61 73
70 105
57 100
43 90
30 98
42 104
2 13
20 41
61 118
50 79
9 82
2 10
49 73
30 110
119 101
114 29
61 76
14 21
13 68
3 19
47 76
60 87
31 71
56 88
50 86
118 40
65 113
61 63
51 83
32 92
118 72
17 31
100 105
17 39
58 113
118 101
13 19
57 65
27 64
35 45
6 39
50 107
6 118
94 100
83 90
34 102
45 53
115 11
6 28
2 76
118 8
29 98
39 102
99 108
27 28
116 49
59 71
4 61
3 5
24 79
2 14
52 66
23 73
18 52
40 116
80 90
23 32
81 90
48 90
0 10
11 53
22 86
26 42
54 73
20 34
3 17
71 98
62 66
50 113
23 78
116 18
31 76
45 117
20 44
14 112
115 70
9 97
18 99
116 91
118 2
49 67
115 35
65 74
24 58
25 73
17 22
51 85
14 99
37 63
18 50
36 60
2 75
1 64
61 72
1 14
20 85
56 90
20 25
21 75
63 80
115 59
36 74
0 81
71 118
35 56
11 66
88 118
111 112
7 69
116 9
14 34
69 92
34 54
13 90
27 30
57 82
28 59
36 107
25 87
1 98
41 63
118 100
35 71
43 48
101 117
92 99
119 66
52 101
26 116
119 86
110 114
109 110
72 107
43 61
57 71
54 119
16 27
35 44
30 87
56 69
30 48
17 72
88 96
72 90
25 29
118 112
4 113
117 23
51 113
18 86
6 45
4 66
0 92
59 92
13 81
37 72
1 119
4 32
17 83
42 116
11 107
33 38
13 108
18 47
21 67
76 101
110 111
6 78
62 79
36 99
119 85
13 88
15 62
66 72
64 114
117 40
114 58
52 111
116 41
83 96
40 107
4 49
2 81
61 82
41 82
5 52
79 95
58 108
76 86
72 97
16 46
9 13
34 71
42 59
75 94
5 113
101 107
1 19
15 76
60 82
43 53
94 102
73 88
23 74
37 94
25 77
13 48
73 85
116 110
38 70
27 63
48 66
38 41
28 52
67 114
58 97
78 103
64 113
107 112
24 83
55 57
22 30
40 59
6 82
2 77
39 89
11 37
84 93
3 37
115 71
24 81
34 86
54 114
4 21
20 102
118 105
4 73
73 84
18 48
67 72
34 47
68 89
28 88
16 108
71 72
79 102
37 97
25 112
4 80
75 98
50 88
44 114
116 32
29 61
55 68
81 103
118 73
1 67
37 44
117 78
36 52
116 7
18 26
53 94
10 91
14 33
1 103
72 114
7 75
10 86
60 119
86 118
16 99
4 82
72 102
67 116
32 53
0 93
65 99
52 96
77 109
115 113
1 41
73 77
0 110
20 118
36 69
14 72
119 3
10 38
0 96
27 68
9 107
29 69
0 34
79 92
42 99
116 15
2 67
97 116
25 109
77 110
79 98
20 52
0 65
116 34
75 79
7 34
70 72
0 23
43 52
43 55
34 101
26 37
49 79
8 13
64 119
80 101
17 63
11 54
79 85
3 14
48 84
26 90
35 70
61 74
26 101
108 116
21 54
52 92
29 94
32 36
76 103
13 70
17 69
25 96
5 14
65 81
40 85
85 101
22 55
101 103
3 104
77 106
45 67
92 110
52 110
15 67
68 91
68 106
28 76
58 86
28 53
43 107
32 104
65 95
11 71
117 55
22 23
24 69
54 105
45 79
70 75
52 98
115 44
30 90
15 105
83 112
25 84
33 96
90 98
55 84
21 74
64 88
2 52
50 51
20 60
31 99
49 118
8 78
117 81
116 0
55 67
6 62
5 99
116 81
36 115
40 49
43 113
65 77
7 8
38 72
92 100
35 41
9 112
64 117
36 37
15 71
28 48
3 51
35 95
57 79
31 118
73 99
25 103
21 95
118 110
63 76
13 35
30 62
8 64
46 115
24 50
118 60
70 79
27 61
5 74
7 79
39 101
16 117
18 40
49 82
0 17
64 110
8 11
114 81
8 35
8 26
36 70
74 77
17 30
21 57
92 115
28 39
116 69
7 66
44 109
5 24
61 95
27 75
50 110
5 91
115 17
57 66
58 66
32 46
114 65
90 108
41 54
41 119
26 97
6 87
114 47
47 64
15 64
34 113
42 50
20 43
30 67
55 110
93 119
23 105
118 52
15 52
48 103
16 35
111 119
43 74
7 113
32 90
18 87
42 65
55 90
61 81
79 117
38 39
25 81
48 73
36 80
7 83
15 91
114 104
74 100
47 102
37 106
35 42
11 113
44 59
39 49
20 89
15 40
67 119
39 88
68 107
12 52
117 111
27 37
15 101
119 107
49 70
39 41
46 83
117 26
44 113
86 89
105 116
22 69
87 111
47 69
32 37
80 111
15 28
8 9
54 99
29 34
80 94
38 89
80 88
99 116
114 90
12 96
27 40
7 53
3 61
49 63
58 67
28 73
16 80
53 98
67 102
119 19
18 72
116 63
22 97
48 65
23 36
50 105
19 24
42 82
23 87
118 70
19 45
61 105
67 111
32 117
79 91
35 50
84 108
29 35
41 98
11 23
24 63
82 114
19 49
57 91
16 86
15 119
75 91
46 54
1 22
78 90
5 73
22 91
23 46
19 117
88 115
66 76
23 68
43 65
118 32
54 85
52 61
8 32
93 118
1 94
0 64
22 85
0 44
65 111
19 101
3 52
26 109
41 79
116 85
38 82
117 31
7 96
25 95
34 38
72 78
115 50
22 48
56 72
74 113
63 99
99 111
7 72
19 30
52 59
42 90
14 102
1 107
84 110
71 119
28 108
46 72
1 46
112 116
1 84
7 39
54 92
18 96
18 29
26 93
91 109
34 73
14 19
20 110
39 68
14 109
51 96
39 57
18 79
86 97
5 33
0 119
10 27
85 110
7 47
75 119
117 71
39 48
30 74
82 119
40 50
1 36
63 107
54 113
69 86
67 106
24 36
96 102
77 103
39 58
9 33
88 106
15 33
48 68
23 102
17 108
117 21
41 64
118 90
57 92
117 57
5 31
16 77
