137 159
68 94
93 104
36 79
85 88
85 102
45 119
31 110
26 100
71 83
39 76
43 66
75 84
90 151
74 95
87 121
40 165
23 60
98 170
54 112
44 59
74 171
50 132
27 62
70 154
23 47
105 113
20 95
19 41
27 164
2 146
55 163
73 122
0 112
32 132
0 120
5 44
57 168
21 51
105 120
34 80
40 63
52 174
98 136
72 173
74 129
46 156
11 58
8 166
133 142
29 144
179 65
121 142
12 13
28 89
11 178
170 70
17 67
155 174
131 136
42 174
100 124
16 77
140 172
51 172
64 175
17 167
58 115
35 160
17 20
23 61
3 44
113 151
62 140
0 39
171 47
16 113
37 167
48 82
27 158
26 68
176 68
54 148
174 146
177 163
79 150
179 126
177 121
90 152
87 106
52 157
25 81
14 39
2 177
92 143
179 15
30 43
89 161
103 151
65 137
88 135
83 120
171 68
9 17
31 142
78 86
179 0
84 106
61 136
84 148
172 19
15 169
77 154
64 169
33 85
45 137
48 122
15 60
17 127
135 161
38 108
29 143
16 57
153 167
33 118
67 167
19 53
15 25
3 71
27 123
125 154
96 116
42 64
59 81
15 81
175 76
4 138
42 66
89 135
37 116
138 144
24 63
151 153
31 49
179 135
14 129
88 127
36 136
73 101
104 142
32 89
7 149
168 175
105 127
43 101
145 160
94 119
35 129
101 149
13 179
75 133
117 119
174 1
36 81
83 87
65 110
3 164
6 86
17 142
63 158
74 152
14 52
129 165
41 50
66 114
52 151
4 107
170 8
25 167
121 132
19 50
42 47
140 171
26 47
4 31
33 50
62 64
99 143
31 126
132 162
176 93
65 67
174 97
54 98
29 171
76 147
27 156
46 149
42 63
89 178
172 65
85 161
12 136
6 68
45 109
56 111
21 163
98 165
171 124
100 137
24 92
93 169
3 11
15 110
155 170
5 173
85 140
92 124
135 173
16 42
30 130
67 146
170 84
11 179
2 54
19 166
34 95
27 118
23 136
128 152
92 133
66 105
66 129
2 39
112 167
173 43
120 125
12 88
170 154
50 124
24 54
7 116
17 155
90 137
74 76
38 54
106 134
171 16
103 106
44 67
10 129
137 168
50 82
172 100
179 23
86 87
132 172
65 101
179 33
63 173
11 23
41 171
36 101
95 116
19 60
42 137
31 85
70 119
178 163
84 124
97 164
92 175
83 165
53 98
10 35
96 111
95 135
34 156
29 177
98 126
27 51
88 179
2 139
56 161
43 47
23 30
174 56
3 145
104 129
95 137
40 56
29 122
27 32
71 154
94 153
54 177
22 98
55 134
40 94
1 71
23 100
104 146
111 113
176 148
85 124
173 36
108 130
10 93
31 129
39 168
90 107
65 100
76 161
15 48
74 103
21 96
176 40
126 155
3 151
154 159
143 149
84 125
5 135
52 166
6 42
172 138
38 166
137 147
116 161
13 39
96 163
90 112
80 112
13 162
41 155
155 175
173 17
88 167
114 138
174 162
73 119
34 130
54 178
7 56
86 159
64 151
61 86
77 98
142 174
113 153
94 160
121 129
45 156
83 154
2 105
6 121
66 174
136 144
111 171
50 62
15 161
17 164
44 175
80 98
4 38
9 82
0 50
176 95
61 125
86 114
113 145
179 47
73 164
2 65
43 95
40 55
15 50
22 43
88 106
17 140
79 132
31 133
47 172
88 120
58 166
47 105
176 132
112 140
47 132
23 48
173 92
8 43
49 147
43 93
36 50
29 112
75 99
119 133
2 58
78 90
75 148
4 174
24 176
80 136
21 103
46 53
44 120
30 161
53 102
84 151
29 66
4 91
13 88
22 118
114 122
157 170
74 127
63 100
97 98
133 141
5 31
109 172
1 68
106 163
53 91
82 166
178 29
14 76
172 16
9 59
16 131
22 47
29 153
119 170
52 92
108 143
97 142
2 72
123 153
176 61
61 154
43 58
81 102
72 135
51 178
94 98
123 163
112 126
73 150
131 143
51 126
105 119
97 121
36 78
30 57
4 85
143 176
32 57
56 158
44 130
5 115
173 44
37 62
109 166
66 150
98 144
44 69
60 125
13 131
104 136
30 103
98 141
116 154
75 109
111 129
29 164
80 120
51 90
65 142
48 121
42 72
61 100
77 140
73 142
132 170
136 153
12 118
170 77
138 179
135 166
73 82
79 131
88 114
73 115
172 95
74 107
161 168
37 63
9 160
24 139
35 69
104 163
103 126
172 121
32 129
11 66
46 140
14 48
96 160
4 41
3 139
72 125
26 54
9 70
57 165
113 137
19 98
89 132
68 119
22 113
170 81
16 150
1 88
14 171
14 97
22 102
46 57
92 147
56 102
14 103
67 68
73 108
65 133
124 127
43 92
12 157
17 89
83 139
3 74
21 49
8 109
5 55
175 109
165 171
31 159
23 87
52 150
18 71
69 82
142 164
91 126
177 97
131 140
47 51
67 70
17 141
55 104
56 143
49 169
37 113
18 28
4 135
1 7
8 85
99 123
64 85
27 140
171 19
36 163
141 154
156 162
82 127
100 120
128 155
3 52
16 165
41 162
10 73
55 167
174 151
36 127
171 110
33 83
159 160
25 164
7 11
66 98
112 137
175 119
37 164
51 151
54 176
171 161
1 66
172 91
4 80
18 32
120 176
2 73
70 145
12 83
9 37
175 41
36 86
91 154
2 41
174 53
134 142
20 138
112 138
1 92
90 142
46 152
34 158
26 133
17 108
37 52
93 99
6 22
57 80
87 170
83 169
60 66
172 24
124 170
65 73
29 31
172 165
45 165
22 136
87 157
56 177
77 91
57 158
178 124
73 144
83 161
20 59
177 111
75 116
93 126
41 47
86 92
84 162
13 89
176 17
103 152
13 66
99 161
58 127
48 167
29 54
115 152
19 175
57 86
178 75
11 75
1 159
49 132
80 123
43 138
54 59
65 176
52 171
39 169
50 97
34 42
92 137
20 46
66 172
142 157
16 75
87 163
30 123
13 14
3 146
170 29
133 148
1 33
14 179
126 134
69 149
82 178
98 138
90 177
173 103
50 175
58 160
64 97
134 177
149 176
77 160
38 52
28 83
172 173
20 151
112 142
32 64
45 154
68 139
57 150
40 172
70 176
178 155
6 47
172 72
57 101
13 118
46 52
47 159
19 107
17 143
171 45
0 169
25 166
22 109
9 100
23 80
156 160
15 52
53 141
53 132
157 174
59 156
34 109
170 67
49 90
49 122
34 179
46 64
82 151
100 109
18 21
172 99
73 95
26 36
170 15
58 71
70 175
137 143
147 154
175 80
44 62
5 58
106 115
68 104
36 92
6 133
23 88
173 90
66 178
42 55
115 175
24 178
73 140
4 145
100 159
173 153
20 125
179 128
175 65
48 144
130 170
8 83
93 155
143 178
10 119
22 117
170 121
117 144
17 31
28 103
170 96
54 73
179 21
115 154
46 117
74 133
177 65
22 76
136 158
81 85
23 112
47 79
95 105
16 164
23 161
58 132
173 34
50 88
29 120
33 136
165 169
40 136
5 82
66 112
39 73
135 147
17 50
170 74
23 166
12 39
98 142
63 97
43 62
89 150
140 159
72 98
170 163
76 156
104 178
36 84
46 67
93 143
26 125
124 139
134 149
6 62
83 149
25 42
22 177
67 107
5 40
17 137
44 52
63 178
88 89
78 97
119 131
118 121
13 106
62 151
37 174
23 101
174 32
114 115
35 155
76 149
48 80
1 129
3 72
91 101
67 72
7 128
76 121
178 110
148 152
178 55
51 70
1 106
115 178
171 57
56 113
125 179
18 123
171 87
173 29
92 161
82 83
1 110
51 160
7 40
123 156
85 126
174 118
72 114
34 117
71 112
86 109
110 137
175 49
55 102
173 1
116 139
51 59
104 120
17 93
44 144
30 155
61 168
69 76
23 114
94 176
175 156
37 110
40 153
36 178
95 128
9 49
63 78
2 82
1 48
69 137
26 113
142 169
56 162
12 21
171 77
43 128
101 110
52 105
8 79
43 76
95 101
46 48
38 131
101 136
106 124
8 158
96 143
34 53
28 36
113 152
168 178
97 130
104 133
66 96
67 99
57 172
30 118
58 66
94 115
73 175
48 146
45 49
6 162
50 112
177 53
90 174
33 77
104 158
174 128
89 155
86 124
32 82
10 56
9 164
10 40
133 138
5 19
119 162
30 177
74 161
1 20
31 136
73 170
39 77
46 103
177 156
16 17
26 124
71 162
55 147
25 67
177 78
65 102
177 137
82 113
64 70
65 120
53 154
79 139
81 117
170 47
67 125
171 123
178 33
48 76
62 68
68 154
122 127
60 127
5 142
8 154
30 36
134 156
6 164
106 131
157 173
121 141
126 177
122 139
41 156
50 67
74 148
66 128
22 103
175 162
176 77
12 143
85 136
72 128
161 174
153 174
21 165
5 122
173 41
18 149
22 55
24 32
128 144
84 90
57 78
75 90
10 76
6 137
174 126
61 73
6 25
88 164
4 70
131 160
59 70
3 51
79 171
4 171
148 154
32 106
100 112
80 158
14 81
36 122
174 69
18 102
178 130
171 2
63 110
3 147
32 163
96 98
94 121
64 160
178 165
36 100
4 87
105 137
38 90
59 115
100 178
21 137
65 113
114 128
27 65
3 158
55 68
5 151
123 157
116 131
128 135
80 173
137 161
62 72
9 34
51 125
7 16
170 28
137 166
19 94
164 172
94 156
6 101
110 165
25 48
155 165
97 145
170 36
178 25
23 147
11 12
120 178
37 42
27 88
26 74
119 173
176 38
134 144
7 115
88 137
52 84
54 63
19 129
31 41
48 94
1 26
106 139
79 124
20 160
4 105
38 62
4 52
116 136
31 165
1 34
57 115
170 99
93 160
56 146
89 123
58 149
93 165
13 151
17 21
18 30
51 95
104 139
88 112
44 85
32 121
10 161
61 89
45 155
34 104
26 140
46 123
66 108
13 50
10 21
118 179
75 89
67 160
47 162
77 129
54 175
171 65
34 133
51 163
27 171
170 75
105 164
171 84
60 94
144 179
75 132
76 105
26 46
58 169
83 88
0 83
171 135
179 60
10 71
140 150
55 84
19 170
11 83
171 178
66 161
57 116
98 124
68 172
62 172
80 172
60 130
65 79
89 140
33 154
23 50
46 66
85 154
123 147
66 132
19 163
112 148
63 159
12 158
14 63
36 179
29 119
4 16
62 125
17 168
29 74
91 134
26 123
85 107
95 115
119 179
64 162
59 107
42 115
101 154
20 121
172 149
27 95
83 93
21 107
36 66
59 172
171 59
14 77
118 128
60 174
47 71
134 168
48 154
79 117
13 136
13 86
89 157
104 170
44 165
24 171
8 97
84 132
19 140
10 152
14 66
52 82
40 126
116 133
16 58
65 116
108 162
44 93
80 140
7 25
31 54
128 151
3 85
8 174
13 142
82 110
105 143
9 114
39 46
18 154
175 0
16 89
175 94
137 156
18 19
16 144
82 153
25 125
144 172
115 135
174 51
111 157
33 164
95 107
44 56
9 78
177 91
172 111
55 88
19 69
49 148
18 158
55 117
172 49
44 104
11 177
50 138
23 153
107 151
110 150
28 116
141 145
54 155
29 60
94 141
63 123
0 79
40 92
50 150
19 127
31 174
47 60
3 54
39 99
74 89
125 136
9 22
31 90
41 167
28 178
175 90
55 130
50 171
70 138
8 65
94 117
44 160
30 165
89 173
46 148
0 116
102 140
142 167
70 131
3 133
11 79
50 147
96 161
14 19
57 117
104 177
37 68
154 177
46 108
175 15
159 175
78 129
31 168
103 155
158 161
2 170
35 177
106 111
48 114
93 122
0 138
111 151
27 83
10 79
89 126
139 151
104 125
135 160
88 126
1 97
34 87
17 85
16 99
171 175
15 16
28 120
12 92
179 9
39 51
174 137
22 145
79 158
51 165
68 137
8 160
9 129
7 68
173 68
96 128
79 134
38 152
69 143
100 149
22 134
116 157
20 91
38 42
52 177
10 102
140 164
53 143
6 31
81 100
64 157
68 90
11 126
76 116
83 104
121 164
72 73
11 157
143 153
75 135
100 157
18 148
170 113
122 124
10 163
2 109
67 140
51 128
37 82
11 101
24 107
29 149
87 122
7 50
4 134
15 120
77 119
50 131
75 139
21 157
76 151
134 172
15 137
37 148
35 115
177 7
134 163
31 91
78 103
175 58
112 131
65 162
9 39
56 110
5 60
139 147
94 114
41 117
98 153
47 141
66 170
16 154
171 88
174 130
93 147
106 148
98 177
54 118
98 145
65 147
139 145
86 130
13 85
14 68
117 146
170 7
102 170
21 151
32 104
28 79
75 93
10 110
45 168
80 101
156 157
130 162
177 41
144 157
55 149
9 29
59 150
12 101
135 143
80 133
93 131
55 156
33 120
74 82
77 112
172 90
13 143
136 138
117 140
15 23
49 167
96 118
78 79
38 86
72 164
31 40
76 95
59 95
33 46
176 43
15 30
172 15
0 140
66 138
9 77
116 151
77 78
175 167
124 133
77 99
66 110
50 177
29 157
77 165
30 111
129 145
108 144
7 142
50 107
41 115
45 76
9 141
154 162
49 108
68 114
25 101
44 169
147 158
145 157
104 115
102 129
1 137
143 175
74 137
53 92
104 173
34 63
70 74
76 113
5 158
14 34
7 9
111 119
170 44
11 119
79 140
130 132
153 160
55 115
5 88
5 73
177 72
67 121
93 159
176 75
136 157
179 89
99 171
60 158
116 170
24 105
156 165
1 132
1 67
87 137
63 95
29 56
51 121
45 52
173 127
11 14
49 173
22 121
45 162
86 88
6 51
67 149
175 66
42 71
10 19
14 126
178 77
175 23
87 148
36 132
91 121
19 83
16 54
93 178
1 103
61 106
173 137
40 47
22 150
46 134
57 99
37 86
87 107
175 158
43 45
54 58
65 125
174 173
3 45
179 130
104 106
89 149
99 153
52 148
0 81
25 142
2 53
159 177
172 28
40 132
10 168
172 156
79 115
85 147
15 117
13 160
4 99
46 142
0 15
51 132
40 170
11 98
57 76
90 169
11 130
170 162
86 164
76 168
93 154
64 143
142 170
52 101
175 68
4 78
49 73
12 165
170 71
141 172
34 44
30 89
47 144
89 133
84 163
26 62
46 98
178 144
94 100
146 178
4 136
171 158
25 70
172 78
21 81
41 163
1 54
55 105
69 78
40 103
60 93
13 164
75 85
172 35
54 137
83 175
20 60
61 84
5 118
81 164
31 100
82 115
29 105
79 114
36 64
79 82
84 144
53 125
64 156
80 85
3 34
19 42
30 138
123 152
14 117
139 174
55 87
62 165
108 169
4 102
10 48
120 132
138 143
136 168
173 149
170 172
26 67
24 110
21 31
176 140
90 153
2 158
99 147
11 151
88 141
2 91
19 115
28 115
96 137
44 106
110 168
109 160
32 178
17 22
11 70
21 45
18 38
9 177
28 113
57 166
39 151
124 129
107 128
40 130
179 149
94 163
98 157
24 179
28 167
3 29
0 14
70 157
35 62
33 143
147 164
101 159
23 31
7 122
26 147
83 100
16 106
45 55
129 151
51 119
30 169
170 33
178 84
98 162
1 161
139 176
79 142
126 158
8 143
6 83
8 89
26 80
109 179
141 168
172 29
109 125
19 70
171 91
42 86
40 57
126 132
23 91
177 133
25 58
4 120
24 41
147 169
21 88
178 65
27 148
12 177
90 124
53 66
16 92
44 134
26 112
136 159
83 92
20 83
35 67
81 87
55 62
12 122
16 59
77 157
29 85
19 85
139 144
120 154
172 71
46 158
44 47
67 76
98 131
67 118
81 84
32 85
115 166
112 125
135 153
100 118
116 162
5 57
89 136
92 99
129 141
88 90
90 155
24 86
160 163
11 147
46 144
17 73
2 169
36 113
53 171
66 93
31 178
69 115
71 169
77 110
73 128
135 149
60 128
20 104
29 73
77 123
5 150
3 42
43 68
168 177
56 118
173 134
116 138
130 163
29 34
20 96
130 155
95 127
89 142
21 136
121 160
13 170
5 101
54 161
20 52
43 106
2 22
81 143
5 144
105 153
11 39
17 78
20 68
47 139
20 99
1 126
82 86
35 86
66 91
90 167
6 14
15 68
37 129
54 71
46 159
77 102
65 149
93 100
108 148
129 155
36 61
113 132
172 2
45 68
175 106
53 163
127 175
35 92
11 71
118 134
111 153
44 147
85 86
72 167
68 151
6 120
58 69
47 120
31 77
5 6
10 23
145 156
30 73
127 149
39 80
21 47
105 158
60 143
102 156
122 138
65 76
69 148
22 161
175 22
29 30
11 68
91 146
118 158
20 154
75 147
13 149
79 128
81 115
87 153
25 148
49 50
30 160
103 125
17 115
107 115
115 151
164 165
44 76
12 56
0 8
30 102
8 22
35 49
170 38
14 65
103 149
174 18
97 143
44 89
111 162
73 118
177 27
17 71
96 176
10 43
15 88
2 44
85 177
81 142
24 49
32 167
132 168
2 128
24 120
18 163
93 130
102 137
174 125
136 147
118 177
58 87
35 148
12 42
80 167
42 103
71 168
84 91
5 62
178 52
57 132
139 171
115 160
141 165
72 108
8 35
125 151
175 2
175 24
61 76
60 148
78 109
171 40
121 150
59 126
19 136
92 104
52 97
7 52
22 144
179 100
63 134
107 127
7 78
33 66
43 85
57 85
0 11
175 154
55 110
15 164
0 68
22 157
154 174
68 73
145 147
9 85
19 62
35 95
51 69
31 80
66 167
143 165
34 99
171 0
175 149
1 87
13 37
175 42
97 128
113 164
25 120
53 119
30 167
30 140
70 108
35 71
9 35
46 151
133 168
136 149
86 162
20 36
8 32
44 178
20 86
171 130
21 172
2 76
128 142
80 152
49 140
106 109
76 159
7 32
178 88
67 126
122 167
177 165
18 20
93 120
55 86
123 174
46 146
33 146
35 109
100 170
87 124
68 153
80 151
51 72
136 172
10 58
175 37
13 35
109 127
88 92
75 79
27 96
41 59
101 179
16 94
36 76
25 82
34 100
115 139
37 105
80 100
112 128
178 97
68 117
67 164
83 156
60 81
55 65
60 139
72 84
58 110
45 140
149 177
104 130
14 141
133 164
21 116
44 128
75 175
40 65
35 68
51 104
177 161
92 112
173 55
170 43
33 52
45 53
39 155
138 148
174 83
106 178
174 80
11 46
36 49
6 149
43 69
80 179
8 169
31 67
42 176
91 150
45 110
103 166
21 132
84 105
53 101
111 115
66 100
59 178
41 44
59 73
72 105
171 80
32 175
172 89
79 121
6 178
164 171
23 95
82 148
69 79
56 75
175 178
127 172
17 107
171 8
105 162
53 127
49 83
52 63
40 128
51 115
18 112
176 50
83 122
13 56
172 129
46 126
25 76
5 81
24 116
97 149
95 139
14 41
73 78
129 177
104 141
73 131
110 164
7 96
178 112
2 167
13 104
68 155
88 170
45 99
54 156
108 134
56 66
42 127
86 94
105 135
171 162
72 162
171 156
49 99
177 167
177 106
5 14
71 166
0 80
86 120
90 148
179 59
52 110
84 152
170 110
179 146
62 155
42 155
28 164
62 116
80 157
79 86
22 35
72 150
25 150
126 176
124 125
33 76
44 113
36 137
40 122
38 169
33 130
31 102
173 39
76 114
81 92
103 158
45 65
110 113
9 159
102 130
45 118
100 164
27 159
26 128
47 66
82 170
96 158
171 17
11 74
24 65
94 168
174 70
83 148
42 146
86 99
12 162
82 133
112 120
51 89
3 61
95 145
15 78
10 156
176 28
8 39
80 145
178 145
0 67
78 99
15 145
174 179
142 147
25 126
11 132
77 137
35 118
35 132
115 164
35 66
123 179
36 104
179 122
57 106
77 115
179 112
171 154
80 162
107 158
0 100
130 143
41 100
16 70
13 59
178 74
18 93
175 133
3 114
57 92
31 76
88 102
0 89
177 140
22 123
128 141
135 177
11 64
38 78
91 160
6 76
11 107
154 168
178 142
4 150
55 107
98 99
70 153
72 76
9 86
52 112
1 10
69 77
171 133
146 171
107 149
55 79
29 115
123 128
67 90
133 137
172 52
43 65
20 147
49 105
21 106
173 155
68 178
122 152
68 158
175 166
3 110
70 107
16 61
106 149
7 123
176 20
54 108
21 64
18 109
46 133
5 108
100 141
176 67
177 38
173 40
63 98
172 147
39 101
147 161
91 155
174 96
114 140
101 116
7 63
135 140
78 95
87 127
117 143
75 155
47 121
4 149
1 56
79 156
54 57
61 157
102 164
170 91
82 150
44 123
112 139
173 123
119 144
163 179
47 53
20 179
63 91
2 18
59 120
70 177
177 71
27 54
42 112
9 30
9 88
39 130
130 148
41 172
5 21
37 97
68 96
97 173
125 140
18 80
29 99
11 137
178 140
118 127
158 167
118 132
179 3
62 166
35 119
36 151
55 83
123 130
62 156
178 126
37 39
19 95
29 148
45 51
119 125
99 138
59 163
6 48
22 146
18 135
96 175
91 173
10 173
101 138
11 141
36 141
66 111
14 85
22 48
22 149
94 162
86 133
53 138
13 137
68 123
71 81
30 120
3 81
16 109
47 65
10 115
61 91
4 124
16 121
26 146
65 167
19 38
43 67
75 83
120 164
76 171
174 57
70 169
15 64
79 110
35 128
121 148
136 165
3 143
72 122
172 26
74 85
9 133
40 79
70 155
47 87
3 122
8 151
21 167
150 162
65 93
116 175
178 95
177 79
15 116
64 171
43 161
30 113
39 66
3 25
5 96
23 162
38 49
176 125
24 68
69 126
32 157
9 65
48 88
89 92
49 72
24 144
90 162
104 161
97 114
110 161
86 116
0 134
47 146
109 164
132 150
119 141
39 150
5 146
88 155
5 121
91 137
170 11
90 164
18 81
174 25
96 126
11 142
90 150
94 165
175 177
115 144
102 152
50 170
52 165
81 120
72 117
54 114
144 151
18 105
69 124
44 91
84 147
90 136
21 104
179 91
44 81
64 173
173 8
78 159
6 16
8 13
57 155
144 145
35 147
179 45
75 78
11 18
51 120
18 72
133 176
125 160
107 114
92 123
123 148
35 174
21 160
111 156
65 138
179 86
69 114
44 131
38 119
55 82
116 152
114 179
72 174
83 176
98 149
85 137
62 118
15 101
15 51
96 172
17 138
18 152
114 162
77 82
122 131
62 160
2 97
8 161
40 50
100 145
60 135
12 69
114 116
13 168
67 141
6 11
53 74
24 142
78 171
138 154
75 108
16 110
38 53
0 178
14 54
21 124
42 140
115 156
89 158
5 26
23 108
179 43
17 66
61 101
23 57
13 161
48 177
123 143
97 132
177 67
123 125
16 124
112 141
154 173
65 165
20 43
28 118
2 153
129 149
110 167
74 131
128 158
66 144
31 151
17 153
68 86
4 92
26 143
40 68
114 167
146 154
64 114
27 115
48 68
47 80
27 58
55 139
63 133
44 51
141 157
43 139
120 130
95 147
146 169
18 126
38 156
36 139
56 71
38 138
179 61
50 87
148 168
83 159
81 114
1 117
10 32
32 87
122 166
101 137
45 88
57 58
12 48
68 133
42 124
23 123
116 163
73 130
9 10
74 111
4 23
71 160
134 150
153 159
8 122
8 17
45 163
101 151
174 88
16 50
8 36
3 171
45 174
41 66
22 148
50 110
0 148
74 136
7 14
5 113
12 139
46 114
41 75
84 166
151 168
60 164
16 104
139 168
28 117
54 104
9 151
77 92
27 161
73 112
6 54
131 165
170 95
68 120
111 176
92 117
47 52
125 159
32 83
151 178
20 119
82 156
59 71
86 108
171 15
44 87
51 148
57 143
41 92
8 111
171 157
101 177
21 143
147 178
37 47
62 134
170 169
173 2
41 74
173 116
53 88
62 133
82 131
9 84
173 168
39 100
86 118
158 162
30 67
94 170
30 172
174 99
4 175
141 173
35 122
46 102
37 154
66 71
23 164
82 108
0 27
16 35
117 171
100 146
17 174
19 158
58 145
32 113
15 74
124 165
41 165
111 147
10 142
78 165
107 123
173 158
44 114
35 39
172 13
78 127
54 65
49 145
27 53
81 176
179 104
34 112
80 141
55 131
25 175
173 101
125 170
172 154
36 51
136 150
60 65
102 173
87 155
38 121
6 36
11 78
4 126
37 100
2 147
79 137
171 151
6 102
1 133
176 171
23 102
40 148
177 112
74 142
174 104
34 92
116 118
66 103
50 51
78 158
69 157
26 38
31 56
41 119
178 114
38 143
94 122
16 84
149 151
58 95
133 153
84 119
14 51
2 161
7 8
28 161
171 51
44 157
118 159
48 84
50 61
18 164
175 123
177 166
90 120
170 53
44 83
1 72
178 3
148 149
76 120
8 87
24 173
51 101
40 133
16 118
29 98
175 14
114 125
7 118
93 113
83 131
42 70
121 125
179 111
133 163
87 141
91 102
8 130
12 167
1 130
173 15
26 89
66 94
25 35
107 129
50 113
82 97
178 67
22 83
47 98
67 127
27 145
103 168
53 72
171 179
66 146
179 56
62 97
133 179
87 118
73 89
171 120
35 120
73 156
80 93
133 165
60 160
94 127
64 68
61 105
14 20
124 159
74 90
103 159
172 101
90 129
5 38
0 58
148 150
17 177
50 72
135 167
92 126
172 70
8 132
138 177
124 126
63 152
5 92
6 107
86 89
115 145
170 39
24 39
62 153
69 101
5 9
178 131
30 53
28 93
56 88
1 104
77 164
171 39
1 85
21 43
171 105
4 155
70 87
87 112
60 118
17 126
26 30
16 85
25 34
175 43
29 68
30 51
67 151
73 100
46 115
38 41
33 59
20 129
41 69
178 153
8 76
134 140
34 164
46 179
20 58
18 76
43 148
5 54
66 89
53 118
32 50
79 155
3 157
172 107
174 0
114 127
28 102
52 106
64 145
132 142
128 130
173 166
74 159
25 109
34 154
64 139
0 71
57 127
78 141
49 86
60 167
43 166
74 179
5 170
75 81
125 149
79 83
25 179
30 114
51 161
7 23
44 98
5 61
21 120
18 113
21 170
102 169
58 131
45 176
83 107
63 66
28 160
27 36
109 168
28 154
167 174
3 75
165 175
179 137
84 156
115 159
25 62
24 165
62 100
73 162
32 128
167 170
4 34
25 156
19 102
7 179
31 83
1 19
56 81
86 167
156 178
68 111
99 136
58 177
26 71
177 33
171 81
95 151
46 54
24 163
66 159
173 126
28 42
60 85
80 92
92 168
59 145
76 88
98 133
33 88
74 153
11 52
104 155
178 62
118 130
96 107
68 92
128 136
67 117
78 178
138 150
10 63
153 161
30 166
173 56
140 141
63 90
63 70
105 117
172 122
12 52
50 53
62 69
6 163
81 109
55 101
74 138
25 85
10 30
174 36
102 121
31 72
70 112
16 53
94 144
131 170
40 116
44 48
0 128
174 143
97 105
22 91
170 16
175 144
115 141
101 153
178 127
110 128
34 160
122 175
18 39
5 18
4 123
26 92
179 166
179 4
123 177
90 157
43 115
13 82
24 64
177 55
5 23
28 48
35 179
99 166
5 47
179 38
19 106
129 148
63 118
174 172
137 167
71 134
112 129
72 79
124 153
86 157
23 130
175 39
140 142
19 126
12 98
23 26
33 69
33 162
58 157
28 32
23 176
82 164
159 171
0 56
0 121
14 60
39 148
86 127
4 104
179 42
18 151
37 59
30 35
25 69
5 139
45 142
114 137
27 52
47 174
28 137
133 170
104 117
4 58
9 60
83 137
8 128
109 118
52 102
13 19
154 161
43 63
10 139
88 132
61 167
46 92
106 117
80 99
173 160
14 128
59 142
176 22
28 158
26 65
42 173
161 164
82 134
125 175
85 178
82 106
10 89
16 90
177 150
178 86
20 100
9 117
4 121
38 136
26 98
39 125
14 170
173 121
147 151
64 123
62 128
20 118
11 117
15 85
129 178
112 166
152 178
21 138
171 85
105 176
69 162
7 71
85 173
17 56
107 122
70 110
18 67
53 71
80 164
60 142
95 114
62 146
46 150
173 57
113 142
140 166
42 170
10 117
70 151
118 146
114 170
172 76
78 84
38 126
18 47
2 132
179 81
88 91
18 49
21 25
84 164
43 165
178 60
179 30
53 58
109 150
76 89
44 136
141 150
77 94
136 173
0 85
44 71
60 98
29 136
171 122
21 174
136 166
121 130
40 158
34 35
170 24
44 116
65 127
75 118
2 137
43 113
174 55
96 151
39 120
5 129
175 91
24 59
37 111
16 149
25 98
68 128
107 175
100 105
174 46
121 133
16 114
2 70
67 161
19 78
147 156
73 106
108 161
24 28
173 146
96 148
119 136
2 20
42 81
118 156
8 59
24 50
101 120
3 166
61 153
35 100
41 132
124 177
6 165
79 103
70 80
135 164
21 27
1 95
82 149
127 139
143 154
44 68
173 25
121 156
27 102
59 113
77 134
64 126
92 156
6 82
150 157
22 112
172 153
39 91
106 153
55 137
12 74
31 63
45 139
13 46
33 119
52 79
46 49
84 179
19 28
44 153
47 118
66 163
170 105
135 176
178 158
61 93
94 107
89 90
135 168
125 133
2 47
174 106
37 176
70 129
91 117
27 134
4 20
50 111
113 143
84 87
90 147
157 178
40 151
75 141
43 53
35 139
35 165
83 91
17 84
47 95
64 165
15 168
33 37
21 92
108 174
130 173
144 154
10 72
93 128
6 150
119 177
7 55
133 174
43 153
75 179
86 146
34 66
101 122
0 72
133 152
34 134
44 103
22 129
76 82
88 154
5 134
35 145
63 119
75 156
23 109
48 125
3 86
82 101
49 89
161 163
0 12
70 168
41 57
37 114
23 149
32 73
145 152
49 134
76 93
3 154
9 66
7 46
170 160
92 170
86 105
5 51
100 148
14 147
176 123
85 152
21 152
171 113
173 33
176 117
90 100
83 138
41 96
98 164
5 174
57 96
27 131
3 64
82 92
56 86
124 145
1 105
79 98
91 120
6 8
7 130
70 166
131 169
85 139
120 143
158 165
90 114
123 155
39 127
10 31
80 149
89 134
19 130
25 165
23 78
65 88
98 161
112 153
108 114
178 49
175 145
34 123
52 115
30 149
18 129
33 47
48 58
157 163
45 124
129 142
21 75
46 93
43 120
44 94
140 158
67 159
39 98
82 93
28 168
45 131
64 119
109 151
25 55
41 68
92 176
175 82
179 154
144 165
94 128
39 141
145 154
66 173
11 37
45 151
65 71
33 40
172 10
178 20
102 155
34 79
24 76
118 155
36 83
64 99
43 84
3 49
69 92
1 38
34 161
171 23
126 175
50 102
146 156
67 174
23 139
37 117
55 122
0 64
133 146
20 122
49 94
55 154
89 130
120 172
77 85
39 68
2 130
128 173
100 163
31 143
4 166
30 148
2 9
24 129
10 81
104 151
81 160
175 85
31 154
