74 113
15 199
117 128
79 174
46 120
15 164
1 109
99 211
113 134
1 191
133 192
246 116
240 187
243 90
20 174
32 140
235 61
248 195
129 211
187 223
155 231
174 192
68 212
249 59
41 241
0 123
131 191
56 132
8 93
94 121
249 127
89 239
134 190
78 194
241 103
202 212
2 198
27 48
105 120
119 208
87 94
112 138
149 214
212 237
18 176
99 164
60 118
76 93
86 89
61 64
27 204
243 178
141 231
127 218
23 212
92 182
1 88
8 210
245 58
98 212
1 220
23 236
50 232
11 57
241 25
157 215
78 190
76 211
66 202
52 244
50 151
245 229
67 71
237 62
152 212
137 238
200 217
100 211
119 157
84 229
86 189
96 175
7 64
192 198
44 185
61 171
69 207
69 142
101 190
8 247
56 215
235 165
162 167
236 74
107 143
34 204
37 152
71 248
53 189
103 149
33 162
95 176
46 60
110 139
21 51
230 234
185 228
9 85
69 176
119 234
22 92
21 83
22 134
247 118
4 23
10 218
115 210
234 24
90 101
49 240
140 223
5 238
158 185
43 187
21 130
65 209
18 49
61 108
53 199
16 211
6 149
125 151
75 175
127 148
36 195
104 147
72 182
104 213
105 218
50 230
121 240
94 192
83 153
249 110
47 65
157 174
48 164
234 103
34 87
25 99
23 165
64 203
116 176
21 148
32 126
130 201
43 157
249 65
34 212
126 229
80 192
161 222
149 229
50 183
119 217
239 136
182 228
29 93
85 120
248 155
24 85
16 147
131 190
108 205
142 209
25 105
232 49
245 45
195 223
234 82
117 201
193 249
24 198
218 243
188 191
127 158
23 114
178 224
91 133
29 92
37 90
76 189
139 148
89 163
59 147
52 67
59 233
43 241
126 188
182 221
57 242
51 160
231 126
17 191
11 135
119 130
81 189
207 231
54 243
99 120
22 69
165 179
57 114
238 151
172 178
97 211
81 170
143 186
40 106
9 125
3 107
29 80
155 223
244 172
75 83
18 186
46 226
99 216
49 124
46 52
70 176
14 170
46 116
101 166
194 222
76 239
110 209
128 160
17 30
74 214
67 119
126 186
190 244
231 127
91 215
26 89
190 238
155 225
84 134
20 112
96 158
15 133
232 41
16 122
188 228
161 242
96 132
35 162
22 220
102 174
176 235
124 209
151 175
80 85
47 158
0 118
137 234
73 209
236 44
21 74
11 191
233 57
212 232
193 226
62 201
57 101
239 144
234 17
162 223
112 180
70 108
8 191
218 242
193 194
24 117
83 228
19 172
249 164
38 215
248 31
247 153
118 139
133 223
126 246
150 204
174 220
175 176
152 219
68 168
8 31
72 77
84 176
245 155
242 46
233 96
234 238
1 99
142 173
24 50
89 224
38 119
7 8
68 137
212 234
30 197
64 205
148 188
87 160
67 75
124 134
139 245
113 247
18 164
80 234
216 245
110 239
61 249
35 180
149 207
237 74
15 119
228 231
30 242
47 150
85 100
63 216
164 236
144 243
50 163
60 170
72 235
160 240
33 45
9 229
101 121
186 241
20 131
235 48
168 225
120 161
6 35
99 107
17 175
15 111
30 78
73 245
77 124
239 184
41 223
72 79
154 186
60 149
11 192
121 224
26 187
26 101
65 155
64 101
82 216
99 184
76 246
234 222
32 129
47 181
240 78
24 219
1 213
63 65
62 127
43 49
209 214
126 129
17 94
194 210
129 160
138 210
60 195
145 157
176 199
249 90
31 131
242 226
115 157
31 219
29 213
244 112
81 225
238 214
52 166
138 204
117 136
29 91
54 192
10 168
146 172
5 134
81 221
101 142
247 151
240 174
245 228
230 148
217 234
76 227
178 245
113 141
23 222
61 144
57 225
32 236
178 219
194 231
11 126
0 213
233 20
30 179
200 227
184 189
40 82
249 231
138 227
136 199
16 175
233 126
113 212
175 214
29 154
244 23
234 126
19 110
140 234
98 118
60 221
232 211
44 50
31 46
88 137
14 99
78 207
231 41
78 151
6 135
3 8
41 186
20 168
237 214
101 177
44 94
103 152
37 104
38 47
244 122
8 99
43 198
17 225
236 47
38 204
48 76
55 58
72 249
86 181
13 53
247 1
67 186
9 80
5 127
192 211
31 90
102 167
75 172
50 160
61 183
143 175
106 177
50 228
161 180
146 218
1 143
115 236
12 194
71 172
110 130
56 232
122 225
230 179
136 192
29 58
80 145
121 149
237 106
67 68
17 213
19 34
40 218
20 26
236 101
9 243
21 120
70 72
49 122
177 188
92 132
214 226
166 169
33 203
243 187
76 217
86 183
179 225
54 66
155 174
248 113
12 139
18 140
39 117
139 190
52 95
107 242
234 200
22 169
38 95
24 36
131 236
76 111
230 215
58 121
22 148
147 156
119 137
110 154
241 3
29 30
13 115
163 186
39 163
72 139
49 72
98 111
206 217
157 185
205 240
136 190
239 66
95 183
165 169
128 133
14 149
44 120
45 61
226 244
236 37
61 220
45 192
165 232
8 236
82 102
11 64
83 107
99 146
230 133
114 173
240 136
238 2
143 201
38 187
210 218
106 219
76 105
165 203
24 161
8 146
236 158
63 222
52 64
5 131
90 114
8 195
22 32
8 43
110 223
19 165
233 207
170 183
80 111
25 194
82 193
242 180
234 67
67 193
3 164
190 195
59 234
82 246
113 245
139 212
140 159
83 164
8 64
100 166
12 246
240 167
230 57
246 183
8 181
59 188
188 245
210 226
42 188
248 189
31 104
156 219
198 235
76 249
21 241
5 218
123 233
105 129
19 42
41 99
102 144
136 142
109 147
16 86
117 192
238 181
106 151
35 189
156 163
28 169
27 200
113 199
217 236
155 232
19 96
31 51
115 130
182 243
235 107
111 180
84 204
123 215
18 242
181 198
138 171
89 191
60 143
239 134
135 152
121 143
38 178
212 239
7 49
10 214
172 183
66 188
124 240
86 174
61 189
91 178
8 204
29 139
190 241
234 99
2 114
125 161
169 248
88 94
77 109
22 101
55 137
12 128
86 228
78 247
145 152
109 220
244 49
78 119
234 11
203 216
106 239
104 225
35 45
110 145
105 236
129 177
115 182
19 46
86 115
116 152
96 118
238 203
123 206
246 57
154 179
37 65
41 152
8 69
36 96
1 234
127 200
197 201
126 176
143 146
104 245
133 215
235 170
162 174
126 187
36 146
149 179
239 23
55 129
134 149
207 248
20 76
177 242
90 228
243 58
53 217
105 126
248 73
140 220
198 230
243 21
4 164
184 197
180 188
36 230
42 57
2 124
236 199
148 213
147 153
187 198
176 206
94 238
38 45
241 145
29 171
43 227
99 170
226 248
114 142
63 169
93 236
72 108
17 107
195 233
150 239
65 185
61 76
155 224
241 12
86 122
2 172
86 239
28 120
37 222
0 135
7 149
214 221
241 132
49 53
236 151
51 143
12 178
241 45
14 231
75 129
40 160
23 48
13 94
144 151
205 244
80 108
103 222
190 213
117 237
135 220
23 246
167 234
85 159
103 121
187 245
246 7
183 221
29 222
45 181
129 132
46 71
15 146
154 201
52 127
23 91
100 137
70 128
110 210
237 49
86 137
70 245
237 218
101 243
72 158
107 203
87 130
129 163
59 96
237 43
21 138
85 127
244 138
172 235
24 193
242 55
12 92
37 94
112 248
109 122
55 128
13 216
55 165
40 179
46 139
113 130
66 208
106 214
223 228
114 208
49 169
53 102
81 183
12 173
239 54
8 152
249 201
242 187
133 141
5 240
111 141
57 183
136 163
52 208
0 67
53 87
36 118
101 127
173 233
30 177
26 141
80 186
52 155
59 217
52 216
98 105
77 135
32 229
82 182
20 184
152 175
247 130
194 202
240 181
224 227
218 220
163 222
102 152
244 163
53 228
31 117
14 201
16 194
39 169
241 75
66 219
44 112
80 82
248 29
95 125
62 126
66 213
3 6
139 229
107 217
112 128
62 219
126 194
29 152
64 100
65 179
48 53
3 249
82 110
80 142
30 160
239 161
37 145
45 53
56 233
47 147
106 114
6 148
115 224
20 55
95 201
18 134
67 156
67 189
109 174
65 247
22 77
36 80
56 135
182 242
150 218
16 189
195 238
169 225
24 213
154 247
238 129
13 87
147 185
34 54
75 190
25 34
45 193
24 162
186 245
233 120
103 206
49 126
104 159
14 146
77 221
95 195
241 57
242 109
17 157
235 87
240 55
17 90
77 201
38 64
37 129
55 175
173 202
203 208
3 128
129 174
65 78
232 116
198 238
10 100
36 101
187 225
58 137
79 116
70 238
241 160
141 223
237 229
17 113
189 208
141 178
23 126
172 208
4 244
0 23
63 148
113 165
36 173
16 172
63 93
69 145
10 42
106 125
13 185
93 182
34 196
48 97
236 62
243 26
74 151
20 97
214 247
5 6
194 198
29 234
241 213
20 121
124 170
155 175
16 93
10 60
37 172
86 152
35 74
98 218
7 137
138 221
51 224
25 53
244 90
226 229
209 236
220 225
85 239
93 194
15 154
69 197
35 107
42 86
177 189
57 76
51 186
39 216
130 171
102 236
15 225
52 105
242 89
149 197
39 41
45 155
248 56
38 88
17 120
9 204
238 226
116 121
230 54
121 158
117 130
18 213
146 233
50 214
106 212
94 152
43 120
119 232
164 245
203 231
89 136
9 78
158 208
249 143
211 237
66 195
233 14
24 220
240 145
22 242
208 218
53 108
131 143
93 101
42 167
132 187
99 236
68 122
85 200
183 185
114 164
14 89
68 146
167 249
164 225
67 131
51 80
63 126
200 203
156 244
249 194
132 248
9 138
32 193
116 186
55 173
117 222
1 200
38 121
62 140
6 176
55 196
45 240
183 200
134 141
237 226
22 132
247 6
11 63
96 212
87 184
34 121
26 95
198 228
45 105
48 77
123 163
84 195
140 238
109 209
150 230
33 186
18 118
236 188
31 163
47 98
16 158
142 219
59 70
121 184
107 230
13 158
234 149
58 176
112 217
142 197
11 124
158 198
156 206
242 38
98 187
69 120
28 62
33 96
174 213
175 192
42 158
236 88
33 226
49 205
77 154
91 153
193 197
243 235
98 235
2 81
152 180
249 92
0 143
16 69
97 182
239 103
1 146
54 181
2 47
234 182
128 196
76 114
51 137
7 236
53 133
30 158
101 198
119 172
89 129
8 218
27 65
168 172
5 44
70 138
234 171
95 109
215 225
91 166
20 210
41 59
29 180
8 25
111 215
36 134
111 238
57 216
7 166
201 216
126 138
3 17
97 165
98 115
39 192
112 168
48 120
46 163
67 196
21 203
160 236
48 216
34 57
63 232
1 155
23 81
148 175
238 38
88 214
150 223
169 208
7 31
124 142
239 213
33 94
15 112
147 179
230 163
79 171
24 48
45 236
72 74
32 72
42 103
28 75
193 240
97 216
75 212
35 112
244 224
35 75
140 215
174 245
73 143
66 75
122 128
2 86
170 181
62 100
71 242
37 151
237 127
108 223
155 228
51 96
130 236
44 181
131 244
174 184
246 30
3 91
76 153
27 142
87 124
64 80
240 106
238 225
129 151
38 139
83 133
11 87
246 49
65 69
230 16
38 128
134 144
18 236
185 191
25 161
9 145
53 190
180 218
141 192
78 191
92 205
29 51
28 79
72 141
30 147
126 235
55 57
138 201
68 141
65 183
65 111
241 181
188 226
147 226
154 162
41 156
28 181
190 224
21 37
12 72
143 179
134 225
79 135
143 243
237 185
37 209
2 105
52 188
101 233
247 150
24 120
235 116
121 147
26 50
22 36
179 247
99 131
77 158
240 75
21 181
81 131
79 114
92 137
106 187
5 88
3 30
44 209
245 124
59 105
77 117
52 152
67 165
99 218
231 122
235 31
149 170
14 37
31 213
93 116
67 157
82 139
187 188
91 177
245 83
152 190
40 198
154 221
72 90
133 167
158 222
73 84
33 217
50 226
20 50
132 162
35 140
32 118
86 104
23 164
73 174
18 123
79 128
155 161
46 203
68 232
22 68
166 199
63 167
241 29
60 209
19 233
105 107
17 228
127 172
53 118
62 157
4 163
249 102
173 199
62 96
37 227
129 152
65 166
189 236
109 126
31 74
39 143
79 226
113 133
4 109
8 52
19 213
25 223
121 192
165 196
213 231
101 139
9 13
164 208
75 138
160 172
131 162
165 248
7 99
35 188
248 48
8 92
117 171
130 226
71 179
249 196
137 149
240 23
248 64
72 124
29 224
31 85
79 210
40 60
63 231
2 118
34 100
32 68
43 107
39 231
69 127
185 204
49 147
38 132
207 240
91 117
234 86
14 77
84 100
74 109
40 152
30 47
54 224
25 89
149 154
63 196
53 155
43 197
46 134
76 139
240 20
49 228
248 53
94 213
5 7
242 203
234 81
97 155
240 213
98 239
44 162
159 170
84 94
204 215
92 112
62 203
236 123
114 136
32 134
11 143
88 157
134 145
189 202
29 226
67 97
39 72
249 77
66 130
46 244
75 238
115 170
107 197
61 208
16 151
20 152
24 208
43 113
47 228
56 205
5 233
86 126
93 148
136 213
51 187
154 230
88 194
237 153
43 133
30 238
98 158
149 211
233 63
81 105
50 150
46 149
156 217
134 159
235 122
85 97
65 211
57 98
126 201
249 154
115 242
17 85
249 182
7 239
29 238
36 49
80 114
21 36
84 152
89 164
58 187
12 239
244 186
185 211
101 103
87 103
54 111
108 129
3 135
42 70
248 172
200 235
235 12
0 75
63 206
6 172
100 126
3 224
150 194
92 245
31 105
53 131
41 219
242 221
59 137
231 167
69 175
202 239
43 205
200 229
29 57
131 211
246 220
174 216
67 225
239 188
43 48
3 173
38 57
7 177
249 35
0 131
62 232
17 187
23 95
69 93
36 186
161 221
144 215
161 175
3 176
230 27
113 207
4 209
127 230
187 226
92 130
18 222
64 99
17 199
132 185
14 120
104 109
36 139
178 204
22 45
123 180
45 199
96 217
140 203
24 104
28 232
124 153
141 216
36 197
48 204
48 179
95 153
36 205
122 246
29 86
96 246
135 144
235 33
44 82
82 136
29 192
13 67
4 180
55 153
15 212
106 243
233 175
143 165
103 247
230 106
21 249
16 105
11 60
89 230
35 236
15 148
27 32
95 120
232 198
89 170
213 233
246 40
5 120
187 209
64 90
57 77
89 168
129 202
146 241
139 211
239 65
242 179
242 170
36 150
125 214
107 171
18 211
245 10
183 214
17 158
89 90
86 193
237 119
159 197
55 188
138 243
90 125
177 178
56 127
16 156
236 1
57 173
44 163
110 176
23 153
159 221
22 94
175 195
236 159
122 222
236 52
210 224
54 120
69 234
242 127
115 116
155 229
155 160
191 211
111 138
243 118
0 80
39 158
105 162
169 235
57 229
2 10
33 133
61 217
82 88
16 112
213 228
11 153
73 133
13 59
114 235
243 179
151 173
81 180
27 75
92 127
76 137
145 190
160 181
37 63
96 112
195 213
20 79
77 203
36 168
33 174
114 209
25 231
82 152
35 168
150 184
132 141
22 243
83 224
243 181
239 21
121 125
118 124
67 181
0 95
203 245
82 154
111 220
73 203
24 153
240 100
74 101
230 134
63 90
241 124
73 152
12 33
143 223
129 207
148 208
16 196
83 175
137 227
184 211
25 56
102 196
46 169
59 227
134 169
249 113
7 206
28 233
239 146
110 159
167 215
115 226
172 186
73 78
242 194
88 164
230 185
66 194
44 243
248 76
9 99
43 242
83 173
7 94
26 90
84 126
6 122
240 51
150 154
16 240
77 118
121 139
7 78
37 216
124 135
106 215
42 207
85 151
27 36
207 234
101 124
55 112
79 200
231 78
133 138
17 155
6 206
179 184
28 207
57 196
39 75
76 151
6 19
14 197
67 76
241 141
73 187
241 55
45 210
150 165
84 224
9 196
32 234
127 208
32 207
246 239
17 152
21 166
186 237
33 191
20 171
107 179
137 199
82 143
32 231
18 20
1 202
96 170
141 198
220 245
44 232
52 83
119 194
33 224
57 185
16 47
41 57
24 125
75 229
25 132
58 89
238 162
236 19
82 141
76 90
46 50
51 59
236 73
18 53
113 213
12 168
125 234
66 90
63 188
70 183
21 67
50 196
236 154
243 192
173 189
51 104
172 215
50 147
89 183
22 83
70 104
237 146
135 225
12 25
88 103
16 160
244 161
10 216
33 75
92 244
39 155
93 96
14 45
11 185
142 168
215 232
157 204
16 107
235 95
1 170
14 56
77 148
74 248
97 159
55 238
12 217
160 221
22 126
57 90
173 225
128 201
5 141
247 132
30 234
55 217
75 133
23 195
25 165
56 148
43 50
121 136
13 162
149 151
5 217
28 180
233 73
70 203
116 222
23 216
50 176
40 125
18 159
196 246
79 194
71 199
238 164
141 212
60 203
48 208
43 148
117 132
96 219
244 189
1 244
131 148
16 78
149 242
202 209
31 203
40 187
148 248
124 130
94 232
17 150
67 72
65 86
82 175
29 178
13 46
241 182
16 174
73 228
6 48
236 136
69 151
19 45
157 160
164 246
43 168
96 122
40 84
163 226
234 33
231 232
44 85
197 241
38 49
80 174
37 242
5 22
179 202
61 247
244 130
13 196
141 170
231 206
35 37
49 158
73 238
86 206
51 86
193 202
210 247
124 169
21 147
78 131
59 71
249 24
21 40
103 172
98 208
113 143
191 247
85 164
11 18
74 127
13 101
103 205
15 83
159 178
38 87
5 112
55 96
71 127
82 134
66 157
24 68
36 207
47 113
246 92
21 183
128 248
100 144
36 54
109 227
40 114
31 179
72 102
74 223
116 206
23 86
42 92
2 26
180 194
223 239
4 28
189 198
90 217
8 170
31 165
163 219
172 190
49 125
105 110
184 187
246 202
231 182
24 62
41 81
240 108
52 182
95 244
104 177
44 194
42 59
67 107
77 193
175 204
98 164
102 172
101 211
62 86
246 240
29 247
123 208
76 160
61 121
29 136
95 214
117 133
20 249
47 213
85 163
44 58
79 181
241 101
237 128
55 106
115 153
230 238
102 128
96 142
19 58
109 121
63 247
13 159
233 84
176 237
156 181
12 175
247 5
228 229
135 212
9 193
143 220
231 47
146 186
187 194
115 214
172 209
73 157
211 229
24 73
170 177
93 155
43 183
215 228
121 223
143 229
39 230
79 169
243 122
153 245
152 203
116 244
46 217
2 242
14 171
125 236
81 215
245 148
93 170
32 170
195 214
176 209
102 231
85 208
74 217
39 136
209 220
6 214
33 137
235 83
177 180
52 232
128 186
51 68
40 166
104 248
19 90
4 49
248 143
245 167
71 170
197 219
158 235
100 129
155 237
97 199
76 101
87 117
50 88
13 47
118 137
123 124
72 179
93 204
53 105
234 204
249 48
14 25
110 155
176 227
235 96
103 217
92 175
7 174
207 229
42 218
58 200
69 181
121 190
146 211
93 97
71 226
10 150
94 177
7 156
56 97
64 249
1 35
122 195
143 169
211 219
20 82
241 11
82 92
11 145
58 242
237 223
16 120
208 229
249 32
114 169
62 181
114 229
161 243
147 164
242 150
132 161
171 198
120 172
13 40
232 84
127 128
148 193
141 243
52 197
26 130
54 138
83 103
56 245
45 149
147 150
230 56
184 195
34 142
70 180
51 148
85 225
88 228
97 136
243 153
18 92
111 197
1 82
16 216
51 61
31 137
13 149
31 59
133 248
32 241
101 202
57 128
237 131
168 203
160 200
83 180
97 225
115 217
77 220
83 115
33 144
243 43
8 103
35 131
142 159
102 147
241 54
112 193
103 199
193 224
21 133
244 165
29 193
96 234
68 116
50 171
214 228
90 120
49 185
65 142
6 95
189 209
34 137
11 228
31 126
188 240
71 177
70 211
248 147
70 115
233 31
29 207
244 58
189 197
157 192
53 127
96 143
6 207
174 248
149 155
58 93
85 124
18 133
62 97
49 159
66 247
61 145
241 130
46 96
134 211
56 220
231 136
51 81
15 96
5 197
79 124
76 88
41 56
214 220
38 165
152 235
66 178
86 202
156 242
174 179
61 207
78 156
69 184
170 241
63 182
17 142
104 220
101 159
60 144
46 233
240 146
12 46
95 158
239 182
15 60
82 85
62 205
234 152
33 166
53 134
79 179
6 218
41 237
94 172
16 148
113 120
240 103
59 186
87 143
247 87
50 154
22 113
247 10
241 171
188 232
33 64
164 197
78 80
111 217
99 245
72 236
26 107
11 77
98 101
240 71
241 120
249 30
192 219
44 76
88 139
97 133
235 223
38 112
85 207
43 167
19 150
56 76
87 238
237 93
24 41
120 149
33 239
52 128
71 181
171 243
50 98
6 87
134 165
166 176
43 193
70 237
243 51
212 244
72 126
110 197
5 187
58 135
72 128
31 155
98 220
2 162
60 76
151 159
1 175
241 227
165 234
76 78
95 184
28 49
71 227
17 170
171 246
34 140
163 176
240 180
18 37
244 63
162 232
112 171
77 83
231 247
177 237
244 171
78 217
149 208
87 169
192 193
204 213
241 22
67 208
36 132
212 238
50 77
98 112
85 93
92 135
92 210
145 195
180 247
32 205
164 223
10 109
7 188
212 235
17 53
6 41
54 166
55 87
62 225
66 201
200 208
230 138
79 146
28 94
11 204
203 232
19 26
103 221
73 158
6 52
88 106
42 78
223 232
64 179
91 203
121 142
39 94
87 216
85 167
16 83
214 232
163 227
106 235
92 248
18 149
82 87
9 110
3 90
17 24
83 128
7 61
106 195
0 31
34 186
240 191
40 117
82 165
59 151
4 159
185 203
234 203
4 144
101 246
118 192
8 87
82 129
200 222
1 10
69 158
128 230
221 247
118 151
38 123
75 201
41 145
39 137
94 201
19 69
86 204
44 220
81 103
41 132
74 235
57 194
242 143
167 238
96 247
107 186
42 229
4 141
56 89
14 108
240 134
10 224
34 67
242 155
89 176
53 167
87 223
64 204
26 162
45 224
52 86
247 178
4 118
136 151
120 143
36 136
149 187
95 119
196 222
84 155
115 160
167 185
214 235
43 96
70 166
46 236
68 154
7 237
118 170
216 224
54 59
242 13
52 238
84 154
89 200
111 167
92 144
106 138
30 43
146 187
54 141
124 210
6 233
58 211
28 58
9 207
18 241
245 118
123 162
145 228
14 247
43 90
86 120
12 27
244 6
3 70
123 168
17 145
26 154
169 190
89 234
79 154
25 221
34 228
16 30
189 245
34 172
55 100
6 74
134 163
4 119
87 217
118 215
6 30
232 189
31 211
131 231
37 169
125 134
129 220
45 96
75 108
248 188
119 134
117 242
13 248
165 223
192 238
93 114
128 207
53 139
235 124
13 179
28 38
79 197
7 186
243 189
4 51
73 243
19 112
52 178
37 66
35 133
16 89
2 29
59 232
239 238
39 85
87 172
231 55
28 246
92 198
18 48
115 228
100 161
172 247
64 174
160 183
72 187
243 163
94 95
165 192
77 243
59 152
48 237
93 138
35 72
185 209
232 19
108 187
112 131
90 236
15 184
165 240
184 215
180 203
0 141
41 176
32 246
50 89
231 27
115 248
108 233
46 153
73 240
132 150
234 141
21 143
235 161
147 197
136 170
24 151
139 197
86 244
2 30
48 139
242 154
53 137
90 192
60 156
145 210
7 175
159 202
238 142
42 189
44 238
147 172
60 177
146 242
222 232
246 106
49 116
110 125
136 234
65 88
88 227
32 71
58 119
30 237
42 168
46 78
83 139
245 221
174 175
7 117
5 24
98 102
144 194
88 170
78 178
243 8
12 136
29 105
139 147
65 203
140 212
39 132
223 238
235 138
233 85
27 176
1 230
162 183
139 173
60 111
33 112
38 192
17 238
49 155
140 151
89 103
134 178
237 77
179 206
33 57
2 25
154 157
42 162
220 224
198 226
35 151
17 153
15 125
124 228
120 196
62 154
183 216
72 85
0 144
66 189
8 22
39 150
238 105
44 189
51 198
93 161
27 169
242 210
4 24
181 206
245 3
79 220
245 163
185 238
31 167
31 225
5 53
234 176
66 156
102 134
51 146
143 246
52 249
238 9
113 225
14 190
104 179
39 179
110 240
33 158
27 119
11 92
245 18
237 183
97 205
49 88
34 102
144 238
80 125
184 238
234 28
215 248
199 233
183 249
19 197
249 161
245 97
29 188
36 76
9 179
11 146
79 87
249 36
65 164
40 242
41 74
126 218
61 154
225 230
45 73
121 185
51 117
190 192
209 233
182 212
75 233
20 160
71 77
79 242
0 184
12 97
237 242
102 168
153 211
19 222
14 42
3 243
143 235
109 225
39 77
146 219
231 87
30 95
147 204
169 207
125 157
132 181
135 240
158 205
139 186
247 131
10 124
11 232
34 71
169 179
205 209
9 105
57 71
23 132
13 89
149 217
31 147
217 237
70 184
125 164
242 1
218 239
72 101
14 203
165 185
92 143
45 93
23 113
239 216
49 146
140 168
188 242
26 87
44 180
101 210
242 52
34 135
21 200
248 86
239 70
30 248
19 215
130 180
68 165
149 223
157 158
58 222
130 164
217 227
113 166
70 117
1 27
126 248
72 130
19 175
244 157
38 153
104 205
74 155
245 206
60 222
32 210
72 147
221 244
25 187
11 138
72 189
41 69
3 52
29 219
35 145
43 130
65 165
227 247
126 190
25 119
239 31
1 32
124 234
249 217
28 148
166 201
64 75
244 105
173 234
115 174
27 82
0 197
120 216
136 242
149 185
213 223
91 104
23 119
245 79
192 214
134 221
107 185
106 221
68 176
18 228
100 179
119 218
46 180
2 128
33 214
27 211
113 181
177 185
105 164
80 99
153 178
72 172
242 157
8 73
4 232
25 156
230 132
185 215
235 173
109 157
3 45
53 112
109 145
48 118
127 150
240 161
37 168
24 231
72 111
13 231
120 127
139 209
27 35
235 123
60 89
185 188
20 202
8 116
2 64
240 19
56 128
35 203
15 126
236 145
2 68
22 72
26 56
74 111
238 3
110 187
12 100
248 14
86 182
69 161
230 217
208 220
89 246
102 234
240 15
162 171
71 168
243 244
225 232
35 67
35 109
23 143
121 193
171 177
22 108
176 197
127 235
239 38
248 111
174 222
19 186
105 202
82 157
74 156
115 203
45 166
182 201
2 199
39 175
34 236
244 207
30 157
67 103
116 142
245 162
143 180
15 75
196 225
164 173
17 207
117 245
45 47
95 180
190 200
55 105
40 212
54 142
27 152
61 67
59 198
133 169
78 117
80 224
130 179
38 126
91 108
159 213
50 137
28 219
142 145
161 207
37 75
218 235
244 193
164 165
89 196
248 121
84 106
164 170
11 111
243 103
71 238
106 107
240 116
112 220
171 194
32 176
17 134
28 65
132 144
190 239
237 248
183 196
58 63
44 210
66 79
16 71
35 73
132 205
65 160
53 117
17 26
197 210
245 193
146 244
6 187
245 222
72 237
212 236
241 174
65 79
80 119
52 193
82 133
77 173
99 217
223 226
140 219
103 151
10 209
24 49
105 143
14 208
156 204
10 231
39 108
87 198
119 143
17 87
32 185
141 245
194 234
11 23
0 241
237 216
244 188
46 208
35 219
149 165
51 52
17 104
64 96
74 129
30 215
107 168
45 110
58 165
53 222
74 81
2 151
170 227
175 185
72 81
85 155
129 237
11 120
100 225
99 194
53 242
143 161
183 199
77 190
131 139
206 225
239 50
232 205
56 169
5 9
36 199
8 79
147 203
69 212
245 106
233 49
77 115
116 149
24 93
46 62
58 113
21 107
235 249
117 243
45 81
48 155
91 162
71 96
162 166
213 247
78 127
60 238
18 79
245 108
84 165
44 105
92 118
6 11
140 145
123 223
155 167
21 214
9 148
39 243
96 167
236 116
57 134
139 232
1 208
241 210
101 214
19 149
30 37
45 54
79 170
98 109
172 187
233 144
71 79
14 104
87 218
124 156
124 246
232 57
162 228
151 156
239 197
157 180
7 119
35 143
240 27
99 154
33 56
52 147
135 239
55 154
48 207
35 106
164 203
9 182
101 181
180 206
33 124
77 225
21 135
106 193
239 49
238 243
71 106
18 147
205 220
32 187
121 178
64 218
114 146
10 88
195 196
15 22
145 235
79 167
26 136
192 236
20 33
62 111
102 165
17 116
53 215
72 234
87 224
16 167
46 232
154 225
115 185
54 110
110 166
73 200
116 201
135 238
128 138
86 171
60 175
55 185
233 48
13 208
103 163
47 188
68 75
178 237
151 194
28 184
38 144
243 0
60 126
94 114
108 208
145 243
38 105
6 70
109 226
48 227
99 193
91 222
144 150
51 180
105 108
43 60
48 122
63 77
245 82
234 169
242 147
78 221
246 24
45 187
21 97
153 194
247 228
213 220
14 144
32 84
230 72
22 200
13 171
26 135
34 171
237 109
80 133
46 243
220 226
166 216
58 116
102 200
8 213
236 76
197 199
241 73
172 173
88 147
87 230
77 111
197 200
149 166
107 150
42 75
113 156
71 235
120 199
244 210
165 191
121 246
49 135
13 189
246 114
40 171
38 84
51 84
163 232
243 47
70 167
33 70
5 92
162 209
104 237
117 240
79 206
62 135
18 244
124 182
238 91
110 226
54 209
244 166
39 123
248 51
47 244
140 175
93 142
174 235
97 163
33 207
230 125
111 196
69 210
231 196
37 214
87 180
72 206
78 91
18 165
1 239
196 241
109 128
119 182
177 214
237 71
75 198
132 228
165 233
61 148
105 180
22 24
135 155
87 244
73 111
10 190
41 48
41 75
41 184
37 113
25 247
71 241
172 219
6 42
47 48
243 32
77 151
141 150
208 239
9 194
83 191
84 88
1 52
103 210
158 231
87 226
234 65
13 214
231 19
53 174
82 121
17 215
186 236
65 242
92 157
91 131
160 186
23 46
38 225
97 129
7 216
36 219
58 198
65 113
154 237
242 201
247 208
165 176
61 134
7 233
127 162
26 66
27 114
115 125
161 196
12 142
162 188
40 115
65 119
56 104
143 173
150 156
200 212
176 217
7 214
217 246
86 108
241 14
8 167
241 2
71 118
85 170
215 234
60 192
24 223
62 66
65 151
21 217
53 185
34 93
76 146
231 181
79 88
142 249
159 233
100 169
11 40
8 135
0 40
7 249
86 133
230 100
167 200
81 179
46 184
144 241
249 80
105 226
104 196
169 173
71 104
19 178
36 226
40 79
248 98
173 247
93 166
173 197
93 211
127 152
105 230
232 79
124 200
14 156
33 115
214 219
154 158
56 170
25 62
9 53
38 75
3 114
147 188
59 106
105 128
52 228
246 138
40 142
3 66
233 74
2 74
78 226
75 136
0 215
138 187
85 138
102 182
61 103
176 177
245 17
72 133
20 122
234 19
70 227
34 239
