169 181
53 139
105 274
298 205
155 221
155 212
2 292
34 124
35 147
277 172
152 160
184 201
82 199
176 215
119 253
91 299
83 285
18 243
84 252
176 256
144 297
22 176
64 70
77 159
32 143
14 147
41 290
290 220
293 117
104 120
291 83
29 145
0 220
287 93
284 236
119 161
289 212
36 235
77 231
298 24
33 54
137 196
215 232
36 135
128 225
10 179
27 165
157 163
132 188
219 226
161 232
165 243
257 283
253 283
134 241
276 156
161 288
149 296
30 114
297 281
28 111
37 249
115 230
129 219
171 199
276 86
66 100
278 90
1 113
99 111
111 186
295 27
139 178
20 214
142 219
204 289
15 96
29 147
1 298
173 223
192 251
39 100
106 239
75 279
281 213
291 69
28 186
16 156
107 260
267 283
10 14
48 113
211 288
252 292
57 273
100 282
110 292
86 116
23 85
188 205
284 173
50 184
85 236
278 77
101 289
195 275
144 212
65 107
20 134
110 153
61 111
44 147
90 170
276 195
35 201
160 298
56 215
12 237
105 154
37 80
109 120
294 45
286 82
151 183
65 266
91 162
21 116
40 239
4 236
43 56
27 288
119 266
275 235
10 223
121 218
198 272
88 277
19 214
226 268
168 255
44 138
81 258
74 151
57 113
5 180
22 197
65 255
289 11
193 263
123 151
191 293
90 241
46 83
50 137
32 130
276 254
76 82
93 184
87 262
285 39
6 8
65 287
64 166
36 75
137 299
161 180
169 177
182 217
181 220
123 290
106 266
282 237
138 146
42 170
153 207
210 259
43 176
283 210
120 235
15 101
94 116
82 293
275 279
20 147
34 259
130 200
50 135
264 287
93 261
275 227
207 294
41 47
299 290
292 260
145 200
222 282
155 241
17 66
26 36
30 118
213 263
108 268
17 220
190 211
278 37
194 196
27 125
182 210
278 137
28 222
114 156
68 159
14 274
52 177
84 225
122 267
96 206
120 145
182 281
76 135
65 91
44 221
88 93
100 169
66 145
56 285
144 235
112 154
102 268
71 108
98 221
298 241
76 223
247 258
15 49
60 127
66 120
15 253
57 134
91 236
54 153
44 249
157 271
79 165
68 149
9 226
24 93
70 244
42 107
81 132
149 219
112 176
149 277
231 239
198 290
20 103
211 247
22 204
197 293
74 104
287 261
34 86
15 138
38 71
278 246
244 248
79 281
161 190
66 124
10 110
287 96
177 243
39 54
156 177
291 8
116 150
169 204
267 269
280 54
48 160
171 235
117 268
282 233
48 141
32 147
160 224
286 81
58 244
137 254
145 260
23 138
56 63
113 172
39 94
287 67
290 118
183 185
155 187
32 257
293 97
132 184
19 279
228 263
101 112
279 167
52 58
112 206
50 190
59 122
12 220
67 124
297 55
0 114
299 205
49 278
82 254
61 232
278 173
90 116
61 218
19 44
7 132
130 134
21 190
6 69
148 204
276 100
279 216
28 234
286 149
185 192
294 10
90 171
66 170
130 188
51 203
52 227
88 213
6 164
283 139
195 284
124 255
295 16
86 194
278 45
27 116
157 191
111 174
158 218
77 289
124 195
177 215
137 288
100 206
202 274
2 142
133 197
113 175
120 136
115 178
84 245
282 74
178 289
124 182
8 24
44 184
40 43
291 103
80 94
91 165
160 227
92 224
102 121
26 148
118 193
22 29
181 218
73 172
127 255
55 72
116 119
257 258
66 137
236 283
297 227
79 280
275 266
23 112
252 274
27 233
149 232
39 192
96 188
21 252
110 293
10 68
21 206
28 127
50 247
62 241
140 225
123 141
83 134
20 238
134 286
291 105
103 215
0 101
130 213
165 262
78 207
35 53
56 126
19 87
161 246
1 105
248 299
107 257
281 20
178 209
221 274
154 240
240 253
227 244
120 149
299 263
130 261
281 164
205 262
292 81
43 273
101 151
0 254
102 225
65 133
68 181
298 216
139 245
181 205
292 77
277 173
180 275
134 226
114 297
246 253
63 273
128 259
200 241
37 141
89 242
2 145
294 145
64 68
61 72
80 167
86 279
220 228
141 272
9 197
9 140
284 107
120 176
43 174
141 172
3 219
73 96
192 222
22 123
194 209
294 176
34 145
139 159
155 276
109 220
217 233
3 63
107 233
135 157
97 208
178 257
64 168
215 264
16 18
279 163
189 218
132 148
211 212
286 177
120 198
292 63
285 48
296 120
160 214
28 211
84 253
31 95
152 271
211 227
61 136
32 66
282 66
168 194
46 112
11 143
39 241
230 274
37 79
68 267
98 157
53 240
180 237
277 65
47 211
66 230
216 260
93 266
16 22
29 54
135 270
50 178
101 254
171 287
281 69
218 237
281 30
204 258
119 268
277 241
102 159
6 196
22 134
296 99
36 217
119 223
98 165
157 201
86 289
29 98
61 68
24 216
49 207
166 229
22 44
175 264
36 164
30 269
73 165
41 51
276 270
282 9
47 99
286 122
9 30
37 59
115 213
54 165
45 149
292 97
99 198
298 260
47 198
198 203
281 292
287 223
249 251
89 258
69 199
295 209
50 239
280 35
68 100
286 119
74 181
239 248
278 78
98 128
162 250
162 173
80 131
285 239
149 179
203 205
288 280
33 173
169 237
295 198
53 147
59 216
278 193
293 201
165 270
285 99
129 249
148 177
129 154
172 233
230 237
289 294
165 173
249 257
289 201
41 293
102 156
33 181
239 262
193 236
288 234
277 202
12 270
99 105
147 153
104 156
28 82
179 255
44 69
128 193
154 233
96 141
46 167
298 255
44 77
16 96
79 292
179 219
118 258
277 135
240 291
2 10
82 262
37 205
74 297
57 119
294 265
163 188
45 241
244 258
69 147
25 156
80 145
70 188
98 286
186 235
110 112
10 135
49 253
45 55
12 138
62 103
59 160
28 264
65 234
76 269
208 277
184 296
102 163
50 115
250 260
71 94
53 211
31 145
24 167
288 224
82 253
18 290
285 7
178 250
245 265
42 193
62 94
291 236
75 201
286 89
277 157
285 59
0 294
2 34
21 85
10 270
70 281
121 299
147 213
101 136
167 233
20 192
133 266
51 114
299 77
257 276
19 108
202 276
187 225
28 83
26 86
282 209
282 42
4 108
35 71
262 273
143 186
183 221
11 35
61 101
18 77
126 223
72 165
86 227
63 78
94 142
59 250
167 211
32 56
156 215
278 177
72 103
77 236
172 292
69 296
299 87
109 116
86 100
16 83
179 254
281 131
114 198
54 123
279 24
4 88
93 158
81 153
15 71
186 240
23 94
264 267
280 266
2 126
45 290
27 46
190 249
82 108
12 129
72 119
13 189
277 10
229 236
4 244
98 271
299 99
23 46
55 199
280 73
6 289
58 276
248 291
190 205
117 160
15 227
26 102
160 223
141 158
152 174
27 145
102 106
74 154
275 63
111 287
48 131
163 253
78 249
145 204
174 237
295 94
7 250
69 248
10 218
277 161
220 261
115 174
25 290
286 15
184 282
283 272
4 123
12 115
283 231
19 235
67 198
162 235
78 287
157 294
36 68
37 115
23 217
148 160
154 166
27 106
39 242
78 89
48 202
107 281
35 234
230 277
121 172
121 233
44 169
299 178
215 243
78 153
152 188
7 72
42 75
92 244
20 217
116 242
54 254
166 282
28 259
117 254
69 226
39 184
126 240
166 201
74 223
94 238
51 96
119 151
112 167
233 265
8 218
78 106
23 237
66 225
67 199
72 190
0 285
135 146
32 240
172 230
10 144
2 190
85 118
178 198
91 222
150 175
299 155
11 206
21 186
132 243
150 181
55 154
73 120
19 102
282 82
153 291
133 137
43 241
175 204
37 71
52 132
159 271
194 240
275 121
22 199
289 196
289 130
100 255
240 266
42 229
87 230
38 120
146 262
45 174
57 270
179 201
33 63
132 259
1 92
6 180
153 266
27 282
110 127
3 131
200 232
40 50
278 100
201 276
71 177
93 181
11 285
20 278
37 88
138 197
197 205
115 126
147 238
53 108
133 139
1 156
283 144
31 226
88 298
243 258
55 66
31 203
118 160
102 145
62 78
110 205
49 267
0 270
78 157
83 239
63 191
100 261
282 239
299 262
156 279
100 165
145 147
6 259
98 187
71 135
149 281
284 122
61 83
24 79
77 109
171 190
124 156
50 176
19 74
74 268
216 297
43 102
295 30
288 230
137 272
2 237
1 65
66 278
295 53
144 151
118 176
100 111
182 214
126 276
152 244
80 133
128 168
288 98
23 80
16 69
159 187
4 188
41 269
125 180
246 263
135 250
36 136
36 187
85 163
49 218
7 101
197 299
144 208
5 99
214 287
12 254
58 278
294 130
150 199
38 137
207 241
20 218
82 104
275 153
52 202
266 293
294 236
175 239
205 218
296 84
61 104
293 279
33 85
42 181
196 219
73 181
223 228
182 271
7 53
40 115
118 268
62 261
61 194
178 240
20 179
47 60
205 227
108 233
292 88
297 182
100 192
13 285
127 294
164 242
48 94
217 284
10 69
11 152
24 244
158 293
130 274
235 294
204 226
159 269
110 185
22 156
10 226
139 155
218 292
61 282
155 190
4 162
132 247
2 121
21 87
46 258
47 180
2 263
112 147
18 285
238 240
1 98
157 250
293 229
164 260
75 165
276 228
100 125
40 155
37 250
73 211
281 178
56 153
291 3
183 191
107 191
180 277
20 135
291 238
119 140
225 291
19 55
50 207
169 174
285 139
32 236
0 33
285 211
158 262
6 258
123 261
297 150
51 108
285 126
77 81
83 295
214 281
169 218
64 208
92 265
54 126
288 166
196 206
4 240
29 262
67 190
4 262
119 260
165 244
157 200
115 247
76 133
162 230
53 225
253 273
230 260
97 285
295 218
275 158
5 108
151 180
294 261
29 235
79 264
295 8
8 130
19 201
235 238
25 135
184 287
288 262
9 279
174 176
122 212
13 286
130 142
110 191
3 126
165 177
184 261
59 218
158 257
113 253
119 217
83 280
42 184
146 216
46 276
185 296
224 290
81 121
195 231
66 192
97 281
291 12
289 42
101 174
157 248
11 147
219 299
146 164
20 92
18 193
43 214
133 159
25 254
147 229
44 101
168 225
199 241
35 52
89 169
131 261
178 208
235 268
61 67
123 240
288 58
103 288
297 190
181 204
204 222
159 282
278 95
241 247
139 164
83 219
130 247
299 225
104 197
109 276
74 217
68 121
278 34
170 235
163 246
89 162
225 252
21 150
280 181
72 82
44 223
182 258
35 266
2 200
43 169
173 191
92 123
192 278
18 79
287 103
31 277
36 79
261 296
241 296
293 252
60 102
103 151
31 162
112 161
48 93
155 240
163 207
150 164
171 196
8 287
95 258
24 46
102 296
118 157
29 30
18 31
276 235
41 202
148 243
68 205
8 235
54 229
131 169
210 264
7 67
275 96
75 226
285 248
283 189
275 229
115 235
49 178
38 64
163 189
161 294
57 121
99 293
37 259
87 175
34 115
147 233
40 218
193 241
13 248
0 184
167 289
168 267
70 148
238 280
9 201
7 247
15 38
147 169
59 67
293 3
270 274
288 254
61 233
111 245
43 194
105 161
211 280
5 128
3 85
3 216
11 255
218 261
292 159
177 294
130 243
44 143
65 109
65 223
174 215
65 90
143 173
64 193
277 34
295 76
139 275
277 59
46 86
33 205
169 231
68 284
87 256
13 18
9 57
86 197
70 147
113 181
41 287
206 260
114 122
174 252
55 257
52 217
14 90
70 128
132 181
139 293
59 229
66 99
139 205
284 262
158 201
126 177
207 264
176 279
299 57
212 220
156 236
3 267
133 165
222 245
248 282
8 202
109 126
123 177
0 139
63 173
159 247
232 298
260 277
16 198
83 293
163 186
67 254
11 58
83 164
43 278
283 208
93 226
176 299
142 274
88 283
105 147
159 211
297 65
137 219
46 286
119 123
91 187
105 121
90 296
48 152
100 243
3 17
84 139
219 260
79 93
148 252
180 214
53 87
23 163
60 289
15 125
145 225
26 221
61 174
285 268
4 214
95 124
277 132
241 278
276 99
44 152
107 114
277 235
20 221
212 244
133 296
15 200
23 260
141 164
92 223
36 109
202 227
53 178
24 130
93 162
24 25
36 292
63 239
60 168
52 120
82 91
14 289
194 205
257 282
44 157
45 238
19 249
287 280
284 152
150 289
298 274
92 114
89 116
278 168
93 251
280 27
59 185
48 173
6 36
147 255
250 299
158 239
65 151
23 99
177 288
102 252
131 186
4 234
7 176
7 244
207 228
145 163
189 229
66 165
60 248
74 254
126 135
68 135
208 217
59 161
50 164
122 229
141 273
28 122
287 122
89 185
117 182
69 219
35 229
162 272
74 259
257 298
5 194
6 131
112 226
134 197
292 9
55 226
42 292
219 276
153 239
40 129
56 266
282 208
167 205
174 197
116 178
46 194
45 205
243 278
10 128
43 136
82 235
186 214
59 134
258 290
288 231
21 238
117 253
100 214
21 36
14 70
289 229
123 296
276 48
53 137
291 241
296 234
236 282
7 128
54 190
141 237
153 243
72 205
96 236
69 94
275 166
290 210
32 138
292 53
156 211
278 94
39 65
110 228
149 291
44 175
28 69
156 194
282 80
147 163
81 282
93 222
1 79
241 251
117 127
31 111
87 118
60 225
197 282
142 265
177 204
236 298
48 190
298 64
6 88
196 259
97 146
160 252
252 262
142 162
131 189
34 69
100 251
41 219
77 114
149 298
17 62
289 190
55 137
21 29
40 255
168 169
122 223
121 169
7 284
104 125
284 186
42 94
294 271
116 185
233 281
145 172
262 277
7 34
55 218
21 34
76 85
22 54
23 107
41 255
4 131
136 230
293 290
283 31
275 181
284 105
255 297
33 165
280 253
191 250
279 115
92 193
259 261
280 93
290 106
28 49
66 157
124 139
42 195
27 94
95 259
41 59
84 273
94 151
110 197
243 249
45 165
112 193
150 213
89 282
276 40
48 132
136 241
297 183
57 81
278 13
64 181
71 75
10 118
190 198
31 275
96 290
16 287
223 245
86 178
104 154
283 171
43 220
16 226
56 162
280 23
8 133
25 143
19 291
299 85
130 131
109 266
56 173
33 221
289 161
12 250
297 46
291 151
9 75
93 267
287 0
53 257
67 112
130 157
285 29
100 172
204 282
282 251
287 268
132 230
94 187
101 261
40 208
151 193
131 275
134 237
78 200
34 241
293 243
206 242
204 250
90 127
170 213
40 88
292 32
293 172
70 167
25 265
205 280
83 271
296 242
34 88
132 180
211 263
81 198
71 204
15 194
105 128
177 271
119 283
298 52
125 275
9 161
179 247
75 96
150 272
70 107
181 229
91 277
78 181
209 244
61 191
20 212
107 179
182 228
281 1
76 80
4 270
107 227
38 164
281 224
147 150
85 255
264 266
111 256
184 199
76 195
109 122
55 227
201 228
41 161
28 164
102 261
3 138
33 178
204 261
22 217
281 173
70 264
207 265
98 173
76 185
66 148
48 248
218 290
84 274
298 271
36 60
36 294
269 287
125 159
55 270
5 244
136 224
27 214
62 158
169 295
48 166
3 68
291 199
148 213
128 178
171 184
78 163
284 230
21 97
66 97
50 130
45 139
11 158
291 255
130 253
174 249
281 198
101 165
26 107
77 275
73 275
132 242
24 225
286 255
164 199
14 204
87 241
47 216
129 277
134 252
291 175
73 298
28 193
25 87
59 149
109 214
14 171
17 83
31 36
114 206
107 195
278 54
84 202
22 158
146 151
88 135
218 231
42 77
278 202
38 59
202 223
97 113
280 254
150 156
196 283
60 147
291 203
106 238
83 99
22 157
10 82
254 281
53 130
281 110
22 63
287 37
0 249
83 175
7 31
193 276
38 116
39 127
100 158
12 18
124 225
160 271
69 239
31 242
91 109
277 119
45 202
26 109
278 5
45 183
194 271
44 126
7 12
276 286
55 114
44 164
119 120
52 187
23 294
113 272
72 276
277 111
166 207
44 285
264 268
33 87
245 280
97 286
112 185
39 148
282 196
203 284
100 265
103 192
35 88
0 137
281 246
189 262
38 96
8 17
68 264
35 69
13 181
157 274
294 5
7 277
17 176
236 263
12 123
294 297
288 113
98 121
64 154
133 185
111 143
127 298
134 220
61 151
149 174
293 190
139 222
194 225
15 292
180 240
117 141
56 250
137 294
192 295
77 273
130 219
0 12
18 209
280 252
6 77
210 225
40 223
7 237
180 288
195 246
223 254
36 260
152 182
87 268
197 281
115 242
60 136
56 177
230 272
298 174
12 140
6 93
33 74
27 267
95 271
103 122
25 240
15 295
104 210
95 228
287 202
149 293
39 206
56 90
20 265
49 272
121 211
97 221
142 264
135 156
278 221
147 250
20 138
65 290
122 244
72 226
139 193
202 232
287 118
40 65
71 208
281 93
6 265
276 238
134 204
6 287
290 95
242 297
33 203
61 284
279 136
108 136
125 147
80 219
130 194
72 123
112 125
84 193
278 249
15 231
289 26
12 277
218 256
104 175
283 149
159 266
9 284
17 103
125 295
110 237
41 112
93 156
95 159
258 299
203 225
278 50
47 81
45 253
124 127
163 290
58 252
114 144
133 289
228 237
111 229
106 114
141 221
17 262
13 116
115 293
261 293
296 7
212 293
29 290
205 247
182 219
144 217
2 50
17 143
93 137
235 282
257 289
56 211
292 83
125 258
61 177
114 293
104 223
216 233
172 228
263 285
124 291
164 218
276 15
56 246
76 178
223 296
199 299
97 128
284 194
145 289
6 61
79 199
16 139
82 123
145 183
19 80
3 266
18 187
138 278
130 165
141 174
294 112
41 139
295 66
11 253
114 260
280 158
297 13
231 295
163 296
282 88
112 212
4 194
104 109
14 138
278 142
15 235
76 143
109 288
52 224
219 221
33 211
21 71
283 200
212 290
13 139
25 164
4 23
17 98
106 190
148 275
7 274
19 204
240 284
298 85
101 205
276 204
297 17
250 295
102 193
20 141
285 188
84 105
186 293
100 254
288 269
29 59
84 149
79 160
17 126
44 131
126 132
92 104
223 232
69 130
101 275
278 126
123 176
168 176
19 38
110 143
91 159
96 128
56 80
6 60
66 110
285 114
287 124
298 144
59 107
47 181
121 212
37 175
174 257
123 156
202 282
52 129
101 107
3 168
14 102
278 23
84 235
23 132
99 247
200 204
25 121
118 200
277 240
51 152
22 95
40 221
107 214
1 295
279 39
80 239
113 239
153 234
126 216
48 58
146 270
17 92
61 135
224 263
9 283
71 199
5 173
36 177
95 281
33 266
127 135
58 64
20 97
54 158
81 205
191 225
299 49
110 268
131 284
1 104
9 48
194 294
298 295
182 291
127 236
15 232
66 104
116 244
38 117
57 61
160 251
292 93
14 283
290 115
280 89
122 206
111 142
103 297
60 64
146 257
86 98
38 218
9 112
132 285
291 261
187 299
114 184
100 270
12 290
100 240
127 159
287 53
298 112
20 125
1 16
120 208
51 231
98 232
262 291
129 185
201 204
148 155
51 240
147 157
13 119
26 82
158 247
27 278
211 251
111 257
294 233
158 189
86 264
25 289
160 266
146 175
81 259
207 261
64 99
32 229
287 133
66 149
101 224
92 129
208 255
7 152
155 169
194 275
289 228
154 155
288 140
288 178
176 179
155 259
43 177
90 152
247 253
278 32
297 253
18 194
10 41
88 150
3 217
288 189
117 167
3 24
111 127
297 204
116 154
23 203
32 44
73 233
109 165
198 267
22 259
280 1
153 296
295 213
11 232
278 203
126 166
63 261
95 289
110 258
126 129
275 254
48 220
112 172
93 249
13 251
241 279
211 213
30 137
296 105
10 91
12 285
195 243
44 189
116 134
50 90
280 13
291 122
200 274
71 144
239 265
39 251
144 227
141 190
35 186
208 279
164 255
11 290
72 156
67 200
46 210
54 248
21 105
6 266
205 266
96 209
148 263
32 164
145 160
126 180
194 231
73 121
24 77
162 279
83 187
72 130
46 222
183 229
12 62
94 224
56 191
98 193
27 115
41 174
72 178
74 246
281 192
77 254
290 250
185 270
10 168
35 249
298 191
107 246
172 243
49 213
158 185
162 261
74 224
96 180
132 274
195 257
276 54
230 235
295 72
289 270
122 230
279 190
55 230
196 229
37 158
279 56
59 167
96 122
280 111
59 234
15 248
28 175
278 148
71 102
60 152
212 259
235 274
103 223
213 273
35 124
137 292
191 289
149 208
165 186
0 292
98 163
297 57
158 194
104 278
15 110
104 225
26 167
33 184
292 69
94 147
47 182
22 196
11 56
14 26
76 169
57 263
99 176
222 280
128 219
283 115
299 194
49 212
13 102
37 295
278 170
75 81
179 294
5 91
226 267
21 229
2 171
291 0
3 181
232 235
0 232
196 208
106 126
118 183
158 243
216 238
142 294
125 253
56 265
5 242
78 118
106 216
133 161
7 146
291 96
44 149
17 209
297 156
45 265
174 209
281 298
36 218
46 160
72 247
183 216
105 288
66 252
59 261
192 267
38 214
38 81
81 271
190 203
171 175
35 76
92 100
85 113
44 130
179 287
57 227
19 221
13 252
123 249
127 137
45 73
204 259
113 292
79 100
198 294
133 290
142 221
121 202
278 238
284 273
138 228
59 254
290 32
189 263
87 157
67 285
84 155
281 179
17 59
24 165
127 282
63 184
25 259
288 196
130 236
3 221
21 25
5 240
184 228
58 59
61 209
72 238
6 250
4 110
133 220
78 282
123 209
25 284
103 221
53 113
74 211
90 210
84 229
176 203
42 61
22 166
283 193
14 137
113 115
280 223
128 134
283 34
39 81
283 135
219 295
144 285
72 166
282 262
32 291
26 99
24 132
211 230
213 274
122 252
68 275
116 180
275 205
284 204
49 161
278 242
294 229
139 229
277 105
251 293
200 249
90 193
166 260
63 71
222 268
296 97
199 201
62 289
295 243
293 275
89 123
68 70
101 193
299 44
106 155
124 207
244 259
85 211
210 287
291 54
146 220
33 171
27 43
82 84
52 208
169 248
130 288
70 104
280 148
17 260
41 106
43 105
281 261
155 251
7 235
75 173
287 83
72 151
140 204
6 182
62 267
266 282
3 153
217 263
11 19
71 252
296 216
287 49
75 232
7 14
110 144
36 170
116 153
283 0
18 162
7 26
11 65
141 230
77 244
29 50
187 247
17 135
61 133
298 23
100 269
256 265
185 220
17 184
98 205
88 190
169 183
49 294
290 2
287 43
295 289
92 160
18 247
76 157
45 264
276 55
109 253
16 263
17 97
149 214
75 195
98 129
51 127
225 292
187 294
31 39
66 181
125 224
132 173
278 298
65 108
81 215
51 236
289 290
139 156
43 71
15 124
168 254
290 36
51 189
140 167
109 282
282 250
12 39
269 273
36 268
30 287
129 205
11 202
290 74
64 176
78 294
118 150
175 184
296 81
162 248
238 274
43 204
52 89
66 273
236 290
187 191
68 206
299 19
122 165
1 145
228 254
158 269
237 254
123 287
38 195
89 164
25 90
2 266
3 285
99 234
95 135
33 286
251 272
277 246
231 246
292 41
37 207
79 200
161 173
77 95
140 219
125 294
174 195
30 291
285 180
24 97
17 115
8 225
20 166
56 119
149 268
87 103
124 248
223 246
26 245
286 76
9 265
45 177
227 245
183 218
26 237
7 91
298 138
288 92
106 170
288 252
85 100
87 161
145 212
29 40
67 180
34 268
68 94
4 72
225 251
54 57
291 108
289 73
93 100
122 142
26 90
277 9
127 152
287 125
174 221
61 290
209 238
201 294
31 222
26 91
0 153
197 274
72 102
287 134
166 184
109 267
135 218
145 226
211 261
141 201
34 190
167 182
24 98
133 169
239 252
299 162
207 249
60 105
37 275
76 255
60 119
296 258
143 277
18 29
26 38
16 195
183 205
178 261
33 39
5 25
117 174
162 298
62 119
141 256
74 187
113 206
77 165
101 290
19 142
153 241
30 276
205 232
56 227
155 294
3 76
213 297
258 284
17 68
143 150
31 249
13 17
33 80
244 246
246 294
279 38
108 197
74 289
41 98
51 143
117 124
164 231
125 214
220 266
143 289
19 239
55 278
115 165
27 133
29 52
193 239
68 280
277 87
297 224
8 240
297 211
181 258
169 217
115 226
136 270
298 286
174 229
15 123
35 183
225 257
226 233
295 127
9 43
53 250
125 194
198 224
263 297
122 184
296 72
295 99
66 211
270 298
18 98
296 92
19 173
69 160
277 292
176 195
224 273
88 198
78 296
144 272
139 166
110 207
279 181
184 215
67 242
202 284
59 176
79 174
8 21
120 163
98 240
243 248
75 183
277 78
171 232
76 240
5 65
103 268
93 177
147 266
31 122
291 258
254 262
6 211
115 254
299 40
73 167
153 196
297 252
182 260
198 274
79 189
5 293
74 134
93 167
95 237
8 40
110 271
64 201
109 213
94 133
262 294
292 272
279 119
76 108
32 163
180 208
49 173
31 167
276 168
191 283
23 267
24 119
93 143
0 276
36 201
275 114
103 158
164 234
112 162
150 279
96 234
116 213
18 50
98 202
70 192
261 285
6 276
163 169
63 73
191 264
222 259
194 297
281 137
150 261
288 155
137 191
68 292
158 244
162 282
43 75
217 255
212 239
22 66
174 187
6 139
138 216
37 76
49 204
118 271
144 145
169 219
26 84
59 103
164 267
163 175
160 292
23 286
120 183
74 235
287 20
299 132
102 277
132 152
92 213
98 124
36 278
121 257
281 119
78 251
38 291
32 212
23 131
145 242
130 297
46 87
87 106
287 139
229 233
199 253
88 134
91 224
33 169
80 223
78 265
44 272
93 114
44 134
86 208
290 47
66 128
140 212
81 257
25 170
175 235
111 207
130 136
293 75
35 42
145 148
232 294
121 191
70 113
190 226
47 224
106 135
31 174
13 283
102 125
26 133
21 83
286 142
64 149
36 98
278 188
11 148
62 259
169 214
133 202
8 271
18 179
0 160
51 296
13 272
146 234
118 231
31 223
61 105
42 277
125 202
47 97
234 285
92 168
62 260
121 200
152 189
15 282
10 62
130 145
188 196
235 266
92 235
77 230
100 248
109 241
85 242
0 299
287 225
136 174
143 240
258 266
11 261
178 255
121 183
10 163
147 197
84 131
235 295
112 117
128 182
44 247
10 159
72 87
146 225
277 228
216 286
183 204
55 244
4 185
263 267
186 245
183 206
296 229
14 151
97 133
169 291
167 200
280 6
80 105
124 220
147 198
113 222
139 173
11 270
75 267
53 234
71 111
5 39
72 94
102 105
47 226
206 219
241 269
74 188
45 206
140 161
66 158
174 275
130 229
42 101
139 147
290 205
19 186
78 248
40 259
75 233
92 169
3 130
139 299
251 269
125 283
94 214
84 113
99 194
202 218
52 230
40 222
75 78
147 282
3 65
275 231
37 269
20 46
165 248
292 299
187 197
173 256
66 173
39 203
65 245
290 230
280 117
37 258
282 48
117 192
6 86
82 152
13 122
171 245
41 78
239 293
31 138
19 114
84 151
172 268
47 260
170 220
77 265
75 176
118 280
53 67
144 264
137 168
62 254
194 296
58 136
52 287
29 195
118 284
2 176
14 118
110 263
14 69
293 6
295 59
26 248
193 250
149 153
298 125
276 47
111 135
275 244
276 173
38 134
277 62
81 138
0 226
49 139
116 279
1 160
124 298
90 96
73 201
183 190
184 262
3 70
142 184
28 217
11 204
244 280
57 251
57 244
293 113
34 260
114 294
119 124
109 185
235 263
126 127
62 246
65 221
149 226
30 221
197 232
106 264
290 135
193 235
184 197
8 79
295 279
61 79
110 196
11 286
39 108
65 131
110 173
61 266
182 268
163 192
195 227
34 75
77 287
137 232
135 181
75 234
85 277
283 44
205 264
1 230
35 181
190 214
293 72
294 12
63 90
161 297
275 5
59 137
56 141
132 278
280 7
60 204
295 110
26 50
36 249
221 243
111 129
29 205
176 228
43 114
81 192
297 278
61 222
53 97
8 177
138 180
41 162
98 261
278 9
170 290
187 208
28 267
243 298
105 215
159 213
89 166
58 267
37 139
259 263
204 272
293 166
63 145
293 51
32 43
4 248
51 175
250 293
47 70
298 156
226 258
90 268
288 125
67 182
46 60
163 249
13 77
20 137
292 164
117 178
56 125
56 61
234 275
21 277
185 233
115 143
88 174
235 289
115 186
67 129
163 278
55 123
109 129
26 282
58 157
135 189
133 183
284 17
17 206
16 141
282 68
285 61
57 295
58 77
46 214
71 121
10 45
48 177
149 273
296 174
179 237
7 142
297 188
181 289
14 182
65 124
90 243
136 225
5 54
77 99
172 213
283 265
101 116
191 208
182 204
13 232
33 231
7 125
189 289
4 273
211 232
183 282
53 269
102 279
46 279
23 198
98 289
225 261
241 299
74 232
118 225
57 207
168 189
66 217
96 233
236 248
66 237
58 238
181 261
28 29
175 218
42 120
138 148
293 203
203 270
18 51
68 136
64 293
95 112
103 258
188 237
211 221
186 272
188 230
182 197
3 244
51 99
2 288
216 252
253 296
178 225
246 258
54 120
3 229
280 141
121 154
288 159
38 197
248 260
156 252
27 240
29 257
243 260
177 235
47 80
172 279
32 69
195 213
130 246
240 259
133 237
97 191
124 279
164 184
12 192
12 14
72 112
174 280
37 163
269 298
26 30
283 40
180 265
41 114
31 181
177 289
13 227
135 213
150 210
123 236
286 185
294 178
10 103
43 245
81 137
166 176
15 238
28 205
41 203
143 276
193 206
131 156
11 73
178 196
110 234
294 67
19 178
152 261
90 222
16 143
283 38
56 113
169 282
13 264
32 84
3 35
25 292
7 287
50 119
196 286
100 207
137 260
28 76
103 115
2 296
169 209
154 162
4 114
23 59
86 150
277 179
41 131
256 270
25 199
87 129
77 90
110 111
128 284
248 257
199 267
184 232
16 54
287 251
15 252
282 98
1 73
53 77
126 212
115 133
276 133
291 97
24 194
26 211
34 84
155 263
105 230
17 133
43 145
41 44
24 290
166 202
19 232
17 159
215 299
122 266
80 253
217 283
74 191
285 79
99 297
133 148
75 251
215 283
25 226
77 286
18 201
134 156
180 184
122 193
15 90
106 165
135 229
50 138
49 125
125 197
221 235
42 243
189 231
87 120
183 285
156 184
52 239
69 253
225 253
62 133
111 283
288 240
47 88
79 179
54 197
45 52
116 296
36 232
60 142
277 287
202 265
87 108
11 43
125 144
106 213
227 277
29 255
147 159
73 159
117 120
10 224
57 108
65 70
67 183
278 128
35 109
154 201
75 224
86 238
186 262
198 221
33 143
167 266
97 156
24 60
174 219
72 172
275 18
71 271
295 146
70 280
93 110
92 236
80 136
21 140
155 255
290 117
25 283
295 234
21 146
128 228
34 238
55 115
281 60
129 261
9 68
41 52
127 278
294 37
86 87
160 240
124 128
120 185
34 176
163 182
54 263
90 167
120 121
7 175
164 225
73 140
50 121
99 256
37 147
291 59
31 106
23 71
52 184
155 177
102 289
59 279
87 291
171 197
281 54
98 141
80 184
31 137
39 106
159 243
137 181
51 67
285 104
118 293
67 250
183 202
163 225
150 227
287 162
54 214
53 72
63 210
81 233
85 291
25 144
275 277
221 268
279 215
132 288
101 232
263 273
113 139
227 281
29 249
160 269
48 67
135 136
99 231
59 293
90 271
233 287
89 176
70 91
278 61
66 105
125 217
62 110
145 209
149 272
159 289
30 181
28 206
44 86
74 264
167 272
121 262
183 271
10 164
191 199
9 136
17 229
108 273
23 41
132 191
289 41
160 289
243 276
130 132
293 48
22 215
107 158
26 206
163 292
6 123
53 279
65 156
155 271
229 241
78 292
22 237
4 173
133 248
180 266
82 267
14 88
58 62
18 30
107 118
110 218
196 257
105 113
118 277
297 62
123 188
65 169
178 205
283 60
280 227
34 218
280 250
102 188
284 254
21 59
283 20
30 217
166 199
73 155
1 95
63 224
132 167
10 149
188 243
275 208
70 176
156 227
117 132
3 30
37 42
64 286
292 186
211 216
10 140
86 263
58 255
20 88
98 147
19 43
295 233
236 266
229 259
296 256
5 159
50 248
182 201
22 255
96 207
252 299
85 109
218 274
186 237
277 225
278 244
100 147
16 189
93 159
261 275
183 258
105 149
91 225
18 130
287 176
48 126
281 158
282 40
86 192
292 123
290 229
50 228
63 100
130 179
286 247
105 163
154 257
100 294
156 294
253 270
193 240
5 201
19 76
161 240
265 289
30 170
195 252
49 211
110 217
11 89
15 167
129 267
84 142
83 109
92 148
0 38
169 215
78 82
125 285
34 230
283 72
19 51
39 149
133 231
286 160
183 252
166 180
287 224
6 58
188 296
140 235
2 16
159 224
281 293
134 260
92 290
157 243
109 256
276 298
9 299
7 271
160 168
227 233
285 117
11 195
6 169
243 274
84 143
110 116
140 269
156 244
82 250
226 279
107 108
5 292
6 256
222 254
50 195
2 100
272 285
83 203
287 213
104 277
299 56
32 198
172 187
42 186
45 298
191 221
291 40
19 150
65 262
4 157
199 215
56 290
76 235
45 219
6 44
73 264
150 224
122 269
200 235
43 58
141 283
131 173
126 292
199 252
161 282
164 297
9 11
93 148
295 111
140 255
116 230
251 296
156 229
183 237
50 102
289 21
73 97
297 212
175 294
22 93
298 164
267 294
35 263
291 68
42 299
111 125
15 268
126 293
31 196
156 204
160 299
31 298
37 206
82 204
46 163
153 176
106 292
127 201
29 286
107 166
277 204
284 62
281 5
148 268
258 272
21 195
292 255
171 226
124 179
108 235
240 257
116 249
39 91
161 258
156 240
74 116
169 198
96 138
251 266
91 110
299 191
15 270
23 150
280 131
247 250
87 246
4 55
289 144
38 87
236 281
5 89
78 213
171 237
294 288
7 92
46 249
253 299
223 264
214 223
123 253
141 290
86 184
223 250
179 252
16 48
157 216
0 174
249 270
115 241
298 69
45 216
284 198
8 157
142 183
13 267
67 128
160 283
61 173
247 251
186 189
229 279
289 168
32 134
22 169
4 272
292 121
180 271
49 72
42 197
4 261
116 264
113 134
4 106
178 191
119 128
298 145
81 180
90 297
177 219
151 221
82 279
89 217
97 124
37 268
19 132
65 246
65 243
247 298
22 271
59 246
77 210
74 76
175 188
45 227
33 147
114 191
53 192
76 239
294 216
52 180
57 148
42 255
102 239
8 226
129 208
46 205
278 3
181 273
70 283
163 231
49 251
132 190
92 182
67 76
101 215
0 280
67 139
123 266
280 188
285 225
111 247
137 176
114 170
287 32
80 92
177 249
169 298
154 203
173 212
126 195
274 289
33 180
127 195
211 293
184 231
15 256
80 107
151 159
102 234
166 295
297 67
39 153
2 232
2 127
66 247
119 185
15 230
179 259
69 166
168 213
56 161
111 281
71 110
275 182
170 296
153 268
25 80
42 210
248 278
213 272
109 207
125 176
99 100
49 296
106 222
150 182
61 108
155 230
96 208
106 215
298 67
56 232
94 185
120 210
173 268
34 204
140 236
25 277
289 151
10 96
188 242
0 209
34 263
104 171
87 107
229 277
149 257
70 219
29 200
85 176
287 284
59 104
260 269
46 283
122 271
18 176
245 254
18 169
299 259
280 129
176 222
287 145
113 278
104 209
100 177
141 248
52 248
296 40
173 289
5 207
4 275
0 216
174 198
147 216
105 145
35 114
39 225
76 130
221 223
70 114
220 254
76 262
165 261
44 206
88 136
220 252
125 241
107 210
92 254
159 175
183 254
3 141
299 149
102 122
84 108
61 263
6 251
0 200
131 145
24 223
91 287
281 260
99 220
192 194
38 94
120 247
44 271
31 256
38 219
47 115
296 298
5 283
129 196
73 261
14 142
122 216
50 158
30 131
240 281
11 153
190 273
205 208
168 235
52 240
294 150
34 163
196 244
283 274
156 274
283 262
276 163
223 243
95 218
297 116
1 172
255 278
192 260
71 149
281 267
275 82
26 270
199 273
133 250
87 204
39 124
71 79
169 272
285 244
120 196
31 81
278 259
17 237
97 242
45 161
56 145
147 196
62 146
55 193
193 200
281 272
17 104
295 255
38 115
283 186
95 130
66 164
284 159
11 31
16 209
83 183
154 163
283 204
48 226
27 297
87 183
289 147
193 291
278 268
97 184
64 111
286 253
0 154
112 168
201 277
82 208
155 201
112 280
259 289
139 202
175 241
279 288
277 32
150 218
130 250
287 27
274 286
3 160
59 117
202 231
185 275
100 229
280 246
23 181
8 262
113 167
296 45
204 290
96 256
114 230
172 222
19 269
61 292
284 5
294 105
129 162
108 153
31 255
249 271
142 182
105 125
22 232
78 236
111 265
277 151
23 241
157 213
87 270
34 174
63 162
28 147
41 154
44 234
34 186
73 290
299 180
293 215
283 82
14 168
159 208
45 83
176 242
140 166
280 147
296 262
280 137
110 183
38 246
124 175
104 115
292 239
196 221
49 286
25 152
22 251
26 105
12 184
119 212
156 278
223 234
49 167
76 96
276 154
16 299
86 172
106 284
48 61
9 218
62 281
51 84
282 20
35 70
133 259
68 269
171 297
7 33
83 96
267 282
154 169
279 20
55 161
207 256
141 177
255 276
27 40
29 234
201 266
231 237
21 203
34 296
281 83
182 205
234 267
286 191
27 89
71 245
51 134
19 194
26 193
32 220
125 257
196 246
281 171
226 247
117 264
140 233
86 158
29 250
107 208
213 238
118 207
288 261
290 222
46 169
70 288
125 256
30 297
154 252
86 183
287 98
294 110
22 111
89 101
272 273
241 273
116 161
68 129
127 130
64 92
38 107
203 295
122 192
106 189
102 173
131 166
48 129
196 277
124 263
0 79
283 298
116 124
25 202
52 276
83 148
288 112
176 177
29 267
105 229
176 184
96 295
135 150
158 159
296 98
104 139
54 69
97 193
9 29
106 134
34 162
109 268
8 27
135 160
41 297
127 283
167 270
39 264
184 260
67 234
38 207
237 299
279 1
166 252
71 77
296 177
171 255
283 254
98 117
41 122
159 201
36 159
148 191
81 201
74 199
108 247
191 203
19 32
181 227
240 254
162 286
50 237
297 178
209 231
80 263
67 87
154 269
153 206
38 184
145 288
17 224
128 260
171 264
109 271
32 122
84 88
29 138
17 50
83 185
157 196
99 140
83 298
298 19
116 186
112 174
279 64
127 262
35 256
289 118
27 77
10 16
6 241
15 65
46 137
218 279
49 133
121 135
68 252
120 264
7 105
288 162
281 188
143 164
74 291
213 243
57 118
139 191
78 226
203 233
69 268
40 59
120 282
43 240
277 89
39 95
62 177
169 182
36 169
112 221
107 268
79 81
5 235
15 16
103 130
239 247
126 270
294 87
73 179
2 239
10 154
35 158
23 204
88 197
36 213
12 40
17 227
279 211
63 150
17 152
279 249
180 257
96 163
53 148
26 128
287 142
135 208
78 262
80 188
279 205
65 87
278 129
224 260
55 57
51 286
148 291
1 227
253 278
66 275
156 262
72 285
103 106
86 108
251 285
5 160
48 179
70 182
118 194
279 49
286 61
12 204
22 273
50 286
151 205
215 253
194 219
66 259
103 154
15 259
88 184
25 212
78 166
298 238
88 187
104 207
37 285
11 38
96 296
82 93
161 226
37 273
86 109
171 220
67 225
172 264
39 46
280 296
289 94
13 260
137 206
71 257
114 214
131 293
77 285
278 157
10 100
51 252
166 274
277 125
104 117
36 73
123 284
13 47
53 243
197 286
236 247
148 171
63 263
116 289
259 293
4 177
98 178
81 223
55 249
11 47
285 136
43 269
79 240
14 84
76 181
57 293
32 253
276 110
170 211
54 187
89 153
28 168
153 290
47 286
221 273
6 179
148 282
297 117
1 282
35 99
281 201
286 194
25 250
7 238
16 197
61 270
39 167
57 144
291 65
284 210
78 209
113 297
79 129
40 93
276 182
93 228
80 118
220 242
135 142
9 70
281 118
123 165
24 163
5 200
291 178
64 134
84 145
204 254
223 244
2 155
73 197
3 142
279 276
281 91
3 28
196 200
144 188
219 273
276 283
153 247
78 190
287 239
118 253
36 223
24 103
62 293
2 36
48 211
202 219
279 58
299 211
68 223
85 228
280 193
161 194
12 80
12 218
12 98
154 241
288 266
37 193
128 227
76 129
114 229
114 188
277 107
92 225
91 207
90 192
16 228
49 142
169 267
4 94
85 241
6 242
212 240
295 168
48 298
104 124
93 189
181 195
156 185
91 272
231 282
217 232
243 257
268 274
60 126
52 103
46 243
289 121
153 222
169 284
105 178
0 168
62 140
174 297
297 187
4 121
230 246
192 293
64 230
172 188
24 131
94 266
63 260
21 72
286 182
115 266
18 131
211 282
74 227
34 265
131 270
157 269
292 114
32 148
198 248
92 232
181 255
292 166
167 262
139 201
51 81
24 231
108 202
208 209
119 234
297 250
136 171
116 261
67 164
54 78
84 128
77 224
234 253
152 187
43 293
248 277
8 268
66 270
37 211
201 202
78 113
111 261
153 287
33 45
136 278
234 246
80 286
78 254
1 143
16 94
295 201
69 131
18 53
149 295
164 259
90 191
122 201
26 281
37 166
139 208
70 213
50 83
156 180
236 280
202 260
65 189
195 220
36 258
173 257
7 212
291 185
125 251
75 228
18 251
156 219
229 230
286 254
275 90
148 186
134 268
116 195
180 216
34 67
100 230
20 280
0 130
232 243
51 234
185 249
43 191
180 213
91 202
2 158
110 225
84 186
66 234
293 142
292 16
9 88
81 238
210 251
169 176
158 268
95 128
23 208
290 121
62 275
41 82
61 63
113 116
4 289
281 77
21 103
9 165
24 252
148 249
3 251
134 249
281 0
45 299
95 100
25 32
69 95
231 290
25 267
282 117
1 153
36 277
178 293
279 18
290 185
4 147
295 90
155 162
56 243
121 209
139 168
201 292
17 113
231 287
12 268
37 276
229 264
0 234
123 224
89 110
159 206
130 195
96 124
63 115
2 293
101 288
153 159
46 224
155 249
162 244
158 233
99 148
163 284
206 293
73 286
276 123
33 261
218 252
98 224
109 281
136 159
38 293
167 173
73 263
19 21
5 258
275 70
14 186
176 241
112 164
95 137
103 246
259 271
291 58
25 238
55 122
232 252
54 135
247 284
161 177
90 237
96 221
41 238
54 117
80 292
28 241
82 234
209 273
104 121
61 71
182 200
250 274
189 206
124 265
239 246
290 200
203 271
49 184
33 138
58 227
19 59
151 297
62 215
20 44
238 275
136 173
37 184
32 57
33 132
43 144
61 127
142 280
63 81
49 52
67 211
30 54
122 231
13 188
170 247
137 251
95 169
36 65
101 238
1 147
49 198
183 293
281 238
110 242
125 129
94 125
54 217
212 281
73 218
16 273
153 274
157 237
31 146
142 281
27 124
62 222
296 150
91 98
43 247
120 288
280 58
193 221
83 163
67 229
41 262
11 292
16 133
164 240
27 237
144 191
108 212
75 194
10 120
79 235
121 151
80 199
45 96
91 171
109 115
164 166
237 263
75 158
172 269
196 267
50 290
28 269
65 74
295 133
180 199
86 191
10 131
280 106
22 53
20 200
135 145
4 11
5 50
52 274
162 175
294 146
79 208
42 261
78 141
68 180
284 259
232 284
291 113
137 183
36 59
215 280
62 181
232 264
88 113
236 244
14 177
135 152
57 221
282 279
127 258
118 140
138 142
160 185
112 152
174 213
208 218
288 218
98 143
160 166
90 190
174 236
205 272
244 257
37 256
62 132
40 167
91 181
143 242
46 119
187 212
255 275
251 275
252 285
96 121
298 40
107 144
32 64
298 248
188 222
30 151
102 275
211 258
67 91
48 242
3 280
185 258
285 81
207 268
80 232
47 111
46 260
214 259
199 239
73 129
276 217
209 240
291 219
14 198
115 154
61 287
294 251
99 155
66 227
197 235
277 258
52 205
35 155
217 295
50 80
86 215
289 109
172 232
79 149
14 291
298 28
276 225
170 229
88 94
121 240
26 259
53 144
76 180
161 207
36 296
19 172
155 261
170 234
163 196
105 253
54 196
21 127
5 115
232 257
86 122
98 174
153 248
291 161
194 214
285 210
198 266
11 88
299 26
128 299
134 224
104 164
25 214
175 212
129 227
18 196
223 268
113 119
60 296
6 245
287 25
298 66
21 56
106 150
18 44
283 159
287 257
160 272
101 294
265 266
293 195
42 161
47 231
172 256
40 87
115 297
51 56
116 212
261 298
281 220
75 92
46 245
