144 17
51 105
77 114
99 137
101 112
69 95
140 2
5 141
43 126
149 139
63 81
17 142
18 66
156 47
5 132
25 57
77 81
35 38
18 23
68 70
17 63
41 116
71 76
150 102
22 32
57 78
33 147
36 59
53 104
37 111
41 95
46 156
50 59
87 136
40 133
159 65
33 144
15 68
149 25
63 80
55 139
90 104
67 111
44 72
10 42
35 76
51 75
60 140
8 142
50 124
56 62
35 88
144 97
39 153
153 96
24 64
28 71
18 33
13 55
22 66
42 74
34 99
76 110
141 24
52 77
16 101
159 19
15 41
83 142
38 58
13 77
151 104
54 119
144 4
146 88
40 141
146 118
83 107
2 42
87 122
157 84
100 119
42 117
3 151
15 56
68 102
56 95
140 84
46 110
40 65
54 69
39 138
91 157
103 109
41 96
87 106
140 93
21 77
37 60
51 102
126 151
70 111
79 122
48 66
0 95
58 86
9 106
99 141
69 81
27 127
63 93
41 103
96 101
0 105
144 149
53 59
87 138
54 98
24 124
52 133
28 134
43 61
76 112
157 38
150 101
47 79
45 125
48 87
98 116
103 149
36 68
12 13
156 138
22 112
33 152
83 115
62 77
94 120
80 117
149 75
111 144
147 95
35 43
41 119
32 95
13 141
51 127
148 124
45 142
2 155
68 101
157 56
46 126
42 150
34 56
156 71
109 157
53 137
65 114
56 147
141 29
110 146
158 67
37 157
70 78
33 48
110 144
19 117
3 46
153 44
156 24
19 104
149 28
47 155
29 37
145 19
156 75
68 145
141 50
66 87
90 144
25 155
10 149
39 82
27 142
19 72
34 101
63 133
27 72
110 142
86 134
101 155
111 128
21 111
84 88
62 121
66 151
53 153
35 119
147 116
13 29
40 113
26 43
121 130
75 91
32 91
75 136
40 83
49 79
10 157
155 90
143 52
150 84
93 117
145 30
145 21
44 82
152 107
45 94
76 98
62 94
14 107
59 145
30 72
21 83
38 39
55 143
56 71
74 114
128 154
155 97
97 105
144 83
81 144
56 136
119 152
119 132
151 102
49 141
154 32
28 54
31 111
146 122
148 98
8 116
31 37
26 83
54 138
68 123
94 118
132 138
101 119
72 101
155 130
20 114
82 87
6 134
80 155
17 110
17 85
49 99
6 25
27 88
86 112
105 127
20 74
43 96
52 64
27 70
22 93
128 145
10 134
30 82
60 96
0 40
152 16
58 138
15 79
12 42
18 109
141 111
33 110
157 116
44 80
61 143
96 125
43 65
94 138
146 103
8 34
102 137
96 123
20 152
9 37
150 120
149 7
6 151
153 52
12 99
35 152
158 42
113 125
156 81
98 140
147 118
41 61
105 131
154 110
23 104
32 142
158 2
4 142
32 129
96 139
17 137
82 108
26 29
10 94
146 40
16 120
146 128
19 121
5 92
15 74
36 66
41 106
37 129
11 101
150 95
27 56
81 128
130 146
76 121
83 89
34 97
28 130
16 57
129 138
25 159
21 144
93 124
27 130
5 100
148 53
44 45
84 138
33 67
154 16
2 107
44 149
144 62
45 65
4 82
1 42
118 142
96 146
33 49
38 120
40 58
21 100
146 74
47 77
142 97
150 32
77 99
39 51
81 145
91 101
98 124
32 41
40 68
52 138
111 139
19 35
3 12
143 109
34 80
36 54
140 61
69 153
29 44
62 89
48 97
36 40
22 97
57 94
55 73
18 124
73 85
143 153
58 63
95 127
83 103
17 90
114 134
155 55
149 6
122 159
97 136
31 117
103 138
5 98
8 96
31 144
6 148
1 52
84 153
45 145
70 101
141 114
72 158
157 36
20 82
62 150
143 28
70 143
10 101
53 121
1 9
72 102
93 99
33 83
104 150
50 103
20 143
50 142
143 44
157 133
149 87
63 154
3 36
25 76
20 154
16 124
147 39
93 156
6 108
37 59
126 138
149 124
56 97
140 64
62 111
49 58
153 48
22 158
91 147
38 68
145 115
144 8
149 119
86 127
67 155
30 97
39 109
24 69
10 102
80 113
81 119
148 132
19 155
82 102
41 67
141 139
53 155
11 157
7 95
131 139
56 81
89 122
17 65
7 132
59 147
6 89
143 33
64 95
20 122
31 120
152 141
53 55
105 158
101 102
82 101
32 126
88 128
149 37
84 155
12 125
46 130
129 132
65 102
8 45
145 116
23 107
64 121
56 120
64 92
29 35
141 90
143 48
151 141
118 150
71 91
147 9
107 114
10 71
28 148
150 12
12 72
143 94
78 97
132 150
9 68
28 142
7 101
116 126
42 96
4 20
154 122
76 156
59 112
17 81
55 127
19 107
102 131
90 123
26 145
110 118
5 126
159 155
131 159
12 33
7 134
149 14
35 111
106 124
35 68
118 132
56 85
33 122
6 62
0 62
124 143
0 26
120 137
58 125
50 131
32 44
57 109
143 128
41 48
142 43
127 141
56 149
22 57
70 74
67 72
154 10
37 97
62 137
2 96
48 75
7 103
34 78
75 105
118 120
16 48
24 60
150 51
94 134
23 55
15 77
133 158
150 133
142 128
36 98
15 144
140 66
23 119
81 135
38 149
143 49
1 101
75 127
37 55
54 126
85 138
31 56
98 131
46 51
31 35
20 73
142 38
20 136
13 48
10 38
48 53
0 93
158 38
158 5
114 115
7 63
37 50
43 149
9 24
39 118
24 48
80 98
29 115
154 38
154 8
156 17
104 146
11 145
146 127
104 125
140 34
40 153
59 116
144 117
149 142
87 156
59 78
59 94
10 56
65 138
69 78
72 94
151 55
14 129
13 133
8 55
156 0
39 62
31 82
41 156
6 55
56 113
6 122
47 51
143 113
144 10
131 142
88 141
156 26
140 123
18 83
16 115
115 141
152 120
48 125
90 125
151 143
5 139
143 118
65 104
14 151
123 124
34 77
13 103
0 29
140 82
62 83
26 122
47 64
105 148
17 141
22 119
1 96
154 100
23 126
81 130
68 150
47 154
47 58
41 150
0 48
153 76
153 45
154 98
57 76
89 131
94 155
152 103
40 91
153 116
4 94
155 87
142 53
9 49
42 120
47 56
85 97
74 138
52 148
11 32
66 104
11 75
60 103
85 152
65 86
11 143
142 90
40 42
98 142
152 63
50 158
61 141
20 83
75 101
10 121
41 142
152 105
148 44
154 68
45 149
26 99
151 67
23 61
44 113
62 158
145 123
159 126
15 28
143 36
40 155
94 142
159 82
93 123
83 111
51 92
23 123
30 153
79 96
74 143
109 159
18 95
58 141
59 138
8 117
85 99
67 129
4 136
39 122
23 72
126 137
37 66
80 87
28 82
101 159
157 100
158 66
19 85
152 89
27 158
38 127
40 78
147 60
11 26
39 63
148 93
133 149
148 116
150 13
11 64
156 123
38 139
55 69
46 138
77 106
16 121
127 142
61 125
20 87
19 38
8 10
61 113
19 135
52 65
64 138
61 69
80 84
25 114
117 120
15 20
38 156
145 41
37 87
8 42
158 40
150 53
31 105
12 91
82 144
140 119
140 8
32 152
153 28
125 154
89 147
68 144
22 77
73 122
35 138
63 72
145 17
17 26
9 121
78 100
100 132
10 141
72 132
65 118
16 37
66 95
108 157
45 88
69 129
30 62
66 127
40 149
36 95
70 114
6 125
10 55
20 127
54 102
23 156
20 106
2 27
76 84
60 133
148 109
153 124
12 71
91 93
53 103
73 113
61 85
18 19
54 110
158 4
29 45
60 61
67 126
144 158
60 132
80 85
155 140
80 123
27 126
31 114
30 136
9 60
148 122
141 34
155 156
41 43
44 116
25 142
116 117
155 8
83 98
37 38
89 123
143 73
22 74
88 134
151 20
37 74
18 136
16 140
56 82
148 25
51 120
35 47
37 115
46 135
97 138
107 115
11 124
103 132
76 116
46 54
44 65
145 99
7 114
153 151
89 142
97 135
65 153
66 70
30 144
36 136
11 63
74 111
151 82
126 158
98 117
20 120
25 125
144 66
153 80
51 86
20 21
133 134
32 110
106 156
52 76
100 133
143 123
38 114
76 125
89 111
6 76
74 149
14 37
23 37
29 158
54 92
148 4
124 157
21 53
39 43
20 95
28 99
64 117
85 156
50 96
86 133
51 136
93 144
2 114
43 114
16 74
46 115
153 120
27 29
90 146
135 158
2 14
75 106
154 67
155 50
107 109
41 115
8 73
36 69
56 150
60 152
154 146
114 142
150 129
49 84
156 14
100 122
20 63
41 153
114 144
0 66
9 54
58 144
20 91
43 78
81 132
58 126
143 38
81 127
60 116
97 128
1 123
76 141
7 79
148 62
38 79
155 68
4 105
42 66
38 84
147 142
59 82
143 88
61 149
35 71
9 78
21 84
134 139
142 11
51 152
72 77
83 148
155 113
4 74
24 61
31 159
4 111
153 60
13 56
50 70
107 108
1 31
143 90
114 147
45 62
151 135
27 113
86 88
116 139
158 52
57 123
61 118
150 8
38 94
16 71
148 24
11 117
141 45
18 111
92 146
146 89
124 156
37 107
8 110
28 40
65 124
6 50
36 111
23 144
29 67
44 97
52 121
85 115
8 125
141 137
94 102
71 72
130 152
83 116
56 61
152 31
42 55
126 154
17 57
8 27
157 90
36 56
79 91
69 128
66 92
114 148
114 122
155 122
148 49
36 46
2 67
122 156
13 115
3 158
78 120
89 124
80 131
119 122
53 79
48 61
154 153
62 139
139 159
122 129
148 29
42 56
111 121
11 53
157 80
79 90
155 38
76 91
6 21
55 59
34 38
8 111
158 61
31 139
116 140
7 86
56 110
143 84
72 92
31 123
14 52
86 136
84 111
159 59
14 104
135 145
87 137
15 101
72 117
45 51
26 79
27 101
31 57
76 138
29 139
76 107
22 138
9 71
69 148
55 117
4 121
11 55
154 31
34 70
61 98
44 146
25 112
159 103
140 77
19 86
92 121
151 38
98 135
81 95
149 120
156 28
51 62
58 113
25 97
71 151
61 100
40 53
2 157
37 104
17 59
52 61
100 102
43 105
48 68
87 127
150 126
8 75
14 144
98 103
31 32
142 52
28 115
60 121
22 70
140 19
38 96
57 65
83 97
158 51
136 147
39 96
147 90
95 138
11 100
113 135
9 119
39 78
62 99
12 69
144 71
140 97
29 53
78 143
47 146
2 92
152 22
23 67
72 91
45 118
12 34
30 107
2 97
50 112
126 135
51 126
42 131
157 34
33 43
80 94
159 125
12 133
107 120
62 103
149 141
41 80
20 88
153 27
75 150
7 48
101 107
2 126
40 147
30 94
147 70
69 101
13 68
146 2
126 127
38 159
117 126
10 34
62 70
72 108
100 145
70 122
70 90
29 88
10 49
0 94
22 96
85 112
75 115
64 71
95 128
152 65
32 135
112 141
101 105
65 90
139 152
141 86
101 127
4 56
148 30
81 88
154 136
149 36
155 41
2 33
21 81
53 75
125 126
121 135
19 153
19 58
60 156
154 12
51 142
154 18
87 135
154 30
93 109
152 128
27 91
53 133
57 73
24 63
115 140
142 132
147 69
53 110
96 102
20 126
109 118
144 91
32 122
98 137
45 90
4 67
6 141
85 111
19 118
57 81
31 71
154 53
36 145
21 41
24 126
77 142
48 116
155 112
145 98
70 100
134 144
0 86
9 94
84 148
6 7
155 62
43 46
8 122
23 85
19 150
55 72
41 136
154 121
158 90
49 87
64 77
120 125
45 81
37 70
92 136
152 45
32 105
19 66
129 148
147 124
63 106
106 127
36 134
102 146
14 102
53 89
104 115
147 121
6 120
106 138
10 44
155 72
70 82
140 3
81 94
157 48
150 158
151 29
151 139
144 57
4 75
73 126
10 95
104 119
121 148
112 145
141 74
30 102
159 4
36 93
37 112
14 17
139 147
93 137
84 101
8 139
95 107
154 127
95 133
31 61
43 97
146 135
19 20
32 75
21 155
48 90
1 127
110 121
142 57
73 82
46 49
92 99
15 85
34 106
75 137
24 145
147 25
134 135
143 107
149 85
36 104
20 69
5 7
152 57
80 95
52 154
141 157
139 156
7 35
6 85
6 145
154 55
29 137
84 122
13 134
41 68
20 65
104 135
19 137
158 12
147 138
17 48
141 23
0 113
12 22
26 92
144 78
115 121
110 130
144 125
76 78
19 77
38 40
148 153
31 53
156 114
11 121
141 108
62 88
4 12
5 83
48 89
60 145
16 81
123 146
141 14
148 13
5 155
156 95
74 92
59 123
43 93
154 86
31 78
154 148
112 152
141 75
46 70
49 125
34 135
66 128
3 28
90 110
96 116
145 14
39 151
21 140
114 136
69 145
108 153
21 57
66 102
99 159
22 150
156 88
150 0
1 141
103 134
150 63
147 77
11 77
77 122
100 159
128 147
68 81
40 63
100 114
97 139
159 41
109 154
21 102
95 99
106 123
112 140
6 158
9 17
59 101
22 137
8 65
8 124
140 141
95 110
46 97
114 119
32 34
79 110
64 69
129 130
150 5
32 59
17 95
44 70
155 77
31 67
60 148
157 4
99 148
28 92
24 140
62 114
17 22
81 102
159 83
51 60
27 103
78 151
113 152
1 16
67 74
97 156
18 59
151 107
159 72
88 137
50 134
131 143
12 106
115 129
1 130
152 80
108 133
151 111
148 151
145 102
103 124
142 137
33 59
81 146
9 55
59 68
17 71
18 98
154 119
35 44
42 152
36 123
151 56
128 136
19 101
42 139
0 19
153 31
20 105
0 107
152 13
2 36
38 118
33 81
25 127
29 134
10 74
2 150
86 146
1 69
24 67
76 97
159 0
125 155
99 130
31 141
145 118
67 110
14 135
27 47
48 82
15 109
21 107
157 120
16 138
27 129
56 126
62 127
102 111
26 139
54 108
156 6
152 67
8 153
6 47
67 139
40 96
3 119
24 158
52 102
33 37
24 50
147 134
61 106
11 118
51 88
38 116
50 86
107 131
44 91
69 134
0 152
110 153
47 120
99 112
144 37
32 73
141 154
146 85
42 151
72 138
142 64
152 56
3 79
108 156
51 91
56 92
134 154
87 132
147 18
53 85
73 119
8 43
21 72
46 74
6 138
136 146
56 144
97 127
46 91
3 120
93 145
18 44
44 95
38 86
12 20
73 150
106 119
86 121
28 65
21 113
2 9
158 93
42 149
3 41
13 26
42 148
98 127
10 65
144 44
112 116
28 152
48 99
11 122
77 145
159 34
136 153
13 119
78 82
43 131
103 108
7 105
22 154
21 35
145 86
21 121
14 47
73 121
50 145
81 157
82 93
150 24
59 84
119 137
5 44
96 140
53 107
60 92
95 137
62 129
68 112
104 153
23 31
2 117
15 89
128 157
53 83
141 125
149 51
150 49
22 141
3 11
74 130
48 60
82 85
46 159
22 34
8 128
13 113
83 141
116 138
9 77
21 99
146 111
15 136
40 44
146 116
45 82
86 147
159 85
155 86
15 116
43 143
15 39
34 65
76 157
158 45
9 110
64 144
50 107
156 134
44 154
12 83
142 125
28 150
76 146
159 81
38 60
62 98
76 119
19 46
147 108
146 23
133 137
16 111
3 146
23 54
41 120
36 96
3 35
9 91
46 148
71 135
61 111
141 87
29 71
68 74
22 67
55 128
55 152
141 3
151 59
39 111
18 123
25 70
111 124
47 80
23 26
113 151
147 58
70 77
155 100
91 121
8 24
106 128
9 150
9 95
75 113
29 75
27 65
12 145
50 129
89 156
155 116
48 95
32 81
41 49
48 50
17 40
73 94
14 72
157 72
113 156
133 151
58 116
77 88
157 25
2 156
14 84
3 70
143 155
91 146
78 118
12 50
9 140
60 126
92 101
48 59
62 102
140 121
103 111
133 146
0 96
71 114
5 45
49 133
37 83
141 51
153 70
129 136
129 144
142 42
148 56
6 114
75 131
13 104
54 153
154 50
47 60
28 105
159 61
35 139
35 133
5 96
144 112
94 131
23 95
18 159
10 90
88 121
41 124
155 131
156 121
19 91
67 104
103 129
61 124
22 110
49 124
27 48
92 105
107 145
145 88
48 152
43 113
87 117
159 95
34 148
59 121
32 159
149 58
7 123
115 158
10 140
157 98
10 146
45 105
42 129
109 116
27 100
147 72
142 61
124 152
77 111
5 78
145 72
67 118
100 108
6 15
122 145
84 149
19 146
4 52
7 69
36 119
157 149
26 123
80 100
88 90
23 76
17 102
19 60
94 151
76 135
61 134
20 59
63 71
66 98
20 41
66 107
1 26
87 111
106 109
1 148
66 80
12 130
130 136
48 136
145 64
142 75
65 151
14 111
28 112
6 63
5 125
139 144
84 116
30 68
54 129
99 132
21 157
54 120
104 138
33 93
16 52
2 79
6 111
39 72
52 144
158 48
142 109
21 126
13 108
43 136
15 22
156 68
10 69
22 55
123 134
159 20
54 82
52 151
35 103
159 80
117 150
29 39
57 61
4 72
105 129
117 156
36 128
21 133
137 152
34 158
154 138
12 14
143 56
114 123
43 121
86 130
39 110
7 154
58 135
61 108
10 89
60 84
35 52
62 107
4 104
152 4
40 121
159 21
44 49
41 149
151 69
8 119
84 126
94 127
77 91
54 86
27 147
52 124
112 130
5 82
155 82
147 102
14 24
20 76
4 151
60 106
43 119
12 24
83 129
147 130
146 101
149 98
59 125
89 106
24 39
81 120
73 140
7 122
150 105
58 109
25 154
143 26
71 84
81 133
32 49
25 158
30 138
148 48
64 93
159 156
13 50
35 114
24 120
4 135
46 90
155 71
88 113
8 12
139 154
29 122
149 57
146 97
142 19
20 25
55 92
0 73
91 139
28 69
1 39
75 100
146 137
5 55
74 152
96 142
154 6
46 69
46 137
151 122
21 122
149 3
1 117
32 151
44 147
57 86
85 147
65 107
142 99
70 139
142 112
4 116
56 69
95 105
7 41
3 103
37 52
8 101
30 98
22 144
6 54
149 73
157 15
158 136
7 71
35 66
40 126
76 154
35 155
89 141
49 65
49 85
97 114
56 138
79 93
150 83
33 151
38 138
19 129
72 75
39 71
110 117
96 135
74 140
1 2
77 157
54 125
47 67
146 52
45 54
153 121
20 80
150 112
134 152
37 65
78 152
7 130
76 95
127 153
3 135
142 70
19 120
12 40
66 100
105 121
0 57
55 87
89 139
140 105
67 127
39 58
91 130
145 48
111 136
40 87
17 58
24 42
147 1
112 118
25 75
142 21
48 74
40 111
21 32
9 135
101 137
52 132
140 128
146 38
83 158
109 112
32 121
122 157
71 129
13 62
141 2
10 145
36 77
33 70
150 71
88 96
58 88
5 97
104 145
83 136
78 116
156 70
40 159
19 126
57 90
116 127
54 81
144 75
39 67
5 62
141 143
32 106
97 123
12 131
149 53
6 77
78 153
64 150
39 47
15 156
159 3
11 79
39 88
65 77
130 144
153 129
115 132
146 13
142 18
10 128
0 77
72 98
36 132
98 147
58 103
3 136
87 118
11 107
125 153
0 104
140 149
2 82
3 23
148 27
30 89
155 29
45 135
25 84
61 147
144 12
74 150
35 54
68 71
58 133
12 138
73 114
13 28
76 113
41 83
42 86
152 2
12 143
29 136
67 87
154 24
12 86
90 105
10 24
157 118
155 59
157 46
51 71
125 156
40 104
111 130
32 55
14 71
108 126
43 111
12 116
73 159
17 153
146 107
3 94
10 158
3 87
141 16
149 127
113 131
141 62
2 24
63 97
40 124
144 137
28 53
29 106
74 99
158 47
14 20
18 117
2 129
146 61
154 69
17 123
101 115
15 104
152 77
12 15
151 60
124 141
76 101
87 88
23 136
1 145
128 131
93 111
145 114
20 125
108 149
30 123
21 115
60 83
152 59
104 124
2 102
144 120
81 142
100 124
31 116
41 117
45 93
52 152
159 45
26 103
21 90
37 132
21 158
39 66
56 96
22 81
50 115
29 46
47 97
74 107
15 21
146 140
149 79
129 159
13 127
11 71
51 101
98 136
93 126
37 49
39 102
44 157
158 73
7 138
157 31
42 130
1 13
96 128
150 31
88 119
70 148
2 20
30 158
79 142
136 159
55 109
25 43
1 124
150 156
42 122
142 33
150 123
140 104
157 14
0 85
36 148
77 89
69 140
25 29
143 1
97 116
26 31
69 82
9 145
33 51
147 133
19 62
113 145
93 112
110 132
67 134
74 104
4 8
151 26
23 94
99 121
9 146
6 95
21 108
155 23
41 54
50 67
81 147
156 84
148 156
22 65
78 93
7 120
23 90
107 121
12 16
151 30
117 129
94 122
117 132
76 99
82 152
46 55
52 125
7 46
14 62
28 70
15 131
24 151
27 89
98 120
12 111
19 37
30 43
55 137
150 134
58 115
14 90
101 140
84 94
100 127
159 128
41 64
155 109
58 95
141 8
148 86
27 139
69 111
147 101
21 138
154 115
129 147
77 113
27 61
42 73
0 103
149 105
147 153
69 141
6 93
5 15
16 60
141 7
147 137
8 106
0 133
143 34
67 146
148 112
126 146
19 152
61 84
146 119
159 138
13 53
24 66
58 158
53 96
102 149
51 100
46 85
148 89
22 75
86 157
73 131
87 109
148 100
8 94
53 136
6 140
90 135
57 157
27 35
69 100
18 42
84 133
151 12
65 140
39 86
6 123
12 45
97 154
17 138
61 73
29 112
118 121
10 15
5 18
9 87
158 59
141 9
103 148
55 84
154 104
150 55
52 114
28 103
15 36
26 107
5 43
50 123
152 24
56 106
88 150
92 102
87 154
29 91
23 71
87 90
65 117
150 111
18 64
65 98
152 5
143 126
15 124
120 148
144 2
110 155
16 118
122 126
85 102
42 43
35 41
60 109
66 99
145 35
5 117
77 107
2 51
35 134
149 69
154 21
50 138
45 151
39 81
67 76
86 98
145 127
143 139
54 130
110 136
27 128
18 32
82 104
143 91
53 54
47 105
157 16
158 87
17 61
103 126
143 136
144 107
157 103
2 55
16 134
18 119
68 135
21 28
112 114
76 120
97 132
73 87
142 88
57 137
74 76
1 38
108 135
9 63
8 40
15 95
117 137
109 152
148 137
129 154
36 109
54 133
60 136
67 92
83 155
129 131
141 54
89 125
76 132
59 62
16 137
149 94
80 143
41 63
156 73
59 91
61 89
21 31
78 113
25 91
19 144
38 92
8 102
40 75
81 139
31 138
35 95
63 104
68 140
63 83
14 99
115 125
36 47
66 142
18 121
12 147
44 78
25 105
154 66
27 74
156 142
154 89
4 50
10 127
112 124
91 98
159 47
77 118
4 130
63 143
151 43
68 158
37 96
84 98
89 158
78 89
142 151
23 39
102 109
11 49
70 115
28 113
4 101
41 52
82 136
0 45
26 91
149 96
152 69
18 107
15 98
29 81
151 7
154 131
54 100
102 108
98 115
49 142
59 75
39 127
121 125
156 27
58 134
62 106
11 14
73 112
78 87
146 120
159 114
19 32
108 154
9 158
51 135
87 146
151 16
51 131
151 124
39 152
21 152
130 151
28 114
25 94
89 126
44 96
78 114
71 77
38 122
16 93
63 112
97 112
151 95
3 69
152 94
147 100
7 12
157 5
80 102
154 4
17 117
23 128
10 73
99 155
7 118
6 73
1 102
158 117
123 153
34 132
86 132
26 150
149 66
28 116
9 53
5 22
115 150
63 76
142 103
31 148
58 68
25 109
45 46
3 15
72 140
98 155
28 157
149 27
140 30
66 79
41 101
143 4
69 79
63 70
46 50
33 92
12 96
88 99
101 109
141 43
70 141
127 150
58 152
43 74
1 105
83 133
17 114
95 153
150 131
58 73
141 95
16 40
65 125
18 49
31 122
7 145
21 136
27 81
81 121
101 148
11 36
83 147
57 150
128 137
97 98
16 58
146 54
53 106
68 78
47 68
37 147
81 107
7 94
49 140
65 110
93 104
158 75
103 120
12 51
73 139
52 149
151 41
2 10
66 156
44 106
37 133
33 148
11 150
105 151
128 139
140 85
22 156
14 58
57 140
55 148
159 150
54 135
148 37
27 50
27 121
144 38
61 94
54 74
71 86
47 130
13 31
11 22
2 110
133 139
150 43
72 130
123 157
152 126
150 130
26 52
119 136
40 48
106 112
113 139
157 42
147 8
24 52
27 63
61 65
0 8
88 117
35 110
68 80
25 110
146 12
76 126
132 156
18 141
35 117
31 47
90 114
9 66
96 99
106 117
52 150
146 71
17 91
73 78
43 52
30 69
116 141
12 75
15 47
150 89
42 123
31 70
143 89
38 99
17 30
65 143
72 79
145 101
121 152
153 21
21 75
110 159
141 72
144 7
32 134
144 124
2 124
13 49
12 117
82 103
1 46
151 146
58 129
140 4
19 92
21 67
53 111
10 39
90 98
38 43
149 131
30 127
32 70
93 129
88 89
1 139
104 109
31 108
37 39
43 100
149 71
1 116
90 109
64 98
47 84
15 81
97 108
10 119
86 144
101 143
57 63
144 59
29 130
151 2
36 107
153 134
42 102
30 149
147 29
41 127
23 78
129 157
145 95
149 129
51 84
41 89
128 141
66 101
142 153
134 159
150 100
35 121
13 111
156 141
159 29
80 137
101 132
110 123
45 68
147 35
7 43
9 105
152 76
95 122
18 91
106 149
6 64
2 135
70 109
76 130
148 68
158 65
60 67
148 82
13 69
30 152
14 43
33 64
73 127
66 86
14 143
47 54
140 92
94 153
75 117
114 135
93 135
52 118
149 65
42 90
52 73
11 13
6 142
62 79
17 56
71 102
69 70
134 137
122 127
86 91
6 98
152 108
108 131
44 68
143 66
0 38
75 129
77 150
150 48
147 92
107 154
119 135
154 147
108 109
35 107
7 87
45 75
43 83
126 153
66 138
15 96
49 98
155 22
153 100
3 107
81 124
118 125
56 134
67 101
14 101
75 110
149 101
82 91
142 34
140 117
58 69
47 101
78 85
131 153
91 118
124 130
51 137
90 153
85 87
54 99
29 64
15 37
104 157
67 82
18 132
23 153
91 133
48 100
18 51
142 31
84 87
55 141
12 65
38 73
53 74
46 77
90 138
102 127
105 157
142 13
54 80
14 97
21 109
97 141
87 133
22 71
39 136
43 89
35 36
80 105
97 103
25 143
49 97
13 154
69 158
77 92
46 98
31 88
30 49
1 93
22 118
57 136
50 130
77 105
45 121
102 115
87 100
47 86
34 73
92 107
20 116
150 124
25 32
29 34
42 110
156 50
152 27
144 51
107 112
90 150
37 121
34 90
27 40
148 23
10 122
73 117
