200 21
84 103
9 31
41 80
204 163
14 166
148 206
195 162
98 120
92 146
172 203
6 27
16 48
7 142
112 213
101 184
5 29
11 45
159 208
16 107
76 172
79 176
220 110
48 146
18 86
0 64
150 153
53 105
66 135
220 180
20 116
58 115
209 7
103 220
222 218
167 205
85 166
83 211
61 200
197 208
16 126
22 160
205 15
1 83
143 156
21 66
4 118
41 95
159 212
88 172
65 69
74 207
144 152
76 194
73 153
110 123
36 144
80 118
111 183
86 193
63 156
44 131
124 181
55 133
10 86
199 135
25 30
219 197
220 198
202 107
205 160
219 161
57 159
181 197
147 156
60 149
200 134
14 74
78 211
120 150
33 55
123 126
87 88
196 85
103 159
209 5
23 41
1 195
151 222
125 128
37 174
66 155
4 195
124 209
5 32
206 202
8 211
27 64
2 142
90 153
19 172
82 88
222 63
198 137
162 176
34 183
6 199
218 146
156 201
48 125
199 197
98 158
199 122
81 170
77 137
202 186
30 55
221 189
113 161
90 91
48 176
35 181
219 193
58 140
9 192
77 188
165 204
144 162
30 194
1 206
206 79
111 168
199 39
63 166
113 207
102 116
60 180
29 82
37 84
76 101
92 99
65 203
146 196
99 224
24 124
216 112
57 88
221 27
86 218
88 179
118 224
216 223
98 178
16 134
73 97
26 46
161 184
90 114
15 73
170 200
43 163
161 188
141 211
179 210
84 121
103 201
16 23
102 121
200 132
56 87
59 100
153 188
60 216
118 215
205 20
75 126
144 147
198 194
9 111
43 201
84 179
87 166
212 155
11 183
28 104
224 100
224 34
177 191
12 145
64 106
208 35
109 112
223 159
10 164
213 214
126 132
150 187
204 110
30 47
218 106
33 224
201 14
202 26
9 42
202 19
72 118
2 72
198 108
52 128
213 46
99 190
48 162
0 54
7 100
21 96
214 54
202 110
37 185
16 58
127 203
27 166
56 216
90 216
70 87
106 136
70 207
59 81
75 97
56 138
196 30
35 186
199 151
153 214
56 182
51 168
70 118
209 109
24 26
44 96
105 182
166 193
216 185
41 126
69 134
203 42
72 132
30 145
80 98
203 153
27 78
29 72
196 137
101 149
185 215
196 173
38 169
60 198
24 87
45 172
53 115
64 97
11 201
157 189
42 70
26 177
33 129
195 216
22 94
62 115
195 44
203 71
215 11
223 178
141 149
92 207
207 184
31 108
204 107
37 170
219 68
32 68
1 80
14 77
45 208
220 28
4 121
167 223
53 204
216 14
15 210
74 189
79 200
51 96
108 152
139 185
13 84
9 15
35 132
78 189
78 174
213 85
52 140
3 148
71 81
34 45
203 67
196 25
152 157
112 200
91 115
61 213
125 140
97 181
157 161
183 189
28 200
117 179
7 222
74 198
204 78
65 155
220 40
210 65
45 178
195 220
169 216
188 189
153 194
168 172
210 95
171 199
4 80
147 192
204 48
49 129
61 189
177 216
132 140
221 128
73 193
172 200
5 212
22 169
30 169
199 1
210 58
40 58
120 144
136 201
217 147
57 135
48 134
153 182
115 212
221 168
191 216
63 209
141 163
121 129
169 197
118 201
91 224
90 122
122 149
50 79
137 139
90 170
199 176
2 109
180 206
214 135
41 119
11 108
31 193
14 117
143 188
203 66
18 49
220 2
78 152
208 31
209 32
91 126
20 140
222 175
21 130
63 179
88 191
196 99
3 142
121 126
0 193
8 70
130 191
2 24
97 199
68 77
67 69
34 117
218 33
188 215
74 175
221 180
222 18
224 22
39 62
87 216
74 158
1 130
22 40
174 180
115 141
89 115
176 198
78 195
7 102
57 149
22 114
13 75
37 152
10 45
103 132
122 171
61 131
40 108
46 147
17 101
45 83
204 0
74 141
124 213
219 172
15 46
16 118
156 195
149 150
45 57
139 153
32 64
70 224
51 183
186 205
6 136
110 190
66 221
24 198
207 58
157 210
197 136
7 27
146 215
205 154
118 185
134 198
63 91
38 68
66 129
26 176
116 142
80 139
208 199
84 134
217 186
138 198
89 204
84 192
28 44
42 114
37 143
105 106
95 96
86 158
21 209
22 67
146 180
3 6
16 97
180 181
198 54
119 208
60 181
39 114
23 55
8 110
212 99
87 107
70 99
18 58
210 52
167 190
24 123
157 193
38 67
217 48
217 93
122 157
223 32
27 56
100 137
154 188
17 213
6 38
200 58
51 54
84 90
216 9
42 175
21 194
58 220
28 122
216 145
133 202
121 178
89 113
15 54
76 181
216 64
60 121
6 24
4 21
70 100
103 180
100 183
104 170
71 118
48 124
112 166
213 76
95 192
121 169
161 189
130 153
160 195
111 113
80 130
42 100
127 221
126 196
100 132
41 159
50 91
206 129
2 43
138 209
39 166
49 143
43 110
118 146
219 73
40 183
108 156
221 45
224 134
162 164
23 125
199 137
52 118
58 172
76 157
80 142
157 190
72 133
37 44
110 160
26 110
164 179
203 59
55 149
35 67
31 82
141 178
120 140
30 164
203 177
146 159
93 179
79 209
76 179
66 208
61 222
7 49
167 174
205 147
215 62
37 41
116 133
5 81
51 77
206 52
9 142
49 122
35 73
36 204
53 72
82 147
219 166
107 134
45 130
45 157
45 150
223 61
76 93
160 219
99 157
50 215
85 223
0 104
217 84
38 108
0 1
93 133
213 55
75 222
205 94
134 175
54 143
9 96
112 135
38 76
150 214
2 204
88 126
197 84
131 162
201 171
213 95
78 188
170 173
143 151
223 104
21 150
89 119
15 80
189 220
219 72
39 214
205 107
121 140
54 187
46 158
203 34
140 161
124 215
217 160
197 137
153 156
216 106
7 104
127 198
112 120
144 172
223 111
21 207
124 160
66 201
92 172
214 106
94 146
135 186
221 70
80 204
61 134
55 98
180 214
128 173
111 130
215 82
50 147
98 221
41 210
83 84
205 108
195 26
221 222
197 100
42 121
92 174
219 87
91 114
224 145
2 122
201 191
221 84
43 159
120 207
57 129
64 133
118 203
138 148
38 216
211 109
53 216
108 187
210 124
23 171
224 162
205 80
104 199
203 101
103 191
78 147
47 91
184 196
21 138
51 93
85 109
120 166
41 182
18 133
16 194
132 192
135 154
77 133
13 104
9 182
54 165
199 222
53 135
198 31
217 198
221 32
212 214
200 24
0 56
2 158
2 162
41 82
207 135
218 125
91 174
199 113
208 15
39 68
128 153
64 130
28 131
22 123
214 196
89 137
214 146
150 185
213 176
66 117
111 150
13 208
220 192
25 121
29 205
55 216
71 140
93 194
220 187
79 97
32 149
73 216
203 13
222 33
85 192
11 216
166 214
142 157
18 142
50 100
157 198
112 163
47 145
214 192
47 129
219 88
148 192
175 199
69 97
207 28
4 140
27 193
175 194
147 181
36 187
148 172
220 184
85 162
109 177
126 137
57 209
218 187
181 205
51 188
44 93
42 219
18 44
137 168
54 114
2 69
109 144
88 123
199 164
64 204
159 185
65 135
95 171
146 199
16 208
178 203
61 202
99 132
46 187
207 30
31 223
45 169
81 152
212 107
15 173
3 216
192 195
166 206
93 164
157 160
86 151
83 123
65 139
150 188
158 167
42 44
209 132
3 190
49 137
210 162
207 133
223 0
192 198
55 207
28 127
48 188
115 129
149 173
220 86
46 176
117 211
29 128
23 158
183 198
9 81
218 32
208 132
92 193
130 195
100 139
166 188
217 75
104 158
7 101
4 130
126 212
201 177
123 191
48 79
67 107
76 91
222 113
4 138
200 88
137 209
101 181
149 153
211 7
155 211
216 17
118 189
200 31
101 170
157 163
196 156
121 214
48 72
12 163
201 53
166 174
16 49
10 79
76 189
38 92
87 145
75 148
199 190
31 136
219 1
33 185
69 177
45 63
48 209
34 191
137 173
220 45
27 63
8 10
17 145
27 94
20 69
114 177
37 57
212 43
88 195
107 221
39 186
43 94
56 147
43 147
208 2
5 69
197 78
28 201
32 139
222 191
66 128
82 111
35 95
122 200
124 195
21 107
76 154
35 116
120 184
94 167
218 2
27 158
69 155
21 180
22 129
60 98
223 19
219 93
8 190
35 109
129 212
67 173
39 154
17 121
93 213
201 87
107 114
13 155
22 185
210 19
207 52
210 67
121 157
209 36
28 186
126 138
37 128
172 211
26 111
37 112
213 62
1 7
60 105
135 210
33 187
67 185
20 204
77 219
31 93
140 218
77 164
123 155
13 189
220 114
10 163
53 210
167 187
58 96
99 169
13 42
87 124
163 214
54 181
20 181
215 105
218 73
50 170
5 192
178 205
100 160
27 202
38 63
181 218
156 161
202 181
178 184
107 138
214 207
74 201
222 23
83 128
173 223
52 86
26 224
222 78
165 188
220 25
33 163
51 92
198 30
31 212
56 98
8 126
71 128
3 43
60 211
221 102
217 166
132 152
156 198
69 172
224 216
152 197
16 144
52 98
87 215
16 65
14 78
45 215
56 136
216 149
111 142
110 203
159 195
159 179
21 105
118 222
70 182
52 117
8 57
104 117
82 83
214 48
2 39
136 204
174 210
217 73
26 187
222 161
10 136
3 175
132 201
209 155
99 215
211 128
52 163
4 81
8 85
29 100
74 110
107 142
93 122
7 190
102 194
98 143
195 109
50 216
220 9
9 54
171 205
168 188
216 218
4 66
126 135
200 14
52 151
118 216
205 194
8 203
7 12
201 67
25 215
216 205
130 186
109 123
168 176
42 131
19 23
93 114
198 129
82 180
72 202
29 168
217 190
197 116
98 133
53 74
68 109
17 138
2 44
60 206
57 168
224 110
16 47
9 188
208 20
149 187
65 109
100 145
182 200
12 83
86 187
108 195
30 82
9 19
93 117
11 177
62 112
35 127
205 86
86 212
26 99
198 188
23 83
86 136
203 217
67 119
140 222
213 105
99 217
95 129
207 60
220 173
132 175
114 139
201 21
116 154
0 41
172 207
199 15
72 149
46 80
77 192
23 115
74 199
139 182
57 210
23 38
210 71
149 223
30 163
58 221
7 184
82 156
218 162
212 3
127 141
155 202
117 217
112 154
115 153
53 155
36 174
100 108
35 197
154 203
64 201
17 110
44 201
202 109
181 182
62 132
63 212
145 175
88 104
26 205
175 196
104 148
91 134
223 42
202 129
17 38
215 20
80 199
8 214
137 146
47 190
22 135
15 143
111 194
169 188
55 196
212 165
84 172
13 40
206 193
163 213
113 213
16 195
142 181
44 53
219 123
9 223
82 201
85 91
112 212
115 217
97 219
74 191
7 115
67 103
1 88
67 155
88 207
29 203
36 212
85 177
78 157
6 37
59 153
96 137
108 147
130 182
36 118
210 24
48 55
218 17
3 124
29 124
9 79
62 183
201 131
219 127
207 73
214 98
17 59
29 165
31 112
206 21
15 175
3 86
52 111
94 179
30 66
71 196
16 121
14 51
32 175
81 221
13 85
40 75
41 43
136 192
23 79
138 191
130 210
121 220
127 202
96 139
78 206
138 150
23 93
40 106
218 113
50 182
21 87
121 192
63 120
51 65
8 33
219 15
20 118
127 166
27 172
46 224
40 134
16 152
47 181
24 76
116 169
34 169
176 223
167 185
35 163
196 163
106 121
213 146
74 133
16 141
81 106
206 155
6 109
31 190
64 220
13 130
95 193
163 215
135 211
8 17
3 152
50 132
21 92
121 127
59 96
36 69
19 98
18 167
202 150
125 135
157 162
77 203
16 40
212 81
34 91
1 116
35 195
49 114
199 126
29 52
26 200
0 49
57 90
221 194
16 31
61 112
4 112
27 47
44 83
211 68
217 180
98 181
47 199
202 20
115 191
26 146
209 117
89 101
0 37
215 37
199 99
165 171
104 152
3 94
63 129
7 129
162 207
34 60
210 139
119 120
58 99
120 172
25 167
48 153
10 170
24 47
83 125
91 101
4 189
118 155
72 212
12 219
223 174
64 139
217 161
107 188
26 203
203 19
7 196
25 158
157 185
28 181
211 112
20 119
55 103
40 111
159 173
60 92
181 207
156 167
221 35
153 198
47 198
58 162
205 190
30 182
53 83
102 223
146 163
14 187
218 122
33 166
106 175
29 35
200 96
55 189
64 206
100 118
32 46
32 152
219 132
208 71
11 136
88 184
85 123
182 193
213 102
224 125
107 119
54 95
10 166
132 167
50 72
15 222
87 144
221 76
88 139
45 152
8 20
118 183
205 66
170 209
116 166
9 37
43 179
171 188
143 217
9 197
196 33
220 102
121 163
210 70
152 213
49 162
127 147
49 216
43 103
59 204
61 177
205 136
218 121
34 135
199 182
223 77
11 157
80 115
205 41
89 221
206 54
142 167
1 164
136 146
55 116
199 62
126 156
51 85
62 73
68 126
206 19
36 120
36 90
198 82
75 177
1 60
36 164
221 184
174 183
208 179
72 135
131 182
18 171
1 184
209 146
89 197
146 203
32 112
17 181
97 161
15 164
48 215
104 196
37 153
204 131
199 45
198 206
0 207
9 141
73 154
45 200
15 166
134 157
41 81
203 211
129 151
222 117
30 156
206 163
117 159
11 131
52 107
56 135
197 220
117 153
129 150
67 133
58 136
8 29
17 152
6 148
32 114
73 221
0 70
211 41
32 65
122 172
223 50
167 191
13 195
19 72
120 176
48 62
70 119
7 87
60 131
219 221
