222 138
165 173
167 168
120 197
25 32
26 111
184 214
74 151
127 173
131 135
116 122
120 183
127 209
218 90
68 143
169 190
47 151
13 101
86 154
51 124
92 95
55 216
3 142
25 97
35 98
48 216
71 149
97 161
69 136
57 147
217 33
121 199
58 124
100 121
135 188
122 149
76 193
42 93
152 175
66 151
62 107
32 137
30 153
122 175
142 162
126 200
31 130
86 107
221 201
137 215
0 11
92 114
172 214
74 153
218 98
211 214
75 153
73 116
69 123
20 157
8 15
38 142
71 121
217 212
38 201
38 45
109 212
91 196
100 130
67 130
48 203
97 137
65 143
74 221
92 93
67 112
221 208
52 223
3 56
80 177
70 99
26 168
59 77
65 217
95 195
107 120
0 168
176 207
17 97
61 135
18 86
195 223
133 206
116 138
221 75
4 218
80 212
63 105
72 76
172 218
90 123
20 127
68 215
72 118
40 91
90 186
9 153
95 191
111 136
4 82
219 72
219 2
94 135
43 194
92 109
64 97
128 200
77 80
50 220
137 156
100 103
106 164
146 194
33 184
57 87
40 45
149 165
51 167
105 207
14 220
30 136
36 46
11 109
60 64
136 202
27 114
0 110
143 217
29 69
126 137
221 71
164 190
220 125
154 170
79 218
219 77
3 147
223 103
45 213
56 213
117 203
46 123
146 221
38 78
189 221
43 126
155 223
98 138
57 173
121 222
49 142
165 182
96 163
27 136
158 176
51 184
220 27
59 137
89 106
147 194
1 117
19 153
5 114
82 193
152 211
51 110
72 194
159 180
111 185
63 85
39 146
48 181
38 210
98 155
156 207
20 151
96 155
219 71
62 136
27 151
43 122
133 219
55 107
200 202
76 124
67 191
32 42
49 205
141 150
30 191
73 166
107 215
143 172
27 147
54 143
132 184
171 209
131 155
9 70
141 154
132 187
86 113
39 90
146 164
10 114
45 134
152 193
80 193
47 158
117 178
102 149
55 78
12 38
49 112
13 185
5 31
145 163
176 224
148 151
48 175
75 135
154 157
27 223
32 111
4 204
15 167
74 194
98 146
164 216
25 88
105 143
138 184
34 223
167 182
74 197
6 130
24 35
109 188
170 180
19 66
68 194
157 223
96 223
19 83
18 121
95 184
13 27
217 90
222 49
18 64
168 212
182 189
45 166
133 205
78 130
217 57
156 189
126 155
126 176
12 86
50 130
100 214
127 130
152 206
13 50
10 79
57 211
222 204
219 93
55 83
129 161
154 174
218 147
93 215
97 200
24 181
27 108
66 80
31 127
88 178
64 200
165 220
6 66
218 221
13 39
24 112
41 119
53 111
68 172
109 216
7 15
82 87
47 58
11 94
48 197
113 119
88 188
13 35
34 87
35 180
175 181
130 223
174 193
138 141
9 34
153 154
52 115
7 26
88 124
221 91
218 63
90 99
103 125
161 223
34 182
34 118
145 150
154 162
217 5
24 123
54 178
19 182
220 44
84 152
65 171
0 224
75 127
24 102
19 96
147 153
78 220
155 159
171 196
17 182
188 191
9 134
130 194
88 199
87 162
211 221
168 203
98 189
88 120
8 221
46 175
31 51
101 167
219 160
62 164
176 187
89 99
97 142
224 114
217 192
18 128
123 169
107 183
38 170
146 220
100 145
85 130
52 120
35 45
11 80
72 214
66 137
18 185
10 85
127 182
69 155
41 54
43 100
4 156
221 47
65 94
9 212
81 125
17 107
118 204
104 129
21 193
30 113
133 223
56 133
42 109
48 140
1 181
19 125
131 174
17 167
24 212
217 158
84 168
74 129
70 112
89 150
115 145
99 119
63 179
8 180
69 210
65 222
208 211
25 193
34 186
40 189
51 206
126 220
221 140
61 74
16 203
63 84
151 222
220 120
24 59
136 163
139 159
36 125
60 135
84 123
64 218
2 134
221 197
220 200
37 97
94 155
218 163
117 141
220 112
152 210
124 141
121 182
82 177
52 165
126 144
151 166
42 125
159 163
57 150
90 166
94 119
168 175
39 97
130 176
27 181
69 204
16 104
98 187
60 168
30 125
82 175
120 169
217 42
55 66
29 68
220 25
196 200
46 126
159 194
82 196
76 82
82 182
134 207
21 87
67 216
60 170
21 222
141 190
42 66
22 131
23 155
65 177
69 70
30 128
32 181
59 153
46 164
157 165
15 114
1 173
84 213
17 158
99 188
13 112
221 215
219 176
77 124
58 187
14 114
117 119
24 147
92 97
151 186
18 45
223 217
41 95
63 199
121 161
139 172
76 169
34 172
107 170
43 74
83 108
0 57
67 172
19 89
127 157
77 104
22 63
99 179
53 82
32 190
29 218
83 197
6 108
40 210
157 210
104 151
132 141
79 140
224 109
108 193
101 108
91 150
93 133
54 169
32 99
142 169
88 95
15 34
136 211
105 165
71 92
87 141
61 165
182 188
35 137
16 53
80 97
221 114
25 52
169 218
221 23
84 142
11 60
156 165
222 59
14 39
76 166
175 210
88 111
131 148
83 136
62 171
37 67
71 173
14 50
8 160
81 92
27 115
43 121
167 218
33 106
132 183
68 73
218 125
122 137
7 32
52 103
125 161
116 125
48 199
29 38
6 85
9 111
112 193
27 34
57 221
221 18
117 192
26 41
78 164
68 166
218 77
67 88
81 198
42 67
201 219
75 103
58 131
129 154
129 195
112 213
70 122
41 73
150 170
99 143
54 171
224 51
19 189
217 105
180 224
57 157
67 114
48 184
152 209
217 184
85 154
3 82
127 135
78 129
11 66
40 133
138 205
122 136
181 186
183 196
140 152
217 6
134 171
23 127
138 187
150 161
23 78
28 196
80 109
14 56
3 83
156 201
30 214
84 132
121 151
70 150
64 213
90 183
146 158
88 155
222 167
22 93
127 147
9 211
21 148
167 214
65 133
5 127
46 141
41 84
65 155
34 102
9 131
141 187
115 165
126 162
111 183
11 211
17 69
25 62
9 207
32 39
157 188
81 157
55 183
62 96
71 81
186 208
8 136
38 169
91 146
101 132
165 168
63 70
63 191
31 154
4 171
6 190
8 75
221 129
0 181
20 86
79 125
20 114
18 126
65 206
21 106
90 140
103 149
13 71
170 211
105 117
5 63
106 217
99 158
49 84
94 165
63 224
129 207
64 164
16 21
78 157
74 163
78 115
80 197
17 137
219 166
2 124
48 79
195 212
116 143
31 179
42 214
118 156
67 134
45 124
0 87
42 208
33 49
43 176
165 219
24 114
101 146
26 69
86 105
7 145
122 191
16 126
205 207
170 197
17 130
167 190
53 172
7 185
84 141
4 6
128 183
134 188
194 208
170 210
44 196
3 100
98 174
51 140
76 109
105 220
134 175
56 128
151 153
1 111
72 198
57 142
91 219
40 159
75 119
55 153
43 112
60 61
127 161
44 209
35 131
185 216
117 209
23 65
27 42
144 173
66 224
9 126
16 125
50 105
37 172
182 197
221 149
118 190
138 161
154 161
59 102
114 118
222 112
204 216
24 139
10 17
66 205
143 218
172 196
40 212
13 154
10 132
47 190
95 155
26 156
27 111
223 29
33 87
4 17
127 133
50 154
53 95
192 206
91 99
51 156
49 103
199 217
48 106
126 211
63 163
199 215
50 66
179 187
45 154
15 177
4 73
69 146
132 149
221 169
132 214
177 219
105 116
218 198
159 207
6 69
30 188
112 202
78 196
8 14
20 131
48 136
180 204
217 183
39 166
110 146
47 67
146 183
44 93
27 93
13 109
118 169
72 169
64 132
23 210
123 149
190 196
20 186
31 204
174 196
94 104
166 169
92 220
224 136
112 126
33 164
144 176
221 6
221 137
76 172
49 214
128 133
99 177
94 205
61 142
161 213
116 209
10 78
27 37
40 224
106 145
97 107
65 156
4 143
217 181
151 182
114 155
100 113
3 180
138 156
124 149
40 46
46 101
46 166
47 193
148 184
19 207
32 179
222 56
95 161
100 104
112 139
52 111
128 195
111 217
64 83
64 151
11 73
150 191
67 116
60 167
155 198
166 209
55 89
27 91
11 108
41 55
98 134
182 218
10 102
40 126
99 107
33 46
120 163
183 219
220 63
5 56
24 93
4 19
48 118
127 176
22 43
78 112
131 161
50 185
86 140
63 121
0 96
56 94
68 83
155 209
41 60
60 134
141 175
0 75
176 182
207 209
200 214
141 205
111 182
52 53
94 136
63 149
33 147
58 139
38 67
32 64
27 162
81 171
224 94
53 76
0 151
128 167
89 117
78 167
15 26
54 219
84 222
72 97
11 223
22 64
122 212
5 128
136 165
187 212
218 102
15 146
71 78
16 155
153 199
42 117
9 57
106 197
218 204
160 194
140 174
223 159
18 29
79 176
16 43
224 27
61 78
101 104
88 214
151 208
148 170
62 125
146 191
92 169
57 222
92 163
31 47
167 221
122 177
158 215
66 102
64 153
183 184
14 18
25 157
61 88
100 219
132 151
46 188
32 65
41 45
160 190
51 114
58 77
88 102
116 152
83 162
68 199
34 197
45 158
162 175
160 208
58 143
56 58
33 180
115 155
51 63
39 194
68 184
76 210
106 193
145 218
59 91
182 200
161 174
111 147
10 211
155 169
222 10
30 183
36 72
67 149
197 216
176 221
27 47
223 20
221 213
21 37
36 177
193 222
63 89
117 124
69 179
75 115
13 189
20 165
11 210
208 212
35 52
52 217
14 213
145 173
27 185
122 156
219 142
154 178
71 174
13 20
38 139
7 72
132 190
7 47
99 142
73 139
113 201
48 171
217 166
79 149
223 192
4 163
14 23
6 82
192 210
88 209
184 206
15 84
78 162
160 205
171 188
164 172
64 70
127 137
148 190
45 109
127 203
166 177
62 133
223 38
78 213
68 146
119 167
26 212
157 186
41 144
87 110
39 195
64 96
89 182
82 178
99 146
32 163
222 145
99 133
85 104
104 189
118 131
13 194
0 213
113 172
6 55
185 215
99 148
81 119
178 183
126 134
45 101
125 145
68 101
61 130
42 79
222 197
37 92
8 203
17 173
192 205
25 73
76 142
43 155
70 92
73 214
117 169
13 118
163 220
65 169
40 103
84 90
50 157
25 95
32 87
187 195
110 133
218 30
223 23
179 201
56 99
29 33
17 138
68 106
221 119
130 185
90 135
161 169
41 150
36 62
34 216
91 107
44 92
79 114
10 83
41 205
124 194
61 173
95 99
57 121
137 169
26 60
5 185
113 195
77 163
26 38
37 112
2 125
81 147
15 153
2 184
113 143
21 208
218 49
135 170
189 202
69 145
58 63
8 157
86 104
17 186
104 194
26 169
67 211
46 79
75 123
36 204
95 149
88 210
58 59
6 141
142 173
55 86
41 115
53 211
218 6
19 190
218 120
163 217
2 185
67 77
126 170
173 212
62 127
218 161
63 132
172 212
1 168
103 129
24 107
87 220
99 128
19 186
27 86
150 204
74 111
62 128
222 202
218 113
179 216
12 68
61 160
103 211
218 9
3 32
59 212
46 77
116 140
80 81
84 128
65 161
17 161
163 210
68 111
1 48
14 123
19 167
155 197
79 202
40 200
26 164
180 201
111 142
37 166
138 172
40 77
3 211
19 52
219 5
125 133
81 121
23 28
8 117
154 215
91 117
69 131
64 69
14 207
35 147
111 188
113 149
105 112
47 102
40 129
42 204
85 178
33 113
173 195
160 176
75 96
78 198
149 167
34 39
221 62
49 158
5 131
35 167
17 70
30 76
170 212
151 167
59 181
34 73
115 209
205 221
209 213
174 204
45 119
128 212
77 151
218 205
107 122
98 183
223 149
7 177
223 117
99 134
46 157
7 113
61 71
146 204
73 160
79 145
125 190
157 158
46 107
117 121
38 204
28 178
118 163
105 139
114 188
192 197
19 134
66 106
59 157
66 159
124 189
189 199
5 201
111 152
5 110
144 170
224 34
31 110
134 169
222 36
73 176
40 58
173 209
171 187
18 162
63 67
80 86
70 145
61 101
67 163
146 198
35 55
94 158
160 187
12 88
74 112
59 171
34 35
57 65
54 86
9 71
115 213
63 153
17 207
27 168
53 135
50 75
13 77
147 173
219 42
71 198
129 190
69 151
22 38
150 174
84 216
56 83
91 154
27 73
60 111
100 132
101 134
76 157
116 205
69 188
125 167
160 223
169 173
72 215
153 182
2 198
217 12
4 197
3 117
33 38
147 154
82 187
117 187
26 116
221 2
0 209
96 200
104 181
201 208
130 204
27 193
71 105
149 200
52 81
61 118
117 130
11 125
46 80
49 97
19 145
4 94
123 146
55 211
113 139
43 124
0 184
7 81
73 126
219 106
40 50
224 161
23 25
111 193
58 136
135 143
73 91
90 212
152 157
16 210
54 150
38 92
142 186
38 53
55 191
124 142
93 161
224 5
34 160
97 191
46 112
12 66
89 137
47 204
4 127
190 211
53 184
39 201
133 146
13 84
0 150
41 168
152 166
42 137
33 68
100 220
145 190
106 191
69 147
70 141
104 140
13 223
8 53
206 210
97 111
106 111
76 188
195 199
14 202
128 141
33 107
163 212
20 220
91 158
221 15
116 218
53 176
18 154
61 210
137 213
9 68
38 219
79 187
124 176
182 198
129 213
69 202
107 159
217 101
132 167
51 141
39 55
122 202
17 163
13 212
81 116
0 86
20 80
7 37
48 161
222 182
44 131
128 152
37 79
59 224
25 58
99 219
26 216
28 78
92 153
137 189
57 127
120 190
199 211
147 174
90 202
8 213
66 164
12 197
204 209
106 172
26 175
149 202
89 128
53 123
65 163
153 198
134 152
197 211
126 177
79 143
58 162
183 193
73 218
222 215
80 88
223 215
11 208
30 155
57 164
189 217
136 149
69 162
52 200
5 75
6 28
60 95
85 196
224 177
117 207
77 157
6 159
30 175
10 105
126 212
219 155
177 198
23 145
147 152
146 156
223 190
148 154
110 223
218 65
115 198
75 105
77 99
130 164
119 214
46 82
60 223
20 112
215 218
32 131
29 189
11 198
176 179
20 73
91 176
224 77
10 118
37 47
53 173
106 134
142 157
53 133
63 141
98 202
223 146
4 201
218 72
130 192
68 167
113 120
60 87
15 194
217 99
20 79
34 165
60 216
11 12
94 184
32 83
16 90
37 215
127 210
222 187
35 214
12 135
3 42
35 88
9 209
195 200
136 193
129 142
175 192
42 110
65 211
148 177
62 208
8 172
12 60
50 80
6 131
49 104
92 118
86 220
9 105
85 128
31 58
220 201
107 196
15 202
15 45
102 198
181 190
3 181
59 160
3 49
52 157
7 22
204 208
123 157
8 145
67 106
130 206
15 193
220 90
77 113
46 149
60 97
27 65
46 169
68 189
2 190
26 150
145 216
218 52
224 209
0 8
147 166
158 197
5 188
219 8
127 214
21 115
220 198
1 218
59 60
30 211
126 189
108 149
45 87
0 90
34 137
7 213
12 19
223 179
49 156
38 113
41 83
74 177
148 175
79 208
133 204
84 149
33 140
163 169
220 93
146 185
152 182
4 139
6 30
130 148
11 149
105 199
61 97
77 137
5 132
35 151
30 52
164 193
38 100
42 176
128 182
15 97
34 209
59 64
81 112
37 173
219 130
80 199
25 63
14 169
70 87
55 70
16 89
98 101
91 171
71 85
72 111
54 76
158 204
12 58
101 111
5 82
42 156
1 139
149 177
76 156
100 151
203 204
129 180
112 216
173 191
4 211
45 222
96 181
3 168
58 130
22 48
221 144
40 165
81 139
52 181
74 114
146 197
191 207
60 163
1 125
33 91
29 65
152 174
5 187
65 87
65 187
47 86
224 148
59 148
41 74
58 173
15 178
53 71
112 185
68 81
7 212
56 197
0 115
81 200
35 160
47 212
26 185
110 218
8 103
78 99
49 145
61 178
9 186
23 133
218 211
9 177
17 21
14 38
51 92
20 184
100 115
157 183
73 133
13 30
41 131
172 202
69 107
89 215
40 131
10 96
150 221
73 123
15 39
152 204
97 201
10 58
70 131
12 179
81 114
151 203
71 209
50 213
158 210
166 170
103 221
15 100
120 151
6 52
55 68
12 110
47 94
202 210
7 43
169 206
36 120
100 207
99 207
172 187
82 84
143 169
149 201
56 76
58 185
60 126
219 65
30 74
183 209
30 97
94 187
221 10
140 209
47 184
70 180
3 195
115 166
60 98
65 115
81 208
93 193
106 151
39 222
73 202
69 187
38 48
146 155
136 140
147 209
135 221
8 149
8 17
19 131
218 25
65 179
28 33
61 221
34 140
160 215
170 215
119 204
95 207
25 145
72 73
36 95
222 113
29 197
34 70
49 83
8 27
195 217
208 220
16 166
64 114
153 166
59 117
72 110
117 161
224 194
79 135
86 221
49 196
86 222
221 204
29 178
95 169
8 211
142 192
3 198
57 178
152 177
191 220
55 142
113 122
82 123
71 150
66 122
98 180
178 193
45 84
95 103
108 157
144 191
29 181
10 202
183 189
146 213
154 206
68 105
7 195
55 87
64 108
30 200
33 129
82 128
28 44
55 199
7 31
51 186
18 163
20 43
5 208
3 167
18 88
32 192
5 38
7 174
118 151
79 156
34 43
136 219
18 69
150 187
23 199
62 111
69 163
120 139
94 190
13 87
164 184
221 54
30 112
64 146
126 143
105 124
12 41
72 151
109 155
3 108
46 220
13 95
59 78
116 224
0 44
9 118
49 173
93 205
93 176
23 137
95 112
40 81
222 130
49 110
25 28
168 190
26 194
17 72
71 146
60 204
88 157
77 182
79 198
86 162
52 142
46 136
3 129
57 146
220 161
84 98
93 121
5 98
135 145
77 147
26 198
17 170
23 27
116 135
222 168
218 176
13 82
26 166
52 118
54 58
169 189
1 76
11 36
5 6
11 78
62 220
5 200
153 186
35 50
159 179
30 47
63 133
106 201
12 54
102 186
223 92
105 135
49 159
223 201
10 64
112 183
134 139
20 53
115 197
218 109
138 190
127 186
128 140
51 147
34 108
6 100
121 124
18 178
2 21
16 130
5 179
55 209
63 110
24 177
196 210
130 154
23 159
84 205
73 167
104 120
38 130
95 171
143 152
18 27
63 187
124 128
82 173
31 185
85 138
5 23
141 222
70 168
65 166
4 224
72 197
132 220
17 201
98 222
20 83
108 185
108 189
9 185
19 201
103 142
0 106
8 110
34 53
20 46
203 206
92 124
127 159
4 183
120 140
203 209
171 203
97 139
224 126
126 188
8 20
19 43
62 155
32 89
200 209
151 191
150 173
46 51
62 158
33 179
173 205
36 75
24 200
63 185
72 125
66 156
135 178
94 130
19 38
131 165
56 67
75 130
75 138
111 177
10 120
72 79
10 97
40 65
55 206
65 102
48 102
15 161
103 160
18 189
73 78
37 175
144 160
28 91
64 67
142 216
96 182
183 210
57 184
101 118
163 209
45 118
108 213
37 188
68 123
98 160
49 174
52 109
94 125
111 176
45 209
28 221
218 189
169 178
8 151
190 217
18 146
130 199
62 179
68 155
69 156
84 100
13 155
80 200
18 152
1 127
220 189
44 67
62 78
79 92
33 183
7 102
53 188
110 202
119 145
80 91
223 53
63 137
94 166
101 221
29 95
8 161
98 157
31 119
91 173
106 108
3 126
162 194
36 199
22 56
220 41
129 181
117 217
96 220
6 20
178 221
144 208
3 115
11 111
102 107
152 173
17 202
61 182
15 64
35 216
108 202
23 112
13 128
224 2
48 200
107 131
15 197
113 178
77 150
59 135
26 104
222 79
84 163
157 184
73 107
1 52
8 90
88 148
90 132
35 157
53 192
3 120
45 63
83 98
55 97
185 188
25 30
76 128
102 192
178 182
27 82
71 73
171 208
219 186
70 158
63 66
217 113
87 183
221 210
85 167
184 205
61 126
2 67
94 152
2 101
116 171
217 7
34 176
71 196
57 160
93 103
62 178
224 145
79 118
53 160
183 192
49 148
66 185
3 196
69 135
23 32
117 215
78 199
24 191
113 174
106 132
13 43
32 149
217 129
37 110
85 122
75 88
11 153
15 42
86 167
222 143
89 103
43 99
223 203
50 177
208 219
129 141
69 190
48 77
179 192
108 215
85 207
92 165
2 61
82 180
40 55
14 108
223 198
165 212
75 212
58 205
48 182
24 29
11 93
45 139
17 168
79 215
140 163
132 210
95 123
0 34
57 155
37 216
52 86
160 222
81 156
41 102
68 98
219 213
69 99
159 219
38 150
44 51
175 212
64 180
14 116
162 199
123 194
112 145
70 135
49 163
83 174
57 106
194 195
84 116
69 175
44 175
25 129
34 178
76 119
44 110
6 212
180 212
121 154
105 126
6 187
111 139
161 172
8 12
220 68
133 192
51 202
108 121
64 123
223 6
61 211
3 214
50 74
24 174
217 128
17 25
224 120
89 129
17 184
147 179
66 134
149 211
20 163
138 175
152 202
2 138
24 180
123 187
92 156
61 198
131 187
221 67
142 206
150 153
113 137
20 197
19 222
37 141
4 136
75 175
115 218
217 198
148 196
220 6
1 192
36 190
138 211
170 181
7 215
74 173
8 64
26 58
224 133
9 163
134 210
25 76
125 151
81 160
0 152
159 210
118 157
100 194
111 216
160 174
50 222
35 105
78 142
152 224
150 198
38 185
67 203
55 220
42 118
74 121
124 163
11 50
200 208
94 116
16 116
161 175
86 101
31 158
217 8
23 99
62 106
4 95
219 49
46 143
13 183
54 114
4 97
119 125
94 154
10 107
37 122
46 209
20 182
121 142
41 110
158 220
65 207
82 137
76 183
166 207
18 19
81 169
40 132
20 132
46 194
22 37
42 218
45 159
128 172
87 125
141 220
38 144
28 206
156 218
50 217
3 103
120 165
221 1
101 185
20 56
144 184
84 136
90 182
102 179
14 29
86 137
34 72
30 180
36 86
134 181
9 17
66 118
56 173
14 221
11 130
142 187
17 206
15 196
76 200
86 148
28 48
219 43
93 192
156 195
1 80
1 40
120 204
129 170
174 208
36 101
220 179
94 110
172 224
47 64
51 69
128 199
63 118
153 173
4 37
0 222
95 148
23 119
101 190
7 95
105 167
14 54
51 115
30 71
133 164
101 154
122 165
65 152
11 117
1 77
28 125
27 149
109 150
61 134
72 167
222 181
139 213
34 75
52 82
31 176
156 206
111 119
23 163
48 195
1 113
2 23
1 202
73 157
33 82
9 128
118 183
71 140
42 197
59 145
121 136
54 149
38 128
79 181
57 132
96 113
126 204
134 172
15 199
147 181
3 135
23 91
53 94
52 148
113 153
11 89
22 108
197 204
66 200
146 162
44 45
123 206
45 67
82 174
2 162
50 178
92 184
156 180
46 140
224 61
98 211
92 195
103 105
32 73
98 139
14 49
85 215
91 169
52 92
23 150
38 141
221 44
48 101
28 80
154 194
136 175
13 176
97 147
54 104
55 162
17 74
6 144
161 164
89 122
74 190
74 98
19 155
156 186
9 152
31 212
75 170
62 159
176 205
10 188
158 209
65 220
62 67
72 92
5 138
34 156
110 123
120 210
217 209
222 18
54 84
107 194
7 60
26 132
221 194
75 197
194 203
160 213
18 207
49 176
48 139
102 200
13 198
61 205
113 135
22 88
120 193
93 109
56 135
224 138
68 102
123 197
54 195
158 172
222 108
2 112
26 57
17 217
70 192
90 130
47 69
141 184
81 115
44 199
87 112
61 154
147 197
39 140
40 215
71 114
60 157
32 152
65 185
6 17
17 145
85 195
59 189
179 191
46 146
30 163
42 91
218 50
24 189
139 140
2 139
136 201
95 211
21 28
116 178
52 162
114 171
44 61
44 117
20 42
27 54
27 113
221 110
83 140
10 172
47 182
139 208
137 180
96 144
62 151
12 73
15 57
67 176
218 121
137 208
93 189
1 210
79 203
6 197
95 182
218 66
149 210
59 69
138 179
96 193
140 203
35 163
218 180
91 142
15 67
5 102
125 203
66 182
198 204
48 111
64 194
11 16
175 205
31 68
153 189
12 133
76 120
61 73
221 41
159 201
46 75
137 173
117 152
110 219
0 97
18 147
163 213
27 117
36 214
16 214
114 137
27 144
20 169
224 170
69 221
169 175
221 0
119 202
42 86
21 99
63 136
46 142
219 148
160 220
36 74
35 162
49 94
40 124
144 145
34 66
4 31
4 98
5 33
121 200
12 35
125 182
56 206
0 185
79 201
31 145
8 96
72 146
25 208
90 164
61 177
221 79
24 223
10 48
129 198
43 49
184 197
42 43
41 184
20 183
91 106
213 223
17 56
50 175
95 122
60 88
143 161
121 203
111 194
123 204
49 60
102 176
70 160
6 31
78 147
173 178
144 215
91 164
219 192
13 136
150 155
60 173
72 124
220 58
29 134
103 185
13 34
95 217
102 187
149 199
117 201
23 74
14 198
6 184
21 51
116 127
25 92
58 123
217 10
88 118
39 141
10 194
110 161
77 197
180 183
29 159
117 162
223 84
116 159
22 197
97 104
96 195
223 135
83 130
95 127
78 118
10 13
16 83
33 172
5 166
222 125
14 157
30 144
20 201
18 138
3 201
86 95
112 208
144 174
17 77
140 198
139 183
152 192
90 187
38 66
186 188
127 136
122 194
13 70
68 162
177 194
93 149
62 105
55 88
89 172
35 215
46 116
96 165
120 131
1 33
194 206
179 207
159 165
0 72
50 54
41 171
82 96
81 179
94 142
21 78
140 141
147 157
81 118
11 81
116 153
47 201
42 163
82 138
219 89
161 190
1 24
66 154
85 139
26 167
88 141
221 161
33 105
14 214
84 187
98 105
18 192
103 193
50 76
202 216
60 182
117 139
94 114
68 144
49 135
17 215
22 101
17 185
222 94
35 166
61 139
100 195
116 120
54 220
38 46
37 153
18 25
87 143
62 186
35 63
37 203
30 156
211 217
14 199
32 219
81 143
87 88
162 207
87 142
121 216
34 158
122 157
0 9
18 53
14 65
167 198
223 36
42 59
221 78
92 120
24 202
124 140
24 111
55 190
1 154
95 174
90 185
143 201
40 96
40 92
21 112
108 113
39 216
219 58
0 41
101 102
29 57
9 42
45 143
61 90
27 119
15 118
33 213
182 213
100 191
92 210
145 193
63 91
19 61
149 170
87 187
114 201
54 77
30 222
68 115
2 13
22 58
112 197
224 132
70 210
219 26
93 147
77 188
114 203
2 10
157 199
57 196
124 186
27 138
86 156
106 138
120 173
93 222
20 113
115 130
62 126
40 134
218 76
124 193
117 185
49 209
15 46
78 133
130 158
4 123
218 33
152 217
62 77
41 66
15 143
20 110
15 163
25 80
35 152
112 120
48 91
33 130
83 190
137 166
94 100
10 153
57 137
53 57
10 110
32 159
55 133
84 120
67 107
22 210
217 51
51 121
77 177
106 213
17 142
3 116
224 163
4 86
58 150
183 207
59 179
217 70
224 169
220 37
1 143
74 119
163 177
18 47
79 182
0 102
55 149
0 50
134 192
31 107
55 221
17 40
51 201
160 186
96 190
26 133
119 203
66 111
202 219
111 133
222 55
217 110
46 50
10 134
178 197
124 136
114 150
18 24
64 73
5 62
10 12
74 107
29 92
49 123
76 161
27 80
117 126
65 136
4 93
210 212
7 57
98 210
37 171
85 155
133 198
6 63
7 70
123 221
29 66
124 165
19 150
106 222
214 219
89 159
58 149
63 109
222 196
26 195
38 176
38 137
15 35
222 165
54 139
6 91
113 169
104 135
26 85
119 171
31 162
15 165
47 135
70 186
44 103
141 200
50 161
53 165
158 180
87 189
130 178
127 151
147 168
107 157
32 62
79 85
217 213
100 155
116 131
171 175
19 22
17 136
177 214
1 50
89 100
165 213
36 84
1 164
46 148
60 93
53 134
30 132
92 170
40 203
62 113
166 191
31 189
46 56
19 65
18 72
138 183
108 182
165 188
68 147
11 194
15 32
157 213
96 202
18 184
224 75
57 176
157 168
31 139
163 188
36 151
28 194
65 224
171 180
95 118
17 48
139 152
89 98
151 159
90 223
61 104
19 204
74 215
6 56
88 173
33 73
34 78
15 37
220 185
69 196
147 206
0 20
3 8
93 150
53 171
61 158
134 185
218 69
52 123
217 220
5 101
223 70
154 179
160 180
64 136
69 207
32 183
128 173
58 75
121 176
15 220
39 70
171 179
64 91
66 73
110 187
65 77
51 93
3 40
80 208
109 144
86 147
140 180
180 203
55 98
209 221
121 134
223 173
51 209
114 176
29 150
51 161
84 170
70 205
138 180
36 54
25 98
17 139
224 11
52 62
94 180
2 136
4 213
146 222
121 123
98 217
59 167
7 166
120 143
221 188
220 115
31 141
217 54
75 208
37 150
28 201
109 214
84 102
128 159
167 169
219 188
3 58
224 81
183 195
81 222
8 197
37 199
49 190
82 112
147 216
11 65
218 119
86 159
44 135
165 186
137 187
101 149
28 168
42 63
220 206
9 189
21 210
222 185
20 101
223 26
28 180
19 180
43 65
55 223
17 23
94 103
44 95
88 168
63 175
56 104
21 174
60 104
63 114
7 154
12 48
49 155
59 180
85 91
83 86
16 61
64 79
73 224
64 197
130 214
49 202
163 167
32 196
36 109
111 120
112 148
23 178
222 198
77 174
29 61
148 161
153 187
33 85
83 186
20 55
67 194
98 110
192 203
33 45
36 67
35 106
117 186
105 161
40 150
87 168
73 198
60 151
220 108
9 88
57 159
16 137
164 188
86 194
40 155
47 85
33 101
71 116
47 56
29 183
87 104
110 126
66 150
217 123
62 108
219 24
48 222
158 208
85 86
97 157
121 122
16 74
77 196
59 75
89 125
40 128
218 165
23 69
82 89
223 81
49 61
46 83
60 178
108 198
10 124
191 208
157 208
222 53
221 145
120 161
50 78
118 206
85 123
43 150
54 98
11 98
102 167
46 95
98 223
153 216
107 127
144 180
59 66
1 19
31 192
170 201
8 144
213 215
4 70
0 105
22 224
132 142
142 177
124 206
44 215
25 171
58 156
68 196
110 181
121 137
31 84
55 115
43 192
10 18
118 201
73 128
66 192
0 22
83 155
41 126
131 156
80 151
1 124
223 194
219 172
112 142
34 191
224 47
76 175
81 90
202 218
28 63
104 202
218 146
155 218
48 168
7 20
167 176
74 82
61 123
31 69
62 114
45 68
51 66
83 152
43 215
216 218
83 139
32 212
60 80
90 161
85 156
44 145
48 131
224 200
61 193
120 181
65 122
50 203
41 217
123 199
138 185
58 133
70 75
6 155
218 28
88 103
65 150
2 159
4 53
178 209
74 108
51 220
223 120
159 186
46 186
47 188
50 69
68 173
218 82
149 218
219 212
2 118
48 122
2 12
62 72
23 36
19 209
151 174
68 153
32 47
46 108
8 195
92 187
38 68
74 99
96 117
68 133
193 212
30 57
51 190
34 65
223 51
126 191
159 171
117 149
54 137
71 180
38 167
126 133
44 174
38 138
108 109
107 164
42 223
114 213
60 115
146 163
159 196
57 103
54 224
79 115
25 151
153 158
65 105
118 128
20 216
119 149
6 154
141 193
63 78
83 94
2 32
122 197
32 105
224 115
180 182
42 221
83 148
2 200
221 24
80 85
110 114
40 205
221 166
107 160
85 135
127 212
110 184
10 57
11 49
219 64
54 207
6 161
104 188
124 139
66 169
98 208
1 112
13 52
35 219
16 218
9 112
34 109
136 162
28 115
144 164
89 131
135 206
75 89
220 60
173 177
27 79
73 165
11 159
72 86
78 107
77 79
29 148
224 191
32 48
16 118
82 86
44 62
23 169
220 204
120 164
40 183
39 131
222 171
22 133
6 170
137 217
11 171
189 206
85 145
7 24
112 200
19 221
171 214
181 195
130 187
35 181
79 192
113 138
224 122
51 182
115 123
78 154
134 170
129 133
6 79
16 222
45 197
92 126
61 80
16 168
34 99
89 201
114 117
26 64
59 63
112 180
108 191
83 107
24 190
26 90
53 80
76 211
6 158
76 93
3 75
121 195
150 224
102 175
38 98
14 177
128 136
119 151
102 204
39 148
3 123
70 187
129 172
25 26
125 181
28 159
39 175
50 210
99 218
110 204
97 169
50 147
165 202
11 41
63 152
48 193
96 178
110 176
72 104
21 137
40 47
136 178
54 166
164 185
24 82
39 74
140 165
161 170
63 130
21 77
60 103
25 70
178 200
51 144
95 130
223 21
49 126
54 124
52 206
52 186
185 196
0 121
11 33
88 158
18 36
42 115
104 174
138 208
66 124
91 157
32 169
112 130
99 106
37 177
110 203
166 186
18 114
16 127
15 93
17 55
176 200
15 174
53 138
39 152
49 180
26 141
185 212
14 209
27 205
223 193
60 112
52 195
141 206
54 89
69 141
219 113
69 128
72 84
41 116
102 216
9 60
64 94
39 42
65 110
125 131
50 150
63 123
41 81
167 215
133 145
96 197
20 204
90 193
148 201
72 200
6 125
38 125
7 12
162 210
13 138
90 204
59 115
179 199
156 160
9 130
132 203
68 169
110 195
34 125
6 11
158 218
167 206
100 138
87 137
147 158
185 206
105 202
52 85
222 32
124 205
129 167
80 135
87 174
56 106
3 221
20 150
23 30
155 161
32 201
34 138
192 222
192 200
80 148
72 168
23 102
128 186
47 191
104 160
1 120
5 213
48 143
70 155
224 187
53 60
52 63
82 88
59 61
24 68
172 197
40 164
100 189
43 172
71 76
29 87
12 146
25 217
1 110
12 77
28 98
43 162
24 78
14 22
157 193
221 159
53 164
156 205
126 203
48 72
74 92
141 213
108 153
41 93
219 15
102 110
65 149
194 210
48 219
224 151
120 212
173 216
101 218
21 42
12 96
224 157
112 198
43 166
22 211
217 91
111 153
11 157
97 223
86 190
103 156
115 223
65 203
47 142
76 221
219 143
63 161
48 191
223 207
7 91
139 176
134 174
162 196
19 217
118 123
59 73
87 157
19 25
136 185
79 104
138 170
155 167
80 129
221 138
173 185
66 214
219 125
45 215
63 104
224 55
224 70
30 40
51 180
66 216
8 198
50 195
219 151
128 208
5 124
90 167
150 219
18 60
45 71
223 45
74 161
143 178
17 126
44 126
143 195
53 147
2 167
4 190
25 131
67 186
178 188
75 143
96 142
45 65
83 92
56 162
174 205
160 195
28 154
12 24
5 196
43 85
98 167
116 191
71 210
220 36
18 73
58 111
57 114
85 174
83 129
44 69
119 162
172 178
103 137
162 174
66 177
179 224
45 168
44 197
84 160
49 102
41 210
14 176
85 92
51 82
26 182
158 198
36 112
126 179
79 110
128 138
72 206
167 183
56 136
70 123
4 21
76 123
217 55
30 39
28 162
76 113
5 112
65 213
53 178
8 21
106 149
66 155
26 53
218 108
139 160
144 146
74 182
223 181
54 186
40 60
139 169
1 90
117 200
106 136
70 172
71 192
52 70
183 221
147 155
88 161
93 168
16 179
48 99
5 223
13 37
217 29
224 195
89 164
53 90
61 131
155 175
1 118
129 203
104 206
25 69
107 130
222 43
88 140
113 186
127 208
65 181
44 201
65 208
11 70
10 216
154 165
70 161
26 214
64 204
31 61
72 88
66 82
51 200
45 131
61 129
195 218
29 158
24 98
43 92
48 114
20 70
139 150
146 209
95 178
125 158
33 41
196 216
29 151
4 13
94 146
2 130
189 210
50 173
3 81
14 61
3 130
224 160
220 222
30 82
57 133
13 108
154 193
1 119
8 171
16 217
158 214
117 172
86 152
54 65
30 36
152 198
132 182
133 191
13 79
98 173
32 84
7 107
38 198
60 214
96 151
3 143
18 105
222 35
135 220
21 206
184 215
29 43
1 60
34 219
53 101
27 104
113 116
18 196
8 73
102 134
58 193
101 141
82 133
64 217
83 204
53 112
70 159
126 172
82 179
223 186
30 147
81 132
9 125
90 214
87 165
10 203
35 135
75 193
60 78
120 185
90 156
41 154
7 97
101 133
78 141
113 188
54 164
12 209
218 192
126 219
219 87
16 223
185 187
84 185
76 171
71 201
120 122
63 128
105 169
223 178
74 104
2 209
217 85
18 190
96 162
90 120
111 219
220 80
21 219
107 192
93 209
51 54
73 111
104 143
28 32
75 163
72 89
85 150
7 96
35 112
53 199
46 156
12 57
74 213
103 128
66 101
33 188
91 174
104 136
25 93
223 59
88 147
92 139
182 214
52 158
39 58
30 199
125 132
140 170
99 205
20 136
14 194
61 84
223 68
23 219
12 120
101 129
12 151
157 167
217 35
103 176
176 220
41 155
123 172
28 127
114 217
35 36
51 77
65 174
74 198
153 192
125 130
17 29
14 127
9 183
81 207
116 161
87 119
64 148
221 170
6 127
218 136
137 203
25 85
112 149
102 114
141 214
188 198
54 136
56 168
218 53
138 148
157 176
73 185
117 208
76 98
27 132
162 169
82 222
26 179
1 54
50 95
170 188
160 181
67 213
218 117
8 41
52 106
131 194
45 111
220 178
35 91
17 60
105 115
108 138
22 111
24 155
23 217
4 104
78 146
170 194
33 58
86 92
1 38
153 170
175 183
31 220
217 144
31 87
72 207
54 214
83 207
218 131
59 165
108 122
33 84
51 73
110 193
7 183
92 130
1 190
64 154
162 179
96 150
7 126
41 48
220 193
194 217
178 181
12 182
35 62
13 66
1 187
4 146
71 172
86 216
153 220
52 127
25 176
103 212
53 55
70 79
29 162
58 91
103 186
56 119
5 210
220 133
121 162
34 126
53 85
5 72
5 168
85 119
112 192
87 205
31 42
9 179
26 118
148 166
103 219
57 134
25 107
54 222
196 202
52 141
69 134
39 214
42 105
148 174
133 135
178 201
165 221
20 21
108 163
139 144
43 70
137 220
168 188
7 108
72 144
17 114
8 86
87 166
146 172
62 191
67 174
83 212
88 139
3 22
66 176
100 107
145 205
89 217
17 200
163 176
10 80
114 153
23 111
16 176
219 121
9 176
13 67
102 190
8 43
100 126
26 109
5 90
104 210
34 168
44 98
16 71
61 174
8 34
124 220
29 207
0 98
19 47
224 85
39 107
41 103
223 80
220 43
12 177
38 171
45 195
224 192
27 173
50 88
2 50
86 111
3 141
19 166
30 185
23 77
61 207
16 32
16 134
15 120
169 213
157 174
223 196
70 88
114 170
47 108
83 147
10 116
175 189
12 99
221 207
222 140
99 127
117 198
51 55
77 222
120 125
21 98
65 197
136 196
40 181
93 170
1 167
217 174
68 137
124 196
1 41
1 89
163 185
154 167
120 196
121 224
74 118
23 138
5 93
131 210
68 156
99 152
1 11
222 72
124 175
1 150
12 190
115 222
1 160
157 162
35 75
160 171
70 80
57 97
108 137
181 207
37 40
77 86
145 202
87 96
58 145
112 160
133 201
90 144
14 94
53 62
30 69
106 159
55 186
96 179
113 177
94 123
77 132
20 92
6 140
97 189
177 203
42 205
78 119
119 208
18 194
201 213
116 212
43 86
24 134
15 224
12 104
201 203
111 148
222 150
31 125
224 139
144 200
109 110
110 174
31 157
210 215
102 194
52 88
20 61
90 199
168 174
218 130
32 140
146 219
142 195
34 212
89 173
221 133
6 96
48 150
219 50
111 159
72 106
123 174
0 38
80 187
26 46
117 146
16 107
119 156
60 224
218 157
41 75
4 38
44 153
132 175
197 217
123 201
76 214
93 115
47 216
10 25
39 119
72 153
86 121
28 50
155 187
182 209
0 67
81 101
119 213
134 148
198 206
31 132
112 219
170 196
47 155
111 172
26 67
58 70
101 131
201 207
19 53
79 207
222 211
11 34
7 203
222 133
31 170
76 179
117 147
193 197
17 149
34 145
220 211
177 220
223 119
60 72
20 145
72 135
190 193
158 173
31 60
103 148
184 196
7 71
100 169
153 163
51 173
25 68
217 3
39 209
76 90
62 219
43 129
69 157
34 135
125 211
64 145
37 145
95 188
28 152
208 214
15 168
159 191
92 135
104 139
102 182
135 222
72 109
222 119
46 73
17 162
12 137
50 115
37 57
22 174
140 182
154 176
150 151
131 167
91 136
39 176
106 194
83 154
6 119
15 154
74 212
70 195
67 160
28 49
57 207
117 184
0 171
104 111
74 133
26 84
18 48
222 200
20 164
36 96
75 150
20 123
79 190
102 115
6 9
3 132
140 183
43 173
97 120
218 132
39 88
162 182
3 70
70 201
89 212
71 127
82 163
55 124
127 220
173 182
121 153
92 180
150 183
120 121
28 122
73 180
34 114
198 219
158 163
32 117
72 127
36 135
13 159
224 35
46 52
25 125
145 178
8 114
68 107
133 195
5 151
36 71
18 26
10 20
97 130
125 164
77 120
221 126
39 167
48 89
217 186
26 45
28 131
37 157
14 223
14 200
88 106
2 172
30 224
31 75
140 201
114 125
51 138
94 105
142 205
8 11
86 90
52 80
66 125
142 148
40 73
14 99
7 220
106 118
58 110
1 9
39 108
105 137
6 71
127 162
188 220
33 125
186 198
62 187
53 189
181 194
40 113
162 197
23 157
54 211
98 142
40 72
90 197
67 68
134 194
111 187
27 186
29 48
51 152
21 199
221 104
1 191
39 171
208 223
102 133
63 68
174 219
170 171
122 123
132 205
83 201
54 68
108 166
119 129
1 16
28 137
108 216
164 206
0 14
56 69
32 118
73 74
64 89
46 208
32 61
219 167
192 196
85 164
56 123
153 157
15 134
3 18
63 134
64 85
83 125
181 191
43 59
108 135
70 132
90 155
118 132
19 135
22 199
221 38
40 98
166 193
13 94
32 122
147 184
40 194
7 182
57 105
151 189
45 165
32 90
25 106
38 43
137 162
31 146
83 217
89 222
69 126
62 152
30 154
77 178
140 187
220 212
15 171
52 97
61 202
74 222
47 129
59 138
140 197
100 183
91 202
43 63
223 143
73 87
3 62
79 131
87 124
190 201
16 146
109 197
106 223
19 128
144 194
121 205
9 64
16 50
35 58
93 122
115 154
25 188
182 196
111 167
46 91
64 121
23 46
8 187
141 170
81 149
22 24
49 82
71 128
91 209
52 114
168 191
33 43
34 57
40 78
4 222
3 179
73 182
154 199
11 212
52 55
33 37
76 195
8 100
105 197
72 172
70 219
183 186
37 195
30 204
201 206
94 176
217 121
67 113
104 146
22 175
87 179
84 140
117 177
24 81
33 185
127 191
97 177
58 171
114 183
29 161
134 189
60 74
71 193
29 74
72 182
73 203
99 204
175 186
75 189
53 168
10 207
147 219
63 143
82 147
19 39
50 182
20 106
12 201
170 186
30 178
193 202
57 140
21 171
123 128
222 33
221 83
107 216
6 16
222 111
53 102
47 113
112 167
2 59
218 84
163 208
38 166
34 84
109 206
154 188
56 201
4 72
94 194
166 218
1 7
4 167
49 73
26 152
184 224
114 146
21 100
42 210
73 221
28 126
50 196
126 153
90 201
82 212
92 188
30 104
18 96
26 177
75 160
9 19
55 198
38 214
78 138
37 80
50 199
116 193
105 196
40 138
70 106
168 220
0 5
32 44
19 107
97 131
10 177
158 221
61 121
132 146
13 78
37 41
10 43
110 155
220 207
61 223
56 122
88 187
82 135
221 17
85 172
115 161
220 82
172 180
22 208
1 8
50 167
12 81
84 119
61 157
60 140
70 114
204 205
124 155
23 116
132 204
43 224
63 193
103 110
221 52
115 156
101 214
42 44
47 91
2 37
223 140
98 136
23 179
179 182
70 81
60 82
222 103
23 135
49 165
132 138
95 162
35 73
31 121
29 137
175 208
28 34
51 118
28 133
178 214
3 122
7 101
6 178
46 190
30 123
164 183
65 139
37 39
21 152
3 26
45 77
196 205
119 126
22 51
60 161
31 210
99 139
31 38
71 207
39 198
13 192
16 30
37 140
88 198
189 204
96 161
16 47
221 68
24 209
25 47
16 46
74 187
44 99
37 165
25 116
98 115
58 69
41 97
117 166
50 123
33 200
140 218
37 137
47 147
114 167
42 141
179 181
52 116
83 198
78 161
12 154
24 108
217 45
32 55
132 152
38 148
96 99
219 182
2 147
70 163
222 76
218 95
18 173
79 91
54 126
11 145
81 158
183 199
42 61
56 98
25 170
110 199
48 212
94 148
188 189
87 138
69 139
14 145
95 113
58 142
117 216
26 42
92 117
116 195
80 95
13 106
12 161
38 134
59 146
1 131
71 157
112 127
79 108
40 112
98 124
155 200
48 166
59 100
17 190
71 101
53 191
27 116
30 198
54 72
10 99
58 158
8 59
74 78
167 220
154 173
29 196
43 138
49 50
73 114
133 136
137 159
218 41
39 218
89 112
68 120
218 171
82 197
90 143
62 109
56 178
55 126
31 50
61 87
69 120
81 142
20 105
17 112
70 184
81 145
7 28
134 154
45 55
29 179
121 159
124 146
142 213
51 199
82 160
132 137
162 163
33 81
221 21
73 186
111 186
159 212
9 59
33 174
27 187
3 63
10 164
147 207
220 134
97 105
161 205
17 204
32 120
51 192
0 204
29 219
34 44
49 197
1 75
10 181
76 187
14 155
119 131
68 72
17 86
61 197
52 208
113 192
55 74
2 128
13 89
130 172
79 97
150 208
7 92
50 120
74 195
86 213
90 221
71 166
35 190
134 186
14 184
133 194
136 194
111 130
32 139
37 152
220 45
28 108
219 107
28 60
30 102
222 124
12 121
188 224
21 34
121 212
152 223
9 10
7 83
40 146
5 194
160 188
154 185
103 171
204 219
122 166
217 30
83 166
130 191
39 101
203 219
194 199
5 64
100 122
93 206
57 166
81 165
22 221
84 147
191 216
71 145
65 125
26 77
33 36
94 118
217 151
145 162
93 201
98 219
1 6
24 50
86 215
197 201
98 114
5 97
91 147
46 133
49 107
37 91
6 24
60 138
67 129
67 108
12 122
82 161
19 176
87 118
125 187
32 172
224 174
126 216
24 158
48 103
40 142
23 26
7 143
182 208
45 106
169 172
73 79
76 114
87 180
168 187
3 207
28 146
145 217
13 221
224 76
79 193
36 183
224 72
156 192
147 196
35 114
5 164
45 199
64 93
37 164
65 121
20 59
142 165
142 144
90 205
223 50
158 162
125 147
180 188
46 172
25 178
35 49
109 166
46 215
6 74
54 128
93 181
169 195
0 160
143 153
31 53
55 164
187 209
119 141
87 188
89 198
116 130
94 163
25 200
47 210
87 206
63 131
110 111
220 166
55 110
136 215
44 172
128 149
81 204
70 105
7 53
38 84
48 206
85 162
64 95
6 114
187 202
96 210
49 178
114 197
80 137
71 99
221 35
31 120
137 224
48 146
67 94
151 213
152 176
99 110
59 104
1 22
43 108
