74 28
38 42
6 54
11 66
15 39
19 45
38 56
52 64
21 40
22 54
1 57
72 63
25 30
76 53
23 53
55 56
34 41
44 68
26 77
1 48
33 64
60 79
2 63
25 44
27 60
6 78
36 48
13 22
79 50
21 65
24 28
47 53
7 74
19 23
28 66
26 29
1 12
73 51
67 79
40 58
24 43
30 60
35 36
45 66
4 21
9 16
15 45
5 16
20 60
29 48
69 70
5 73
38 73
34 38
76 71
41 61
8 11
38 72
42 66
16 59
57 63
37 54
3 60
32 68
16 30
33 72
10 38
16 39
43 62
3 36
77 44
76 50
36 74
2 56
50 54
78 5
2 67
52 71
8 58
15 17
10 26
35 55
76 61
75 27
14 18
0 39
15 66
33 53
46 59
44 53
75 67
13 51
3 31
49 71
50 61
75 8
18 23
5 69
42 74
70 74
1 64
72 66
43 47
21 47
4 27
24 41
43 53
11 19
6 77
38 44
10 66
79 29
1 63
6 53
20 57
17 30
11 45
16 74
31 34
45 52
36 60
58 74
12 17
50 66
16 27
78 30
7 79
74 62
6 21
33 63
54 63
12 62
37 45
36 79
18 60
13 28
9 15
76 42
75 52
17 42
34 71
77 49
22 74
19 75
44 63
13 14
19 32
2 69
79 59
3 73
66 73
30 61
10 71
4 76
73 43
6 31
25 43
42 65
6 74
8 26
21 68
17 53
53 56
8 51
9 59
50 60
61 77
7 54
5 68
41 60
28 45
37 40
47 59
4 31
19 25
74 57
26 66
74 71
14 32
54 73
30 65
76 41
1 78
53 68
26 73
52 74
10 32
77 68
15 61
75 34
30 70
75 24
77 30
18 21
13 53
23 70
27 68
25 39
13 42
29 39
77 8
6 62
39 40
20 38
4 68
25 54
14 50
76 44
6 55
33 34
74 51
2 33
61 64
34 40
73 75
17 65
1 7
79 18
54 72
1 6
21 66
27 50
76 60
28 75
76 7
0 75
20 35
11 14
75 53
52 79
5 21
76 48
15 62
12 52
35 69
18 45
18 61
21 30
39 72
3 39
72 52
28 63
10 19
40 51
14 36
47 50
59 67
35 73
0 29
76 21
2 60
50 74
14 74
9 24
74 44
14 48
23 49
55 65
4 35
2 39
40 47
72 47
12 13
30 43
3 77
3 32
35 52
74 76
37 53
21 67
11 64
51 66
30 72
37 71
21 59
34 61
27 48
31 74
7 19
22 45
6 63
30 55
79 2
11 60
9 42
30 62
13 48
79 53
73 10
61 68
32 37
29 58
40 49
54 70
39 41
54 79
36 68
49 51
12 49
74 11
21 29
71 77
13 55
54 56
12 34
60 78
73 15
72 64
14 34
74 3
41 57
25 40
32 51
79 69
3 49
74 5
75 55
10 75
31 53
12 73
19 60
15 37
8 32
6 22
26 67
39 52
14 20
77 25
40 48
12 22
50 57
2 4
70 77
17 59
73 1
4 55
43 67
14 33
17 57
52 54
11 55
39 74
22 46
31 57
15 51
11 17
7 18
40 70
20 42
30 75
72 41
74 41
33 38
16 48
49 56
75 1
78 54
64 70
50 55
23 75
35 68
76 75
28 37
75 40
18 51
26 60
78 44
77 56
9 21
