79 16
8 53
46 66
28 62
23 37
52 65
38 44
35 72
8 38
46 60
29 56
3 65
45 53
35 78
20 74
33 35
7 75
7 50
3 26
16 56
0 72
22 62
12 63
50 72
29 62
59 78
3 12
4 36
72 25
6 25
19 55
12 14
32 65
18 73
78 12
36 67
28 76
1 29
40 72
66 74
70 7
3 64
3 16
7 67
45 70
56 74
49 59
10 35
15 17
33 51
71 74
17 32
71 77
28 68
31 42
28 63
74 76
13 71
17 70
10 60
0 5
40 63
0 30
34 64
18 55
1 22
79 0
19 24
14 20
48 79
12 64
75 25
24 32
46 57
37 47
40 55
19 43
32 61
41 42
78 28
17 21
15 53
5 22
2 31
9 69
25 76
20 36
25 41
28 73
29 45
48 52
36 75
5 46
74 45
79 8
76 10
13 74
72 52
7 35
45 46
46 63
45 65
61 75
11 49
34 57
39 45
38 42
5 70
32 48
8 28
64 68
2 66
15 37
72 18
21 47
56 77
63 77
9 51
32 71
3 57
45 58
10 68
7 73
46 59
18 19
74 50
11 56
74 41
26 72
61 66
4 38
40 61
7 22
25 62
54 61
14 15
53 70
3 79
18 31
27 54
33 41
13 62
9 28
78 2
6 13
11 26
61 63
10 12
12 47
25 49
26 59
43 55
34 78
41 55
73 47
9 19
25 77
29 48
33 46
76 63
0 65
5 57
38 45
0 45
1 28
1 61
2 50
40 78
30 34
22 53
49 62
73 62
42 67
65 73
73 41
19 79
75 14
40 79
73 4
18 53
78 19
47 48
75 49
32 44
36 55
5 35
22 48
38 50
72 65
75 26
73 42
22 51
34 38
3 54
68 77
74 34
7 9
60 79
63 72
15 38
15 65
75 55
12 56
29 77
51 55
17 36
42 76
15 35
4 11
4 43
10 74
12 49
74 16
28 46
38 41
23 31
21 28
74 28
13 72
11 53
26 47
9 71
37 39
0 29
20 73
14 48
30 52
67 77
63 66
77 43
41 72
0 59
27 39
49 72
13 61
53 56
8 17
11 67
4 27
79 35
28 77
78 66
17 61
42 54
4 22
60 62
12 62
11 46
63 68
28 64
70 67
73 49
44 62
50 59
3 30
71 63
38 74
75 34
42 62
48 76
50 60
16 68
2 65
54 63
61 68
23 46
66 75
78 67
51 65
74 53
61 64
50 67
74 64
13 60
17 49
5 58
47 64
23 35
48 70
20 70
21 39
13 56
39 70
11 73
14 30
77 54
49 64
71 29
1 39
4 45
63 74
31 49
16 41
71 35
1 63
27 62
5 52
14 29
35 65
40 65
9 58
42 50
23 28
47 60
6 44
22 65
34 48
72 38
75 79
34 52
76 29
72 28
6 79
11 20
26 74
30 31
32 64
14 34
77 48
14 65
73 39
18 21
73 54
28 35
14 56
1 16
76 66
14 58
8 48
49 66
42 66
48 49
71 56
69 73
39 58
14 25
6 24
10 36
4 63
50 68
38 75
65 78
60 78
