31 100
54 127
174 179
53 92
45 130
102 142
4 23
7 38
22 57
60 117
69 145
78 134
64 155
107 110
37 97
56 72
76 150
36 97
10 108
29 109
25 76
44 117
67 152
150 169
98 102
15 95
53 163
64 79
52 102
64 93
12 177
90 154
37 126
75 109
40 71
133 171
130 147
74 135
28 154
109 154
61 135
124 175
179 119
17 85
6 22
109 176
17 142
32 60
50 100
69 128
27 91
10 160
115 155
38 171
34 175
59 62
1 107
52 178
70 147
165 169
87 126
116 168
6 98
93 173
0 48
48 69
117 171
129 139
162 174
176 122
75 147
5 93
138 139
6 159
70 156
137 179
128 177
17 178
81 172
118 166
134 155
50 124
22 53
13 101
11 31
65 131
112 148
37 166
13 104
27 106
17 128
45 63
112 121
120 160
0 133
54 104
27 115
121 173
107 108
56 155
64 65
70 95
179 130
60 135
61 93
33 177
150 170
65 171
51 72
158 160
31 35
71 173
98 123
42 97
90 124
11 109
17 125
111 161
7 44
95 120
89 174
61 92
123 174
43 165
13 150
19 68
28 56
2 145
54 120
179 21
142 166
63 88
60 99
58 113
3 12
59 128
53 87
104 154
62 136
59 157
7 43
103 146
62 114
12 164
126 168
21 127
38 47
19 65
179 39
109 127
23 63
63 105
119 166
23 146
36 112
18 179
9 61
0 107
38 163
67 167
115 131
21 134
124 149
107 148
13 28
66 70
1 116
62 71
176 2
121 130
19 131
143 156
88 141
29 42
65 83
124 178
40 131
69 149
60 142
24 145
113 144
13 156
70 105
44 130
18 50
5 83
113 143
38 167
102 173
32 91
33 173
9 33
22 151
61 164
5 149
64 167
71 176
114 120
91 171
66 114
139 153
110 113
40 59
22 50
40 156
105 172
31 170
1 89
38 85
53 172
72 127
118 176
36 113
8 25
53 59
59 121
130 174
73 103
43 151
17 89
33 104
102 167
35 46
40 64
0 81
81 121
16 69
45 137
56 134
84 123
10 147
178 42
14 166
12 102
43 171
94 118
16 28
100 170
143 169
47 109
161 175
115 164
59 166
24 163
85 156
41 105
63 95
0 150
30 127
39 115
112 164
39 171
57 176
121 126
54 98
75 115
77 107
34 100
66 126
102 138
79 99
114 130
15 107
42 127
161 162
86 139
130 156
124 129
31 157
37 59
97 154
56 103
28 33
32 87
9 149
78 131
127 153
42 121
8 105
6 34
76 149
21 57
11 132
35 135
29 34
131 142
3 84
20 73
137 148
72 103
17 76
101 168
77 121
53 145
50 86
179 143
65 80
67 140
69 85
2 98
113 160
131 168
91 124
1 102
27 133
39 102
3 131
8 83
18 36
79 164
0 36
23 152
75 131
70 172
40 89
12 64
43 169
33 166
19 61
153 154
26 97
178 101
12 176
97 100
26 162
108 179
28 124
18 152
19 48
39 40
5 64
20 63
65 127
39 82
80 94
92 148
54 164
129 167
38 162
21 158
6 7
69 88
97 112
10 12
177 58
5 57
83 117
37 119
177 46
13 58
51 142
62 147
2 96
25 141
23 128
32 49
55 143
86 97
18 155
54 109
57 139
20 116
42 60
17 168
43 56
46 137
179 5
78 175
2 177
47 164
41 75
68 72
106 134
150 167
10 151
58 105
17 31
42 156
35 58
105 159
18 38
33 148
50 111
103 154
118 145
28 105
52 158
22 80
29 38
11 42
82 157
2 162
14 57
95 159
140 162
12 63
3 52
177 148
0 158
2 155
47 142
61 139
30 175
33 99
69 155
53 143
27 74
8 118
1 37
88 129
3 112
108 146
84 136
138 150
87 170
56 94
74 146
5 160
72 145
26 133
101 106
177 149
4 141
152 174
42 125
141 143
177 111
89 155
46 120
31 123
0 62
52 149
166 173
14 90
127 142
30 168
20 75
42 165
26 66
0 75
9 120
179 75
100 178
38 109
179 42
44 142
1 27
21 150
18 72
71 110
176 100
46 70
28 100
11 14
77 84
55 156
125 170
75 171
71 118
5 172
60 64
13 23
100 121
7 179
25 32
129 140
23 179
84 101
21 152
21 106
98 103
23 135
49 109
107 159
115 117
89 158
46 138
70 171
62 169
21 62
76 103
61 75
119 175
179 169
48 132
81 92
83 133
101 125
2 130
148 151
28 173
0 146
2 54
47 57
16 45
14 53
61 94
107 122
8 103
43 50
55 85
49 98
32 51
19 162
31 144
54 96
10 111
132 154
58 165
50 131
98 178
75 178
40 85
74 123
149 156
100 154
61 110
7 139
20 95
84 103
10 19
86 109
40 100
177 26
35 142
20 85
140 177
52 107
26 93
61 78
97 108
20 117
118 167
51 71
46 139
101 140
20 118
1 156
126 171
69 116
73 177
107 131
17 66
38 135
76 160
14 33
74 119
41 106
96 123
113 153
64 138
67 125
53 74
25 121
36 124
165 170
63 147
13 20
5 124
26 114
50 67
2 120
22 103
133 143
56 125
50 60
6 118
9 173
59 87
21 76
164 174
2 166
95 130
43 99
179 116
75 151
40 151
133 150
4 44
142 165
30 59
50 81
140 145
106 117
9 41
48 83
59 97
128 179
6 62
13 67
3 167
139 175
61 107
134 150
20 42
179 66
43 100
19 133
176 94
57 115
28 145
18 44
23 30
64 130
1 113
26 57
14 152
66 98
83 168
90 107
62 91
98 173
124 137
28 77
107 163
11 32
64 144
154 159
56 91
41 145
33 143
90 139
62 107
76 131
11 115
46 176
51 124
83 93
91 117
31 136
35 133
25 56
85 169
34 158
30 128
99 121
21 169
33 82
34 144
60 164
146 164
14 92
92 114
87 108
7 154
153 175
11 138
87 114
47 160
178 125
97 103
22 148
94 98
59 160
61 98
115 133
6 97
17 38
16 138
69 156
23 150
10 167
19 99
37 95
34 131
70 154
32 174
44 101
66 117
35 172
144 145
137 164
111 114
8 156
132 170
89 179
123 154
176 169
69 162
8 160
178 64
10 54
28 138
79 85
178 144
44 159
29 75
16 83
99 148
178 16
57 113
23 64
136 159
74 98
12 100
11 51
6 151
8 79
178 73
38 56
28 165
54 149
107 119
6 58
136 171
65 67
99 160
38 172
54 141
68 115
72 120
7 52
24 127
91 148
129 132
127 149
12 108
22 120
51 159
136 175
68 156
46 140
78 128
89 104
81 99
64 157
176 160
73 125
176 23
4 16
39 73
99 177
86 167
72 94
39 147
88 97
90 143
111 164
47 161
121 148
47 121
22 170
113 124
29 57
107 112
95 110
9 60
57 94
133 144
20 171
47 80
92 126
97 149
42 177
76 139
15 117
89 176
41 76
39 61
177 56
41 131
46 118
73 114
63 99
102 163
30 102
2 143
23 143
2 85
111 163
98 131
59 146
48 127
51 123
24 146
41 81
179 107
35 169
6 126
86 124
149 178
78 110
19 22
97 120
65 104
151 179
108 145
35 113
8 15
77 83
7 96
36 114
20 153
18 78
29 163
9 54
31 63
86 91
140 167
25 68
146 147
179 12
38 75
42 61
29 30
28 93
71 160
89 156
178 107
33 176
58 168
32 96
21 118
96 153
8 11
89 120
65 70
37 84
51 78
86 175
66 137
177 84
27 109
15 49
114 142
44 134
53 111
160 173
28 59
38 126
13 75
155 163
140 171
69 107
110 150
5 26
46 50
82 134
16 42
154 175
57 58
9 93
11 72
138 168
77 151
149 173
121 161
153 164
46 114
48 97
15 133
78 116
51 114
88 102
47 151
28 47
3 7
124 146
132 152
134 154
36 179
89 164
24 81
49 150
139 161
42 57
32 69
7 33
7 158
120 178
2 82
179 76
37 54
83 116
26 150
84 163
86 138
176 173
22 86
106 152
68 124
106 155
78 162
88 92
124 126
177 13
4 77
75 102
13 133
47 103
27 134
52 81
44 61
17 80
8 27
72 95
48 66
26 27
42 116
41 165
120 151
15 65
64 149
124 138
35 106
48 93
17 143
35 138
65 172
42 93
21 73
177 8
49 68
27 164
42 102
68 144
112 170
38 99
3 21
18 65
52 62
59 68
78 108
33 116
178 123
49 178
40 164
106 150
90 145
114 171
37 90
70 174
49 119
77 108
18 77
18 73
90 176
81 164
95 98
51 113
51 155
59 167
97 130
35 151
50 117
47 139
75 104
45 158
114 168
103 168
42 119
88 101
15 135
139 167
119 160
115 141
178 23
72 74
108 128
84 137
64 174
3 118
59 69
28 81
17 86
68 100
69 131
13 144
31 88
45 162
88 166
120 171
43 75
37 148
136 147
118 125
57 106
108 151
43 129
43 90
32 106
58 173
41 142
70 99
60 67
18 46
42 136
50 168
35 94
30 46
5 68
8 33
56 147
55 144
130 160
41 167
12 22
176 154
65 108
96 97
41 98
24 63
7 66
56 156
50 78
61 123
27 153
34 128
32 62
9 22
31 57
98 132
46 170
63 91
57 120
20 58
29 92
177 146
43 59
20 92
35 36
60 104
19 59
87 125
166 176
1 23
74 145
65 100
3 170
16 25
95 105
39 101
32 162
167 174
29 122
177 80
45 67
4 61
43 128
16 75
54 177
36 58
113 121
177 53
9 126
12 85
9 168
49 91
67 148
106 158
129 176
18 172
8 121
43 94
108 167
12 129
3 28
55 116
14 151
1 84
95 122
21 112
17 134
41 96
44 100
93 98
20 176
34 65
4 171
14 83
55 78
132 175
12 83
93 122
52 98
49 105
29 65
8 45
93 178
94 175
2 69
26 154
178 3
89 102
24 29
55 158
124 128
65 179
95 106
11 88
107 155
25 172
27 29
67 143
117 131
9 62
7 148
4 50
28 107
55 89
78 114
159 172
25 114
49 87
16 124
178 68
74 124
119 124
179 146
80 123
75 98
51 62
6 121
152 157
100 110
33 60
18 156
63 127
16 34
50 147
4 31
10 88
40 95
0 2
15 102
116 146
177 133
10 31
0 130
135 167
4 52
3 124
82 100
12 90
18 24
4 133
1 126
16 73
93 167
12 59
134 176
6 165
22 132
81 110
0 11
9 161
6 157
106 159
29 165
96 146
95 151
73 99
113 174
177 39
86 155
2 119
5 60
40 159
6 68
13 76
30 104
31 79
20 25
34 86
68 116
3 154
48 90
179 163
61 97
62 104
13 79
35 170
32 35
5 59
12 55
64 99
68 164
29 177
135 136
28 41
142 157
107 149
108 178
66 139
10 69
15 116
55 177
83 145
4 79
58 68
49 153
83 127
40 106
85 93
91 108
19 78
176 146
104 144
110 121
20 172
6 31
79 123
23 145
5 98
57 73
18 52
1 158
21 42
117 174
17 71
33 137
124 130
32 157
32 81
127 147
66 74
114 131
56 175
48 109
155 174
76 107
27 71
14 111
57 132
37 74
73 93
91 166
179 79
0 173
177 37
51 177
127 152
73 88
18 43
41 114
49 72
125 126
90 113
112 157
178 22
20 104
111 145
1 154
52 125
96 100
92 106
87 167
60 134
20 169
2 87
52 95
146 159
102 129
8 145
5 9
64 143
53 112
1 120
4 28
131 152
1 57
118 155
1 93
68 161
26 56
74 110
19 32
64 97
36 76
100 115
6 133
12 175
7 62
105 143
88 113
65 66
16 92
176 32
3 76
55 140
39 128
123 151
25 44
2 45
47 61
11 167
119 123
176 7
5 167
48 146
107 152
65 98
113 142
61 142
24 133
57 99
63 159
34 130
93 109
60 91
176 75
77 154
69 99
179 129
43 178
4 164
17 157
48 99
77 139
86 115
39 163
117 164
27 86
101 117
16 154
19 145
47 91
16 76
18 141
77 113
83 128
4 11
25 154
41 120
179 100
65 112
6 53
146 155
27 104
45 62
68 129
17 26
8 49
103 176
24 130
95 153
19 103
178 50
16 89
18 175
24 91
128 167
100 137
26 73
131 155
144 163
26 71
62 125
17 136
52 148
54 173
51 119
74 156
113 115
43 168
69 112
37 155
29 150
99 119
140 144
70 125
7 61
53 72
73 129
115 136
63 165
18 112
1 168
171 176
141 170
18 110
19 77
64 116
89 119
95 170
35 81
41 61
96 101
121 165
80 96
54 73
98 112
41 83
21 137
6 23
170 174
48 141
120 138
38 102
4 178
31 145
27 35
57 67
63 77
31 129
163 166
54 169
19 175
20 36
58 153
45 172
59 85
90 141
22 26
31 104
17 109
13 21
8 161
0 126
51 127
50 56
67 134
64 102
62 134
37 151
51 84
68 109
17 33
86 147
79 165
49 179
28 166
84 100
41 79
0 8
14 25
63 101
17 177
2 90
63 123
112 115
40 44
94 167
126 169
131 149
39 139
80 172
47 159
19 168
30 137
20 39
6 122
5 146
108 110
56 115
98 106
120 143
40 57
31 175
37 47
101 103
31 107
13 89
50 164
119 174
13 44
178 76
103 132
95 100
16 133
38 104
11 57
13 57
33 47
76 147
178 72
14 154
102 132
179 71
57 150
14 173
70 150
87 90
87 94
14 110
75 93
33 119
30 147
82 85
10 17
85 112
107 109
138 172
94 117
30 164
4 15
40 72
178 30
41 164
40 56
56 164
48 125
13 158
47 140
39 135
19 112
25 95
60 80
40 144
137 176
11 60
45 152
27 82
55 131
96 152
85 159
25 64
3 121
76 124
1 130
149 157
82 125
158 172
47 119
119 143
21 32
54 58
60 158
32 54
50 113
61 62
0 70
4 143
27 101
17 162
179 10
160 170
49 175
128 156
128 151
9 127
15 140
16 91
30 116
0 47
152 158
14 167
75 167
14 144
65 162
47 134
73 163
89 112
66 79
127 131
1 133
18 94
32 169
12 153
17 174
132 142
174 177
96 116
178 66
19 116
45 75
177 166
74 141
17 141
71 158
39 68
27 72
156 178
82 174
68 90
37 98
80 138
46 81
114 134
125 154
179 22
69 169
63 112
14 67
38 160
62 101
114 159
100 129
13 71
36 129
36 98
177 157
132 179
20 89
0 119
98 162
26 91
73 145
28 156
154 172
142 159
46 134
33 81
3 38
17 98
88 140
31 127
25 43
14 96
21 35
55 126
51 57
176 66
17 68
29 78
83 99
178 0
84 92
82 102
100 142
130 175
44 156
131 145
20 128
36 82
99 146
87 92
37 171
166 167
179 92
38 101
138 175
8 59
2 33
6 136
16 64
15 38
