32 72
37 116
5 104
2 76
49 100
56 89
15 100
111 43
23 71
61 65
42 54
110 50
70 87
5 117
45 49
37 89
88 109
65 79
30 38
23 56
54 79
58 63
22 114
13 70
23 95
113 27
0 67
75 93
36 47
2 65
105 109
30 108
119 115
37 91
110 31
29 99
28 91
13 54
34 97
36 116
4 91
41 75
31 77
110 13
1 109
16 115
3 62
60 104
51 116
20 60
44 68
13 76
17 110
115 92
88 90
23 49
23 92
40 76
50 79
61 64
18 57
5 20
112 10
77 99
65 99
45 89
101 119
22 54
40 62
13 68
84 85
12 13
7 69
53 74
5 25
5 19
114 54
25 111
1 44
2 34
70 83
26 90
52 69
41 50
51 71
40 97
49 54
116 31
80 109
53 119
1 21
69 91
8 87
42 43
60 72
114 62
74 93
47 64
43 108
16 41
6 59
45 66
110 63
49 99
43 113
21 67
111 17
78 113
10 49
106 118
63 90
6 35
21 36
19 40
76 118
17 82
29 58
2 46
16 51
34 102
41 67
14 79
45 106
119 4
43 71
4 72
110 41
9 74
68 102
115 59
59 64
13 109
31 48
117 99
10 31
48 92
25 55
37 99
74 111
29 88
53 102
14 38
9 92
68 81
11 82
22 59
27 57
47 114
53 58
43 74
2 47
60 86
112 39
106 111
14 23
24 83
99 119
14 20
23 61
24 51
2 36
73 77
79 99
12 56
20 63
48 83
110 5
47 66
22 46
111 82
23 47
25 65
24 54
117 10
60 68
66 96
74 103
9 25
76 97
68 113
112 44
58 107
9 49
62 111
94 95
0 34
44 102
115 52
11 107
1 108
79 91
69 108
28 49
45 76
39 104
84 88
110 70
44 65
34 117
115 36
51 105
86 93
112 26
119 12
15 25
21 29
110 69
42 86
119 56
8 63
32 84
81 92
64 92
101 113
115 65
36 85
42 107
26 114
45 50
34 91
33 83
99 103
15 62
118 112
109 118
52 70
66 77
8 78
23 31
46 74
54 89
11 91
34 99
59 63
87 92
7 31
11 21
115 51
48 103
106 117
112 73
11 113
46 112
75 77
35 73
20 62
60 102
11 63
70 88
15 31
48 96
31 51
110 44
45 99
61 100
115 71
61 69
4 24
42 105
114 66
41 78
3 52
112 115
21 118
23 113
79 83
76 85
1 117
60 74
12 80
34 66
33 54
67 93
43 95
19 112
22 84
80 93
50 117
99 109
16 63
11 83
4 65
31 45
33 87
65 80
17 43
4 64
15 21
5 46
52 75
2 10
62 94
25 107
8 23
114 24
51 94
115 8
27 85
80 94
19 37
15 24
21 78
19 83
55 96
20 84
17 94
60 119
12 97
112 103
86 95
2 89
4 10
56 83
87 110
57 76
50 55
4 35
34 110
53 75
80 111
77 90
77 100
65 86
67 77
0 61
99 100
4 117
68 99
69 104
37 94
40 84
8 74
3 61
31 61
63 98
1 80
11 80
31 53
113 88
3 12
42 45
78 116
42 77
53 111
4 67
29 84
111 38
12 41
42 103
46 119
113 66
112 9
119 44
51 92
13 33
80 98
66 75
27 51
73 100
113 21
119 26
36 49
55 109
32 49
99 108
82 114
55 111
86 87
87 93
2 13
37 55
117 52
54 103
80 112
23 119
82 95
49 98
27 116
23 100
5 73
26 51
108 119
119 63
16 88
67 99
87 105
96 109
53 117
41 52
23 90
87 99
39 98
12 52
30 63
115 69
17 91
84 117
88 108
4 70
21 72
19 34
76 98
118 55
1 33
54 91
94 99
38 97
6 63
73 85
6 27
5 36
22 78
22 112
13 55
15 117
23 68
111 34
27 114
66 117
11 104
