100 190
78 189
103 122
137 188
136 170
119 139
220 126
40 73
4 218
30 202
14 37
66 124
79 135
217 9
112 194
77 221
55 162
87 120
6 11
224 157
50 71
116 119
40 123
29 153
105 214
79 175
29 61
93 101
196 222
18 40
48 98
90 199
146 161
139 140
58 75
54 193
185 224
183 215
89 133
94 125
91 104
7 101
129 196
99 149
84 223
110 114
134 180
133 144
7 96
165 178
223 67
190 214
124 186
29 215
51 220
92 208
27 118
32 208
42 100
27 156
222 55
223 138
39 165
59 116
119 218
68 131
37 223
80 155
122 199
141 174
4 14
118 135
47 77
17 127
59 65
11 42
15 18
113 119
57 87
29 206
35 59
52 195
2 145
148 154
2 35
125 203
97 181
82 149
51 113
216 86
26 187
161 179
38 83
27 114
23 85
15 19
52 113
84 176
101 174
82 184
1 78
161 176
90 102
64 192
19 151
98 207
80 103
127 201
162 196
219 176
144 198
19 158
72 79
158 171
100 138
1 62
54 56
92 187
162 173
49 166
217 123
37 145
1 148
59 132
165 191
40 90
52 138
68 136
224 154
24 37
179 181
224 83
31 69
40 203
38 161
42 214
42 129
54 175
124 189
1 103
112 155
30 54
92 166
184 192
24 56
135 221
207 221
218 92
137 167
16 65
9 157
122 166
163 183
150 159
156 220
83 188
151 192
132 179
11 210
15 26
202 218
69 100
89 181
117 163
37 53
152 197
40 157
49 77
81 148
219 143
92 93
42 131
94 211
25 90
218 153
163 215
5 77
33 134
140 206
45 190
69 135
20 40
29 58
124 145
135 190
88 187
32 65
218 137
50 163
113 198
155 168
220 39
41 169
206 223
130 148
163 168
89 191
151 222
31 214
36 195
214 221
16 55
195 217
79 149
40 181
3 102
97 118
166 182
73 152
224 11
217 188
220 194
109 164
93 211
103 106
56 185
223 187
124 201
87 207
90 191
59 119
66 95
26 109
116 203
49 154
43 45
17 119
120 204
73 224
162 169
153 155
26 49
83 107
26 178
37 217
52 96
20 110
65 223
78 152
130 171
119 204
162 175
72 100
224 81
54 152
2 121
119 122
16 90
82 90
114 124
77 192
25 148
102 207
93 167
67 162
170 220
84 157
59 74
224 168
106 157
63 169
109 208
29 42
38 177
12 110
25 164
61 199
126 212
115 171
96 111
94 155
12 188
194 207
139 157
31 212
130 223
52 79
5 17
218 157
30 32
113 136
44 164
21 77
61 177
77 194
150 218
31 34
78 89
88 170
84 115
169 182
31 65
127 171
117 219
36 115
121 177
40 180
160 168
123 192
222 118
44 127
1 181
112 199
110 117
164 165
1 8
26 97
4 149
3 101
43 118
63 138
8 47
187 189
112 223
152 207
47 188
218 40
46 58
150 192
16 54
89 154
81 186
7 52
43 144
13 205
29 112
128 140
98 104
92 141
86 180
35 182
95 218
219 182
132 215
39 158
32 63
45 111
69 213
124 172
34 119
73 122
23 36
94 116
51 122
117 134
42 173
126 171
98 100
190 213
68 209
123 197
55 166
218 158
170 215
212 217
95 158
50 157
10 76
224 32
121 181
33 70
128 160
42 43
99 110
24 44
119 128
56 78
1 32
160 164
12 112
216 143
15 219
63 86
2 224
89 170
77 134
96 141
124 183
129 170
79 211
84 183
88 121
82 202
42 163
218 205
2 115
102 224
22 186
15 66
33 133
65 109
224 20
220 179
170 223
29 142
172 213
81 204
79 85
224 199
47 152
137 174
158 203
206 210
54 97
133 134
62 89
111 122
4 183
16 131
13 138
41 45
95 205
95 161
125 145
22 56
20 187
102 122
101 145
53 168
37 99
215 18
8 179
38 114
54 174
218 168
81 142
78 97
69 161
190 221
72 183
72 136
18 33
72 131
0 178
93 164
123 144
62 155
130 224
31 190
173 183
74 196
62 145
134 161
11 203
55 117
22 98
55 67
223 161
19 60
222 188
27 153
17 78
59 151
223 144
50 169
132 143
119 187
52 86
106 178
173 211
148 202
150 216
123 189
125 139
131 151
61 125
156 208
52 134
109 160
104 196
35 180
21 36
144 167
218 19
219 126
45 216
84 202
149 197
45 55
5 159
108 151
92 217
215 150
51 185
5 89
68 182
106 164
101 135
81 164
18 30
216 123
157 165
36 204
60 189
39 70
4 98
126 199
98 127
27 37
45 72
32 207
57 149
86 131
138 201
26 107
24 161
152 179
151 161
6 110
160 207
43 222
87 166
2 162
26 115
12 21
105 133
71 136
122 203
224 206
135 201
15 195
47 70
2 131
117 142
35 81
30 37
27 204
166 195
41 98
138 143
219 149
124 198
178 220
29 152
129 159
38 51
132 183
47 83
113 187
71 77
36 179
74 216
53 81
32 162
130 162
215 88
122 218
9 41
15 212
9 15
187 212
64 214
13 150
94 208
40 159
80 146
64 166
158 195
0 192
218 56
24 189
105 143
61 150
61 132
16 224
105 207
73 161
29 48
115 169
191 217
66 102
30 204
3 179
23 134
24 92
216 149
108 111
81 138
223 83
61 72
40 145
34 194
95 187
63 157
54 107
146 198
36 47
190 207
110 112
46 119
112 187
84 145
11 223
1 108
78 193
87 91
26 195
9 115
7 46
96 143
117 136
119 221
161 162
1 189
47 125
135 153
109 162
59 62
126 186
132 163
50 78
172 195
121 156
167 211
83 160
26 91
219 53
49 197
1 164
57 192
81 213
51 72
59 112
82 215
24 184
28 182
22 196
53 170
18 211
124 166
81 118
37 189
48 53
112 185
117 139
54 75
91 163
56 177
39 190
22 99
85 120
94 172
95 170
38 127
44 212
52 114
49 63
217 181
79 180
16 148
106 207
105 113
92 191
63 142
49 94
223 163
160 222
183 194
139 165
37 116
50 60
12 90
72 177
49 194
13 175
223 8
7 175
9 92
148 222
5 50
104 131
73 178
7 136
15 107
80 145
119 158
215 31
162 165
223 126
223 152
61 134
222 200
13 27
173 220
106 169
156 174
12 95
18 26
55 109
123 143
67 156
112 164
221 105
198 204
24 117
15 198
151 153
37 135
93 153
83 93
96 175
200 203
175 199
99 168
78 145
221 208
100 112
41 190
12 98
17 76
44 79
149 159
162 172
134 169
160 218
220 6
117 138
6 131
215 207
182 183
139 158
217 160
84 153
10 85
109 193
37 83
35 213
115 158
51 201
110 158
57 93
57 163
29 216
70 73
53 198
79 205
7 184
132 170
93 119
86 140
131 174
118 176
119 209
70 93
58 91
53 70
60 183
94 197
13 163
35 41
14 155
45 116
58 77
172 223
7 72
7 193
70 102
5 84
194 217
169 190
17 175
217 54
13 186
71 72
14 201
33 99
136 206
115 127
163 194
47 139
26 186
222 126
39 179
89 108
15 77
220 189
116 209
101 218
130 156
105 179
26 83
62 106
129 154
70 149
30 154
73 147
114 204
54 134
3 12
121 215
58 86
53 174
217 4
221 196
26 175
85 159
55 97
177 209
4 196
188 223
218 21
77 145
3 149
114 145
223 141
148 224
33 48
10 109
139 174
43 142
68 140
127 170
159 165
216 164
119 151
95 140
55 156
3 82
7 68
220 181
24 45
177 200
154 218
107 150
0 74
190 200
94 184
39 109
42 102
33 186
25 189
27 41
43 75
5 40
188 190
41 200
11 36
6 191
73 208
44 103
99 173
182 191
21 152
39 210
58 181
220 47
149 183
104 199
47 177
39 197
5 202
86 203
37 170
20 93
218 120
137 173
158 208
155 218
134 144
32 174
129 179
73 160
26 73
53 105
109 132
216 108
55 212
7 117
62 197
94 104
26 158
51 96
24 67
94 193
84 104
80 205
18 46
66 83
94 152
37 187
76 208
100 180
117 190
105 111
219 7
20 153
218 181
28 111
123 205
39 140
60 173
175 184
12 66
7 60
192 215
23 133
110 167
152 203
15 88
27 49
0 181
59 215
68 114
215 60
83 166
215 28
53 214
59 161
47 75
115 126
11 134
139 152
105 191
127 183
66 114
67 161
223 26
139 150
44 113
45 67
9 114
52 87
26 44
2 88
103 217
28 173
188 204
31 41
6 143
5 83
34 87
94 130
0 143
40 205
6 198
28 78
8 50
18 123
103 159
122 191
21 203
212 222
3 113
98 112
135 196
57 135
54 215
216 47
9 203
15 143
223 39
27 50
82 199
22 183
168 170
91 128
29 43
181 212
64 216
53 112
18 28
5 72
0 221
102 208
3 209
222 73
142 179
58 177
86 137
221 80
171 192
136 157
163 208
84 152
33 145
218 33
52 152
101 202
114 196
159 207
100 121
221 170
0 27
50 131
16 94
82 194
69 164
35 66
118 209
53 136
216 102
42 194
50 51
7 94
122 161
44 123
69 202
55 62
193 222
129 194
51 74
223 0
42 114
35 150
45 145
54 138
9 99
101 186
83 149
184 222
9 48
148 186
19 84
73 168
145 163
17 145
215 162
219 129
92 205
51 180
14 126
125 180
18 57
77 199
219 105
39 182
17 91
29 181
108 149
41 164
120 192
15 31
59 122
103 110
220 23
82 178
94 187
105 141
34 93
10 172
16 179
56 95
216 151
19 135
41 109
185 201
207 209
112 151
49 54
4 130
113 128
71 78
160 163
216 9
217 149
127 135
59 218
80 218
49 192
56 140
82 95
55 101
15 181
0 60
36 61
59 203
149 208
74 131
81 134
24 219
11 120
168 204
44 166
67 136
14 166
66 150
62 199
42 95
23 198
51 94
14 163
128 197
153 199
83 146
120 194
70 176
35 149
3 62
12 215
106 112
132 148
117 175
65 92
2 212
96 204
54 150
172 187
215 182
45 198
40 71
17 221
31 45
72 80
223 44
16 93
94 140
71 149
3 131
59 61
11 153
4 82
52 141
117 150
100 109
222 177
40 45
41 80
75 76
221 114
30 44
40 190
120 206
18 53
224 211
42 165
119 198
70 90
8 222
46 213
58 125
53 125
83 200
58 112
216 51
217 157
22 175
5 6
154 211
51 65
176 187
62 138
85 195
74 120
55 218
54 204
95 98
29 162
61 198
24 109
65 75
221 70
0 52
136 154
82 98
12 25
41 132
38 196
69 166
4 72
97 153
66 106
38 128
216 98
209 223
123 191
51 206
224 1
18 115
40 173
132 162
112 177
151 207
160 179
23 44
220 96
80 171
90 104
30 215
29 97
41 85
175 201
42 128
110 140
220 38
5 44
3 118
111 125
68 93
31 49
103 178
6 149
138 169
103 127
127 178
31 213
77 130
216 15
45 99
172 204
23 126
120 172
90 143
120 134
110 144
79 102
160 199
126 200
56 137
217 215
81 206
2 26
21 202
42 70
38 210
90 203
62 167
149 202
60 124
82 165
157 205
58 174
215 213
216 152
72 164
67 121
117 170
128 186
66 97
153 159
52 189
111 123
8 216
215 210
1 9
168 192
175 217
6 89
8 37
12 36
36 131
41 91
45 96
107 152
157 162
218 63
82 185
103 190
30 40
192 219
70 157
215 85
26 53
30 92
150 175
60 83
79 218
2 28
127 164
119 154
120 208
102 217
199 206
43 188
50 138
23 160
86 192
102 199
17 65
217 220
175 206
112 116
70 217
67 141
134 183
67 88
111 131
218 86
20 142
5 79
218 172
66 165
96 110
102 149
14 111
63 178
7 142
218 142
25 61
178 202
75 80
19 174
64 211
56 172
63 144
36 55
0 83
109 171
117 182
215 74
218 82
117 223
157 202
165 218
93 128
19 145
29 156
8 90
107 154
166 219
152 204
51 177
65 208
70 210
17 27
8 212
101 223
184 189
9 80
103 135
49 138
216 147
65 66
63 70
41 145
107 218
128 220
185 194
224 218
43 62
13 127
46 126
179 197
84 121
223 177
34 157
100 198
218 73
2 98
69 203
46 189
209 215
8 148
13 183
218 3
221 13
59 100
218 47
211 220
51 107
218 135
0 93
22 190
22 172
135 200
75 79
78 123
131 186
49 206
151 172
94 107
14 74
71 193
96 198
47 187
220 53
51 67
34 151
33 60
223 131
12 101
57 114
221 90
15 147
133 186
6 102
24 90
82 138
23 164
140 189
18 187
216 4
139 188
4 49
81 117
47 179
12 41
55 149
23 151
112 198
50 124
66 107
77 196
170 208
118 150
80 91
38 215
36 158
35 159
163 178
100 215
27 145
188 206
5 103
16 220
70 127
4 111
217 140
50 207
35 46
94 196
30 194
113 189
75 190
110 142
137 172
137 201
215 103
92 162
36 45
15 92
69 84
31 111
2 120
69 150
37 188
23 59
57 110
8 98
46 163
25 178
55 92
222 135
109 114
68 220
20 165
7 129
97 182
7 224
173 175
21 212
29 200
215 128
83 192
120 158
37 180
51 75
34 165
27 205
132 224
8 100
125 162
224 71
62 175
27 139
66 147
59 73
139 196
0 164
62 170
70 109
71 129
132 211
88 199
101 187
50 175
85 223
27 70
55 211
20 44
154 195
0 50
107 134
100 159
66 70
218 111
12 19
87 219
105 222
220 12
6 97
11 51
124 144
82 180
13 17
102 181
216 37
132 149
34 221
108 170
75 179
69 133
9 200
27 126
218 125
44 53
169 173
19 126
41 166
2 102
0 63
66 131
90 158
84 96
137 209
69 157
20 96
107 210
74 164
211 223
3 94
146 153
76 186
54 123
224 118
25 128
103 208
219 194
34 139
55 94
85 117
117 207
96 215
36 93
218 49
17 101
41 42
118 134
181 186
22 44
85 188
36 198
106 220
84 169
59 221
77 85
24 61
0 38
38 95
96 191
19 138
26 153
88 190
35 122
124 199
174 189
38 174
54 65
65 143
136 186
105 132
57 65
3 6
156 164
88 172
49 199
204 221
41 63
62 195
223 45
41 77
137 195
64 172
106 206
129 138
158 174
152 205
22 146
77 200
92 206
77 193
29 49
25 157
138 175
139 215
34 215
113 167
68 193
70 129
56 120
134 143
173 190
6 140
116 171
125 179
68 146
53 216
202 209
32 151
7 41
79 198
155 170
141 196
223 207
80 114
27 119
71 85
183 217
19 46
82 111
199 203
67 109
131 210
35 95
71 222
33 43
220 148
47 106
224 139
0 139
15 142
56 99
70 145
114 164
87 111
97 193
68 100
23 175
123 178
142 211
53 210
42 195
191 198
31 89
109 137
54 116
24 167
177 190
40 195
51 137
120 138
222 150
86 191
32 156
27 146
6 222
223 79
102 115
105 120
29 85
121 139
107 111
103 222
18 180
19 188
23 29
128 161
127 192
224 115
57 170
36 85
87 183
44 52
91 138
25 70
0 129
76 206
127 193
208 217
47 49
16 25
220 135
28 86
116 213
120 146
18 156
116 160
45 80
32 195
62 102
72 206
10 69
38 115
83 207
128 151
81 162
11 110
119 130
78 105
1 118
163 164
171 207
111 201
1 5
215 114
222 182
106 151
68 154
10 37
106 216
24 158
156 171
121 170
72 140
155 224
220 138
42 167
205 216
59 114
102 175
155 179
84 90
96 200
5 143
42 132
44 128
44 214
8 217
12 177
78 164
4 134
3 175
83 194
124 133
31 193
89 165
74 212
63 149
101 172
34 175
34 74
7 30
36 125
135 206
66 141
65 182
16 160
12 184
41 137
215 118
90 145
56 143
92 177
111 182
10 199
122 221
5 214
97 162
178 206
63 164
58 219
30 197
22 46
31 184
148 218
94 185
113 170
115 170
68 205
98 186
0 76
21 26
40 178
78 80
59 93
129 221
24 70
168 191
45 163
79 193
130 147
222 129
15 170
41 79
50 198
216 88
154 216
102 169
85 218
11 63
20 190
223 189
95 202
121 178
185 187
61 164
80 120
142 172
63 201
218 12
98 120
106 113
148 188
135 172
38 72
219 72
47 135
10 25
209 211
66 181
176 196
35 88
68 199
119 173
51 125
107 215
19 81
41 138
11 194
103 224
85 136
12 104
44 75
43 116
42 178
57 206
40 94
132 192
94 209
4 15
10 92
205 213
95 123
15 146
24 143
219 100
54 101
9 89
98 121
217 213
79 120
217 124
117 158
2 215
72 184
219 196
47 104
33 198
25 48
85 134
102 143
77 177
23 102
108 140
106 116
215 89
224 195
8 152
76 118
25 173
60 108
114 147
44 195
80 99
19 82
34 154
53 99
1 54
51 123
129 147
138 204
29 65
221 134
136 202
93 217
60 197
63 82
221 183
217 202
66 81
15 64
144 195
160 161
219 177
216 137
1 220
145 155
21 122
19 124
47 53
98 177
42 202
62 193
100 171
222 93
77 136
7 135
87 143
110 171
42 82
104 118
42 168
215 120
224 5
95 201
100 146
130 214
139 151
149 177
6 153
62 113
40 107
104 184
123 210
221 113
63 75
221 164
172 199
93 224
107 181
11 99
130 186
222 97
217 211
40 150
83 115
86 220
40 53
216 77
8 16
55 152
184 211
222 34
220 167
78 101
153 209
28 192
13 91
76 178
125 196
20 141
101 208
147 164
6 52
1 38
21 166
50 58
62 110
30 195
215 177
49 179
218 131
67 123
120 127
28 117
70 144
18 59
102 205
6 224
79 176
49 96
123 167
133 178
69 71
81 125
114 195
4 95
67 134
224 48
164 187
27 104
24 159
42 53
17 18
58 169
97 105
12 31
138 179
5 54
98 173
17 185
23 63
222 108
9 128
61 82
63 182
56 190
83 169
12 96
123 180
4 47
101 214
157 222
22 32
180 206
71 187
28 49
39 142
93 137
53 197
89 112
78 82
42 116
115 208
4 133
70 220
107 116
71 177
96 223
217 207
82 127
30 31
63 83
9 176
132 178
83 162
109 223
100 128
40 82
21 66
14 125
62 119
54 155
43 168
82 220
108 115
86 173
79 103
216 161
215 64
94 171
54 103
44 176
136 174
14 16
48 132
110 221
193 205
218 70
44 170
57 172
36 82
6 28
127 149
28 166
136 162
123 183
113 202
34 78
56 183
158 224
148 171
216 175
115 182
4 138
142 207
152 174
0 165
198 213
0 183
71 159
16 20
5 70
14 65
13 83
46 59
10 118
93 212
59 126
169 178
3 63
70 125
15 58
24 194
101 118
219 44
1 95
219 116
96 202
110 113
151 203
169 191
52 219
10 71
105 118
164 201
91 162
33 98
107 223
8 40
150 196
222 109
24 155
147 157
62 99
79 81
222 75
32 104
110 207
69 97
29 117
73 118
145 185
149 166
20 215
98 196
35 84
164 202
53 55
61 195
77 96
156 203
94 110
106 146
59 140
218 84
13 31
61 141
48 164
145 219
14 60
132 191
21 146
2 11
10 82
54 203
223 47
17 116
71 197
111 115
60 217
23 149
152 192
217 138
73 126
140 212
41 173
215 51
38 93
160 210
125 214
222 60
216 148
130 193
163 193
102 180
30 208
35 163
15 111
105 147
66 104
82 93
51 203
0 49
39 155
81 176
15 114
26 181
54 137
108 118
129 212
45 76
79 206
32 221
50 136
44 161
129 176
104 171
21 57
1 86
211 214
219 40
123 145
28 137
110 208
28 208
217 164
71 183
152 191
96 162
108 113
4 152
37 78
221 219
149 215
135 211
8 74
68 196
21 119
25 119
220 56
41 215
105 155
59 71
109 148
24 82
165 203
39 219
64 123
65 215
2 199
215 13
124 219
10 183
42 182
11 154
145 199
68 115
85 196
36 156
85 170
219 185
59 178
64 222
56 133
59 160
97 192
76 136
188 203
61 166
115 192
42 171
122 156
216 25
143 189
68 155
215 93
10 131
72 220
19 106
20 41
169 216
2 198
67 96
56 155
20 143
20 122
111 207
166 200
43 117
177 212
32 60
86 89
4 119
187 213
106 144
4 117
51 108
20 63
11 183
107 136
140 162
216 112
104 138
27 83
16 67
52 197
142 157
54 60
39 161
99 177
144 194
15 144
16 100
216 59
0 123
30 91
45 143
220 172
222 32
76 93
2 157
57 169
98 168
39 164
13 58
62 136
147 202
119 161
135 141
27 120
48 180
45 136
140 211
59 69
219 103
221 16
16 165
95 183
10 201
80 186
76 203
86 147
11 129
90 162
222 209
109 120
163 206
41 204
136 150
55 185
131 202
60 156
89 168
51 62
3 85
83 91
221 199
116 141
12 114
5 55
175 188
14 82
67 94
106 193
106 125
141 165
61 127
40 174
200 219
87 215
5 129
118 141
216 132
60 112
88 224
56 179
45 47
28 85
53 205
60 110
157 168
31 196
72 108
119 135
166 205
196 202
110 174
103 174
97 143
31 191
8 185
123 158
143 208
219 13
81 136
166 178
11 186
59 72
66 118
18 128
38 156
8 61
113 124
191 206
17 132
131 189
66 159
20 149
3 126
54 93
34 60
112 218
84 128
218 162
15 63
0 190
223 213
104 207
103 167
28 116
153 178
149 154
128 201
133 143
36 106
5 21
19 120
30 188
81 185
162 170
50 130
27 192
50 132
2 75
50 113
75 203
8 169
133 185
81 169
15 33
96 157
220 18
125 199
75 116
147 222
73 154
183 204
157 158
23 70
31 146
183 199
146 204
119 148
104 191
56 94
146 178
23 131
186 195
28 169
11 196
58 82
74 93
34 81
96 222
60 117
135 142
19 66
114 146
93 204
186 223
17 150
49 58
110 161
22 25
222 186
71 76
1 178
44 107
14 162
96 209
217 35
76 98
221 99
28 197
37 162
136 175
83 176
1 191
220 100
107 156
60 152
63 92
17 125
58 87
46 155
88 105
0 9
74 157
57 193
88 198
40 66
182 218
177 205
30 73
116 142
188 193
63 198
52 92
131 220
23 90
85 198
13 188
115 135
166 207
79 172
172 184
153 192
35 94
92 103
61 93
45 101
219 18
8 93
125 215
111 170
144 199
206 207
3 194
102 170
98 191
32 138
33 185
64 69
187 219
65 191
52 137
102 212
99 129
64 138
126 158
6 107
12 88
49 156
215 164
80 118
84 108
53 118
66 137
104 140
72 76
118 168
44 129
217 10
73 174
35 222
173 223
129 151
77 131
218 108
24 33
34 179
40 122
0 39
87 140
51 99
114 179
97 106
99 197
191 202
70 163
221 56
102 126
222 172
21 95
85 192
121 212
98 109
28 102
55 64
114 183
123 127
75 191
178 183
224 177
127 161
220 55
106 111
66 190
76 211
76 195
47 166
215 40
146 222
224 189
17 163
188 202
153 197
193 199
3 105
68 88
103 141
164 220
12 48
223 178
106 148
24 211
222 49
82 208
44 188
115 221
14 87
175 212
66 89
222 140
86 171
18 108
13 154
95 150
60 144
0 216
82 105
48 214
77 100
2 45
151 163
17 26
52 61
21 125
64 194
167 193
112 183
31 85
132 197
61 201
41 143
14 33
68 112
78 131
223 4
36 147
67 177
155 180
7 213
32 223
13 45
107 187
125 216
172 211
98 188
78 100
96 181
94 215
67 86
123 207
22 82
3 214
72 105
7 84
81 217
78 186
84 175
9 50
139 214
19 62
110 201
129 189
67 119
71 118
131 215
16 53
130 217
146 170
80 104
123 177
47 197
114 141
36 176
9 160
13 47
216 27
39 199
45 63
13 146
43 187
116 125
52 176
29 57
92 157
28 43
57 121
223 157
68 90
102 129
167 190
185 215
18 58
222 202
6 213
47 117
121 166
126 208
23 127
12 84
220 11
14 193
63 221
5 101
126 135
151 208
99 150
25 122
133 155
186 196
56 169
13 34
217 163
59 163
10 40
5 209
96 154
136 149
88 162
41 100
54 144
80 140
85 154
71 176
10 20
106 163
78 130
5 78
34 135
86 169
34 109
29 89
16 192
104 116
201 211
43 153
215 81
63 120
222 92
25 74
28 112
54 99
87 117
219 168
2 37
78 159
53 89
76 210
96 156
122 137
53 134
54 105
55 84
31 96
62 180
115 199
220 90
105 213
61 100
125 143
35 169
153 195
80 157
2 159
220 62
101 159
18 104
70 182
136 176
223 132
84 205
53 116
121 167
128 129
55 174
100 184
62 144
66 109
42 201
153 194
137 163
30 102
138 199
94 186
98 176
96 224
13 40
166 222
114 158
139 185
8 119
55 154
88 181
13 132
217 144
224 85
106 139
30 96
79 207
217 2
124 163
33 116
40 124
70 187
11 87
47 176
85 106
42 54
197 210
36 184
33 222
93 138
215 19
224 57
97 108
8 182
79 92
72 161
69 184
30 103
71 173
76 168
215 55
165 174
58 89
25 191
98 180
219 135
35 157
75 120
187 209
42 47
189 191
44 179
116 137
42 208
53 137
132 204
75 158
204 208
19 190
91 201
147 180
190 196
95 168
0 105
106 208
20 220
68 186
18 154
39 143
4 74
222 165
79 209
115 148
157 190
78 208
52 119
48 155
74 136
107 143
97 112
4 116
138 156
46 76
111 196
204 219
224 78
98 179
55 128
63 213
218 61
33 41
10 192
92 168
5 130
95 182
85 160
116 129
2 153
64 212
81 106
112 204
6 124
73 193
96 104
101 176
21 178
146 173
48 157
47 48
48 86
6 119
153 196
30 113
186 206
183 209
142 212
44 185
55 200
188 212
174 207
58 198
97 206
14 18
34 162
190 210
3 125
11 124
52 55
124 159
149 220
75 92
75 144
72 194
7 87
78 99
157 201
36 103
19 176
156 198
14 211
88 192
98 124
141 181
18 31
134 219
109 166
75 127
118 151
143 215
0 90
0 136
31 84
41 222
16 130
43 135
223 1
222 169
62 65
80 150
29 100
81 172
141 183
28 128
164 167
18 129
136 196
3 58
219 212
18 194
46 70
65 148
11 206
80 206
71 145
72 185
216 196
145 206
219 123
188 224
130 168
135 187
150 170
67 127
162 212
93 191
167 172
16 157
78 207
82 134
10 61
75 180
110 172
152 214
33 149
80 131
152 163
223 92
97 126
35 125
26 171
24 102
6 118
98 103
0 58
189 198
18 34
22 123
40 117
45 119
114 159
149 156
217 126
56 126
57 126
148 160
74 141
78 184
107 178
17 54
158 212
111 143
204 216
19 26
223 168
27 223
26 203
46 143
19 59
82 177
94 200
95 177
168 200
71 170
59 186
38 223
218 184
69 134
38 224
216 183
184 194
113 214
64 83
21 75
215 174
127 191
47 208
25 49
68 137
217 203
72 208
76 217
67 79
162 220
46 72
50 179
118 179
125 156
111 149
42 204
16 211
105 131
117 166
146 223
74 134
5 173
72 144
96 199
43 194
217 94
63 194
72 102
65 145
100 174
47 146
116 122
46 110
207 208
143 145
24 162
153 171
34 40
169 200
11 39
170 190
61 102
23 117
1 10
201 212
57 113
133 203
73 197
103 123
29 135
34 181
169 214
26 192
4 194
84 147
159 216
98 217
73 148
218 166
224 149
131 183
6 75
119 182
118 216
50 141
93 144
124 176
130 187
53 215
54 91
87 182
151 156
54 131
57 80
32 118
23 32
103 156
223 102
68 89
15 37
148 161
8 138
49 150
223 35
52 139
75 96
80 212
3 201
96 142
28 216
14 189
32 196
107 142
58 196
219 153
77 78
116 178
8 79
222 137
173 186
76 123
145 168
126 188
217 96
68 104
162 179
67 200
60 201
70 116
61 71
49 80
61 106
36 51
215 11
57 68
63 84
3 168
24 152
27 159
8 107
5 124
33 166
180 199
10 93
14 31
76 177
46 117
141 154
11 211
222 44
78 93
59 179
77 202
161 185
62 198
73 82
31 208
108 145
135 188
193 195
202 216
43 104
3 20
79 116
93 199
83 133
220 44
174 220
36 84
119 143
51 222
71 156
83 98
32 42
11 188
218 43
101 180
52 72
165 217
110 185
2 187
62 200
37 224
105 169
17 133
42 85
183 202
22 67
151 197
40 223
6 23
87 118
175 208
94 128
137 194
27 86
122 169
107 197
64 155
212 218
118 160
14 43
132 140
74 130
43 49
141 150
80 179
14 80
9 25
59 188
65 181
224 94
120 176
72 223
64 66
56 71
59 60
36 150
175 211
145 156
94 199
165 215
16 199
46 113
16 185
99 218
23 155
54 108
59 70
218 118
101 189
107 176
68 221
22 64
1 79
67 180
31 55
141 179
101 120
25 136
69 187
67 84
36 133
218 215
112 131
136 223
10 124
143 180
26 204
4 173
138 141
192 195
104 157
113 175
14 58
140 165
8 95
130 167
34 39
146 177
21 137
18 45
99 101
112 186
199 207
63 199
155 216
60 103
100 181
101 162
112 203
82 85
94 164
46 194
137 175
87 134
143 164
172 179
15 159
223 17
216 84
94 222
6 146
20 43
18 141
87 124
128 219
19 193
44 165
22 129
129 174
15 46
69 132
48 181
80 149
40 126
19 183
118 136
126 154
19 28
71 210
30 48
58 166
57 125
67 110
65 204
24 205
107 123
135 155
48 125
110 128
116 156
65 205
180 210
45 125
8 155
12 147
157 176
215 137
59 211
108 158
70 167
3 71
13 121
121 134
127 142
3 60
91 98
147 198
21 167
32 182
56 113
25 205
135 180
86 152
181 194
221 24
185 197
37 195
8 174
63 172
129 160
216 67
218 174
16 125
2 32
12 186
25 40
222 117
70 207
56 125
20 219
162 206
45 151
217 139
15 96
23 156
110 155
223 20
121 172
136 178
181 200
95 162
135 156
46 87
20 101
13 187
179 205
45 66
104 137
53 100
114 217
58 90
33 49
14 35
219 125
45 134
44 58
84 195
109 131
111 136
155 209
75 174
100 218
41 94
51 157
114 216
54 179
10 152
40 98
91 123
108 135
66 211
36 40
51 144
54 182
50 147
215 224
30 196
78 85
20 168
17 81
54 98
57 184
29 133
42 197
162 198
170 205
105 163
18 149
82 187
35 78
190 212
4 115
38 194
68 75
222 26
154 156
16 144
215 1
55 151
3 55
46 55
123 169
36 44
156 178
94 102
165 201
95 154
60 175
145 214
47 212
31 169
24 79
28 174
76 112
110 137
220 34
67 130
55 209
5 189
221 109
25 28
140 181
0 77
44 106
51 130
92 219
24 188
221 45
38 85
52 184
157 215
159 179
47 74
53 163
39 146
44 70
23 150
117 197
3 5
69 121
30 156
96 137
62 221
13 217
48 80
115 178
2 3
59 88
150 163
14 90
135 176
4 206
24 140
133 181
62 149
122 140
81 119
215 216
18 66
103 173
218 39
223 6
0 41
24 137
140 150
44 71
2 127
62 184
39 125
30 172
49 131
26 161
29 81
177 213
123 156
141 202
1 221
39 131
219 114
96 123
145 167
118 189
32 142
78 175
219 35
132 146
13 75
96 180
21 215
154 160
2 209
147 176
95 99
43 97
60 96
39 93
207 214
62 206
150 212
10 44
47 171
224 99
70 192
105 204
94 168
10 101
160 206
26 216
33 117
34 201
127 223
39 96
80 88
156 180
149 150
103 193
20 126
220 197
56 166
9 55
172 186
134 152
100 166
29 90
27 171
111 130
76 213
28 94
2 177
34 67
97 171
105 167
35 63
126 166
18 107
2 18
54 133
121 190
158 160
126 177
39 149
144 201
22 71
9 21
21 197
30 125
70 110
49 191
9 66
58 146
53 86
10 175
101 211
151 220
136 139
17 110
12 162
16 50
59 205
215 146
157 198
85 146
48 189
21 38
58 175
69 174
53 164
29 172
218 102
23 37
40 214
135 177
71 109
162 201
29 164
137 220
39 41
11 175
25 39
109 161
214 215
39 107
111 133
37 120
46 95
128 196
85 157
66 140
151 154
21 143
138 176
129 182
30 74
31 160
16 163
88 109
220 0
23 67
47 79
142 198
121 209
119 144
217 198
36 88
62 70
83 185
37 114
76 189
93 195
45 139
6 13
92 176
35 142
16 81
183 224
169 197
42 83
186 205
220 97
10 130
32 53
76 201
6 219
148 185
10 196
146 182
210 211
105 172
10 140
17 173
47 118
128 168
11 60
220 122
58 76
48 178
181 216
67 100
19 177
134 162
73 77
63 111
70 159
36 197
10 222
29 62
60 204
18 217
30 164
151 178
72 180
114 224
70 195
190 220
15 176
126 191
35 221
6 51
18 124
9 71
45 212
65 83
220 111
63 168
72 149
30 86
217 184
93 166
17 77
85 185
85 167
8 147
202 221
35 73
50 184
34 130
60 120
105 199
19 181
83 85
56 193
216 16
22 134
47 158
195 210
12 56
219 115
17 22
150 183
118 174
103 170
72 165
63 79
3 97
116 133
48 96
20 29
14 136
65 72
14 183
4 141
152 219
28 126
22 116
81 112
167 201
81 96
146 155
2 207
12 160
20 180
122 187
10 163
52 68
35 197
215 75
60 148
41 206
123 124
109 216
133 149
31 42
91 94
39 206
53 119
65 218
70 174
79 138
148 208
41 141
136 203
11 56
129 132
217 20
33 196
24 97
31 145
31 197
209 213
150 190
215 22
164 206
221 66
132 133
5 87
52 65
120 121
49 108
112 159
96 106
21 142
161 169
62 147
55 73
42 93
114 173
41 44
222 213
167 216
171 201
50 74
76 134
222 203
174 205
14 61
8 207
208 224
88 175
14 180
224 192
195 218
1 166
26 135
173 194
169 206
125 213
21 116
220 102
79 167
35 152
31 115
75 154
26 108
66 145
2 117
138 178
7 220
87 187
18 94
2 8
118 167
57 166
75 152
44 206
29 30
24 165
78 199
131 191
67 144
50 94
62 141
21 130
115 188
122 142
49 83
72 160
97 120
26 90
52 171
77 195
75 88
161 197
46 135
222 163
68 120
93 173
50 190
76 109
22 135
38 143
220 121
166 173
88 202
156 216
27 90
216 75
22 203
63 136
32 200
114 143
4 166
37 150
33 206
154 199
53 129
46 139
108 171
33 217
139 141
177 210
7 145
31 83
11 61
224 61
6 49
67 120
167 207
48 209
171 217
88 204
68 224
81 173
49 118
69 122
32 220
12 74
8 25
89 95
5 121
27 87
68 84
178 199
57 112
48 89
11 158
123 193
107 117
49 103
27 132
41 54
127 134
75 178
122 143
39 187
70 114
218 147
31 167
52 62
155 158
122 151
130 146
21 165
224 106
68 118
221 173
222 39
34 218
33 136
97 174
148 178
19 48
9 31
217 206
0 32
143 176
220 144
8 218
56 75
103 177
184 190
31 166
46 176
80 84
113 190
13 143
154 189
168 217
163 180
24 93
218 133
144 149
5 37
221 116
75 198
142 182
30 220
123 184
28 203
223 128
17 46
107 114
48 60
102 219
25 79
186 189
15 169
192 206
19 209
100 143
116 149
87 221
73 121
132 203
84 188
222 18
77 158
47 190
3 220
217 48
166 203
97 160
24 91
20 148
133 141
94 141
222 42
19 32
76 165
103 171
25 180
25 34
4 212
2 4
31 155
27 168
7 212
0 48
51 195
73 217
10 132
29 217
156 184
65 160
30 217
63 154
99 137
106 189
25 105
1 187
114 171
108 128
139 205
218 210
56 121
86 202
35 127
22 144
108 153
69 205
53 148
145 189
103 136
183 196
216 17
203 207
11 81
55 178
68 116
105 110
184 191
64 71
217 179
0 204
157 175
34 99
40 58
53 173
7 160
19 201
89 124
131 148
166 167
11 126
127 151
13 50
91 106
203 212
33 223
7 37
2 189
61 221
152 187
21 103
62 159
85 90
58 72
21 61
50 128
74 160
20 24
163 207
70 78
166 196
176 189
76 125
137 138
88 221
85 220
101 147
48 216
89 146
98 213
66 206
220 186
45 126
28 37
221 55
33 205
90 140
38 108
49 147
55 159
144 207
68 181
98 105
48 54
88 92
75 136
21 196
47 210
36 69
180 194
98 138
7 209
141 204
26 42
79 90
19 115
112 136
24 48
108 150
30 139
56 191
87 150
82 176
111 187
57 202
223 25
159 203
12 61
15 166
187 220
75 94
120 216
4 137
73 205
143 158
162 211
28 68
81 101
124 173
37 175
130 136
55 85
79 88
20 67
162 217
18 160
16 83
221 54
50 145
219 70
95 103
177 201
36 94
28 154
11 114
190 199
72 73
11 78
65 142
5 154
21 187
21 177
45 79
224 27
54 147
100 194
89 117
77 168
125 170
176 178
140 193
27 80
161 213
66 127
5 115
69 153
120 168
99 195
83 195
36 109
1 109
41 185
49 78
53 87
45 86
82 113
221 184
45 158
6 18
121 198
14 214
15 130
121 199
217 196
5 200
68 185
154 181
27 95
37 154
146 186
93 177
23 49
62 96
108 188
77 138
122 167
25 201
108 184
115 163
166 214
215 109
215 112
152 167
105 168
5 170
26 86
2 86
79 136
122 123
100 167
60 90
91 194
62 192
2 171
0 56
82 117
26 57
84 193
10 171
153 201
10 208
191 192
85 190
7 91
131 197
162 197
83 209
216 55
32 189
38 213
73 134
97 157
148 211
51 186
97 211
85 141
132 167
46 124
224 116
11 44
180 190
129 209
39 110
30 117
135 150
108 193
194 206
89 90
92 180
191 214
3 91
95 207
84 142
222 158
11 22
65 131
108 210
7 15
171 179
28 170
215 111
42 206
103 206
21 70
217 51
43 88
56 222
58 80
25 215
20 214
20 185
129 156
30 65
133 195
63 192
24 181
77 124
11 156
57 73
35 147
124 129
110 111
122 164
96 172
171 194
90 169
19 195
101 124
107 109
65 197
80 160
11 85
8 180
140 192
217 120
16 156
132 137
55 164
119 136
220 108
221 158
20 170
96 128
50 204
77 123
57 216
81 189
53 192
2 146
120 214
117 145
13 62
27 184
24 26
17 95
22 92
139 187
50 206
55 194
3 170
104 189
65 152
170 193
118 214
11 43
114 152
50 83
173 215
155 189
142 154
2 78
174 187
4 83
19 109
154 212
66 84
13 36
53 59
66 171
125 153
57 58
28 183
20 204
215 151
126 136
16 31
59 220
45 149
112 165
39 126
25 193
3 14
150 169
14 67
171 196
64 147
86 130
67 163
49 196
84 185
180 181
1 203
85 118
1 133
149 182
76 144
208 218
7 105
105 164
11 122
14 135
143 168
172 200
40 201
81 114
48 61
97 145
64 111
119 195
41 162
17 70
9 162
99 117
75 200
223 135
182 198
11 181
138 168
136 181
76 138
61 79
219 211
53 83
112 160
20 196
88 201
21 172
46 196
69 95
7 59
92 118
22 126
23 196
35 112
217 111
79 190
130 143
37 51
140 157
67 81
74 137
41 124
71 114
52 162
102 127
217 101
48 129
24 214
44 126
19 51
38 172
43 178
5 36
80 127
216 188
54 119
52 159
132 155
46 195
36 170
47 185
82 224
84 178
194 195
48 158
13 203
60 80
158 170
26 149
18 75
6 217
97 111
126 127
216 85
222 218
62 172
216 219
8 60
167 208
2 143
99 213
220 124
62 140
26 202
3 110
109 119
1 140
131 132
71 202
167 194
41 84
38 111
9 156
35 58
144 206
222 53
2 180
31 195
84 209
178 215
19 73
90 98
0 86
79 163
122 132
57 215
67 73
23 93
162 200
113 139
71 178
13 182
159 184
95 139
27 201
35 47
112 191
67 147
62 76
69 119
112 195
91 131
220 117
33 135
125 208
185 211
2 144
157 211
112 214
110 209
32 137
95 220
192 221
8 43
65 111
220 129
121 161
22 90
157 160
126 192
84 181
133 187
39 147
13 117
111 193
28 55
27 75
75 153
170 207
136 158
1 2
103 117
157 220
106 201
204 206
97 135
52 89
121 145
40 183
72 125
9 53
33 89
140 168
109 130
13 28
44 90
189 221
158 172
132 180
215 84
86 208
44 201
221 104
215 52
170 191
50 217
87 186
130 181
80 108
22 88
11 155
77 209
66 184
66 175
90 101
211 222
148 167
23 152
48 126
60 78
68 174
14 213
99 114
11 160
158 182
108 156
16 19
125 149
15 209
62 104
60 188
192 216
98 175
140 186
77 159
65 126
139 223
123 153
84 109
47 69
151 202
30 205
58 164
132 190
216 158
48 65
68 87
69 186
88 211
11 173
84 217
113 133
0 2
97 131
147 163
69 73
106 162
154 155
3 81
78 154
117 155
29 108
72 178
45 137
56 67
216 211
169 181
203 214
19 100
15 65
18 133
97 215
118 149
182 212
97 133
223 116
20 46
19 142
1 113
74 116
110 120
223 204
75 100
51 87
18 37
150 193
132 195
221 100
223 160
36 139
48 74
218 89
48 170
88 143
36 177
70 179
75 173
60 168
148 197
91 101
31 209
72 106
80 137
147 212
5 106
49 183
68 124
34 217
25 130
218 30
208 211
58 189
43 171
85 207
219 163
24 168
1 83
40 97
71 155
11 106
10 153
165 220
138 164
218 186
170 195
28 62
39 44
139 181
119 223
11 84
164 213
22 170
97 104
95 160
22 163
93 161
96 119
161 170
80 124
201 207
34 79
124 157
118 199
30 166
91 92
93 179
88 132
132 218
12 53
201 219
90 172
1 176
142 197
131 167
15 179
162 182
61 202
60 127
14 133
144 211
70 117
39 91
145 179
138 165
70 168
221 21
177 214
32 191
79 89
57 81
2 95
219 1
44 210
17 120
159 221
23 183
66 164
104 173
140 215
145 165
35 38
79 113
71 175
127 143
61 208
157 213
27 172
122 170
48 93
94 95
128 147
46 112
5 114
170 176
137 210
16 76
72 74
97 208
171 197
137 147
49 184
31 199
32 94
11 105
57 183
141 218
137 164
111 144
12 58
221 180
53 93
124 171
21 126
12 82
12 122
218 53
38 97
154 178
57 97
190 219
96 139
112 166
13 211
151 177
149 201
79 106
72 150
75 126
37 141
138 213
87 220
7 170
214 216
39 116
156 166
25 212
61 107
119 123
217 75
111 167
215 129
76 162
18 65
3 56
13 166
85 179
20 90
173 217
14 197
95 148
128 189
27 30
74 105
77 206
85 95
26 112
18 224
220 24
69 120
40 163
144 216
93 97
121 140
24 43
31 33
90 182
39 203
208 222
18 41
73 166
105 121
224 59
119 152
100 205
23 26
49 91
90 171
35 215
79 171
113 173
81 120
16 120
71 75
195 203
195 204
2 161
79 191
24 87
7 178
89 216
27 182
9 195
6 114
4 60
30 51
18 114
159 162
86 194
67 87
69 199
98 143
181 221
35 179
37 137
212 221
6 106
193 196
161 199
123 172
9 20
15 132
1 117
133 219
220 118
34 125
16 56
218 31
154 222
222 67
30 123
44 218
164 184
217 154
17 141
95 113
61 66
64 112
70 180
19 157
114 177
8 17
40 102
157 188
38 169
70 95
168 215
117 122
59 223
8 150
179 191
112 132
13 66
61 189
130 141
32 39
5 18
12 131
156 192
221 2
30 71
220 28
89 100
196 200
76 90
42 118
220 89
94 154
46 90
129 178
216 35
69 110
6 45
79 96
23 124
8 32
134 187
166 175
64 120
27 103
147 159
36 68
183 187
96 112
117 194
38 40
46 144
44 100
9 52
44 81
75 131
177 180
32 204
68 82
99 108
14 83
13 159
16 72
12 111
71 140
21 207
62 209
223 129
10 77
59 133
30 33
217 113
207 210
18 176
34 195
2 182
222 173
83 111
219 91
71 122
20 94
35 190
132 213
89 125
125 150
131 169
51 131
92 96
126 142
69 160
28 110
118 139
221 143
33 52
224 17
119 189
105 223
97 147
84 95
50 65
52 163
20 162
98 212
72 95
67 116
38 180
27 94
42 190
16 47
37 126
34 169
79 203
86 138
22 24
65 122
216 217
118 221
90 130
139 153
68 95
38 219
25 186
54 201
138 167
25 147
3 191
36 218
140 160
205 220
159 190
69 93
89 188
182 211
1 61
41 191
43 173
98 114
162 177
120 178
63 72
71 124
55 195
20 222
60 75
34 190
38 55
14 32
108 173
111 128
119 199
43 82
93 115
70 128
145 215
135 205
60 151
25 204
60 210
171 193
49 109
161 167
48 183
16 61
107 184
224 77
121 201
44 135
8 149
15 191
100 155
21 32
127 153
221 38
41 156
13 177
63 207
44 108
223 148
47 68
58 139
27 79
82 162
83 102
131 206
11 38
77 201
70 120
40 103
56 86
38 49
224 222
89 104
14 192
116 170
102 124
140 219
54 78
64 105
101 198
48 142
97 191
8 157
83 163
34 209
172 175
65 67
3 108
95 133
112 145
4 22
216 134
218 179
52 148
81 208
23 180
222 136
112 180
4 164
59 82
68 165
99 187
62 161
80 135
113 125
56 223
156 212
68 130
144 191
66 218
50 177
95 126
118 164
41 199
125 200
95 196
41 177
63 135
222 38
71 141
182 202
98 106
149 221
18 60
45 46
195 222
159 170
152 221
13 135
187 214
134 198
146 216
153 163
82 219
45 49
55 87
110 223
19 221
108 207
185 221
137 155
51 92
145 177
12 20
120 199
44 59
43 214
1 163
17 85
171 176
8 203
52 142
21 85
113 194
30 171
107 138
44 198
102 121
220 163
112 176
51 202
164 168
82 114
121 136
164 177
93 152
23 103
129 166
84 214
4 209
222 138
87 171
74 98
95 166
49 71
97 165
111 206
221 117
25 92
118 193
28 103
30 179
29 31
221 12
4 35
112 211
144 224
100 185
24 54
125 154
181 209
63 197
107 115
2 151
133 137
15 73
64 174
186 211
55 184
102 153
217 68
28 205
86 221
49 143
44 66
124 169
109 196
90 92
159 219
1 171
96 147
37 112
38 98
121 183
13 52
60 157
46 118
62 88
5 88
3 161
41 65
23 46
127 154
52 97
136 160
27 39
112 173
32 92
101 117
31 221
5 222
219 88
150 208
36 56
169 199
18 55
167 206
140 204
12 144
39 88
57 218
20 49
17 207
167 199
147 152
48 162
182 224
189 192
51 129
64 171
27 202
158 205
64 164
3 99
110 119
79 216
144 205
107 198
217 38
113 171
11 71
40 189
1 199
62 108
4 222
66 112
56 101
85 100
11 133
54 115
77 163
44 159
32 91
15 80
149 193
27 52
222 183
15 199
40 57
21 145
222 95
48 82
118 207
58 73
116 175
117 188
7 55
73 182
141 162
5 65
157 163
78 160
12 180
76 97
82 135
64 96
1 139
17 140
154 159
6 12
36 182
175 202
155 220
103 186
223 104
120 198
75 202
15 189
90 146
216 201
172 194
101 224
78 112
221 172
94 202
196 208
5 133
56 203
111 169
216 49
12 49
102 152
58 178
165 168
119 188
44 132
149 155
48 185
150 220
26 104
131 143
48 90
65 184
10 198
52 117
221 44
119 200
17 180
58 193
98 162
79 157
15 190
99 215
62 165
88 200
31 143
125 189
64 78
222 156
175 198
220 212
67 183
172 191
105 184
65 136
99 145
5 160
78 218
135 184
100 203
170 187
21 182
101 113
174 180
49 86
39 80
223 5
88 212
150 189
24 144
130 202
134 142
47 131
217 44
83 222
50 171
22 164
53 208
8 121
223 94
139 173
27 190
43 220
92 94
59 196
44 207
34 155
102 133
154 190
79 83
46 177
141 182
114 213
45 177
33 95
190 208
78 138
37 130
59 66
162 202
38 155
17 117
161 208
88 188
94 98
4 190
37 196
39 144
77 89
12 109
81 109
45 107
22 53
109 194
101 203
92 193
50 134
68 92
35 48
4 78
215 5
71 171
140 174
56 198
23 132
2 6
6 43
34 224
74 112
158 215
76 153
105 196
64 98
0 168
157 219
148 217
47 178
55 208
9 14
52 194
137 158
222 82
101 161
224 30
2 13
151 212
51 121
88 197
5 135
158 173
66 94
11 145
60 206
108 192
142 164
11 41
69 98
0 187
11 104
156 224
4 17
83 156
168 186
91 195
54 202
184 205
92 134
15 192
68 94
26 30
