17 53
33 43
12 40
40 45
8 58
32 58
22 50
6 26
24 42
2 63
34 69
31 48
4 14
3 11
16 45
19 69
14 47
19 31
26 69
29 50
69 37
42 62
0 63
3 6
11 42
28 48
22 39
10 30
7 41
35 50
38 43
3 31
5 49
19 49
63 65
12 57
33 47
22 43
22 36
47 62
4 35
9 40
44 52
69 15
7 63
12 33
2 33
3 40
40 47
2 56
1 22
54 66
4 46
10 27
29 43
25 60
31 42
12 45
35 61
68 47
27 30
34 45
12 44
36 60
43 49
5 54
31 32
48 60
69 63
38 63
12 39
8 22
13 42
3 23
31 47
67 69
47 60
0 23
3 37
5 52
18 67
7 69
35 53
16 55
41 54
69 58
15 64
59 60
12 30
45 59
23 57
39 46
33 36
29 42
57 66
17 27
25 28
24 67
10 66
57 63
20 52
9 51
46 62
44 48
43 48
42 56
31 57
11 49
40 69
38 52
68 26
17 44
7 9
41 58
12 29
32 62
18 42
52 54
38 41
43 56
3 63
0 45
68 22
68 57
38 51
8 17
28 35
17 49
53 66
30 69
14 21
17 36
33 56
11 55
19 65
1 47
39 65
18 28
0 58
1 13
45 53
25 42
8 27
40 55
42 51
7 47
9 39
34 43
30 67
48 67
22 58
28 44
32 44
66 68
19 62
26 42
45 48
23 25
8 52
5 29
8 65
32 63
16 48
45 69
10 17
26 62
1 17
68 2
15 42
6 41
34 40
60 63
7 37
42 66
13 62
24 55
17 25
0 48
15 35
39 45
10 47
23 29
69 59
27 66
15 41
10 23
7 49
18 62
10 56
27 39
4 53
69 6
38 47
6 32
15 28
7 46
46 48
34 56
29 63
31 36
33 58
28 36
16 18
9 26
0 16
41 44
2 26
23 38
41 52
22 61
3 42
5 28
27 44
26 32
31 40
61 65
21 28
5 44
27 51
69 28
49 64
19 41
2 7
3 48
42 53
32 65
20 26
36 59
30 65
53 55
61 67
62 68
45 58
0 32
46 52
41 66
4 68
45 65
68 59
40 51
48 58
35 42
10 61
36 68
54 58
5 25
13 24
1 42
44 65
21 35
5 31
23 27
6 42
25 31
68 50
2 45
33 37
45 56
