19 20
10 59
45 69
12 21
0 12
7 52
0 52
9 41
25 30
20 23
18 28
69 63
14 41
9 34
50 66
24 39
16 59
11 54
21 39
32 53
29 57
3 18
28 48
38 52
26 43
20 22
20 24
40 65
26 34
26 55
13 63
2 57
24 59
40 55
4 67
20 44
19 22
18 24
68 26
1 28
6 7
14 25
27 59
36 46
22 25
8 55
43 45
2 21
5 14
40 51
18 31
24 65
24 29
0 34
14 18
46 49
37 48
17 27
31 64
12 54
16 41
24 55
10 13
68 64
36 69
52 58
18 45
19 33
27 38
6 27
53 58
36 42
7 63
12 36
44 63
31 43
29 50
68 30
0 26
59 63
5 64
14 29
32 56
68 63
18 69
12 59
2 33
3 38
40 50
40 43
47 61
8 52
45 59
7 36
19 41
9 25
24 60
4 21
61 62
68 62
48 57
55 60
15 40
20 58
17 31
50 51
36 51
3 4
62 69
68 57
48 65
13 44
38 67
62 64
17 25
24 63
44 61
9 56
4 33
33 35
2 3
39 64
27 30
12 64
5 54
14 52
44 68
42 52
6 9
15 30
29 46
3 23
17 59
69 46
14 45
31 32
26 59
0 36
27 31
11 13
3 45
37 53
4 49
2 54
61 66
9 58
21 60
4 24
4 56
32 51
37 62
42 56
16 69
36 68
36 55
25 29
