33 73
3 14
25 46
47 67
28 37
2 61
43 77
19 46
33 53
17 20
31 37
42 64
33 75
17 65
0 11
5 65
1 24
65 74
15 24
33 57
5 7
78 69
34 35
24 57
5 33
24 56
2 4
8 52
12 47
57 70
51 59
2 14
79 11
9 78
7 23
25 37
33 35
79 46
68 71
54 56
3 28
40 68
10 37
79 53
13 17
7 14
23 55
2 54
39 71
32 41
29 63
55 72
56 69
0 26
10 62
53 58
7 49
34 39
43 59
53 66
30 43
16 52
42 53
13 33
22 47
10 60
13 25
19 47
13 63
13 58
45 54
52 71
1 46
53 61
10 13
14 43
49 59
19 72
41 67
20 70
60 71
57 68
34 68
28 50
27 34
6 26
18 46
5 16
21 46
8 40
19 56
10 68
67 68
69 79
32 79
8 10
16 71
56 65
31 49
25 31
42 46
20 35
6 37
35 62
59 61
8 16
18 79
63 68
23 45
37 64
16 35
78 54
38 71
51 61
54 71
79 68
37 71
5 55
44 55
79 65
20 30
18 29
37 42
21 40
24 25
2 48
33 59
22 42
5 12
30 61
10 71
6 47
16 33
49 61
21 61
73 75
19 59
78 42
69 74
19 65
32 67
46 59
4 49
20 50
5 43
34 43
5 37
21 42
1 67
17 21
63 69
29 40
3 51
24 54
41 76
46 53
37 74
16 77
25 38
44 46
57 65
51 75
9 73
56 60
16 72
47 69
11 14
