43 61
17 134
6 121
212 101
36 133
188 214
38 81
67 103
59 73
127 204
223 213
103 113
0 82
45 48
50 152
13 45
181 190
82 97
22 134
12 89
178 213
42 110
12 39
21 44
158 179
62 220
23 93
26 179
218 207
32 224
85 133
96 137
134 205
5 141
25 194
181 185
38 83
8 54
2 202
11 63
16 113
33 103
41 78
20 190
52 159
16 29
46 211
83 201
54 144
80 209
219 18
146 155
109 125
76 192
76 104
220 137
73 212
96 197
74 170
25 40
45 159
26 88
97 125
13 29
66 121
113 162
191 194
25 35
176 196
45 77
65 140
42 104
112 208
89 208
72 152
218 137
159 206
66 161
172 212
32 136
18 47
216 73
10 193
90 221
9 124
74 152
120 145
220 92
17 109
156 224
4 46
2 125
51 157
2 166
70 179
211 105
20 131
23 81
74 122
123 136
112 149
133 204
31 184
72 149
221 130
32 45
52 111
131 214
220 105
10 207
213 7
31 48
221 89
117 135
98 118
213 196
21 187
23 218
42 185
222 201
201 4
206 22
129 165
91 217
208 144
26 140
222 25
31 98
214 194
151 157
190 192
4 112
137 180
130 201
16 56
3 208
60 180
10 181
119 206
27 110
102 141
219 17
2 34
15 176
204 53
149 159
51 147
117 127
55 117
9 37
30 207
50 184
83 211
170 224
208 84
30 137
75 109
157 182
19 116
172 177
123 142
116 151
7 55
5 195
17 143
85 166
156 169
40 88
110 195
107 148
106 173
28 110
68 154
95 204
47 86
209 16
23 104
91 186
98 153
159 201
42 171
91 119
112 182
68 138
60 64
92 218
201 113
54 166
123 174
221 191
209 43
8 116
11 16
20 99
111 149
150 175
33 208
113 159
88 189
11 140
17 107
4 11
129 162
63 120
2 25
12 18
22 77
109 223
204 37
67 110
142 208
204 131
96 207
19 92
205 71
37 117
98 133
73 77
216 158
205 87
133 215
2 73
224 44
222 157
59 148
38 114
15 147
65 210
26 158
89 94
16 129
221 108
29 217
71 106
20 74
4 16
4 184
85 178
9 24
220 208
57 153
182 196
140 201
141 143
11 193
63 114
115 124
149 151
223 111
36 187
173 186
10 96
213 173
6 152
168 209
212 51
93 160
27 178
100 146
14 143
79 165
39 220
36 105
58 111
10 156
211 96
33 167
88 140
224 164
68 220
2 64
64 110
145 204
30 185
73 102
11 205
84 143
78 119
34 174
204 179
65 175
64 82
47 215
217 98
76 120
78 189
76 138
55 94
223 172
131 162
175 179
36 211
170 181
217 109
97 179
44 83
97 99
33 154
117 177
109 206
117 175
50 55
57 150
66 216
25 173
78 147
59 195
20 157
8 106
3 99
217 160
48 194
48 54
141 202
71 100
20 165
132 133
67 157
112 131
56 134
89 184
67 108
168 222
16 127
209 152
203 6
41 185
97 139
202 46
33 126
96 201
95 107
210 69
82 188
13 121
26 107
29 74
6 65
119 182
211 67
224 137
21 117
9 98
203 143
67 104
34 63
127 150
35 43
165 211
211 43
100 149
71 160
209 179
16 173
53 112
223 29
207 209
209 102
136 190
207 50
53 127
35 188
69 171
88 164
27 168
28 137
206 146
69 202
67 218
24 107
133 149
17 21
107 149
224 158
27 103
138 161
11 167
16 86
2 214
24 175
130 208
112 193
202 58
135 155
22 164
42 118
138 174
106 217
120 157
108 214
206 76
23 195
39 156
77 129
146 217
65 188
92 136
140 219
82 198
102 190
108 140
216 52
129 140
106 136
55 174
98 148
200 90
84 174
112 145
18 176
217 194
43 87
21 176
120 128
52 59
170 208
43 89
215 167
47 170
74 164
24 194
114 148
9 34
89 217
48 164
67 155
155 179
107 192
136 168
187 188
212 190
72 103
180 188
24 169
74 106
204 23
202 13
44 109
105 150
201 33
172 190
9 69
58 186
88 152
213 115
15 97
60 203
10 57
24 57
9 155
42 167
15 132
162 210
214 114
84 172
71 147
54 117
75 93
221 159
84 120
207 191
11 160
21 224
78 223
102 114
112 163
213 52
90 163
35 39
82 171
5 22
176 205
116 164
118 202
47 84
51 75
223 93
47 150
23 108
60 164
201 31
73 217
11 199
215 163
220 126
19 220
125 140
37 77
23 55
81 147
36 198
4 81
129 186
47 169
16 145
14 20
217 28
165 219
3 158
92 109
178 223
186 218
149 168
64 146
113 123
171 172
12 60
83 140
1 7
223 30
117 132
95 147
127 167
121 206
212 84
163 167
26 101
18 111
223 168
81 84
60 152
173 211
25 101
119 165
217 49
35 46
53 214
57 120
59 101
98 182
78 87
26 74
40 52
199 214
61 99
30 157
222 91
46 119
29 177
210 62
73 128
40 86
60 79
40 101
14 82
145 191
4 120
123 224
138 206
38 145
205 156
82 101
36 162
7 67
46 175
101 102
10 198
34 61
212 78
21 183
218 115
29 77
96 116
216 218
24 218
37 109
85 196
86 216
81 94
53 77
53 162
212 115
137 172
8 86
29 75
62 167
28 152
95 157
8 39
99 128
8 113
201 19
205 121
45 218
99 188
13 217
30 41
134 215
43 117
206 172
156 191
3 23
15 173
224 130
110 153
54 153
15 209
156 166
110 165
139 163
210 20
43 57
214 34
118 128
134 210
35 173
56 73
51 178
35 171
40 199
70 76
57 126
25 185
105 185
69 79
58 213
121 181
3 61
77 190
1 214
1 222
84 96
144 223
16 122
124 213
3 80
44 211
143 161
207 179
119 221
71 193
138 152
84 173
87 105
63 150
141 183
17 175
207 143
51 72
84 179
0 71
133 201
219 155
104 223
81 223
18 22
86 155
57 185
156 193
104 199
110 135
60 163
102 160
5 109
60 187
216 147
6 72
125 129
97 124
204 149
12 58
54 206
92 124
219 104
10 52
30 38
202 223
219 24
92 158
130 141
152 194
115 198
219 160
213 119
210 161
202 65
21 83
13 148
124 183
213 120
120 216
212 50
60 141
35 137
150 222
52 77
26 45
7 145
23 156
0 213
143 178
96 143
224 216
76 87
216 15
53 97
48 49
28 95
3 48
48 219
221 190
4 158
82 88
87 106
23 53
51 194
220 134
102 117
203 196
115 176
223 153
71 207
18 220
41 204
51 124
4 185
4 137
161 193
5 14
34 217
19 193
26 150
130 133
167 208
133 189
124 176
88 137
70 125
36 74
51 204
41 46
46 84
45 145
6 11
20 68
195 215
47 204
179 188
223 167
54 143
213 160
54 128
208 58
85 118
195 205
133 145
192 202
121 194
76 204
49 195
41 139
37 80
13 26
217 54
100 169
39 52
85 110
144 174
50 122
36 69
214 79
36 189
82 126
23 27
149 167
219 4
159 184
100 221
224 28
107 215
75 196
45 139
31 52
87 206
65 170
205 135
17 103
163 206
51 89
70 148
11 45
58 90
93 179
126 137
33 184
23 29
33 70
214 37
141 153
218 6
75 151
216 180
94 103
63 96
20 125
3 141
2 39
47 66
69 127
38 42
10 19
74 139
53 83
29 185
145 214
222 176
210 184
1 216
217 27
67 138
99 100
134 183
24 153
64 107
65 67
33 74
211 68
204 11
151 170
24 129
216 117
80 161
83 121
224 200
63 222
92 117
103 197
17 38
106 146
219 125
19 76
32 83
61 97
65 87
44 95
72 116
151 165
38 172
219 9
220 88
18 197
63 192
13 51
40 47
110 190
213 47
127 149
140 141
188 200
32 207
79 133
3 114
155 165
8 9
159 180
128 221
215 123
200 152
109 145
42 92
6 45
166 181
214 163
84 146
74 101
105 114
64 79
81 215
40 131
206 98
107 127
97 217
11 180
109 140
4 72
20 54
40 155
45 53
133 140
212 166
224 185
83 208
193 196
175 176
2 201
50 96
208 82
92 141
147 171
67 114
121 163
47 97
39 213
111 167
190 197
167 183
13 94
202 92
181 184
77 205
212 62
200 179
19 96
110 128
65 66
8 99
71 189
48 58
0 128
156 199
223 94
10 141
98 202
126 197
68 171
120 130
7 25
202 83
222 111
164 191
30 211
98 159
86 142
144 168
44 70
13 47
157 192
15 61
13 90
51 98
73 132
191 192
147 195
26 96
68 74
100 104
29 32
204 26
123 206
134 156
84 216
7 122
129 196
15 38
119 161
176 179
16 60
205 50
12 66
50 186
90 104
47 172
108 174
104 108
13 59
26 172
129 222
57 132
21 194
213 168
77 169
143 222
42 101
19 25
23 111
210 204
31 34
72 218
89 106
60 118
7 57
43 82
29 146
11 107
9 111
31 195
63 132
90 107
140 182
41 145
31 112
137 194
11 166
202 170
38 155
201 1
125 160
104 196
199 211
21 114
149 194
130 150
177 203
198 215
97 153
49 119
134 199
182 198
51 198
210 125
213 112
1 9
48 166
166 188
66 224
125 206
18 130
203 30
81 128
17 180
54 163
222 171
73 171
54 102
31 181
5 190
32 44
48 126
217 39
103 120
32 131
29 169
51 171
97 210
6 94
63 160
2 97
214 134
62 171
43 122
97 132
210 182
94 98
207 159
100 110
77 181
73 188
34 164
21 156
212 120
209 76
30 213
32 125
206 96
209 105
87 196
136 141
143 209
6 141
213 55
55 111
214 36
220 181
66 77
26 175
66 88
114 204
147 173
111 129
61 218
1 174
217 81
0 85
109 135
53 180
222 154
52 126
118 224
200 22
151 164
128 148
35 48
119 125
25 158
100 175
67 139
209 216
51 181
31 65
200 125
72 85
161 199
19 68
163 222
58 102
44 177
207 208
22 25
23 109
63 149
145 186
1 146
107 156
14 109
206 8
214 119
28 127
51 114
8 119
28 154
1 92
109 163
36 119
71 103
103 222
111 216
6 62
4 99
64 101
128 169
153 180
212 2
13 193
16 40
108 222
32 127
88 112
4 49
204 198
223 187
29 192
50 157
39 167
22 185
78 188
14 100
19 159
207 133
42 72
25 202
78 80
21 78
45 110
21 171
80 99
57 181
2 128
132 193
209 146
30 165
101 103
134 200
39 166
223 135
100 160
201 100
53 118
209 181
37 133
53 113
60 80
90 193
59 146
90 218
119 177
111 174
40 193
22 38
112 120
134 211
89 161
34 154
134 178
71 164
86 126
1 185
60 74
208 114
7 62
35 168
0 48
57 165
66 168
22 173
8 95
58 212
16 59
211 74
212 188
200 201
30 198
49 60
113 217
5 16
32 123
135 161
67 116
49 200
11 47
93 171
61 69
75 169
127 178
3 137
0 50
213 91
49 104
19 213
210 107
54 188
69 74
27 62
179 221
61 153
17 75
118 200
207 128
143 149
172 203
215 223
95 121
11 141
62 155
4 175
200 2
58 174
140 206
3 198
136 154
36 191
162 175
107 175
40 161
23 175
115 158
2 68
221 140
9 212
75 105
10 160
66 124
222 184
33 224
43 115
15 151
205 160
173 181
81 222
62 147
208 205
205 214
115 129
214 69
37 103
15 121
209 159
88 139
203 123
209 12
29 103
43 71
145 169
135 179
101 157
43 177
193 207
53 189
55 189
126 154
176 198
188 211
135 182
210 11
24 51
17 106
0 152
216 130
6 213
178 196
126 139
1 212
35 100
21 108
216 188
58 86
2 175
4 157
92 130
12 175
211 7
13 91
32 172
129 204
69 84
44 140
73 204
46 158
28 60
19 173
24 89
180 215
37 135
47 222
213 61
47 161
116 181
96 162
211 109
28 190
153 216
20 108
76 115
118 178
120 133
6 197
209 88
26 219
55 136
62 150
13 60
64 217
74 195
104 123
218 62
136 198
66 157
56 138
64 177
105 191
35 96
0 88
123 154
45 93
157 162
104 112
68 168
140 210
134 160
94 194
18 191
224 87
131 210
96 192
72 213
13 107
3 222
136 140
220 14
86 172
60 214
155 173
79 139
112 167
204 220
47 187
200 154
206 181
80 173
99 205
13 143
20 94
79 147
169 180
4 161
72 199
59 166
85 219
140 214
204 120
100 171
2 108
133 137
99 162
66 136
59 85
82 196
97 202
216 165
206 177
218 47
191 216
80 203
7 37
74 167
46 214
144 151
187 192
12 121
106 209
204 14
215 21
78 198
85 140
58 134
29 218
103 112
224 109
212 214
41 219
222 5
107 165
198 201
25 156
139 192
121 141
38 196
95 104
33 90
90 159
69 81
143 176
20 78
210 64
67 195
50 53
29 38
15 166
26 34
56 217
52 212
60 171
3 193
204 79
213 171
44 127
116 142
206 4
80 163
47 108
114 128
19 185
198 199
28 209
223 146
0 182
120 172
107 124
73 191
43 165
61 144
85 220
214 82
216 119
53 104
46 186
5 192
77 192
44 144
206 10
2 15
210 201
89 147
130 188
47 201
6 89
100 193
59 186
7 178
121 158
12 221
28 90
140 198
5 208
145 206
206 15
78 217
211 116
203 28
34 120
207 114
28 202
99 224
210 85
15 111
88 188
46 197
219 76
23 147
15 73
78 100
212 25
100 172
16 128
109 199
1 32
56 67
220 174
122 134
46 49
152 162
159 213
57 92
43 69
102 177
40 50
41 217
202 63
40 57
203 88
13 221
106 132
6 140
24 90
121 161
7 128
7 74
79 209
218 152
221 105
223 44
12 168
26 168
144 175
21 152
120 129
19 199
34 213
41 121
45 90
70 216
14 67
135 172
94 142
190 201
30 170
123 186
30 65
82 104
48 136
43 170
62 107
210 194
14 142
182 219
129 155
133 135
9 222
64 100
200 6
136 147
148 187
32 103
31 64
70 83
29 189
43 203
107 190
53 142
90 212
27 124
220 34
22 123
144 149
3 159
143 212
18 109
30 158
116 168
33 144
215 211
153 179
48 109
9 132
206 101
109 117
210 159
221 112
209 110
26 64
110 168
41 197
32 177
172 178
94 183
77 121
33 113
222 35
128 200
35 191
41 50
41 59
16 23
7 100
5 97
52 121
144 221
95 127
216 97
8 217
63 161
39 132
111 156
53 76
88 134
31 148
200 147
21 148
26 197
19 148
54 199
53 144
1 18
109 118
8 48
105 222
5 65
65 120
69 77
213 78
109 182
87 177
17 101
89 111
79 83
60 117
89 107
212 151
147 211
140 203
40 220
6 190
42 55
43 101
110 187
71 121
40 103
220 82
213 107
74 162
30 176
152 153
20 32
101 183
220 5
18 55
58 65
210 166
221 22
29 82
75 190
224 34
88 165
135 142
217 45
27 69
155 157
11 53
10 119
100 135
84 165
99 165
46 189
21 221
70 172
68 137
173 187
125 170
25 146
41 118
207 97
178 189
77 89
15 71
58 110
17 181
149 198
51 203
220 73
202 49
20 163
205 153
106 163
92 123
87 113
216 90
176 201
224 136
24 118
217 4
43 193
219 8
118 218
138 162
206 104
63 79
218 175
107 187
13 179
6 104
108 172
69 89
63 135
127 216
58 160
6 113
209 211
55 58
5 129
83 153
222 101
81 93
178 205
162 172
198 207
121 220
117 223
96 208
47 54
109 121
39 110
202 117
64 219
96 145
12 71
14 163
60 61
70 129
219 11
92 216
219 114
104 218
147 204
9 139
210 81
129 195
108 122
82 163
6 54
201 9
69 135
112 194
20 187
87 168
171 196
56 192
43 148
11 98
212 98
59 201
57 115
13 68
2 140
201 129
223 14
113 119
27 53
20 188
46 111
217 118
218 192
81 162
15 205
48 163
47 203
12 67
141 220
220 75
94 112
200 78
217 57
37 97
35 65
209 116
175 217
74 103
203 25
147 183
64 151
20 63
23 35
44 137
200 59
121 219
0 107
4 7
144 196
217 138
61 223
94 129
119 193
204 40
136 178
84 93
209 188
11 40
138 189
124 203
45 202
151 218
6 159
47 179
201 193
217 123
10 142
59 192
47 103
116 137
12 120
191 206
37 134
128 161
90 171
122 196
68 185
151 206
97 162
110 222
19 168
77 143
101 169
2 61
54 147
36 56
80 175
49 110
93 178
222 194
82 203
69 205
11 68
210 224
221 64
200 192
203 4
200 66
143 213
54 174
25 168
31 214
101 194
52 181
200 182
74 160
48 190
28 51
76 127
42 157
117 168
118 208
13 138
127 170
197 212
54 150
118 158
131 207
8 92
155 215
218 25
200 80
33 123
72 192
222 50
20 159
85 209
112 166
103 156
107 144
31 149
21 56
32 212
109 113
89 154
88 106
42 211
92 99
114 143
56 203
0 95
177 195
45 75
142 200
101 146
87 102
163 224
93 173
43 104
20 212
81 119
54 75
209 160
33 215
123 185
212 135
119 195
46 201
20 220
138 199
100 111
120 188
99 140
9 91
221 216
56 174
16 215
126 161
138 150
1 12
148 159
134 152
131 133
142 158
204 139
124 156
37 111
23 208
155 171
212 163
210 119
109 196
64 109
201 48
213 33
94 110
113 166
200 21
154 189
83 207
115 125
69 100
1 15
193 203
79 185
202 167
19 151
38 163
19 58
44 222
22 139
10 133
92 181
113 115
110 183
82 152
212 61
35 170
224 167
25 135
78 102
46 94
217 108
200 189
7 147
96 155
107 163
211 169
94 204
41 72
55 204
11 52
210 160
224 209
132 148
92 189
74 142
112 142
22 28
39 136
122 187
54 110
66 174
34 85
15 141
14 182
220 159
210 94
42 107
128 131
86 207
6 97
20 84
10 112
61 145
216 141
14 157
56 167
20 50
222 6
111 151
141 157
69 208
38 63
85 103
41 181
6 38
75 157
7 197
30 87
102 106
39 173
218 35
87 162
11 201
15 93
220 185
26 195
91 179
150 168
152 224
96 158
138 208
0 2
63 152
30 146
130 217
81 132
123 151
136 213
61 80
215 194
101 125
223 184
119 200
14 214
105 219
202 125
130 190
216 157
112 210
221 123
174 219
57 137
31 62
60 65
224 178
0 67
33 169
208 61
9 117
105 172
150 203
93 158
71 91
6 43
24 173
210 45
11 194
209 214
1 180
59 194
116 144
2 184
111 208
114 141
48 62
69 164
28 62
30 81
49 215
153 169
96 171
14 57
154 155
111 209
12 143
47 199
5 184
42 54
22 121
26 95
105 120
4 130
67 183
157 212
55 109
32 141
132 158
22 108
197 213
66 83
116 222
3 131
94 136
214 193
87 101
89 171
38 216
210 16
55 88
158 178
27 95
83 161
86 206
15 35
210 104
211 123
212 42
29 53
106 112
203 108
15 89
140 192
116 141
203 192
97 165
219 139
34 36
129 156
49 96
31 94
56 107
109 126
46 220
23 174
180 192
46 195
178 201
216 68
25 112
17 85
103 207
21 92
82 122
218 78
10 114
116 197
212 110
108 187
7 188
61 104
188 199
217 136
147 184
0 224
139 210
53 56
167 172
13 142
85 211
26 156
217 48
67 90
25 176
150 151
34 201
161 200
146 193
114 142
109 161
10 158
45 94
214 29
157 159
91 157
6 183
81 146
166 168
130 202
163 204
191 201
36 109
143 194
26 214
48 125
161 185
145 184
111 191
3 78
20 182
31 205
193 198
39 50
76 189
22 36
84 100
202 17
214 49
59 96
107 198
216 123
33 118
126 163
85 157
216 91
54 173
213 204
28 96
32 97
207 22
221 87
13 61
7 12
39 114
28 200
27 156
20 103
95 218
103 128
149 166
24 47
73 79
206 75
0 116
5 201
141 213
42 177
21 198
88 145
209 39
70 173
14 209
69 104
7 148
108 110
93 132
82 159
139 167
75 224
55 87
77 124
39 104
9 106
184 212
25 130
147 151
212 112
71 196
29 76
220 42
11 24
132 137
103 167
66 181
214 57
1 192
13 174
35 154
143 182
54 210
209 77
215 165
82 150
100 165
124 155
80 115
100 186
35 165
212 122
152 175
216 17
114 122
214 17
32 52
172 185
27 31
61 88
200 132
16 117
41 206
202 172
75 90
49 169
16 162
166 193
4 170
216 24
55 177
222 125
61 85
123 198
19 174
78 135
204 75
219 13
42 102
218 179
38 168
182 186
201 132
16 206
205 72
63 153
106 211
83 181
5 128
3 197
36 58
6 192
130 204
158 208
91 100
66 76
17 71
9 62
220 177
85 99
48 162
76 175
127 141
3 22
223 157
24 106
134 177
11 94
186 199
15 118
89 145
76 212
207 1
207 70
211 219
217 52
72 91
224 160
203 146
104 164
148 170
25 60
168 192
31 176
68 126
11 133
212 5
119 198
19 170
43 142
8 55
53 190
143 196
76 144
114 175
115 209
52 218
18 166
101 161
120 147
7 156
115 224
174 178
137 186
83 186
92 165
173 206
20 34
32 139
69 85
26 83
64 189
63 103
120 159
33 89
38 116
98 146
3 171
163 186
10 49
44 171
32 211
15 130
154 163
200 158
33 84
105 160
32 216
6 139
35 62
17 41
86 157
68 127
208 92
116 129
202 12
31 92
153 188
223 17
60 192
200 56
9 188
55 128
157 219
47 141
43 66
20 83
204 18
23 197
142 146
35 136
136 138
73 133
49 67
209 144
0 188
24 211
85 132
202 198
87 199
198 222
136 188
207 76
69 185
64 148
99 108
153 183
22 103
87 216
203 70
137 190
39 184
40 91
26 205
18 173
68 170
122 140
64 126
128 134
49 81
203 145
71 155
200 184
54 178
215 89
33 115
69 113
22 99
2 159
16 61
49 129
67 84
81 184
206 93
8 115
149 215
20 101
48 207
206 167
218 113
4 146
47 134
213 134
33 78
62 105
57 128
23 135
104 153
88 96
110 210
31 96
204 108
88 210
219 12
9 205
89 204
11 34
140 171
221 122
62 126
59 66
34 169
42 89
206 46
214 219
107 128
218 129
1 149
160 195
109 149
47 98
36 61
39 66
191 218
78 81
14 32
133 143
56 188
191 224
202 99
53 153
129 224
139 142
60 178
39 214
42 154
34 167
60 104
69 142
28 155
208 141
204 74
72 215
76 129
0 194
204 88
174 175
159 196
130 167
4 150
135 198
12 166
223 121
208 116
83 176
214 128
132 144
6 9
30 47
8 17
113 193
216 151
171 219
212 136
12 84
139 141
106 159
60 224
135 178
24 130
5 32
35 115
200 97
97 214
48 131
55 102
204 116
86 125
2 35
40 207
25 155
100 213
129 206
100 105
0 161
208 120
81 173
91 192
25 89
200 40
74 116
92 94
49 138
17 95
140 172
0 203
9 94
157 183
168 196
19 208
4 34
20 49
83 93
20 211
209 124
16 184
215 13
137 219
224 106
201 58
62 75
1 102
156 160
38 62
19 107
120 165
161 208
87 212
51 164
141 203
21 168
32 67
208 57
108 173
32 53
201 169
5 202
54 186
73 84
173 205
77 202
159 164
33 105
79 159
112 183
10 46
28 48
12 218
63 93
47 80
210 47
201 18
81 133
206 50
13 57
130 147
64 198
6 75
84 210
13 166
222 31
15 20
28 173
221 135
52 84
54 216
21 26
88 95
209 13
51 161
65 191
36 182
43 154
184 189
49 208
43 205
182 190
150 161
142 214
86 135
84 86
73 114
161 223
4 159
0 117
197 216
206 132
209 170
98 111
111 144
212 30
63 213
68 175
208 18
22 183
119 146
50 123
168 211
35 106
163 188
186 210
220 12
42 124
26 182
38 57
28 63
115 163
74 131
86 221
61 186
200 175
222 169
34 191
124 163
5 224
213 35
202 75
91 165
108 199
29 30
88 147
139 191
70 87
124 145
111 172
105 174
32 61
98 143
30 75
98 136
205 84
164 216
25 134
96 224
81 178
113 156
200 100
57 69
120 151
202 129
219 15
46 204
1 49
138 183
92 107
93 137
210 203
94 193
62 84
33 92
9 221
93 193
206 62
81 148
14 203
5 147
59 138
28 83
11 116
107 207
203 39
173 210
37 213
125 147
127 138
40 146
221 55
106 200
27 90
121 224
206 67
205 184
42 189
5 143
31 61
45 179
97 180
52 219
103 114
8 45
76 139
87 125
216 37
130 139
62 219
5 95
175 205
201 24
67 73
137 206
115 148
1 125
136 160
83 144
39 183
81 97
59 156
9 154
89 195
14 120
202 76
28 183
85 126
39 105
69 156
70 141
100 162
207 17
30 77
203 78
222 97
136 193
122 199
7 202
150 211
72 182
200 48
207 28
151 154
26 29
16 198
5 177
15 177
140 151
96 176
48 72
18 144
3 117
127 189
6 105
6 163
23 169
13 137
80 109
80 180
109 142
169 199
201 182
69 144
60 72
115 184
50 138
113 114
204 146
114 133
120 127
27 80
165 214
205 162
70 219
72 207
33 189
47 73
58 122
0 118
133 177
37 115
52 53
30 64
75 129
89 193
62 116
116 118
29 92
57 95
209 174
208 76
44 67
39 189
66 180
128 172
16 174
129 190
75 76
208 148
77 144
209 44
134 148
70 101
173 220
201 6
162 181
0 146
152 195
4 162
151 186
105 176
168 175
176 197
38 207
107 126
80 137
71 132
44 107
17 44
200 105
5 107
203 148
6 130
6 193
214 8
26 109
220 9
221 195
29 147
214 21
79 81
7 133
21 213
31 143
18 206
208 166
31 171
84 127
89 186
136 199
7 53
214 45
59 174
219 136
51 112
200 145
222 16
5 84
68 107
83 160
63 95
144 157
160 167
1 184
215 179
127 132
101 185
63 134
59 102
106 138
29 61
12 31
18 164
11 57
180 218
21 211
91 168
20 160
20 178
88 197
107 158
144 166
21 28
46 122
64 208
77 177
50 201
105 224
215 46
83 183
27 41
27 176
118 201
164 181
200 19
208 13
79 151
218 55
205 158
185 199
30 104
99 113
3 172
8 19
36 126
14 102
211 127
139 153
59 152
150 162
211 148
127 153
18 135
126 140
36 112
93 136
10 199
40 59
62 145
125 134
4 70
144 180
188 217
210 39
221 91
146 165
219 92
113 171
118 188
172 181
40 60
62 108
206 192
12 107
212 113
6 77
96 221
33 67
22 116
48 82
212 129
15 220
199 224
206 55
177 212
216 171
210 80
108 117
67 119
79 211
39 146
200 38
126 143
1 40
219 87
44 162
181 200
2 30
148 199
17 116
21 157
64 135
85 212
106 115
114 206
156 168
13 54
206 65
218 189
145 162
202 54
154 209
211 189
102 133
79 128
99 147
37 186
58 181
223 114
31 126
177 182
12 163
65 185
62 72
205 141
59 113
75 127
199 215
75 119
33 181
9 40
25 183
208 32
216 60
12 15
54 105
4 25
203 161
205 140
206 134
131 188
215 120
54 66
59 128
169 189
137 214
83 215
63 189
143 224
216 67
207 173
84 220
208 153
26 224
71 75
72 191
3 20
127 212
79 156
42 88
137 216
206 33
93 112
125 177
11 169
207 61
61 177
168 180
73 75
89 209
186 188
221 2
77 102
100 117
69 105
72 155
150 169
212 55
216 19
19 97
34 57
97 128
34 162
218 108
55 126
108 131
67 93
93 183
209 134
174 186
29 221
102 129
152 179
43 83
44 206
48 110
168 199
132 219
125 151
34 205
78 215
32 63
102 168
3 68
192 207
168 214
71 208
50 218
74 146
12 94
68 133
3 75
148 194
15 85
123 140
116 206
118 170
13 211
68 174
56 70
173 190
97 106
6 79
66 183
97 160
109 111
70 206
209 204
220 143
82 103
29 194
1 33
59 67
149 171
60 189
204 132
120 144
55 81
6 70
13 177
52 175
70 81
28 223
80 135
29 202
48 139
219 65
112 154
46 55
37 78
151 184
216 85
71 102
100 152
217 58
71 200
205 97
44 207
201 110
133 193
5 166
139 169
46 109
219 107
50 193
62 161
187 199
10 76
206 108
122 219
99 176
148 180
48 160
203 45
57 166
126 149
39 211
23 75
23 194
75 193
115 139
91 95
143 175
105 194
53 221
166 186
64 203
170 207
102 110
63 75
74 209
143 153
182 189
59 189
83 116
177 186
217 15
75 100
0 159
79 212
6 81
91 206
5 30
84 184
222 183
141 179
33 186
2 170
32 60
58 94
51 68
37 68
165 207
110 174
210 61
128 223
25 61
143 185
117 121
131 187
32 214
215 10
108 139
90 148
55 141
63 88
26 79
6 92
20 95
37 42
15 184
205 6
19 114
48 59
56 62
220 87
39 64
47 111
169 224
54 223
150 219
209 21
142 212
215 110
77 157
48 89
9 99
219 88
222 179
30 69
205 95
202 94
62 216
14 97
28 169
138 185
54 136
7 54
40 74
5 40
115 189
45 111
202 203
113 147
0 34
125 192
150 193
76 156
20 45
6 114
49 106
78 142
44 185
37 130
141 169
46 85
80 201
75 216
106 166
96 218
214 63
31 180
31 134
78 172
203 65
208 132
205 18
27 68
221 111
207 15
183 201
156 179
33 129
89 219
115 177
170 219
27 175
144 205
21 32
118 161
53 59
71 182
78 171
41 137
115 202
70 105
33 54
88 191
210 135
128 191
17 39
16 21
170 184
144 173
89 141
76 191
194 202
109 146
118 127
171 199
203 48
106 125
95 202
7 124
85 193
30 200
60 136
20 28
200 173
169 188
116 221
66 151
173 192
71 127
71 114
35 60
76 124
146 195
221 43
217 110
200 190
21 79
60 202
34 122
151 183
103 168
149 165
200 46
188 202
159 203
209 190
16 214
215 3
120 220
127 155
11 113
62 181
33 82
0 179
35 211
155 187
78 162
61 78
2 13
217 174
23 86
18 110
209 108
35 145
222 46
215 53
3 94
216 186
214 179
85 207
112 223
92 95
206 21
45 143
172 195
1 90
201 51
115 185
13 34
83 156
81 142
87 208
50 112
95 219
30 191
217 61
214 125
88 161
146 170
61 67
60 84
223 62
44 80
16 180
14 155
8 12
219 151
123 190
54 185
33 133
40 42
3 180
16 148
219 68
32 138
24 67
49 109
105 123
46 100
2 150
178 222
72 144
171 178
5 196
221 0
207 65
33 143
75 118
67 182
100 197
34 181
31 166
224 74
113 202
219 149
72 136
168 183
10 56
7 141
10 210
223 166
8 177
30 190
141 181
62 111
54 180
16 97
158 190
224 53
64 155
51 192
20 106
93 207
24 149
49 111
72 137
5 102
219 42
84 152
77 203
189 208
104 178
41 196
83 169
71 123
40 195
208 50
47 121
142 173
217 19
22 82
92 134
26 198
120 131
7 166
14 69
142 180
105 199
69 197
139 178
59 98
58 224
137 188
88 103
41 220
31 68
44 199
207 122
50 76
53 94
49 80
146 201
57 85
51 81
86 119
10 149
54 190
42 115
118 138
219 28
5 110
52 202
106 108
141 145
84 186
126 131
86 171
31 224
48 77
53 179
36 203
82 121
77 215
17 69
37 202
9 207
72 73
37 71
142 218
81 145
80 198
115 214
215 188
30 201
51 120
132 212
205 42
205 17
165 174
37 139
130 138
83 100
105 183
69 115
22 174
218 196
46 79
97 119
61 152
35 175
33 211
101 115
209 30
7 15
83 135
0 178
223 150
43 77
76 223
58 68
53 91
0 127
203 93
31 45
165 210
173 197
37 200
221 27
65 194
207 177
134 136
70 187
25 138
135 202
99 150
222 174
27 117
111 112
21 33
130 220
88 175
204 222
58 124
36 62
2 185
138 196
211 71
37 83
5 26
79 222
214 24
179 206
203 112
35 176
219 5
129 207
76 215
205 196
27 54
18 175
137 168
223 1
135 168
213 153
92 169
92 178
92 148
202 149
27 128
83 222
1 13
55 169
35 150
207 219
55 57
223 95
10 27
101 180
43 158
35 185
208 62
112 177
170 218
141 190
140 163
215 45
3 85
13 41
2 80
167 196
46 133
140 154
68 159
129 173
0 54
101 216
90 143
147 179
212 3
65 91
204 143
15 200
3 202
224 30
125 201
90 118
19 138
45 171
210 24
123 130
81 152
218 53
46 183
173 203
113 143
8 190
37 207
86 102
40 75
29 62
79 131
127 136
210 76
154 184
26 199
12 222
213 86
53 62
112 211
211 14
59 197
22 30
132 198
61 122
19 80
60 125
33 120
32 37
24 182
7 136
215 170
138 147
111 142
75 144
20 217
10 117
106 167
161 218
32 193
19 35
52 79
137 158
223 197
127 156
45 222
7 73
83 218
143 166
69 209
31 32
207 6
216 58
204 172
168 171
69 78
46 161
5 221
3 157
214 40
21 141
38 174
65 98
37 147
133 172
22 195
219 119
34 58
78 149
21 30
73 199
96 185
161 192
122 222
119 223
65 173
206 148
19 75
83 199
42 172
49 105
203 10
57 111
155 216
90 92
119 189
32 142
107 135
220 67
184 207
202 101
220 182
81 218
11 164
64 163
218 14
25 65
91 191
120 143
41 216
3 45
121 192
48 175
13 171
205 154
211 180
73 106
11 90
139 215
10 95
129 217
142 178
29 152
22 66
142 209
101 160
32 102
69 176
41 163
102 111
130 213
38 80
53 98
124 207
31 99
61 157
1 59
4 125
223 13
52 94
47 188
53 132
11 189
17 112
22 56
7 35
23 187
161 162
30 70
151 207
65 136
34 56
38 209
4 142
24 55
91 199
29 115
100 132
80 142
29 46
74 86
6 26
209 184
138 194
212 18
140 176
144 147
90 186
117 176
51 135
108 177
55 134
160 208
54 84
213 99
215 58
177 179
186 198
28 29
77 149
0 102
200 127
116 175
72 162
216 159
19 66
36 73
11 12
18 88
10 28
218 30
222 119
21 35
142 194
209 129
75 130
224 84
212 194
45 49
64 181
117 149
201 109
5 55
46 219
13 165
208 17
57 200
34 79
217 140
93 143
33 85
93 181
173 214
149 214
60 166
154 192
166 201
12 95
141 155
19 119
63 112
109 160
222 26
207 109
222 137
21 135
223 27
54 103
34 93
160 165
148 184
14 166
49 179
8 197
101 179
18 93
55 123
217 32
182 222
73 153
212 191
211 92
0 64
207 63
42 80
88 158
98 192
219 197
65 182
55 155
212 185
143 205
162 219
64 161
203 107
126 162
69 151
222 121
52 187
186 206
55 104
102 196
32 93
36 124
34 91
14 179
35 183
103 224
121 189
4 93
42 86
131 219
19 203
80 95
118 212
90 220
189 222
112 148
220 97
60 184
39 117
154 221
73 166
17 76
29 67
14 175
100 192
12 28
92 224
3 142
89 210
209 215
211 137
52 166
31 93
213 85
47 211
130 175
131 176
8 80
203 219
223 214
39 174
160 175
33 171
200 55
22 31
211 122
203 20
201 71
46 154
164 193
36 207
62 106
78 130
101 205
74 163
215 168
132 155
218 10
64 120
97 190
122 168
45 196
7 214
36 184
126 218
29 187
91 211
220 115
17 97
65 161
42 190
109 184
116 152
59 126
18 186
86 205
93 140
26 121
102 151
92 175
192 220
222 147
214 175
94 196
67 80
99 130
204 60
67 198
52 57
29 142
196 221
96 163
3 103
213 102
15 127
85 112
21 54
28 33
22 127
74 87
13 191
222 60
16 54
53 90
77 216
72 129
9 41
126 153
110 116
119 166
220 117
121 216
201 172
15 114
76 141
130 192
203 115
45 73
22 117
221 101
46 160
132 223
60 132
41 43
25 123
106 176
1 209
8 79
134 212
213 27
5 116
80 107
85 97
42 150
8 160
223 154
100 133
159 198
21 61
54 189
201 95
7 210
27 112
65 92
200 18
103 129
201 60
223 147
6 146
105 148
149 173
64 91
58 176
36 143
161 211
202 82
19 42
9 74
218 174
4 21
75 138
3 73
221 4
43 197
202 31
59 120
15 63
74 208
49 209
37 175
210 138
144 178
215 148
113 187
89 165
161 173
39 149
70 92
23 212
47 122
0 192
200 178
105 146
190 213
2 41
19 61
202 134
3 184
67 95
15 91
60 217
202 55
72 167
101 154
85 138
60 165
65 134
216 71
39 76
33 188
216 154
206 188
30 82
10 20
206 6
99 157
80 190
126 198
0 44
82 125
111 118
104 172
207 189
112 136
13 178
156 173
106 207
202 64
154 211
9 88
155 220
221 24
210 212
82 224
103 186
25 58
39 89
61 140
61 89
4 91
20 88
45 67
2 78
201 188
34 103
37 46
207 171
219 179
157 161
19 133
65 73
53 178
83 166
65 150
12 115
0 78
19 43
146 207
7 102
29 137
136 192
156 174
21 104
173 202
211 82
4 119
157 171
221 15
44 202
145 155
215 169
65 153
222 96
94 192
120 218
130 142
195 198
108 137
64 90
76 130
70 117
188 210
22 120
16 112
49 182
163 210
207 46
11 151
215 68
99 143
128 179
214 59
26 100
86 174
215 7
219 190
16 143
213 182
123 180
7 60
17 53
19 95
41 192
125 159
106 113
128 167
203 182
41 95
132 178
24 103
82 86
217 63
62 118
18 68
66 221
8 172
184 219
135 204
66 105
103 172
88 104
212 97
220 30
7 198
108 202
137 143
94 152
76 170
86 130
7 75
12 14
14 47
58 143
77 103
128 190
158 174
148 220
31 160
66 179
104 171
76 167
98 117
38 153
180 217
171 190
174 183
46 140
208 47
158 171
110 175
60 69
205 198
111 131
78 219
77 171
201 111
145 151
157 189
101 119
217 189
122 145
99 190
44 168
22 61
212 102
93 129
74 175
91 198
35 132
3 16
73 86
95 149
71 99
202 177
59 145
52 67
63 104
131 160
70 73
46 217
171 187
44 76
50 209
37 148
82 106
17 195
70 80
141 151
139 205
7 40
183 206
3 15
206 47
219 31
21 172
57 131
20 86
206 90
58 113
97 103
46 130
98 177
149 221
29 108
36 114
1 197
18 207
54 204
63 82
29 215
13 170
2 123
22 124
8 153
43 86
32 133
18 174
201 135
126 141
220 99
207 196
31 198
209 138
49 142
201 174
3 63
22 80
179 181
219 112
21 218
61 184
101 200
136 210
9 198
116 178
36 75
215 162
80 100
71 221
47 196
118 182
212 86
203 116
114 121
216 138
160 211
224 180
100 204
60 88
28 143
102 115
15 45
122 182
32 222
217 198
19 144
59 179
72 126
142 168
175 206
77 141
97 196
119 224
203 206
1 93
106 110
184 185
23 181
24 99
94 97
200 140
43 133
200 47
201 119
104 109
51 113
146 178
201 25
15 66
131 156
7 51
171 220
218 121
74 188
133 194
32 76
55 154
39 60
224 61
122 131
83 188
23 178
8 164
4 128
85 198
210 187
131 209
58 83
143 217
8 108
127 151
37 156
146 157
37 184
208 85
26 165
219 61
3 31
102 191
210 171
14 198
15 39
77 128
68 223
41 53
34 165
204 48
34 148
8 38
43 70
93 213
35 109
37 45
23 113
208 195
82 168
127 161
222 84
220 3
212 37
166 169
68 162
19 137
65 215
209 139
76 151
221 188
17 136
30 130
211 29
64 113
19 65
175 210
135 162
92 193
39 84
132 224
178 208
46 63
101 143
89 205
46 126
131 136
223 74
200 164
127 154
95 114
205 192
34 67
58 119
35 156
73 122
203 157
163 189
31 174
44 120
29 65
178 181
207 178
12 167
11 177
22 26
23 215
58 116
14 213
179 212
129 144
202 89
168 220
11 218
148 165
222 48
59 188
62 173
212 178
41 135
117 171
66 78
213 101
23 200
143 187
1 103
37 162
102 138
113 210
118 168
37 64
10 172
148 217
117 195
142 184
163 176
30 162
34 151
84 171
53 129
40 178
159 160
212 144
83 198
86 192
9 47
211 88
114 198
32 86
23 161
50 224
44 72
213 218
224 17
33 217
206 213
125 166
15 21
186 217
211 84
2 65
13 65
75 108
4 40
94 212
144 210
55 157
32 140
177 219
21 55
218 222
72 94
113 165
154 162
10 118
224 77
41 187
154 174
200 99
28 124
43 147
42 174
214 101
217 181
189 215
135 224
206 45
203 49
54 125
155 193
94 156
121 134
11 92
73 105
224 190
71 210
108 190
214 126
79 103
54 69
30 222
90 195
51 62
120 167
78 160
161 221
94 125
158 220
95 160
121 123
217 114
202 100
203 205
90 191
23 199
62 129
25 59
124 137
101 162
141 159
7 111
89 168
212 16
186 223
32 176
100 139
215 206
57 89
31 132
99 109
166 218
223 32
59 132
209 20
205 66
14 86
202 104
175 177
83 173
101 138
66 146
219 185
18 91
209 208
79 195
41 212
18 222
61 73
119 211
36 219
23 47
5 117
166 217
12 85
217 7
61 75
83 212
137 173
206 115
223 220
31 188
4 87
212 34
17 94
143 157
6 148
115 178
9 146
56 91
221 175
132 199
88 159
41 224
209 187
102 156
23 173
3 55
1 164
151 178
80 185
177 196
118 216
219 180
15 154
224 197
153 222
21 173
204 19
39 90
66 213
109 157
46 136
164 199
23 189
215 121
153 154
36 113
22 160
174 214
44 82
207 154
49 206
95 212
155 167
25 31
29 114
99 132
34 192
98 105
68 198
50 142
35 87
54 92
114 163
205 30
16 177
205 88
205 130
43 59
68 116
165 180
206 122
82 115
215 175
78 86
5 187
133 152
214 181
31 37
108 181
35 128
220 189
213 166
206 174
113 127
146 208
101 124
70 98
8 222
38 165
14 148
41 205
220 23
77 142
36 137
32 188
8 120
218 159
124 194
74 178
219 63
146 205
221 184
66 106
103 124
71 128
216 46
57 63
170 189
57 79
5 11
129 223
12 137
197 211
69 98
213 154
23 69
123 159
208 191
92 114
208 126
214 10
99 124
101 215
92 131
82 124
127 206
53 148
203 175
50 141
48 202
135 156
121 185
33 104
105 106
107 146
201 61
171 193
213 82
214 18
159 224
38 75
12 40
90 141
99 204
212 167
73 145
137 202
135 209
130 186
16 115
120 169
133 176
78 173
123 204
145 185
38 103
11 192
74 120
35 224
93 146
18 122
135 180
50 136
205 186
22 209
59 68
90 102
41 200
12 78
36 87
33 204
10 73
214 35
77 146
169 183
94 151
65 113
118 176
166 179
63 126
205 73
18 59
180 206
111 183
216 142
155 189
44 59
130 132
218 164
84 178
205 187
219 134
74 134
24 224
30 156
71 74
63 99
78 90
210 90
43 126
224 189
5 24
142 190
113 174
211 27
129 192
47 56
87 179
89 194
132 142
28 122
141 195
24 101
214 25
158 165
200 12
120 125
183 203
25 91
205 51
63 69
120 187
36 215
30 89
212 196
10 109
209 156
174 204
64 124
31 178
215 32
59 167
216 64
109 185
126 142
59 218
3 134
163 183
117 169
117 141
45 81
0 111
28 138
132 221
80 202
218 127
168 205
216 8
174 205
29 110
65 180
46 155
165 202
211 214
145 177
151 198
75 154
7 61
44 194
201 68
223 80
3 32
222 133
45 149
15 31
214 105
200 109
36 151
45 58
41 161
28 57
52 197
137 179
147 203
172 216
90 199
54 138
28 218
2 118
217 178
16 28
107 177
11 28
194 213
129 132
224 97
203 32
90 152
208 7
58 156
201 97
180 202
117 151
25 68
30 217
160 181
129 189
38 53
61 135
183 191
209 192
66 98
221 28
79 115
59 190
197 198
10 26
203 138
213 3
205 63
150 220
167 171
80 127
27 109
34 110
106 107
101 197
56 178
74 84
63 215
21 161
11 131
116 135
221 131
151 194
30 134
212 150
97 218
212 138
106 123
57 138
68 122
138 221
213 11
130 169
147 149
145 213
162 199
55 150
218 51
213 186
155 213
202 127
44 101
66 68
211 155
76 117
2 74
25 188
110 214
23 72
69 132
13 44
15 172
49 201
221 205
71 136
88 196
79 152
20 150
139 162
208 73
51 153
61 141
97 171
142 160
109 180
104 181
219 0
10 37
200 222
217 83
2 139
31 41
20 58
104 135
74 127
51 220
56 94
18 114
223 25
10 194
5 63
59 144
115 132
213 41
148 210
134 201
28 108
211 81
170 195
12 35
202 183
203 44
218 70
199 216
120 179
62 71
44 108
24 168
86 146
9 53
210 145
220 193
5 36
223 192
98 197
200 144
209 93
39 63
205 119
205 80
194 206
147 168
53 183
124 224
215 80
139 213
4 174
162 188
54 197
29 37
3 130
202 211
208 184
11 132
45 78
206 38
74 85
46 90
24 125
204 77
151 162
7 154
117 137
148 214
31 60
114 169
30 142
88 190
105 126
84 88
28 162
105 203
136 145
9 142
0 122
200 218
14 29
38 40
50 63
18 26
170 193
61 198
134 164
4 51
115 119
202 158
44 51
45 199
214 84
4 54
30 107
121 152
55 156
212 140
212 6
18 126
50 165
19 142
172 183
36 212
102 217
47 101
218 167
131 170
92 100
78 206
92 120
49 116
211 152
10 82
2 24
222 158
22 69
5 73
185 196
84 185
49 59
65 101
144 148
9 147
204 197
80 164
31 70
37 169
200 120
66 116
223 56
34 204
79 124
199 221
25 67
115 166
92 103
81 86
22 171
140 211
28 52
47 68
16 183
24 74
37 47
66 142
157 217
45 153
172 189
61 131
194 223
139 159
168 204
202 154
76 182
216 100
115 153
203 129
30 35
203 92
125 196
39 150
107 167
31 207
70 156
207 119
221 152
31 53
67 174
172 218
215 24
53 89
189 219
210 14
200 93
111 138
87 150
216 108
43 127
52 209
220 183
117 122
140 179
128 206
71 72
99 179
3 96
52 156
11 100
192 221
203 168
5 12
7 157
25 38
0 10
100 217
33 152
9 84
109 205
14 200
1 155
68 124
16 64
58 114
209 118
109 132
202 185
83 185
8 57
70 167
89 203
75 163
217 74
152 184
221 63
200 91
93 184
128 199
73 112
123 147
65 189
66 144
25 217
69 149
92 184
78 220
162 206
11 188
0 157
40 165
127 181
99 159
0 142
69 119
52 127
42 203
20 193
66 123
130 155
56 71
214 167
90 168
205 14
98 178
63 156
13 136
203 130
85 202
34 53
93 111
69 180
119 160
126 187
68 79
88 171
60 191
59 91
28 55
211 192
80 138
107 145
26 51
212 161
176 180
184 187
191 209
6 219
42 166
25 115
209 34
92 96
50 131
6 160
154 190
77 219
78 214
133 146
36 144
222 102
201 164
74 135
71 117
18 185
29 58
203 61
105 170
38 221
181 186
9 108
40 138
18 51
35 167
78 88
179 198
204 5
136 177
94 176
90 156
213 24
140 168
10 113
15 163
211 138
146 194
109 141
42 159
128 174
35 104
83 92
182 224
24 158
56 60
80 174
14 135
167 192
207 121
35 55
22 148
109 189
90 97
32 40
62 73
223 89
193 194
12 197
54 115
114 145
68 92
220 129
88 218
166 195
65 172
58 142
157 167
39 176
45 162
214 99
219 141
5 118
113 176
26 59
222 64
114 139
117 150
131 183
22 109
38 132
47 145
213 44
3 83
101 134
222 131
95 134
122 200
93 218
36 174
39 111
31 169
166 211
212 155
216 45
196 211
11 220
194 224
58 188
90 95
86 176
102 137
25 74
101 209
197 215
16 138
30 208
129 198
211 220
19 160
91 142
17 213
61 94
51 77
57 149
148 173
22 156
56 168
68 214
223 7
210 150
61 86
209 78
76 152
18 116
86 145
52 71
52 145
200 163
206 80
139 144
203 21
209 107
16 51
101 111
13 76
204 20
32 95
98 137
14 79
121 126
206 53
28 160
37 221
220 35
219 90
2 53
20 127
10 16
21 41
30 166
63 84
98 223
26 138
53 123
13 197
142 193
201 75
88 108
207 8
5 127
69 97
60 126
109 148
31 83
54 95
174 207
105 210
72 209
8 100
21 181
95 189
52 163
79 142
62 192
33 39
2 158
222 86
3 64
37 70
12 165
212 53
39 221
156 170
61 143
53 161
76 89
50 198
197 222
44 158
108 207
114 213
58 62
70 192
34 100
48 100
29 208
28 37
67 115
25 136
60 101
25 139
58 78
102 198
203 53
125 143
203 158
30 172
3 112
66 118
61 211
115 116
137 197
58 145
75 221
97 223
146 176
11 30
201 79
79 167
169 190
210 183
53 166
189 196
69 75
112 124
215 172
147 224
33 209
45 118
110 178
11 62
0 80
82 118
211 94
207 14
116 212
162 178
136 181
113 219
22 176
212 224
221 104
68 184
52 114
39 119
46 170
19 188
68 221
203 74
16 43
206 176
221 19
202 112
2 71
69 92
48 90
53 172
7 195
33 68
59 92
118 154
203 84
18 105
90 129
32 49
208 100
170 199
30 62
60 137
87 180
97 127
211 108
187 201
47 113
89 173
218 18
59 223
217 139
80 208
166 180
112 117
20 37
154 156
32 121
28 191
35 99
110 114
222 53
221 156
57 219
35 103
73 92
48 63
6 147
98 199
109 112
90 183
103 137
215 59
25 111
42 65
18 49
11 211
74 184
30 151
159 208
50 125
59 207
57 155
217 36
133 206
67 98
96 170
5 160
148 166
58 210
104 170
97 140
92 121
218 198
72 157
213 54
114 167
89 151
26 142
10 35
46 91
61 185
152 183
207 167
62 186
14 132
161 206
84 107
45 115
59 212
117 222
174 224
206 222
18 29
221 25
38 195
103 107
212 65
207 135
29 129
64 190
155 201
133 190
69 140
10 130
78 221
93 97
1 142
151 200
41 132
173 208
171 195
66 223
215 109
188 189
19 131
39 99
169 176
16 135
116 218
81 124
159 194
15 185
39 123
133 196
1 47
9 144
204 141
39 126
45 164
71 168
149 178
12 105
132 209
131 218
83 152
14 221
2 11
41 190
17 145
12 110
104 156
23 192
160 197
61 159
215 127
125 212
8 43
61 220
120 168
57 141
37 182
58 103
140 181
13 172
103 213
73 81
14 158
81 208
78 158
223 85
71 156
88 207
57 75
148 153
205 27
174 212
33 164
127 182
148 188
81 98
1 161
153 221
180 196
208 165
65 121
21 111
223 58
15 95
111 146
101 170
217 104
217 191
168 181
13 18
200 70
31 67
56 57
90 196
185 186
11 135
87 131
204 15
216 65
67 69
72 153
156 192
78 183
36 138
220 176
204 202
72 184
207 55
29 205
154 218
150 196
39 53
121 202
12 159
14 172
217 1
88 168
33 162
35 216
42 78
35 42
42 108
50 126
43 112
198 224
56 102
160 194
85 158
70 194
3 35
133 178
106 156
36 40
2 173
48 113
0 77
102 107
124 210
45 166
107 211
54 113
72 122
23 164
28 133
24 120
127 158
156 198
91 127
52 224
26 108
108 170
216 125
184 218
98 114
70 75
30 83
7 105
14 216
12 24
40 143
217 120
34 219
17 115
39 159
13 181
212 8
13 32
89 172
59 93
200 107
112 176
106 199
44 156
104 152
64 80
223 92
204 192
157 195
41 147
218 176
12 70
26 43
0 4
213 179
140 142
82 146
206 111
51 145
142 217
175 191
63 209
21 131
2 205
70 183
23 198
8 130
17 129
102 149
208 77
13 156
95 136
63 165
187 218
70 223
113 157
78 104
58 204
130 182
76 77
38 61
21 68
9 29
87 92
215 38
204 134
217 10
19 121
67 82
70 185
25 27
31 139
25 174
61 81
52 90
215 137
171 218
222 199
212 182
211 34
157 190
26 220
200 130
51 163
86 98
3 173
208 107
109 138
67 180
209 61
73 93
113 169
200 171
13 103
87 191
193 221
203 171
224 9
81 126
141 207
34 198
6 131
37 122
9 119
82 91
21 182
19 36
83 158
81 113
163 172
84 155
5 194
80 90
44 218
98 103
222 74
47 157
63 97
212 141
173 180
206 147
86 144
101 140
103 123
91 114
159 204
82 157
66 150
129 166
88 149
0 8
201 124
114 126
53 92
115 144
12 109
32 87
95 137
141 173
14 58
164 206
35 81
8 178
56 155
219 186
14 115
67 143
40 76
64 77
63 180
1 25
89 117
4 131
220 164
154 177
210 207
138 170
47 159
99 183
120 137
36 154
221 113
112 152
189 210
140 185
1 48
40 73
100 147
135 218
39 127
27 56
19 190
70 71
121 130
202 18
51 138
3 49
25 144
51 206
45 107
15 48
44 53
91 93
201 40
36 194
77 196
102 207
77 163
2 87
13 40
31 116
218 34
137 152
20 111
50 105
