29 45
16 46
41 51
5 16
49 54
7 50
18 44
5 29
3 37
14 47
30 47
38 55
58 44
29 52
13 24
58 55
43 50
20 40
58 40
1 49
22 49
23 46
38 45
29 41
25 49
0 10
19 43
25 48
39 47
56 21
56 37
13 26
4 21
56 26
12 13
37 38
36 44
12 14
56 27
3 44
17 43
33 58
9 23
39 58
16 37
47 49
6 13
9 13
22 23
20 44
44 59
59 31
29 43
17 36
24 49
56 22
43 51
16 52
25 39
37 51
19 51
39 51
34 46
6 32
11 12
39 41
36 40
12 47
31 58
58 6
54 8
55 31
56 40
3 7
26 48
12 44
32 56
17 24
54 47
19 50
32 45
11 26
16 20
5 55
56 43
5 10
0 59
5 54
2 10
35 44
35 43
14 15
56 7
46 55
9 55
44 49
36 39
39 50
20 45
15 21
46 54
4 41
19 31
54 34
20 36
57 49
0 21
37 55
20 47
55 10
59 27
59 36
17 46
53 57
47 55
49 52
15 50
4 43
1 17
22 39
31 34
3 34
6 9
59 5
4 6
26 49
47 50
57 4
1 3
13 22
58 16
23 54
56 45
37 59
45 46
29 40
55 30
21 58
9 46
41 54
11 19
7 48
15 48
57 50
59 2
3 31
49 55
4 7
39 54
33 45
6 51
12 30
41 53
55 52
14 37
22 57
55 32
17 37
25 32
56 15
13 42
15 31
22 43
8 28
0 39
20 41
9 16
45 47
13 46
14 43
18 52
9 37
34 51
57 18
31 37
31 44
36 47
10 40
6 10
12 55
27 29
15 57
13 45
34 52
35 47
12 43
2 52
13 56
38 51
29 44
29 42
31 46
2 34
24 31
4 36
27 47
56 59
8 46
24 52
4 12
3 19
56 10
8 45
13 21
12 31
56 5
9 40
7 40
24 39
18 42
7 59
32 50
27 49
35 45
57 21
57 58
17 51
3 41
33 41
11 59
6 25
6 29
28 51
2 51
54 9
33 39
48 53
11 48
6 49
37 46
27 44
18 35
36 54
40 47
10 17
8 23
59 35
59 9
19 37
54 21
2 13
55 14
19 44
37 43
4 26
8 19
25 46
59 13
31 38
38 56
15 24
54 31
1 14
50 51
48 51
7 36
8 35
10 53
2 16
11 32
17 22
24 33
32 46
2 23
22 33
1 32
29 50
22 51
56 12
40 57
22 26
21 40
24 53
11 39
16 43
7 22
56 9
10 31
6 20
28 37
2 30
13 50
55 15
9 53
28 42
18 38
13 53
20 39
4 51
19 28
47 52
19 55
18 53
54 22
6 17
14 26
0 15
6 48
3 24
16 54
13 20
12 42
7 30
2 58
56 2
8 12
2 33
53 54
58 51
19 52
58 4
7 14
58 30
0 32
27 45
11 41
6 27
27 42
30 42
26 38
19 34
39 52
56 23
20 31
23 55
41 45
35 36
38 46
0 47
12 18
13 25
1 43
12 35
0 43
11 34
35 52
17 48
4 10
56 41
8 25
21 41
17 35
26 51
33 37
29 55
3 42
34 36
19 26
23 52
4 22
38 53
58 53
10 18
21 50
40 41
3 39
26 47
1 10
7 15
7 41
6 34
4 28
4 54
49 50
54 55
11 27
19 42
55 40
33 44
58 19
36 58
21 51
2 14
57 5
18 50
26 37
31 40
58 46
38 41
17 58
50 58
3 6
11 16
4 25
47 51
57 52
54 42
17 53
58 32
1 55
27 35
0 25
16 50
8 41
17 56
1 4
3 4
54 17
37 52
15 17
15 45
0 20
56 3
16 22
11 54
5 19
25 45
30 36
57 3
1 21
15 40
15 29
8 22
21 28
10 30
16 40
3 26
59 34
7 34
29 57
14 17
7 57
0 35
55 24
13 18
20 25
11 53
56 8
37 58
19 53
0 9
55 33
1 12
29 47
7 26
13 32
9 33
14 18
45 57
4 56
5 14
56 30
