15 64
3 101
43 44
42 105
79 89
71 109
88 103
3 9
56 96
10 46
21 59
16 28
19 115
12 97
109 38
4 64
16 108
34 43
32 64
17 73
34 75
82 93
105 71
119 14
107 24
20 31
3 97
106 28
60 61
115 62
108 86
110 38
3 100
110 61
42 85
15 119
28 116
2 19
25 99
105 82
0 6
23 79
41 106
3 8
25 48
12 90
23 48
9 21
76 95
71 96
115 23
17 79
47 68
39 113
107 69
114 72
44 78
43 69
12 69
0 70
66 96
79 86
118 75
49 110
105 44
21 113
111 59
111 74
8 80
17 113
86 94
25 35
36 96
112 4
8 41
28 43
69 86
26 53
118 94
3 80
84 99
116 95
7 21
0 116
6 117
35 85
41 68
7 10
114 51
17 102
111 31
9 88
50 79
53 59
117 99
27 75
22 113
118 111
116 112
14 96
28 35
108 15
98 119
52 85
35 52
27 107
50 102
49 54
12 58
4 55
5 78
60 71
90 116
70 86
31 73
2 17
101 104
36 112
13 84
90 108
17 99
10 30
1 42
57 96
56 72
37 52
26 83
113 31
44 48
3 44
40 59
31 74
117 116
51 77
54 89
109 51
105 68
66 83
51 79
28 58
81 89
28 103
16 32
8 92
72 76
116 15
114 101
91 108
109 5
117 20
64 89
30 38
16 34
72 100
97 103
76 87
112 43
116 86
108 101
113 73
18 92
114 111
3 58
72 106
19 57
6 23
13 40
41 71
12 93
112 18
118 71
2 39
82 108
86 91
118 74
49 98
117 19
117 53
4 81
75 98
107 95
55 59
30 111
49 70
42 51
0 27
38 44
32 83
15 23
117 108
14 58
112 78
119 17
38 55
5 62
108 69
116 34
110 63
13 76
27 81
106 49
27 41
62 116
2 75
13 49
2 41
117 37
115 63
109 23
80 116
114 58
93 110
113 19
86 93
67 74
109 78
36 39
18 75
77 106
109 91
111 23
102 111
67 90
63 103
49 114
63 65
110 70
34 94
73 92
4 7
56 78
20 109
61 94
51 101
58 85
73 118
17 78
24 76
29 32
52 68
12 72
56 79
55 77
7 86
65 82
76 83
110 66
79 110
64 72
14 15
109 0
39 93
15 76
56 103
63 83
105 106
59 72
24 97
73 109
2 53
85 108
33 73
39 115
22 35
7 109
24 50
45 56
11 61
15 87
4 25
44 77
3 40
33 68
11 32
32 99
80 118
26 66
54 102
17 67
3 14
69 71
116 44
45 105
71 119
18 42
4 20
15 39
113 119
99 108
46 74
40 118
94 96
10 84
81 88
1 23
39 65
26 62
115 81
48 115
31 105
115 103
18 30
85 87
57 62
60 65
26 111
13 22
79 105
107 55
71 90
4 109
38 97
42 84
34 55
113 2
62 94
34 113
39 81
48 62
3 73
60 95
52 53
82 95
18 72
46 50
75 96
110 104
73 80
108 29
115 44
110 28
13 51
26 50
117 91
25 37
1 92
85 104
65 73
28 55
15 20
108 53
112 25
41 62
26 38
29 101
112 91
7 103
11 45
92 111
37 90
3 29
3 108
119 79
30 96
28 42
14 16
21 34
69 95
112 80
109 18
114 94
64 88
40 90
43 48
3 62
46 53
46 117
25 56
114 39
35 65
10 93
39 95
105 67
116 84
110 10
21 69
65 92
27 99
57 111
8 85
39 104
117 31
69 96
23 101
21 38
109 60
106 37
66 85
43 80
19 31
71 86
53 83
47 50
111 94
115 8
3 35
26 37
12 26
53 80
8 14
19 85
92 113
21 97
105 5
9 79
25 43
37 76
12 22
15 35
119 42
13 21
117 3
70 80
6 89
25 89
7 53
26 72
112 1
11 88
1 89
9 100
22 37
54 113
15 47
109 93
114 3
15 43
31 88
81 113
119 109
20 102
6 66
69 93
86 114
105 75
27 58
30 33
71 87
118 44
111 88
37 60
42 68
80 88
38 76
43 113
103 117
28 85
23 60
58 94
57 61
19 107
40 42
115 0
35 100
35 37
12 28
13 32
53 91
36 73
12 81
35 50
11 30
107 68
106 20
14 39
1 57
38 103
16 80
113 8
21 40
25 40
14 76
88 104
105 54
39 90
85 94
44 49
110 9
112 46
40 87
2 93
38 53
41 99
24 64
112 63
15 92
72 86
99 107
77 112
16 62
118 43
34 114
44 84
47 84
55 76
111 8
18 25
31 69
8 22
38 84
7 18
66 116
106 67
10 64
32 55
112 54
43 105
113 23
35 46
20 76
55 98
13 105
60 106
107 31
2 80
70 96
51 85
10 109
110 108
29 88
3 36
42 102
24 87
52 69
82 103
69 70
69 89
14 114
100 104
17 38
77 109
28 107
113 78
82 91
16 56
109 48
43 76
15 26
67 92
48 114
17 41
61 98
70 105
105 46
0 98
15 34
112 32
48 71
39 61
76 99
46 98
21 111
40 52
37 43
31 68
93 116
35 57
40 78
112 96
39 55
58 87
10 80
18 34
6 26
10 23
116 101
24 46
96 97
118 98
25 119
36 62
7 110
110 68
50 72
112 76
40 44
25 62
11 71
15 16
52 102
1 15
72 105
2 32
44 107
97 101
51 84
109 68
28 40
100 111
35 95
28 33
52 97
50 100
54 98
41 60
11 112
29 82
115 43
32 104
65 93
16 35
116 48
111 22
118 47
109 52
113 44
118 52
118 27
22 28
114 47
22 29
10 55
4 62
57 69
13 39
17 83
61 114
21 47
17 58
1 5
15 21
119 92
17 98
110 78
80 97
45 86
66 102
119 23
0 32
11 28
109 90
24 58
47 59
14 44
109 61
47 93
119 13
30 92
31 42
70 111
31 38
25 80
31 55
75 108
0 50
108 64
19 105
3 56
51 68
44 80
18 47
45 87
12 87
10 41
29 111
27 95
117 14
33 39
19 108
63 92
105 30
33 82
47 89
36 76
17 116
1 34
8 114
63 77
6 49
59 97
58 97
28 81
38 46
117 62
32 46
32 67
109 1
20 90
110 8
53 97
54 82
71 111
117 50
108 7
40 75
43 111
39 80
41 86
37 97
8 69
68 95
74 115
68 116
28 59
10 26
55 90
41 54
69 81
115 90
1 48
113 97
115 51
48 78
116 114
97 102
105 50
111 104
117 79
24 53
14 55
2 65
89 100
57 71
24 102
54 90
108 66
22 60
66 101
32 59
20 104
25 47
18 58
4 24
70 98
12 13
32 111
17 23
105 65
109 16
74 117
61 106
74 101
15 109
106 39
118 79
39 45
109 102
68 72
119 100
38 47
78 94
16 58
57 84
116 1
111 116
117 36
114 35
4 107
78 104
21 91
31 118
50 97
30 78
113 71
11 33
109 107
112 62
28 30
48 52
80 117
117 51
30 69
31 85
53 87
41 113
45 108
42 66
34 52
97 109
46 47
1 39
76 101
21 35
83 96
14 54
119 94
9 10
58 77
31 114
18 70
28 73
117 8
2 102
20 68
34 56
48 72
7 98
13 38
6 8
29 87
15 33
25 42
108 28
111 66
39 87
20 119
33 116
69 82
118 49
2 104
41 111
82 117
119 29
43 50
88 106
53 62
115 86
41 70
48 49
58 66
111 95
40 60
2 4
119 46
34 81
11 85
53 65
119 37
43 95
96 117
104 107
106 91
22 101
78 100
112 34
112 39
4 72
51 118
112 47
29 97
105 95
3 43
112 101
39 74
108 102
33 108
42 93
25 97
16 24
6 13
74 116
7 29
43 57
19 21
117 104
35 68
31 54
16 76
24 61
5 23
7 16
60 74
100 105
50 53
18 97
106 22
9 49
113 18
20 41
43 103
57 113
5 30
33 50
66 78
19 99
84 86
53 82
115 54
7 15
4 66
40 77
20 45
43 116
50 60
36 47
19 44
33 37
111 98
67 72
35 61
54 78
1 32
25 46
64 93
115 61
40 97
27 64
41 119
36 48
115 83
48 77
33 84
67 110
78 108
11 24
44 114
83 114
110 80
77 84
9 39
115 76
106 83
85 103
56 86
101 118
38 101
63 102
27 52
39 100
28 114
10 47
0 72
50 67
4 102
2 44
10 103
42 101
60 112
58 75
87 106
34 76
14 105
23 110
113 75
4 21
115 64
21 48
112 9
8 86
49 66
41 98
116 19
115 24
69 118
40 58
0 1
64 71
22 55
44 102
27 57
49 84
18 61
21 100
115 96
93 101
108 89
110 42
72 88
68 75
60 91
47 92
58 65
6 42
61 87
8 100
110 50
114 53
20 84
12 94
76 92
10 34
16 67
9 87
28 89
42 45
21 56
38 85
44 57
86 117
55 79
73 98
114 113
13 20
98 102
11 62
109 43
68 98
32 98
18 21
66 71
6 32
65 76
106 89
109 26
72 77
91 96
31 115
6 88
11 46
58 99
55 57
60 86
16 22
110 24
38 115
76 106
113 72
113 58
21 101
114 57
71 110
43 108
76 93
105 97
1 56
25 79
33 70
30 56
5 57
6 31
105 84
12 77
29 118
8 45
74 78
92 98
35 105
37 103
90 93
29 115
9 18
115 105
4 49
37 94
79 99
92 94
60 66
14 71
35 55
104 119
18 99
4 101
26 60
51 97
13 93
62 95
113 65
42 94
75 90
37 89
113 0
16 30
34 48
41 102
83 118
77 89
71 100
8 40
1 78
28 54
36 85
49 73
31 57
24 91
116 65
85 99
13 44
0 95
90 91
72 87
118 23
90 99
106 96
27 68
50 55
110 99
63 75
32 92
33 94
115 46
116 115
110 98
28 72
117 21
4 99
24 113
88 114
7 22
60 93
16 44
118 15
83 87
22 104
16 114
105 6
69 92
88 113
58 103
11 80
4 85
3 46
26 41
7 23
100 103
37 82
6 25
117 66
115 9
23 106
98 99
116 55
20 28
105 8
39 116
7 36
77 91
26 102
3 33
99 111
117 88
30 65
52 70
84 106
5 12
7 39
13 106
56 117
14 94
55 114
27 117
24 69
38 94
35 109
117 26
20 111
16 89
109 49
108 44
6 113
52 107
13 104
37 56
45 102
64 104
116 83
72 115
28 117
29 91
68 88
110 53
53 63
42 49
64 112
108 14
113 64
55 115
37 64
31 93
18 89
30 37
62 90
117 65
37 110
63 87
66 100
21 72
10 48
110 57
14 77
5 19
14 47
59 109
5 18
23 73
24 40
105 25
33 83
114 24
1 95
71 103
36 46
18 59
71 75
26 70
5 110
95 108
66 92
107 50
2 52
54 77
0 117
25 59
13 36
82 96
4 91
55 66
34 110
37 116
46 73
51 80
30 77
54 96
82 94
33 80
77 105
118 102
3 16
53 89
114 9
12 37
84 111
110 100
95 117
35 83
1 12
1 55
118 11
7 28
74 76
107 101
76 114
61 112
115 27
105 87
7 89
7 81
114 99
105 39
4 32
11 57
1 17
12 35
2 91
33 67
45 110
111 86
111 65
6 65
39 85
26 49
22 95
38 102
7 64
17 88
4 63
36 103
113 63
106 70
76 110
115 91
53 86
72 96
72 110
112 24
22 94
59 103
58 118
34 98
49 82
16 74
63 98
57 98
108 74
37 105
8 35
24 89
69 109
45 83
24 73
97 110
61 113
8 71
95 106
85 98
5 76
23 57
105 36
13 109
70 90
55 101
21 54
61 86
83 104
105 74
11 106
1 74
115 33
31 50
110 14
8 32
3 96
19 33
30 62
22 110
7 38
50 99
68 112
7 60
34 83
116 85
61 75
116 26
114 11
108 22
63 97
116 18
47 62
119 51
89 115
33 40
64 107
110 55
44 90
62 109
68 119
4 67
58 82
101 105
84 108
22 91
44 63
103 112
3 22
32 71
26 47
87 89
18 94
106 30
62 93
86 104
6 93
39 67
56 92
43 100
110 84
29 96
16 50
18 29
12 54
32 38
83 117
56 91
112 117
3 107
83 113
44 112
105 64
13 64
29 104
22 82
71 77
72 91
26 69
25 82
61 102
42 61
60 115
42 118
19 41
3 59
62 114
38 61
112 107
84 94
74 99
23 69
38 60
118 103
32 100
56 108
23 88
2 46
84 109
29 44
32 36
114 25
22 118
116 110
73 111
14 65
15 32
21 110
23 68
45 113
119 3
54 59
36 82
70 115
92 108
5 107
80 115
36 58
117 94
77 81
45 101
116 64
18 40
7 43
119 110
63 72
19 89
116 45
10 106
91 104
108 115
73 115
74 88
0 39
31 96
55 112
112 22
104 113
65 83
57 109
45 74
112 108
72 102
1 77
106 82
26 74
116 16
110 0
17 55
89 103
1 115
40 117
61 82
37 55
8 60
24 86
2 25
70 74
3 42
31 106
64 66
100 101
40 110
33 61
31 90
118 62
117 55
23 99
0 106
32 49
116 7
57 75
33 71
76 97
25 103
83 107
35 80
37 66
46 83
119 12
72 80
62 98
87 98
88 96
40 119
0 8
49 64
19 53
70 88
5 83
17 35
6 43
77 95
60 82
1 84
4 6
115 75
21 94
117 71
109 8
78 119
116 52
107 106
111 105
102 116
66 84
34 105
85 110
111 25
51 108
12 108
17 45
102 105
118 25
68 94
20 35
118 20
107 43
32 70
48 54
32 48
55 88
0 13
46 54
31 70
62 108
39 66
3 51
9 85
49 51
73 114
43 67
8 77
41 105
21 95
75 97
46 76
113 51
115 113
50 76
12 20
17 56
119 35
115 2
29 37
80 95
23 43
102 119
43 106
53 100
117 33
30 94
2 117
94 95
38 67
53 64
107 57
15 50
12 65
27 43
113 101
35 115
54 85
107 15
105 4
36 51
103 106
107 67
62 88
45 97
65 81
1 91
55 68
119 49
95 118
55 102
111 90
1 58
60 64
26 86
66 67
13 67
108 61
36 54
5 101
52 94
118 39
58 100
62 80
7 12
117 48
47 79
47 52
48 103
8 24
116 23
34 90
22 45
54 118
55 67
25 63
116 103
6 104
112 83
62 96
60 114
64 78
17 77
111 47
109 36
7 66
109 85
49 104
46 92
65 103
30 110
78 98
30 76
61 103
118 87
73 102
55 97
79 95
46 87
59 63
17 26
0 60
44 81
24 116
24 103
45 85
62 73
111 103
23 85
56 70
53 84
57 104
17 90
119 59
117 44
26 30
113 20
12 16
20 98
6 90
33 100
107 92
117 49
105 117
32 57
19 96
41 53
9 83
117 12
60 76
100 114
88 92
119 32
19 91
1 65
108 58
8 87
61 70
31 80
23 65
37 114
117 97
70 97
30 113
50 75
75 104
27 79
88 90
26 85
31 35
79 98
16 26
58 81
4 30
35 56
14 37
18 33
45 98
0 26
11 63
119 97
62 101
56 75
117 64
11 16
23 108
0 52
41 47
7 57
53 109
22 66
60 72
4 48
11 25
109 94
42 76
59 86
24 48
113 16
11 103
36 115
19 98
59 62
14 82
17 36
48 58
28 86
38 92
54 106
0 53
108 73
2 40
115 12
107 63
118 107
16 63
15 99
97 108
1 8
3 25
111 9
78 86
17 52
63 88
52 59
16 52
12 106
108 20
83 105
53 102
0 25
50 65
116 71
4 115
6 98
83 91
112 52
25 116
61 66
63 101
3 65
79 80
98 114
116 61
46 97
0 5
76 88
42 46
25 86
68 78
117 47
23 98
109 14
117 54
12 52
107 102
39 94
9 22
14 23
16 21
28 104
23 50
11 50
28 93
108 0
27 66
76 84
2 67
3 90
