286 127
96 250
137 276
71 105
285 80
275 97
248 272
128 137
47 298
182 280
110 251
51 76
73 294
276 177
102 146
87 162
241 246
106 284
77 205
137 243
288 14
290 132
27 65
48 135
288 170
50 136
87 124
291 16
11 238
275 159
53 110
21 89
282 168
108 237
287 12
15 60
104 149
125 143
65 298
151 169
43 271
106 211
27 212
92 251
197 248
26 96
298 157
196 287
16 177
295 260
217 297
294 201
129 135
114 282
291 54
188 229
72 221
112 274
101 160
24 248
76 121
142 283
137 273
288 91
12 217
145 264
211 226
10 90
90 171
159 271
26 27
227 247
43 225
10 256
23 201
98 145
5 261
293 4
58 193
69 205
62 221
60 61
197 270
153 198
23 278
125 153
126 167
60 154
243 274
204 207
239 287
166 224
139 147
39 290
299 76
203 232
151 210
35 164
151 216
96 133
188 289
204 289
194 252
129 208
280 188
212 243
25 141
1 87
85 286
43 141
35 51
151 181
258 292
235 290
48 90
196 290
72 278
69 266
234 282
12 208
297 240
85 160
33 73
89 109
1 24
51 80
149 201
232 268
72 257
30 254
264 290
54 191
52 188
77 281
3 202
287 274
97 148
288 194
3 259
42 251
163 217
75 138
169 234
83 122
59 192
0 148
23 107
42 268
29 65
27 224
158 298
154 172
219 237
69 165
82 133
33 225
280 52
139 203
285 26
27 102
119 279
132 268
98 285
129 142
1 157
26 82
32 35
167 202
113 222
195 255
196 246
190 253
13 187
49 169
106 117
136 212
61 85
129 232
45 224
42 210
155 243
196 265
32 155
37 134
132 166
233 235
94 167
149 294
142 216
18 170
85 279
246 265
249 261
7 12
299 232
275 251
3 17
241 274
297 22
49 161
134 163
151 269
86 121
60 248
9 272
83 170
172 194
67 129
240 261
201 284
29 40
39 173
25 209
4 37
88 176
172 254
119 228
294 109
68 252
160 214
286 64
268 276
117 270
254 290
278 8
286 124
283 126
52 175
143 257
33 127
26 246
275 206
277 120
277 105
36 135
10 117
27 277
90 161
44 190
102 198
36 179
154 289
117 229
11 176
44 268
108 209
10 37
124 159
174 226
202 255
58 99
280 76
242 272
38 237
150 263
283 81
111 178
59 130
286 114
165 183
247 297
155 296
135 283
64 91
15 83
59 142
189 200
46 240
170 291
280 225
216 276
29 136
81 197
12 192
141 252
26 227
162 274
145 243
49 268
85 107
296 46
82 256
293 78
30 199
288 75
122 258
4 276
148 275
96 186
294 41
41 87
153 237
142 255
20 235
235 278
133 140
296 215
277 2
8 131
52 276
146 148
50 123
121 277
162 270
80 289
68 179
51 156
148 245
196 233
116 251
15 116
284 289
132 280
8 158
284 222
126 287
97 259
108 248
54 88
20 210
69 113
31 112
27 223
22 237
107 217
104 135
4 72
77 141
266 283
81 227
169 273
46 151
9 174
293 208
58 255
136 236
104 284
60 233
94 216
117 191
197 203
252 280
110 141
12 283
232 278
92 114
102 214
209 280
264 279
78 238
117 158
108 222
69 200
220 251
131 177
279 41
101 190
93 194
139 166
55 281
74 79
177 250
213 275
290 28
112 266
32 123
142 198
280 120
147 193
212 268
152 216
71 293
34 117
95 288
8 277
140 289
66 90
299 281
246 287
20 137
85 183
59 115
297 134
134 171
147 163
3 113
281 33
193 221
217 295
277 244
25 131
48 216
7 223
147 217
55 124
99 297
280 115
277 260
33 191
13 223
33 161
12 109
26 76
94 211
39 280
279 66
141 264
64 212
70 100
22 58
288 213
7 226
270 276
71 241
106 257
279 121
77 277
34 80
143 235
282 198
176 285
64 262
22 209
11 186
19 50
235 272
284 102
289 151
212 290
116 173
41 146
90 257
60 86
122 253
42 134
44 244
213 239
51 111
130 248
261 290
79 134
123 168
72 233
134 201
275 16
55 168
114 130
286 146
57 258
206 219
61 273
126 252
290 262
178 216
189 297
140 257
293 245
155 189
9 20
11 119
247 269
284 58
202 208
280 7
291 111
60 264
234 243
22 43
291 116
223 290
10 239
32 287
51 95
128 210
293 178
37 220
5 92
279 6
169 256
2 42
69 225
119 174
34 229
17 259
89 236
56 175
193 241
13 146
126 253
127 160
21 197
275 202
48 279
53 229
280 154
172 196
167 251
101 270
28 218
71 271
85 180
198 216
42 105
0 1
288 264
69 111
15 37
149 210
255 260
126 139
81 238
72 107
23 178
194 237
9 128
240 260
5 173
141 237
91 220
139 249
289 145
69 99
51 226
291 133
295 100
90 186
166 188
139 184
286 205
59 184
101 260
181 202
167 282
42 72
254 260
55 212
180 283
4 224
57 79
135 140
192 233
41 176
156 210
180 227
209 240
104 195
284 235
154 243
97 250
120 257
114 118
121 140
89 179
153 222
107 134
219 296
144 188
158 211
37 294
291 209
85 172
65 130
284 98
176 258
61 213
134 269
30 90
28 275
102 282
0 21
11 223
39 240
6 93
228 241
33 247
121 221
69 107
0 153
134 266
155 276
284 95
70 146
26 181
276 3
23 153
183 223
110 155
298 202
107 281
63 222
286 46
289 189
49 112
11 142
57 230
129 250
295 176
78 227
12 218
5 158
76 198
173 265
23 183
179 191
112 130
198 299
63 194
162 201
20 24
89 297
20 157
148 219
142 233
296 231
74 160
285 86
161 282
182 219
276 142
112 251
10 136
158 241
276 228
50 221
86 222
3 51
295 84
3 176
127 212
2 28
15 261
34 75
77 233
79 293
24 156
4 33
185 288
42 153
25 66
93 142
156 250
11 250
67 247
109 110
105 231
2 282
200 212
161 236
32 111
280 141
75 255
56 101
19 60
114 269
167 211
4 21
57 157
147 234
144 156
272 292
55 230
128 199
281 27
30 43
297 229
113 285
247 290
136 283
48 175
79 247
100 231
287 114
80 178
21 285
185 291
4 78
7 276
20 158
92 244
14 133
51 62
33 57
160 207
284 125
299 144
3 105
55 143
56 258
64 274
110 241
131 198
43 247
135 224
278 22
11 51
295 51
77 109
296 14
183 259
30 131
295 282
79 230
20 49
186 226
122 165
146 158
79 152
70 95
265 275
65 140
36 247
35 220
25 210
107 253
290 121
297 2
11 114
31 127
203 268
202 264
57 146
24 290
178 235
292 260
222 239
86 154
295 49
24 294
170 233
84 140
185 211
126 180
168 265
83 153
88 294
58 197
43 62
4 68
109 264
67 87
94 126
263 264
93 250
136 174
280 133
156 268
281 209
203 225
295 220
16 79
139 282
94 154
6 188
157 189
83 236
40 185
140 179
17 57
32 148
282 193
282 76
286 131
292 100
169 283
85 192
18 160
275 32
139 260
28 216
121 130
114 128
253 261
233 266
34 156
110 123
1 179
278 49
122 267
215 251
48 274
34 247
44 281
64 181
64 229
71 245
84 287
214 259
125 175
282 118
135 148
241 291
55 101
150 190
283 30
91 246
154 269
113 203
93 130
39 196
120 229
128 131
160 237
33 106
155 295
57 207
198 221
136 225
120 150
297 63
77 154
128 290
118 274
80 133
296 112
179 238
27 195
165 201
131 161
56 231
236 279
54 256
97 131
82 192
142 249
41 112
46 228
41 85
21 272
213 222
283 115
277 221
210 252
228 235
160 231
69 290
44 114
58 112
60 237
3 149
231 259
190 217
63 94
144 298
273 275
23 130
49 281
297 69
162 193
70 250
140 192
73 201
280 255
99 195
283 257
189 241
282 134
298 73
103 281
9 143
7 80
289 43
144 166
288 179
80 269
4 141
294 254
107 294
54 265
287 83
29 155
242 275
1 96
283 49
285 149
276 38
114 173
32 81
74 81
1 234
12 120
97 191
122 153
182 233
295 81
185 261
295 142
118 269
12 113
9 298
275 225
134 239
24 148
48 105
161 239
195 274
166 274
36 147
103 206
126 254
123 181
88 193
281 166
106 231
283 102
23 166
32 238
276 79
43 269
61 283
18 52
81 252
69 82
65 120
177 234
61 295
108 126
296 244
32 188
97 180
94 117
91 93
289 1
18 276
82 119
275 121
32 153
283 217
53 109
92 147
171 237
31 67
280 105
69 261
26 174
25 68
284 105
34 155
276 185
5 44
20 183
124 243
70 292
284 184
190 247
21 292
48 91
289 227
283 298
291 176
39 79
90 179
87 205
100 220
69 295
196 215
50 226
81 267
286 178
87 96
121 144
76 175
99 138
1 2
164 243
293 129
64 223
172 257
35 242
102 224
43 96
131 166
174 257
173 294
55 116
282 220
17 147
21 248
164 173
21 75
38 167
88 145
146 230
5 70
299 246
185 213
20 106
17 283
110 275
71 170
173 239
299 1
16 165
169 286
29 89
24 261
287 155
204 247
108 118
57 72
33 70
270 290
136 273
177 200
98 288
79 91
8 243
297 42
11 257
117 125
187 210
96 151
266 275
164 187
279 237
17 107
142 167
126 231
142 254
12 297
97 292
58 263
94 181
61 235
20 208
5 257
186 229
202 215
293 82
101 182
122 178
30 124
65 294
69 242
209 287
23 211
232 261
163 257
32 40
148 214
124 178
151 222
161 231
172 192
119 281
0 53
163 182
141 272
196 297
150 247
204 255
218 295
292 5
196 208
32 95
77 139
4 47
131 225
55 241
24 272
74 185
240 284
45 59
111 282
23 126
285 153
280 270
40 50
165 272
43 243
4 191
297 5
29 72
180 238
67 290
292 169
51 74
290 187
24 109
194 257
77 204
0 54
295 255
105 275
83 113
23 216
141 196
11 48
277 31
16 119
4 268
75 178
56 296
66 238
31 274
81 191
54 224
108 130
56 112
12 274
135 165
44 235
120 186
200 280
217 259
236 283
208 262
3 160
286 120
103 216
145 194
13 101
297 105
290 189
159 214
102 145
125 136
95 210
276 44
220 299
219 273
154 239
279 68
100 296
213 267
191 243
96 163
124 158
45 179
86 171
36 171
219 240
36 168
39 150
9 22
19 218
34 207
283 265
117 260
102 293
159 279
59 191
110 169
181 187
129 258
288 41
52 67
34 274
200 206
208 237
86 295
114 276
43 185
61 156
174 245
27 189
156 238
263 289
125 191
280 101
30 144
176 261
190 272
259 289
131 297
19 285
58 144
132 276
52 69
72 198
222 296
38 260
202 217
63 177
21 138
52 247
252 265
78 86
275 88
100 150
131 187
154 178
130 255
173 245
125 276
5 54
287 59
43 155
51 250
28 105
177 299
8 41
8 215
29 63
54 222
275 192
148 297
279 150
54 105
199 261
131 290
155 191
103 257
156 193
24 99
299 136
178 264
86 269
44 129
296 98
6 211
21 133
52 218
151 197
21 223
68 87
16 82
284 24
245 257
294 14
17 258
145 249
52 211
220 281
32 251
199 242
238 291
23 109
276 88
45 113
163 216
105 223
167 192
89 263
132 216
285 182
175 201
0 102
292 224
67 141
44 146
54 121
9 141
19 210
216 256
41 105
18 77
294 205
140 245
52 267
74 282
42 119
120 284
218 291
101 151
40 230
117 262
129 182
24 292
74 269
74 105
201 259
37 149
59 125
29 131
166 259
34 90
64 184
161 298
67 294
248 288
218 292
40 202
91 188
152 297
162 269
93 295
27 46
122 205
62 161
75 120
276 250
132 193
190 219
207 213
92 139
86 112
143 278
12 125
88 270
43 292
22 93
16 216
77 263
293 280
29 153
37 290
66 100
8 62
42 239
52 214
285 25
194 215
27 159
138 279
224 255
126 133
192 194
42 130
136 255
36 196
122 244
4 210
39 123
27 197
141 181
296 42
160 238
29 180
98 212
293 210
4 20
36 200
25 180
2 17
13 80
62 256
241 288
69 132
19 35
91 160
279 135
145 274
276 35
62 83
90 286
179 182
138 255
285 135
38 227
163 275
26 190
66 105
34 199
75 267
281 174
183 283
284 107
24 273
115 176
230 251
106 133
34 49
193 204
244 268
283 252
28 57
64 194
276 39
216 284
145 215
40 284
277 23
229 278
58 173
3 136
288 100
23 95
151 155
231 257
98 262
45 289
95 213
276 235
55 102
204 241
74 225
188 189
46 65
299 184
68 271
109 187
261 299
9 156
61 66
285 85
51 196
36 60
58 202
214 239
64 211
193 209
202 222
124 162
52 86
72 143
201 236
282 95
64 293
47 227
101 198
257 279
160 162
19 56
24 252
19 174
215 245
276 37
124 184
0 163
223 268
6 108
275 186
51 77
7 293
278 53
175 247
295 20
299 18
103 192
65 108
84 195
281 204
124 137
19 278
76 117
242 265
40 233
208 269
295 46
124 230
9 12
20 260
0 245
68 298
218 261
76 271
34 269
185 262
75 234
170 184
151 249
276 11
175 192
93 209
42 55
1 119
242 299
219 278
20 179
292 12
105 246
297 279
226 234
158 296
145 151
114 212
291 112
120 207
276 223
107 270
203 204
61 250
102 256
262 282
174 258
287 144
166 209
59 69
20 82
58 262
224 230
110 120
1 206
54 84
295 263
81 172
86 122
50 80
18 76
128 155
39 47
114 246
183 230
84 119
61 116
135 181
107 278
20 150
177 261
91 114
174 251
294 96
85 205
279 233
283 189
15 290
34 295
296 199
213 261
40 130
63 141
285 192
92 191
293 221
65 186
5 287
124 281
15 96
105 240
28 34
77 235
123 289
9 48
192 195
15 112
40 182
35 158
32 139
282 98
1 27
23 29
39 273
234 242
130 135
168 296
11 157
138 256
220 241
96 109
145 275
118 237
40 57
291 68
287 212
84 264
11 289
89 151
11 134
50 55
43 81
283 150
287 205
11 259
87 101
10 67
0 114
166 193
18 188
3 164
22 203
105 206
111 170
14 27
206 284
188 247
91 100
3 15
19 236
152 165
281 5
292 264
4 164
10 39
29 184
68 152
296 197
196 256
85 266
78 84
114 205
117 138
113 207
25 47
74 116
2 295
292 112
61 201
74 265
283 144
19 287
67 276
24 224
16 114
48 89
81 280
1 200
1 57
1 192
97 113
68 184
40 110
295 160
56 280
193 225
129 176
132 145
148 182
170 201
297 21
50 265
115 206
85 173
53 185
63 158
279 83
84 114
284 133
83 245
285 223
36 164
32 209
101 214
214 238
147 208
296 36
83 138
147 290
106 124
165 169
1 29
112 297
95 266
219 276
67 287
51 288
154 196
161 261
49 133
35 261
200 239
185 286
25 211
194 265
280 49
1 255
253 289
158 189
58 297
108 299
203 221
7 153
118 242
292 75
248 270
73 276
283 218
288 27
71 81
276 123
3 93
25 217
149 237
14 222
206 296
161 293
234 248
299 185
71 180
190 243
99 205
39 85
111 214
155 292
185 194
111 134
295 272
17 249
296 183
22 173
15 193
278 163
12 174
57 283
184 278
53 74
183 287
101 173
184 222
29 183
161 253
298 215
279 38
287 243
101 130
17 251
232 283
5 296
34 38
242 271
61 262
126 129
82 185
123 248
284 229
55 134
85 244
76 252
128 288
59 146
152 153
103 203
118 197
168 208
15 188
158 250
276 147
144 271
146 238
120 278
97 161
80 113
169 267
174 293
10 94
34 291
286 59
9 26
283 182
114 190
51 176
117 284
80 292
60 67
80 115
169 182
190 232
287 23
83 281
151 176
76 131
291 9
61 243
95 216
293 50
170 196
146 288
21 180
159 185
197 289
129 248
148 202
106 280
150 269
99 225
100 161
151 218
67 85
94 233
100 121
90 125
36 257
126 201
22 54
57 133
287 252
181 220
92 126
297 81
83 232
232 248
198 232
35 58
54 168
164 210
58 117
241 276
136 292
98 201
293 272
104 253
41 141
101 156
163 202
128 130
176 255
53 70
11 164
67 79
188 213
157 295
249 256
0 214
28 201
89 283
25 116
137 260
129 263
26 139
287 28
203 245
6 94
64 70
55 94
91 261
61 270
261 296
2 168
279 29
28 107
95 205
50 232
32 191
53 238
63 299
105 202
96 286
31 269
294 195
65 246
123 187
85 141
49 73
0 28
49 199
132 288
195 196
9 171
109 158
49 177
230 231
34 98
165 182
117 211
66 259
158 198
41 94
238 294
12 60
221 227
149 205
112 135
48 191
116 252
220 250
175 230
11 137
113 204
2 91
156 184
10 286
65 153
292 58
278 111
35 176
24 260
63 272
297 32
225 294
52 229
35 226
218 252
231 283
295 281
0 12
94 147
94 242
3 5
203 259
46 56
278 88
107 265
77 151
9 122
103 174
76 152
107 190
20 48
129 260
37 231
278 234
24 171
18 140
254 262
284 233
136 147
68 113
293 257
192 291
202 282
58 116
185 296
188 276
188 200
125 200
141 147
70 78
61 272
54 101
210 272
180 194
287 175
42 274
160 166
138 156
44 236
76 115
275 270
216 280
297 146
116 120
281 237
133 147
191 206
56 265
63 104
123 247
90 296
10 98
211 212
172 224
15 173
198 201
299 166
4 111
280 151
186 251
62 87
293 258
81 232
189 230
142 253
19 31
15 39
34 175
45 155
295 239
284 290
197 238
213 274
5 69
205 285
142 241
156 242
125 145
215 268
71 184
43 59
198 235
216 225
285 128
79 108
132 173
60 117
52 123
65 70
77 188
299 233
0 36
287 172
87 141
283 100
158 284
86 194
20 292
29 95
279 122
46 225
156 229
50 182
299 156
12 247
12 200
137 189
198 225
61 234
75 215
104 191
297 157
127 250
162 246
187 250
7 17
286 101
66 181
58 142
113 174
76 199
21 147
199 250
64 196
123 165
26 198
133 226
250 289
160 284
113 135
277 246
177 263
40 131
132 148
85 195
20 204
42 100
275 169
278 267
10 49
65 125
294 9
298 276
277 185
169 184
78 189
298 75
31 177
41 275
221 229
29 262
210 275
69 116
275 118
143 205
94 160
294 42
173 225
115 147
132 201
282 172
118 200
292 268
94 290
54 67
90 295
175 236
21 184
54 269
242 244
249 279
69 96
35 75
298 173
181 229
28 291
153 262
15 218
213 270
56 212
168 258
149 259
290 25
168 291
5 165
209 270
275 149
193 262
277 297
49 170
170 238
83 213
171 283
139 250
117 204
92 141
25 46
75 159
96 143
216 245
149 270
81 239
5 50
74 255
275 203
279 294
140 240
79 245
83 94
1 100
247 286
104 168
297 124
52 215
132 159
140 153
84 218
285 199
281 63
158 202
118 235
40 129
167 290
82 147
3 9
83 174
166 182
166 177
126 172
73 110
292 72
7 235
10 46
145 281
53 199
143 149
5 57
83 270
148 286
88 105
275 269
64 232
125 282
44 291
67 209
199 284
117 171
230 292
43 158
127 248
89 226
77 212
59 225
291 7
143 176
283 127
106 107
159 280
143 289
14 88
155 260
24 236
296 265
171 232
129 261
44 196
40 66
12 159
28 71
119 202
220 253
157 247
128 223
4 282
112 288
150 295
237 271
75 130
16 32
135 161
52 81
161 182
21 242
9 177
93 175
91 237
278 169
25 67
59 179
0 230
85 255
122 248
31 151
72 266
156 166
54 246
51 143
97 159
83 284
296 298
286 72
231 271
172 178
78 171
7 190
81 196
48 278
233 273
148 266
1 227
112 249
106 247
249 284
1 137
194 256
72 178
59 168
25 224
293 268
63 74
54 202
276 48
286 174
68 268
145 247
48 62
9 126
40 279
178 192
290 127
281 60
297 250
41 162
285 38
132 291
116 274
32 294
38 286
28 292
284 292
97 205
74 237
98 229
122 136
44 172
91 98
87 216
286 160
209 236
170 246
59 176
157 242
65 141
172 174
94 240
282 164
58 146
2 89
282 233
96 97
81 274
139 227
293 169
284 237
190 278
245 251
293 265
23 125
49 141
103 138
75 191
65 185
9 109
21 183
161 222
19 68
286 110
280 47
24 25
132 277
49 178
279 222
289 113
15 63
199 236
287 227
116 148
6 208
44 131
285 51
71 254
44 106
93 136
280 298
82 160
30 135
78 297
59 295
228 267
20 144
111 125
133 216
3 237
18 289
15 157
82 180
33 189
10 128
25 236
94 281
281 54
287 216
92 239
10 134
11 174
56 264
42 288
297 88
41 180
81 179
154 242
39 195
0 178
81 107
286 268
44 100
43 229
288 214
6 45
64 148
115 175
163 174
131 257
146 173
28 55
287 125
122 160
207 261
94 103
3 29
206 249
261 282
37 284
15 124
154 171
8 164
174 200
267 275
147 224
11 201
46 59
30 120
139 224
72 190
32 121
167 235
27 56
44 116
173 222
163 289
297 192
275 218
5 244
19 39
37 115
189 191
158 220
98 154
55 187
39 219
84 297
299 107
9 168
106 168
43 44
185 237
23 158
294 145
118 135
282 128
93 240
40 58
115 131
285 55
0 261
126 156
19 119
25 183
13 233
66 125
53 249
271 285
288 90
22 266
135 274
123 217
157 262
148 205
0 275
106 275
33 159
130 186
20 180
256 261
178 232
70 127
118 128
71 233
111 148
43 101
177 248
281 36
39 250
64 156
170 297
296 49
76 284
3 260
110 129
283 16
41 220
47 117
36 102
107 279
27 295
26 70
234 279
47 166
134 231
144 192
289 183
42 265
25 171
145 270
161 173
36 83
295 98
120 173
223 255
108 206
49 192
74 82
10 165
288 85
252 288
151 172
97 243
140 278
164 285
42 147
137 289
43 139
121 231
106 228
19 291
16 55
93 208
143 196
42 254
96 148
67 185
157 167
10 16
7 67
117 197
58 152
22 26
73 258
160 278
251 279
165 252
23 65
291 22
71 84
137 232
70 191
148 201
52 74
183 262
76 142
81 290
61 232
70 225
291 137
94 217
41 167
186 266
18 259
19 144
38 111
40 75
126 261
80 163
71 156
22 219
293 124
281 62
102 200
264 272
23 117
68 166
85 95
197 292
5 47
138 296
57 278
69 257
289 130
57 294
6 142
184 216
229 259
287 49
71 98
17 87
283 168
257 273
23 170
26 64
234 296
123 223
9 106
202 226
149 160
15 133
110 271
20 99
98 163
139 254
43 228
54 56
11 146
20 279
104 143
9 198
2 80
168 292
290 14
140 268
