8 38
54 24
57 20
56 58
29 61
2 28
26 41
45 19
26 32
23 43
59 40
25 57
33 66
55 17
52 0
10 53
66 35
5 41
54 21
21 45
54 66
17 25
42 54
25 29
32 52
14 55
13 39
28 64
14 60
53 18
4 13
66 24
57 3
6 30
1 16
26 38
20 49
5 27
19 28
59 21
11 49
45 6
48 67
25 32
67 8
4 38
57 30
37 64
40 66
8 28
5 50
58 40
51 57
11 40
29 32
4 7
69 32
48 11
19 56
68 53
7 27
27 44
37 58
59 17
46 16
66 39
7 39
27 47
51 18
12 40
59 16
53 32
16 22
12 30
24 25
27 37
69 4
1 44
0 43
56 22
47 19
3 53
6 54
45 50
67 65
28 61
67 64
23 41
19 39
53 64
46 7
52 6
50 40
15 53
21 57
1 3
11 32
59 23
2 63
47 6
15 66
20 65
28 43
68 36
59 14
14 16
55 54
62 6
46 48
62 28
34 48
52 25
13 28
64 60
5 55
1 18
51 37
67 0
50 68
56 62
49 37
3 27
6 18
1 2
27 38
56 40
50 31
6 43
54 14
17 40
50 15
53 39
53 6
60 53
9 22
42 57
49 30
40 67
34 68
39 57
19 53
22 48
53 22
36 37
52 8
64 1
39 49
55 11
3 16
15 31
9 50
16 35
45 68
14 28
24 55
51 17
46 17
10 19
60 65
16 25
54 18
38 48
60 45
31 41
14 35
9 10
40 52
61 22
48 41
31 48
0 51
68 16
67 27
46 51
18 28
19 64
27 40
1 67
0 63
9 25
20 59
10 17
68 28
52 67
7 28
65 21
3 48
24 36
56 17
16 24
22 69
52 34
38 49
26 52
62 50
34 47
37 66
39 68
10 28
63 17
24 53
56 1
51 2
33 44
9 56
68 37
54 13
21 22
35 43
60 29
40 62
11 62
45 22
28 38
57 63
18 48
44 57
26 56
10 14
62 44
48 5
60 18
6 8
55 9
11 57
68 44
25 40
14 36
47 10
9 58
65 23
30 61
44 55
51 25
8 22
60 0
43 46
68 32
28 42
6 29
2 48
45 26
4 49
53 8
31 45
40 65
5 17
26 50
27 69
58 25
4 18
57 7
30 65
62 15
28 33
26 29
31 51
28 50
23 54
22 23
21 62
9 23
57 53
46 8
5 49
60 58
67 51
34 37
4 31
26 31
37 60
52 33
49 0
0 15
25 41
8 47
56 23
49 25
46 32
19 29
29 31
45 42
65 47
3 10
31 39
60 20
27 59
50 66
29 67
64 69
22 57
43 54
28 56
56 12
10 44
56 39
11 20
16 49
46 31
60 24
4 36
6 37
55 16
4 44
43 48
8 39
29 55
29 69
13 33
4 66
53 12
27 66
42 52
62 22
12 42
22 27
25 39
26 39
46 21
19 27
41 67
34 61
50 38
47 39
31 63
24 44
7 47
50 57
27 68
32 45
65 33
62 5
18 44
56 31
38 40
50 20
45 20
12 68
47 59
25 60
7 15
28 54
65 37
64 42
10 59
33 57
26 46
