5 27
5 14
10 15
3 24
10 16
15 40
39 44
23 31
35 41
18 45
43 26
17 56
3 22
54 6
59 34
42 17
12 25
34 47
30 51
35 38
45 30
50 16
49 21
35 19
22 34
42 10
12 38
52 45
17 31
8 35
59 55
36 8
44 0
56 18
3 57
47 1
7 52
44 50
31 57
7 15
40 17
41 22
24 58
58 29
15 26
38 55
49 46
11 43
59 24
28 34
52 57
50 39
47 17
36 31
7 16
21 58
18 35
48 21
27 35
32 55
45 13
25 29
48 49
33 44
16 17
43 24
33 38
21 31
40 46
58 14
13 58
49 54
9 36
3 39
16 27
5 21
2 26
17 28
24 57
5 35
30 33
1 5
18 32
44 19
59 35
1 35
13 24
7 35
51 32
59 25
17 33
22 35
14 50
18 38
49 6
55 33
9 49
17 51
13 43
24 38
0 27
29 43
13 28
14 55
55 2
40 29
8 20
7 18
5 25
56 36
50 19
41 23
37 9
43 22
59 33
32 45
42 0
19 45
47 9
45 16
59 16
47 8
51 3
14 18
