72 139
40 135
23 149
28 104
156 112
9 63
20 91
100 136
105 127
155 9
18 91
29 72
76 93
18 145
81 96
111 119
111 134
39 137
106 157
19 63
92 139
4 14
76 120
153 112
20 155
48 91
17 97
11 32
70 109
49 71
31 47
49 70
31 114
156 136
93 146
98 102
42 90
38 119
48 127
159 140
34 142
21 45
72 84
12 115
62 135
78 146
152 47
19 22
69 144
91 93
0 152
39 62
92 128
18 97
61 101
83 143
34 75
114 130
9 138
14 137
44 128
4 31
119 139
61 150
12 78
29 135
8 9
47 120
103 109
11 83
9 41
36 95
89 118
24 58
153 56
16 146
76 142
108 141
102 109
30 135
0 114
24 86
46 147
31 149
152 38
90 94
159 35
64 152
124 155
46 86
159 139
79 81
112 146
4 70
52 77
76 104
92 108
1 36
33 131
20 153
36 157
45 124
15 131
157 134
49 74
120 136
24 45
159 57
155 63
11 61
153 12
152 105
88 123
118 125
19 26
59 137
11 116
38 52
156 111
4 79
83 133
136 142
62 113
28 123
135 152
98 101
17 154
153 62
155 120
156 151
78 134
23 53
33 151
24 110
46 51
67 77
113 159
70 127
158 135
61 108
24 125
55 156
130 134
9 45
64 129
68 122
57 87
75 94
41 108
152 103
67 97
74 107
95 96
159 29
156 30
32 99
19 148
52 87
69 152
19 89
63 66
24 146
85 137
41 144
115 154
10 41
79 99
53 109
147 157
114 136
132 133
73 118
59 141
64 130
128 139
21 60
156 54
63 156
92 120
90 143
24 117
157 116
97 146
65 108
72 103
8 47
14 40
13 95
27 53
72 153
2 37
44 130
157 74
75 93
3 74
6 85
112 119
5 98
59 60
42 85
0 36
1 49
6 60
32 138
3 130
157 79
68 81
114 121
16 84
34 36
1 129
61 105
92 110
24 81
59 96
50 83
75 146
19 127
85 121
73 108
11 76
3 28
59 103
40 88
98 147
40 156
84 90
17 115
20 57
156 11
59 119
78 116
71 98
77 145
38 155
31 80
81 143
20 134
10 30
157 141
40 60
44 145
64 136
67 101
74 128
25 99
97 99
14 44
29 92
11 22
111 141
78 126
67 100
6 66
14 46
4 99
42 153
114 128
158 149
1 59
44 139
155 127
84 139
27 119
81 120
43 124
0 109
34 137
4 125
143 146
154 47
153 139
152 6
137 139
78 131
26 88
0 139
85 125
26 119
4 23
107 116
29 113
124 140
3 65
71 147
22 26
50 117
43 45
26 92
66 122
86 128
8 28
75 134
42 140
69 136
18 65
111 118
110 131
20 133
66 93
47 71
132 156
60 64
119 133
90 119
95 120
25 56
45 129
30 131
82 132
8 99
36 59
35 81
8 70
53 112
15 61
12 60
39 82
130 135
2 159
49 136
47 66
76 131
89 126
111 122
109 143
17 86
9 141
11 109
14 153
97 140
103 142
14 17
37 127
13 82
50 121
80 104
158 114
109 140
12 151
32 129
18 151
13 153
155 157
52 67
157 76
35 65
13 15
40 146
87 104
6 20
154 97
53 96
67 126
63 85
43 123
19 34
95 100
29 108
36 130
17 135
72 135
58 126
32 89
152 97
35 67
12 81
33 119
64 66
60 101
96 98
86 87
33 138
83 129
70 130
75 143
65 144
28 49
105 128
153 97
70 108
25 130
1 97
25 109
3 62
19 87
141 151
137 156
40 77
157 144
20 70
26 85
19 84
152 106
135 139
19 53
4 57
35 37
31 39
95 149
9 105
56 74
12 120
78 124
3 115
88 99
72 159
34 49
94 121
40 57
96 158
39 146
87 145
18 49
35 43
20 103
159 15
142 153
20 118
155 106
42 121
94 133
158 99
47 82
156 120
50 125
68 73
91 99
105 106
29 95
2 15
83 119
31 111
104 149
7 45
119 154
9 64
59 76
157 151
40 143
71 142
122 159
74 88
36 139
38 84
116 127
14 75
156 142
3 55
58 104
84 86
126 155
35 130
67 102
77 120
35 153
6 121
9 107
20 105
4 26
1 133
4 86
54 150
82 146
26 139
156 92
96 100
154 9
53 102
15 118
5 30
79 142
8 154
117 153
2 116
16 114
79 106
80 122
36 47
58 96
98 112
38 136
104 109
35 147
51 82
79 150
73 89
114 139
20 142
15 144
42 53
14 50
125 126
2 67
17 19
56 143
123 131
117 155
105 147
107 131
20 104
156 127
110 155
58 122
63 141
64 65
84 132
5 62
36 106
101 106
68 158
100 121
57 77
21 37
7 43
26 76
22 152
7 36
10 62
17 90
69 128
15 36
42 137
17 101
80 137
19 68
158 42
47 111
66 143
76 97
96 133
25 83
37 126
77 150
21 42
73 90
131 141
110 115
0 97
65 66
16 41
81 139
37 97
112 134
59 109
12 20
7 98
52 53
120 144
1 53
19 76
23 144
5 111
25 74
0 40
15 125
90 107
16 62
135 137
59 138
29 155
134 145
13 138
105 118
35 79
85 102
46 61
70 116
37 131
137 157
59 101
24 129
158 145
8 158
48 82
51 73
102 153
35 86
113 118
8 88
157 39
10 93
79 120
105 145
38 90
90 129
49 153
155 49
11 14
70 78
1 76
45 119
28 82
60 87
33 116
155 40
122 148
157 101
33 89
41 58
92 117
81 144
41 122
37 129
128 150
123 127
98 115
63 90
97 123
21 59
3 156
53 84
75 87
55 113
34 59
71 92
56 64
49 124
38 109
8 10
14 71
45 57
67 130
129 143
105 153
97 100
14 135
105 120
8 151
158 84
33 75
3 90
21 120
81 134
121 122
29 120
50 97
9 53
49 88
92 133
89 104
118 154
66 128
99 100
46 69
116 151
43 49
56 65
28 148
4 13
65 151
22 123
42 139
48 97
98 119
91 97
22 138
29 77
158 124
32 38
76 144
62 74
77 146
54 65
9 100
93 104
27 83
112 149
7 47
94 107
25 62
22 59
96 123
10 147
70 123
68 107
6 139
109 121
29 54
50 99
120 130
159 51
23 123
126 133
20 149
15 70
152 120
154 2
77 123
24 87
37 78
20 147
79 148
121 125
53 78
79 102
107 128
0 138
4 16
27 150
53 85
155 5
60 152
12 71
13 31
83 145
40 74
4 58
159 62
8 89
55 149
26 155
5 42
16 47
115 145
27 88
80 146
56 149
19 146
23 158
60 74
55 150
101 131
16 70
11 56
39 57
30 98
42 87
65 90
157 53
51 140
12 149
61 145
13 90
28 52
83 111
46 90
19 140
117 132
35 38
85 139
32 137
108 134
35 123
8 60
34 52
38 99
19 64
96 135
154 158
85 135
9 32
81 145
63 120
61 81
44 59
75 92
87 128
38 135
155 94
68 104
154 145
0 100
24 88
29 89
72 138
153 99
39 121
18 71
39 106
29 153
14 51
115 120
19 132
118 141
68 137
66 120
84 134
61 115
34 69
29 100
156 25
142 155
154 74
61 122
30 151
62 132
30 64
66 109
30 97
155 36
119 132
30 108
103 133
86 135
36 129
12 111
12 34
2 115
28 156
10 91
0 22
78 96
3 131
54 109
32 103
14 113
51 88
18 26
76 123
134 144
64 107
14 132
40 103
84 128
17 100
16 131
33 143
26 146
34 133
153 107
159 11
19 133
1 154
158 136
143 144
42 97
102 131
131 145
100 143
152 40
12 118
53 135
46 92
131 149
154 12
23 85
27 74
49 55
157 56
71 149
13 69
46 121
65 142
3 77
71 107
84 108
16 20
86 99
45 105
73 158
7 112
60 159
4 111
38 133
159 7
26 28
131 138
123 140
9 112
31 131
157 45
82 107
68 112
51 96
33 159
152 11
20 108
10 60
18 154
6 39
44 74
15 76
37 77
44 49
86 118
157 135
67 139
0 159
32 85
47 93
46 98
14 102
13 140
47 137
6 52
56 62
6 131
62 72
156 117
7 103
142 143
156 14
154 129
45 108
64 67
21 147
33 50
70 79
30 128
157 114
79 139
19 135
157 68
75 128
155 153
45 60
40 41
50 94
32 39
58 101
16 59
79 156
27 155
72 93
103 137
22 47
28 64
119 129
51 114
95 152
50 54
33 58
6 135
112 138
154 29
25 123
21 66
102 107
6 34
87 152
119 126
1 113
40 139
78 144
21 81
48 98
33 60
143 149
12 137
94 117
30 143
153 18
4 109
49 89
82 101
27 28
9 22
5 115
31 137
91 132
59 118
38 62
86 150
82 144
86 127
51 154
2 150
158 152
32 77
38 107
75 101
79 149
29 129
99 103
95 111
142 145
19 130
75 102
135 150
84 153
135 142
70 124
106 111
26 108
15 46
101 132
59 77
36 121
83 132
123 132
5 96
89 133
7 32
75 157
20 132
23 154
64 114
25 80
2 18
67 96
30 105
22 127
13 61
20 51
10 92
76 154
159 138
126 158
10 68
11 85
61 90
132 145
65 117
2 20
97 147
103 141
112 131
158 45
3 149
59 75
39 50
8 27
3 120
95 130
149 157
17 133
2 21
157 46
57 97
30 145
76 127
101 121
113 119
63 98
23 93
124 139
13 85
138 144
19 150
79 109
122 158
59 92
41 109
20 86
38 145
116 139
12 117
111 145
153 109
21 138
57 118
52 76
152 33
155 1
64 138
156 124
51 71
59 62
66 149
141 147
156 78
31 43
158 100
36 146
24 150
49 118
75 156
120 157
155 47
126 138
109 152
32 132
11 104
31 81
10 37
68 109
105 126
157 71
75 113
154 121
49 142
33 66
100 123
157 30
154 70
87 93
54 124
16 104
99 127
152 81
13 149
52 143
37 98
19 110
91 145
37 136
159 30
33 114
5 14
31 85
119 146
60 149
67 70
5 85
153 48
85 153
5 114
75 82
89 123
11 38
10 110
135 147
90 113
7 33
151 158
30 68
17 95
106 119
62 140
156 147
5 38
101 148
1 90
38 71
67 142
50 146
54 149
4 108
35 102
38 100
99 159
152 149
99 109
48 94
55 119
91 104
28 106
85 141
1 107
51 55
33 82
54 126
2 117
3 39
1 29
66 89
154 63
40 112
72 144
17 136
32 133
32 49
64 133
103 148
67 128
53 106
48 126
20 119
0 127
89 108
84 107
61 69
20 90
38 116
48 147
137 148
47 139
41 65
73 141
70 143
19 98
107 141
22 23
43 110
14 130
26 61
27 132
55 105
155 45
57 84
4 12
9 62
8 30
21 22
24 76
1 132
153 30
55 69
44 157
125 136
98 124
28 99
53 148
114 145
137 150
68 120
122 156
86 114
155 95
123 139
49 79
156 74
87 131
67 123
69 150
1 128
2 78
57 91
129 141
36 87
142 150
45 74
10 53
99 152
59 95
61 76
9 40
21 130
103 146
156 44
2 62
50 81
154 72
38 95
49 114
19 99
37 52
79 83
87 127
120 121
57 139
109 118
45 150
25 158
118 151
61 73
33 54
82 86
19 35
5 50
159 39
29 90
5 149
82 89
94 154
154 20
28 150
27 87
81 148
159 23
126 134
75 140
153 78
32 108
27 129
15 105
68 127
26 71
47 131
154 140
31 136
54 147
56 117
70 102
92 102
8 153
37 84
111 133
114 122
92 124
0 68
30 117
7 39
109 149
9 128
68 114
36 159
15 99
139 149
64 76
1 9
104 127
73 134
22 144
76 134
63 115
156 64
50 104
64 155
118 137
80 132
2 109
155 116
7 130
11 41
38 96
64 103
53 134
5 11
15 52
23 63
66 124
1 48
45 135
155 115
14 107
123 129
23 130
154 100
9 142
72 77
14 96
65 67
32 130
64 157
117 158
82 85
55 138
90 115
41 88
158 6
51 133
153 79
45 69
11 131
2 112
4 45
115 136
37 88
34 81
5 139
51 129
26 120
39 88
156 22
32 92
4 139
159 86
51 142
1 50
29 48
106 131
21 68
6 87
31 53
32 37
78 142
15 57
111 148
158 51
81 126
157 78
84 100
121 138
37 153
108 128
1 57
57 137
112 143
27 143
157 16
73 105
115 137
89 114
9 67
27 157
158 91
72 74
91 137
69 91
24 131
157 140
77 100
130 143
75 144
24 103
28 59
15 148
91 110
62 78
22 82
61 79
11 51
47 85
23 128
16 54
143 150
60 143
48 65
155 128
36 141
4 62
94 127
127 153
30 82
155 24
38 81
10 14
155 130
3 119
50 84
93 113
156 123
40 58
73 110
47 110
73 125
31 132
124 134
72 128
108 132
92 142
36 43
80 142
11 112
71 136
0 64
159 70
92 96
105 134
61 129
129 137
152 49
62 80
123 158
21 122
7 54
0 45
59 139
83 121
24 43
21 103
159 97
34 150
60 66
85 116
65 75
13 75
41 139
7 88
154 40
23 74
48 78
156 154
49 60
15 94
19 25
64 132
82 151
90 99
31 155
73 138
107 133
63 80
35 141
105 138
155 82
38 46
63 139
124 136
43 138
85 109
138 147
36 153
112 115
76 159
63 65
21 110
66 92
51 125
158 75
48 96
15 71
31 130
47 113
1 105
15 116
60 86
30 95
20 50
87 88
13 96
6 72
34 61
110 140
29 86
90 155
20 64
1 11
89 99
59 105
77 147
31 35
2 19
13 80
80 105
17 27
73 113
86 137
78 115
34 123
45 137
158 120
44 73
115 138
11 59
106 146
42 45
9 24
52 138
73 144
31 110
20 34
15 72
81 140
79 88
64 90
154 151
71 127
15 38
30 90
64 145
14 140
14 119
2 156
157 5
3 13
3 122
40 129
12 19
44 86
119 144
35 53
7 154
52 55
1 54
15 95
105 129
74 77
1 77
34 100
111 125
123 137
41 104
5 104
63 138
39 102
69 145
5 55
114 117
158 34
97 131
159 117
15 69
123 152
56 73
29 63
35 108
16 135
155 107
63 149
75 98
62 138
101 136
8 113
115 125
89 143
65 84
27 101
9 75
24 111
90 100
6 25
6 50
140 149
91 120
36 132
153 41
156 115
39 101
84 116
23 110
69 96
104 114
18 23
77 144
7 59
10 75
59 134
22 38
102 124
42 112
154 73
5 74
61 147
55 71
32 122
18 155
46 82
79 127
59 127
154 57
83 86
13 137
51 62
82 136
2 48
154 49
74 135
10 63
159 132
155 123
63 125
157 42
119 140
46 156
48 159
37 62
82 129
89 106
30 137
121 152
66 116
42 64
50 85
7 143
143 152
13 158
60 94
13 19
1 134
157 139
35 137
53 140
155 84
20 49
131 150
111 153
104 108
33 158
12 73
34 94
43 65
65 81
7 155
19 128
92 143
78 140
152 36
18 39
153 19
16 24
7 48
7 23
11 118
39 51
108 142
1 140
9 126
9 36
93 112
47 122
7 73
96 129
89 92
4 43
72 123
125 148
45 70
12 123
3 142
58 63
117 138
90 146
1 45
15 48
14 32
16 49
111 144
7 55
21 146
42 89
46 85
32 94
63 77
159 151
103 122
96 111
76 150
129 144
82 138
68 156
78 104
93 110
26 149
16 129
12 24
69 83
4 60
63 74
37 59
112 133
25 82
148 159
49 76
51 141
24 123
3 27
29 122
84 89
56 151
154 42
35 39
26 45
64 104
67 114
31 142
0 93
39 76
79 119
138 142
95 137
29 81
69 146
125 154
155 8
0 106
128 147
116 140
93 101
34 119
1 135
34 156
77 122
61 136
75 142
43 89
79 80
56 150
62 156
40 44
22 25
24 122
21 78
40 127
153 28
88 131
77 152
8 143
51 108
7 150
70 87
6 59
102 140
70 119
33 94
32 53
23 137
2 99
55 97
15 113
5 143
44 84
7 140
5 91
24 69
1 75
38 55
74 127
126 151
1 41
0 155
45 73
82 139
18 105
31 60
55 141
145 157
154 45
23 101
56 86
15 19
75 135
70 84
98 104
30 71
98 138
75 129
74 76
26 104
34 91
101 155
48 53
11 71
25 143
154 33
154 50
68 115
51 145
9 134
68 117
157 107
18 78
22 157
2 82
16 19
57 157
153 22
66 114
55 76
40 118
46 153
20 76
131 140
129 134
115 144
98 117
52 117
100 133
14 131
23 54
12 22
114 147
33 146
87 123
85 150
48 81
25 59
92 95
100 146
55 148
44 107
132 142
152 30
49 117
3 7
23 136
152 3
33 39
32 110
41 158
86 117
16 137
36 110
154 153
17 96
28 140
58 115
33 99
11 30
20 114
10 40
159 91
8 122
68 118
139 158
51 54
157 123
25 46
52 115
51 70
54 62
158 37
54 87
21 43
88 110
48 103
8 116
156 52
12 92
101 140
128 132
107 127
73 146
2 134
153 151
158 62
44 48
3 123
28 110
51 86
131 133
62 64
18 38
44 127
40 91
31 97
32 93
80 101
29 106
38 122
28 50
6 99
8 67
91 129
49 75
35 158
157 35
5 6
47 134
43 94
136 138
155 91
156 16
43 102
37 67
19 42
93 138
76 83
36 70
71 101
65 85
102 155
98 150
63 93
5 134
12 49
137 146
20 62
13 100
6 145
107 146
59 74
118 126
121 141
159 53
32 60
61 128
157 69
23 98
36 53
100 113
12 106
24 152
52 100
36 108
77 78
10 33
109 151
12 30
63 112
17 104
44 138
22 69
18 43
121 153
53 93
70 147
153 55
46 94
24 53
11 100
140 144
37 41
28 113
113 124
109 125
35 140
64 121
76 89
21 127
42 68
26 156
19 65
10 23
27 65
14 67
1 24
55 133
25 90
46 84
34 118
73 143
6 151
45 51
2 101
106 109
55 116
12 80
13 159
29 42
88 116
12 119
32 116
96 102
155 60
58 69
55 102
57 64
7 24
117 135
33 136
100 103
22 48
29 94
31 140
3 143
111 137
155 12
12 93
86 90
133 146
98 113
9 69
153 93
33 63
45 117
73 157
89 119
88 158
7 94
66 91
83 134
4 112
2 127
17 120
42 54
7 127
52 96
26 68
41 49
80 92
27 31
5 153
69 108
41 79
113 144
59 66
70 112
157 122
66 79
22 49
72 115
10 127
112 129
99 102
99 101
85 92
115 118
2 81
17 64
99 106
34 105
25 93
17 109
20 44
152 23
44 66
51 124
122 137
76 143
80 87
93 135
9 31
113 125
154 85
11 101
153 133
2 89
148 150
31 151
113 131
103 130
12 110
28 79
102 105
71 130
62 89
157 24
95 132
109 157
158 104
94 148
67 85
78 122
31 69
18 67
77 139
53 150
152 104
23 56
67 103
140 158
37 54
48 137
0 92
25 77
8 35
52 104
5 151
146 151
37 53
31 67
18 69
12 23
60 134
97 129
37 64
47 63
4 90
117 121
6 86
52 54
7 152
50 78
65 105
153 128
5 148
65 92
46 155
29 41
17 143
108 121
81 89
57 135
95 103
71 81
88 107
28 132
2 64
66 150
1 15
9 14
156 134
104 128
34 96
64 149
43 151
30 120
19 51
81 133
35 150
157 2
11 154
96 157
109 141
3 20
45 91
9 133
63 129
99 124
17 102
119 134
6 128
153 146
27 95
13 98
20 25
95 131
27 37
125 145
74 91
43 55
61 88
103 147
63 121
81 127
153 81
62 149
96 114
69 124
3 80
85 90
84 93
96 113
10 148
96 130
1 159
8 50
76 117
109 132
48 154
4 21
33 83
45 139
49 132
71 129
5 72
32 126
159 84
17 112
154 143
50 101
117 148
50 80
79 90
51 85
36 93
53 99
23 60
69 109
77 98
41 134
11 78
61 78
64 140
23 33
11 42
92 153
110 112
40 56
57 106
127 137
50 88
39 125
27 136
59 132
153 50
41 54
25 32
10 77
73 148
80 125
8 98
16 37
13 141
18 33
43 76
32 83
154 139
90 122
60 89
26 129
154 93
13 93
126 137
42 69
104 115
97 136
70 76
9 143
23 139
88 127
68 83
2 54
27 115
86 88
11 119
136 155
20 98
10 52
79 105
43 57
159 115
22 85
90 108
33 104
8 133
5 142
13 27
52 82
93 121
49 54
11 129
77 81
4 68
104 129
25 133
101 112
66 135
35 107
94 145
32 143
55 77
44 140
1 58
83 135
24 79
83 103
99 138
84 140
110 122
14 151
108 140
78 107
52 101
17 57
87 135
99 114
106 115
56 140
67 152
3 26
70 131
90 151
0 57
24 51
7 108
72 95
6 10
30 106
96 132
12 26
13 67
2 158
42 104
60 73
15 122
74 137
7 58
85 126
4 117
31 106
156 43
25 150
137 152
0 104
46 136
84 121
20 130
40 100
5 78
76 80
153 17
86 157
14 116
56 82
137 153
96 152
79 123
131 144
72 80
119 152
65 119
3 134
95 142
43 131
47 48
106 143
82 114
50 143
10 15
51 146
36 79
104 133
154 134
50 58
70 106
76 85
46 154
58 98
155 139
101 110
85 144
18 44
43 64
4 159
25 47
118 158
153 3
27 76
110 148
0 25
88 124
154 41
77 130
157 98
22 30
78 99
27 153
157 105
25 103
6 61
12 48
126 150
40 46
26 84
8 125
11 96
84 110
30 52
46 52
22 130
1 37
11 99
104 150
1 112
53 88
47 57
45 138
122 146
48 118
32 44
109 116
7 25
75 126
70 104
78 100
38 106
1 28
61 109
1 96
49 101
33 144
37 43
62 111
34 138
83 100
40 52
20 41
38 56
106 133
102 114
64 81
21 92
58 112
5 140
74 83
64 70
16 38
28 47
114 118
66 125
152 124
9 87
20 42
157 126
155 14
97 124
11 50
31 115
98 139
85 105
41 102
0 15
90 140
77 79
57 70
20 115
40 157
62 121
111 152
159 103
152 27
0 116
61 64
39 52
55 135
11 141
43 155
18 134
153 53
55 59
63 134
33 91
3 85
2 12
62 102
46 106
43 78
45 104
115 134
76 77
20 73
69 133
6 148
91 94
158 19
50 75
25 86
65 114
94 132
85 147
42 147
103 111
99 126
26 58
55 107
3 114
17 134
95 151
36 94
27 90
7 111
55 64
58 91
10 122
53 122
112 152
75 125
159 125
13 83
56 118
10 16
80 156
3 30
87 156
19 143
47 105
25 67
54 70
91 105
10 152
24 126
90 147
45 127
14 145
120 143
73 77
125 157
34 97
39 61
72 78
23 106
73 100
15 151
122 154
115 135
7 141
48 107
7 31
97 114
22 78
90 136
60 117
33 78
63 158
63 89
43 82
104 138
77 104
33 124
7 11
131 154
79 124
54 128
153 66
27 121
82 133
89 141
153 31
27 113
26 74
78 98
158 87
8 83
1 31
27 103
4 95
48 76
132 141
86 107
12 112
69 141
95 126
107 158
85 128
4 124
27 71
142 146
34 114
111 113
37 124
38 85
36 84
69 81
48 150
158 159
101 146
19 70
65 141
63 128
67 135
69 138
50 71
125 156
11 124
88 128
13 51
47 89
11 111
3 96
46 77
52 66
9 76
65 126
106 141
18 146
30 59
157 83
156 145
88 159
92 155
156 57
84 101
17 50
45 142
74 100
1 153
65 69
11 72
66 134
41 140
20 36
47 136
145 155
30 99
66 75
153 122
44 97
45 147
37 82
57 71
84 149
32 78
57 143
135 148
6 32
8 139
1 79
52 137
20 135
104 119
32 147
33 67
69 90
40 148
69 155
6 112
67 87
78 79
18 42
159 9
8 31
11 151
16 119
159 98
33 132
82 142
64 80
82 94
81 142
42 62
77 115
17 144
102 132
46 120
16 139
47 77
120 141
44 101
69 104
71 117
157 65
1 27
12 107
13 45
121 129
113 145
69 85
82 143
102 120
14 25
114 140
17 35
134 152
46 87
20 96
159 127
99 140
61 126
8 34
123 143
86 134
152 141
89 112
10 25
56 126
29 97
34 144
79 96
35 45
83 124
51 118
157 130
69 98
111 132
20 74
13 116
35 100
13 25
152 65
0 31
23 25
153 148
50 82
152 35
54 85
36 154
66 142
24 102
49 73
72 137
54 89
43 103
52 136
67 112
54 138
96 151
5 154
34 74
50 134
46 141
103 131
15 91
44 124
156 61
83 104
133 141
87 137
155 56
33 70
81 93
75 77
34 111
35 59
10 136
10 46
7 129
61 84
16 39
8 103
157 91
2 95
159 129
8 124
13 16
9 10
14 125
127 146
8 53
43 152
156 107
55 62
86 131
42 132
62 63
89 139
30 62
10 144
15 79
53 101
54 153
28 133
98 142
111 151
63 130
0 86
102 157
9 109
43 68
19 46
67 146
13 150
2 17
4 80
14 105
73 83
43 148
72 86
10 55
83 116
69 72
92 147
103 155
33 155
90 130
79 118
54 80
7 38
158 31
36 149
3 110
6 62
3 34
1 99
22 62
4 114
158 147
56 61
153 113
14 37
29 69
41 136
8 54
