27 46
32 45
51 53
9 28
29 44
19 48
59 52
5 41
12 47
58 13
58 25
15 41
49 58
7 44
26 33
0 17
4 59
3 52
19 27
11 56
8 38
57 17
12 32
6 30
17 47
19 34
23 27
35 42
30 33
34 44
1 4
5 43
57 37
11 12
1 22
1 49
2 9
34 53
5 42
34 35
1 15
56 19
11 30
58 54
30 47
12 55
8 52
5 27
27 42
18 59
49 50
31 44
7 18
56 13
12 46
38 44
14 17
14 45
44 46
15 29
22 41
29 57
26 59
32 52
38 59
16 42
57 2
57 1
58 23
5 55
11 25
32 57
39 44
59 31
13 19
21 47
23 51
26 28
21 35
11 43
24 33
14 31
34 56
1 20
0 9
25 41
9 11
58 24
29 52
7 34
13 49
11 20
35 54
20 26
7 10
20 47
1 11
1 40
12 42
40 55
0 38
19 40
41 55
3 24
28 54
3 36
19 50
20 43
42 48
20 38
23 37
26 30
31 46
19 45
58 44
31 50
57 14
2 17
7 22
4 22
49 52
17 42
22 46
20 52
34 39
16 51
14 59
36 51
10 20
48 55
13 26
28 41
1 26
39 40
5 48
2 5
56 36
59 43
17 33
11 16
59 2
21 56
24 54
9 42
33 52
41 59
14 41
27 59
58 9
42 55
24 49
21 44
2 18
1 23
5 58
28 32
16 21
57 35
40 49
56 6
20 45
19 41
22 53
13 22
48 58
1 24
10 43
18 52
36 39
4 21
6 58
32 42
35 47
57 0
5 34
34 54
24 59
46 47
2 55
32 48
35 44
8 28
2 11
22 24
56 32
9 33
23 55
33 41
0 7
46 58
45 54
9 21
9 26
44 57
13 43
22 34
