81 60
44 88
41 75
33 67
16 72
38 82
78 19
87 43
19 49
85 34
3 36
39 68
86 33
15 27
84 46
4 88
67 8
72 62
22 69
78 73
23 63
39 49
10 74
5 78
51 77
9 26
25 84
15 64
18 71
78 83
79 51
19 53
59 60
15 26
48 52
19 85
3 27
13 35
32 66
66 74
25 35
38 78
5 41
42 57
71 8
87 83
70 38
17 78
7 68
14 66
35 76
63 67
74 48
72 54
19 57
69 43
87 14
74 64
70 31
89 21
88 64
43 71
67 4
42 52
37 54
48 88
76 64
36 67
26 84
31 72
19 35
6 77
47 75
31 66
64 85
7 78
12 70
50 73
8 85
71 72
60 89
25 57
52 83
18 65
82 14
40 61
3 55
10 60
82 67
65 27
79 84
74 58
4 31
38 83
68 8
69 32
6 48
67 41
67 19
2 60
10 81
1 54
57 75
39 54
21 57
42 66
1 37
54 85
20 47
68 43
55 84
17 66
62 83
7 20
32 72
72 29
80 74
42 86
64 72
46 83
35 37
15 40
55 88
1 74
52 75
73 80
2 55
14 42
36 63
50 86
79 75
69 26
82 19
34 53
30 83
73 27
9 30
89 30
71 48
31 75
74 42
80 52
0 9
15 62
81 19
3 23
28 65
0 42
40 46
81 12
20 34
79 21
85 33
18 87
40 74
44 64
76 10
32 46
84 29
60 73
74 38
21 56
45 72
32 88
26 57
81 46
71 59
69 53
31 78
23 34
88 33
23 52
27 37
64 67
42 81
39 81
27 83
76 15
81 41
83 20
25 40
76 59
81 32
87 89
4 62
25 56
74 21
87 50
26 75
17 59
70 24
35 44
29 38
83 33
50 75
19 79
81 1
70 2
67 0
47 62
25 48
82 29
41 73
13 42
85 37
25 34
21 24
0 81
69 3
83 59
54 76
6 31
57 66
78 43
14 55
86 9
76 37
67 32
82 35
70 77
85 48
81 31
4 45
42 83
61 67
21 47
88 45
72 33
16 49
13 68
26 65
88 19
38 40
4 10
46 75
40 76
23 58
13 48
19 33
76 67
68 38
83 21
86 20
71 56
82 77
48 78
2 9
89 51
1 67
11 28
67 38
8 52
23 33
4 25
70 50
11 86
50 83
87 3
72 39
19 46
74 39
34 58
52 60
27 40
49 53
65 79
35 38
84 14
31 53
25 83
44 50
79 58
71 47
3 8
71 64
80 81
89 83
67 26
40 49
51 73
11 17
87 10
9 79
82 63
74 37
17 51
47 79
25 88
59 75
80 40
2 24
41 71
5 66
23 54
50 57
39 40
6 60
53 64
57 63
1 75
12 79
80 39
22 57
28 45
30 60
78 11
72 34
13 59
68 16
6 58
19 21
2 58
12 33
20 65
25 69
2 72
4 11
3 42
9 58
1 18
0 36
10 33
70 54
66 54
53 70
50 51
51 53
11 56
51 72
4 16
45 54
54 67
6 81
25 42
48 86
10 43
83 8
29 45
63 84
33 34
79 2
31 86
25 64
1 42
11 68
18 34
73 34
47 88
8 38
42 80
81 49
66 55
57 62
54 55
77 31
85 52
8 42
83 76
58 80
29 46
4 33
50 60
53 83
47 51
85 2
45 55
14 70
83 2
69 31
84 31
73 37
70 5
20 44
34 54
34 84
66 41
83 18
66 15
72 6
21 48
54 82
2 52
38 43
5 35
78 82
3 4
83 36
13 64
40 67
47 61
75 51
14 21
88 6
5 75
75 62
86 15
63 76
15 49
33 61
89 67
83 57
16 47
12 89
66 80
37 47
27 85
63 66
72 7
12 40
30 56
19 77
89 86
76 75
12 15
6 82
78 59
0 22
79 29
48 62
40 71
17 23
8 40
63 85
15 65
68 80
15 21
75 61
60 82
84 41
69 19
76 86
79 20
0 34
49 89
29 74
48 51
40 77
88 10
14 86
7 63
79 18
25 89
1 20
43 52
71 0
86 51
2 17
72 55
5 20
62 77
75 43
31 73
81 53
6 12
63 68
74 3
67 13
26 38
17 34
29 78
9 83
34 67
39 44
35 73
14 79
22 77
23 60
16 87
20 45
80 82
65 29
82 52
2 16
23 74
37 39
22 71
0 38
81 40
47 48
89 26
79 48
16 25
71 26
26 80
6 73
5 31
12 18
71 85
89 22
85 44
28 83
20 57
46 58
86 4
50 63
4 34
10 78
41 60
26 52
0 3
72 20
17 46
25 71
73 16
69 86
87 7
7 33
45 59
18 60
46 49
27 35
84 35
48 64
9 41
14 46
83 0
34 37
31 43
43 72
86 37
16 56
77 27
7 77
74 25
31 58
35 79
13 74
80 57
74 57
22 44
83 41
77 63
23 89
85 20
46 71
38 80
74 0
87 25
56 75
28 37
7 15
3 41
70 25
76 43
25 31
7 60
86 29
89 85
50 79
71 29
14 89
74 63
69 45
40 57
45 61
74 62
6 7
24 86
