49 74
53 17
61 74
41 78
22 35
74 27
25 63
5 70
24 28
42 44
40 74
29 60
10 41
33 35
30 67
59 79
22 67
32 45
70 27
70 4
69 75
27 79
27 71
15 31
16 50
10 74
66 43
28 33
15 37
44 63
56 76
1 43
7 10
5 40
57 15
53 38
23 48
2 20
71 43
0 27
78 9
50 77
27 37
6 42
0 34
78 66
5 59
79 29
75 30
54 38
67 45
61 41
56 4
21 73
57 7
46 51
45 52
69 38
52 68
29 69
22 40
66 42
53 23
63 49
75 20
21 63
40 43
76 30
45 61
68 6
8 77
65 8
18 54
66 71
57 16
2 72
40 70
78 53
11 18
24 79
59 19
0 48
41 77
60 12
60 54
37 44
2 61
74 3
57 27
19 65
35 66
56 22
54 62
55 10
11 71
48 78
5 29
56 25
37 45
73 1
27 42
19 64
54 47
12 47
31 49
55 56
18 66
28 46
68 39
59 74
6 29
43 60
33 45
65 6
28 48
10 24
33 50
50 23
29 40
20 45
73 18
72 15
67 41
62 33
46 74
31 55
41 48
13 40
2 52
48 50
50 24
37 52
52 72
59 69
15 52
8 16
46 67
50 34
44 52
57 41
16 26
79 14
2 76
60 1
59 37
9 30
0 54
67 43
55 35
46 78
52 12
3 41
69 39
64 29
66 25
40 56
53 3
35 45
57 45
71 30
6 47
75 29
55 41
0 79
67 48
4 44
28 75
13 68
5 78
79 38
19 40
37 57
22 28
16 20
78 32
34 42
71 74
9 27
61 27
0 31
25 57
11 67
70 2
55 28
1 56
21 68
7 33
22 24
36 45
74 14
11 16
58 14
54 7
16 29
5 22
54 30
13 53
10 58
18 58
34 64
56 37
23 31
77 25
15 53
70 15
10 15
35 40
23 38
64 2
36 77
5 68
43 50
32 79
62 41
53 32
6 57
70 14
74 25
17 64
12 74
51 10
74 21
29 43
2 56
31 33
2 32
13 28
70 55
21 75
74 6
3 18
1 2
3 57
2 8
13 48
65 34
14 20
70 36
64 45
52 30
68 40
48 59
20 41
63 52
51 45
0 22
18 23
69 31
30 49
61 35
2 65
15 54
8 74
50 40
28 43
31 77
10 59
79 30
51 3
51 6
28 38
40 45
76 18
39 65
73 53
30 44
1 63
40 66
10 47
58 61
76 4
44 50
67 2
4 21
7 40
6 27
63 3
71 17
62 49
7 49
36 42
72 13
13 24
32 36
66 39
54 1
25 67
72 29
7 53
14 50
12 75
5 63
35 46
49 61
69 57
31 36
79 65
15 77
30 43
52 16
35 68
21 67
37 69
47 75
13 67
71 35
49 66
34 36
6 78
36 53
72 25
6 32
16 53
63 40
21 29
40 61
10 25
61 25
33 76
59 17
50 36
66 2
3 22
74 52
74 15
20 70
66 19
6 46
12 49
15 61
53 35
35 73
21 56
40 60
76 77
69 66
58 20
8 10
61 78
24 72
75 67
73 14
15 22
61 67
4 26
32 34
14 21
65 9
12 24
35 79
55 65
52 48
23 75
12 55
4 31
46 48
60 31
68 41
55 5
40 51
24 61
61 36
6 67
46 72
74 42
78 73
54 19
7 76
10 36
63 36
70 68
75 18
2 24
60 32
28 34
14 71
5 33
7 60
50 25
56 59
3 23
16 23
2 77
48 79
51 79
10 75
67 19
5 36
16 46
54 35
72 7
55 16
54 11
0 47
24 44
55 9
10 16
67 1
17 70
26 63
75 44
33 78
22 53
44 47
12 16
38 70
2 29
51 69
43 46
63 75
0 25
53 21
57 39
77 16
50 56
28 62
36 40
22 23
5 37
9 47
8 39
54 46
26 61
52 36
47 77
38 61
58 8
13 66
56 26
57 60
15 50
25 62
55 59
69 26
58 71
2 58
51 18
72 48
6 14
54 29
13 29
70 31
18 64
68 62
18 79
5 69
37 58
28 53
57 23
45 47
8 34
79 23
37 67
11 21
19 39
14 77
63 74
28 57
79 25
62 38
20 23
62 37
14 38
31 61
67 44
73 9
10 39
22 36
14 26
26 78
54 70
11 52
60 24
69 49
50 22
34 38
3 25
52 4
7 77
30 50
78 64
63 43
64 49
68 16
72 4
25 45
8 24
62 8
78 16
21 46
1 13
54 13
36 68
16 75
37 41
62 74
63 42
40 69
73 26
38 46
1 68
76 43
4 22
25 68
50 46
69 30
64 76
30 64
3 28
0 2
11 79
30 56
26 28
50 11
5 6
54 4
5 47
79 69
47 61
0 37
26 66
49 76
18 62
42 50
12 46
10 11
67 42
74 41
56 27
32 50
65 47
25 26
74 75
65 33
7 9
10 54
11 15
54 14
71 9
19 63
19 69
70 12
78 67
16 71
50 61
31 42
24 59
68 48
65 20
63 78
79 73
53 0
12 43
6 11
65 70
10 21
18 68
3 37
79 42
24 25
16 60
61 59
53 25
54 73
55 0
8 36
79 41
69 14
55 23
76 12
53 60
4 19
4 37
8 68
3 47
63 0
20 26
65 43
8 27
13 73
9 19
66 20
64 6
62 36
73 48
73 67
5 14
52 26
53 4
63 23
24 75
6 20
69 8
2 31
24 38
17 63
26 42
19 38
13 37
17 41
72 45
48 54
65 48
4 11
14 49
43 77
58 21
63 79
23 41
68 3
71 37
52 51
4 32
14 60
26 39
2 74
52 57
50 17
71 50
26 34
5 72
20 78
77 44
49 59
63 14
11 66
69 48
64 56
14 76
73 63
3 38
36 69
66 48
67 17
56 7
71 36
63 10
2 33
63 9
8 12
53 31
77 0
67 18
16 30
74 9
56 6
73 2
58 29
51 16
12 44
0 18
27 59
35 57
61 46
75 46
27 58
20 64
71 10
36 73
30 66
70 64
24 58
53 8
6 44
72 69
32 76
76 19
78 56
0 64
9 42
67 38
69 18
2 41
63 24
42 47
5 60
17 26
20 35
2 59
37 79
76 74
71 70
66 72
20 31
38 45
72 9
7 16
0 52
33 73
9 40
37 74
50 38
58 68
29 55
12 35
56 11
0 19
33 68
4 16
58 67
78 17
55 2
70 45
49 75
44 66
72 39
30 61
2 50
12 18
79 8
79 15
79 10
21 44
4 6
69 54
64 50
62 69
56 18
8 55
22 58
53 72
31 34
21 43
11 72
9 60
63 12
15 27
18 24
21 57
50 12
3 36
44 48
54 8
32 57
26 64
33 53
1 45
76 26
50 26
57 48
33 75
55 52
34 53
2 51
4 25
9 69
21 45
68 14
47 67
6 53
28 40
20 67
7 37
30 51
65 13
10 70
12 33
9 35
54 39
39 49
10 26
78 14
60 65
61 33
70 37
77 40
60 10
1 58
50 67
34 51
27 38
12 19
12 40
67 64
79 17
75 38
2 60
63 11
39 74
6 19
21 32
3 61
57 74
13 46
45 73
61 1
70 35
24 43
71 49
15 39
67 29
32 70
16 22
24 36
17 51
78 24
34 61
2 69
60 44
51 41
36 76
29 61
2 57
17 36
42 65
73 0
72 43
37 47
13 34
1 24
73 58
5 28
2 38
7 62
53 69
65 40
21 61
21 25
62 35
12 65
62 32
68 4
31 71
61 23
4 65
18 30
33 79
57 12
58 19
2 9
11 36
74 35
72 28
42 75
15 69
10 32
4 23
