109 51
94 33
90 48
13 92
61 79
91 31
40 71
92 31
7 18
94 85
89 119
47 98
39 118
110 30
33 52
77 116
6 95
116 20
108 105
103 81
18 118
3 42
49 105
15 30
10 99
91 115
110 23
95 108
119 90
19 58
11 46
65 86
98 109
16 78
48 116
40 61
48 76
19 74
75 105
105 56
17 75
11 40
9 65
99 77
11 39
16 52
24 58
16 110
109 117
97 26
12 111
29 31
70 94
35 117
18 51
6 79
21 35
36 77
77 88
32 73
26 70
9 12
23 54
77 119
114 17
3 74
14 37
55 88
118 12
45 91
101 89
113 62
91 26
43 104
31 84
70 100
74 91
7 88
10 119
44 81
100 113
92 34
16 70
13 78
20 42
65 96
102 59
0 2
67 99
10 29
78 116
26 50
111 5
83 87
8 9
25 111
102 86
28 53
32 62
40 78
82 112
20 76
9 108
84 109
92 75
96 7
20 99
117 51
43 115
107 62
3 69
92 77
38 76
56 75
90 59
111 59
99 65
32 89
23 102
91 52
12 96
1 55
1 9
113 44
100 57
33 69
29 60
84 87
54 86
67 68
5 47
27 62
25 58
108 54
83 109
104 0
34 117
5 100
55 78
54 64
98 74
113 65
26 32
61 112
54 68
5 7
114 117
7 81
2 8
106 44
14 29
98 45
83 113
58 93
12 38
109 59
100 72
45 92
84 99
97 80
97 36
40 62
110 67
97 25
90 34
96 75
32 119
98 37
17 60
54 116
28 44
59 63
37 68
1 8
117 65
107 22
98 103
67 80
90 93
102 41
47 75
85 105
9 29
53 119
22 25
8 25
2 52
31 80
119 106
96 54
49 55
108 24
50 65
71 110
23 50
70 92
93 15
29 56
21 60
2 20
99 5
28 105
93 81
97 51
95 86
19 47
33 54
67 101
7 66
70 106
34 38
28 98
108 6
112 76
29 51
13 105
109 77
43 98
108 70
14 48
25 38
95 40
1 24
117 44
93 68
21 30
35 66
24 118
40 109
62 105
115 73
113 35
61 67
2 18
92 9
0 11
70 104
4 40
17 88
90 79
70 101
105 92
118 31
54 70
6 103
41 46
31 86
29 52
96 61
34 99
7 39
115 72
65 101
18 39
115 32
35 62
44 59
54 69
5 9
31 113
109 49
48 89
3 88
2 57
10 78
1 42
12 20
103 48
15 28
107 3
117 1
10 81
14 24
11 23
26 84
114 5
99 72
103 21
13 23
20 62
64 97
83 107
1 29
21 59
26 110
67 100
28 75
64 100
38 87
39 40
48 86
96 117
68 90
20 26
2 118
21 67
17 30
103 75
52 77
33 104
98 54
111 46
51 75
96 115
18 36
11 89
114 42
51 80
13 19
32 56
110 5
3 13
31 108
93 34
62 103
119 26
116 119
111 76
28 117
98 33
58 115
100 6
36 48
39 94
94 51
59 60
85 90
105 117
81 85
25 77
85 108
4 114
98 36
118 3
42 66
58 118
50 72
20 86
24 77
102 25
74 104
49 74
61 63
33 93
117 64
21 91
71 118
8 75
23 71
29 74
0 77
108 61
119 118
58 103
11 43
55 75
114 27
2 24
9 110
112 91
51 65
7 117
75 107
54 61
11 15
24 53
110 8
29 78
11 95
34 106
42 63
16 56
66 85
112 3
10 107
36 42
5 107
63 97
34 66
8 90
5 24
101 116
47 101
5 33
109 45
2 73
63 105
51 101
91 17
11 118
28 60
49 61
28 100
9 93
111 43
66 111
43 94
39 77
100 92
11 88
25 90
9 54
16 23
10 113
65 73
0 80
15 107
19 80
111 32
108 53
35 40
26 78
17 102
72 80
110 97
103 82
59 84
112 13
15 35
2 102
89 99
31 71
91 67
119 14
14 50
37 76
90 44
93 0
33 58
1 58
114 94
117 27
103 22
27 58
32 103
108 43
103 55
46 100
14 69
13 16
89 95
42 117
28 85
93 54
94 76
16 43
96 51
66 109
18 83
35 37
41 116
72 73
37 71
95 65
7 8
12 105
21 86
42 75
25 44
55 99
59 110
75 77
59 117
35 74
38 70
119 38
21 99
90 97
106 41
45 50
109 87
39 67
108 67
5 26
99 73
5 27
99 52
94 28
26 36
105 16
62 71
28 71
119 60
109 47
78 115
3 24
19 110
17 48
10 62
93 84
46 85
30 101
44 45
95 19
21 85
8 68
2 72
16 38
96 59
24 86
109 74
76 103
96 56
30 56
11 60
81 106
67 112
39 52
38 85
55 105
19 108
67 94
77 112
108 72
36 56
43 62
28 99
90 9
107 21
108 102
1 33
57 88
43 70
68 74
35 54
83 101
90 21
118 50
48 99
32 49
112 70
37 111
13 79
0 101
34 55
36 51
93 70
115 33
48 52
11 38
109 64
7 71
4 37
119 88
38 67
7 92
11 71
50 68
85 115
113 72
59 107
90 104
48 92
77 114
29 46
33 119
112 66
39 83
24 46
91 87
113 12
66 106
92 116
82 97
110 76
31 59
108 33
8 99
29 90
47 54
97 61
0 107
2 41
45 117
60 99
79 83
57 79
80 101
10 61
15 49
46 98
93 106
118 63
11 16
46 58
82 84
2 7
3 98
93 12
21 42
38 45
112 68
29 59
10 111
68 113
17 44
109 5
110 34
24 104
62 63
110 78
44 54
23 47
13 25
115 25
45 79
92 63
44 86
3 29
20 83
105 1
87 102
11 24
2 35
13 64
100 86
18 89
102 71
105 30
22 52
116 89
9 57
23 32
116 23
56 104
107 108
96 26
4 106
50 99
69 116
105 72
14 20
63 78
73 100
92 101
64 102
44 58
22 36
53 58
5 23
11 30
52 55
109 108
105 41
28 33
23 81
95 37
4 81
22 89
108 25
36 90
8 57
46 99
99 110
108 69
93 62
40 116
110 90
47 72
90 43
0 68
14 17
114 76
43 113
28 84
119 108
29 67
16 45
25 50
114 60
84 112
61 102
51 103
25 26
87 106
3 25
91 38
14 63
45 94
69 113
117 30
119 29
31 75
94 18
18 101
16 115
1 27
10 73
47 73
1 63
86 89
116 2
7 90
43 68
115 36
5 29
101 109
113 17
14 102
119 43
68 107
112 38
111 57
10 42
37 81
113 106
93 5
13 53
51 69
44 72
107 65
95 8
105 89
98 60
26 85
107 33
26 61
2 92
116 22
3 55
26 73
103 96
76 77
7 50
80 103
4 76
23 46
98 19
8 97
57 117
94 8
21 54
22 61
0 20
0 117
59 97
60 116
119 28
99 30
16 37
36 93
34 60
37 118
117 43
4 108
6 58
22 46
13 69
57 65
104 93
112 0
119 31
29 55
12 23
15 34
95 26
111 30
102 42
36 68
3 53
116 72
98 84
113 73
119 105
45 70
117 37
107 12
79 108
50 59
16 98
76 88
5 41
94 98
6 40
51 84
106 61
58 85
36 102
72 96
34 68
114 58
24 33
4 30
67 71
62 82
3 100
86 106
26 33
97 85
94 77
27 67
13 56
107 57
21 55
28 67
14 45
110 57
5 36
42 68
111 92
17 92
26 105
115 22
94 68
56 97
98 78
37 38
49 93
23 103
64 99
31 58
17 79
39 46
35 56
42 49
41 91
102 12
99 12
98 21
58 59
71 83
49 85
29 93
72 97
18 61
33 60
106 68
95 1
12 16
20 53
31 72
105 50
24 78
30 31
13 114
105 31
54 117
119 73
91 103
111 4
10 63
101 54
109 86
54 55
6 115
2 96
36 47
12 80
55 92
93 98
61 116
51 81
22 31
32 99
43 63
1 109
56 68
82 85
48 55
49 65
108 78
41 81
96 23
29 89
24 31
15 45
55 101
36 86
71 74
109 33
94 89
99 96
9 47
64 106
15 20
42 83
27 115
48 59
12 69
37 92
97 67
112 40
96 30
113 39
25 39
12 108
34 104
68 104
3 51
44 52
107 55
106 75
65 83
46 59
8 36
15 106
92 46
94 49
82 89
0 12
23 26
25 105
21 114
75 86
16 28
75 81
113 67
30 34
8 40
33 71
0 99
83 85
33 99
34 50
38 40
64 105
21 71
105 110
111 81
111 38
23 27
106 0
73 118
0 69
118 93
110 73
64 96
85 109
106 40
105 39
4 49
9 34
106 43
48 106
119 54
43 85
112 39
47 64
74 118
30 63
14 76
114 31
94 79
41 75
118 52
32 46
62 84
21 52
17 107
108 23
83 95
50 58
17 104
14 101
59 94
20 97
6 52
114 97
109 76
26 101
27 118
107 76
68 71
23 114
36 92
35 75
9 63
71 79
69 103
32 53
74 77
91 16
63 109
16 40
47 88
4 66
27 60
18 71
94 9
40 56
99 80
27 36
10 118
18 111
4 93
97 41
40 102
27 41
71 81
41 69
114 0
82 114
49 112
102 0
10 26
116 8
20 21
115 47
37 61
0 43
1 100
95 53
111 54
24 75
15 51
24 85
73 95
21 31
31 38
107 46
97 78
35 36
25 47
28 45
32 98
7 10
58 62
74 97
28 59
119 22
51 93
6 106
56 63
2 99
4 22
106 45
26 108
64 110
77 95
12 24
63 64
23 38
33 86
111 21
73 93
55 85
94 54
109 61
101 50
102 3
115 10
9 97
118 88
116 118
41 73
3 106
74 85
20 98
107 14
56 88
53 117
39 95
115 51
48 109
90 3
20 24
115 95
42 105
22 71
16 104
55 64
106 67
91 68
61 93
12 34
119 87
11 70
44 51
18 24
101 81
9 33
70 91
17 103
12 104
90 63
5 85
109 50
13 44
72 88
113 46
15 41
110 36
12 114
105 18
6 26
8 55
3 48
5 87
73 116
110 44
60 104
105 60
62 87
27 102
103 28
3 81
47 104
23 40
18 79
69 112
79 119
83 97
7 63
104 66
64 118
116 33
107 2
10 64
28 65
17 118
0 51
9 27
3 49
76 102
91 108
92 87
44 101
4 84
34 63
106 7
43 92
108 48
25 48
16 39
2 106
114 26
91 85
17 93
104 108
46 52
5 115
31 69
2 100
22 90
15 112
14 70
95 34
96 57
45 76
94 10
46 50
15 25
99 37
96 66
54 103
117 87
78 112
64 103
16 34
47 69
118 59
87 94
0 113
23 52
104 49
96 68
26 100
41 44
97 113
109 4
105 15
106 32
69 73
58 86
25 85
113 29
40 52
38 71
31 53
16 99
56 81
72 114
75 97
11 73
67 72
47 57
92 85
37 51
75 111
34 59
107 43
91 71
94 80
104 59
109 3
41 99
28 62
39 108
86 115
40 41
103 10
8 91
43 112
84 115
33 61
60 80
11 115
41 62
103 2
19 90
37 112
112 19
43 67
104 79
5 68
117 46
112 83
52 70
100 75
29 92
58 65
77 106
16 64
15 91
3 36
40 55
107 53
112 80
33 44
115 87
34 100
70 71
81 109
16 113
44 53
32 67
2 82
58 98
112 50
106 102
17 25
49 96
6 90
44 93
3 46
119 15
93 43
8 98
0 45
69 114
104 65
73 75
13 22
103 87
114 68
21 61
8 15
96 31
46 72
12 44
13 119
51 58
39 70
49 69
38 117
24 83
100 80
39 58
40 107
64 114
29 49
33 34
70 115
10 15
7 15
113 38
118 47
113 40
46 68
35 52
14 65
96 60
17 42
99 36
77 85
2 16
44 71
80 83
61 110
78 85
64 78
110 112
7 24
90 38
22 33
64 107
107 70
69 99
66 78
104 27
30 43
117 74
36 74
24 80
71 95
19 40
79 89
86 88
31 64
44 50
9 35
32 96
115 108
29 47
10 47
23 64
7 59
22 99
112 12
94 65
17 45
94 14
16 60
53 70
108 88
18 82
3 28
39 97
36 108
62 81
21 88
118 72
26 81
12 56
111 60
81 102
100 16
95 13
99 113
33 73
1 108
101 61
111 72
59 73
90 35
106 72
109 26
117 110
114 105
3 101
59 62
29 109
107 74
57 64
74 106
116 45
31 88
91 83
21 29
40 84
66 75
31 35
95 91
12 86
19 63
71 106
109 65
10 105
115 88
117 66
58 119
17 99
11 26
118 5
92 35
9 46
22 57
108 100
0 97
90 71
5 64
90 98
47 92
7 79
1 11
60 61
57 109
36 84
55 79
42 57
112 57
34 73
89 108
85 89
110 47
6 23
33 36
4 102
11 80
55 87
98 38
92 72
2 15
79 116
27 76
104 10
97 54
95 63
44 77
46 108
2 83
3 65
80 117
3 92
0 66
65 80
98 31
27 107
112 51
110 37
96 37
108 47
46 64
22 23
35 49
118 110
47 70
20 80
53 116
17 82
10 101
108 58
117 92
3 97
94 44
26 115
8 103
114 78
71 89
42 44
13 33
93 87
5 77
96 111
31 95
25 72
94 4
40 43
11 48
104 64
4 63
17 83
93 50
10 19
114 52
76 96
96 11
26 76
14 84
92 22
61 115
48 79
17 80
34 97
55 98
73 98
3 94
28 32
43 86
113 20
98 9
97 81
23 117
77 80
6 74
16 25
76 90
83 90
21 34
51 77
29 45
116 19
27 113
53 112
31 76
108 27
31 97
111 114
10 30
3 104
4 12
68 115
26 86
93 112
25 83
22 67
45 93
108 30
20 109
1 18
23 72
11 44
12 77
18 81
26 45
50 73
48 74
27 42
92 23
118 89
39 117
13 48
94 108
4 17
106 24
16 93
35 53
104 29
68 75
41 111
19 79
116 21
68 88
70 113
40 64
14 40
103 72
94 48
60 83
13 20
108 10
113 51
17 18
23 69
117 29
103 83
7 67
103 9
106 73
45 63
68 97
62 110
116 28
90 87
59 83
16 51
55 110
16 103
10 66
23 83
55 70
2 98
40 59
91 36
13 51
0 118
15 117
9 44
104 7
97 17
36 112
45 89
22 24
4 71
116 17
101 49
17 65
29 115
14 52
64 98
31 73
105 19
30 84
13 28
77 82
112 115
79 87
100 8
35 79
32 41
2 27
91 58
24 30
34 52
27 63
6 36
119 47
113 37
69 119
21 84
11 55
4 48
116 65
105 29
91 43
91 64
4 119
2 13
59 61
18 109
16 27
93 72
30 79
9 83
47 89
28 46
113 3
52 84
13 24
5 98
18 30
38 118
71 107
111 110
9 15
21 87
105 14
3 76
19 78
110 94
95 25
6 57
64 119
23 82
68 119
90 14
19 61
7 44
115 80
37 108
104 105
3 114
66 92
4 50
85 110
32 93
106 31
10 98
45 80
100 84
106 57
12 18
105 46
88 107
15 40
115 21
9 25
116 70
110 48
21 25
103 60
50 96
40 76
19 62
100 45
6 101
108 71
117 12
111 17
34 58
66 74
80 108
106 16
112 25
119 20
118 42
99 90
50 69
113 117
109 107
100 88
12 13
49 60
13 38
65 115
34 71
7 33
102 65
115 54
106 110
20 55
75 84
28 64
19 52
110 79
107 24
38 51
44 107
1 60
30 64
109 71
8 96
116 4
32 54
3 52
110 32
114 53
28 93
96 28
74 78
90 17
98 113
38 103
99 25
41 61
4 5
112 96
4 75
8 42
18 95
106 35
8 119
41 77
4 42
11 29
23 70
60 77
108 2
91 5
8 113
37 75
102 73
105 53
5 53
61 75
113 105
48 83
105 4
8 106
94 26
34 119
2 112
100 4
95 0
9 10
16 46
100 61
13 65
26 102
65 66
117 22
46 62
99 26
111 77
63 110
36 119
107 80
91 1
101 97
43 81
1 10
31 103
114 22
115 12
113 11
98 29
39 69
31 66
45 62
109 68
93 7
114 79
23 66
70 86
62 78
81 116
18 57
40 96
48 115
17 59
110 89
2 39
98 49
88 111
1 51
53 89
107 79
2 109
45 105
27 106
27 80
97 58
4 70
55 104
94 88
15 101
42 54
48 66
66 105
29 30
106 103
27 103
16 69
98 99
28 61
106 38
30 80
34 45
73 92
75 83
108 111
101 17
101 23
90 112
53 65
9 48
87 98
26 89
36 116
93 59
27 78
48 111
117 14
7 95
46 67
27 30
25 66
88 106
74 86
95 68
119 44
104 28
1 84
55 60
97 30
118 6
101 94
39 53
5 32
54 78
11 92
112 28
58 83
45 85
41 108
94 41
97 33
33 45
114 33
