135 52
28 58
46 87
135 58
10 48
123 127
0 10
18 82
59 115
132 127
34 130
107 112
130 28
136 49
112 122
70 74
15 107
25 58
51 80
6 82
139 111
42 126
66 117
0 91
58 82
135 116
130 121
19 128
134 57
11 125
130 14
8 34
21 42
5 102
62 68
73 116
44 137
6 117
60 64
31 106
16 70
48 102
29 45
109 114
76 100
14 97
95 100
125 128
88 98
21 78
31 54
68 124
43 75
15 66
137 60
76 124
90 125
108 134
58 127
8 9
8 92
28 120
45 134
40 70
19 33
25 95
93 121
3 115
109 131
76 87
26 120
14 83
24 30
110 124
23 109
64 69
88 131
23 127
60 62
135 38
0 134
137 78
34 38
33 124
76 121
18 127
30 134
50 107
105 114
8 50
134 119
134 81
73 98
12 95
94 133
86 88
49 114
131 115
49 113
3 45
49 118
133 90
94 125
87 112
65 113
35 62
136 8
13 31
47 116
56 76
7 99
88 118
18 29
54 118
13 38
131 4
136 35
25 71
21 60
28 63
61 98
1 120
131 57
54 103
58 74
7 29
111 121
68 82
134 125
18 75
33 101
115 121
9 53
36 106
38 139
16 55
17 102
60 131
78 113
44 93
114 129
79 117
136 124
91 116
35 71
137 63
81 133
14 42
28 80
133 42
28 96
6 78
11 37
83 114
27 66
130 73
12 23
78 91
13 85
16 44
51 96
2 51
13 80
40 90
139 113
44 63
38 110
70 134
33 134
14 66
74 139
10 73
136 81
15 126
73 106
136 82
0 43
91 123
21 73
45 76
17 33
21 35
53 59
137 3
61 106
72 92
130 97
57 58
15 17
113 117
74 129
26 109
85 123
14 79
77 122
127 129
101 130
45 103
7 13
96 138
6 46
18 92
30 115
130 98
59 61
19 73
40 127
26 52
81 106
42 100
77 112
62 122
63 93
26 128
33 35
46 66
70 101
30 68
97 109
69 119
73 77
37 129
115 129
26 43
139 82
71 108
10 44
61 137
138 59
26 113
106 124
133 40
20 29
8 110
23 107
41 70
4 122
15 52
18 27
86 138
42 75
62 119
56 114
80 81
16 31
123 133
94 100
27 28
4 52
61 107
22 105
106 111
37 59
74 101
32 130
134 34
133 108
22 56
67 87
5 127
52 53
46 121
36 45
85 134
41 101
73 135
36 92
138 101
63 124
6 113
10 29
131 87
18 53
62 66
24 75
12 69
38 80
136 56
130 71
36 125
32 96
14 139
25 76
14 55
110 129
26 103
17 78
35 94
82 114
18 101
11 80
27 74
113 115
97 127
17 128
74 108
64 87
64 86
99 119
139 7
55 62
57 99
27 42
85 94
4 30
132 53
10 68
91 112
62 109
6 80
97 113
62 104
37 49
14 28
83 126
131 116
37 67
51 98
62 124
31 125
48 69
57 138
31 124
103 115
47 73
2 135
105 111
0 62
50 136
9 101
0 61
28 55
27 75
46 97
35 65
65 125
112 116
65 100
9 66
6 38
53 110
118 133
22 36
50 70
33 58
34 107
16 118
18 33
16 119
29 62
18 89
15 46
42 109
82 86
17 138
139 116
118 130
94 128
10 111
43 52
100 125
98 115
43 54
79 93
3 76
88 94
45 136
30 49
85 99
10 50
30 35
72 88
81 119
19 129
5 104
40 72
4 104
30 33
75 119
17 133
16 116
120 129
53 86
41 69
4 113
50 105
116 129
31 93
81 123
6 53
24 131
1 36
102 125
132 15
33 67
30 116
21 28
122 128
75 118
136 91
31 46
91 133
130 30
52 78
43 84
23 67
137 32
139 26
1 17
57 83
16 76
32 60
67 112
28 89
74 90
46 50
4 78
50 112
80 128
56 121
63 99
69 86
25 28
21 55
66 119
131 80
83 108
116 118
50 76
126 137
101 135
36 39
57 122
65 95
106 121
7 34
93 134
35 63
36 104
36 107
37 107
2 119
73 78
44 135
131 23
29 52
23 96
110 133
130 11
6 127
15 37
10 47
35 99
49 137
7 100
132 123
23 62
30 125
71 86
47 63
90 94
27 45
33 53
36 77
74 91
23 91
130 40
3 52
48 133
20 70
100 123
39 103
104 128
16 79
7 109
70 95
49 91
9 39
96 119
52 119
130 109
15 22
12 117
50 85
27 91
27 29
56 63
71 133
81 110
36 59
113 134
5 32
22 97
10 96
5 60
98 124
75 85
93 102
44 91
138 62
94 110
93 112
127 136
65 72
47 61
19 59
107 109
30 53
71 79
24 126
3 33
52 113
132 102
110 132
58 128
10 32
70 121
23 43
14 53
58 80
5 52
34 120
135 114
5 6
6 21
34 57
65 114
33 42
32 128
135 49
83 118
19 112
27 106
22 40
6 134
134 5
77 92
55 122
21 110
68 101
4 94
29 65
96 136
78 116
25 110
124 129
15 62
18 47
41 108
24 77
77 80
109 115
9 54
114 125
84 118
27 125
58 120
101 134
60 91
6 126
135 102
25 107
93 107
9 28
22 60
4 13
37 66
58 71
48 100
86 124
13 34
35 80
29 123
138 51
138 64
59 110
139 23
68 81
29 67
17 81
131 17
33 43
23 46
133 50
29 118
69 92
64 82
68 113
65 74
40 123
29 63
12 66
52 76
83 109
88 111
138 70
85 97
16 42
57 72
88 117
56 110
59 125
109 111
6 132
5 73
28 88
68 115
22 39
47 136
51 136
50 128
85 129
9 37
21 112
101 137
40 53
43 125
136 67
84 109
83 94
31 136
138 106
5 16
139 57
58 111
131 66
60 65
139 61
45 118
51 58
105 108
34 87
25 50
31 128
56 77
39 135
139 8
86 121
80 93
31 137
82 133
33 77
37 48
138 42
29 31
134 49
32 97
45 70
62 135
48 116
6 125
133 65
22 113
3 43
83 99
13 119
133 77
48 95
25 56
10 131
7 102
29 114
74 135
13 129
53 84
95 103
60 73
69 111
97 115
38 97
131 129
53 68
136 9
29 53
89 93
97 108
62 87
98 113
34 98
111 134
59 104
78 83
80 97
70 96
30 70
35 87
9 27
41 123
22 94
6 27
45 99
0 136
72 91
11 78
20 78
69 136
7 51
70 87
54 105
130 105
22 37
25 128
30 67
122 138
23 47
94 130
45 52
21 129
92 136
131 51
60 136
29 139
52 111
32 122
120 131
67 133
45 85
27 80
9 120
132 101
38 64
133 103
0 39
69 109
8 67
91 108
41 54
135 76
79 92
7 130
68 103
138 102
34 67
63 122
94 103
102 130
58 116
20 44
53 127
34 62
23 48
132 94
25 65
24 116
136 98
2 92
8 61
11 72
83 98
89 110
97 128
75 78
21 45
75 113
80 132
6 74
5 13
79 111
25 99
47 126
45 120
99 113
60 113
11 106
64 65
84 111
59 132
17 63
16 43
27 104
135 43
72 108
10 55
11 127
25 108
30 118
90 124
112 129
93 120
110 116
80 85
133 30
15 86
67 95
23 128
138 136
36 73
131 65
109 124
138 110
99 106
111 129
88 129
18 44
63 77
6 60
65 112
139 102
56 83
0 76
33 47
55 61
41 135
61 97
14 52
80 92
9 23
102 128
130 123
56 101
30 86
53 95
23 82
10 97
44 89
103 111
65 79
28 122
13 41
2 125
68 135
77 79
44 138
0 55
77 105
125 137
7 21
133 19
34 52
48 91
130 135
68 121
56 57
36 103
88 99
56 89
9 29
1 14
130 111
135 60
43 68
133 69
77 119
21 98
23 134
136 70
65 77
55 74
67 75
72 80
103 135
12 120
2 10
97 119
67 116
45 91
138 1
75 112
4 28
77 88
10 91
9 108
73 107
62 131
11 31
110 126
20 54
7 17
10 65
92 108
99 110
25 75
43 77
74 107
87 90
137 107
18 124
24 118
61 63
97 105
138 115
36 114
139 55
138 49
4 99
103 134
29 76
44 121
0 100
137 24
109 116
36 47
134 2
132 74
43 136
76 138
73 83
66 82
7 105
137 48
52 69
107 122
136 52
86 98
13 42
19 53
7 66
21 25
75 136
25 133
25 57
60 95
93 108
118 122
47 108
14 61
53 83
108 123
15 49
28 138
28 114
4 139
139 11
99 132
62 79
74 127
22 130
88 104
23 99
67 108
60 106
108 113
134 29
77 131
33 103
26 31
132 3
27 64
35 118
135 50
57 100
56 124
138 41
93 133
131 79
90 108
1 45
9 65
68 93
89 128
50 96
77 117
87 110
31 130
136 21
131 25
110 121
95 115
36 53
21 63
94 96
93 106
27 123
19 61
3 82
30 72
34 48
136 39
6 31
109 118
85 127
65 69
19 106
12 87
41 84
5 91
15 36
56 65
4 42
31 67
138 81
12 139
31 37
69 90
12 92
15 64
27 44
134 82
18 19
67 127
56 74
130 43
14 96
101 112
113 130
25 123
107 111
48 62
16 114
34 43
9 109
69 76
31 79
2 57
128 138
32 72
5 53
65 111
41 133
3 28
82 127
18 20
2 118
1 89
0 132
40 91
61 109
25 73
53 74
26 111
91 137
65 94
108 115
1 27
0 118
67 131
56 139
93 111
8 102
3 7
68 117
4 45
65 93
9 56
14 29
81 97
31 134
44 124
44 100
97 110
11 100
14 101
32 75
41 106
48 112
42 91
19 62
65 97
41 79
29 91
21 116
45 74
136 7
73 133
32 120
0 135
51 127
7 60
80 134
23 60
8 46
13 96
75 87
111 115
76 79
127 134
92 100
28 127
64 139
25 62
62 136
52 106
93 139
32 49
9 14
108 121
49 59
67 138
2 133
84 103
7 22
18 68
137 56
77 94
130 122
139 59
21 56
25 45
62 110
131 18
137 27
4 101
13 50
48 132
17 132
11 61
10 26
8 79
0 113
21 83
134 100
19 116
107 110
137 94
69 138
104 117
41 48
83 112
65 106
6 77
9 59
86 127
52 118
42 137
25 43
137 45
6 106
21 99
29 32
75 89
39 138
51 54
47 96
9 91
8 103
7 92
46 109
24 88
78 126
136 63
11 23
18 60
11 57
139 5
3 83
41 59
72 133
40 126
46 52
41 87
12 68
16 17
6 40
51 69
81 87
27 55
47 111
24 115
41 126
130 129
34 101
16 60
131 105
104 120
134 52
15 109
39 64
5 65
137 71
21 74
80 101
134 32
21 36
65 109
134 54
66 120
35 76
11 132
17 49
26 97
79 135
9 97
10 126
1 31
31 116
56 86
23 33
134 58
116 136
24 52
32 102
2 77
56 94
15 69
40 105
100 137
101 116
34 51
96 114
37 78
38 133
21 23
46 133
14 36
51 57
124 139
28 69
6 51
137 105
20 113
34 123
106 114
86 111
31 87
131 12
2 91
134 35
70 94
2 54
84 137
54 66
14 57
1 41
62 127
67 76
3 99
11 65
24 64
52 100
59 107
11 47
4 18
28 45
50 71
137 50
89 101
40 67
18 22
2 71
125 131
96 108
27 113
67 69
107 128
117 118
58 113
92 101
94 116
1 123
18 40
66 74
26 35
34 132
7 45
2 105
12 65
38 98
46 115
83 88
59 112
91 111
88 136
36 129
10 64
41 120
23 85
134 90
44 80
60 119
29 38
138 112
72 99
83 120
139 63
102 105
136 26
13 89
139 134
10 81
16 32
13 26
9 77
22 128
29 117
125 139
5 71
12 75
5 40
48 94
14 77
59 102
64 108
48 65
14 67
139 43
2 32
32 34
67 90
49 76
46 104
74 123
18 85
45 109
16 25
55 116
139 58
131 61
18 88
37 76
32 65
33 50
16 95
21 90
47 129
97 98
22 47
68 137
45 102
3 138
11 54
53 70
6 128
1 18
48 103
7 128
65 115
45 79
96 121
15 96
14 88
51 130
30 42
35 50
135 32
23 92
135 104
115 127
2 18
0 117
87 136
130 49
3 62
49 90
19 60
44 79
106 139
56 107
48 106
137 92
2 107
3 31
65 78
58 110
40 112
10 60
43 85
17 139
40 56
50 79
82 120
29 105
137 69
13 70
35 45
34 88
18 110
96 129
72 131
95 101
93 110
17 30
63 83
130 46
72 83
58 138
99 127
16 83
86 108
33 137
3 24
112 133
3 56
42 121
30 126
22 126
31 60
46 98
15 113
134 22
130 80
139 127
44 78
51 68
85 112
53 111
18 62
76 112
37 38
18 84
20 75
87 108
14 134
7 117
74 114
37 44
79 124
77 102
134 135
65 118
21 57
59 118
31 117
26 123
139 48
53 66
25 134
55 89
10 43
63 125
136 97
134 12
51 88
27 117
2 40
94 97
1 125
63 111
14 103
72 101
34 71
29 133
38 70
37 106
69 79
7 16
71 120
113 127
47 112
72 125
33 63
37 112
44 94
45 122
8 25
52 60
11 131
133 120
21 67
134 59
56 64
55 128
58 93
63 86
9 16
16 62
24 39
102 134
36 137
81 99
19 105
50 93
99 108
18 61
136 119
5 67
83 124
21 118
6 116
19 125
25 79
132 85
131 85
91 110
98 133
5 30
32 109
69 114
69 128
65 104
3 84
2 117
131 112
11 33
54 107
38 53
31 61
136 130
93 94
30 107
78 110
7 48
70 137
68 108
5 92
11 45
31 105
22 106
6 49
136 22
76 104
23 59
21 131
74 124
137 95
133 56
71 88
25 27
18 81
23 87
4 81
18 55
31 58
57 70
73 109
31 96
65 130
40 82
28 95
31 131
32 118
0 65
134 92
65 132
30 37
92 127
131 40
122 135
76 89
47 128
51 79
36 76
32 110
96 115
38 57
32 80
132 113
96 123
78 136
34 68
19 123
71 103
48 67
75 120
32 94
62 70
50 87
30 109
62 116
8 21
139 15
4 114
130 115
4 38
75 125
90 126
139 31
116 120
85 114
78 81
12 33
57 81
130 26
37 89
9 43
1 32
100 113
9 61
28 117
3 116
96 110
73 112
63 132
6 47
132 87
92 125
26 92
22 33
109 126
8 115
88 121
12 133
12 61
50 92
20 121
75 101
41 78
115 125
3 6
15 54
52 83
12 76
98 114
0 82
72 74
0 120
4 63
132 107
0 70
28 79
20 28
28 47
79 84
28 73
36 117
30 85
69 97
21 92
40 49
10 61
10 86
43 108
133 45
34 89
25 51
17 83
45 110
26 105
17 112
56 132
49 50
97 124
18 93
51 102
31 86
80 82
52 132
26 87
133 4
84 117
15 40
51 103
75 77
7 70
11 43
42 89
54 101
41 134
65 67
59 103
107 116
31 100
82 118
40 139
63 81
37 120
0 50
16 27
54 133
23 116
38 87
132 18
15 47
59 108
54 112
70 97
36 123
103 118
44 49
43 88
118 136
138 47
132 39
42 59
61 87
70 73
30 81
98 134
12 15
72 98
20 80
23 81
135 40
135 29
42 99
95 96
53 62
15 124
53 102
37 65
60 111
63 117
27 96
0 85
135 48
22 107
37 42
26 75
9 20
77 130
56 123
6 108
6 139
19 98
20 53
31 138
30 40
9 67
2 129
135 96
136 44
48 124
62 63
6 14
95 116
31 110
139 49
37 77
22 135
4 29
50 53
75 82
23 93
31 102
134 1
35 108
82 126
38 84
43 122
102 115
53 112
131 5
11 81
13 95
134 69
16 134
131 86
57 94
59 111
39 45
139 19
38 81
7 43
23 94
139 110
44 109
13 117
20 116
40 61
44 105
37 115
137 132
2 46
1 51
28 115
56 78
62 75
112 134
64 72
26 126
137 55
44 84
135 15
91 106
107 130
117 138
40 132
23 95
79 129
42 63
18 24
106 134
64 124
85 102
64 115
45 57
132 4
72 96
0 89
68 75
68 104
89 134
1 25
133 96
74 84
28 87
3 87
29 73
40 73
102 117
42 43
56 93
2 109
57 108
81 88
22 63
37 57
14 68
15 115
41 52
16 68
139 70
138 97
36 91
101 129
44 114
53 72
44 67
36 132
14 109
122 124
90 104
114 132
23 133
132 111
46 114
133 68
54 60
8 132
21 113
1 105
115 123
120 136
85 126
84 91
135 59
70 116
43 48
11 73
139 104
22 64
3 51
89 115
6 20
32 123
38 58
5 130
51 92
135 18
46 80
22 57
11 12
2 128
133 128
136 74
2 90
33 88
24 97
90 103
12 124
14 69
134 44
77 99
22 54
18 97
26 48
10 79
63 98
116 124
13 113
43 138
72 111
38 73
118 139
74 82
2 79
26 104
1 129
72 127
10 35
84 120
36 81
13 27
66 80
56 138
39 86
64 121
72 135
0 137
47 55
4 134
7 32
123 131
54 77
61 86
41 91
62 76
5 103
37 60
1 56
114 130
99 135
65 88
42 101
80 108
29 55
25 117
57 92
24 105
27 46
78 99
23 113
117 121
138 125
139 137
22 50
91 97
63 91
99 139
139 103
6 17
75 107
95 131
79 85
137 39
96 98
133 78
90 122
35 107
75 83
80 109
42 50
74 92
65 87
33 106
89 124
89 97
55 135
54 82
44 57
25 34
56 90
75 138
42 51
16 128
5 24
43 62
134 97
46 71
133 61
52 102
43 107
100 109
62 133
54 131
36 58
84 86
92 130
70 72
82 94
63 100
69 120
58 95
6 16
43 73
116 127
133 121
93 131
111 136
136 110
108 128
33 44
133 32
40 115
27 128
47 109
21 87
33 108
23 69
138 33
50 132
13 65
25 77
9 63
52 101
17 117
4 85
91 120
35 115
88 108
17 46
137 9
138 114
48 77
19 110
49 117
105 112
64 113
12 42
1 67
137 72
35 75
45 62
10 66
20 90
13 40
2 101
27 43
56 84
1 9
23 58
31 129
134 55
5 51
11 70
17 48
133 86
57 132
58 73
132 49
65 117
86 118
26 135
21 109
56 116
64 107
90 99
47 71
53 105
56 131
44 127
43 99
138 26
86 110
26 68
84 130
29 116
135 84
10 49
16 136
59 113
1 102
51 100
62 74
30 66
133 124
18 114
12 82
78 114
67 105
39 41
1 82
44 83
52 72
59 117
92 120
65 102
0 30
12 77
19 31
93 115
138 30
74 80
41 63
130 12
31 45
48 107
110 127
130 100
45 128
59 122
22 122
39 50
92 135
11 39
43 123
39 128
84 94
48 64
63 78
135 127
55 67
62 120
136 2
77 106
58 98
13 94
12 60
55 113
29 82
55 86
19 86
60 63
8 60
20 42
41 89
2 113
40 48
1 21
137 114
131 2
82 95
34 117
77 100
75 106
4 19
9 134
43 59
76 80
40 60
33 54
22 104
112 128
63 80
62 100
85 90
43 95
119 130
54 137
131 135
11 79
41 102
73 131
7 64
30 80
133 28
47 68
95 138
104 116
134 8
48 72
14 16
16 106
7 36
134 60
19 114
102 104
116 125
48 111
43 134
36 131
135 12
23 126
14 123
51 115
12 17
80 116
4 15
131 106
25 39
10 93
8 71
64 109
65 119
97 132
42 123
89 117
45 101
131 124
135 126
76 92
85 111
32 42
18 50
20 82
65 80
47 76
2 24
0 56
36 138
22 72
24 73
47 107
135 46
55 111
112 126
56 103
128 136
57 93
33 40
22 112
132 14
136 105
61 116
71 94
102 127
13 103
64 71
87 114
120 132
95 99
69 83
76 125
8 101
60 99
23 30
69 104
1 64
14 45
99 105
83 102
83 135
29 121
138 78
55 91
138 84
131 20
62 86
3 4
17 18
32 67
32 127
15 112
93 118
94 127
40 66
54 120
2 138
50 110
1 22
106 115
81 83
7 88
5 123
139 44
82 104
