19 91
22 64
75 83
85 45
40 95
4 39
75 55
47 55
24 91
84 93
76 25
15 72
8 72
29 30
16 31
78 74
4 32
46 65
19 59
10 84
2 61
4 43
81 0
46 77
0 7
59 74
75 64
55 77
54 72
84 91
6 8
9 91
23 79
20 94
58 98
71 97
98 31
84 78
9 42
50 58
82 31
17 54
86 78
91 62
43 65
73 90
99 71
83 93
17 60
60 93
4 94
22 51
56 92
29 40
3 84
38 54
94 36
63 70
84 25
81 3
20 56
29 98
22 58
94 56
93 53
31 63
92 36
45 55
42 64
23 54
95 23
43 63
17 20
0 84
96 93
34 70
33 36
12 63
87 72
52 64
29 70
42 56
4 60
10 69
47 65
2 20
77 41
32 39
45 77
80 85
47 61
14 37
51 72
85 25
79 46
43 94
16 93
88 24
86 38
32 77
5 6
38 93
20 43
3 96
14 75
55 76
25 45
16 99
88 59
12 43
76 41
7 91
16 76
8 55
21 85
19 46
9 65
39 87
53 81
16 27
85 83
13 78
81 91
34 61
64 68
4 92
22 67
8 80
52 99
19 65
98 27
80 31
92 86
2 72
79 73
88 73
98 32
98 63
10 74
18 47
70 72
50 97
16 82
97 58
91 17
3 47
9 63
31 67
80 52
92 54
35 43
30 74
56 99
93 51
79 53
90 20
20 31
2 14
90 43
11 56
93 6
29 96
92 17
72 88
32 55
90 50
15 87
6 46
84 99
14 55
39 40
22 96
7 34
42 71
5 81
99 65
92 1
2 54
76 17
21 82
27 61
13 39
23 62
78 41
91 66
59 79
2 88
94 46
82 36
42 49
85 73
59 99
45 89
0 56
32 40
82 88
86 66
98 48
18 54
54 80
60 86
33 88
90 68
76 70
30 39
79 25
54 68
99 70
16 26
83 21
0 55
95 6
16 85
97 24
91 13
0 12
16 88
54 87
43 84
56 67
23 96
25 68
14 91
33 46
33 42
74 99
70 80
20 75
8 47
40 49
75 1
55 68
63 82
6 13
64 81
83 19
38 70
96 57
27 42
39 52
86 59
77 47
40 69
73 77
27 63
30 75
48 62
31 78
29 85
14 65
5 94
93 32
17 52
89 6
79 82
35 37
8 68
14 97
32 51
12 70
85 19
96 19
51 83
85 40
3 55
11 67
73 78
11 35
12 61
79 15
37 47
65 72
21 40
77 58
4 7
10 33
27 48
58 86
5 67
35 47
32 75
95 14
75 66
71 80
48 73
93 37
44 93
13 38
35 52
46 58
70 98
18 34
9 73
11 69
76 7
86 4
78 38
29 91
9 79
36 93
27 29
88 87
94 83
21 89
88 97
33 90
45 80
75 12
5 49
58 61
75 96
51 55
13 94
86 64
59 62
18 36
83 34
77 4
0 71
7 39
75 25
27 43
14 44
76 44
69 88
91 3
17 34
80 66
50 72
5 17
84 13
86 93
38 43
21 41
16 71
85 56
75 89
60 98
36 55
92 43
94 51
7 40
7 60
27 72
17 70
2 6
84 66
63 92
69 94
94 93
22 36
83 5
53 61
84 11
94 67
5 56
27 44
73 91
52 79
16 64
85 63
88 60
40 86
7 17
84 19
76 12
89 49
69 83
35 98
43 53
16 40
9 30
91 49
33 35
81 17
56 61
3 88
84 33
49 86
48 87
92 50
71 78
71 79
37 55
38 55
81 46
37 48
1 43
0 21
20 66
57 86
44 51
20 27
55 91
20 86
42 73
21 29
58 69
39 94
88 38
27 58
9 59
40 74
88 9
97 47
64 88
7 54
43 60
78 0
28 57
49 52
52 72
15 53
95 45
5 16
59 85
8 28
30 31
91 32
19 57
13 32
44 67
0 50
13 31
69 99
88 48
59 69
17 37
90 1
36 37
14 99
26 74
64 65
44 69
52 84
87 11
49 95
77 39
81 51
18 99
32 89
27 38
32 49
84 49
13 74
29 84
21 57
0 83
45 99
9 47
82 25
87 49
52 90
31 38
69 70
6 55
81 58
46 69
22 68
81 25
80 12
49 92
4 59
95 81
44 56
96 63
91 72
56 80
30 34
39 54
24 36
40 65
98 94
22 44
84 4
98 38
89 87
3 50
46 48
7 14
40 71
85 70
19 43
2 97
19 62
36 80
47 78
29 66
83 11
98 59
12 68
98 7
90 60
33 52
88 66
11 70
30 62
83 35
19 47
6 99
98 41
16 86
90 62
78 64
28 78
44 45
77 21
55 60
57 94
97 68
6 92
38 81
12 83
64 70
89 88
17 42
9 60
17 88
83 43
29 33
88 86
96 1
55 71
81 60
25 56
7 56
46 92
26 31
26 50
85 67
91 38
95 69
86 70
6 41
0 79
43 89
98 12
87 53
62 65
28 49
99 13
13 46
18 57
90 0
8 32
18 19
25 28
54 61
40 41
19 36
6 50
48 81
57 91
81 2
85 2
20 58
45 86
37 64
36 56
47 67
27 65
64 95
30 94
43 46
79 41
76 68
94 50
32 64
89 59
86 1
40 78
96 33
55 84
27 39
18 80
49 97
64 79
82 14
31 49
96 31
34 36
22 72
19 95
68 88
59 94
7 99
34 59
75 70
85 95
99 57
36 42
3 90
2 60
45 48
54 74
0 10
99 0
70 94
31 71
75 68
28 59
82 46
43 98
40 80
92 66
91 75
99 86
15 20
98 86
44 64
52 57
3 6
26 76
86 19
85 42
84 28
95 31
27 70
19 61
33 98
46 72
42 99
22 61
14 43
93 45
94 27
1 57
94 78
27 66
26 48
79 91
22 40
89 76
42 61
0 38
52 66
87 29
20 48
59 83
90 36
30 33
26 79
39 60
11 53
99 32
2 65
98 0
38 53
26 95
6 58
92 83
1 14
44 60
90 85
19 20
31 47
6 44
31 91
6 37
84 77
6 48
80 30
79 30
81 65
27 93
20 38
89 71
32 59
46 99
97 62
85 81
83 46
97 35
36 60
35 40
61 74
0 53
86 81
10 22
97 73
79 62
3 66
91 69
91 98
99 44
78 67
1 51
58 68
54 84
34 42
75 42
61 81
31 62
1 54
78 15
97 99
4 73
87 19
81 28
55 56
86 5
93 74
52 94
22 99
91 87
2 55
51 90
28 60
1 11
36 52
67 99
86 55
33 54
16 79
40 61
18 33
21 55
89 58
42 77
50 80
95 30
32 94
16 20
96 15
51 69
39 85
45 53
23 64
39 64
71 92
83 58
90 24
35 66
89 72
89 57
99 1
86 17
96 51
81 88
94 0
80 26
23 85
76 2
12 74
87 46
29 52
76 59
24 89
34 68
18 45
8 90
21 35
82 24
21 75
87 38
34 81
12 57
74 91
76 5
8 69
56 97
63 94
7 12
4 64
29 80
82 40
3 11
19 75
30 42
7 15
30 76
48 91
83 74
49 57
97 15
78 57
71 76
34 54
5 58
89 15
99 4
31 83
83 13
19 71
75 26
87 85
24 38
17 82
33 62
5 80
89 1
10 86
69 75
79 14
1 5
36 44
35 82
37 74
87 22
80 78
23 99
96 44
42 59
52 55
88 63
47 79
18 92
70 96
95 65
56 83
80 93
48 67
35 90
73 75
19 45
83 97
0 41
15 59
97 8
58 99
11 23
12 45
82 32
27 91
98 42
69 82
2 46
11 49
75 37
28 38
78 18
77 3
29 38
48 66
97 93
92 94
98 9
99 17
72 82
47 74
20 52
41 93
10 19
12 99
83 90
84 50
18 84
52 91
20 83
23 90
70 89
34 58
29 45
78 59
99 64
23 27
30 72
98 74
85 60
88 42
67 70
53 62
61 95
85 11
79 81
14 94
45 63
85 79
48 51
26 93
44 80
28 93
42 53
28 90
60 80
78 60
84 30
58 74
22 48
81 96
86 32
1 32
94 7
77 16
82 74
65 86
76 64
23 72
11 86
4 69
94 49
84 26
86 25
88 65
61 78
88 79
95 60
18 87
25 62
27 76
77 2
62 69
26 53
35 80
86 35
56 59
95 68
82 75
59 82
58 90
84 40
75 97
38 67
35 93
23 97
35 68
50 73
98 46
28 99
4 30
84 73
39 82
56 82
98 6
22 57
61 67
13 86
14 69
52 53
17 48
38 71
5 85
95 78
15 42
12 22
54 66
79 28
80 9
29 59
36 53
96 60
80 67
8 12
16 75
76 67
7 72
14 48
56 98
28 39
3 98
76 35
21 81
5 22
0 97
26 51
79 63
49 71
23 43
93 72
94 17
26 89
56 60
93 57
9 97
39 86
98 23
17 30
80 83
78 55
51 68
84 85
30 35
11 17
40 97
23 55
92 20
85 52
85 20
44 92
39 69
14 80
28 75
11 28
22 39
97 39
77 74
96 46
92 64
27 41
74 84
60 68
24 52
87 47
89 18
10 36
30 83
54 97
46 89
28 64
89 12
84 83
11 12
85 50
84 51
96 18
11 55
12 86
8 39
57 77
9 64
92 5
82 1
50 62
11 96
2 87
15 25
15 85
89 20
99 50
24 31
93 24
94 90
77 64
83 65
54 89
58 70
55 85
25 43
55 70
31 42
53 74
18 82
95 55
80 58
87 6
36 45
92 42
41 88
79 76
26 36
93 7
32 71
93 19
92 22
83 99
4 50
89 17
87 56
1 73
75 46
12 73
50 52
75 52
20 79
58 73
44 91
98 67
77 5
51 53
96 32
31 34
71 96
90 53
77 25
32 54
31 41
13 25
41 70
13 16
5 23
15 43
99 33
78 69
87 14
37 59
98 66
47 51
44 46
89 99
88 98
89 85
5 66
9 41
88 37
40 52
98 16
21 37
94 55
3 67
91 59
32 84
12 41
20 21
0 60
93 23
61 75
19 94
73 95
82 85
94 24
27 49
46 76
83 24
55 64
28 31
16 78
37 63
28 56
79 84
91 5
48 53
31 59
97 11
71 77
38 40
85 13
73 82
23 91
40 66
14 23
0 61
13 43
22 71
13 71
47 54
49 79
80 99
35 51
62 72
30 53
42 63
81 87
78 52
52 65
19 22
97 32
17 51
87 0
12 15
88 43
24 26
78 99
2 83
51 85
97 27
18 94
85 26
37 84
12 90
32 70
12 21
17 90
96 40
14 61
39 48
55 62
42 83
87 50
4 90
25 83
0 49
10 94
20 69
90 40
16 70
89 19
17 50
89 5
2 37
81 54
32 44
20 87
4 46
33 40
78 68
10 14
29 41
85 37
80 2
34 77
95 63
11 45
15 45
11 52
42 87
77 20
94 60
97 19
61 80
23 94
6 59
26 49
77 7
73 86
83 60
2 51
43 99
69 71
59 65
30 56
23 78
92 58
31 92
45 81
31 89
77 8
75 39
18 62
14 42
18 43
64 72
0 42
91 54
34 63
2 40
97 17
9 75
13 42
94 61
13 90
96 61
25 96
28 89
7 59
12 27
9 61
94 95
49 90
1 56
3 49
25 72
