66 198
16 153
148 188
101 130
55 61
9 149
63 124
45 183
8 179
95 123
4 191
4 72
56 186
16 172
49 103
62 97
111 180
138 185
94 168
100 134
87 186
92 143
23 161
1 94
152 183
104 113
42 65
193 95
116 198
22 151
93 186
16 87
196 146
0 14
158 181
35 199
117 129
64 124
5 89
11 46
52 123
52 137
25 51
0 105
6 151
18 95
172 198
18 114
95 172
129 149
158 161
116 189
106 196
162 192
197 32
144 163
94 167
197 182
107 139
58 175
33 104
7 165
115 197
45 122
54 81
35 46
60 121
123 185
193 188
62 126
60 180
40 68
100 126
31 45
27 185
61 136
61 114
89 191
43 113
184 192
21 166
60 182
36 166
35 67
19 109
162 171
60 134
67 100
50 87
85 198
134 186
6 157
30 73
86 120
2 8
65 85
3 129
32 146
195 93
88 152
50 183
13 124
5 21
11 153
161 194
28 177
14 60
37 105
64 69
48 173
25 198
11 185
27 64
83 160
135 171
179 185
139 179
81 188
34 127
11 176
93 197
71 181
55 155
118 178
3 122
196 130
24 108
115 151
42 129
34 69
149 197
57 152
113 151
24 44
118 182
63 171
175 176
33 35
59 163
61 84
72 165
67 181
154 198
35 56
79 133
51 63
28 161
10 13
70 118
10 38
12 186
72 86
59 128
52 69
164 183
42 188
192 68
41 104
80 149
160 162
194 153
32 131
127 156
143 150
30 172
9 153
122 136
56 183
176 186
158 166
83 156
11 58
65 164
88 104
199 64
33 121
61 176
34 151
45 131
95 118
36 175
190 147
153 189
162 163
169 188
124 140
112 171
199 40
21 85
19 26
75 171
36 137
67 183
3 116
71 185
100 128
17 162
51 88
12 18
71 175
43 179
11 121
21 37
118 144
179 184
89 182
23 45
46 150
55 82
51 154
137 156
168 169
79 157
71 177
41 86
105 146
173 175
122 143
75 117
106 186
92 138
19 126
197 80
103 188
181 186
20 140
42 148
11 42
44 184
148 182
90 168
1 187
15 72
14 134
8 61
190 8
22 40
65 93
40 193
11 150
51 77
17 182
20 153
20 125
33 69
101 117
39 171
42 68
18 164
129 185
106 176
44 140
35 82
48 147
2 121
145 182
197 72
17 83
33 87
197 196
8 15
133 143
106 189
19 177
193 176
92 146
60 141
43 178
21 145
198 31
4 18
51 160
28 125
57 87
50 74
26 55
31 143
76 136
51 135
65 144
196 183
14 172
89 98
146 182
33 82
53 180
88 144
28 183
93 166
51 72
99 173
15 160
85 192
79 87
4 134
192 175
83 137
24 112
159 169
46 81
196 36
74 191
42 116
36 77
17 24
101 172
120 122
167 171
42 64
44 157
86 125
120 126
68 122
156 186
129 189
21 38
73 153
40 90
56 97
126 144
3 135
29 158
105 194
114 162
155 180
47 54
30 108
88 148
9 186
57 99
194 189
2 15
11 27
144 183
99 159
105 197
100 181
50 92
184 193
104 140
190 102
92 134
47 126
47 153
118 122
128 174
102 141
0 68
25 73
197 47
31 184
19 37
52 132
41 149
107 177
183 192
17 90
150 183
81 144
156 190
111 139
70 101
7 133
174 189
77 113
107 171
96 123
0 4
115 162
3 61
50 78
190 146
45 134
68 104
82 155
47 56
192 61
35 183
192 12
62 93
133 134
198 134
79 93
88 100
45 80
2 95
2 165
195 181
110 174
103 197
3 169
86 146
2 177
12 81
18 196
8 100
90 151
111 125
134 156
7 76
195 100
9 175
110 156
11 99
24 177
10 171
170 185
109 162
77 91
110 133
195 67
152 171
14 48
41 137
75 82
44 69
81 150
37 44
14 29
54 84
56 101
16 159
4 51
71 80
79 125
173 183
33 176
29 142
84 133
6 60
57 153
77 90
105 167
30 196
123 166
106 149
19 136
66 175
72 103
93 153
66 172
28 34
134 137
64 165
59 108
66 107
10 179
30 69
72 150
101 190
51 125
25 39
94 198
26 80
93 115
199 179
99 142
29 140
81 96
74 149
60 91
48 91
36 82
34 119
59 63
99 139
44 98
134 136
44 146
112 140
178 183
78 104
17 130
57 141
45 104
43 133
41 58
25 107
49 149
35 174
58 102
6 156
16 100
8 14
72 124
56 150
98 195
149 191
144 184
29 138
47 175
70 99
147 152
106 111
17 79
90 179
27 135
10 88
71 134
64 74
18 46
38 91
47 140
25 120
107 145
40 80
103 138
127 174
116 132
190 20
59 123
116 121
197 79
61 135
35 186
11 21
36 168
79 153
76 135
58 110
191 192
133 144
70 128
26 101
36 136
79 118
9 156
27 183
72 183
92 158
4 73
134 162
31 183
4 174
191 190
145 191
24 47
86 170
85 195
37 83
19 196
74 183
63 67
75 123
39 119
22 193
70 90
16 105
5 14
62 92
152 160
74 111
90 158
197 17
12 168
70 91
141 198
5 83
199 2
74 99
14 171
20 174
107 113
21 90
12 149
59 157
53 170
105 111
16 160
196 34
25 81
132 198
8 134
72 160
116 131
15 51
61 182
25 176
19 52
36 91
14 51
75 192
106 179
58 148
7 159
11 117
31 34
84 173
19 96
32 68
119 159
31 122
199 62
81 82
100 151
92 120
102 142
133 166
53 189
118 181
51 66
52 166
84 91
39 131
10 139
69 178
192 141
113 192
18 92
101 170
83 150
38 96
22 99
14 27
182 188
31 35
189 191
87 142
32 55
140 160
108 153
72 173
118 132
14 189
26 41
196 56
140 148
72 171
191 133
102 161
6 153
57 137
27 153
3 167
3 93
12 173
164 175
19 82
198 175
15 97
196 125
6 72
25 174
181 187
36 120
88 98
198 8
4 128
49 173
0 178
77 109
144 189
70 116
57 71
116 155
99 116
79 156
64 66
37 179
75 120
124 136
153 195
95 179
9 86
88 133
26 57
185 198
156 196
55 70
45 197
8 125
36 109
124 139
7 164
193 64
10 117
58 142
66 108
53 136
20 70
30 159
25 61
110 127
148 171
154 178
54 183
163 179
31 71
20 127
45 74
96 184
65 131
11 111
107 190
142 185
12 14
143 175
20 112
1 192
70 156
4 101
36 105
197 14
90 119
4 43
95 103
128 162
121 142
59 159
199 135
27 158
22 94
110 186
10 74
75 116
93 194
111 122
22 118
77 153
192 10
33 141
80 107
15 125
115 190
22 87
3 180
112 139
15 153
72 120
93 99
191 19
12 134
62 89
9 18
197 28
195 61
25 147
114 152
69 185
99 144
37 98
94 95
177 188
198 83
7 171
10 83
28 169
44 174
156 174
55 109
26 152
129 136
32 147
3 166
37 160
67 134
39 42
46 138
193 105
126 164
107 196
47 55
172 191
47 166
32 175
197 91
12 65
20 115
54 149
57 78
124 193
25 190
169 175
10 86
80 160
2 10
35 124
34 199
159 164
119 126
62 148
26 153
88 124
16 182
64 154
47 125
198 63
18 177
48 62
45 101
159 173
58 88
66 169
65 68
42 114
2 125
1 176
98 134
197 140
15 100
193 43
122 184
114 135
55 183
76 115
193 183
51 147
91 138
67 192
124 162
146 169
59 197
16 163
198 81
4 119
22 188
125 141
22 80
21 195
94 97
13 115
42 136
122 137
145 181
191 123
18 172
31 155
162 197
24 132
28 38
6 68
199 175
76 150
197 104
36 141
21 82
99 197
41 54
20 129
14 26
102 144
34 117
109 166
34 84
54 163
47 92
37 138
64 167
12 99
16 190
117 164
9 22
112 184
31 98
118 185
49 182
51 119
11 23
195 23
74 161
36 95
109 137
53 75
12 196
134 167
193 81
68 156
108 154
98 170
196 121
0 142
6 149
20 170
155 169
83 197
196 155
102 189
18 191
9 57
46 189
191 80
3 54
197 0
110 161
36 114
62 153
108 150
15 130
171 187
56 191
19 193
64 195
74 139
10 92
79 112
192 105
84 105
8 167
59 147
95 97
4 80
13 71
192 145
96 178
0 129
79 88
28 86
77 141
196 145
0 138
53 109
34 68
105 136
199 82
120 157
38 95
122 173
125 143
39 166
24 60
29 77
2 147
199 100
33 135
94 161
16 59
24 122
54 119
62 105
198 68
18 77
190 196
99 176
17 50
106 198
131 151
10 32
2 91
129 152
55 153
137 145
56 168
116 152
165 182
15 70
50 136
38 45
162 189
66 149
35 126
34 128
36 187
68 170
2 137
136 164
33 62
3 138
67 140
55 106
117 166
20 176
25 31
118 190
7 153
2 23
16 96
199 118
196 118
182 199
57 185
104 119
106 144
104 156
84 95
144 193
73 97
115 163
49 193
195 40
23 173
143 144
158 194
37 38
42 106
47 95
99 165
5 169
115 147
17 136
197 74
28 76
153 196
93 111
59 71
105 108
135 153
151 183
57 186
0 172
46 176
28 179
60 89
23 172
7 111
77 170
195 66
89 143
198 176
24 114
2 64
49 168
45 139
41 144
30 38
33 199
162 172
45 169
2 135
46 185
126 127
124 158
19 163
11 193
115 125
48 111
31 105
0 198
10 93
25 35
64 82
82 129
72 143
95 110
58 84
43 131
124 188
100 121
5 61
65 170
132 162
11 52
62 122
159 163
65 150
164 197
4 98
195 12
49 129
25 89
90 188
3 176
199 43
132 147
44 171
20 21
151 178
50 117
15 46
161 198
152 157
170 189
92 157
22 107
192 37
7 107
78 196
126 187
30 183
36 132
88 154
30 101
44 57
111 160
3 158
1 109
9 85
74 120
110 118
63 148
180 187
13 174
95 96
32 47
53 137
73 136
196 72
54 85
165 196
75 76
120 141
53 63
126 176
47 138
83 129
15 58
123 182
190 128
102 177
39 84
34 163
38 122
106 158
196 85
35 74
32 91
35 190
21 168
157 167
174 195
22 150
143 151
77 103
122 159
100 149
111 134
58 80
40 102
196 53
30 87
191 57
4 17
70 172
12 69
76 181
136 144
41 142
117 169
9 97
172 179
97 136
190 108
137 159
15 151
108 188
123 156
45 121
122 151
100 152
44 63
2 105
72 182
55 86
99 185
131 142
7 89
66 171
108 179
60 161
57 162
53 143
104 175
196 10
3 40
15 124
100 163
99 101
57 112
103 179
94 145
145 194
89 100
48 129
57 70
17 64
26 178
10 112
11 105
54 141
49 198
18 54
103 190
94 101
97 175
26 102
129 169
66 105
106 113
32 124
57 176
9 193
88 150
194 94
30 195
139 152
38 69
11 73
73 111
62 64
69 141
116 158
121 126
9 31
1 87
163 184
14 137
91 127
77 196
17 169
9 137
94 138
111 136
75 173
139 148
101 159
11 190
66 159
1 190
198 89
112 152
55 67
112 185
47 109
168 190
5 113
121 172
172 184
191 169
67 152
31 68
19 103
32 50
172 196
39 94
17 168
99 175
49 163
99 180
74 100
68 140
18 50
78 187
108 144
59 111
123 149
106 125
98 128
127 196
45 119
194 27
97 166
43 95
14 62
195 183
10 78
30 60
99 189
91 133
102 186
125 142
81 175
56 110
97 174
193 79
76 154
166 167
81 163
97 107
160 185
77 181
175 185
192 44
112 163
60 166
71 162
133 153
101 112
85 197
48 145
45 177
172 192
89 178
13 88
44 186
54 176
6 66
198 11
94 108
114 126
4 171
144 180
42 199
119 181
119 187
53 181
5 108
197 21
198 109
77 116
77 168
28 118
63 65
27 143
13 116
139 188
61 105
39 89
136 195
163 180
38 82
69 74
76 182
190 85
8 39
50 150
91 104
69 156
105 126
194 60
196 158
39 125
191 68
106 175
87 156
1 73
137 147
27 176
5 17
52 191
35 115
53 166
22 190
192 187
196 182
39 163
49 141
108 151
7 137
41 65
111 147
131 160
60 138
38 142
95 167
192 88
199 78
106 127
89 95
47 146
56 172
10 102
97 163
11 26
46 161
62 195
111 154
9 54
38 47
20 52
156 194
21 50
164 177
46 102
75 175
3 109
20 93
104 107
44 114
15 18
40 122
48 102
167 193
135 193
64 190
104 161
127 192
69 107
24 146
30 124
3 196
62 80
21 36
51 132
97 177
55 168
3 39
155 165
68 136
96 133
22 155
191 129
53 130
80 195
29 107
117 130
79 122
105 144
52 80
31 64
71 75
36 130
117 132
81 93
110 190
91 125
12 51
40 54
18 188
75 110
119 153
18 166
105 107
14 40
43 106
71 118
174 186
72 153
41 82
95 192
169 181
112 157
133 178
192 14
144 148
93 102
31 63
128 198
58 117
55 149
115 146
54 117
198 150
25 108
61 86
40 134
17 180
108 177
109 140
37 181
24 136
168 196
110 126
7 136
121 138
193 161
7 166
35 111
123 151
52 141
143 196
39 159
196 20
50 172
192 176
141 177
9 48
136 181
51 151
194 32
27 39
190 192
33 139
3 59
86 196
46 120
39 120
40 183
13 95
166 196
53 138
47 160
67 87
69 192
63 139
44 189
71 184
26 56
2 43
13 72
153 162
17 92
112 159
29 55
2 175
82 109
106 153
17 121
92 196
63 155
85 154
190 2
171 174
30 157
199 69
110 185
26 179
192 4
196 104
20 59
12 120
190 105
194 182
191 49
146 180
12 130
58 165
99 178
31 189
121 175
156 187
161 176
87 185
39 169
6 164
28 63
89 97
54 180
137 166
56 170
110 140
29 81
13 134
103 108
176 182
83 105
83 172
44 77
27 71
40 119
106 128
56 177
47 152
198 36
197 49
112 182
151 153
63 156
55 170
38 97
43 83
190 143
29 71
83 94
62 165
44 185
29 90
154 193
69 160
13 119
42 72
31 56
57 135
191 178
100 133
142 163
198 28
70 131
199 86
42 109
76 160
190 174
17 135
2 111
48 160
0 181
113 152
194 176
114 197
51 89
154 188
66 173
193 80
24 185
107 135
129 174
39 150
191 144
193 196
131 186
193 98
48 67
147 184
81 170
142 177
43 155
29 63
135 198
188 192
138 162
43 189
119 183
12 157
17 150
26 141
61 122
23 192
36 190
199 75
7 14
76 80
65 128
106 166
61 96
64 112
6 138
42 139
2 158
6 77
163 169
18 119
73 79
4 125
192 57
92 161
97 113
63 127
52 121
124 197
54 130
12 94
67 176
45 126
51 162
36 70
140 163
86 151
30 126
154 195
17 187
94 116
146 170
144 199
30 70
3 143
191 122
174 181
20 172
122 192
35 113
59 110
193 68
42 131
25 185
4 27
192 153
6 140
17 71
80 116
21 117
37 39
8 181
94 189
42 133
118 126
191 110
75 191
53 88
128 167
2 33
45 112
33 170
44 165
122 134
76 149
197 141
53 182
36 159
37 159
39 155
76 155
195 150
46 119
81 134
8 115
45 170
43 86
54 70
16 67
144 145
196 23
195 56
17 125
47 78
6 93
128 178
150 154
26 28
60 119
136 137
105 139
12 15
93 120
165 173
43 69
196 11
26 29
193 62
58 83
113 154
104 174
13 85
5 11
82 114
39 141
143 146
89 132
90 128
34 81
197 44
93 190
18 190
112 154
2 87
2 60
29 160
7 174
26 63
43 149
101 199
117 147
50 59
23 162
38 113
15 175
134 158
25 161
5 100
1 42
86 121
36 148
185 190
53 161
61 113
194 25
83 86
193 96
21 193
34 141
30 110
42 94
124 145
115 167
198 6
148 191
89 166
69 97
151 182
25 74
54 134
66 181
97 141
16 84
48 153
190 34
66 116
104 148
78 139
24 51
144 153
190 186
15 184
45 77
26 149
19 128
106 123
181 188
23 115
42 179
28 47
108 114
58 125
42 63
8 78
35 136
115 124
171 199
103 173
62 123
32 192
16 104
35 128
50 66
59 114
43 198
19 165
132 137
107 176
10 14
119 120
55 121
34 37
80 118
35 114
194 83
24 50
85 137
83 90
2 176
109 158
6 36
44 78
70 139
99 131
24 33
65 168
18 89
198 122
14 36
38 87
82 154
190 163
48 93
136 146
197 87
129 190
71 146
23 183
5 36
49 104
43 160
100 179
184 194
68 167
98 186
4 97
192 11
98 130
191 9
28 139
59 90
51 128
97 139
30 136
166 199
109 156
1 103
55 115
52 122
120 124
6 197
2 79
65 158
38 188
38 191
194 17
96 151
15 84
127 147
78 124
34 176
1 41
97 104
74 81
30 175
15 132
88 162
74 84
83 167
90 199
150 166
139 165
17 106
6 191
120 147
197 187
97 185
20 184
48 178
98 179
75 132
182 198
141 168
24 32
13 62
61 183
50 154
19 119
131 144
6 199
67 99
4 129
194 10
20 183
33 101
28 164
35 62
6 185
6 192
26 118
101 196
36 55
36 150
60 117
40 158
79 134
81 110
27 46
79 126
161 180
20 34
167 188
31 163
57 187
6 114
7 163
175 189
86 153
162 194
16 144
7 65
82 165
37 130
68 174
87 90
198 88
28 57
191 180
124 172
1 147
21 157
39 99
38 164
87 192
97 129
76 179
91 116
97 167
36 186
1 142
17 51
113 166
149 167
86 192
38 130
110 188
82 91
61 163
40 63
35 76
48 170
79 142
107 156
46 166
192 165
145 174
13 180
46 89
118 137
58 61
21 102
29 109
38 71
14 100
112 142
37 149
199 129
28 112
34 105
107 180
75 149
71 186
57 101
29 193
90 105
76 106
11 155
195 28
165 186
93 122
190 6
192 21
156 193
26 127
0 98
2 76
8 163
131 178
190 63
68 144
151 189
93 155
24 34
195 107
15 197
46 79
31 135
72 144
123 157
84 159
39 80
70 143
38 132
10 69
75 129
10 85
129 154
8 95
2 39
73 170
79 128
29 97
30 164
195 165
68 179
194 58
103 122
77 140
129 155
192 34
45 168
137 172
50 57
6 21
26 192
8 13
49 174
117 153
51 176
56 79
77 115
160 177
133 149
143 166
42 126
72 118
43 101
70 137
76 125
105 128
12 154
31 172
3 63
154 190
35 103
27 174
111 131
8 74
125 138
196 142
63 181
24 75
14 155
34 103
6 84
9 28
196 66
118 153
17 101
120 158
9 142
155 163
26 191
32 180
193 5
42 162
5 40
34 193
63 137
15 164
35 75
86 128
117 120
120 153
30 55
195 37
151 164
152 179
21 131
52 199
44 176
193 59
42 191
123 171
128 130
149 151
15 45
48 194
139 162
52 56
87 155
139 171
106 185
25 144
67 88
139 140
39 88
81 151
30 181
98 135
70 94
55 158
110 177
28 189
77 83
42 168
6 78
2 5
10 48
95 106
146 168
52 107
122 135
32 164
27 142
165 184
51 192
58 137
10 73
23 64
67 136
0 47
119 121
0 41
47 123
15 127
138 159
23 135
139 183
8 41
113 150
78 180
36 92
35 163
199 150
135 177
15 17
8 189
78 114
80 155
149 171
197 150
87 160
22 33
57 179
39 106
64 97
80 172
76 158
22 81
2 86
47 59
49 58
33 73
10 199
21 23
53 198
114 153
85 164
71 199
37 163
101 114
45 61
113 126
108 123
10 21
197 166
134 142
50 190
72 138
89 119
199 141
196 117
38 197
112 194
78 88
23 193
67 118
121 153
196 189
41 145
23 77
66 118
18 106
53 107
87 116
196 132
56 164
42 134
121 135
192 59
38 187
139 155
194 109
64 101
89 169
143 186
123 173
194 166
59 105
22 165
32 69
83 142
65 117
19 41
10 107
43 77
42 171
136 138
26 51
6 166
24 42
68 135
192 2
144 192
73 78
7 182
7 184
37 123
48 96
22 137
68 90
154 181
31 51
31 80
46 83
50 166
16 170
97 121
86 126
198 189
51 124
61 125
65 156
78 155
2 178
45 153
117 119
198 51
186 194
86 180
40 149
62 160
101 128
31 142
107 178
138 168
51 142
106 131
1 181
65 118
109 149
24 151
7 15
192 7
31 168
26 177
39 105
83 126
22 51
8 131
63 85
29 198
171 182
126 183
171 192
142 175
136 154
15 172
81 178
25 88
159 194
158 164
125 164
83 148
185 199
102 123
195 138
144 181
94 119
124 178
62 68
3 67
59 170
20 142
86 135
1 60
53 156
144 197
16 156
116 182
88 141
50 177
196 131
35 80
66 87
38 80
57 81
68 147
151 199
68 194
190 96
56 133
53 192
83 110
21 179
194 117
39 77
157 183
49 145
11 141
128 154
21 169
192 166
111 182
30 106
59 142
6 181
100 131
134 151
87 107
47 144
45 99
138 143
131 175
195 114
36 48
80 123
47 157
17 178
193 113
42 187
97 111
190 82
125 177
39 108
158 188
173 197
196 136
30 115
52 129
51 74
71 111
96 189
15 185
191 140
71 130
95 159
196 112
117 199
25 27
10 61
168 180
106 108
191 13
119 129
191 160
61 78
140 198
14 39
99 130
33 57
22 37
135 175
23 97
65 88
77 111
43 169
53 55
58 86
56 116
38 104
36 178
197 142
23 151
154 175
46 171
116 120
11 20
83 193
28 98
18 175
99 148
102 113
26 105
48 54
35 131
49 109
122 167
98 151
107 122
32 127
172 193
23 108
8 97
46 167
12 167
43 148
190 111
26 180
170 171
145 151
1 127
2 47
30 32
42 153
71 159
3 81
112 199
125 148
197 157
24 106
57 154
121 150
10 30
53 167
13 93
18 132
192 55
112 134
50 54
48 49
36 143
1 30
85 133
135 162
11 54
197 192
191 153
112 125
194 86
190 142
61 76
194 43
19 65
43 118
34 39
193 2
63 173
69 131
38 155
26 43
85 170
10 131
113 182
5 67
199 54
163 192
48 110
0 1
191 44
5 85
5 16
30 102
15 75
48 103
66 129
19 66
65 67
37 142
24 86
197 132
22 130
109 159
44 51
8 46
63 108
17 148
149 198
194 1
105 199
75 94
84 155
61 85
13 54
61 116
181 183
31 160
39 96
68 183
15 81
8 165
83 95
129 192
63 72
114 192
137 179
18 180
68 177
30 150
50 113
92 121
165 185
10 90
137 170
21 51
197 136
99 172
117 155
76 126
49 69
2 42
2 57
104 179
179 196
94 158
76 77
191 121
97 196
1 167
48 192
53 81
96 172
141 172
12 40
125 145
70 146
41 176
7 118
59 144
12 117
14 125
100 140
46 121
86 129
35 155
41 93
4 118
190 151
37 126
21 170
101 162
45 47
84 149
26 88
60 92
63 133
10 101
110 143
34 89
45 56
120 177
30 176
13 21
38 169
22 115
63 166
26 67
90 142
2 28
41 53
20 136
96 166
32 142
21 149
95 98
134 190
53 56
53 124
74 148
40 178
85 121
141 154
60 188
85 109
196 129
113 139
122 139
50 181
52 185
171 176
0 94
163 165
91 193
3 162
64 132
87 136
11 191
197 7
108 136
169 171
11 162
111 155
39 64
97 171
147 181
38 171
28 72
41 125
99 183
75 119
62 186
17 75
87 123
73 150
6 57
100 136
83 171
134 173
112 126
128 180
47 68
149 150
17 119
59 101
111 158
32 45
11 110
33 117
12 145
42 170
92 164
141 161
38 148
196 133
45 117
120 128
88 139
154 183
102 135
112 172
138 151
2 58
87 148
68 89
61 107
129 139
70 189
9 194
24 54
39 95
63 77
62 110
163 198
54 89
67 179
30 158
91 94
100 167
13 108
82 83
32 144
19 25
76 121
18 124
74 171
23 130
198 65
57 59
15 90
131 190
46 152
69 115
92 118
198 158
43 142
53 147
190 44
29 129
7 38
19 173
26 135
105 185
38 51
138 152
83 103
117 134
27 37
16 69
140 171
53 155
111 161
45 57
34 194
36 96
31 33
37 194
190 83
196 187
119 142
104 131
85 94
68 137
180 195
27 97
190 9
88 175
15 183
29 88
90 183
18 154
69 165
1 174
17 36
123 167
19 114
42 120
0 125
195 121
72 75
30 105
76 164
64 103
126 170
33 102
84 144
128 173
16 25
199 41
198 59
161 174
12 87
33 185
59 154
4 16
51 65
23 120
16 66
32 46
31 140
0 10
42 97
78 174
35 44
116 154
42 158
27 128
57 104
13 144
44 183
64 176
8 43
3 139
179 180
14 120
91 122
56 100
16 189
20 155
33 198
26 158
197 121
9 68
55 124
26 45
22 79
137 183
27 152
61 120
62 139
77 165
91 121
5 74
8 54
45 198
87 88
67 144
25 148
193 57
106 148
95 160
101 118
198 18
127 141
50 189
66 192
95 112
173 186
16 142
80 163
109 151
18 58
126 188
80 86
173 196
17 158
158 170
14 187
33 173
3 72
40 51
127 191
9 165
137 138
148 159
192 25
99 154
57 102
198 73
169 176
108 189
39 57
92 100
66 81
128 159
76 191
46 61
155 173
22 44
130 132
2 188
116 178
195 149
46 85
12 181
117 190
65 183
14 99
80 173
150 175
25 66
149 157
87 102
73 101
96 168
46 74
86 91
92 187
152 154
1 140
35 159
0 37
0 168
38 92
35 187
49 133
36 185
94 177
14 73
49 185
196 137
148 175
159 195
17 54
138 187
47 165
81 177
191 166
58 97
39 129
50 98
37 137
152 198
33 71
73 118
151 156
46 156
33 195
66 187
53 62
40 176
59 80
191 2
5 161
0 107
19 152
127 160
79 199
73 81
107 193
54 83
18 82
92 149
35 106
144 195
115 128
5 80
33 147
90 163
51 62
190 113
6 97
74 83
130 145
133 151
58 144
85 180
34 35
54 60
68 82
25 184
85 127
105 118
40 159
109 111
11 137
23 111
18 171
120 168
49 80
1 46
50 122
44 147
35 154
91 126
22 60
7 35
24 127
75 102
56 135
9 87
46 122
6 58
14 76
129 163
104 165
120 194
172 173
190 122
101 157
55 105
3 91
100 154
81 152
40 55
107 111
165 166
199 186
3 131
104 152
146 148
155 192
0 148
76 88
192 115
47 180
130 131
79 84
33 136
45 105
118 188
194 76
98 99
29 149
5 43
197 67
37 143
46 168
57 76
9 198
34 109
13 57
23 58
91 191
10 70
34 115
26 33
39 153
191 69
120 131
194 155
150 162
7 18
69 117
98 113
46 73
198 54
54 109
13 136
27 125
41 84
7 37
5 68
65 145
72 74
191 33
1 117
190 124
192 147
13 46
13 109
77 144
199 96
60 87
21 159
9 80
7 115
121 163
79 161
32 57
199 192
82 125
45 68
41 147
86 116
126 185
34 67
154 162
12 61
111 167
51 194
20 167
32 190
194 26
55 126
0 22
3 4
61 170
25 136
130 183
33 40
150 186
92 102
50 116
2 54
34 110
13 19
198 19
4 65
90 146
114 144
40 125
190 172
97 180
8 157
144 173
75 98
22 69
70 166
50 81
19 79
67 70
62 150
16 109
5 95
98 142
39 198
84 188
134 146
71 188
63 193
124 192
17 60
32 33
27 76
57 133
192 149
104 144
89 156
61 159
16 76
34 187
24 125
195 50
61 137
50 175
170 173
55 144
96 109
56 61
7 20
36 58
194 89
68 142
9 100
26 39
43 120
66 88
149 174
91 130
40 89
115 180
1 37
3 128
2 114
7 55
31 180
77 102
15 141
35 120
39 176
121 151
132 184
3 121
97 184
100 190
190 15
6 20
17 65
101 131
32 120
4 168
195 58
36 66
79 90
24 119
198 58
116 170
47 159
77 118
69 112
42 165
195 111
14 68
120 155
46 57
140 181
32 42
49 194
81 124
199 147
26 37
51 133
70 75
33 49
1 108
72 189
130 184
87 103
89 155
57 150
68 94
10 126
55 111
55 120
19 20
193 140
164 194
72 147
130 148
50 194
148 193
125 160
8 159
0 88
17 70
62 103
106 137
35 152
149 183
34 49
192 17
55 58
49 187
136 178
135 182
42 47
12 17
50 130
41 138
7 138
4 117
41 168
192 185
199 177
23 47
129 188
78 189
1 166
39 137
131 161
26 110
2 148
19 120
123 195
142 152
14 163
13 14
198 174
187 193
86 108
55 66
23 147
36 112
158 192
15 54
84 185
195 48
41 71
99 117
195 156
48 123
1 145
61 119
18 108
16 165
127 187
29 108
59 76
15 63
21 128
16 85
32 145
126 174
34 178
86 179
193 8
146 164
37 153
77 171
10 75
15 144
26 69
60 101
186 192
30 116
35 38
38 78
96 169
108 192
5 41
2 139
52 157
27 188
60 172
79 115
10 46
32 74
145 195
151 180
96 195
31 108
181 190
122 126
12 58
14 82
49 137
191 78
192 52
72 133
3 132
28 67
82 106
26 115
199 20
3 90
104 120
20 73
33 65
190 188
40 44
7 60
5 126
62 115
82 131
20 105
199 165
22 32
87 149
47 106
14 114
79 131
53 70
12 45
3 86
127 179
199 149
58 146
56 102
25 96
1 198
66 197
125 192
70 165
1 83
79 189
22 121
77 159
103 186
35 36
198 15
5 56
51 120
155 172
107 110
190 148
190 169
41 170
131 137
4 110
60 156
91 180
160 188
39 61
94 176
16 93
125 149
104 133
47 103
138 184
24 171
4 176
111 121
104 191
19 35
97 112
98 143
7 110
95 165
142 198
46 132
190 5
78 137
62 71
17 49
45 75
4 45
156 169
22 183
16 22
198 104
165 172
26 166
76 104
198 7
122 146
171 197
42 132
6 186
198 16
33 95
91 178
195 168
194 87
113 181
37 170
9 141
83 140
87 100
42 110
9 104
14 151
110 163
44 113
96 135
138 171
141 159
18 161
134 157
11 81
26 34
25 93
6 24
144 150
32 121
60 140
103 192
8 83
98 152
65 95
194 127
0 174
15 101
151 158
102 182
10 40
31 147
169 178
46 164
64 157
195 164
13 140
83 96
89 117
14 193
17 172
75 84
195 60
195 20
28 150
117 187
193 24
43 48
197 134
100 194
169 172
48 95
2 128
108 129
34 134
8 152
20 49
29 150
95 124
43 55
77 100
83 175
79 120
107 198
199 84
10 87
15 64
174 180
99 121
18 112
192 123
62 100
172 178
101 145
46 71
120 188
44 121
21 24
91 92
31 79
194 69
19 44
85 162
23 179
14 199
93 144
191 70
195 118
169 194
133 150
172 180
52 149
128 143
74 187
190 125
95 199
159 167
21 196
59 129
15 22
91 139
0 51
116 117
106 199
90 127
97 188
25 177
40 194
27 133
51 99
13 58
4 111
111 142
112 123
8 28
79 141
69 143
95 138
31 123
89 141
72 116
77 121
48 72
10 160
16 125
52 138
97 193
27 102
97 130
114 196
51 169
34 55
27 50
193 178
55 143
45 110
11 136
136 162
4 49
42 166
36 119
147 174
142 166
124 130
130 193
53 106
40 192
32 130
22 157
104 111
63 69
14 175
9 115
68 190
100 146
53 132
75 147
122 188
32 187
140 145
199 15
21 68
74 162
128 171
0 96
59 143
171 186
8 142
41 166
13 141
61 103
199 3
87 115
67 111
190 94
46 68
8 11
16 81
102 148
48 65
35 42
113 132
70 154
27 83
83 108
192 39
2 89
58 101
106 192
7 191
23 62
39 66
95 157
13 47
197 186
91 179
41 132
20 168
85 104
132 180
193 94
123 190
192 54
76 134
35 178
12 90
197 139
121 164
100 112
36 115
100 188
194 75
14 173
65 197
66 79
56 159
196 192
54 154
35 49
14 149
103 104
0 126
37 52
84 113
84 120
10 143
100 196
24 167
47 199
40 123
192 20
151 188
129 166
77 150
37 40
169 173
130 180
159 180
191 136
48 175
192 126
194 91
94 112
39 185
197 35
8 129
168 173
5 50
151 197
165 167
33 110
62 111
3 98
41 167
43 56
42 76
104 125
108 195
26 143
52 130
194 141
44 110
7 43
6 44
89 113
94 106
42 198
73 89
10 170
68 173
108 178
155 160
58 126
21 188
191 17
0 13
51 159
37 119
30 54
62 99
9 135
199 160
44 55
152 161
48 92
44 187
193 27
97 153
144 161
3 58
61 99
34 70
104 177
198 121
41 119
4 181
130 168
16 54
79 181
105 188
52 83
18 105
194 29
16 143
58 185
53 116
24 165
52 154
164 192
78 119
114 165
88 93
26 59
76 99
53 135
30 178
97 146
12 56
39 144
88 146
39 139
24 160
12 118
196 149
170 196
75 169
13 165
138 189
34 87
42 80
52 85
11 31
158 168
170 186
106 135
71 139
29 133
80 134
79 97
109 133
17 166
89 111
22 63
89 142
113 165
132 134
23 86
41 133
114 146
22 186
45 106
42 93
25 117
160 189
7 21
198 77
195 134
126 195
83 120
29 139
78 109
84 152
133 162
76 147
51 57
90 132
13 175
83 134
118 191
120 152
99 118
133 154
72 139
83 117
31 119
46 181
15 57
195 197
110 170
43 110
14 126
53 80
40 141
25 67
6 32
65 125
24 135
102 115
8 123
16 146
191 45
194 24
123 162
73 126
90 154
53 150
3 17
7 25
3 107
100 193
116 173
151 172
66 100
165 178
78 84
5 152
126 138
193 123
62 88
36 44
33 85
73 146
14 167
2 122
194 146
122 199
70 126
18 160
29 93
193 53
192 71
98 126
17 116
102 145
114 141
33 75
1 101
1 93
85 96
88 109
104 134
100 103
78 150
1 5
31 178
8 170
102 157
43 137
148 176
83 122
79 135
25 55
112 149
68 197
190 14
52 117
29 61
3 168
191 31
0 78
37 63
21 74
4 140
28 71
62 152
8 164
69 128
27 61
111 169
147 155
21 25
190 3
83 144
173 199
14 63
15 129
0 169
109 184
94 105
3 181
19 54
14 66
46 107
190 27
128 182
136 148
58 161
82 128
19 40
4 53
31 81
75 99
19 30
44 80
6 99
191 48
24 148
118 146
27 155
63 100
68 164
13 166
47 164
13 43
29 102
44 49
68 69
126 184
68 78
65 92
57 89
52 184
198 98
4 29
128 196
92 198
103 116
9 196
52 104
55 104
4 173
34 107
196 45
105 164
117 148
8 84
13 189
25 129
60 183
62 90
59 173
199 59
70 129
182 192
195 35
149 188
161 197
145 162
153 163
197 10
75 155
14 35
197 188
42 118
24 87
97 197
140 154
123 177
61 199
172 177
9 53
180 189
34 174
26 58
24 117
62 128
156 171
63 160
41 190
121 129
27 175
63 126
101 175
26 71
9 138
10 17
85 111
78 173
94 102
199 68
7 162
63 128
191 96
192 63
143 171
23 104
49 154
67 121
115 172
53 112
63 116
71 95
17 88
151 184
2 115
44 81
39 147
195 179
64 115
4 104
196 185
194 114
41 112
105 112
193 181
50 151
37 57
102 180
40 148
136 187
24 198
5 19
114 160
19 101
21 110
135 173
101 133
90 106
192 116
161 179
76 86
104 116
43 73
78 160
19 73
22 106
100 178
103 136
97 102
153 165
193 84
4 57
98 145
80 85
101 174
92 111
198 165
79 176
7 135
21 65
101 113
17 128
1 107
190 54
191 162
60 73
183 185
75 160
58 108
21 58
185 197
82 86
191 183
142 159
2 49
90 129
64 181
51 164
192 181
106 167
33 150
38 77
17 176
32 113
53 165
28 49
87 198
103 131
120 139
78 192
37 156
28 53
178 180
69 106
96 124
34 147
40 161
13 110
39 103
82 166
196 144
103 161
136 199
93 124
3 151
25 125
69 138
199 38
197 24
198 110
22 162
5 144
26 30
130 139
38 105
69 129
138 199
62 177
196 43
58 139
25 135
35 48
191 116
37 167
67 109
5 173
110 172
70 127
24 99
31 77
43 143
15 142
160 167
24 25
90 155
76 178
50 97
191 146
192 189
44 168
125 174
145 155
131 193
118 198
131 149
162 181
41 153
92 122
122 165
41 111
110 158
71 73
199 55
88 183
175 180
4 137
110 194
118 163
19 188
50 193
112 173
60 145
38 98
107 116
34 112
199 125
177 184
193 38
81 91
197 77
92 114
70 86
19 117
63 153
1 112
164 186
21 160
70 80
114 127
29 165
6 169
51 80
81 102
3 178
8 121
26 49
80 109
60 137
48 157
19 59
64 81
36 182
119 134
132 167
57 109
168 183
137 158
86 142
94 127
145 176
124 141
32 89
73 162
27 48
116 149
33 134
146 177
13 157
93 174
196 103
102 174
94 166
101 151
56 181
3 44
6 106
176 178
82 116
164 188
1 173
71 84
78 144
194 128
30 119
63 76
42 56
7 172
141 150
30 133
15 82
35 129
70 186
125 191
74 113
194 84
198 170
74 156
6 42
3 99
190 138
187 188
194 133
41 91
60 186
13 193
23 184
119 192
135 190
1 183
10 178
111 197
122 150
58 134
194 44
157 164
142 199
66 113
67 95
43 181
3 41
136 176
42 77
72 199
44 164
16 123
114 119
199 7
37 129
113 144
71 170
74 140
113 162
25 53
25 45
116 197
86 143
18 49
47 100
82 98
174 187
40 65
112 170
54 173
35 92
48 74
37 172
34 122
196 24
4 126
36 184
53 191
89 192
34 172
66 72
60 160
15 120
25 153
37 41
61 193
58 77
25 56
41 43
56 123
116 153
34 182
27 196
3 32
