66 29
15 67
47 53
11 63
63 10
18 75
13 69
3 28
69 1
27 47
32 68
14 48
8 56
15 60
22 56
35 74
9 33
33 47
21 26
6 15
6 24
7 16
20 68
45 76
17 18
54 59
78 10
63 21
42 79
0 72
34 78
68 46
36 49
71 43
75 65
24 50
69 52
35 61
72 71
43 47
12 54
14 49
64 34
18 38
34 54
71 37
70 41
67 27
49 50
72 35
68 52
31 60
78 15
73 43
21 35
1 26
56 9
9 29
1 70
7 46
66 60
54 70
74 43
71 32
69 25
9 67
9 11
42 65
21 79
0 55
62 47
65 31
25 35
69 51
56 3
16 53
23 58
7 40
32 74
27 57
36 57
5 40
71 16
19 51
79 74
76 30
56 74
1 43
11 23
39 57
72 25
1 12
6 79
4 6
47 73
72 7
75 77
8 67
66 49
38 47
38 79
22 39
5 76
78 66
42 73
59 4
11 28
61 28
34 77
75 51
67 71
2 46
71 45
46 65
21 22
35 38
39 40
75 13
56 12
21 74
22 55
36 58
22 72
0 63
7 30
66 6
75 43
19 34
22 42
67 49
1 49
48 73
68 25
59 55
13 30
20 37
20 39
56 6
74 17
65 5
34 49
78 62
9 54
65 7
47 78
7 66
63 53
75 23
9 23
63 25
26 53
79 37
7 33
13 36
74 44
0 40
60 20
29 45
10 40
60 50
10 44
57 76
16 39
46 62
56 1
17 45
31 49
40 49
13 20
22 79
31 56
65 19
51 72
24 60
15 76
7 55
36 75
66 38
54 75
15 46
46 61
73 62
52 65
18 28
72 66
58 1
55 24
23 61
58 75
59 14
1 59
61 37
26 46
60 16
71 13
73 36
62 54
22 38
16 44
68 37
34 68
79 46
30 37
64 14
42 59
8 18
42 46
14 65
16 57
11 77
60 41
15 39
26 76
78 58
39 74
56 77
33 59
13 39
16 52
47 61
28 75
67 14
72 30
0 23
23 26
75 16
