26 83
227 265
58 157
74 204
263 176
96 260
72 73
142 152
49 111
144 197
68 156
180 185
172 249
190 191
271 114
75 195
259 104
36 266
28 111
229 260
33 207
28 195
90 214
63 272
98 140
126 156
24 272
50 101
57 242
66 88
105 135
52 226
66 244
266 235
66 147
166 241
33 177
80 132
90 220
200 265
106 175
10 30
82 100
34 106
143 158
21 173
139 145
19 216
100 189
103 156
26 87
31 70
155 245
130 274
80 272
160 200
178 222
40 162
257 213
58 82
171 186
269 97
32 189
22 75
8 106
17 48
273 162
166 208
97 261
8 174
274 40
89 234
22 177
269 72
70 81
182 215
97 165
166 206
102 190
92 203
68 75
60 214
164 207
58 83
12 268
45 64
118 255
86 191
272 83
120 269
174 232
60 163
32 172
109 186
204 210
27 136
156 256
159 225
7 12
26 233
119 133
16 230
180 203
85 232
72 133
47 199
1 145
73 184
68 82
33 44
30 72
107 195
155 212
103 205
71 233
78 210
176 180
6 66
195 238
16 192
269 235
261 92
25 52
78 171
126 140
4 18
257 37
69 73
2 167
225 247
79 219
269 176
162 219
85 126
265 198
103 247
61 75
222 251
72 99
93 103
63 224
70 255
169 217
22 69
98 120
167 241
0 103
78 107
37 187
32 161
57 197
85 110
96 154
159 168
99 158
112 194
119 157
259 16
154 200
242 247
105 265
74 269
210 215
257 265
160 222
207 215
133 197
73 203
67 75
115 242
256 169
76 188
74 229
268 1
47 257
56 204
232 264
22 157
76 219
146 147
112 204
83 177
258 217
47 89
101 116
246 260
38 253
0 186
91 150
273 49
3 133
9 196
15 19
9 215
35 137
139 266
57 114
255 106
272 176
49 141
10 48
150 169
71 97
97 118
73 208
139 156
7 148
5 161
109 248
261 209
261 127
36 235
74 245
159 241
210 266
267 75
264 196
86 131
52 67
132 188
273 106
99 101
231 274
39 132
31 64
113 186
139 187
79 95
50 192
32 207
268 83
259 159
67 266
14 30
272 246
51 108
34 123
93 174
52 151
35 192
178 198
7 107
225 226
23 228
118 274
14 15
48 64
73 154
28 39
122 156
179 180
261 29
260 97
78 138
176 214
79 152
274 186
49 211
274 20
54 128
119 272
222 266
136 256
56 265
106 159
63 121
271 2
171 273
71 89
273 27
30 135
160 190
123 249
274 242
30 115
168 175
267 224
40 223
264 241
262 12
0 31
28 185
122 183
8 127
270 159
111 248
17 132
97 252
51 123
9 41
86 147
63 145
134 178
271 209
263 135
273 85
54 67
265 154
61 172
37 215
201 226
62 164
260 76
109 212
78 234
27 46
173 179
80 250
47 71
259 180
184 251
113 274
131 240
102 117
270 31
203 232
177 188
269 25
124 224
57 167
68 253
185 253
99 190
25 48
31 136
4 93
91 188
88 160
54 210
263 42
115 121
27 98
26 267
122 221
10 90
118 220
78 167
91 186
16 216
2 44
265 167
31 127
49 62
197 238
1 230
130 217
25 104
188 196
39 163
97 106
29 240
51 57
260 230
82 106
26 37
258 191
17 258
103 181
88 129
258 182
76 195
157 179
154 178
269 193
104 202
181 250
87 146
128 129
148 260
142 184
247 267
34 189
33 228
261 51
42 179
193 214
16 91
64 67
153 211
54 162
78 104
273 208
102 124
82 160
119 176
44 246
39 102
265 230
124 152
255 182
11 116
11 208
105 149
21 268
4 183
4 197
14 236
136 170
262 29
24 200
114 166
96 161
119 173
108 179
11 75
116 175
72 222
65 156
268 213
230 258
36 146
261 67
115 228
160 199
168 232
132 143
17 89
77 101
140 267
198 201
256 230
267 64
0 54
53 157
241 265
123 200
164 264
190 207
20 100
28 75
65 77
36 69
22 44
272 159
147 208
166 211
45 108
63 99
95 271
49 256
8 254
73 267
267 28
271 89
80 186
39 137
63 110
185 250
45 264
47 267
234 242
264 204
273 67
156 251
182 224
82 179
19 164
94 170
14 153
182 274
83 249
37 158
34 72
77 144
32 252
271 126
12 251
4 65
34 167
55 145
189 200
170 263
98 257
52 247
263 0
107 218
46 171
35 244
175 251
172 214
48 206
111 252
226 265
46 147
8 123
82 176
137 160
108 162
78 242
20 114
122 259
126 175
28 235
46 79
107 268
87 259
47 48
34 203
37 167
50 205
28 187
36 131
14 67
177 209
42 248
40 271
21 103
20 59
105 164
99 196
98 130
226 253
159 196
243 244
8 209
162 209
270 203
55 203
30 57
179 189
91 248
77 187
71 81
6 73
114 218
66 273
272 87
7 75
112 250
185 225
115 246
221 263
216 230
204 263
194 264
85 100
7 270
87 156
125 240
150 161
69 258
68 137
30 271
273 137
269 271
169 200
98 222
67 274
25 79
272 144
68 149
239 260
24 142
177 226
37 57
162 224
183 268
173 189
154 263
51 145
57 172
13 217
14 202
6 119
105 155
9 42
264 171
176 271
180 189
209 223
77 83
128 252
110 185
113 201
273 82
34 198
264 50
52 123
114 234
204 209
22 53
3 205
215 240
156 177
166 168
65 191
127 255
113 273
182 254
272 221
94 147
261 180
78 258
101 219
50 83
205 239
74 195
41 233
219 264
31 129
261 221
264 132
73 190
1 91
9 253
13 134
95 228
261 42
263 218
135 230
263 106
55 214
109 149
33 239
4 48
165 258
37 258
108 257
40 110
41 136
66 168
61 245
68 138
22 90
227 274
228 268
41 58
149 258
142 153
236 254
199 250
147 211
52 268
6 190
33 170
37 125
25 107
44 69
112 152
270 163
224 226
115 142
20 124
17 77
139 176
198 221
12 236
116 250
188 245
30 243
80 95
211 253
25 78
114 212
127 228
45 246
208 242
178 193
16 201
63 139
6 232
52 160
123 208
106 161
1 204
2 186
272 231
263 54
267 251
16 156
142 198
260 47
28 183
190 216
82 235
50 116
32 186
96 117
25 135
156 263
6 30
269 177
138 212
182 251
48 164
11 198
23 157
8 195
102 188
51 251
272 127
253 264
107 110
22 260
168 272
30 106
116 274
58 246
35 184
14 179
129 228
207 217
19 107
139 177
55 185
22 266
34 274
53 216
197 234
61 257
211 255
54 184
72 91
38 107
120 128
103 238
120 213
12 184
150 157
165 186
118 254
205 218
36 58
25 246
44 257
85 243
241 272
225 252
152 236
64 251
97 181
48 210
19 250
135 237
130 219
19 70
55 135
34 193
129 259
82 254
32 182
12 234
41 183
50 91
59 259
153 176
269 59
56 196
109 155
185 202
117 262
256 45
255 60
70 183
55 247
30 166
106 197
47 214
228 257
118 191
93 200
94 183
47 139
103 265
9 206
61 121
1 135
256 192
6 235
268 145
31 36
79 229
86 94
246 269
35 125
259 164
85 222
169 273
63 68
73 151
12 207
33 129
115 202
162 270
130 258
163 207
27 242
174 200
161 268
111 149
2 39
170 235
17 244
67 213
82 142
46 223
125 132
133 260
247 265
31 177
48 89
22 237
111 231
131 137
168 271
39 263
60 64
112 174
272 121
8 167
38 95
53 107
19 126
229 239
83 119
256 151
62 247
0 168
274 13
46 253
53 259
112 260
57 181
54 209
160 205
267 88
106 194
52 130
48 112
126 185
273 90
4 194
115 190
144 240
194 204
13 242
49 226
34 208
29 73
101 183
21 244
20 70
6 107
198 251
79 263
50 252
43 158
273 224
30 33
105 267
106 207
84 217
168 226
51 171
124 176
253 269
268 242
97 267
261 28
112 217
55 160
58 206
62 166
187 204
27 126
255 67
9 244
149 153
66 186
26 145
202 203
72 123
41 72
184 204
266 199
70 219
11 21
0 271
10 64
160 268
6 89
203 248
7 235
61 204
35 49
272 113
80 271
98 241
240 264
4 54
197 202
126 213
56 73
123 154
34 145
4 150
5 27
213 233
87 166
22 247
274 121
2 262
98 100
269 118
246 255
72 154
47 110
26 175
52 114
205 231
107 229
81 97
1 28
125 167
11 54
91 170
9 142
57 267
2 18
104 148
4 115
132 168
33 86
102 247
10 226
136 191
272 122
182 187
198 204
194 242
121 144
47 254
182 250
11 39
38 44
88 260
1 123
255 143
85 209
72 124
227 231
59 184
148 212
154 233
9 265
106 232
196 240
174 234
46 194
183 250
37 272
252 271
45 139
247 263
214 250
152 168
126 268
26 191
102 230
4 162
183 223
73 265
89 185
257 7
136 151
130 151
214 271
272 13
263 265
17 117
117 212
68 102
25 115
137 234
255 177
19 117
265 177
86 228
108 211
24 227
54 153
62 256
13 62
2 90
12 260
163 168
66 116
0 200
126 146
44 117
185 195
27 187
159 185
81 272
108 167
83 147
96 194
112 233
68 251
269 203
42 99
268 15
105 177
10 186
114 255
180 255
134 220
180 257
29 56
78 170
12 154
122 145
67 110
9 97
8 216
161 252
165 190
7 189
146 262
26 214
111 129
61 106
164 208
141 142
119 238
16 202
122 246
122 240
184 258
60 228
10 118
78 99
165 201
111 164
42 250
273 164
37 148
142 155
38 103
153 190
74 208
149 203
9 194
15 16
66 80
51 134
73 254
25 241
1 44
102 191
120 200
62 124
102 255
114 219
68 264
90 133
209 262
2 22
266 64
43 92
11 221
36 117
14 245
89 144
27 58
83 132
224 268
212 228
93 198
114 224
51 229
141 252
127 177
265 22
254 259
23 64
146 247
266 196
159 242
165 257
121 254
41 271
54 268
273 132
53 242
171 182
105 254
135 136
87 270
46 268
84 204
43 107
143 265
33 66
67 70
8 259
170 274
258 219
24 88
69 72
37 88
1 215
72 152
67 232
179 254
141 231
206 216
11 78
72 195
17 190
185 266
71 161
179 222
154 206
13 271
37 108
262 250
123 168
7 117
73 132
68 229
265 36
107 173
36 50
257 65
108 151
23 241
164 210
10 77
3 186
33 43
84 247
268 97
38 193
101 104
44 152
6 128
140 164
153 186
86 119
131 180
263 24
44 76
258 44
6 129
256 129
13 143
9 25
36 120
99 136
98 157
269 132
168 274
20 184
261 144
71 197
257 211
48 102
64 174
259 25
272 236
77 212
192 259
26 101
272 5
137 139
71 96
75 125
88 240
180 252
262 165
78 115
36 227
135 184
176 230
73 209
183 185
126 159
69 111
41 160
103 162
25 55
203 205
12 74
68 97
22 269
44 216
148 149
14 250
75 174
67 139
102 253
272 67
266 58
29 108
24 139
27 79
141 215
8 137
183 218
80 93
229 272
259 169
39 93
175 263
156 206
19 150
27 265
51 96
248 251
55 232
65 186
128 133
142 210
170 172
63 187
95 150
141 172
132 271
52 165
264 25
262 27
45 171
62 130
153 212
2 89
23 96
49 93
11 72
9 264
82 243
156 247
167 192
85 141
15 67
99 273
112 160
262 193
274 74
30 112
65 176
205 209
268 175
154 266
96 185
97 194
89 188
100 143
20 148
30 176
25 51
156 159
58 226
11 227
213 238
139 140
47 261
42 150
106 119
92 233
50 232
41 256
105 271
111 167
79 169
11 32
53 227
101 272
260 5
202 258
270 34
197 209
255 49
105 209
12 135
53 159
187 267
143 195
119 213
94 217
274 216
165 244
102 135
111 150
126 206
132 164
268 230
42 204
126 236
9 180
106 178
136 187
272 222
265 121
133 269
52 135
6 82
155 246
273 209
138 273
30 86
77 109
109 205
136 241
87 265
144 244
85 158
121 125
92 170
36 254
120 166
49 73
134 261
30 192
104 142
14 33
3 250
54 228
5 244
7 272
189 239
84 102
34 130
131 132
13 240
213 256
15 91
158 183
12 15
68 120
195 262
18 27
255 170
197 244
26 28
260 193
137 152
1 168
30 98
242 267
191 241
239 267
167 235
19 87
74 79
53 138
143 235
8 17
70 190
110 116
261 184
15 205
11 248
258 159
264 129
34 137
170 209
274 18
60 62
272 51
188 259
45 188
76 101
256 105
204 238
4 268
88 116
109 256
163 205
49 196
123 219
98 113
20 146
113 209
41 96
112 256
8 226
143 178
41 231
101 212
74 231
142 273
23 91
268 189
30 248
212 274
70 148
38 51
116 169
174 215
158 190
24 194
70 171
137 185
270 218
266 206
0 1
65 155
197 199
32 191
165 220
85 90
99 253
83 261
43 59
131 265
12 200
43 228
54 183
7 84
16 198
125 208
118 272
53 79
17 83
14 232
71 254
106 260
113 170
124 188
117 197
149 185
14 238
134 199
269 4
258 236
47 178
198 223
149 150
92 193
17 43
268 236
46 259
232 249
110 197
34 120
73 120
11 134
1 228
269 150
19 34
261 262
31 236
261 183
58 116
106 258
106 125
225 270
113 151
73 183
74 140
200 253
34 161
185 221
134 158
148 150
262 41
120 133
81 96
49 206
273 105
74 181
189 213
25 174
264 131
135 253
28 174
273 263
118 187
107 238
10 209
123 138
44 125
109 187
16 157
178 204
41 211
32 183
5 229
5 21
269 153
15 252
4 12
270 145
196 247
184 206
103 150
31 190
22 104
109 229
41 174
67 211
24 240
204 259
113 267
107 204
28 155
28 176
33 153
196 253
13 94
66 251
267 215
32 159
202 260
21 95
235 274
206 218
100 130
28 115
238 274
146 181
36 175
67 187
110 118
58 238
26 131
81 184
123 141
37 156
47 143
19 231
135 241
207 274
118 190
44 60
263 166
184 188
49 227
158 223
82 183
267 51
32 124
254 273
23 247
131 166
180 270
45 189
178 197
65 119
101 249
42 66
259 33
48 91
272 32
98 213
40 103
193 231
112 190
113 251
21 207
106 111
55 56
54 220
19 104
177 227
23 125
90 267
27 28
252 262
143 250
149 228
6 162
265 120
260 116
23 192
7 205
153 169
62 102
72 190
5 269
98 225
64 74
255 21
253 255
58 237
139 173
6 131
65 158
94 234
22 93
168 265
255 205
263 240
152 220
174 250
3 81
94 152
96 146
78 181
19 251
130 214
62 100
270 146
12 143
226 255
191 204
53 198
37 234
269 1
139 160
103 154
270 104
274 7
27 200
265 129
87 119
39 85
79 145
14 31
178 191
64 242
73 110
108 182
14 46
45 121
20 186
43 188
161 258
37 131
162 205
67 92
145 265
256 76
170 272
40 77
19 74
19 120
74 157
270 33
92 218
108 198
203 267
59 109
124 133
267 65
129 204
40 48
143 167
189 235
117 208
176 238
15 28
10 194
76 128
33 119
32 113
126 219
186 245
0 135
168 235
145 149
90 125
95 126
19 91
17 146
12 136
233 242
133 161
4 188
263 143
82 224
39 158
261 157
228 248
268 136
101 244
104 216
129 250
26 119
73 91
10 153
5 205
270 108
266 205
48 110
105 148
74 258
8 33
33 217
20 169
11 28
43 133
255 262
109 192
226 231
63 67
13 60
97 125
24 198
73 234
274 266
156 269
18 223
24 38
190 228
108 242
64 89
20 159
39 268
258 83
9 229
68 242
36 105
181 191
1 11
158 177
69 224
8 173
27 42
27 53
47 108
236 261
39 62
133 212
7 225
164 189
32 175
264 166
222 235
169 206
13 154
231 266
45 228
267 159
128 208
104 107
81 108
26 206
69 200
82 120
104 158
215 230
138 234
53 60
7 24
266 104
125 193
158 260
102 151
80 219
47 58
87 175
119 270
59 195
60 79
23 243
13 26
59 167
177 197
218 241
206 219
18 258
27 68
101 237
195 239
25 261
15 71
263 130
15 246
38 216
206 263
35 173
122 188
271 11
78 142
25 98
3 153
43 103
85 111
55 174
190 201
59 252
12 31
36 53
21 52
176 246
25 228
38 42
271 175
90 189
1 14
128 186
129 144
266 246
125 126
2 100
90 222
266 272
99 126
255 75
266 223
109 160
193 230
160 201
25 33
163 206
30 127
24 64
83 86
61 201
29 233
32 112
181 229
22 205
31 187
206 229
168 240
55 122
74 230
223 244
180 181
92 142
80 249
64 216
148 262
132 172
262 60
47 102
272 238
9 249
72 212
178 272
49 221
261 196
17 226
81 170
122 251
71 134
78 122
184 232
210 272
160 257
134 206
263 45
11 13
188 224
145 222
190 203
268 169
7 70
86 168
274 180
268 8
25 54
65 127
139 271
7 221
165 263
228 266
53 200
16 197
48 170
155 248
0 158
260 223
13 186
36 104
140 146
51 53
86 100
120 203
95 263
240 259
274 250
22 226
97 243
101 145
36 198
98 161
168 239
38 163
222 274
55 108
76 103
59 144
65 146
267 29
81 232
68 146
8 264
19 258
58 186
260 137
151 254
172 208
201 248
265 51
172 215
70 164
226 238
205 223
27 121
97 233
23 179
74 107
59 216
28 34
202 267
118 122
188 270
4 257
221 253
97 211
151 226
259 24
165 217
113 129
119 122
57 148
146 222
248 265
60 180
130 177
11 268
120 132
29 109
1 194
60 94
113 166
39 255
140 159
27 230
176 242
200 254
174 225
85 89
19 21
101 137
272 132
51 211
167 178
40 268
187 257
50 261
33 78
82 252
202 270
110 138
11 129
103 242
259 167
230 259
165 268
72 150
93 175
76 168
252 253
130 220
54 56
180 190
98 101
59 135
34 46
6 223
154 196
14 138
256 208
191 245
262 212
168 224
151 188
91 270
80 247
63 127
243 273
271 118
112 273
268 211
72 82
150 200
81 202
260 265
21 271
168 268
86 213
114 165
143 181
126 179
102 170
41 201
259 101
175 245
183 272
156 173
74 180
50 82
63 160
130 221
156 270
263 75
19 138
65 164
4 266
78 88
112 224
238 257
186 236
15 258
217 248
26 82
9 214
99 164
38 82
273 40
72 164
98 173
94 117
270 35
159 172
134 197
16 204
113 245
184 271
90 107
151 237
3 137
144 260
271 149
9 273
56 105
92 251
26 241
258 263
32 37
175 186
260 10
122 260
147 252
33 246
256 67
187 271
7 28
194 270
193 264
60 82
84 262
107 217
144 229
272 217
40 142
92 154
33 202
28 134
239 241
33 167
59 68
268 240
177 254
23 245
95 132
23 168
17 224
197 198
60 241
100 174
79 141
140 246
84 196
107 138
69 155
37 76
190 232
7 255
103 167
102 160
152 270
10 23
107 145
38 179
19 76
270 169
85 96
32 248
16 160
31 271
198 209
84 140
93 163
97 227
136 213
84 187
98 233
237 251
84 111
30 70
261 37
147 216
81 247
55 114
255 141
263 159
48 106
107 216
139 200
272 270
180 266
167 199
20 171
82 186
82 91
13 128
65 252
11 154
273 265
262 160
262 207
28 246
5 190
53 214
55 176
64 122
76 105
36 180
41 239
98 271
84 271
9 156
163 239
32 202
19 233
212 241
40 163
11 143
11 81
107 121
27 107
64 170
55 219
60 198
