251 199
4 273
90 91
35 106
188 211
64 100
100 274
117 200
212 243
161 246
124 139
246 186
228 252
137 199
46 49
221 256
11 112
17 166
249 221
91 119
40 253
215 263
39 254
67 149
229 261
167 178
32 253
89 209
189 232
146 258
256 108
156 197
192 250
100 109
220 223
180 269
84 145
126 176
51 214
24 182
74 147
236 254
107 126
206 250
260 190
66 264
121 123
20 177
231 238
77 175
218 225
38 255
179 194
146 185
171 206
205 234
70 109
105 218
16 72
154 192
44 106
93 231
230 243
51 162
74 254
160 225
90 257
267 201
66 134
110 128
45 181
33 251
46 242
56 201
69 232
63 79
19 230
38 212
145 268
13 166
269 1
205 254
97 181
49 72
43 76
92 179
35 39
29 270
50 104
39 88
135 156
21 66
60 194
65 152
83 129
273 41
89 219
247 267
191 212
7 72
3 161
58 84
79 130
202 270
58 177
14 221
16 161
8 237
63 261
52 272
126 156
4 8
60 81
252 47
224 240
55 97
198 250
107 162
79 146
60 144
100 130
65 265
59 273
269 272
153 251
175 222
8 178
7 249
103 115
270 88
127 132
267 71
14 100
118 159
79 116
108 243
72 191
249 210
34 136
56 161
19 270
70 203
1 227
10 163
19 125
255 33
38 129
274 118
139 158
192 240
44 164
74 81
150 194
19 77
9 17
82 207
27 41
198 238
31 264
141 212
13 46
252 234
268 86
202 268
42 195
57 81
183 203
117 271
251 85
51 128
264 167
56 114
8 136
60 274
249 46
58 209
179 200
23 174
268 135
38 225
212 271
224 242
13 180
14 85
256 117
69 192
175 257
154 204
67 260
92 269
64 128
127 189
146 274
87 235
147 256
55 117
55 64
106 238
203 251
3 21
213 232
245 143
118 201
250 147
41 123
256 202
59 112
9 231
101 139
66 166
9 41
259 155
265 198
251 22
3 249
211 233
256 177
245 94
56 273
265 155
151 193
144 254
63 70
42 270
132 235
70 263
179 181
252 172
45 229
83 106
95 189
75 267
46 173
269 161
249 60
220 264
69 228
132 218
49 256
62 128
55 245
125 273
11 97
21 120
48 217
100 197
124 227
260 41
47 106
12 256
3 166
259 192
32 268
22 190
264 37
135 247
259 55
11 72
64 170
171 196
35 41
39 208
93 146
48 261
117 127
204 270
266 143
193 260
13 222
75 272
182 271
204 230
98 205
121 206
113 198
30 53
269 6
21 142
172 274
252 239
132 149
256 238
12 93
26 246
36 82
105 117
159 221
226 236
73 184
269 40
177 186
78 122
17 110
208 235
54 137
70 128
173 209
209 213
115 249
148 200
96 100
2 4
15 142
87 198
48 84
79 135
265 115
121 132
254 16
16 222
257 132
85 123
19 70
252 84
55 216
141 262
164 263
198 241
7 22
268 11
22 231
223 233
270 45
82 96
36 121
59 174
37 66
7 192
106 230
9 196
23 256
256 21
136 171
71 249
174 246
32 190
266 28
81 207
192 244
151 223
258 3
22 194
21 114
2 171
259 244
138 183
109 265
174 182
88 215
114 266
225 274
60 208
73 152
2 269
195 216
260 30
259 84
156 189
144 234
75 259
247 195
57 241
91 136
271 205
148 152
109 169
134 274
184 193
92 243
75 102
140 227
57 153
88 105
261 153
249 148
34 96
111 253
0 84
166 238
167 247
55 224
148 213
39 195
97 172
272 205
165 220
242 268
137 234
201 231
6 28
130 145
152 219
103 177
75 144
2 27
109 197
110 150
8 68
153 191
127 140
122 254
254 159
106 252
5 274
257 153
14 177
174 273
87 259
177 233
87 243
99 115
53 57
145 208
219 269
79 240
131 159
136 200
165 254
221 246
140 146
257 216
185 214
34 40
120 176
224 234
133 192
32 197
87 135
99 194
155 273
9 19
65 118
59 108
215 241
80 204
150 182
45 105
144 257
119 192
48 158
75 152
108 120
139 146
147 229
88 184
32 241
264 80
53 156
78 270
235 246
37 81
250 131
260 11
234 247
261 40
247 265
206 265
257 227
223 239
38 159
139 271
65 83
96 208
256 15
184 257
123 272
265 219
116 157
35 157
265 243
16 205
86 164
111 205
248 129
249 185
267 82
80 87
131 135
260 84
153 190
228 259
30 171
181 210
73 178
125 172
9 99
95 215
91 272
151 215
161 185
4 122
213 224
42 231
172 232
106 235
49 142
108 252
73 222
77 141
79 254
185 204
141 219
52 219
248 160
13 224
270 11
54 179
161 230
252 81
272 147
21 219
132 159
273 77
168 191
108 163
126 239
34 233
10 247
248 212
49 202
162 233
38 177
252 121
78 217
250 207
256 182
77 268
106 213
16 113
237 264
53 177
247 123
134 234
96 214
3 80
137 218
93 151
118 229
247 29
44 254
137 226
76 247
107 253
56 256
29 142
126 135
159 263
104 230
234 239
16 247
252 117
1 159
58 237
126 261
75 240
10 85
212 270
181 193
24 215
60 159
80 186
117 203
174 226
0 32
78 140
3 112
89 145
197 208
110 247
18 269
51 154
22 121
249 101
28 103
159 211
119 191
2 11
146 183
84 167
72 82
163 256
266 159
98 212
31 274
170 179
23 218
248 270
167 180
0 195
139 220
75 173
21 64
270 24
80 140
249 189
97 147
202 225
83 217
250 172
23 102
7 71
24 117
111 157
140 179
137 150
44 166
39 212
263 46
129 268
253 164
70 130
194 229
61 81
19 114
110 213
137 180
70 118
259 223
249 34
73 144
25 251
12 130
162 215
23 254
50 123
5 80
74 136
227 229
146 251
59 154
78 154
103 154
46 231
17 185
271 131
33 79
28 32
104 157
240 257
176 216
200 260
262 59
9 207
114 203
153 235
209 257
8 218
251 224
88 182
241 256
69 165
99 273
25 148
122 152
202 271
231 240
212 260
44 129
131 153
35 140
117 134
271 96
112 237
88 236
247 43
5 41
128 137
71 230
195 267
96 175
63 176
75 139
106 155
91 104
31 159
0 4
125 143
167 226
97 248
108 184
58 179
48 119
176 184
252 85
12 232
219 248
101 266
64 229
245 132
99 254
130 186
95 100
10 208
114 206
87 128
85 148
163 239
204 271
263 60
37 204
127 131
265 23
181 254
17 250
106 251
85 135
99 226
42 116
230 244
18 263
225 268
95 117
7 100
41 251
160 261
145 146
57 171
45 94
255 44
12 155
174 231
15 73
68 97
21 63
207 239
204 263
68 83
220 238
173 221
133 197
117 181
166 239
111 219
155 182
266 92
54 267
43 153
18 32
20 43
33 224
23 131
187 198
85 266
159 253
271 184
73 255
9 216
32 75
48 65
230 262
258 45
185 218
1 56
188 253
95 223
218 239
171 178
137 252
70 218
174 227
24 143
270 244
258 17
213 263
260 144
199 270
40 260
2 84
128 272
154 249
23 156
88 229
37 116
71 222
127 230
151 192
252 35
147 244
59 136
266 113
43 114
125 166
48 160
253 241
51 135
114 272
156 253
71 197
184 228
12 145
88 102
245 25
182 199
58 141
8 247
173 255
148 162
107 145
99 159
76 78
177 219
256 60
106 217
88 190
137 248
269 133
53 73
87 155
239 243
246 259
128 270
33 104
53 89
22 197
91 208
177 191
246 73
11 43
20 237
249 182
69 227
183 189
84 188
108 226
200 230
7 256
208 213
35 254
144 151
15 132
165 172
265 63
119 225
93 180
12 221
249 122
182 273
98 224
44 48
250 175
259 59
151 194
256 121
29 71
84 144
194 252
47 176
15 151
78 97
208 269
172 179
21 147
93 117
115 233
57 80
44 121
129 183
252 68
124 201
36 59
9 229
176 200
124 154
43 234
258 77
123 265
3 122
132 216
41 111
93 211
84 98
272 49
40 210
44 177
37 265
114 148
86 125
2 268
3 198
101 183
270 159
31 216
53 242
181 247
59 100
260 35
8 157
4 10
76 250
246 178
175 183
33 248
98 101
151 189
255 242
147 219
38 141
3 7
89 90
58 71
133 137
2 13
32 93
257 245
228 260
249 231
228 254
267 253
69 96
137 272
43 236
35 76
81 151
269 119
65 199
69 183
7 114
35 188
46 54
175 260
108 229
247 126
253 229
259 197
15 157
155 156
96 225
250 122
38 50
6 149
248 102
32 240
87 125
86 270
148 220
228 247
62 200
9 175
217 252
2 147
7 193
113 207
15 182
41 48
69 138
125 127
54 116
135 172
70 184
56 64
262 110
25 118
153 263
143 146
18 262
85 162
253 48
34 49
126 139
245 2
79 165
84 134
86 263
83 175
156 185
58 139
17 57
136 213
138 174
123 166
25 236
61 87
97 103
261 162
248 258
33 129
145 218
41 225
86 120
59 156
34 263
4 69
21 86
109 190
129 196
10 173
270 191
62 216
52 252
199 252
116 233
26 48
91 128
67 233
0 257
190 228
40 155
21 39
187 200
147 240
37 220
35 83
186 218
157 242
61 229
64 137
138 229
11 199
40 152
247 184
156 167
256 220
97 179
258 15
88 213
94 201
20 67
74 246
55 218
97 232
274 214
260 180
38 245
23 91
215 249
10 130
29 273
3 168
14 72
80 88
140 257
93 128
90 163
148 248
73 117
25 38
259 3
161 272
85 204
122 220
19 238
263 226
18 218
112 239
17 200
271 3
94 274
7 75
69 76
251 64
155 186
96 123
94 118
256 170
105 179
159 246
146 188
91 172
175 178
1 125
262 56
91 191
36 168
61 155
265 48
212 225
24 199
235 237
46 63
130 202
103 178
240 241
183 264
123 148
191 225
246 62
76 227
263 202
0 6
0 17
45 84
9 61
60 168
56 151
190 231
170 204
2 173
210 246
183 230
0 241
78 254
272 182
105 204
35 46
269 39
165 174
172 246
51 267
69 193
127 161
256 167
100 133
47 269
144 251
162 264
140 255
64 187
16 226
263 126
262 152
26 31
188 215
19 273
184 230
152 174
258 184
110 167
66 106
16 159
98 130
33 272
220 251
269 138
209 226
12 240
19 34
256 146
271 32
21 95
53 230
102 164
36 71
249 190
116 272
20 71
14 88
196 237
7 47
58 229
135 188
268 49
168 270
62 248
221 234
250 64
34 56
167 213
25 73
49 160
32 265
22 46
118 246
15 134
7 268
44 196
1 87
150 151
38 235
243 272
73 239
119 240
163 210
273 243
259 140
46 194
92 233
51 110
258 130
81 255
0 37
123 257
24 244
265 85
22 33
58 120
98 151
54 170
80 227
79 164
14 105
252 205
105 190
250 199
245 58
62 155
169 270
53 110
10 24
79 178
58 235
177 249
200 234
13 86
254 112
180 181
198 244
91 120
25 149
33 231
48 213
58 180
152 171
142 171
133 136
274 2
113 126
69 253
0 24
261 108
61 259
74 243
21 215
4 154
272 131
220 270
128 239
68 266
2 191
250 178
173 194
135 164
211 212
146 257
82 258
12 254
271 233
2 105
28 94
0 47
184 268
145 228
193 261
258 159
72 156
6 117
71 211
97 122
46 110
99 116
103 247
162 241
254 90
263 67
38 268
48 188
192 234
96 213
45 67
78 224
268 82
31 125
7 149
5 57
247 130
259 96
112 161
120 216
74 201
106 216
77 109
254 48
271 268
178 194
68 184
78 114
19 198
74 133
245 135
41 54
113 153
12 26
73 78
36 212
186 243
76 217
180 201
246 21
151 254
27 177
6 209
32 81
0 156
184 264
145 169
270 135
260 230
28 92
0 226
259 200
99 217
103 254
15 32
22 72
208 216
66 203
32 239
62 112
151 209
159 166
24 104
27 45
91 196
11 55
143 203
15 111
147 176
147 197
260 23
43 67
256 193
29 104
114 231
37 208
253 228
250 118
140 185
116 209
112 164
104 126
96 165
229 257
9 263
56 175
36 233
20 239
255 28
189 212
95 121
228 236
128 208
143 241
27 201
6 145
261 174
29 63
29 150
274 156
1 218
100 124
0 26
83 172
136 166
125 196
38 106
250 266
101 142
116 137
80 180
70 241
42 238
123 129
154 161
79 149
23 170
84 225
13 186
67 153
127 172
99 170
11 104
40 154
97 123
130 164
4 88
15 189
132 259
25 204
137 237
7 44
273 130
8 128
132 173
106 173
268 151
212 237
11 172
50 222
211 269
95 209
271 169
102 135
25 260
22 114
121 187
159 244
63 94
5 159
269 193
152 221
96 146
68 186
38 100
192 267
122 201
210 241
63 257
54 252
33 187
182 257
214 249
43 177
270 150
46 237
109 164
231 259
45 164
31 73
18 61
24 67
269 7
77 251
46 161
60 103
151 185
183 245
146 177
37 180
97 138
26 194
68 251
30 216
42 159
96 166
255 52
68 225
200 216
266 132
145 254
272 97
88 212
23 183
46 120
180 262
222 267
47 93
76 190
89 264
20 249
106 183
63 235
75 237
256 205
247 202
108 128
25 243
127 246
270 236
253 109
183 211
87 241
119 180
111 259
127 165
47 221
117 262
18 154
33 196
271 154
57 181
148 167
230 274
91 194
249 28
206 211
247 37
253 56
19 243
128 151
29 256
210 259
1 251
10 89
49 255
212 267
246 69
269 58
78 79
2 45
26 112
140 237
84 168
146 154
10 253
140 209
220 235
18 111
251 237
101 223
95 252
273 98
36 256
15 27
232 235
36 217
103 249
118 254
64 140
136 190
85 159
98 166
255 7
245 9
147 185
2 174
253 42
52 167
64 66
32 249
187 213
148 254
67 250
110 225
176 205
223 272
137 228
45 95
82 101
264 18
109 187
97 155
14 122
59 239
71 120
169 198
52 140
270 59
273 95
104 194
126 153
69 150
64 127
258 138
104 164
83 199
210 265
20 105
81 192
94 251
262 167
34 144
23 46
74 169
21 270
110 125
216 219
66 141
32 102
195 214
23 66
188 200
77 245
5 89
94 224
70 247
80 241
127 252
61 216
15 81
269 5
32 111
160 243
196 252
76 111
249 130
214 234
49 196
185 247
66 85
232 252
6 214
42 223
95 231
148 202
84 184
251 140
190 232
258 194
11 153
37 226
273 111
15 42
54 157
9 257
157 231
149 197
191 266
65 226
136 249
154 265
105 264
148 155
258 51
51 179
47 70
256 235
36 147
102 205
11 111
4 121
73 79
25 218
42 69
118 144
237 266
274 13
133 146
170 251
70 73
33 90
106 197
22 228
18 29
26 232
0 103
57 113
71 141
187 195
207 251
88 239
261 242
181 224
25 157
14 212
178 213
105 260
78 136
40 151
119 129
157 224
194 203
162 217
105 160
204 212
53 162
32 84
71 245
5 11
64 261
117 254
251 142
150 210
27 267
265 200
178 240
67 127
170 230
42 172
69 231
120 173
157 220
5 263
79 269
2 129
46 253
165 273
263 131
145 165
144 235
117 221
51 255
153 236
174 205
21 224
54 200
25 227
68 140
48 189
113 221
4 272
190 256
4 49
46 210
163 233
250 57
25 167
11 92
63 227
50 159
146 225
172 175
252 131
9 87
14 94
72 83
273 79
247 122
22 230
2 177
52 209
18 143
143 215
115 143
85 94
93 252
113 167
38 222
265 41
7 137
11 45
274 79
20 130
159 274
52 137
254 127
52 62
224 230
23 123
249 2
74 218
111 232
154 174
82 132
148 244
74 171
49 168
39 203
83 151
208 229
24 174
195 200
144 259
10 198
57 122
90 242
3 99
57 164
273 92
265 138
78 108
266 219
136 268
172 176
24 108
83 193
57 91
155 227
23 173
65 256
122 252
171 251
39 94
6 21
89 164
11 146
250 74
148 267
67 236
80 199
26 136
149 257
14 252
170 262
104 148
105 197
184 262
114 259
112 151
62 205
77 167
82 156
267 117
51 262
71 93
29 186
6 51
158 209
15 229
0 188
247 42
5 45
165 268
55 130
213 246
126 242
23 188
110 207
87 98
269 172
133 217
198 254
41 181
45 137
29 252
259 72
116 244
74 102
187 221
60 63
15 227
5 97
47 177
257 226
166 229
13 140
28 229
207 255
219 249
59 66
184 263
120 212
147 182
72 261
31 38
77 210
198 261
138 232
22 221
121 142
264 241
78 83
273 61
41 210
78 262
27 245
116 153
259 91
45 209
103 136
40 92
220 258
121 236
60 229
47 108
121 255
83 132
165 242
274 40
26 35
238 246
88 241
39 247
200 219
258 89
27 241
43 197
270 48
73 136
31 154
85 129
252 69
32 223
57 267
61 187
128 172
271 246
117 269
210 222
67 204
269 3
114 220
34 78
257 36
270 213
31 181
131 174
60 238
227 258
130 241
173 274
74 262
35 227
166 199
263 96
267 87
43 269
13 44
131 134
45 267
73 238
3 27
19 36
137 208
272 70
126 249
33 138
4 153
12 173
245 88
188 206
25 163
35 97
246 51
18 241
66 211
9 210
208 214
256 131
253 54
27 173
245 192
42 208
6 262
255 1
152 273
98 216
14 21
133 171
49 164
67 86
18 261
11 76
199 263
20 89
6 228
22 168
126 216
68 207
274 33
125 260
215 239
50 229
88 175
138 194
21 42
75 98
203 265
246 12
252 189
17 67
265 106
114 200
270 23
71 184
76 231
1 98
62 134
268 106
267 134
259 135
38 71
57 191
2 80
90 262
106 184
19 118
151 234
167 225
76 274
255 181
44 231
124 178
257 124
238 268
91 106
86 176
86 261
79 117
76 197
117 161
72 126
104 166
113 183
68 165
37 175
109 268
16 78
168 254
92 231
179 201
264 214
179 196
247 45
144 178
26 42
164 251
266 53
19 182
259 46
127 167
235 245
246 38
67 159
102 153
50 245
99 125
109 206
265 185
3 111
57 84
91 162
24 63
43 108
4 67
62 68
27 32
125 201
1 75
60 114
133 199
173 205
20 204
52 131
193 213
82 102
27 104
49 183
245 256
9 217
252 148
24 129
30 254
35 58
236 247
32 103
143 195
62 226
264 52
125 212
72 203
111 119
250 268
33 43
14 259
263 136
68 126
256 259
208 210
6 129
126 194
151 178
76 121
245 267
14 145
112 248
265 33
35 145
90 149
81 130
114 155
53 181
69 81
85 115
14 172
128 245
28 260
144 271
19 102
18 174
100 225
193 245
58 122
171 228
8 89
0 142
41 65
194 273
46 130
158 214
49 126
87 185
88 222
133 186
117 178
4 90
271 195
29 151
26 100
116 245
89 203
17 246
273 122
23 70
24 161
90 120
33 34
32 83
22 65
71 178
268 29
5 63
267 169
1 211
127 196
1 110
126 274
21 128
198 200
252 263
56 172
77 80
40 58
10 65
36 201
93 195
247 161
87 244
245 29
252 77
76 208
74 132
258 158
262 178
10 157
9 219
192 269
75 167
184 238
268 79
2 231
102 110
171 264
53 229
224 229
262 46
41 67
264 236
135 260
172 263
18 150
175 229
178 235
270 224
196 211
266 25
53 97
66 241
269 230
272 152
169 235
55 270
255 69
125 175
250 25
36 90
263 41
189 205
4 76
43 115
125 183
114 247
86 219
258 76
82 237
21 250
20 232
203 210
231 237
227 234
50 150
30 112
215 256
192 208
125 265
158 181
72 187
274 57
155 230
270 99
14 226
106 151
107 205
77 233
94 178
264 106
273 36
161 181
262 1
254 101
43 203
259 105
16 125
251 112
111 212
139 213
23 151
209 266
19 185
34 143
253 94
252 213
267 113
132 247
268 40
189 224
1 135
264 213
3 250
41 197
55 189
262 26
25 57
21 57
264 67
105 108
58 87
247 22
53 161
142 150
258 250
80 111
188 261
61 207
5 61
82 198
174 258
261 236
37 89
195 241
132 214
177 229
16 102
134 194
152 180
73 101
254 7
121 169
35 115
267 130
137 242
168 220
9 30
81 223
272 56
3 135
137 164
199 221
1 69
180 184
247 20
79 195
