19 20
80 226
27 228
52 120
13 228
249 186
84 249
246 109
179 225
27 35
61 248
65 96
246 140
40 147
177 220
158 217
43 230
187 246
141 163
162 167
116 130
7 91
81 202
142 165
100 171
245 4
245 153
34 185
33 224
11 98
56 186
58 249
75 157
217 221
154 182
29 173
75 94
104 212
9 158
45 194
26 86
7 41
27 102
244 88
123 179
87 205
19 249
116 179
22 120
53 104
20 106
16 42
56 164
8 173
131 231
32 143
1 201
54 98
124 161
135 178
39 152
229 247
56 236
156 211
19 203
245 175
40 50
71 72
55 236
111 183
70 150
53 211
65 209
244 219
15 77
119 126
181 201
92 159
57 80
133 140
179 222
140 159
128 159
244 155
97 201
248 82
245 145
96 135
95 155
17 143
66 180
5 247
107 157
4 187
203 232
87 146
72 140
33 93
30 193
69 132
245 85
2 236
78 132
62 163
141 169
71 146
57 205
54 206
249 32
67 191
248 117
39 43
70 71
38 202
47 179
203 231
21 90
56 64
248 181
27 206
2 83
67 187
2 198
92 166
29 235
54 88
74 82
15 74
44 219
1 193
246 66
64 108
89 197
184 235
125 146
67 223
120 131
40 122
129 230
102 230
74 83
201 211
43 122
104 114
136 205
20 25
118 123
2 240
224 246
114 175
106 159
45 180
59 91
10 97
36 167
40 228
119 173
32 189
111 246
141 227
101 143
96 108
22 23
14 91
31 71
8 110
90 137
63 197
33 56
49 199
22 101
31 64
95 178
60 235
130 243
37 234
52 202
94 186
51 124
70 127
134 188
112 241
47 146
67 185
213 238
52 85
114 130
9 126
70 205
117 210
75 76
245 211
40 53
144 243
83 110
85 141
125 227
36 74
47 99
9 42
19 60
61 197
208 222
134 195
163 178
74 120
51 188
96 220
245 51
7 172
138 243
117 154
81 112
103 130
56 208
60 177
100 145
58 60
119 243
1 55
48 237
70 125
5 104
122 212
33 64
12 29
63 69
225 229
60 159
179 200
104 224
246 32
119 139
9 174
227 242
65 225
122 249
86 230
22 110
157 177
0 45
139 196
53 177
25 139
20 43
50 188
61 246
122 147
32 199
20 55
74 238
176 195
36 192
196 208
49 166
71 236
75 183
57 192
194 231
116 160
28 235
171 210
54 102
23 116
49 227
149 203
35 154
81 200
11 119
87 191
4 78
46 195
80 237
247 163
225 232
66 181
120 159
152 224
90 153
41 152
27 178
6 81
35 150
72 184
31 47
249 204
97 156
233 245
100 234
112 233
177 187
69 149
8 44
138 228
70 172
106 144
195 233
116 139
96 118
45 196
29 118
74 156
30 81
130 244
38 216
248 123
130 158
7 211
125 191
85 154
159 223
183 243
110 221
75 180
95 101
69 209
45 231
220 231
29 210
88 221
72 203
48 88
223 246
48 136
61 147
15 124
117 243
247 90
53 226
100 242
29 220
32 82
9 214
244 43
33 171
42 59
245 82
47 247
94 178
4 249
138 165
93 215
90 214
43 70
95 189
145 200
160 210
103 204
134 227
107 229
56 104
74 155
215 240
75 227
33 180
12 31
184 216
100 222
143 176
34 216
85 237
140 181
125 180
20 33
90 93
81 110
6 224
62 130
6 162
37 52
74 167
22 175
44 146
5 60
165 224
50 211
156 179
196 223
235 249
62 80
26 189
45 105
92 175
54 238
93 204
126 184
61 225
81 232
166 197
2 4
65 150
7 167
32 181
81 116
51 231
60 238
140 214
49 121
144 178
38 145
216 228
149 177
41 55
6 134
60 218
77 167
146 223
36 204
245 91
154 215
136 187
79 235
48 159
27 70
111 178
64 97
157 201
85 117
15 152
24 151
84 235
77 133
47 246
101 237
100 245
156 190
40 141
225 249
174 234
52 229
66 171
49 120
36 135
130 218
131 170
131 199
133 232
154 199
126 216
121 137
45 141
57 240
167 186
6 182
133 237
60 83
139 211
18 121
203 233
65 100
96 114
5 120
38 168
167 219
133 171
49 79
130 183
116 191
222 241
93 191
57 148
71 210
152 244
19 187
121 229
31 210
172 202
209 228
249 44
53 149
10 186
84 166
56 90
54 61
118 122
70 94
219 247
26 127
156 224
249 13
166 236
61 71
60 97
51 175
32 50
52 144
8 178
56 170
57 158
61 82
126 185
163 229
51 221
56 239
144 188
244 39
89 169
94 143
248 139
166 203
215 246
5 135
203 206
104 152
90 135
78 218
106 141
12 26
111 217
44 204
110 181
33 127
45 164
61 247
189 218
186 219
141 193
165 189
17 150
56 95
15 223
152 185
110 177
78 91
132 146
89 114
20 177
90 139
86 125
61 219
103 111
78 104
201 212
160 226
18 75
154 224
33 139
43 210
38 144
94 148
135 151
81 87
203 222
232 236
137 155
101 157
30 200
80 200
64 180
133 213
94 199
111 185
92 139
91 142
123 240
62 143
247 205
18 138
185 231
163 222
104 211
52 213
44 98
221 234
244 121
28 206
104 204
71 221
59 218
204 243
0 164
217 249
212 219
37 196
171 226
72 92
155 235
73 237
192 217
139 180
112 220
59 210
25 43
22 105
52 217
168 230
78 133
39 226
153 157
152 226
246 91
41 154
58 111
98 233
126 165
84 223
97 142
94 169
116 241
247 12
246 199
145 170
171 199
186 202
95 204
236 243
7 155
62 236
64 207
120 238
28 141
81 95
209 240
249 208
89 104
67 131
114 202
98 242
163 164
44 55
102 130
14 147
218 236
18 123
100 125
117 226
120 197
203 214
86 208
161 237
15 179
183 189
77 207
114 211
62 177
213 223
45 69
6 126
220 237
86 159
94 138
187 235
55 227
66 179
28 137
40 84
200 224
68 230
138 203
64 149
119 213
97 168
4 204
105 118
148 227
47 157
10 167
57 241
106 175
38 70
11 144
199 208
137 202
47 149
178 197
35 218
132 135
76 150
5 67
124 186
64 221
59 166
219 228
248 236
88 101
104 235
29 177
105 204
61 176
27 156
197 220
197 231
54 111
225 235
111 168
15 182
68 88
73 178
77 134
125 239
59 158
101 122
18 178
59 216
23 132
47 100
109 134
189 231
230 241
222 230
157 191
127 176
89 230
22 28
25 127
248 148
78 81
227 249
210 218
107 170
153 205
25 165
142 162
20 77
247 62
114 140
13 176
26 141
49 123
244 99
213 225
183 235
2 55
10 180
115 244
78 118
32 204
163 245
30 113
169 237
72 188
163 193
105 119
43 113
16 177
35 78
95 161
130 185
1 164
5 28
155 237
35 60
59 102
51 81
116 243
196 220
14 63
112 136
0 140
48 105
9 13
69 174
5 16
163 197
38 73
79 115
50 136
84 118
2 132
37 102
53 231
47 87
60 111
28 39
238 239
8 209
55 116
67 206
185 194
89 161
145 205
189 196
17 158
111 176
150 187
45 63
182 244
28 170
37 180
12 243
11 207
121 127
73 194
133 206
107 194
36 221
245 44
28 144
49 182
21 85
165 181
1 151
48 132
127 174
35 161
17 95
104 249
24 185
49 58
68 227
29 116
34 162
135 173
143 201
43 75
17 88
67 175
160 239
193 195
155 245
18 147
7 206
248 102
55 76
108 136
49 147
132 230
61 125
182 241
144 163
197 210
132 138
185 225
35 184
245 93
119 232
5 138
82 129
67 107
144 173
130 179
200 248
81 165
128 190
105 125
130 153
60 246
97 178
28 223
1 115
86 131
42 203
42 51
56 198
36 248
146 229
94 204
137 221
62 185
173 229
86 132
14 137
69 208
176 192
5 84
52 87
34 209
175 209
47 225
87 235
92 138
10 71
21 111
115 241
65 97
78 150
137 241
108 239
138 215
150 214
72 146
32 160
126 249
163 242
37 185
97 116
76 249
54 135
1 49
76 97
43 235
64 241
249 221
67 80
23 198
174 242
84 202
185 207
121 170
146 243
23 230
70 212
130 203
23 35
40 223
99 131
249 197
100 154
163 167
67 68
117 224
139 219
8 163
3 211
53 210
25 62
32 63
43 247
81 214
203 243
29 162
139 207
13 212
66 192
74 232
121 225
33 78
13 149
127 224
175 230
17 138
249 212
71 199
167 238
247 46
62 99
126 149
98 109
118 145
186 245
22 201
183 211
56 171
113 239
95 179
22 148
244 164
39 101
169 182
99 194
96 247
94 113
13 88
89 128
139 157
111 249
64 235
21 134
19 207
57 132
50 240
44 222
137 139
146 168
142 171
140 180
25 176
140 210
74 150
68 204
167 204
10 58
88 179
199 210
73 128
32 33
24 130
58 165
245 14
185 223
19 53
189 204
150 193
82 165
112 157
248 206
83 108
131 241
10 153
71 174
5 204
7 30
46 56
192 248
55 188
143 203
32 47
32 106
170 228
23 24
37 110
170 175
101 154
138 229
33 237
118 164
155 238
23 90
44 127
75 221
169 241
210 239
91 244
9 19
198 247
72 212
76 245
55 240
60 63
32 110
75 131
43 69
17 205
78 161
31 145
77 157
76 131
17 149
116 153
247 167
85 150
12 189
106 134
188 247
66 245
158 163
9 131
83 203
40 249
60 221
9 97
18 61
35 127
45 81
114 169
36 160
247 170
22 41
138 212
154 236
171 229
111 226
246 105
246 197
84 231
60 106
22 33
81 104
107 171
80 106
173 180
109 119
164 236
65 87
34 51
22 224
149 183
131 225
248 227
13 43
114 227
60 196
42 94
14 119
4 25
106 150
20 26
11 130
164 246
33 191
109 219
112 160
69 172
28 173
10 102
248 65
88 92
222 234
131 162
128 226
11 37
99 133
92 111
190 242
212 231
25 108
140 192
115 129
17 242
125 163
116 120
82 88
49 242
14 86
60 190
15 37
8 186
58 239
60 114
78 191
17 77
77 101
66 110
35 211
112 167
248 54
89 138
244 163
134 139
69 102
245 19
244 177
93 118
19 115
154 177
92 186
2 30
47 219
74 158
4 147
69 118
45 56
83 91
72 115
25 239
178 182
191 193
68 148
59 200
46 89
249 144
111 199
30 58
68 159
232 239
51 67
61 220
73 110
24 226
0 232
52 127
19 28
23 163
152 156
244 96
41 172
211 215
127 212
47 90
113 142
24 168
180 229
178 208
6 110
105 169
69 155
48 172
146 236
24 153
16 21
18 137
76 161
113 116
139 190
18 57
15 60
1 211
112 154
166 220
139 151
100 232
13 90
56 101
85 100
44 90
167 177
48 66
14 164
91 135
52 96
247 32
152 195
183 237
81 143
207 242
156 239
11 121
122 154
112 137
79 132
39 112
77 163
64 123
248 216
246 207
11 42
199 215
6 131
28 189
42 128
33 248
97 240
7 57
0 63
42 218
169 206
162 191
127 164
124 207
4 40
109 166
13 246
59 119
76 148
53 230
26 138
79 172
36 109
90 160
151 169
231 235
225 242
35 115
182 193
128 134
11 237
7 236
11 244
35 247
11 234
116 214
123 202
106 233
151 219
20 179
44 47
127 134
105 180
123 204
247 178
18 140
108 189
23 224
24 154
203 218
84 123
22 140
67 139
116 183
20 153
11 183
6 179
45 60
8 237
66 155
17 34
41 197
248 109
35 46
53 76
0 193
200 216
108 110
112 190
158 224
182 225
128 186
16 105
1 199
45 147
68 103
56 233
181 242
29 48
125 188
136 201
74 96
52 153
43 129
65 214
246 1
65 103
85 110
12 97
6 115
88 163
36 94
160 213
117 238
20 36
5 224
6 65
114 150
10 34
28 133
110 178
65 110
202 226
76 130
42 66
47 69
126 159
104 113
82 214
56 139
183 209
96 133
79 234
152 154
69 233
13 227
147 149
47 58
31 39
62 104
151 161
59 142
98 156
81 149
7 200
42 187
235 247
57 213
65 207
209 216
25 225
93 223
244 233
23 145
249 41
4 65
78 148
84 147
72 225
10 104
41 194
167 182
70 158
104 217
35 151
118 144
14 239
8 238
89 181
86 153
51 162
194 239
19 147
13 239
106 107
60 140
9 193
14 85
60 65
30 128
161 205
217 237
127 130
85 148
228 229
96 104
31 49
244 189
199 202
167 185
18 230
31 115
61 198
161 171
25 124
132 188
89 215
246 142
49 137
110 160
3 236
38 126
226 243
71 97
72 139
119 148
44 49
245 220
7 157
3 225
78 142
7 152
99 117
197 199
15 146
246 185
34 179
27 61
107 214
72 74
25 134
178 228
102 147
14 104
130 169
88 95
126 218
109 121
87 208
26 131
222 228
48 205
132 195
102 176
158 171
20 85
137 172
128 169
142 146
117 231
45 91
45 59
52 239
146 181
2 47
39 75
23 242
24 82
209 214
130 231
69 240
21 22
42 75
161 246
94 211
139 175
169 208
9 26
10 143
83 212
107 144
5 232
83 133
78 197
44 91
134 143
91 134
48 112
16 225
107 177
47 195
92 243
40 137
93 144
88 204
31 186
181 229
72 234
20 229
39 180
152 200
189 228
47 239
178 196
12 153
12 77
246 240
41 208
35 187
121 164
244 167
153 240
89 101
149 209
59 188
28 181
51 119
206 207
0 248
124 213
159 204
52 131
87 221
28 207
144 242
71 182
119 165
157 192
48 233
69 101
57 202
70 210
141 224
25 99
84 186
28 176
15 57
103 150
77 105
43 89
191 237
208 246
176 204
83 159
39 179
31 189
83 185
24 241
77 120
81 205
117 137
247 227
72 179
56 86
71 79
108 139
8 169
124 172
32 89
127 144
103 158
155 221
129 130
245 32
185 208
46 125
105 221
195 223
74 198
28 195
75 247
76 125
196 214
212 224
10 138
60 209
52 140
114 154
129 200
165 194
26 221
7 69
169 179
36 89
130 132
38 43
86 142
102 114
147 215
191 231
82 133
55 133
2 246
50 220
54 228
124 130
30 201
44 224
179 198
77 172
156 175
83 195
119 167
14 27
99 214
82 180
139 146
74 177
70 192
116 209
86 178
75 109
126 225
166 218
246 22
90 221
34 60
78 119
247 20
132 191
200 207
63 168
45 226
36 91
114 187
92 103
15 112
220 235
28 241
76 106
169 178
126 238
104 125
79 153
32 148
22 198
100 168
69 230
47 180
64 233
42 175
68 140
36 138
17 161
27 113
125 249
87 152
49 159
6 25
77 154
38 214
93 225
88 156
111 162
66 87
7 240
4 237
169 207
71 113
46 142
164 184
190 199
33 113
44 233
113 229
218 235
16 246
177 180
91 207
153 214
21 221
99 123
211 229
83 219
105 220
128 174
85 219
69 98
46 151
26 34
54 225
35 155
22 109
69 222
30 187
112 183
92 149
37 216
80 175
69 84
95 172
104 230
150 158
47 165
74 134
70 147
71 225
27 143
223 229
211 243
136 186
83 97
27 129
201 210
107 159
85 201
154 201
12 228
99 153
147 239
120 137
36 222
98 243
78 153
180 207
174 217
10 127
91 148
249 33
110 142
0 190
66 131
76 224
56 122
153 233
95 215
60 168
214 237
193 196
109 225
23 128
216 226
246 30
130 234
248 124
102 190
124 216
21 234
48 89
4 139
0 32
73 216
94 222
41 184
8 139
29 193
18 157
124 162
0 151
25 206
85 143
27 88
14 127
50 162
49 158
20 110
194 246
68 101
160 224
27 247
84 217
49 216
203 229
237 245
139 177
61 169
85 221
176 240
105 162
21 180
113 192
86 144
116 168
39 90
8 116
119 177
49 211
20 46
106 143
138 193
19 235
224 241
177 210
72 196
244 14
21 207
57 98
122 204
21 157
56 145
79 163
142 208
247 203
148 175
61 208
59 106
29 35
0 67
105 239
4 11
247 64
39 236
87 182
212 229
2 192
249 231
111 171
5 201
90 92
202 233
18 86
30 236
183 193
9 16
149 151
31 174
63 136
120 224
78 156
39 154
25 152
41 225
67 143
147 248
187 230
248 43
90 165
17 206
29 161
3 136
247 80
100 199
125 224
88 123
52 79
238 243
52 215
78 246
2 168
195 247
168 226
115 209
62 176
66 185
58 85
97 110
33 42
124 127
32 102
31 229
137 199
109 190
16 227
76 137
18 22
94 156
123 186
21 78
136 157
24 147
61 110
77 221
43 124
194 240
245 189
46 102
166 169
59 93
77 169
8 233
159 185
4 233
11 246
116 247
5 79
61 240
6 195
46 239
86 117
58 123
247 55
22 214
249 66
22 107
18 100
60 112
39 95
159 160
85 151
18 216
146 224
214 230
39 169
120 240
126 215
98 220
116 186
249 196
146 248
32 55
249 7
61 203
88 187
94 246
1 154
238 245
37 158
63 198
14 133
1 32
136 161
98 231
10 195
75 106
78 97
128 183
226 246
129 197
14 20
90 195
167 187
32 76
95 244
120 122
158 165
247 215
26 173
124 146
164 181
66 247
246 80
51 217
101 210
38 147
61 89
26 67
120 158
163 200
115 230
138 179
76 99
134 146
43 183
15 109
23 202
72 180
3 247
30 189
29 233
111 209
112 153
207 239
88 98
161 227
102 215
73 217
113 162
81 150
62 66
15 243
45 122
44 118
58 69
18 186
247 85
35 40
76 205
112 198
87 88
147 224
143 163
59 212
56 224
134 203
200 212
8 230
23 220
99 213
30 102
124 125
33 92
0 108
115 204
9 55
99 181
248 159
186 191
49 85
54 76
15 162
126 138
49 201
137 196
110 243
22 122
116 236
77 115
17 59
248 160
18 249
129 141
213 244
112 204
134 232
102 236
104 120
7 161
8 136
16 230
39 200
1 192
103 142
63 166
140 205
211 232
56 80
228 237
1 90
131 156
147 225
41 224
6 167
161 230
67 231
246 124
106 217
223 241
16 206
104 140
115 195
249 216
8 106
183 249
170 218
24 223
34 249
149 210
65 99
182 207
98 118
14 69
50 87
37 106
88 199
249 52
37 77
43 126
68 146
79 175
92 140
93 127
91 203
151 204
107 124
129 193
189 243
68 201
1 45
20 154
97 138
62 226
232 233
81 218
44 243
105 138
119 196
2 109
3 39
226 229
10 221
88 94
249 195
74 229
138 239
53 146
97 115
101 236
10 36
2 140
188 248
27 190
104 181
96 105
87 174
59 202
126 132
120 249
218 228
65 165
67 144
113 127
159 179
43 202
86 93
11 108
107 234
55 242
161 175
33 168
135 183
18 242
69 114
89 204
34 167
52 226
195 246
78 187
75 152
117 138
248 141
191 240
131 220
41 177
29 221
22 178
17 162
70 95
37 142
201 247
11 16
127 240
245 146
4 216
248 10
22 53
97 111
62 201
108 111
35 83
48 236
208 235
117 179
45 184
7 204
247 10
30 66
158 201
171 198
244 143
74 100
15 186
152 171
162 207
6 132
2 64
64 114
35 122
67 69
47 171
246 243
77 194
66 111
17 55
63 77
37 125
42 64
246 93
141 147
164 219
15 52
184 195
26 99
99 223
6 241
17 237
8 125
191 243
124 152
194 245
83 162
10 23
16 33
51 233
48 139
148 232
130 137
189 208
57 238
92 179
190 238
67 204
50 70
245 166
1 79
58 88
8 228
47 221
37 97
33 148
19 109
184 227
220 229
10 120
162 225
54 155
81 128
9 134
215 241
22 245
42 99
183 195
176 222
30 127
146 165
115 200
228 236
22 156
37 136
18 189
108 132
38 139
87 206
79 86
121 219
95 169
219 226
27 134
4 45
118 193
108 228
56 118
248 150
119 120
47 131
145 172
17 204
66 224
7 241
42 73
129 205
116 137
135 208
35 204
105 192
45 188
125 213
125 246
119 219
179 236
88 174
16 234
46 69
179 183
67 211
24 179
96 185
46 50
118 183
43 233
123 133
42 185
58 138
112 143
221 231
225 248
29 216
72 96
75 193
85 131
173 199
93 179
151 191
54 85
148 157
102 199
25 193
40 195
16 187
47 155
2 74
68 226
60 225
248 110
70 143
231 240
5 202
89 159
244 78
60 64
53 162
33 229
51 166
249 128
120 212
93 230
36 106
31 140
8 90
55 207
193 240
85 248
148 171
195 236
167 168
143 221
245 197
116 171
114 148
89 127
103 118
43 86
0 135
151 180
49 230
47 109
107 245
94 244
130 166
94 116
108 168
75 87
233 236
27 66
36 128
34 92
10 142
9 239
169 233
160 249
124 200
247 39
36 41
54 74
83 128
71 181
108 169
63 126
37 179
24 245
244 140
153 211
94 229
81 151
103 147
133 219
76 166
78 225
91 118
146 176
12 241
12 196
48 221
4 41
36 52
56 59
21 163
88 106
42 145
80 178
248 78
92 200
50 160
35 193
52 82
5 13
50 52
89 209
14 158
58 122
185 204
10 154
137 163
28 112
98 158
7 99
75 136
22 177
89 95
102 158
17 72
29 37
38 119
10 208
133 164
19 80
185 238
45 74
249 147
154 249
38 124
181 192
7 37
106 211
132 153
25 219
26 62
128 139
121 180
70 245
109 237
55 158
46 129
169 225
164 166
132 148
16 78
213 239
162 210
39 201
76 169
247 37
43 166
15 88
27 109
121 141
131 219
71 213
13 172
80 104
12 154
86 155
245 69
85 170
198 207
12 126
227 245
6 219
153 222
23 72
23 199
16 193
59 129
197 205
105 160
117 200
153 223
101 153
168 209
4 85
76 152
117 123
27 222
25 166
14 40
132 225
52 141
213 224
158 172
45 218
249 59
78 121
73 99
54 178
221 246
126 197
111 177
172 242
204 225
20 235
83 139
129 217
37 48
41 230
74 85
61 150
60 227
55 119
131 147
222 225
230 234
110 150
54 223
186 232
178 190
72 205
18 167
39 42
177 236
31 126
27 210
89 228
60 233
46 139
28 67
7 168
50 179
80 107
79 91
28 71
130 161
18 221
46 84
74 92
119 231
43 193
14 135
104 243
141 203
116 141
123 185
168 225
122 129
27 33
84 247
223 224
97 248
23 124
246 230
245 6
214 222
20 133
75 178
100 229
77 198
155 192
112 193
50 206
71 209
53 58
122 151
20 61
14 30
24 64
58 87
107 182
104 175
236 242
89 162
164 243
4 143
37 239
123 141
171 172
191 196
20 120
44 208
124 136
19 172
133 241
38 151
249 129
126 227
56 102
111 216
50 111
95 109
47 60
20 160
23 95
40 216
40 112
142 217
73 117
64 98
191 232
5 231
137 248
211 237
61 224
114 235
170 180
248 224
112 144
100 161
146 213
134 206
127 185
78 232
105 222
13 56
20 44
102 115
57 102
58 110
62 167
55 215
202 239
185 191
54 83
135 179
45 113
91 117
78 182
43 236
17 69
27 173
67 101
64 202
76 226
82 84
76 157
69 248
151 200
118 230
23 188
63 112
56 161
91 109
40 124
99 187
106 242
162 198
8 54
163 227
7 171
208 212
69 71
88 115
45 199
147 213
172 234
128 215
5 128
180 247
153 224
33 90
172 223
34 116
172 217
74 146
16 62
28 247
98 224
247 31
73 146
29 90
96 126
125 244
35 197
127 154
245 156
103 218
158 245
9 122
3 138
51 213
97 204
94 165
191 236
27 82
248 131
116 237
74 149
37 129
76 163
24 48
22 34
166 208
8 49
34 54
57 73
100 209
4 26
60 103
10 119
8 226
113 233
16 215
93 139
166 210
224 237
94 107
50 135
13 224
25 113
15 82
60 153
168 223
18 211
49 73
10 184
136 173
86 240
200 208
61 188
23 217
130 159
59 207
66 141
205 239
4 151
244 240
45 239
67 133
9 110
74 220
0 206
66 223
94 145
50 243
54 109
178 221
115 164
190 198
3 109
62 151
149 182
163 224
7 36
7 127
245 126
11 154
36 211
108 183
22 160
216 239
118 131
123 189
59 66
153 159
0 239
74 138
75 92
100 207
55 113
98 110
74 209
66 167
97 218
30 123
19 198
114 216
173 178
51 165
18 33
131 209
34 230
249 164
98 200
28 121
246 171
48 211
188 204
221 230
152 155
129 168
50 219
87 100
166 189
81 192
37 119
172 235
189 191
85 146
249 36
45 88
100 240
169 223
124 209
92 218
116 150
22 38
83 116
69 141
4 111
24 122
2 221
70 115
126 172
212 245
85 155
2 188
127 169
4 200
124 226
107 231
246 52
248 34
248 174
31 119
106 119
12 136
128 166
1 245
26 237
169 216
183 214
86 212
244 218
103 179
95 150
5 154
244 73
175 239
129 171
180 190
133 168
17 203
74 207
151 183
138 187
20 159
181 195
92 222
96 142
40 66
248 207
23 109
248 203
130 209
68 133
245 10
145 184
124 211
208 243
19 218
135 214
77 159
119 182
171 202
73 163
245 188
61 232
17 108
24 90
39 245
68 202
7 94
74 233
163 175
24 216
248 143
30 175
62 96
34 80
2 175
7 219
179 216
52 148
34 180
13 104
14 51
112 142
4 243
91 106
47 88
52 248
28 238
138 222
0 212
22 32
206 240
230 232
6 58
110 161
230 248
52 135
83 118
249 56
191 214
68 162
2 95
117 229
202 229
131 198
245 104
137 193
189 235
166 248
55 189
62 198
6 208
92 128
185 248
144 214
29 113
47 216
64 227
245 180
103 185
143 207
89 149
12 246
50 123
24 145
146 207
173 226
201 215
147 158
178 201
43 234
49 246
20 173
61 81
78 171
184 192
156 169
63 143
3 137
158 234
170 242
109 192
172 197
32 122
158 203
24 236
97 169
58 230
140 184
89 241
20 105
88 183
5 107
133 207
205 219
16 214
67 85
129 176
104 226
20 143
119 170
148 206
119 226
34 61
99 162
13 137
42 206
41 247
245 83
25 132
25 128
70 162
122 168
244 202
249 70
41 228
72 84
186 195
110 137
157 222
70 215
92 143
25 230
39 71
99 249
209 234
38 208
4 180
8 46
89 234
55 166
221 225
121 142
137 219
69 78
63 141
62 241
6 68
84 178
26 187
16 77
116 151
13 187
10 228
23 100
4 94
91 144
197 217
248 81
245 42
118 163
94 223
226 233
48 101
76 180
246 209
48 74
159 238
42 54
39 52
192 235
49 179
169 210
112 174
69 134
167 179
75 119
94 132
18 244
44 198
18 102
18 73
6 230
144 199
14 70
71 232
68 203
135 204
92 124
248 237
14 42
176 248
24 172
46 153
197 236
245 71
18 154
2 202
48 127
112 194
11 111
50 103
52 210
112 162
27 136
63 194
89 224
9 170
72 102
134 159
0 195
21 217
147 202
56 97
33 230
195 218
61 162
5 125
247 236
89 208
164 218
85 97
89 205
1 34
8 235
60 144
48 178
15 79
69 106
4 77
36 129
17 68
79 225
119 152
86 156
115 227
246 106
47 176
245 174
69 246
7 95
67 119
136 211
229 239
1 125
187 202
0 28
80 205
65 101
20 202
54 192
59 85
157 229
37 108
41 105
41 185
50 181
194 222
3 234
40 165
16 91
60 199
146 159
72 248
20 119
99 171
37 201
200 209
54 58
117 185
57 138
17 171
63 249
173 186
123 217
60 231
133 167
115 177
56 157
66 173
132 237
81 123
64 152
45 137
15 95
10 237
127 147
14 90
192 197
6 41
55 84
196 224
76 232
245 170
103 220
6 176
6 218
107 200
154 181
6 9
180 235
244 16
152 187
87 219
37 151
23 172
5 229
32 167
25 226
68 121
109 234
162 218
248 241
63 164
74 190
123 169
52 128
87 157
83 229
40 227
37 57
168 243
31 156
66 178
79 154
10 51
150 217
91 176
82 107
16 141
82 159
144 219
36 110
22 164
15 99
68 158
86 168
161 236
48 192
97 139
64 105
89 193
106 180
96 205
29 168
83 143
88 126
49 160
126 158
141 244
132 245
3 61
162 213
137 233
249 207
106 221
68 147
8 93
245 108
25 125
184 247
112 181
26 170
49 145
110 183
24 188
89 142
191 206
99 183
140 206
93 202
10 53
246 182
136 235
76 164
2 206
124 191
99 134
206 233
102 167
36 218
58 201
0 23
38 135
54 126
4 90
146 185
147 184
161 179
63 73
94 212
187 195
26 59
84 226
194 201
150 204
60 70
27 214
47 241
72 192
137 185
128 187
86 95
62 222
30 86
74 211
111 125
123 241
178 242
106 209
92 171
55 216
103 155
17 121
183 215
145 227
142 232
10 28
115 152
54 96
127 247
126 135
138 223
61 130
139 203
15 105
109 244
79 190
78 158
6 102
85 240
248 238
244 79
15 93
56 127
39 220
17 238
77 98
160 182
5 76
125 173
51 154
223 231
163 188
7 90
27 158
119 227
207 238
249 130
13 65
142 164
18 96
99 200
154 233
14 182
18 124
185 218
64 232
86 211
34 97
87 93
156 162
184 215
115 228
15 62
27 52
116 188
41 43
63 182
202 220
129 138
19 208
52 196
67 177
245 172
34 151
47 156
151 185
230 240
79 211
160 212
56 160
72 142
3 182
103 207
11 147
160 238
185 193
93 97
57 160
245 185
245 236
55 195
22 51
88 226
135 137
7 24
18 190
42 121
32 220
22 152
43 63
61 233
67 220
