26 51
32 46
15 52
21 57
2 24
2 20
50 49
46 56
13 19
2 18
55 43
20 45
55 13
8 56
1 44
17 31
10 11
34 36
53 5
12 50
57 45
59 2
55 59
29 48
2 23
36 41
12 31
26 39
56 39
11 43
58 34
58 33
12 57
8 11
2 21
13 23
57 22
2 13
40 51
51 28
19 38
48 58
29 35
50 39
13 49
50 54
9 23
16 45
51 48
26 58
10 23
12 21
50 40
54 21
53 39
18 55
55 39
0 27
37 57
47 59
35 40
38 56
54 24
46 55
9 10
41 56
10 46
59 22
9 15
22 29
5 28
1 2
18 47
11 36
59 34
58 44
12 33
10 15
37 58
12 29
22 23
50 18
59 11
56 31
15 56
13 26
3 17
12 43
25 47
11 13
8 29
36 55
22 51
0 31
3 28
20 23
57 20
0 54
26 29
31 34
5 38
39 52
0 39
51 54
56 26
32 52
2 47
6 21
22 40
20 34
24 38
56 37
0 58
34 56
13 36
57 43
1 26
30 45
49 57
52 23
3 7
8 40
3 41
14 32
52 24
4 46
15 41
55 42
24 26
14 20
52 8
22 35
53 33
8 36
53 48
18 34
56 20
0 57
58 11
2 28
17 46
7 49
16 28
5 22
16 17
34 42
20 33
9 45
6 39
25 28
0 43
55 35
8 25
26 50
18 49
2 3
6 31
59 56
23 28
56 27
44 54
53 0
5 26
42 56
14 28
11 14
2 10
23 29
24 44
48 54
55 8
9 54
56 51
38 44
19 57
41 53
9 40
11 12
29 39
23 46
55 2
21 29
31 33
7 11
35 45
54 5
16 29
53 4
31 42
56 9
16 34
55 15
24 57
43 59
17 50
23 48
40 43
50 28
23 58
46 59
14 55
34 49
52 46
12 13
41 52
42 47
9 28
10 31
11 15
13 28
4 54
