32 63
126 165
125 178
30 158
58 213
5 43
224 221
221 73
32 121
98 138
49 74
130 171
123 141
47 215
43 172
27 203
58 173
107 145
39 44
62 96
113 175
135 182
93 161
11 126
27 105
11 218
131 189
119 136
54 193
145 148
91 120
80 168
37 77
132 165
118 212
66 148
26 221
10 161
13 29
42 147
18 19
64 188
221 25
20 22
74 83
130 166
7 46
1 5
44 161
42 99
71 213
93 197
49 142
91 117
153 158
76 132
50 211
85 99
0 98
104 152
155 221
78 106
91 124
85 159
111 160
37 177
164 176
57 215
101 220
13 111
101 146
3 179
8 63
123 144
101 211
21 51
32 56
68 114
155 217
46 129
28 142
101 184
164 199
27 38
27 87
51 201
99 174
38 145
24 137
31 120
171 177
68 211
27 52
46 95
33 99
73 119
104 112
41 93
111 141
56 112
53 198
21 77
179 217
74 223
38 136
93 172
88 191
24 157
158 224
38 168
140 193
60 207
11 221
34 64
58 198
32 132
29 222
52 104
36 110
62 191
33 129
89 148
12 124
109 208
60 65
220 159
9 118
2 195
4 60
115 206
25 206
156 196
24 222
43 190
32 67
67 123
223 29
117 201
91 131
17 53
7 71
12 78
70 208
64 209
35 183
136 163
5 151
112 127
6 14
14 56
156 197
107 171
127 198
88 133
71 92
104 181
67 216
70 174
220 133
32 118
138 209
72 163
104 132
50 152
58 180
117 148
36 98
65 147
65 187
12 24
0 58
13 56
51 134
17 165
10 121
21 214
74 188
87 177
221 84
67 69
10 190
67 217
28 29
27 173
156 173
51 78
62 221
167 209
43 123
128 182
41 139
35 179
65 110
97 211
110 179
67 204
33 194
28 204
152 195
81 157
135 185
221 36
39 145
197 200
34 71
41 46
75 197
47 55
106 159
135 194
99 202
19 52
68 69
72 138
40 48
222 133
64 128
90 169
1 201
143 215
16 167
88 110
54 174
105 195
45 199
193 197
102 163
65 130
170 214
25 203
21 81
85 149
64 181
160 167
0 207
19 147
77 155
83 125
51 213
112 142
222 197
47 148
56 125
101 163
111 219
114 138
68 209
222 139
222 162
120 164
178 195
62 104
144 209
131 219
15 80
199 216
74 103
127 137
195 213
13 211
63 220
31 53
100 178
79 125
82 190
27 50
81 175
27 103
24 181
104 207
117 160
4 168
83 132
19 66
14 81
69 188
10 205
76 182
221 217
114 168
16 110
35 170
98 188
98 190
100 189
39 120
145 219
3 134
165 174
120 199
3 153
65 139
73 198
64 73
116 150
166 182
206 223
185 189
55 85
28 76
18 95
224 188
48 129
22 110
53 54
57 168
31 137
29 44
11 97
34 172
78 96
32 180
134 166
221 209
97 185
184 216
163 205
162 191
54 60
66 133
33 116
88 111
77 187
38 143
3 60
10 137
2 151
35 121
76 81
116 206
145 208
39 165
65 149
24 48
37 139
24 118
94 152
4 173
78 87
79 199
104 127
31 123
50 156
33 196
221 15
34 182
5 113
123 136
66 131
219 35
47 142
135 190
56 181
104 217
79 208
7 169
144 201
108 193
151 163
143 209
172 180
120 159
82 165
106 209
84 109
83 214
39 212
169 219
12 89
51 137
74 102
83 118
223 5
37 114
33 133
22 146
106 201
90 98
23 178
110 159
44 155
21 138
60 148
44 170
100 210
79 195
80 150
138 139
24 206
221 134
128 134
9 191
25 40
35 135
174 219
7 107
147 211
10 219
6 59
40 159
55 89
20 84
32 95
36 89
87 122
101 173
53 138
172 219
108 127
142 197
147 157
69 126
184 185
156 199
156 168
128 163
136 150
54 125
165 176
7 22
69 122
45 72
74 105
16 18
165 223
9 71
29 181
79 138
109 184
191 192
18 39
1 86
112 220
97 110
71 171
30 154
57 123
26 62
59 203
159 204
16 212
219 11
32 119
19 222
58 144
170 206
1 150
40 162
129 152
47 171
167 223
82 217
60 159
23 31
55 84
1 168
72 88
55 141
8 139
33 122
66 71
51 114
49 81
20 106
17 213
38 196
23 78
18 180
44 211
94 95
124 202
137 156
116 163
204 211
222 116
220 202
78 115
22 98
37 183
12 51
136 190
140 168
8 170
14 80
5 8
23 117
0 30
59 149
36 114
94 122
153 212
51 165
210 213
77 109
70 94
27 148
137 160
146 217
8 201
108 137
25 201
87 179
145 166
9 77
30 115
57 174
97 184
2 138
129 146
156 186
39 131
145 199
223 109
48 222
175 201
114 209
217 224
179 199
81 82
92 124
129 154
57 116
84 95
45 50
184 217
31 48
108 135
141 191
82 130
110 200
120 142
18 146
20 191
66 92
1 108
66 178
170 197
14 107
137 159
44 58
17 209
31 182
14 196
25 79
138 202
54 138
8 34
47 48
69 166
6 222
36 217
66 141
14 45
41 142
197 211
38 121
34 207
28 58
115 184
62 102
78 120
10 138
46 210
10 187
129 224
30 202
86 159
8 21
220 51
112 133
74 101
46 78
87 99
77 221
2 181
84 135
148 163
121 195
88 222
207 221
99 172
168 224
100 214
223 22
16 127
222 117
114 184
89 218
163 203
53 70
148 155
15 220
42 67
81 144
14 197
43 92
220 64
112 223
159 203
34 50
146 191
8 15
23 109
43 175
92 153
104 192
41 202
112 176
76 177
139 211
121 157
169 217
68 194
71 136
35 186
10 186
26 39
99 212
38 118
45 186
50 123
146 182
32 202
133 211
12 209
68 193
130 131
15 184
27 172
42 162
107 170
184 187
79 154
44 55
142 208
64 208
223 121
220 122
24 91
87 131
121 204
113 140
75 154
82 135
90 142
18 178
171 206
58 126
3 176
152 190
18 25
219 48
58 113
221 137
23 90
49 86
111 188
50 174
10 78
53 80
144 192
22 36
41 172
224 18
30 91
96 137
5 168
2 78
23 191
0 132
73 173
119 212
125 200
107 113
39 104
36 47
95 209
128 185
62 86
60 212
171 205
89 117
224 144
114 124
84 223
135 183
6 193
115 207
101 218
70 201
17 154
224 102
174 213
39 137
45 178
91 218
36 152
107 135
20 178
65 216
1 23
9 185
223 7
7 119
91 92
73 128
94 197
5 7
5 164
42 119
139 143
106 205
140 209
150 159
95 130
189 217
76 89
6 198
1 41
5 147
72 190
16 116
137 149
94 155
21 64
116 179
61 115
28 161
104 149
49 145
149 216
31 72
50 55
224 214
18 216
175 197
69 145
121 146
86 167
84 117
67 76
140 205
139 171
60 61
151 167
81 126
223 86
69 199
4 165
29 195
39 135
32 123
7 199
70 129
21 123
119 171
99 114
122 174
133 168
25 105
140 191
4 7
75 135
154 178
34 154
222 5
83 101
2 37
167 183
89 203
1 105
127 167
6 10
13 160
220 182
117 206
27 161
188 208
168 214
120 212
125 183
138 210
17 96
26 107
113 184
148 209
116 182
51 224
45 156
110 215
79 98
107 160
1 113
7 124
35 61
74 91
2 88
7 9
125 196
99 220
58 75
42 52
199 213
121 180
23 215
157 201
185 197
162 173
48 203
33 167
50 192
84 182
113 199
28 120
87 149
164 198
120 217
35 68
165 208
85 115
21 71
11 113
4 78
63 208
167 193
180 217
19 91
220 86
52 107
115 128
97 192
67 165
4 28
119 203
149 174
115 140
72 123
7 162
45 52
223 157
31 168
223 53
61 177
41 71
132 144
20 49
85 191
63 207
2 180
131 144
108 131
3 28
83 116
10 58
46 148
20 47
17 24
68 196
132 146
9 165
50 100
11 170
223 26
135 144
88 152
159 184
84 101
65 186
3 92
72 220
137 187
33 48
18 156
64 120
144 154
70 141
208 215
15 37
221 2
37 156
13 80
17 133
167 195
113 120
10 175
6 178
172 205
1 116
55 170
30 184
67 212
42 188
142 180
4 87
28 195
67 166
199 203
17 77
92 197
15 18
86 198
34 96
75 121
26 171
86 101
35 142
51 215
87 114
77 150
98 178
110 158
45 90
60 126
157 219
31 113
101 124
78 134
87 170
210 221
218 224
13 135
61 213
58 90
73 171
9 141
110 151
19 136
145 151
30 73
188 213
75 158
163 189
113 141
12 38
70 145
104 199
63 164
7 98
51 112
182 183
10 44
90 123
24 160
30 123
99 153
86 213
68 171
33 60
0 203
70 193
7 53
136 171
1 35
2 109
47 153
53 92
22 160
100 125
30 86
127 191
8 20
96 132
224 6
29 60
24 170
220 221
54 82
52 74
155 192
37 50
70 118
7 64
124 149
119 208
102 114
85 97
37 68
103 146
7 26
85 141
67 203
114 132
37 147
221 93
21 101
22 200
33 177
86 134
221 200
2 124
56 119
133 205
132 180
6 23
132 167
18 179
193 196
48 140
166 198
11 201
95 125
6 79
24 102
7 61
221 123
33 73
189 207
135 176
116 132
112 180
169 221
66 199
134 211
224 171
92 105
21 93
109 163
38 195
33 178
2 116
25 43
125 148
12 139
31 89
6 221
92 107
4 113
37 196
59 71
183 205
182 212
9 38
100 105
12 19
138 212
20 35
91 160
66 184
24 180
48 214
60 217
221 82
43 62
134 135
35 140
136 204
125 157
114 154
34 92
35 71
36 200
34 145
88 99
5 127
188 217
108 188
53 204
44 178
0 93
70 78
73 103
132 133
113 152
71 142
14 46
86 118
88 144
160 208
18 213
132 192
70 184
90 104
220 50
50 119
89 190
221 203
17 27
132 182
177 199
16 192
97 220
15 222
100 162
3 55
37 155
133 179
9 216
34 183
103 162
35 146
7 139
179 198
20 55
30 113
36 219
33 135
145 212
162 168
87 133
130 213
222 13
220 128
29 172
67 148
31 55
145 196
73 117
182 198
20 38
75 198
127 150
2 129
64 217
18 144
189 199
220 167
45 103
91 204
41 153
36 184
73 98
36 176
4 137
40 148
150 199
11 80
40 129
224 215
74 141
65 210
149 171
53 178
195 210
166 188
152 172
179 196
123 146
19 41
7 166
82 132
31 191
55 191
98 219
32 127
160 189
154 156
64 174
137 199
157 197
116 127
223 217
93 181
6 170
128 222
21 68
93 135
118 170
45 192
57 154
223 0
82 184
79 151
32 170
24 80
68 153
160 224
156 160
162 194
219 66
21 107
143 201
111 123
11 161
137 219
110 183
70 127
28 88
54 59
1 84
80 128
31 82
10 43
153 211
76 156
20 113
12 215
196 221
121 222
93 186
22 135
135 218
36 208
17 78
122 161
17 84
224 187
44 169
6 147
56 79
71 129
109 196
119 207
111 222
79 189
55 134
3 204
167 196
223 66
79 143
42 190
143 189
92 106
65 190
49 121
153 222
30 114
54 169
98 169
143 151
189 209
74 218
14 154
51 80
94 170
101 122
60 218
6 116
4 133
63 151
158 178
7 85
111 169
97 139
46 99
63 204
47 185
104 156
50 53
115 182
106 207
13 96
12 199
131 218
113 167
40 222
52 189
6 81
6 183
136 212
6 181
83 149
85 101
56 170
80 114
59 89
120 155
172 223
223 49
125 203
24 208
7 146
50 198
24 31
222 80
59 188
47 180
25 220
136 182
69 198
58 137
220 87
3 198
76 129
188 214
68 85
30 100
10 17
43 122
113 206
141 217
52 162
7 24
60 197
57 75
134 202
113 171
171 218
86 106
43 218
40 55
40 207
56 171
36 77
103 119
29 163
58 131
4 176
115 133
56 205
96 133
58 70
123 217
224 148
32 190
128 216
1 167
74 189
10 114
150 208
78 151
48 51
29 62
59 72
223 48
91 146
138 156
97 159
123 166
35 103
22 123
35 162
91 183
93 209
89 221
162 178
44 154
71 101
87 213
78 99
24 219
136 166
60 129
115 217
74 172
58 112
67 93
160 221
68 113
110 195
122 215
53 199
44 78
8 26
117 220
9 27
60 181
65 90
145 167
220 115
74 209
2 164
134 173
52 175
121 189
33 206
99 204
52 89
7 104
53 78
19 196
147 188
169 208
153 171
83 204
3 215
223 25
98 158
207 219
69 139
8 80
29 34
33 137
157 185
7 41
58 217
119 216
18 63
26 35
144 204
22 90
96 111
61 214
26 48
111 156
44 91
173 216
158 176
122 214
119 142
43 79
222 96
129 134
61 88
60 133
219 106
94 128
219 2
65 188
31 162
1 142
223 14
98 141
69 224
129 140
113 142
57 177
220 116
0 46
43 120
57 100
73 222
18 223
50 91
89 196
165 166
63 197
180 205
58 135
16 170
92 114
154 160
14 15
31 75
106 122
39 182
17 102
139 205
72 118
134 178
39 47
85 168
89 157
152 153
13 101
97 125
62 81
120 135
152 220
62 114
146 154
40 85
105 185
62 168
99 223
18 62
94 141
113 193
59 117
34 51
76 154
222 91
49 60
168 181
41 182
138 223
105 158
49 141
84 96
8 216
37 138
49 164
158 196
159 163
109 142
5 175
33 42
4 92
41 68
19 121
20 150
120 149
53 116
42 91
28 143
77 164
224 192
15 75
44 110
15 173
27 169
159 176
128 197
81 128
108 221
45 97
170 200
111 122
11 58
186 193
22 65
8 194
139 151
42 90
78 177
20 40
17 38
45 162
214 217
138 214
15 153
221 54
158 208
108 155
91 202
76 168
147 179
120 129
12 76
115 127
95 187
31 40
129 207
8 89
46 133
60 79
139 160
0 216
82 195
222 108
55 189
152 162
59 196
108 168
36 43
118 168
55 144
1 90
130 143
2 123
146 167
209 212
12 166
124 189
81 86
9 91
20 142
62 74
11 215
68 204
150 163
224 65
71 155
5 219
143 195
149 214
11 187
59 179
29 183
134 180
185 219
112 160
38 48
6 75
52 72
171 215
65 67
148 180
58 143
89 169
184 198
56 144
47 110
190 201
98 134
196 215
3 48
122 194
83 158
129 204
115 116
59 131
14 136
24 210
106 156
145 211
6 43
85 87
75 122
27 183
54 164
52 53
105 128
109 195
18 169
47 86
80 94
156 198
99 208
68 139
40 115
104 143
46 145
9 178
219 184
10 104
27 201
44 88
4 31
85 155
103 134
182 214
22 130
37 108
26 145
69 171
71 73
67 188
90 206
129 173
220 98
27 165
21 142
164 191
45 79
2 169
53 86
59 192
115 192
89 98
3 222
222 105
39 216
27 41
120 167
75 147
51 122
213 215
77 168
112 174
163 188
127 203
131 134
103 153
49 90
194 220
188 193
6 122
62 175
219 171
94 130
102 223
74 85
16 126
87 223
128 165
96 156
25 85
15 50
81 193
18 176
80 93
53 74
28 179
96 221
17 36
147 208
112 137
73 83
70 132
1 117
13 219
26 196
133 213
90 184
27 65
26 213
86 174
18 103
51 218
159 166
22 222
39 71
103 189
22 168
79 164
37 159
30 64
173 199
49 194
219 109
132 156
18 68
49 180
37 119
19 146
8 140
147 215
23 223
54 119
118 178
7 152
221 112
14 114
29 39
84 175
79 200
65 152
23 29
25 187
222 94
190 205
93 217
224 11
38 75
70 173
44 135
43 210
98 200
89 92
92 111
221 198
204 205
36 148
53 59
95 212
18 164
54 196
26 89
73 190
109 170
27 97
97 178
48 157
223 216
106 172
35 51
181 215
50 200
109 124
46 62
82 176
126 173
58 155
100 193
10 52
74 184
103 167
5 94
34 209
28 126
29 48
223 33
78 147
5 69
62 106
124 217
20 204
45 190
223 67
76 175
35 110
116 218
7 177
28 138
66 146
164 169
36 172
151 211
107 130
26 60
89 118
125 142
140 224
162 216
93 212
123 204
27 205
26 187
119 134
223 142
21 117
168 203
222 120
24 162
64 221
18 174
6 146
171 199
64 203
15 154
35 191
33 155
66 91
159 202
68 159
111 116
61 164
15 123
148 193
68 157
126 139
2 175
32 126
2 77
54 154
86 108
34 208
174 189
43 121
114 118
121 163
185 215
42 186
29 33
79 191
58 118
172 222
20 173
199 224
78 138
216 217
63 214
60 183
160 174
59 176
79 204
5 174
44 84
25 210
32 85
220 139
169 207
9 220
78 119
27 170
222 136
146 210
102 137
218 221
128 183
146 179
54 89
74 124
54 107
21 135
35 195
22 94
99 203
10 167
12 150
58 202
106 143
29 76
24 193
198 219
64 109
77 124
131 161
88 137
57 99
160 199
78 156
100 136
60 76
20 121
77 209
33 34
3 52
25 147
16 56
159 207
88 198
84 220
47 214
44 164
127 166
72 96
47 187
6 214
224 132
157 210
7 30
63 117
12 115
92 175
67 197
40 155
95 170
112 213
15 112
17 130
127 156
70 224
129 179
100 170
36 67
44 57
73 180
13 57
25 55
108 170
47 204
20 182
89 113
1 15
52 69
154 165
33 197
117 194
38 170
144 196
68 205
103 190
140 177
5 139
57 192
25 172
31 132
116 201
145 155
13 55
41 132
167 213
220 174
2 20
88 93
59 127
76 111
89 180
12 169
48 178
53 206
174 186
142 159
1 7
109 140
61 142
44 146
50 65
51 166
47 96
175 179
137 200
24 27
12 54
9 43
35 104
40 191
105 142
24 153
19 108
62 189
12 31
2 60
63 111
26 72
40 174
55 164
4 206
132 221
84 116
24 135
75 130
96 118
67 155
47 182
102 209
72 93
125 161
52 181
168 217
92 142
7 143
97 133
133 191
86 199
137 214
114 137
48 112
89 119
86 215
132 199
157 208
63 127
23 173
3 13
64 141
23 176
61 108
26 133
156 191
117 166
36 81
104 183
81 142
0 174
28 140
34 168
37 145
41 120
10 59
59 137
64 143
42 137
81 221
114 171
25 204
53 122
149 157
121 207
7 68
34 152
67 178
83 165
147 186
187 191
27 207
88 127
15 132
145 204
99 166
78 136
176 210
0 107
65 101
57 78
78 187
13 65
37 158
106 164
119 180
104 167
65 134
58 161
26 209
52 128
6 204
19 125
22 157
37 151
105 157
60 187
17 45
102 217
183 195
92 179
11 91
67 129
178 214
81 160
13 223
60 66
42 170
5 180
99 207
64 149
221 191
4 62
223 56
112 169
82 150
30 127
47 67
66 107
93 220
42 109
55 216
195 208
2 104
28 157
47 162
100 154
85 215
163 211
114 186
140 176
12 172
81 216
224 159
23 120
198 212
80 138
126 180
117 132
184 206
55 109
83 168
55 115
147 165
0 41
99 171
162 215
16 182
118 204
35 77
116 192
219 161
197 215
223 188
122 187
223 17
71 178
36 90
18 56
53 191
141 151
19 127
64 169
14 205
91 200
97 105
16 174
68 126
85 131
219 9
73 141
20 69
45 101
1 59
15 187
136 168
140 143
11 27
4 99
19 223
223 101
23 205
78 97
118 193
17 170
156 211
64 76
80 92
62 145
10 65
68 188
60 62
49 130
56 127
45 197
42 142
148 167
29 54
69 219
48 100
69 202
221 183
222 132
10 169
0 171
41 74
100 106
80 223
65 194
65 171
83 151
87 120
191 198
78 206
154 217
7 159
107 198
123 180
56 122
48 152
35 60
40 101
36 129
34 149
59 61
107 200
8 56
181 197
105 179
219 65
224 81
149 212
99 182
124 187
11 94
206 216
24 45
111 181
59 66
50 110
73 121
150 162
87 102
62 111
36 218
8 17
34 121
223 137
209 222
134 147
39 206
3 34
126 198
31 139
41 193
108 174
121 199
59 170
38 87
104 142
60 219
47 127
23 196
79 146
58 204
6 133
147 162
28 127
54 141
97 204
1 202
32 172
14 66
41 125
33 55
224 151
141 160
89 208
13 91
28 108
7 224
40 79
30 52
194 212
41 218
219 77
36 167
146 198
65 141
13 112
51 210
21 191
13 165
12 97
155 172
181 221
196 206
138 163
19 208
3 183
32 221
135 165
117 192
142 172
31 127
32 120
55 74
116 173
140 185
112 155
14 185
9 140
9 32
30 221
120 198
4 16
40 221
120 174
47 69
21 47
104 213
140 218
148 222
0 53
51 81
161 171
43 106
55 163
190 204
173 194
32 92
174 185
20 51
39 190
97 190
29 110
178 215
56 75
70 202
68 215
139 176
179 212
65 79
73 178
81 98
85 128
71 80
75 77
28 155
64 160
178 180
42 46
126 217
114 139
19 76
80 170
41 183
134 159
4 132
182 224
21 182
3 144
212 218
156 174
86 209
81 134
48 173
66 135
16 114
84 104
43 185
70 79
29 193
95 126
110 154
9 81
23 141
53 113
85 180
81 215
109 161
67 91
104 108
69 204
200 208
0 105
114 220
16 76
25 60
11 105
141 181
78 85
54 163
145 202
109 129
176 192
105 214
72 83
12 17
222 159
70 93
184 218
29 50
118 220
219 209
98 108
78 128
27 209
15 138
63 118
144 167
1 212
70 223
94 208
74 199
46 169
54 87
146 151
23 112
84 190
84 200
124 156
4 86
94 108
52 214
10 212
147 191
71 161
13 221
101 119
160 164
99 113
57 82
0 139
41 104
21 150
19 204
125 155
82 100
124 131
111 210
220 10
100 132
10 62
19 209
223 148
93 158
53 143
139 212
146 186
130 220
126 176
92 131
57 125
224 71
64 145
126 146
30 146
56 174
66 136
102 103
219 41
39 117
145 146
122 131
109 205
152 164
84 105
1 138
86 168
42 65
136 178
86 141
130 153
60 176
39 49
220 161
20 43
10 154
27 85
70 112
192 201
123 184
134 155
56 113
80 104
51 169
36 156
44 105
7 74
105 139
21 94
142 205
149 169
57 120
166 167
178 201
87 126
83 192
147 205
107 121
90 152
7 116
45 143
95 145
16 176
60 123
99 104
21 46
221 72
223 145
141 212
161 178
66 177
165 224
111 158
27 193
192 193
32 94
23 121
124 191
135 161
116 176
158 219
164 166
86 88
142 153
16 83
75 114
141 173
12 176
46 59
1 191
3 90
60 95
4 152
221 10
3 101
103 204
111 144
3 51
84 188
156 175
87 142
168 211
185 196
185 212
165 219
52 87
146 197
190 216
38 154
57 188
140 184
89 141
108 146
9 211
20 128
142 169
25 74
4 218
82 109
84 150
35 177
124 206
46 117
2 125
76 133
100 207
92 180
17 26
9 54
72 137
21 211
79 118
76 118
162 187
167 216
95 104
50 66
34 100
15 169
222 150
103 112
40 181
148 188
78 224
31 144
82 148
1 80
49 192
34 170
42 105
131 176
145 213
164 222
170 208
98 166
39 154
121 134
29 88
148 165
223 194
1 194
23 116
12 207
12 174
101 170
133 155
157 222
15 108
143 160
95 97
20 134
38 73
102 204
25 157
33 158
68 122
96 220
6 70
38 208
107 154
222 50
223 158
169 216
82 121
77 212
88 167
172 186
222 56
92 112
99 177
94 111
138 157
4 186
195 196
93 152
179 219
17 39
98 163
33 153
73 97
125 131
39 168
166 176
110 224
191 217
15 34
108 161
56 137
78 214
147 150
137 181
22 153
134 150
161 222
75 111
74 150
142 190
127 216
137 217
54 114
15 113
63 211
219 17
222 83
104 196
45 49
57 63
107 179
93 223
38 61
14 103
23 133
0 137
102 187
116 144
171 204
82 107
136 217
112 189
102 157
153 165
98 182
72 150
41 127
68 129
36 109
43 217
132 150
158 181
58 124
128 217
5 100
82 142
3 104
85 102
92 145
76 165
68 124
8 155
86 169
101 175
43 201
34 150
3 108
57 185
168 207
219 108
11 181
19 43
144 208
167 184
99 155
76 169
223 169
70 222
177 191
65 221
20 167
180 222
37 82
185 214
51 116
4 18
55 224
224 40
108 120
125 137
134 220
100 224
36 198
96 206
67 147
63 222
152 169
97 124
187 222
26 139
62 143
11 145
3 88
91 114
91 180
82 114
103 109
150 189
19 87
54 137
