219 220
15 242
201 225
165 203
159 242
151 159
191 195
79 174
150 187
101 130
179 226
26 157
40 51
116 144
110 135
111 202
2 131
112 115
86 213
92 126
205 236
94 114
72 147
36 211
196 247
124 237
49 175
50 56
18 87
92 193
118 199
75 218
171 217
141 155
11 183
204 247
99 240
89 185
12 181
16 72
65 123
248 138
71 132
78 142
31 112
56 227
156 220
64 173
39 155
2 141
18 170
6 223
53 75
23 173
77 196
153 179
214 227
78 224
108 232
133 168
216 238
210 212
9 107
30 213
22 166
248 243
141 241
93 171
47 91
181 238
144 234
86 115
96 141
133 192
37 54
44 189
186 205
25 160
100 245
36 244
21 90
73 87
77 148
51 80
91 157
89 186
81 239
69 151
117 236
23 170
85 192
12 20
203 208
9 32
86 92
166 233
40 175
45 198
140 150
54 185
159 190
54 100
92 212
246 106
0 14
93 142
45 240
95 131
58 209
18 140
143 219
63 134
132 165
64 82
190 198
69 122
72 126
150 246
78 88
117 210
0 26
98 236
127 173
25 72
137 195
120 192
4 81
229 233
86 197
88 115
92 111
8 104
2 28
140 193
31 124
161 226
44 92
199 240
31 79
145 243
134 190
170 181
247 105
4 28
49 188
12 61
43 58
7 211
100 191
249 172
206 217
142 221
122 245
98 241
32 200
21 51
97 103
44 54
50 109
88 101
170 186
100 160
6 26
29 95
20 199
51 239
56 72
131 205
146 227
63 237
61 92
152 156
6 7
129 134
11 248
37 123
146 153
246 198
76 222
28 220
143 230
99 160
64 182
16 128
37 90
81 114
36 107
152 242
87 223
52 174
25 148
248 62
36 91
149 153
170 203
107 145
162 182
198 211
110 159
143 210
130 201
3 157
100 175
8 165
22 125
18 240
28 89
108 131
68 79
177 229
7 217
4 54
176 184
76 238
136 245
51 53
85 91
56 59
62 97
111 192
94 240
158 233
102 195
110 193
66 88
62 75
118 249
3 197
50 133
249 30
84 163
44 213
23 83
149 185
181 201
28 209
249 155
123 153
146 235
62 223
85 232
97 225
74 194
115 239
28 56
133 144
133 160
140 220
4 47
39 71
153 197
90 187
179 204
44 84
83 138
150 173
97 227
172 239
200 221
136 183
141 232
37 158
19 93
147 167
89 158
9 135
26 62
89 154
51 115
248 18
95 169
52 98
28 126
122 222
27 59
125 218
34 93
105 106
184 193
24 34
147 184
63 148
92 214
180 248
145 166
4 61
83 240
192 220
133 212
208 214
155 240
0 228
58 115
200 202
90 113
64 248
138 211
68 191
54 242
68 226
41 176
151 234
172 224
23 165
248 195
204 245
7 147
20 104
81 174
106 184
92 184
89 120
36 166
24 55
83 220
12 219
139 228
149 165
32 165
188 245
98 170
98 172
40 209
162 171
7 195
2 230
117 145
179 201
31 144
58 106
27 161
82 241
46 188
105 147
130 232
55 231
21 91
76 153
26 204
5 151
15 222
4 131
3 83
68 103
42 56
192 196
88 181
248 90
23 186
122 136
70 140
56 185
194 216
85 241
95 202
128 166
99 217
133 245
246 160
5 239
75 144
22 139
73 104
155 246
176 248
12 65
24 149
57 193
0 227
57 222
100 241
72 239
1 132
36 44
85 222
166 232
53 144
13 60
116 187
26 31
194 230
39 247
90 185
54 80
184 186
150 195
186 204
8 27
72 161
64 66
2 88
66 223
25 247
74 164
230 248
64 219
22 172
18 226
123 219
53 242
71 245
37 217
193 242
103 105
123 229
87 145
16 47
57 235
142 174
99 122
109 221
91 131
180 230
154 241
68 240
57 103
59 78
140 231
133 204
80 164
21 108
19 91
58 100
57 224
32 122
180 189
77 231
124 192
33 131
111 193
5 37
144 168
5 16
97 128
176 196
13 91
81 126
194 220
7 37
45 80
192 200
83 165
48 206
33 193
170 173
57 99
115 167
127 176
167 214
96 129
116 210
36 149
144 202
13 48
23 78
247 205
140 142
27 184
117 218
115 185
12 132
107 113
165 191
204 232
52 166
108 211
107 170
9 121
99 141
84 197
59 128
84 244
12 212
153 174
21 154
133 166
247 160
57 122
92 249
46 109
153 233
106 164
134 141
176 231
86 172
24 158
69 186
4 44
181 239
12 133
3 221
100 176
129 142
88 213
8 88
199 202
77 110
69 130
27 238
89 239
94 146
52 89
4 119
184 196
7 16
66 102
44 52
86 229
175 249
11 66
113 226
133 213
52 154
66 162
81 125
78 171
53 159
184 245
62 118
15 198
63 153
54 106
175 223
33 110
43 134
72 191
153 191
73 128
107 212
47 208
155 159
109 120
32 107
1 125
66 198
26 229
85 135
55 182
134 233
85 88
43 137
146 184
71 207
20 28
15 199
211 217
38 184
2 43
22 92
142 150
129 179
1 142
19 150
13 18
82 95
88 113
5 40
117 132
35 161
112 170
34 44
108 121
10 99
21 56
30 124
88 184
57 245
68 239
53 154
61 234
69 200
132 227
123 230
28 249
65 238
84 119
78 164
6 199
68 148
149 161
3 6
122 183
53 177
73 126
87 224
7 227
4 83
248 107
53 188
184 232
41 234
8 214
171 201
34 177
93 129
8 98
127 184
23 153
65 100
114 141
73 226
12 218
27 34
96 142
174 195
202 229
2 114
11 224
38 70
94 96
110 125
131 214
116 243
50 120
72 230
249 184
24 226
48 58
104 133
132 168
237 242
123 218
138 194
18 154
109 129
130 226
4 161
110 216
111 174
5 215
48 186
4 40
10 24
28 51
79 119
90 188
26 46
110 168
184 213
144 160
26 158
47 139
6 175
28 140
39 100
26 72
190 191
18 242
58 230
14 133
41 199
170 242
83 125
75 106
111 188
4 174
18 184
134 194
17 149
51 235
56 209
86 218
54 89
18 127
12 201
175 178
18 172
50 98
59 91
115 128
88 243
191 201
88 108
160 204
135 208
94 195
115 235
65 158
118 221
91 210
26 67
54 211
200 225
24 201
14 148
186 208
206 227
41 99
111 116
169 188
95 171
59 137
181 220
54 184
53 163
154 185
183 226
65 207
83 173
247 37
180 246
23 140
87 181
26 59
25 29
133 138
110 246
28 77
216 229
48 190
71 218
31 85
6 221
134 186
173 179
114 183
47 57
78 175
14 20
17 119
5 180
41 128
112 118
35 157
25 226
126 214
58 161
84 140
0 2
32 139
51 213
81 181
49 156
156 176
56 192
37 41
81 208
107 171
96 100
49 197
26 215
88 93
131 223
129 156
246 50
155 233
142 228
246 57
26 223
101 158
134 220
47 98
49 79
42 245
141 148
247 117
221 242
118 132
18 247
42 214
181 204
181 249
24 237
127 128
193 205
71 121
75 110
65 246
72 114
28 200
138 174
62 155
232 235
25 107
8 163
114 164
61 94
1 98
22 79
110 148
24 154
24 230
83 86
46 231
30 240
14 221
1 186
32 229
185 224
55 219
80 234
122 195
82 173
28 82
83 167
84 116
81 160
17 141
161 179
50 154
92 167
110 115
2 126
26 76
22 52
141 163
31 166
157 178
106 202
121 160
96 241
182 244
89 248
140 246
33 112
39 61
88 135
41 46
98 109
42 92
2 201
93 248
107 222
85 194
106 140
198 226
26 113
151 232
121 216
49 91
144 194
111 238
41 62
171 185
59 169
150 241
65 88
61 225
40 236
248 133
8 242
182 223
3 133
21 72
73 177
29 183
89 109
41 174
93 195
221 223
126 204
16 111
131 189
132 192
8 225
94 243
79 192
66 208
105 183
78 190
30 84
214 233
92 117
87 199
65 108
60 67
23 51
0 102
178 248
49 98
147 209
161 173
156 157
58 114
85 211
35 145
133 152
96 158
68 147
61 83
2 49
156 191
34 89
45 109
0 195
73 105
40 179
100 194
153 208
8 39
31 194
19 224
114 196
124 181
246 10
16 46
158 193
15 213
8 216
158 207
13 122
17 66
139 195
49 125
51 121
63 166
63 203
71 175
154 191
193 213
31 110
88 228
142 194
14 170
218 234
41 204
64 72
12 68
188 210
29 159
37 186
10 76
119 243
159 225
102 173
50 147
72 198
126 231
88 149
123 164
44 126
60 115
181 189
199 210
54 144
248 65
27 107
193 247
152 165
134 165
189 235
72 162
9 176
62 207
24 140
92 129
145 185
145 204
115 192
126 206
57 138
34 239
247 207
29 46
75 247
134 223
99 144
128 234
140 194
62 88
58 176
246 169
47 160
124 153
15 90
187 237
249 78
45 211
26 121
246 202
117 128
1 173
247 239
248 187
166 247
79 178
37 246
34 176
121 154
246 216
45 218
0 152
5 60
64 235
16 215
207 208
163 202
145 228
7 164
55 107
46 214
29 242
121 237
101 131
24 168
17 187
140 223
108 209
57 192
246 203
52 93
43 145
3 234
45 124
40 75
49 184
50 141
75 182
61 110
54 245
246 7
113 213
106 156
26 116
26 136
160 229
1 194
38 84
18 36
82 165
75 91
60 160
50 186
13 36
249 33
40 218
85 240
19 67
88 177
25 145
28 175
67 89
135 231
87 173
99 136
145 231
16 89
55 88
24 132
138 143
123 177
50 146
133 150
156 234
38 160
146 213
151 185
11 20
98 124
11 147
86 128
27 219
19 204
9 57
81 190
122 193
37 134
100 122
69 178
9 39
2 156
26 183
40 182
33 66
65 67
21 138
138 228
21 227
234 246
161 188
102 139
171 210
33 167
16 145
74 165
121 233
21 185
137 146
70 221
60 206
49 75
121 208
95 113
77 168
110 134
90 200
171 182
247 35
140 165
27 87
249 246
61 198
62 224
57 171
115 137
8 222
147 159
81 207
27 230
0 60
85 169
60 111
12 17
42 194
11 186
72 88
26 165
97 120
67 76
147 148
67 177
126 234
20 120
58 121
249 115
119 162
111 200
12 19
117 243
141 183
32 180
167 170
181 230
188 226
121 162
162 238
246 17
82 211
147 204
204 213
170 243
112 114
15 177
15 58
181 209
175 189
91 94
101 105
157 188
120 154
159 198
248 121
23 210
54 91
126 136
27 218
32 80
62 76
71 80
141 193
74 138
72 76
246 147
127 242
164 235
151 157
40 244
5 159
173 223
81 138
201 237
155 203
163 187
13 167
180 205
35 249
86 212
124 137
113 115
47 84
50 114
61 152
7 219
101 239
20 208
16 100
95 214
177 201
151 198
114 198
71 107
79 245
183 245
169 178
56 177
183 241
124 147
153 163
39 230
76 80
82 186
81 219
76 125
113 122
200 209
87 213
16 28
8 34
82 199
101 163
140 186
69 238
75 129
32 240
153 195
248 20
43 121
166 224
60 215
19 95
75 194
88 167
107 142
173 199
175 222
196 243
28 198
0 160
99 194
49 201
12 75
247 41
14 158
122 154
182 190
199 227
112 184
115 197
13 242
117 133
133 201
119 129
89 145
159 183
0 175
144 223
191 229
129 192
17 35
77 121
126 160
115 163
78 136
157 176
154 197
72 107
69 228
127 208
69 120
108 192
77 177
19 40
164 177
26 171
60 75
19 162
62 215
27 39
76 151
95 222
6 67
195 233
84 117
249 48
108 116
43 165
2 163
29 68
48 140
57 163
7 130
2 79
45 249
73 138
173 244
88 118
63 126
178 222
44 194
18 128
39 119
129 232
113 166
45 88
25 151
70 174
153 198
127 243
51 148
12 88
177 204
152 182
119 163
22 227
45 100
97 147
14 101
25 48
92 206
35 42
1 90
77 84
23 183
47 207
84 223
90 141
93 157
108 139
16 213
68 99
183 205
170 199
8 140
90 206
0 93
138 169
108 244
94 174
162 184
30 206
93 163
66 210
57 170
110 224
72 197
55 167
26 50
82 111
98 218
52 222
48 151
53 233
159 244
95 152
135 143
29 248
20 47
131 153
218 240
218 235
143 189
248 163
57 154
159 194
23 219
28 54
150 237
241 248
115 178
27 249
23 161
123 137
16 241
192 235
6 33
247 60
30 191
138 193
21 231
85 183
6 160
26 101
2 186
246 20
72 229
70 204
88 110
3 235
88 196
96 195
13 105
189 240
39 170
10 160
36 228
74 147
51 202
203 204
128 192
162 231
207 248
23 138
73 157
1 158
73 213
129 182
72 158
91 125
44 246
218 237
16 181
78 198
249 91
87 170
85 115
142 154
6 34
125 172
197 205
248 33
104 229
3 245
50 241
90 102
61 199
17 217
80 186
101 145
137 165
204 230
249 75
40 206
12 242
36 247
87 98
65 173
27 108
157 248
80 183
145 237
93 127
233 249
64 211
79 126
20 138
29 44
57 180
181 192
35 239
219 238
5 231
41 157
128 231
90 121
155 228
4 187
3 105
52 221
170 175
134 164
29 200
217 234
75 138
61 200
170 178
24 207
249 107
169 219
117 203
28 62
92 93
169 220
47 146
127 166
36 201
111 232
23 136
58 119
75 125
40 89
121 186
91 151
18 187
16 63
71 185
105 236
176 219
10 95
204 249
203 205
11 148
129 239
7 12
183 234
208 230
135 182
35 137
76 161
154 157
5 188
79 237
120 170
1 145
157 168
80 198
82 152
70 167
66 218
214 222
3 138
72 242
198 222
82 126
107 178
71 222
154 193
87 232
43 138
106 166
67 218
170 214
0 177
103 127
98 131
98 238
105 205
4 5
103 209
124 207
6 19
75 230
231 238
68 210
188 232
48 159
24 210
15 212
20 157
61 170
5 129
48 122
100 103
77 165
9 123
59 241
248 190
28 232
54 60
171 196
151 247
60 213
57 234
241 247
138 145
11 125
7 68
238 248
150 233
10 48
183 213
83 104
14 25
75 174
247 23
178 225
56 89
46 84
217 239
101 179
25 164
33 37
57 75
99 198
33 187
117 138
92 182
4 84
151 215
95 140
82 237
184 244
28 35
86 154
107 173
38 126
189 217
36 173
100 212
185 240
39 249
10 223
247 121
107 110
88 165
120 136
159 245
40 190
68 95
19 43
117 213
179 188
52 244
58 185
156 182
31 68
88 232
89 219
48 150
240 242
146 247
6 151
47 210
76 139
80 207
78 199
45 107
102 235
169 243
29 241
83 162
32 225
96 175
201 216
28 69
35 76
26 185
23 127
202 247
84 216
129 148
59 141
79 207
20 183
43 130
43 71
41 140
21 28
247 19
171 233
249 202
72 84
84 142
80 181
154 237
126 222
102 243
6 52
88 105
21 101
60 94
5 131
181 228
8 92
102 208
112 247
8 103
112 154
57 88
48 232
22 184
103 142
208 237
169 189
92 195
208 229
201 249
121 127
54 189
193 229
61 63
211 238
8 111
156 171
67 152
2 74
74 102
109 189
1 18
11 34
0 121
108 203
65 125
181 186
25 169
106 170
51 241
63 96
125 197
146 223
123 146
153 184
15 159
32 44
86 147
97 242
247 214
45 134
4 137
50 210
8 180
220 237
121 181
25 216
19 37
158 224
100 218
61 238
4 157
62 159
79 186
120 190
34 226
178 233
4 121
36 45
26 235
22 140
184 188
94 235
67 106
147 179
1 19
103 242
3 227
19 191
8 146
138 190
174 204
94 199
208 224
180 181
19 210
110 188
23 60
53 87
12 230
186 201
238 242
64 227
246 97
34 244
108 185
15 34
66 86
46 196
29 99
50 216
145 198
2 173
136 152
107 137
82 151
32 34
168 207
62 242
124 213
91 192
131 249
156 207
114 165
34 141
4 16
22 72
8 70
27 227
22 49
116 191
40 195
133 139
207 210
162 243
62 245
5 25
53 204
110 184
135 198
230 245
84 214
39 234
173 229
91 245
43 175
202 225
64 176
122 197
92 128
107 205
1 235
96 212
70 78
25 130
25 192
131 149
60 116
72 179
93 106
76 197
140 212
100 232
60 244
95 213
208 218
11 104
212 234
175 237
69 99
137 232
242 248
102 172
60 66
100 189
5 212
103 184
34 237
178 184
6 70
53 223
54 240
146 195
69 236
22 144
65 128
57 105
124 130
106 123
123 192
88 246
120 246
102 212
82 134
131 164
4 13
46 79
15 137
162 197
73 192
95 230
171 186
69 94
9 42
2 211
103 211
7 100
32 142
85 131
24 76
83 192
7 105
127 182
70 124
0 84
77 243
68 72
14 231
47 192
97 149
84 167
129 235
42 76
165 223
105 166
17 57
53 54
31 114
17 203
132 152
18 162
172 179
146 179
39 73
103 166
51 118
54 165
129 190
28 238
57 177
144 188
1 202
65 235
194 221
63 71
181 246
206 233
137 230
38 40
10 112
3 231
91 214
40 88
119 241
39 112
67 133
82 183
15 97
5 198
36 209
32 151
46 208
1 103
101 229
47 85
14 150
111 177
111 121
72 90
137 162
41 195
86 89
28 34
92 136
143 213
75 177
53 237
27 109
39 221
70 241
116 226
4 98
96 215
105 206
86 158
212 231
100 156
106 131
181 188
119 219
6 231
32 183
51 75
32 64
9 79
12 144
47 72
180 221
188 203
156 204
6 121
143 186
146 189
105 153
249 64
20 62
108 149
31 140
22 95
160 187
68 138
39 93
52 77
3 158
14 193
40 46
100 193
7 120
133 217
101 249
128 171
45 189
80 136
209 229
128 180
9 148
49 220
130 163
99 248
199 224
25 45
61 197
115 217
118 131
99 102
48 194
146 246
45 196
21 217
188 223
83 145
228 247
156 223
96 200
48 145
139 233
63 109
35 73
72 200
42 119
32 154
52 119
202 243
15 108
233 242
83 184
231 249
13 206
60 172
65 87
247 229
232 240
49 211
63 188
17 222
31 129
246 141
30 176
37 161
43 88
95 178
44 207
103 146
79 226
92 246
101 245
120 131
31 74
114 249
27 98
41 236
11 188
154 244
90 115
200 206
136 178
47 89
104 109
27 30
39 131
120 128
1 171
66 174
35 124
45 191
247 191
129 143
101 211
96 242
3 214
133 177
72 79
93 235
14 119
88 185
1 184
18 91
83 219
97 101
20 137
7 247
161 195
9 35
4 102
32 94
219 223
28 96
202 223
175 247
54 134
168 176
190 223
17 180
56 184
32 37
249 70
85 187
103 173
43 132
101 110
91 118
123 179
118 148
90 92
51 52
101 235
146 175
13 243
173 197
40 109
60 207
21 137
155 173
242 243
24 78
189 223
159 237
17 218
47 119
68 83
95 179
63 165
4 45
58 98
113 192
19 230
210 232
135 181
56 237
96 187
43 160
59 98
249 97
28 178
96 137
205 225
0 72
190 239
154 240
125 134
45 200
136 138
14 93
35 68
76 240
6 142
113 195
246 199
107 217
92 220
98 203
36 65
111 122
19 206
9 186
36 157
44 141
79 180
14 199
101 205
5 136
104 154
47 64
25 215
202 215
179 248
45 115
53 112
132 137
247 85
180 191
12 159
83 186
249 225
92 108
24 223
41 52
103 190
30 49
83 168
140 232
75 171
185 233
155 193
17 69
90 129
51 73
118 245
89 217
235 237
249 211
77 157
63 239
106 232
110 118
57 223
131 169
94 134
98 122
126 235
193 197
17 175
142 223
4 9
65 196
33 123
17 71
15 48
115 191
72 138
177 184
39 186
56 194
247 162
81 216
98 189
54 67
83 187
96 210
136 207
109 130
1 47
112 213
44 107
46 49
166 214
176 211
181 183
75 158
248 148
5 10
77 191
34 85
51 171
21 111
80 213
11 150
62 77
247 66
78 222
37 154
23 41
228 246
196 244
54 180
118 226
104 181
0 13
89 169
27 155
124 150
129 231
36 182
78 187
164 194
179 247
5 217
30 60
75 178
7 135
2 40
103 245
55 112
11 108
57 237
75 139
43 215
44 179
49 131
16 168
34 122
197 203
83 249
79 133
116 232
15 184
33 56
5 74
56 159
65 153
1 87
5 142
125 171
89 228
136 176
33 125
107 162
68 172
108 178
28 217
124 175
236 244
68 175
1 12
188 192
128 245
192 206
55 92
10 35
101 173
13 96
157 212
64 88
85 96
123 174
102 214
51 124
37 85
105 189
123 157
247 189
26 142
55 213
36 112
175 235
73 243
75 170
149 156
118 172
80 247
133 195
114 202
9 248
57 96
134 198
89 244
43 54
130 206
14 116
103 228
14 213
4 154
101 126
4 80
110 186
90 246
145 239
29 102
34 66
56 216
14 23
55 218
37 170
60 152
210 227
99 110
176 233
171 211
45 73
76 157
216 236
235 244
30 59
179 182
10 222
66 101
248 105
82 112
10 50
66 233
73 154
187 219
49 203
55 140
53 71
162 249
22 230
92 95
44 137
111 135
1 170
147 223
13 107
47 70
17 36
6 198
129 215
164 226
197 230
33 159
118 238
80 121
108 172
147 163
93 113
247 150
4 35
77 158
21 239
20 53
57 200
39 196
124 200
80 101
47 156
70 222
53 216
85 217
164 203
98 240
16 126
81 113
140 203
79 228
38 43
3 167
57 77
72 95
23 177
19 144
67 185
85 109
109 177
21 171
85 215
1 44
20 115
102 149
121 144
121 148
0 41
219 248
102 177
82 175
246 244
101 119
44 166
38 97
163 246
38 246
75 161
113 150
215 237
27 187
12 36
72 196
123 143
133 199
75 131
129 132
45 202
187 247
55 133
107 219
15 223
56 126
43 190
37 43
121 218
6 195
19 73
14 174
70 161
75 78
90 116
6 90
79 109
151 235
92 228
221 233
163 204
71 96
111 144
167 223
144 248
7 40
3 96
10 231
21 139
222 235
26 203
89 117
92 110
19 110
20 144
7 114
88 245
135 227
193 244
34 151
24 53
247 111
117 153
175 185
118 152
116 211
222 233
158 159
139 219
159 222
72 83
248 184
171 190
67 97
104 221
117 237
70 178
22 174
36 71
146 230
20 127
212 227
0 144
134 245
93 136
16 240
21 236
112 174
64 144
82 133
17 131
200 208
73 218
75 92
50 75
119 187
25 61
26 135
50 117
117 220
211 232
40 240
104 160
51 182
95 158
18 192
79 87
247 82
155 199
4 139
15 160
57 70
50 52
38 162
168 192
73 238
106 111
177 200
192 234
80 188
130 203
87 105
144 179
56 122
12 118
11 65
40 167
77 174
181 229
0 123
76 145
1 37
118 218
44 151
148 201
65 120
3 159
247 57
145 216
9 239
7 41
183 222
31 223
191 212
168 199
46 113
248 221
13 35
15 113
102 153
249 36
70 186
234 238
130 244
3 97
143 156
118 167
62 226
170 240
28 106
45 197
27 142
24 172
99 162
63 140
248 130
63 88
223 239
52 215
57 111
18 79
13 198
114 116
55 56
22 33
97 196
31 70
176 217
55 96
57 198
42 159
40 55
45 183
110 218
33 46
8 160
74 126
20 189
26 47
53 85
222 226
112 217
200 226
68 71
139 166
18 52
118 164
130 207
91 227
135 154
39 176
17 232
113 128
18 51
21 199
249 94
66 121
108 236
34 38
133 184
177 226
177 195
53 123
109 222
82 223
50 107
85 205
76 231
144 201
245 248
32 228
49 157
3 119
93 226
106 112
12 115
21 41
71 189
56 110
44 183
15 116
96 112
46 141
19 218
247 63
107 188
40 66
49 189
91 244
248 100
16 87
20 94
172 196
15 60
59 198
10 173
21 158
0 180
48 79
249 185
21 45
94 163
132 157
52 150
120 168
32 193
79 230
49 150
85 87
8 96
249 145
229 237
37 224
24 129
11 126
37 216
79 243
66 117
28 60
114 145
99 181
50 76
3 160
67 206
30 181
26 150
102 144
176 183
156 232
173 235
0 115
119 127
69 199
248 7
5 18
109 178
89 159
96 98
249 41
60 88
227 248
2 197
39 121
64 92
61 86
44 81
49 224
97 195
127 172
19 209
139 227
84 240
154 195
9 76
108 170
68 125
230 234
10 132
75 80
15 241
172 201
96 144
6 203
19 123
78 133
124 233
147 194
30 88
68 98
126 205
84 156
142 170
10 184
134 222
12 34
132 245
127 216
75 94
79 159
122 234
133 169
101 204
150 242
67 154
138 170
25 189
157 160
51 197
114 228
29 219
84 164
247 230
112 197
42 104
183 184
36 58
128 178
174 187
134 192
20 87
2 55
40 170
225 243
60 156
136 161
68 96
148 242
98 139
97 171
94 214
124 155
108 150
26 149
104 128
72 227
111 172
79 112
96 146
20 143
190 195
46 236
82 139
160 241
159 162
33 58
158 243
249 53
31 192
25 205
107 230
247 27
99 200
131 199
126 139
63 177
41 243
91 241
151 174
22 150
159 173
26 129
165 187
92 118
37 69
159 189
159 197
36 232
63 155
215 242
150 244
65 68
68 158
153 203
155 196
247 54
38 88
38 150
75 184
17 205
5 95
120 245
5 120
248 206
59 153
152 188
37 96
80 86
81 231
96 104
25 194
94 180
0 109
91 217
175 225
97 122
104 116
26 124
23 187
247 95
46 248
134 166
210 211
169 186
15 102
98 195
14 132
63 206
178 180
65 135
17 59
72 104
2 72
73 169
48 106
248 167
30 210
247 90
78 107
89 174
4 172
87 171
51 76
55 142
36 202
75 215
67 165
207 226
0 204
6 202
138 218
135 225
86 210
7 48
182 201
129 191
153 169
100 121
93 191
28 202
125 224
41 144
36 47
45 126
205 210
111 153
79 136
106 158
39 54
7 194
124 238
44 112
18 99
16 182
32 123
2 158
248 96
2 109
175 226
90 148
81 238
199 217
105 136
85 94
150 224
247 123
77 160
25 220
134 241
90 120
59 204
18 219
43 123
28 212
183 188
76 82
97 129
174 191
67 136
108 112
38 237
11 56
110 234
67 164
206 214
40 110
103 229
15 156
63 170
85 138
121 177
9 197
37 234
23 77
8 55
127 136
208 216
190 193
65 117
16 216
38 168
19 157
3 32
51 56
35 58
48 59
51 123
31 51
120 232
19 86
170 220
12 153
77 91
18 89
4 109
114 193
10 94
82 172
143 240
46 56
27 162
182 204
134 225
28 206
247 159
1 9
26 180
24 128
30 56
184 218
99 210
10 237
80 132
73 161
248 48
173 192
11 127
82 184
135 162
22 69
56 113
72 154
47 103
56 131
26 54
8 244
67 131
70 229
188 193
139 196
15 122
10 210
165 220
136 191
162 216
147 187
169 244
133 194
52 178
26 51
44 60
74 212
114 128
4 199
143 216
52 193
45 224
1 177
54 192
45 241
77 172
153 209
68 93
9 233
10 32
117 141
159 229
4 110
20 38
3 242
157 192
143 148
95 151
85 226
52 196
133 219
113 158
23 193
62 132
4 173
2 112
11 140
1 25
206 235
28 182
0 178
18 210
159 248
220 234
50 134
103 198
37 172
247 98
2 160
61 134
95 211
0 187
246 67
47 58
49 108
81 212
45 135
87 93
25 80
53 110
79 231
83 117
98 194
31 241
86 145
122 182
42 133
119 151
105 207
29 191
79 205
106 176
60 71
130 145
170 246
38 241
13 200
57 112
3 222
96 221
34 179
70 151
235 239
152 204
17 240
142 187
70 94
38 56
70 92
109 184
119 225
8 153
28 167
10 166
175 236
177 198
151 238
161 190
13 138
45 243
72 203
78 188
158 186
22 214
67 80
118 246
26 209
105 120
59 240
70 107
107 108
228 242
38 46
201 211
42 201
4 175
53 68
55 196
5 226
160 206
133 137
110 142
21 74
126 201
169 183
220 243
31 170
99 236
78 215
35 203
106 236
13 59
13 173
0 11
110 192
68 156
147 222
221 247
108 194
190 224
187 188
64 150
28 152
7 221
27 93
79 137
59 114
51 217
86 144
33 207
146 164
29 164
51 233
31 191
31 231
191 227
131 146
67 79
4 164
79 175
99 175
37 116
58 60
17 32
1 52
110 117
137 185
71 181
21 190
96 238
50 206
101 223
169 198
89 110
128 218
122 178
69 108
27 173
21 130
133 226
98 228
86 100
10 79
90 100
156 203
216 233
126 141
115 248
111 204
62 101
247 167
120 129
119 141
1 13
26 160
79 98
107 243
37 150
33 120
149 244
81 236
89 101
56 165
124 227
90 103
86 226
90 167
5 183
25 128
18 133
137 173
86 217
137 244
45 82
100 102
71 198
162 210
46 148
33 208
25 89
100 198
48 92
30 90
77 83
15 114
218 236
233 239
14 238
88 208
23 98
30 65
0 50
79 125
85 121
73 77
28 154
207 219
88 95
249 56
144 214
23 142
66 131
185 187
121 193
26 139
119 242
35 213
164 190
54 228
43 83
3 30
1 217
55 91
102 241
112 211
129 138
111 170
71 179
191 214
13 28
0 45
64 171
5 222
167 216
114 181
51 191
93 115
25 50
163 174
249 98
104 246
147 157
1 112
119 200
99 140
83 228
151 164
53 88
16 158
87 216
0 49
127 130
192 242
157 183
73 181
65 91
17 111
87 149
91 216
132 178
28 153
247 158
240 248
200 238
151 182
73 79
23 62
204 242
41 129
36 105
148 199
35 183
180 212
68 231
9 157
60 128
179 215
0 237
1 79
223 227
62 230
12 194
136 197
26 39
14 191
99 139
66 235
114 209
73 118
104 150
18 80
40 177
44 145
66 125
102 147
99 152
72 146
42 108
19 32
20 190
56 118
41 47
32 159
7 138
193 236
52 191
249 37
78 83
92 199
78 221
155 186
54 209
39 67
120 142
26 98
92 172
18 220
71 120
114 234
8 181
65 231
171 241
174 190
65 97
37 71
19 103
54 66
57 133
48 179
140 185
111 123
8 85
65 145
42 48
170 204
108 155
69 173
39 50
34 102
102 234
5 201
69 156
57 125
110 136
246 24
168 186
186 247
81 215
179 241
48 177
157 194
242 247
24 187
65 74
71 202
74 89
148 249
52 209
184 204
157 158
10 20
33 174
89 205
9 219
2 194
179 220
152 194
49 137
232 249
87 221
33 52
27 88
144 231
104 204
97 181
100 178
60 242
111 196
171 208
204 243
64 229
57 67
59 60
89 156
183 228
82 236
107 130
88 132
53 86
166 205
73 160
113 198
8 73
30 35
71 90
6 133
39 229
87 246
230 246
79 200
69 131
181 206
102 223
31 77
129 165
5 218
249 4
25 42
5 190
13 42
10 191
47 83
46 96
106 234
10 63
22 48
115 158
140 148
49 216
120 159
159 238
247 6
137 182
38 42
139 146
103 238
232 244
51 100
64 169
114 243
16 140
158 200
247 12
190 192
45 214
23 162
127 223
143 149
182 185
162 194
211 213
2 103
172 210
4 96
184 209
133 218
118 235
151 230
40 171
31 164
89 181
59 84
44 102
5 144
249 173
186 189
35 107
151 231
165 234
145 209
52 129
114 182
140 164
21 86
219 222
10 215
47 183
56 111
229 239
168 245
145 208
64 220
1 88
155 230
78 162
24 68
64 101
150 186
175 206
30 68
61 173
7 143
148 149
63 78
110 223
195 207
194 204
75 203
59 186
4 38
74 190
38 114
109 136
3 91
63 135
45 46
187 208
33 121
27 69
112 169
24 182
34 193
63 162
170 202
26 81
15 173
97 169
119 212
4 142
19 231
42 217
55 77
247 77
101 221
146 149
88 119
93 186
46 224
74 162
194 203
217 248
188 209
122 240
65 106
28 109
12 234
249 194
12 121
59 107
91 127
136 167
135 242
43 136
111 143
27 122
109 123
116 179
171 174
148 216
62 171
122 177
5 156
157 198
64 153
21 153
32 95
101 212
157 182
18 147
77 161
90 199
133 170
109 218
65 131
8 169
37 141
175 211
37 139
122 134
90 156
8 200
53 108
93 101
54 241
79 97
3 174
3 103
77 90
45 118
48 208
87 220
73 189
34 178
86 142
89 125
68 143
159 160
45 153
85 214
39 52
216 219
29 118
85 112
55 74
163 247
107 192
170 211
16 64
39 244
246 219
131 204
185 208
28 78
121 202
135 155
64 91
206 212
147 174
151 208
14 136
177 230
30 193
207 215
229 243
23 167
60 192
66 191
29 222
249 25
22 210
112 240
127 141
15 49
35 43
220 236
133 175
30 91
81 217
75 149
134 135
108 128
37 205
46 234
20 72
68 77
43 102
123 175
53 59
60 180
168 241
81 137
14 98
82 114
81 136
1 231
89 188
143 222
206 215
51 105
67 124
3 181
82 240
58 144
111 169
171 226
15 148
124 128
102 200
28 194
169 190
117 246
11 169
140 170
61 210
48 114
0 233
10 128
3 194
13 130
76 181
57 108
109 157
19 34
160 236
28 70
33 195
179 235
16 239
237 248
113 180
33 74
11 41
80 99
106 171
61 169
181 211
9 218
0 129
222 248
14 65
21 100
152 174
113 204
145 184
129 199
63 131
246 221
57 218
140 206
136 189
167 200
78 235
10 226
84 111
214 224
12 134
66 192
28 115
130 202
91 195
79 218
175 193
200 243
98 206
152 210
62 85
61 215
109 131
248 110
110 174
9 97
41 212
49 52
58 206
29 230
157 210
61 105
128 195
110 199
72 181
137 141
233 238
62 66
109 220
59 70
164 238
134 145
153 181
11 86
78 127
83 91
58 231
110 226
95 175
172 203
77 211
101 199
190 226
66 138
5 171
7 110
86 186
115 116
121 245
8 223
131 135
10 15
30 100
186 211
149 198
189 198
158 236
218 239
51 97
11 142
16 169
157 190
77 97
63 229
59 116
62 96
117 170
199 200
2 20
88 163
7 126
78 208
28 208
194 202
158 197
54 201
11 201
175 181
112 225
108 201
105 144
150 226
25 126
24 100
55 120
35 119
111 187
50 128
219 245
195 222
48 218
84 170
247 138
162 206
121 244
49 90
247 182
93 209
94 234
7 27
110 153
206 244
122 141
7 77
59 228
136 186
81 179
142 172
172 226
21 132
209 232
12 93
157 165
0 25
6 194
45 129
9 137
224 242
109 205
62 111
98 106
79 211
65 212
74 168
104 196
73 183
10 134
52 159
5 178
51 88
70 138
116 184
131 172
55 114
7 51
32 214
154 202
153 210
19 146
24 124
174 177
39 246
19 153
63 160
24 238
1 187
69 184
33 111
3 190
105 184
33 45
16 25
109 171
39 175
6 248
4 244
17 70
25 227
4 150
111 236
130 247
5 20
60 132
27 205
88 98
38 209
9 95
32 100
89 173
89 92
16 201
56 208
84 228
18 156
90 213
248 92
6 128
248 197
246 166
66 68
193 241
27 75
2 41
69 247
133 156
7 215
14 224
249 129
5 214
92 205
130 143
122 215
38 112
114 210
21 116
7 198
124 126
30 130
23 206
4 34
67 220
175 228
0 114
38 148
162 222
168 196
27 77
101 201
60 230
131 212
37 92
82 110
56 150
142 200
66 187
122 231
123 188
79 156
40 127
53 247
88 198
61 163
105 134
12 224
103 232
14 161
1 56
159 188
20 220
88 211
76 232
89 134
43 198
15 100
114 173
20 117
98 137
39 172
186 215
94 230
158 226
74 77
55 123
68 180
96 229
91 115
126 170
97 232
70 93
39 162
23 44
177 221
8 24
59 212
59 211
96 174
37 193
130 204
159 170
12 172
39 125
44 170
196 226
14 72
213 224
56 155
149 193
89 146
23 245
249 50
93 153
63 138
51 210
51 229
66 133
2 39
82 143
183 247
50 181
81 229
49 233
103 158
36 92
144 220
211 220
13 223
3 84
110 177
23 148
206 223
102 155
42 156
29 152
61 187
83 197
119 230
246 85
139 206
39 212
214 238
198 227
28 233
114 132
25 66
62 147
51 158
38 44
83 232
67 122
13 133
246 31
11 146
16 84
9 54
61 76
113 240
123 241
102 113
249 236
181 190
105 161
79 181
195 225
173 224
136 236
74 241
29 77
1 29
142 244
115 166
114 155
65 142
19 176
11 216
195 246
97 112
11 232
157 240
42 175
137 166
24 171
18 39
39 117
90 96
13 232
119 123
128 147
38 109
9 104
55 239
157 239
195 213
25 31
46 58
77 194
0 73
7 108
16 70
137 190
6 58
9 115
75 146
3 109
46 111
134 150
134 228
70 118
95 200
37 149
61 97
211 216
23 190
86 95
0 159
60 174
42 54
69 211
194 222
26 128
103 212
29 103
249 226
77 242
140 211
48 223
48 222
15 23
86 126
15 239
97 114
115 218
84 180
39 92
66 228
92 245
51 147
56 84
33 147
53 181
55 119
97 182
77 112
88 121
66 206
9 231
161 216
98 133
96 188
38 186
247 24
164 233
4 246
19 170
179 224
149 216
126 181
178 187
79 221
121 166
104 142
45 151
49 172
16 187
129 224
34 198
9 74
109 169
87 162
42 82
66 139
132 241
154 214
120 174
152 176
47 105
160 211
121 180
58 202
36 67
63 233
4 111
80 155
75 165
81 146
91 145
65 203
43 47
149 202
147 221
40 141
70 164
120 160
63 202
88 109
25 118
18 181
6 9
88 226
67 212
247 248
108 233
63 101
1 159
34 172
2 97
61 79
121 227
82 135
73 133
59 205
8 144
5 14
174 210
16 127
246 34
100 224
97 238
73 85
40 196
42 241
157 184
248 191
12 151
35 67
74 217
103 195
19 114
104 186
34 180
3 53
93 220
103 167
233 246
28 38
99 176
42 125
90 239
96 109
115 171
76 208
9 122
104 156
58 168
143 239
2 47
192 241
29 198
114 115
123 195
51 226
18 149
25 159
145 150
116 241
134 182
156 199
14 197
99 119
109 155
174 202
249 80
90 133
13 126
9 23
158 183
12 51
58 83
11 208
42 181
107 210
64 208
205 228
70 143
89 199
184 242
215 232
5 19
61 95
60 63
21 82
35 202
18 97
70 193
53 135
5 32
60 144
248 56
141 194
94 125
246 193
7 123
4 43
142 195
46 115
18 179
136 159
169 217
113 114
12 70
94 200
58 196
60 183
111 184
39 180
50 205
79 117
248 188
81 97
27 121
55 83
248 95
71 78
247 249
129 145
7 237
13 71
53 238
127 187
28 43
59 67
185 193
7 39
37 66
41 206
160 201
40 249
94 248
8 178
150 168
115 153
6 135
6 215
74 201
8 131
43 240
149 242
17 63
110 161
37 52
246 188
221 235
211 237
101 128
155 169
67 175
106 224
164 207
219 239
64 199
74 230
83 107
52 132
1 109
50 200
11 50
200 210
125 245
50 173
43 248
68 214
249 229
74 88
20 88
9 11
60 184
12 119
221 236
125 186
160 179
50 187
72 247
25 171
175 188
21 131
22 152
134 142
84 97
17 121
165 248
119 210
182 233
112 230
47 81
37 227
246 235
16 194
30 218
215 227
30 158
70 157
60 241
139 203
129 130
33 79
14 143
72 225
9 22
90 190
93 188
27 146
191 213
26 35
203 214
248 72
62 125
48 93
107 225
86 234
25 184
54 63
82 113
180 231
220 233
19 155
120 187
74 106
82 107
156 216
23 231
29 147
223 243
33 158
95 160
68 241
145 176
246 43
7 52
152 167
116 137
78 191
154 249
125 226
107 179
58 97
2 132
44 123
155 157
20 235
91 207
117 123
68 245
23 63
74 143
61 120
60 202
204 223
2 115
21 32
31 34
45 48
12 18
25 234
137 213
68 131
83 225
28 176
33 114
248 154
131 157
161 207
200 245
142 248
16 150
62 192
46 217
146 176
0 30
249 29
11 212
104 243
154 184
135 196
106 194
27 95
166 210
16 50
249 34
106 209
205 206
164 214
48 174
17 74
17 188
40 136
114 148
188 235
86 232
60 196
247 1
18 95
2 133
21 102
73 188
91 215
55 209
58 228
26 192
2 151
14 89
30 237
81 108
80 134
16 149
48 116
236 242
76 212
34 191
17 239
55 65
5 237
73 117
247 216
111 171
170 248
25 103
46 80
88 194
63 103
176 223
65 114
60 161
66 178
73 121
13 26
70 121
105 223
71 89
111 190
197 217
21 208
177 245
38 180
56 76
95 161
112 221
58 132
95 114
3 127
31 60
120 130
118 237
97 212
225 233
9 56
23 102
64 80
0 91
248 104
77 224
47 87
6 8
196 216
47 71
88 234
64 213
9 181
125 179
101 148
159 233
53 90
168 183
50 219
75 141
249 147
75 102
66 168
38 244
120 211
3 9
19 145
49 181
125 156
156 235
19 82
97 127
6 237
115 227
47 95
117 158
64 106
62 219
48 185
32 147
73 196
168 181
193 208
180 240
0 146
97 203
30 217
9 51
66 213
87 241
212 228
154 167
13 221
76 186
75 115
33 69
145 220
27 164
41 184
127 199
43 112
1 20
76 193
67 127
28 118
32 157
9 160
86 109
157 181
60 98
55 155
152 193
84 246
45 70
55 200
49 225
55 147
166 186
164 224
59 216
177 210
37 51
125 162
41 104
97 141
79 127
113 210
143 221
116 215
169 209
64 115
48 55
106 235
20 81
55 69
64 160
65 122
68 154
79 227
62 186
144 151
132 204
5 202
145 160
3 77
1 157
35 147
26 117
149 215
69 84
101 193
175 204
28 125
10 80
246 93
55 72
48 73
138 219
54 238
32 104
24 173
48 82
140 153
11 52
38 202
71 234
60 137
122 171
68 104
17 67
95 210
68 209
64 136
229 230
136 224
1 85
32 203
130 181
76 225
58 77
51 223
15 153
104 138
146 193
7 8
67 228
126 228
102 158
18 123
3 147
99 159
59 76
3 114
151 199
115 195
178 200
3 22
246 28
81 130
27 68
10 196
15 191
15 22
57 164
48 52
48 160
125 135
30 96
130 236
69 231
147 213
63 204
42 47
84 189
142 249
10 198
44 208
129 173
247 126
50 78
193 210
47 143
217 222
8 120
249 63
149 221
137 154
60 106
65 75
64 86
149 213
123 204
111 239
249 113
230 243
198 212
8 189
76 243
176 199
7 79
19 96
63 198
49 222
173 186
49 230
248 189
51 83
49 112
86 205
20 66
105 216
52 127
101 194
4 65
149 164
135 192
115 246
86 201
6 229
134 201
8 195
187 195
56 218
140 242
128 142
84 85
246 224
130 195
128 155
166 171
57 85
12 97
48 205
133 163
21 85
79 86
90 230
2 145
221 231
60 77
185 213
17 186
3 24
34 243
98 140
165 228
139 152
222 244
210 225
33 157
103 165
100 186
11 30
26 147
5 6
187 227
34 73
112 120
22 191
154 164
148 179
32 169
201 248
53 102
12 148
249 153
19 133
155 223
247 46
200 205
147 160
17 60
18 113
27 175
91 142
115 203
226 228
72 102
45 77
151 193
52 181
7 20
206 213
125 146
195 210
38 143
33 124
112 162
247 195
19 130
40 214
30 104
22 102
169 175
186 198
64 204
214 245
68 141
6 187
90 215
71 195
6 168
53 66
88 141
110 146
3 143
77 201
191 241
164 184
217 240
57 69
135 144
226 231
61 135
136 244
14 204
66 98
74 113
67 186
56 169
7 132
36 154
162 189
218 225
40 86
129 149
59 177
152 200
84 208
189 249
60 218
58 197
69 123
63 76
105 211
134 240
66 140
188 230
60 130
56 106
152 232
174 197
76 175
58 59
67 108
81 83
32 39
26 169
27 125
108 200
25 131
99 213
159 181
87 207
145 195
96 228
22 202
91 120
21 215
42 52
87 153
180 204
67 139
75 150
20 177
213 242
108 222
109 214
93 213
180 226
26 105
24 109
9 28
10 130
91 139
33 72
183 200
107 207
6 101
95 221
153 230
100 164
42 202
83 142
152 178
47 110
38 77
74 237
247 236
161 196
16 134
123 181
61 72
14 186
3 219
59 244
55 100
0 59
44 91
129 164
41 93
32 181
157 219
141 243
37 228
109 110
104 194
46 212
41 51
48 191
101 159
58 171
42 225
21 213
21 136
136 228
153 193
15 247
173 198
104 124
114 221
110 201
140 188
200 219
57 127
139 230
188 240
24 161
87 135
27 41
0 17
157 186
156 225
2 214
5 235
140 147
164 239
194 235
90 93
209 231
162 219
91 109
127 217
84 185
93 237
89 223
76 216
64 205
68 207
139 186
82 106
97 151
43 208
83 147
35 93
145 248
74 108
113 236
121 226
14 244
135 183
5 47
25 163
3 124
46 155
176 213
5 12
96 234
37 233
161 239
23 166
118 153
22 231
6 181
26 38
136 150
28 138
1 172
121 131
3 144
83 183
247 48
82 230
23 114
162 202
37 192
74 186
77 129
119 153
64 207
62 105
14 154
138 244
25 91
7 76
40 122
20 204
225 230
4 234
126 180
24 75
27 99
47 90
65 116
50 67
128 170
50 122
30 178
49 249
246 15
24 28
13 62
5 143
97 245
39 174
60 125
47 154
248 172
4 182
136 210
165 240
13 148
110 121
105 209
46 160
105 137
127 177
147 156
32 179
122 230
72 91
60 138
40 132
17 20
65 134
37 173
91 140
157 185
12 136
130 156
178 198
143 227
82 149
132 222
8 122
114 197
155 239
99 216
162 176
12 150
141 197
43 125
53 130
93 216
249 234
1 236
44 155
3 21
6 37
54 207
193 223
104 140
34 240
13 217
34 195
20 213
35 199
44 131
21 110
247 223
17 115
17 204
25 67
47 120
0 218
63 151
140 168
48 217
49 163
105 154
106 118
7 21
178 207
146 151
185 203
92 233
73 180
4 48
167 206
146 171
74 224
64 231
90 217
6 96
154 199
112 128
86 163
19 128
84 179
129 144
33 177
59 142
44 230
5 228
57 58
176 181
187 211
17 133
130 210
15 103
127 140
9 141
41 122
57 178
169 211
94 239
58 164
61 166
60 168
61 220
71 236
111 129
213 239
42 152
31 126
163 207
62 194
44 168
81 197
130 141
98 227
102 108
96 128
14 183
49 117
18 206
122 146
41 64
95 97
86 198
121 231
35 208
21 196
38 192
33 145
32 98
38 191
12 225
102 213
148 151
14 129
23 159
122 204
83 233
3 18
78 240
32 125
23 54
31 244
46 198
122 199
150 170
160 170
95 118
60 224
41 60
72 132
95 235
13 128
92 208
45 182
47 229
69 86
38 58
127 168
11 61
147 199
93 194
148 174
46 151
169 179
151 158
134 140
79 197
198 245
77 219
53 146
78 213
42 237
100 151
111 234
129 223
198 247
24 185
179 203
4 128
96 211
8 114
1 121
8 123
19 134
230 235
127 146
87 234
98 120
58 221
246 168
97 179
118 223
165 229
64 105
123 167
163 178
30 235
249 222
5 141
117 166
58 104
69 144
93 180
133 173
82 92
64 78
47 162
59 163
77 108
91 128
50 130
44 116
200 240
25 230
5 80
73 197
78 157
63 89
79 88
88 92
164 228
30 201
19 232
4 103
145 227
152 183
120 145
95 102
88 219
232 248
15 150
100 116
32 103
51 237
53 117
161 169
27 189
19 166
11 103
164 246
22 120
99 121
62 128
154 227
104 222
249 2
3 10
30 238
18 223
26 70
188 206
5 154
87 237
78 170
81 228
124 206
109 197
69 166
238 249
60 155
34 96
17 164
9 73
33 85
45 89
7 220
129 147
175 198
19 79
86 216
85 179
66 193
54 82
2 81
58 235
22 24
63 163
33 211
193 207
209 234
165 224
103 213
84 152
140 166
10 122
85 90
36 59
19 108
136 181
57 81
127 189
195 204
90 220
69 159
32 135
197 219
77 147
246 63
198 205
59 242
38 207
93 167
81 224
77 182
62 144
41 96
133 143
119 169
232 237
55 201
79 92
74 155
6 136
49 53
86 230
67 168
131 226
36 168
180 194
67 237
84 148
19 222
166 228
111 115
165 247
39 97
44 87
24 73
202 209
152 231
19 236
120 133
14 243
226 245
23 61
130 136
159 249
24 211
248 67
96 169
66 74
124 187
165 166
78 193
248 60
124 159
91 124
81 145
66 217
156 197
44 163
43 118
27 53
72 156
81 249
199 214
0 193
63 112
33 190
1 107
123 135
45 247
51 165
1 168
23 207
43 187
34 79
204 221
0 174
71 227
132 186
144 216
44 198
96 230
104 174
121 241
124 139
185 214
6 10
213 230
44 196
60 105
33 41
31 175
129 137
124 145
61 118
248 74
136 153
149 218
106 153
91 248
16 120
55 162
76 119
249 43
121 151
194 196
29 237
62 116
6 36
32 227
81 87
53 131
158 208
158 171
110 200
93 143
210 234
12 56
128 194
46 201
66 243
91 247
249 19
126 223
89 172
85 237
43 80
28 40
91 122
17 114
77 99
14 209
24 71
55 212
26 166
181 232
62 201
118 192
0 229
53 228
45 99
53 217
145 235
230 242
20 238
165 230
222 236
89 97
92 202
191 204
148 175
77 238
44 195
172 227
96 167
76 97
125 248
146 215
83 128
103 159
100 117
23 168
53 224
208 232
193 243
8 157
45 167
48 57
211 243
64 83
189 237
106 192
114 191
202 221
53 64
174 238
112 175
33 119
0 82
30 108
161 182
34 131
13 73
109 168
92 154
25 198
76 241
147 175
221 226
77 136
61 112
46 218
131 174
55 118
247 64
7 205
36 183
127 246
176 212
27 113
6 61
7 31
145 241
135 213
103 151
140 184
106 149
25 144
9 236
21 71
24 205
49 215
59 230
50 137
191 245
174 185
183 224
76 120
41 142
47 213
20 165
46 63
51 240
120 228
30 103
119 208
102 240
73 132
111 160
5 83
4 196
85 149
249 174
146 226
47 168
41 80
59 184
246 35
150 167
47 185
168 218
110 152
44 97
98 196
6 228
104 125
81 95
26 205
68 230
64 175
128 185
21 207
134 180
127 178
180 227
112 205
132 217
143 233
171 215
126 166
95 126
84 181
90 179
212 223
1 191
51 195
131 138
44 62
190 232
89 90
89 152
8 44
24 133
247 224
15 237
71 108
82 192
150 164
22 173
140 174
196 224
70 189
2 90
37 63
130 159
188 233
69 246
198 242
58 142
150 227
74 156
156 180
139 192
151 239
53 92
4 8
134 236
53 62
189 199
118 186
42 218
77 175
136 155
44 135
47 67
249 188
57 98
31 62
24 116
4 236
73 96
135 151
27 143
9 47
82 194
0 150
237 241
5 52
46 142
246 222
123 152
137 207
74 92
54 137
51 242
70 126
30 224
40 124
17 31
21 146
36 52
140 175
50 149
78 155
151 248
47 174
55 87
161 249
144 184
202 205
10 61
182 222
116 159
126 238
9 152
125 189
9 140
137 237
219 236
8 48
22 63
249 196
68 94
129 245
53 83
44 94
133 164
19 99
66 148
103 200
22 187
11 116
21 223
126 143
148 198
32 86
40 222
1 2
150 166
162 225
247 107
63 146
93 118
53 147
165 239
120 161
30 43
81 151
80 242
125 170
247 192
107 126
177 224
48 102
60 107
50 105
104 151
40 232
81 206
209 235
19 33
45 239
28 157
116 170
88 106
175 191
84 199
130 134
5 138
101 216
96 143
136 243
155 214
187 201
80 206
134 173
24 245
49 119
39 163
32 92
0 214
140 228
232 247
223 224
75 157
175 208
60 139
45 75
5 220
160 231
72 110
46 171
8 28
108 119
81 214
40 123
137 149
85 203
105 133
176 204
39 78
67 171
11 54
164 232
47 68
37 155
183 211
96 159
14 34
104 152
119 191
7 62
13 102
137 142
60 76
163 203
43 44
124 221
36 148
194 226
21 106
126 245
50 88
101 138
14 178
145 203
134 193
246 123
135 204
140 234
8 37
19 81
150 178
38 231
141 164
18 228
37 95
3 140
57 185
49 114
8 196
148 168
60 96
15 36
15 209
99 246
162 167
79 128
125 153
29 86
32 173
0 235
67 71
5 85
6 66
104 123
46 183
193 198
70 116
98 174
79 161
6 143
29 137
1 86
7 22
100 206
200 244
130 219
227 242
66 127
127 235
75 130
20 203
126 220
80 143
38 247
92 166
162 186
109 186
96 131
145 196
116 136
81 139
1 130
48 200
137 175
197 229
70 208
10 60
8 176
56 80
96 231
81 93
83 137
12 182
85 213
63 127
37 180
86 116
203 244
162 232
27 209
48 123
215 218
173 206
181 224
229 235
124 144
75 198
192 224
82 204
81 92
27 147
151 228
134 227
78 181
138 191
20 185
53 197
180 190
125 181
111 217
22 43
10 120
81 169
18 57
56 161
108 214
65 205
9 139
112 238
101 219
81 170
125 199
53 77
2 226
21 75
149 230
42 238
22 147
49 174
18 233
76 134
125 168
29 177
19 30
68 112
24 196
6 110
189 233
227 239
68 199
52 183
1 94
113 201
58 122
36 128
12 14
109 148
22 30
47 150
194 209
30 136
202 208
18 54
124 196
111 180
18 48
128 141
71 129
64 152
9 185
4 232
119 128
41 150
80 229
87 158
0 166
9 201
20 25
19 160
116 130
154 208
51 214
133 243
134 146
55 164
51 189
143 166
6 240
178 202
73 230
29 92
67 100
24 156
161 233
57 210
113 153
1 73
247 114
13 70
139 237
157 224
91 233
55 223
47 130
20 60
8 235
116 206
18 71
144 183
105 197
15 106
154 158
28 131
42 114
95 240
31 235
138 162
46 167
164 187
59 160
15 166
77 144
24 84
42 177
125 164
3 36
75 83
52 158
14 212
25 157
94 184
26 43
37 204
32 72
80 215
177 242
94 169
7 38
15 164
2 70
52 95
50 92
73 200
161 176
41 217
29 119
244 245
159 176
10 144
66 221
1 149
155 162
12 164
243 247
60 186
128 205
48 227
75 119
182 225
71 119
191 224
54 198
31 49
61 159
165 183
89 130
141 178
118 220
82 178
249 140
9 16
10 162
25 39
10 17
248 127
248 225
107 242
39 102
40 107
205 219
0 39
9 142
246 56
29 53
172 211
249 167
50 72
24 138
71 111
247 226
130 152
22 181
132 189
85 219
29 73
4 163
144 196
94 221
221 241
35 127
5 7
109 161
43 113
66 129
137 155
39 231
44 206
64 149
151 205
102 135
199 219
26 42
62 178
74 93
175 187
6 39
18 65
160 171
93 102
27 204
172 216
18 56
3 183
56 236
71 170
91 206
46 101
6 134
171 203
132 145
54 76
134 159
247 124
62 196
72 151
221 230
83 211
132 214
205 234
138 229
36 93
28 119
34 80
160 167
96 232
52 148
23 49
192 207
39 72
152 172
60 123
66 175
27 65
8 124
76 171
62 82
127 191
42 228
171 172
117 233
38 64
71 180
29 223
58 238
18 155
72 139
76 191
34 105
12 175
181 184
16 112
40 174
53 234
103 249
53 198
191 200
166 185
54 108
37 190
22 229
117 131
41 133
82 190
40 172
79 236
17 58
46 215
47 112
8 145
96 223
8 170
86 108
16 129
138 230
77 244
106 143
84 184
77 180
171 176
165 221
5 38
90 111
37 165
57 92
141 237
66 67
161 172
101 136
26 164
48 230
50 108
65 218
86 208
132 171
36 155
15 147
13 222
3 45
17 177
177 218
62 232
43 116
97 113
39 219
190 205
206 242
67 208
91 162
56 174
175 230
113 203
61 180
247 125
1 141
110 114
121 210
68 167
68 173
97 194
45 154
155 207
12 33
79 110
102 178
102 232
109 147
90 142
50 112
89 135
142 242
33 230
105 204
186 248
17 236
246 143
39 76
16 53
20 170
246 149
78 237
112 207
14 66
185 207
180 186
47 233
51 163
117 248
113 120
93 184
38 164
43 56
174 217
144 171
4 100
141 176
203 228
179 181
247 211
38 205
68 89
116 148
60 95
32 127
59 166
68 171
34 84
86 87
114 222
59 171
147 183
197 213
4 209
56 223
112 235
25 212
49 151
17 97
19 174
152 239
58 147
22 195
247 140
205 244
54 157
147 239
121 159
12 222
68 144
2 15
165 169
50 164
246 19
64 127
172 207
139 220
22 91
163 189
24 111
73 234
84 225
14 95
12 213
110 131
24 98
39 109
35 184
35 146
18 246
61 206
97 229
90 173
45 130
118 161
68 237
99 196
13 43
87 239
40 79
166 230
34 184
70 225
28 237
30 230
54 226
48 221
4 92
54 103
49 146
13 247
160 234
0 196
36 225
201 234
58 135
94 185
56 95
84 201
78 185
16 195
208 226
36 129
9 18
97 210
18 245
69 142
52 131
13 249
60 151
17 89
43 147
66 214
7 190
97 184
3 68
2 36
173 210
20 243
123 159
61 233
41 145
3 236
91 190
194 201
29 65
161 223
136 143
119 180
80 118
187 245
212 235
103 171
38 229
198 209
54 112
18 214
127 236
20 118
19 109
50 111
5 43
49 134
40 117
41 55
21 73
11 132
19 124
74 242
83 185
166 211
16 82
125 194
45 155
83 135
5 56
13 136
193 245
148 241
48 133
43 234
40 129
138 173
73 148
146 244
121 158
84 230
12 105
198 233
158 245
123 145
54 203
67 187
55 99
47 75
40 83
