79 81
35 43
11 84
89 57
62 68
51 79
4 21
41 83
41 58
40 63
64 77
12 28
71 80
11 31
0 10
14 17
13 61
88 24
17 67
35 58
6 8
59 86
1 43
25 81
23 39
20 67
40 74
59 85
21 34
18 51
4 60
10 21
56 72
1 27
23 64
20 58
25 48
83 89
34 35
11 73
17 59
14 64
29 50
8 38
37 82
15 70
45 64
13 84
11 86
88 45
18 59
60 70
56 80
88 5
25 75
0 82
25 55
34 68
45 51
15 36
21 62
8 67
15 53
17 83
59 73
20 85
25 83
0 66
14 26
36 42
18 42
30 82
52 56
45 84
19 70
55 62
29 57
5 79
6 21
16 23
20 32
0 6
44 46
43 64
32 86
33 76
9 45
25 45
21 47
31 87
49 67
10 13
69 89
20 54
8 54
31 44
15 75
21 58
42 61
49 76
11 53
43 55
22 28
11 70
30 31
3 19
47 82
15 83
61 72
26 39
10 74
45 72
46 72
6 34
8 55
1 36
53 82
5 81
87 89
1 51
30 49
16 61
6 65
23 48
7 49
62 84
6 12
12 51
22 46
10 63
49 55
51 83
14 70
65 76
36 56
13 57
12 40
12 14
7 58
62 74
21 27
11 18
63 83
13 28
30 69
51 77
69 78
15 71
88 47
37 86
38 87
30 48
13 55
18 31
27 31
24 26
56 88
30 41
22 44
89 56
89 17
38 39
8 13
31 49
18 72
57 87
88 51
27 45
64 68
37 84
21 67
11 77
42 65
15 26
38 89
15 58
35 84
24 70
43 69
39 55
19 54
81 85
20 51
47 63
2 57
23 30
24 53
24 44
2 20
2 68
60 73
46 59
26 80
4 37
89 64
8 74
19 78
51 70
24 72
54 55
28 37
19 23
3 14
3 20
75 84
0 74
13 87
20 35
13 37
12 42
9 88
58 67
2 34
64 78
17 34
2 88
42 63
17 23
7 80
20 33
3 13
70 89
57 72
15 40
2 52
17 61
10 89
53 76
49 81
36 78
31 62
25 64
80 86
13 78
15 18
17 49
51 72
22 62
72 83
75 88
0 80
31 61
89 62
22 43
20 21
34 50
45 67
31 56
23 74
50 60
35 67
41 85
19 30
18 68
6 58
30 35
8 44
27 73
72 74
2 16
66 70
19 61
16 64
62 70
53 88
17 72
29 39
26 45
23 76
1 50
47 64
10 56
43 63
28 82
14 87
34 44
5 50
16 49
63 76
22 86
10 53
26 82
67 86
10 86
9 33
27 38
14 44
12 24
64 86
53 89
19 74
7 32
2 61
54 84
49 70
72 86
16 22
7 16
32 76
19 24
32 79
16 51
35 38
47 89
64 69
31 83
65 80
39 71
63 66
57 58
5 42
26 43
74 88
83 88
4 27
26 66
1 60
60 68
22 54
30 51
28 41
9 39
5 12
18 71
13 83
27 53
50 70
49 86
25 66
53 61
88 13
7 40
11 33
51 61
67 70
31 71
22 87
33 86
33 44
18 60
66 69
44 81
41 42
10 42
7 84
16 40
62 73
12 65
46 78
4 81
46 69
42 68
1 76
12 87
37 78
15 46
46 84
88 73
0 11
8 61
88 80
75 78
77 83
22 56
47 84
31 82
51 66
38 53
42 83
10 20
12 62
15 45
20 65
17 79
18 61
10 46
28 67
12 34
35 44
11 79
13 48
89 2
0 41
59 67
89 26
41 84
56 70
26 56
26 69
11 57
18 24
29 35
4 85
16 66
39 80
9 36
2 21
47 55
13 64
11 52
58 61
20 68
16 79
54 57
25 78
31 43
17 50
34 67
38 51
37 80
50 77
46 76
64 71
5 73
17 22
4 68
6 57
59 80
24 73
21 45
38 82
0 75
20 34
15 86
46 66
65 83
10 75
6 52
1 65
33 43
22 70
22 33
32 48
89 32
9 24
73 76
69 70
61 63
27 33
33 62
54 56
2 82
0 78
11 88
9 55
54 82
11 14
23 85
8 75
88 28
0 81
15 43
54 69
40 86
19 84
75 79
49 58
76 89
19 21
63 85
67 89
21 88
18 56
14 27
21 36
0 61
56 73
16 59
2 42
0 43
8 29
33 79
52 62
14 48
25 77
7 57
29 64
15 57
88 78
25 72
47 78
56 71
2 56
16 56
88 36
31 37
5 64
13 14
63 75
42 67
25 49
16 71
2 60
26 36
1 9
6 84
21 59
62 64
20 86
18 34
70 80
27 63
19 37
63 68
7 88
7 65
14 51
26 86
88 60
12 57
12 79
61 73
23 69
89 86
48 57
54 81
27 39
31 75
12 63
19 58
24 84
1 8
14 31
45 79
66 67
34 78
55 81
23 66
24 87
89 61
47 79
78 81
14 49
21 86
20 52
39 82
8 65
14 15
28 89
34 59
65 81
88 15
23 58
35 46
89 1
31 78
65 86
0 1
10 14
3 54
46 68
9 13
10 82
7 13
5 62
21 52
11 78
59 76
65 79
78 86
55 68
19 35
73 82
19 26
89 16
8 11
50 53
53 64
30 42
9 30
3 61
40 77
63 84
88 31
53 87
10 73
18 45
54 75
20 76
10 54
50 80
45 58
7 20
25 76
22 48
22 66
43 87
46 87
17 40
11 28
7 43
33 77
4 77
53 78
32 82
63 78
19 87
30 86
35 56
36 75
33 85
6 40
5 49
8 30
12 50
42 84
22 61
34 70
10 36
31 53
54 70
33 70
63 82
28 62
6 62
31 55
0 60
6 23
3 73
41 56
43 50
8 52
44 83
20 66
44 67
48 80
20 31
89 42
25 34
54 64
67 69
46 86
3 42
61 82
18 50
29 72
10 30
11 23
7 81
30 46
10 66
0 69
82 84
4 12
20 28
20 36
39 57
28 50
0 29
13 86
23 52
69 83
50 52
28 54
7 78
19 41
14 28
70 83
14 23
70 88
59 69
45 49
34 84
2 66
11 64
47 77
4 72
17 74
13 26
19 64
19 33
21 75
13 70
20 88
33 48
7 60
22 88
70 81
10 48
80 87
2 70
25 65
46 63
39 70
43 88
6 46
88 19
56 57
33 88
51 78
28 73
48 51
28 53
44 72
89 40
11 67
13 18
9 86
88 44
14 73
14 71
41 67
19 80
71 73
37 89
42 57
38 84
60 86
3 65
1 86
31 42
3 76
13 33
16 69
65 82
17 80
89 33
88 86
38 86
15 39
53 55
32 87
2 84
16 80
44 79
21 68
9 63
24 34
6 32
19 31
10 43
15 31
35 41
2 14
48 76
88 57
2 28
25 32
77 88
5 30
24 67
44 87
33 71
13 49
44 52
5 22
4 29
33 46
33 82
54 67
3 72
39 87
77 81
9 41
67 88
5 80
9 62
15 65
49 56
67 87
4 53
31 66
29 53
21 41
69 88
12 52
74 77
27 87
42 78
48 79
19 44
0 3
3 82
46 47
10 71
42 69
3 31
12 84
23 45
32 88
38 46
58 79
38 72
27 32
54 63
32 71
41 86
32 33
0 20
70 74
22 52
88 34
60 87
17 18
14 83
31 46
33 80
0 32
17 64
58 83
13 85
20 42
59 72
14 18
62 69
16 54
88 37
52 78
35 81
76 78
14 72
43 46
23 89
5 9
51 73
88 14
33 67
47 65
88 87
43 51
89 52
40 49
3 86
27 62
12 16
9 17
6 86
10 80
35 87
24 48
39 48
21 26
3 4
88 49
52 53
36 84
11 34
11 21
8 22
13 47
55 80
26 35
28 52
37 58
89 60
41 43
49 77
4 14
5 89
13 31
59 60
88 72
35 88
38 59
71 79
40 47
14 53
18 44
2 59
12 74
56 59
45 53
35 61
