22 33
2 24
16 34
4 9
24 26
5 9
22 26
2 3
14 37
0 28
9 24
11 29
33 35
11 27
7 17
38 19
26 33
20 38
0 20
4 39
5 26
24 33
19 22
22 28
33 39
35 36
0 9
21 38
14 29
20 30
7 25
20 32
20 27
20 23
33 38
13 25
2 15
38 16
8 29
18 25
5 29
27 37
5 35
1 34
0 7
35 37
34 39
2 9
15 26
20 34
3 11
15 17
14 23
9 37
0 34
39 35
27 28
29 35
39 32
17 35
6 27
16 31
12 35
17 23
3 6
9 29
39 0
8 23
5 33
3 38
39 9
39 22
21 30
23 29
14 35
8 32
1 7
9 12
10 20
10 19
38 34
29 38
29 31
26 36
14 39
17 22
2 30
14 22
4 36
11 26
3 26
20 21
4 24
8 33
5 14
39 14
11 22
16 18
39 4
12 30
38 7
15 21
3 22
2 18
30 31
21 35
9 25
0 17
6 35
19 36
20 31
15 33
38 9
38 14
5 12
39 30
4 38
13 23
5 31
23 37
10 16
17 21
13 21
15 22
15 34
5 23
10 28
38 11
18 29
20 39
1 22
8 31
16 32
3 28
5 18
4 34
6 24
22 24
15 39
5 10
14 16
10 11
12 20
21 27
28 31
14 33
28 33
3 4
0 14
28 30
38 31
20 26
6 15
11 17
23 35
18 32
9 19
9 32
39 28
3 20
2 22
6 23
18 33
26 35
10 37
8 26
16 20
22 23
11 14
0 24
0 33
26 29
0 25
20 22
3 14
1 2
