5 18
17 34
66 11
40 44
12 59
10 43
0 62
0 66
23 47
69 44
63 18
9 13
63 53
10 26
65 63
31 66
26 43
2 24
67 46
32 39
68 38
21 32
10 32
42 65
29 37
43 44
12 14
3 64
25 34
66 34
64 6
65 27
15 45
7 47
8 40
63 68
63 55
4 23
14 41
30 58
18 46
30 46
38 39
41 43
23 43
27 67
69 50
12 37
34 58
37 59
5 48
3 58
16 58
34 69
4 43
10 62
66 61
47 59
20 34
58 59
32 60
16 27
1 8
45 51
33 63
31 65
19 29
0 26
5 55
30 51
63 57
50 68
11 46
30 53
12 18
7 57
0 52
36 55
41 42
49 67
3 39
63 1
7 30
3 37
0 7
24 32
39 43
18 60
12 33
62 24
35 65
52 61
16 25
7 16
39 40
31 59
62 21
16 63
2 45
6 35
63 37
26 49
1 62
40 46
13 62
34 43
24 35
48 67
69 26
6 44
57 59
36 48
63 13
13 50
21 48
11 64
39 61
5 63
64 14
2 37
68 3
61 63
23 28
61 68
67 0
64 69
68 27
29 56
3 23
11 39
30 61
54 56
33 52
30 57
18 64
