33 226
25 190
6 215
230 231
111 131
20 71
133 165
200 227
245 49
169 174
225 228
44 68
235 33
59 197
157 196
35 53
7 123
62 200
68 74
157 204
19 150
161 212
44 200
46 79
180 198
66 223
113 209
44 105
159 212
132 146
8 37
127 151
57 216
37 132
237 169
68 135
23 57
121 214
17 112
132 238
12 52
29 31
18 75
109 129
111 147
146 217
3 64
14 57
79 91
32 202
106 152
124 206
56 192
98 144
86 141
105 248
236 183
235 213
26 237
43 53
23 82
9 58
119 188
154 227
5 189
22 205
130 201
238 220
201 228
34 50
2 202
160 170
51 232
41 222
124 241
234 34
20 30
5 72
94 102
244 202
165 203
71 233
84 212
120 211
115 125
249 187
114 153
107 178
1 189
149 160
70 111
118 126
232 39
141 145
111 139
138 184
239 51
127 182
4 175
154 219
91 246
145 150
214 228
43 139
59 95
60 229
68 241
138 171
177 179
51 146
62 66
39 142
39 217
37 185
58 200
247 219
146 188
245 175
61 225
177 241
50 123
44 124
235 104
49 204
83 98
43 212
42 170
39 49
101 110
40 163
11 81
190 194
67 101
33 157
110 207
74 162
104 107
184 220
136 167
42 159
61 136
21 123
31 84
84 133
235 218
11 198
20 210
31 145
76 244
62 161
136 180
245 162
155 201
38 244
140 164
35 243
76 110
126 137
22 170
62 91
107 179
21 132
0 14
130 198
72 156
95 127
5 75
236 74
164 188
165 170
66 112
10 160
108 140
167 217
111 223
34 188
19 111
91 94
144 147
240 187
52 73
75 126
80 127
103 110
85 208
53 183
150 225
232 234
9 239
6 80
9 27
35 78
143 163
70 189
167 240
124 220
118 134
233 223
98 169
145 191
157 170
248 238
25 50
150 226
29 197
150 204
51 245
129 238
3 135
59 189
113 147
139 202
58 138
11 136
74 107
121 181
19 175
10 29
31 93
27 71
191 193
10 117
16 217
72 92
246 83
14 90
6 160
235 225
173 249
236 66
31 233
49 61
246 55
37 128
238 147
237 196
95 128
247 98
27 174
233 137
25 94
0 68
126 150
187 208
68 174
227 240
60 105
248 123
133 166
24 228
12 234
59 193
0 77
82 124
29 152
60 195
68 138
30 216
242 54
13 224
24 227
34 229
108 174
67 163
43 244
154 160
105 135
18 122
232 202
79 212
104 172
162 179
101 195
240 53
147 240
115 167
240 203
34 60
71 147
80 96
40 220
42 107
111 114
87 176
93 123
169 194
41 240
77 230
49 142
152 171
126 210
107 146
234 100
37 244
82 167
242 107
22 156
88 189
10 195
43 224
99 211
30 180
49 154
132 136
31 83
23 170
184 238
120 186
51 53
89 218
27 130
183 185
33 218
112 144
241 125
136 232
79 112
171 224
231 73
234 2
29 235
55 61
52 112
237 4
242 167
111 166
57 134
1 153
235 133
68 237
13 16
11 181
247 205
66 149
121 206
4 163
7 231
4 160
210 220
106 139
97 106
236 150
117 209
14 196
180 213
142 246
234 168
232 29
100 168
72 199
111 227
243 81
44 216
229 243
82 220
241 76
58 123
18 121
94 197
42 68
102 158
51 215
61 216
66 222
18 175
57 215
71 166
186 221
9 156
105 196
108 218
155 235
83 188
13 166
124 181
17 156
50 107
8 157
93 96
28 122
62 158
242 225
71 228
109 157
3 62
38 108
87 94
19 215
5 241
194 244
116 229
68 116
98 228
234 53
78 194
116 206
104 156
157 221
125 230
71 165
88 166
16 188
240 87
242 228
50 198
77 222
145 161
243 92
1 203
245 16
122 184
240 32
17 240
129 219
95 228
110 166
107 239
193 229
38 155
140 177
77 163
161 239
177 236
89 107
149 231
247 170
150 191
13 227
24 159
171 195
244 95
18 217
81 133
14 127
104 133
137 140
30 153
235 138
12 171
12 228
141 239
8 51
35 76
65 80
240 82
133 221
120 189
232 154
230 176
240 4
60 93
30 138
95 139
22 79
17 142
131 193
43 157
166 239
106 199
58 74
47 195
14 238
167 234
31 118
25 153
90 223
232 128
162 231
68 134
111 156
71 78
153 173
53 72
44 146
19 208
237 186
10 98
171 173
50 143
111 203
79 175
45 109
22 195
138 209
29 195
219 237
53 99
141 195
13 186
75 130
4 134
234 235
36 197
49 244
157 238
135 161
54 94
230 23
246 104
22 187
234 93
69 131
230 109
85 125
74 118
142 216
90 237
85 215
48 72
239 170
17 163
146 208
59 164
20 174
230 59
236 172
126 148
35 129
152 189
72 213
52 234
246 226
13 32
188 238
245 182
74 184
234 92
2 246
106 161
48 120
10 141
9 105
245 39
233 152
126 244
93 126
33 34
25 31
79 223
238 90
83 148
149 210
17 206
18 180
41 165
50 115
41 52
98 196
246 174
62 152
65 197
237 226
28 61
41 59
72 230
46 98
82 175
45 88
248 147
103 222
98 216
19 122
236 206
242 140
132 237
11 20
19 222
197 212
41 79
108 169
145 202
81 249
49 97
45 196
37 106
80 186
69 197
207 237
49 184
241 83
168 181
13 124
143 200
75 94
7 249
152 167
90 105
103 176
22 133
149 211
219 231
29 213
25 170
162 246
54 59
231 16
12 242
158 164
12 119
4 219
16 75
67 77
5 9
192 234
114 186
182 201
55 106
11 133
47 122
107 200
248 16
216 236
177 201
41 220
231 211
133 237
14 69
187 207
239 90
23 95
27 219
130 230
102 213
206 224
169 245
55 95
38 217
4 104
36 69
9 99
207 218
242 152
20 237
1 140
48 233
33 63
82 97
239 225
66 193
16 198
164 223
90 172
171 233
7 222
45 183
236 207
235 136
60 180
67 139
39 89
28 121
64 138
103 247
141 172
76 233
4 174
116 144
25 241
241 28
109 133
104 184
44 169
24 38
0 73
55 151
5 114
68 105
208 222
87 249
52 192
39 66
160 198
85 144
141 181
191 225
37 56
19 55
96 101
33 211
237 69
17 106
73 185
65 85
14 159
34 203
16 161
82 182
232 72
146 150
13 108
101 221
134 184
8 146
65 148
235 134
37 173
180 194
60 238
148 162
75 128
89 154
140 187
10 238
84 101
2 188
213 229
167 218
49 144
108 191
138 244
220 224
22 199
236 30
149 176
42 191
104 161
54 115
214 233
62 176
137 229
28 79
232 207
8 79
74 145
158 183
77 119
76 143
13 191
154 217
69 217
146 174
10 28
133 232
15 90
144 168
230 115
62 136
215 242
226 242
164 180
244 176
103 173
86 201
40 57
41 86
49 167
16 112
13 237
62 234
48 92
248 205
137 159
236 226
108 244
198 203
89 93
157 159
75 211
163 197
71 210
49 103
63 196
15 36
117 214
249 53
101 103
31 39
57 115
111 148
121 140
80 198
2 133
239 189
239 150
127 226
241 90
145 163
243 31
47 131
71 127
32 54
244 127
15 236
48 186
223 228
88 103
3 232
65 72
14 96
13 146
7 30
81 88
200 234
118 204
118 249
149 240
0 56
5 196
74 222
19 26
243 174
102 151
199 239
143 234
220 225
74 132
119 216
240 225
79 227
26 53
87 174
117 141
187 215
147 166
112 225
106 167
168 186
230 86
168 198
56 191
168 236
246 32
63 93
37 242
47 221
108 110
148 236
98 173
61 135
16 94
24 54
164 218
3 240
51 195
7 124
230 177
112 243
54 150
85 226
23 178
86 142
199 228
77 245
30 213
231 50
199 206
33 190
235 206
13 113
60 151
32 206
150 249
56 134
35 184
24 247
157 224
11 70
4 228
231 206
52 79
26 75
241 164
111 192
38 75
248 200
1 114
46 184
230 28
44 45
207 219
14 140
94 136
33 77
106 166
108 242
1 179
235 94
86 175
242 88
117 186
129 218
145 175
84 205
7 229
22 224
22 148
38 82
7 169
62 73
232 194
86 121
145 168
60 190
35 92
65 141
107 196
91 163
78 176
79 81
61 142
2 74
19 101
8 229
59 178
75 148
83 249
243 91
63 234
27 188
22 32
240 125
104 230
3 28
239 179
175 215
142 171
100 220
62 102
121 162
164 192
11 156
18 101
95 109
108 155
80 181
0 3
39 72
146 187
104 215
120 229
76 159
209 222
237 220
61 166
11 244
66 243
88 220
32 101
189 234
103 155
170 241
9 241
18 162
111 219
101 211
141 197
247 87
53 63
51 150
52 189
121 209
103 197
71 91
237 115
236 14
79 226
67 218
78 185
88 164
6 54
21 127
237 157
70 145
78 116
27 114
135 226
19 65
173 219
105 119
76 104
80 179
245 54
107 157
122 231
188 240
71 77
43 147
249 235
16 212
213 234
242 86
18 127
62 163
230 142
14 249
232 85
100 175
62 182
165 217
47 218
8 205
187 248
34 209
51 161
191 247
50 221
150 248
51 99
62 104
90 242
155 183
71 236
48 160
224 225
102 197
248 71
164 175
39 50
70 159
38 127
106 148
91 169
44 134
9 57
144 158
172 238
103 114
18 117
12 13
74 127
35 125
10 167
48 101
247 59
141 242
15 40
168 232
230 169
18 24
40 187
64 97
67 98
87 234
92 238
239 6
30 68
14 78
154 216
233 196
86 112
240 207
32 139
27 96
247 143
212 226
13 51
100 138
200 215
97 219
190 205
51 106
44 214
84 217
166 232
32 110
130 246
27 143
242 229
55 227
216 232
6 59
243 223
232 73
30 184
238 2
24 235
74 199
12 161
98 203
166 185
28 182
86 196
227 228
73 116
48 169
221 225
174 193
11 33
71 223
167 173
31 194
234 50
48 167
237 76
22 73
16 86
164 184
103 223
163 226
153 218
122 124
153 157
103 215
248 70
65 156
16 135
17 242
139 184
139 162
24 91
1 181
186 216
156 208
111 160
245 215
150 208
247 0
49 175
77 117
42 120
63 99
161 176
28 206
237 147
245 58
123 189
64 152
57 77
53 134
30 201
35 48
129 159
18 81
69 239
242 79
69 202
5 144
50 81
111 154
155 163
175 179
17 24
89 125
245 129
51 56
130 214
240 169
235 195
108 152
16 48
158 231
244 236
126 219
17 196
163 181
44 217
233 225
31 32
36 110
123 144
165 166
185 231
53 179
27 38
127 235
4 177
232 59
102 113
223 225
36 99
158 242
205 238
79 208
247 41
230 67
53 160
246 161
40 102
109 112
47 158
101 194
148 212
46 121
61 247
22 114
141 161
111 171
101 151
28 174
81 195
203 215
176 236
143 196
31 44
100 189
28 146
164 202
123 165
93 102
182 221
188 226
210 217
90 214
137 225
52 129
20 94
29 111
56 150
234 221
108 228
130 139
123 185
246 193
76 131
59 218
109 228
232 192
63 174
201 209
19 178
159 230
73 178
2 111
136 190
11 122
5 61
58 244
0 235
17 175
187 209
54 55
66 144
52 99
15 221
0 194
70 215
142 208
89 211
118 150
33 140
60 143
105 114
32 65
79 211
84 180
11 73
29 53
53 123
66 73
152 183
20 168
0 44
87 111
192 244
80 101
246 146
18 139
152 210
14 168
188 230
6 247
1 52
40 200
33 219
126 248
145 197
176 192
214 218
144 151
87 242
57 198
157 194
8 169
32 97
190 231
20 91
241 130
132 157
137 202
41 227
93 216
6 40
10 37
28 85
206 220
33 66
175 204
2 211
242 117
235 190
120 195
2 4
72 138
15 225
34 37
237 92
134 218
114 144
232 1
92 166
69 138
52 240
49 133
0 76
96 166
41 198
84 118
122 153
10 99
238 159
53 200
111 232
23 88
41 115
4 182
170 217
7 168
40 47
74 227
99 234
187 211
102 169
109 209
44 191
37 247
111 113
10 82
108 231
39 181
105 152
148 242
18 37
248 64
178 179
165 169
25 173
41 171
73 125
240 202
148 178
161 220
247 169
34 169
240 92
237 31
178 190
230 16
240 23
133 151
51 248
47 87
75 228
77 142
42 202
104 183
51 169
154 229
61 104
14 162
19 162
63 205
16 103
9 190
42 85
11 195
53 83
188 197
13 223
149 185
12 111
248 96
248 8
71 128
1 165
21 226
208 232
11 157
57 91
194 222
72 190
2 93
0 50
125 219
150 205
36 240
6 99
88 160
42 145
54 87
197 239
61 69
24 143
231 117
31 224
123 174
22 125
14 160
226 241
230 12
46 109
57 157
187 228
11 85
77 248
57 154
42 49
123 177
8 148
118 241
105 223
16 35
195 224
32 150
233 24
83 91
113 132
134 246
137 205
244 188
6 117
235 60
26 211
127 246
73 230
19 196
51 134
233 56
56 140
97 245
197 233
125 199
7 47
94 232
233 128
243 233
143 144
248 154
100 211
149 222
103 238
110 182
116 186
2 45
233 131
61 66
54 243
75 198
66 100
41 221
23 207
139 241
119 228
151 172
15 67
5 99
27 66
143 155
80 183
76 134
49 206
154 157
134 247
213 217
38 201
157 247
43 145
182 246
114 138
21 177
7 158
95 103
153 165
60 174
9 66
98 163
55 245
36 242
207 208
225 243
61 210
32 49
157 206
125 127
131 248
35 166
44 96
230 111
42 206
56 174
190 227
209 233
76 147
171 230
187 214
118 209
112 197
110 127
24 111
85 218
140 191
152 177
81 124
168 195
59 60
137 160
2 217
130 173
5 91
81 210
84 89
216 223
133 140
65 120
179 208
73 160
44 245
192 210
58 243
11 114
18 226
190 193
8 186
89 130
83 208
33 120
104 242
172 183
7 197
144 167
177 196
33 125
71 81
137 175
238 183
170 189
2 29
23 144
234 215
132 170
109 168
109 226
51 141
43 246
185 234
244 34
108 116
3 120
45 73
32 108
39 225
42 141
17 183
60 152
17 84
248 175
12 154
30 92
151 221
246 80
18 174
202 208
118 163
244 35
25 81
37 137
35 61
52 98
31 170
237 85
23 190
37 47
131 208
82 232
3 102
143 208
147 201
64 216
172 225
85 188
61 215
202 231
19 121
18 230
15 111
116 243
45 63
129 176
42 236
42 89
10 145
4 229
236 187
22 202
80 109
4 76
20 247
62 194
246 206
174 237
133 225
3 60
90 218
24 87
2 113
249 205
86 101
234 135
246 221
114 230
8 145
67 106
14 199
163 221
249 138
17 111
19 107
88 127
103 139
59 141
48 227
125 183
247 151
36 80
31 33
126 128
57 236
136 181
147 249
12 249
152 244
245 75
71 86
48 108
74 219
22 130
72 134
18 79
81 89
165 237
33 102
157 169
0 138
24 47
134 174
85 120
108 168
35 221
9 231
13 123
46 48
60 94
182 191
44 117
168 170
64 238
52 95
35 45
183 193
247 186
27 147
68 175
249 58
14 182
58 201
154 168
68 159
88 110
86 147
6 75
1 46
201 206
71 92
101 160
46 156
126 222
146 197
54 213
38 167
119 226
176 216
109 176
24 92
69 195
45 213
148 166
75 85
107 218
34 145
33 64
96 135
233 88
199 227
84 215
236 237
95 217
48 51
45 118
51 181
76 153
81 227
121 216
0 177
80 145
232 124
20 102
82 190
6 145
120 218
183 192
4 50
119 224
32 235
139 214
36 43
96 191
114 143
26 177
231 31
75 153
247 39
4 118
133 161
188 232
24 67
231 145
26 56
156 185
248 189
246 175
147 222
52 145
26 79
87 133
16 232
133 144
233 99
0 220
49 116
41 158
47 91
122 223
41 102
167 183
130 245
6 180
10 168
76 171
95 108
78 164
69 174
32 229
63 95
21 141
24 145
107 162
175 180
143 219
241 107
69 110
13 165
75 186
53 203
44 188
53 211
16 20
228 245
15 53
