71 122
1 100
11 13
13 136
138 25
19 96
18 107
21 97
71 90
121 132
38 126
13 18
65 95
48 131
2 101
116 138
16 103
6 35
68 104
20 65
53 72
3 110
78 111
87 103
72 111
23 74
103 109
58 108
136 114
37 86
36 76
92 125
31 64
52 136
138 111
24 87
2 115
9 67
8 49
42 114
44 127
83 128
47 70
14 87
33 128
1 93
63 95
136 107
16 100
28 78
84 93
32 43
76 104
30 63
74 120
1 5
104 121
42 110
58 70
25 106
96 134
28 62
1 63
43 123
50 91
56 110
54 68
25 43
91 123
11 120
86 117
138 11
13 15
48 110
139 98
28 98
8 80
137 1
71 87
36 58
137 34
116 120
76 136
91 108
43 56
19 57
6 40
33 37
7 30
62 80
21 43
17 118
63 117
139 106
49 123
89 123
37 118
19 44
32 66
85 100
60 138
20 134
44 108
38 131
15 45
6 123
103 121
7 54
92 135
51 99
71 114
32 139
32 51
25 50
17 48
45 47
103 135
136 69
87 134
63 81
13 138
139 16
58 116
68 85
88 104
45 95
44 133
45 82
6 121
11 16
10 111
29 68
75 89
46 131
63 134
28 130
52 62
54 57
74 112
119 129
10 87
27 124
8 132
18 120
27 137
7 101
58 65
29 106
37 44
5 15
34 37
120 130
18 86
37 102
33 64
50 64
58 117
28 108
24 83
13 115
63 93
40 93
10 59
98 102
45 137
52 93
137 76
97 101
15 48
69 97
8 33
10 42
85 107
30 139
28 117
39 56
16 58
47 62
139 49
5 132
11 49
90 124
73 79
31 33
44 72
2 43
6 21
42 83
39 47
136 57
13 40
18 23
12 28
87 90
28 124
108 127
13 23
16 27
139 41
20 72
64 115
113 126
13 110
137 71
4 18
2 132
14 28
113 138
17 39
23 133
25 68
67 111
4 139
61 121
104 112
108 118
74 86
84 97
44 113
44 84
45 91
4 107
79 133
19 132
33 118
9 28
45 60
71 84
26 135
48 61
43 129
69 88
55 109
52 108
45 123
38 89
29 115
14 136
64 109
46 95
20 125
78 88
55 99
10 56
55 61
67 83
104 128
10 11
37 113
16 54
31 123
34 102
12 59
92 94
139 128
43 100
91 125
35 91
112 136
35 71
0 6
14 25
32 90
63 108
64 66
11 50
8 121
42 81
28 60
9 59
41 61
32 70
96 115
38 97
13 88
12 84
20 26
27 138
19 111
42 97
91 97
62 72
137 57
3 51
1 51
19 39
37 105
19 25
85 132
57 80
53 126
102 134
56 122
17 76
28 89
5 44
137 0
40 61
7 139
139 55
72 107
43 117
85 97
138 79
67 99
43 113
5 47
70 126
139 34
10 21
70 127
5 30
66 134
16 90
136 93
64 126
72 85
81 110
59 109
67 81
53 95
126 127
31 137
74 91
68 69
139 3
56 63
50 72
83 121
16 34
41 134
17 128
10 107
119 123
82 100
79 96
9 82
23 118
138 129
80 139
13 61
117 131
19 55
34 54
137 123
57 106
81 127
12 103
23 50
33 47
96 105
23 84
72 106
28 125
65 99
0 119
33 88
73 120
95 126
62 117
136 4
65 68
94 110
63 96
136 33
76 110
75 135
0 105
47 101
7 112
36 86
22 70
26 32
137 89
54 109
11 92
75 118
76 107
51 71
74 122
4 40
70 122
64 78
53 86
74 79
18 118
49 115
42 62
29 131
61 68
57 139
120 137
0 66
138 29
70 102
67 73
79 135
86 111
45 48
57 77
104 124
71 109
2 14
94 127
69 86
50 58
3 107
47 73
44 56
109 119
44 70
34 90
105 111
61 79
16 49
23 101
12 54
82 128
40 84
53 108
81 94
63 128
92 107
26 73
22 81
5 134
86 106
26 93
45 112
37 41
23 103
22 128
79 100
29 37
61 119
33 78
34 83
43 114
17 139
91 127
10 125
22 95
82 88
62 109
8 42
83 115
36 62
13 72
33 69
16 102
23 78
72 126
3 135
84 101
102 131
70 114
72 134
22 133
47 82
79 82
138 31
115 139
18 65
32 77
83 113
112 133
49 131
10 100
80 126
27 41
6 80
97 107
32 36
46 100
6 84
73 96
28 112
71 133
14 37
75 84
0 22
45 78
136 100
139 135
16 17
114 127
138 58
104 136
13 89
47 134
19 23
105 130
16 39
121 136
71 116
10 73
46 96
53 64
56 138
33 43
37 114
16 22
4 19
43 89
0 37
102 138
33 120
106 108
9 47
33 61
46 57
28 50
5 22
104 107
26 74
120 131
51 66
61 80
18 58
84 128
17 74
54 133
28 100
5 54
4 7
59 60
71 112
65 83
17 108
138 75
105 133
42 58
18 125
43 119
137 55
27 99
62 93
53 69
87 112
9 42
111 129
11 96
52 125
106 129
36 131
83 90
20 130
18 126
28 103
137 51
6 18
18 61
26 28
20 59
34 66
5 19
79 90
17 96
31 51
33 115
15 24
30 80
16 30
80 128
55 138
7 68
46 108
95 114
64 122
116 133
30 128
103 114
38 130
76 130
40 110
54 77
62 101
48 129
44 55
10 30
105 116
136 11
108 129
137 84
77 95
61 87
33 55
0 111
92 112
22 124
123 136
9 105
1 68
59 104
76 87
134 135
121 125
56 117
81 107
27 33
5 37
19 114
111 127
10 55
94 95
34 79
60 82
37 89
28 34
42 93
94 103
136 119
92 137
32 110
2 20
95 111
53 136
80 88
56 133
59 79
16 85
52 63
17 68
92 111
17 121
18 50
34 113
97 117
26 126
9 87
34 74
21 39
6 49
0 120
65 129
8 66
77 88
14 101
138 6
63 70
5 103
18 59
14 138
37 92
51 60
12 14
122 126
137 94
1 12
37 65
7 131
19 92
51 81
12 117
9 65
9 96
28 138
10 97
32 39
21 91
7 84
36 133
1 85
112 129
27 45
58 72
23 37
43 105
103 138
52 78
43 128
105 113
137 64
2 67
84 111
55 118
59 82
90 128
56 76
63 91
25 104
138 33
21 65
40 81
56 86
64 99
3 136
63 83
80 104
30 56
11 27
101 138
102 104
35 81
60 102
113 124
123 125
61 107
53 88
5 72
58 111
36 121
1 18
71 102
35 101
34 110
1 64
53 123
76 94
43 85
21 122
16 74
16 38
8 139
27 135
94 96
38 99
0 30
25 41
97 100
7 81
24 70
107 118
32 49
9 22
28 106
57 91
65 122
26 83
15 91
15 118
136 94
28 42
4 137
6 112
57 133
34 106
117 130
24 81
28 47
88 96
27 55
22 71
102 121
64 118
58 67
35 55
51 68
2 134
36 37
46 65
44 82
29 35
43 136
27 93
101 115
92 109
1 39
58 139
105 107
14 52
119 138
50 78
21 66
70 120
138 49
76 81
66 84
74 108
17 22
91 92
104 109
93 98
66 137
5 36
88 97
33 87
69 119
81 134
117 121
139 91
23 105
20 71
11 117
53 82
95 139
12 83
35 102
17 94
34 95
75 131
28 61
50 62
47 121
137 12
17 30
6 81
11 100
54 81
27 78
12 32
3 126
106 111
48 57
28 81
34 135
93 106
31 133
21 83
7 111
50 57
53 89
25 108
37 58
81 102
12 105
49 102
95 108
87 96
28 88
11 98
58 120
95 100
137 39
66 118
29 57
43 132
98 131
15 87
34 41
2 103
7 26
27 87
18 22
47 91
36 47
53 128
15 130
58 104
73 126
37 49
85 86
71 117
27 56
91 138
13 55
2 29
21 42
11 131
47 117
28 115
68 70
51 132
8 125
0 46
40 91
55 65
64 73
14 112
25 54
27 120
7 92
138 39
81 137
37 43
47 108
39 80
26 75
124 127
46 99
4 124
97 115
24 100
20 109
27 79
28 134
10 121
73 91
67 68
77 113
41 129
40 120
5 93
5 121
52 84
53 80
49 134
11 18
64 120
12 48
60 70
2 138
15 56
9 129
103 123
16 110
33 100
121 138
2 116
60 108
39 99
139 19
93 109
57 62
62 116
14 64
108 112
115 135
35 127
40 121
54 84
7 97
2 130
52 97
22 49
64 111
14 27
12 74
9 104
36 73
31 71
36 135
14 77
60 132
21 64
28 65
24 72
7 71
47 118
89 98
138 20
40 56
98 132
39 105
53 94
55 64
41 106
107 122
19 93
20 83
55 123
72 113
139 105
55 75
28 63
4 84
49 57
139 45
70 131
7 87
55 101
6 65
51 127
23 63
68 75
29 124
80 95
30 108
0 135
36 98
137 37
3 10
137 72
8 103
4 27
25 38
109 121
0 82
33 123
1 35
27 80
15 32
0 74
76 77
11 81
28 76
15 60
26 68
31 134
78 99
13 124
31 34
129 130
48 71
63 64
3 56
99 139
71 78
10 124
13 105
84 91
6 139
1 47
32 104
28 131
19 26
54 139
136 39
16 31
5 94
112 120
127 130
46 110
9 20
17 45
17 58
11 137
14 34
64 68
107 115
8 47
12 81
86 133
17 109
31 60
79 91
33 139
12 31
19 34
84 98
70 111
17 20
40 135
40 122
45 110
76 119
136 124
31 84
27 100
68 117
69 83
6 23
83 123
106 128
32 78
10 32
34 115
17 28
60 91
37 54
19 64
73 135
51 64
61 136
3 96
60 84
35 95
