38 74
3 88
10 34
66 109
33 124
92 114
13 118
9 61
10 58
20 121
7 24
38 136
5 98
8 123
45 121
44 100
11 29
16 83
67 74
9 86
19 117
47 65
35 75
43 117
63 136
107 128
28 75
95 132
53 64
48 129
48 131
62 120
28 61
76 118
8 27
20 132
8 132
12 49
50 110
1 12
6 133
29 88
11 38
49 74
121 129
16 18
30 82
50 51
78 85
23 109
9 99
15 52
42 102
6 116
0 90
34 130
73 122
84 90
46 135
62 119
129 133
3 81
16 52
105 108
87 97
88 103
23 123
11 107
18 115
79 100
23 128
88 96
23 118
87 106
20 41
138 132
25 43
11 70
73 76
30 138
66 96
84 112
43 71
94 131
51 79
55 57
30 105
28 53
3 33
3 44
9 108
50 62
64 113
118 127
40 122
31 35
1 117
29 79
36 69
116 130
83 92
2 38
36 115
66 78
77 101
65 71
35 115
24 42
61 129
62 71
63 74
66 70
30 100
11 27
45 112
16 56
92 96
121 134
63 122
33 68
27 59
30 86
35 130
60 135
59 132
98 102
138 58
38 139
138 81
68 118
7 117
84 129
5 87
38 94
22 26
20 42
69 133
6 43
90 107
33 35
4 27
13 122
23 37
84 106
22 34
111 126
12 82
65 74
6 57
62 75
95 99
32 101
51 89
44 82
66 69
70 89
29 53
19 96
16 24
35 42
105 127
26 54
29 72
10 48
30 38
11 97
2 94
96 106
64 65
114 136
36 128
34 83
2 110
20 38
119 135
68 96
86 128
30 66
80 128
57 72
1 135
6 96
93 108
103 133
87 139
58 72
61 76
22 71
28 134
138 70
90 102
10 56
70 86
36 91
18 138
54 94
2 128
49 65
66 102
13 99
100 123
58 129
75 121
139 102
59 95
10 121
3 75
54 59
9 114
44 74
64 118
109 123
49 121
139 79
6 40
47 128
0 11
93 127
38 132
75 81
14 80
73 129
95 115
3 78
9 90
35 45
53 58
69 83
12 21
48 85
12 70
14 124
1 59
12 117
80 89
129 134
23 28
10 125
56 107
67 89
38 90
20 62
32 120
11 110
33 120
139 70
10 70
2 25
66 107
45 111
13 43
29 97
91 111
5 6
139 57
69 115
62 98
139 99
24 102
30 46
112 120
58 107
40 123
27 94
19 134
46 73
37 103
34 71
95 110
18 117
36 89
75 102
84 122
49 86
87 109
46 100
24 71
27 123
35 79
78 109
84 85
97 135
49 68
61 72
17 50
2 114
22 119
9 101
138 22
49 70
20 135
74 125
20 139
18 99
61 69
41 84
31 111
69 128
26 89
21 60
64 139
37 138
12 119
69 90
74 106
22 131
85 95
39 126
76 95
13 30
78 132
14 56
26 124
12 24
39 67
35 118
70 93
43 51
36 92
81 82
72 92
32 82
69 114
24 69
46 92
125 127
10 75
31 79
9 94
98 139
70 118
73 131
34 131
42 137
45 107
39 107
91 124
84 98
77 82
81 96
51 60
123 136
13 18
20 40
133 135
3 135
72 104
80 116
20 63
25 29
49 96
138 129
54 138
21 134
7 93
86 126
28 57
78 84
27 118
3 8
29 60
84 109
28 102
12 69
138 21
27 40
69 84
30 74
113 132
91 107
66 113
7 113
60 75
16 109
67 87
95 131
53 81
115 123
3 45
70 133
43 69
76 100
77 139
23 108
9 65
17 127
15 24
68 104
38 45
73 78
22 112
82 101
72 133
15 71
3 28
59 120
65 82
34 54
22 61
44 77
64 109
46 103
11 49
62 89
62 121
52 85
15 88
138 32
10 116
36 68
7 43
91 129
138 57
11 92
28 92
50 75
32 117
8 50
55 139
87 89
40 75
139 24
16 130
4 67
38 88
32 91
19 91
46 128
30 62
10 72
82 124
9 112
1 90
8 25
43 53
1 126
34 69
37 128
126 139
55 89
43 77
42 138
69 137
58 73
9 70
22 89
40 88
138 13
95 104
6 98
52 120
42 60
69 117
35 65
81 113
61 80
79 126
74 123
29 58
1 25
139 118
138 53
26 110
138 94
117 136
11 90
65 69
17 48
90 106
128 138
18 37
36 116
63 64
10 129
0 96
53 126
27 135
52 81
93 94
62 135
61 83
44 92
36 75
11 122
85 120
52 127
31 100
44 66
96 100
13 126
26 121
18 130
4 78
0 50
10 55
27 45
31 36
25 38
22 38
17 108
90 95
24 58
23 39
11 68
57 95
124 135
5 134
57 99
23 60
84 130
29 38
6 12
31 138
5 108
76 92
76 120
59 109
46 114
5 88
65 99
30 59
72 113
6 79
139 101
14 60
74 80
9 34
6 83
48 71
55 109
11 94
59 69
89 109
17 107
27 44
107 126
24 83
9 80
38 43
102 131
84 95
78 135
59 72
14 101
41 136
6 69
42 114
17 95
99 129
23 136
49 99
102 106
4 120
35 77
108 135
29 86
89 118
16 46
3 35
139 15
87 121
80 106
90 103
51 136
46 55
46 126
49 109
82 94
68 137
61 79
21 31
51 66
4 73
25 133
37 90
139 46
61 131
64 126
8 23
37 68
37 58
60 88
53 136
81 95
70 82
7 123
74 90
87 131
58 78
100 122
52 56
67 99
29 63
30 85
56 92
62 132
139 91
44 109
36 78
54 102
47 122
18 65
18 32
28 65
108 114
83 104
9 91
0 17
17 126
55 59
60 78
56 102
138 64
64 75
24 54
73 102
0 36
12 135
49 128
39 84
7 103
65 117
93 109
76 132
36 40
11 76
35 102
91 132
1 4
41 85
3 110
22 63
18 19
26 58
18 47
68 78
29 105
73 103
39 64
106 133
81 89
29 114
139 106
36 122
56 109
107 120
75 119
44 47
29 77
45 135
74 110
47 115
22 90
32 42
34 82
74 115
44 101
31 118
30 131
52 105
44 115
118 122
58 131
35 85
83 133
16 34
20 102
108 136
2 96
102 117
14 76
1 62
127 136
2 14
8 14
32 114
16 22
48 126
79 112
58 81
47 135
56 119
68 135
76 114
47 113
2 85
46 116
11 73
80 87
80 123
34 94
103 128
95 138
82 89
2 13
83 122
13 117
0 111
27 79
4 93
43 79
39 71
45 74
42 121
49 122
64 128
45 98
4 131
104 137
32 131
9 53
107 139
112 130
65 103
2 17
59 68
101 109
7 9
25 60
21 84
16 108
17 61
99 104
3 109
61 127
99 133
5 50
127 131
21 95
81 108
14 43
84 94
63 73
113 122
30 130
45 68
96 135
6 55
2 73
84 102
6 127
24 53
13 28
1 116
15 121
79 86
15 126
46 80
139 40
83 88
85 86
99 123
139 56
41 83
84 103
18 50
51 53
29 102
37 61
21 43
44 97
91 109
14 49
36 56
8 66
92 98
58 90
8 110
138 86
18 36
8 64
53 65
10 62
11 75
1 54
27 66
16 61
10 32
28 47
0 57
7 28
43 55
20 33
67 102
33 106
11 51
26 134
52 125
33 122
99 103
5 12
139 33
75 137
7 137
115 133
66 75
12 121
35 54
47 55
11 100
44 120
87 123
55 101
21 67
44 61
2 31
46 75
58 98
109 137
54 121
78 120
17 28
55 106
8 37
78 133
41 130
19 30
41 111
40 136
53 118
66 116
6 24
38 107
27 35
63 75
13 68
40 98
71 139
24 81
44 139
28 56
138 3
78 121
54 83
23 124
17 77
54 69
95 121
9 115
29 74
16 138
139 133
72 120
1 53
40 134
42 78
54 75
2 109
30 125
0 28
59 126
128 131
43 76
51 124
102 112
73 117
21 48
72 110
139 9
20 47
85 100
15 22
30 47
49 115
11 28
39 92
3 121
79 111
30 58
52 93
4 19
61 89
9 104
138 90
97 116
58 91
77 91
40 101
138 49
9 28
46 129
137 138
139 103
0 75
57 121
138 24
33 72
33 84
45 81
107 132
2 125
115 126
42 134
56 57
89 119
19 58
48 98
19 139
26 35
52 90
139 4
51 64
5 86
51 59
28 31
75 110
57 90
37 57
50 73
54 139
33 64
35 135
2 76
95 122
14 121
97 109
33 41
97 130
19 61
8 124
40 45
95 105
122 130
45 89
10 43
116 122
15 26
3 134
2 106
44 70
98 113
79 95
18 64
41 133
47 81
19 137
106 132
49 89
57 127
1 98
25 81
89 112
72 88
44 88
71 138
27 108
10 71
36 61
30 108
18 120
26 87
82 86
63 139
43 111
74 114
13 48
32 48
110 135
38 82
67 123
97 107
83 130
13 110
93 130
126 127
94 100
67 138
30 65
14 55
69 85
55 102
53 119
65 87
119 129
106 130
99 120
28 67
27 41
27 109
90 98
100 131
69 102
18 114
1 57
41 65
88 90
38 131
18 72
24 85
47 133
57 113
17 75
48 100
107 119
53 75
21 42
13 19
71 135
41 66
41 87
42 84
73 82
45 46
10 85
83 115
50 126
24 131
37 101
39 83
30 57
62 131
35 37
10 126
67 125
26 132
41 78
47 71
18 46
95 124
3 7
61 123
139 86
54 70
2 69
33 131
42 55
70 109
41 135
11 84
14 70
0 132
139 21
92 118
73 133
30 137
139 5
92 104
19 124
29 52
38 61
5 27
104 123
33 77
56 81
139 65
21 92
100 126
139 90
31 102
91 97
40 105
47 85
19 48
60 139
12 67
89 105
74 107
10 110
80 119
74 135
79 116
66 67
26 47
16 63
2 130
83 132
9 39
101 115
19 129
138 96
9 103
38 47
19 42
21 125
38 58
51 100
49 67
23 126
65 93
55 100
66 111
8 86
56 136
13 124
24 125
50 124
82 120
30 70
46 64
92 113
53 90
48 114
18 90
19 51
123 129
46 68
71 126
40 109
34 125
80 100
52 126
65 68
22 126
3 123
44 93
17 121
54 90
82 118
29 73
36 126
62 65
34 40
14 46
46 48
26 45
109 128
62 102
49 105
20 93
37 64
33 90
9 18
88 118
19 36
86 99
26 131
21 113
45 116
45 80
106 129
5 30
27 82
11 54
24 122
79 122
71 102
16 98
8 18
84 125
60 77
17 37
47 59
73 135
99 113
44 117
33 136
115 129
52 110
65 118
46 57
6 110
50 127
95 112
90 131
7 50
55 111
26 59
64 83
52 133
42 101
70 78
139 113
54 133
5 135
10 84
95 135
14 58
46 66
41 102
59 61
54 130
56 90
88 98
8 109
123 137
91 134
72 108
56 99
34 55
50 76
71 81
16 21
48 69
88 139
76 126
71 115
40 46
112 137
45 67
113 115
48 105
67 137
83 126
63 114
19 116
12 61
11 16
1 26
18 139
8 13
25 127
89 135
130 136
32 93
38 69
66 120
59 136
41 86
2 136
139 17
96 118
19 20
60 126
3 50
40 91
26 71
107 123
15 34
110 118
91 131
0 133
105 106
74 103
45 84
25 66
65 122
25 120
42 135
46 123
105 135
138 99
108 130
13 82
9 44
15 87
50 71
9 131
94 103
32 112
44 91
138 48
5 112
9 87
34 42
49 130
89 123
6 74
23 110
1 70
11 108
2 40
19 68
66 117
17 112
43 90
42 53
0 76
11 17
51 112
25 132
58 75
138 114
19 35
5 62
41 107
37 121
70 125
6 92
72 81
19 127
12 129
40 87
8 67
60 95
35 81
25 110
6 115
12 138
80 86
106 116
29 45
120 131
3 63
76 91
138 59
59 130
22 123
46 107
41 76
98 132
115 137
57 118
91 128
85 118
90 93
127 130
30 111
39 89
31 85
43 116
50 52
42 100
37 71
1 113
81 129
87 134
60 114
138 63
69 139
3 70
101 132
0 42
75 111
67 113
67 124
9 78
11 63
20 58
43 139
59 122
80 126
86 100
32 55
29 37
138 28
54 76
41 51
76 103
18 122
10 99
43 82
11 57
41 61
59 104
80 112
100 124
95 96
82 128
61 90
56 114
68 99
31 72
109 124
60 119
33 66
29 55
98 128
27 96
138 103
34 84
18 27
38 115
49 72
35 39
68 71
7 49
87 135
15 83
6 65
50 128
87 136
1 52
33 76
95 103
20 23
35 76
37 82
138 108
37 122
59 105
26 102
98 121
41 103
80 120
23 93
44 119
82 135
26 79
36 79
70 95
48 66
133 138
101 106
2 65
35 58
84 139
26 66
28 93
9 59
32 69
57 115
41 62
88 91
77 92
68 76
2 51
15 64
9 43
51 126
26 106
37 49
2 9
58 61
54 80
10 77
23 104
13 73
68 117
25 123
30 116
65 66
23 47
100 113
83 99
32 67
3 24
35 55
75 112
3 100
32 105
5 66
26 108
23 85
98 127
9 89
27 137
139 32
93 97
29 78
46 60
81 130
21 28
46 101
12 42
44 64
51 74
58 133
16 48
71 78
31 45
38 130
88 115
13 31
138 43
18 31
44 62
93 135
85 90
15 104
28 82
103 132
80 108
73 106
51 114
97 131
138 110
36 88
55 67
77 93
80 91
8 52
25 121
15 48
18 49
59 137
15 74
6 106
63 99
39 125
57 137
36 65
23 68
120 122
69 79
22 137
22 122
45 125
66 72
94 104
43 124
35 110
20 122
2 74
9 98
62 92
13 114
57 66
17 32
11 50
42 110
38 92
28 109
65 137
1 19
30 69
66 133
42 44
105 110
29 57
41 139
24 59
56 116
45 122
8 20
13 121
14 97
42 64
16 50
24 105
3 34
67 107
69 108
13 60
11 123
44 134
27 87
77 90
51 115
74 88
94 97
60 79
112 119
14 84
13 56
21 50
30 118
12 126
28 139
50 84
21 136
30 68
14 74
59 70
95 107
30 35
18 86
34 96
69 134
139 6
0 29
103 122
39 113
29 96
119 139
69 124
28 129
3 118
92 137
39 139
19 98
22 64
51 67
25 124
107 127
41 58
94 136
104 113
60 62
82 130
5 83
34 116
71 133
52 92
7 17
18 54
2 122
12 28
15 67
12 94
29 91
27 85
69 110
43 92
5 93
8 139
27 39
27 138
14 30
19 138
23 139
0 119
37 52
85 89
11 114
106 123
47 121
50 105
114 128
114 137
71 105
45 86
67 75
11 89
48 51
35 80
16 25
15 39
19 104
68 102
28 123
128 136
17 54
11 62
86 113
28 66
85 111
58 124
49 66
12 20
39 103
21 78
4 7
31 105
58 127
31 127
44 68
32 132
79 131
57 124
1 51
36 83
66 119
26 72
94 129
18 75
56 104
4 75
53 74
24 40
5 11
15 58
27 111
45 93
67 88
107 121
73 74
12 22
118 135
139 73
71 73
67 105
13 92
45 110
86 136
105 118
22 31
53 132
108 122
113 121
79 135
98 136
13 26
75 109
24 88
7 102
29 110
63 77
39 53
71 89
43 112
65 119
10 89
20 64
75 79
139 110
66 74
138 100
55 91
2 59
31 119
115 138
96 102
64 119
68 103
4 70
137 139
23 74
61 67
74 128
132 134
89 114
104 108
34 97
76 139
38 41
86 111
6 121
19 39
45 136
2 120
63 78
69 129
85 123
9 123
50 86
21 22
1 32
128 135
110 113
61 63
118 121
47 66
69 112
138 127
15 111
78 93
28 36
71 131
15 51
98 115
18 68
1 5
14 17
5 71
73 123
100 115
73 132
39 70
30 50
53 82
23 77
33 53
139 59
72 137
28 91
55 94
92 111
6 99
35 107
66 118
47 137
65 120
1 37
31 62
28 78
7 68
47 131
49 83
39 94
13 47
6 104
50 102
20 25
58 60
43 93
113 134
139 11
26 60
138 29
14 15
2 63
52 71
44 75
83 124
12 26
28 112
19 74
78 107
7 94
34 37
39 122
1 84
104 111
7 15
0 115
3 119
59 110
13 77
34 132
35 83
4 83
12 116
56 96
24 73
32 127
77 78
19 29
109 129
21 75
51 57
28 70
19 135
44 50
10 91
73 98
62 87
49 133
24 92
7 97
31 90
114 125
10 103
68 90
95 119
2 107
6 138
41 53
9 14
3 26
31 106
102 126
50 91
8 114
138 111
139 136
17 83
13 87
63 125
100 125
19 80
6 47
31 128
49 102
75 83
52 99
35 116
90 96
61 94
2 78
22 124
23 111
0 6
59 99
21 65
23 88
83 123
16 73
46 69
17 70
30 106
47 100
94 112
3 127
68 97
50 66
24 103
72 136
9 35
22 130
128 130
29 127
87 138
37 93
83 106
5 16
72 129
124 136
109 110
90 129
87 137
98 103
39 51
28 58
43 127
32 41
87 113
1 28
111 124
59 81
8 99
6 41
13 22
15 77
81 122
60 84
44 125
7 83
8 53
0 78
59 129
24 36
138 8
13 132
36 103
101 112
35 57
63 88
9 24
22 68
106 109
83 120
7 30
22 129
37 40
63 92
39 114
18 53
2 22
13 34
4 85
85 106
37 91
29 33
22 100
36 138
14 78
27 89
30 31
34 36
29 135
14 34
107 134
27 83
87 107
18 33
60 68
25 48
6 78
77 89
16 27
2 129
21 82
57 122
101 124
25 61
50 90
88 108
40 83
27 81
25 54
33 80
14 72
41 126
10 133
39 124
28 88
34 49
54 137
19 105
32 100
31 48
5 102
31 131
12 136
28 135
28 119
99 116
5 80
30 103
23 125
20 81
10 122
138 120
58 101
20 130
45 100
129 130
51 125
20 79
27 30
42 106
36 111
100 128
86 117
2 46
22 23
76 89
90 118
49 132
9 30
41 52
0 39
15 53
36 45
124 130
15 37
46 62
73 121
20 133
86 109
51 68
65 130
37 87
23 113
82 93
70 110
67 135
56 68
33 111
33 108
28 121
16 86
4 84
98 101
25 63
24 93
127 135
48 113
100 104
37 73
35 93
41 120
4 82
21 73
32 90
45 57
48 117
14 63
24 133
14 106
51 104
36 98
67 79
23 33
32 106
11 22
60 72
78 123
43 49
79 83
96 104
139 31
98 119
26 39
110 112
68 108
17 102
24 43
97 98
21 100
23 81
54 113
110 132
12 85
10 101
58 117
8 9
104 109
100 116
53 71
89 93
70 108
