17 24
7 22
20 28
13 29
1 23
12 25
23 6
4 12
29 5
0 11
20 25
7 10
19 24
21 8
4 29
27 4
16 26
3 25
22 23
14 17
9 25
25 14
0 2
24 2
26 28
9 16
18 19
9 17
25 0
22 14
29 10
13 28
20 8
21 9
23 29
29 13
25 18
25 2
10 12
2 21
0 3
0 5
21 25
24 3
0 7
7 28
19 28
13 18
27 5
0 22
1 22
12 16
0 29
8 12
0 24
29 4
7 20
7 11
8 24
24 9
5 22
20 12
27 9
22 8
2 27
0 20
1 5
5 21
16 21
29 19
5 26
6 25
19 20
6 14
11 29
8 20
14 24
27 11
14 22
23 22
9 28
25 13
0 21
26 20
5 6
20 3
12 15
1 26
27 24
21 24
13 21
23 12
11 17
8 19
21 10
21 26
24 7
27 17
3 19
25 4
4 18
25 17
5 28
24 13
19 27
8 18
6 11
9 27
27 25
27 2
2 14
24 22
26 19
24 10
4 22
22 18
15 20
