22 75
19 103
68 152
40 87
25 34
110 145
0 30
62 122
54 57
102 106
8 53
110 126
9 81
90 106
71 78
70 122
114 157
78 143
83 156
71 98
51 157
65 157
62 99
118 149
44 121
55 144
136 157
42 155
111 123
70 114
9 69
94 143
60 103
15 27
2 91
12 23
77 83
5 108
65 112
30 104
58 159
31 87
11 66
80 141
80 154
8 104
17 63
41 138
6 30
85 92
75 157
138 143
53 61
2 148
155 5
55 71
11 158
24 34
16 142
14 102
7 76
12 106
10 42
4 152
93 142
25 84
0 32
78 86
61 80
19 67
52 76
110 148
71 115
4 38
125 145
25 40
123 128
65 68
4 128
141 146
29 129
79 104
19 150
68 155
74 113
47 93
0 137
64 116
18 33
75 82
77 78
101 123
82 141
130 158
124 155
48 90
3 51
144 147
21 153
158 27
159 133
105 125
43 74
121 146
129 147
138 152
0 108
52 96
14 128
7 48
107 148
37 118
37 151
6 69
50 148
39 145
66 143
159 47
1 70
76 123
80 101
10 18
147 152
56 132
74 121
76 129
16 32
158 110
51 70
71 144
131 148
29 133
53 155
35 59
40 43
11 94
2 133
154 53
113 121
127 135
156 65
29 131
29 96
83 138
63 100
16 75
58 85
113 130
55 111
85 110
81 125
94 107
18 83
3 135
54 56
18 89
7 128
110 114
25 157
28 128
110 140
79 83
123 133
3 89
85 156
75 106
78 106
82 122
1 148
69 73
44 128
35 68
16 157
65 124
80 153
109 146
158 125
13 81
123 125
19 38
89 109
63 127
44 48
27 118
33 63
16 70
23 27
1 82
16 79
10 35
28 152
120 139
60 118
63 98
21 97
4 159
21 135
126 148
5 71
6 91
114 128
159 60
47 53
42 108
37 98
21 131
26 140
9 46
97 127
94 130
54 156
50 92
81 122
121 138
89 97
38 112
18 64
77 116
3 22
74 153
8 56
29 67
96 100
58 152
19 44
69 85
69 123
11 52
41 148
21 28
30 126
3 154
20 69
0 41
48 102
12 145
48 118
23 105
29 35
25 41
91 157
16 62
14 148
20 126
79 142
86 90
159 112
32 74
81 113
30 128
80 138
51 100
116 120
58 62
54 123
19 85
12 65
66 148
93 141
59 67
95 157
106 156
91 121
34 90
97 130
45 80
55 110
5 43
82 83
91 105
75 97
36 110
30 124
45 65
53 151
32 109
95 126
11 134
75 113
15 69
81 142
159 15
79 85
46 140
91 155
28 80
51 83
44 92
96 130
155 10
62 142
79 159
49 57
8 158
127 128
10 81
15 35
1 27
83 140
107 146
126 139
71 107
154 135
33 74
50 53
105 123
26 121
2 27
38 128
157 14
36 44
40 114
14 24
154 38
53 117
85 105
98 101
22 126
88 155
112 149
64 138
52 75
9 73
53 103
96 123
16 44
155 117
154 70
89 115
155 18
44 61
39 141
87 95
25 94
76 106
55 82
17 99
76 120
23 48
131 139
159 109
91 115
127 146
69 88
63 130
129 149
42 125
13 47
35 62
62 112
10 23
21 105
9 78
78 142
4 139
23 154
10 45
14 70
16 39
53 75
6 102
56 130
83 117
157 36
27 83
157 72
154 145
3 142
128 151
39 91
93 159
37 100
40 42
96 137
157 28
29 31
71 126
27 156
51 105
62 76
10 61
3 76
61 150
74 116
2 38
9 79
151 153
70 124
10 138
137 144
53 135
155 146
105 112
13 114
60 88
65 106
91 102
157 42
101 132
78 132
21 157
77 154
111 139
60 105
13 42
159 130
20 64
21 51
101 153
42 83
83 97
125 130
100 157
112 158
45 83
81 153
14 61
8 99
43 132
152 159
21 127
62 81
93 99
158 39
69 153
20 80
64 139
0 5
27 94
52 109
18 143
67 95
68 125
65 145
23 51
61 73
64 65
49 158
41 132
15 59
47 59
31 74
49 71
75 119
97 156
39 122
38 98
159 143
42 141
10 49
5 14
115 140
71 86
156 10
28 111
55 84
66 132
18 37
80 102
156 35
28 155
104 150
22 82
22 118
57 154
19 21
64 153
1 97
149 158
10 37
66 135
37 107
39 94
25 145
40 101
103 152
11 60
21 149
102 156
75 96
76 146
54 70
79 131
29 43
14 75
58 83
42 61
41 52
58 155
66 146
45 52
72 134
4 142
70 139
80 112
20 103
55 118
76 122
19 93
4 109
26 120
115 155
120 157
43 153
158 85
156 88
156 55
74 94
51 99
52 152
27 63
94 137
108 151
15 91
24 151
98 131
27 145
142 152
90 151
66 89
17 131
29 121
108 136
26 134
155 82
27 62
10 70
45 136
74 105
81 138
4 100
23 116
32 147
73 132
70 96
3 74
65 98
106 109
156 75
42 77
0 56
41 111
37 121
118 128
24 95
97 119
109 130
52 146
54 143
37 137
19 106
84 97
51 141
156 39
62 86
155 8
144 157
5 10
9 90
2 30
13 126
67 82
0 148
134 144
13 56
17 105
22 52
38 106
8 74
13 127
11 24
113 154
33 140
72 89
2 102
157 73
155 104
3 146
79 106
29 89
116 128
33 88
31 142
86 119
32 131
28 64
154 101
2 50
80 155
74 103
97 138
35 115
100 156
21 77
57 74
42 112
41 73
89 154
41 72
40 141
6 104
19 90
36 48
127 156
33 144
13 131
57 146
25 29
72 127
42 134
60 107
55 85
57 121
53 83
129 158
129 157
155 102
158 83
38 92
66 91
14 43
46 91
78 85
59 97
116 157
62 133
50 158
157 146
70 90
52 53
48 96
138 154
73 140
95 114
5 27
84 122
19 125
154 24
27 34
78 133
31 99
154 96
121 134
35 112
151 158
113 137
103 121
9 153
46 149
26 73
107 114
22 73
61 81
28 153
48 88
54 136
60 128
117 119
82 92
2 113
23 93
59 126
28 78
49 86
8 79
28 68
159 78
84 116
21 140
4 44
15 31
36 75
0 77
1 41
42 106
57 87
64 123
126 157
61 128
25 155
37 130
156 104
38 121
28 41
52 61
35 128
102 110
24 146
78 111
34 38
31 48
32 103
27 78
