53 152
57 135
158 163
13 18
128 224
44 77
42 69
26 153
119 158
48 203
107 145
187 196
47 100
50 174
3 93
29 146
59 77
0 67
127 201
47 95
194 201
64 80
220 182
48 166
79 145
15 99
2 20
153 179
21 35
220 93
35 159
81 167
132 183
95 103
26 193
97 136
53 132
184 224
113 215
61 137
75 190
127 154
83 169
215 168
62 124
65 195
9 177
160 164
106 199
26 82
111 183
69 71
47 60
67 167
151 197
217 38
112 179
138 165
148 199
69 206
65 147
33 74
3 155
71 205
160 216
62 190
58 100
138 149
8 186
17 135
6 107
72 101
33 139
95 199
72 80
20 116
26 38
5 128
166 179
154 187
11 169
3 31
1 41
27 34
102 125
84 163
49 169
166 177
86 142
107 198
163 181
85 151
18 58
180 190
0 32
99 199
96 162
61 93
70 167
30 191
220 118
26 142
75 181
5 56
43 75
42 182
16 112
200 206
43 205
148 177
97 109
57 89
166 208
223 103
45 94
120 194
2 161
97 165
15 143
74 219
14 134
223 203
15 223
0 108
140 212
2 174
105 149
1 215
128 139
30 162
32 62
22 71
139 180
96 213
13 69
138 148
55 86
61 75
31 61
110 154
87 209
52 197
110 148
224 43
138 190
92 208
4 55
16 223
17 33
7 96
102 219
14 63
36 192
17 177
93 217
6 113
62 208
219 95
88 206
37 102
159 194
121 178
91 134
77 108
151 154
5 178
18 134
22 162
83 213
217 40
21 177
44 154
38 114
144 198
127 190
85 121
11 57
135 147
0 49
11 182
44 216
136 218
63 158
48 106
31 48
51 197
106 135
23 44
18 198
11 114
218 123
139 173
13 39
7 81
0 133
17 66
92 116
27 64
57 202
1 87
215 209
98 132
218 196
20 67
78 190
29 38
48 211
168 199
19 151
6 181
31 156
48 80
23 78
149 188
71 218
166 206
147 187
100 122
2 184
119 155
13 104
10 65
15 205
40 49
180 184
25 50
215 67
42 157
31 201
42 100
88 200
44 52
131 201
130 151
169 173
0 82
5 17
64 109
143 221
30 142
5 175
28 172
45 95
14 208
77 92
220 212
119 213
121 141
11 66
6 193
217 36
28 151
195 202
86 150
222 99
75 202
72 172
63 153
224 50
93 173
152 174
12 100
88 177
98 152
94 180
223 114
32 177
23 173
78 87
219 158
81 164
86 106
76 174
84 141
9 78
12 149
69 166
61 213
16 132
220 98
147 207
13 218
70 122
128 172
62 170
80 184
86 127
50 208
67 218
183 216
45 133
218 128
169 210
131 137
217 203
83 182
35 50
57 95
31 119
41 142
224 73
194 221
46 63
6 211
83 91
46 222
36 59
32 178
54 199
121 195
170 196
3 4
117 212
7 72
79 135
83 84
40 189
87 168
85 132
50 137
83 100
185 201
34 84
129 211
26 58
6 10
176 202
84 131
96 107
77 160
30 36
25 168
53 59
76 145
42 190
61 118
46 73
81 215
174 192
63 131
71 222
87 102
118 187
224 205
71 213
75 104
39 174
39 196
62 140
138 218
34 123
88 143
103 158
93 125
132 136
47 116
178 182
45 151
33 84
26 88
105 223
43 128
26 164
111 140
25 162
65 87
28 36
65 112
11 91
97 110
12 14
0 123
216 212
13 150
88 191
131 166
84 96
48 59
43 197
21 198
32 163
36 137
173 177
69 105
56 67
31 56
174 198
45 176
20 177
33 78
131 224
123 213
29 57
99 171
161 198
2 205
217 208
48 122
66 103
88 104
96 108
121 220
119 186
0 40
222 186
163 202
18 213
0 198
21 101
141 222
121 156
17 187
59 173
35 143
100 107
180 197
62 157
48 163
75 97
10 108
51 102
96 212
174 190
101 154
63 64
114 194
102 115
133 213
66 124
163 167
195 206
219 152
20 57
9 188
49 150
161 177
69 83
110 113
83 218
82 153
28 211
216 36
80 168
5 143
72 76
38 75
52 134
48 172
83 105
5 92
200 204
32 71
224 9
46 188
80 160
187 216
4 183
221 142
138 144
77 123
32 223
224 197
165 197
57 76
117 155
57 77
31 124
14 86
80 87
18 56
27 52
108 141
12 49
32 192
69 121
38 204
96 133
133 217
108 212
187 223
216 208
38 74
67 155
61 104
8 169
80 102
35 213
8 48
68 72
36 70
195 220
70 130
27 139
20 158
112 161
51 165
171 187
77 222
13 186
137 185
161 204
76 186
223 172
223 189
123 183
84 192
138 194
101 219
87 186
139 143
201 213
22 63
88 211
55 94
29 95
178 195
3 114
202 218
215 119
8 125
122 145
216 5
9 170
50 222
220 46
117 189
103 217
153 182
35 74
103 192
17 104
19 136
2 137
139 166
5 159
121 180
133 218
98 151
50 144
53 67
219 67
168 191
45 68
39 154
53 110
167 188
201 205
8 209
58 60
30 189
11 150
147 148
39 61
218 144
95 165
18 197
116 197
221 210
51 200
19 130
19 205
91 214
89 109
62 207
169 213
82 94
107 209
223 140
113 130
42 203
23 92
216 91
44 145
219 86
119 173
42 63
177 181
2 135
21 53
27 174
128 206
46 88
3 192
219 82
39 99
96 172
62 179
71 133
39 107
212 222
198 222
20 168
220 207
12 220
52 53
62 74
185 213
156 181
9 107
137 217
39 183
86 208
57 221
58 218
81 181
110 221
62 210
216 13
18 111
55 69
100 126
127 182
22 104
133 201
115 207
57 203
67 113
17 143
69 116
68 216
39 47
89 125
222 56
92 98
17 31
129 222
91 110
0 135
57 208
120 136
110 178
97 106
34 160
24 106
66 75
164 210
105 191
17 146
81 82
11 40
105 132
216 26
12 212
169 192
50 196
11 173
222 15
51 141
33 49
30 61
39 214
216 140
96 112
177 188
10 112
47 98
69 85
217 11
54 58
36 178
107 200
5 149
76 193
51 183
71 82
61 204
110 223
58 91
10 118
134 201
86 101
20 113
140 203
131 196
132 177
29 46
185 205
109 125
218 150
54 141
80 81
7 184
61 73
18 142
16 185
11 120
217 195
59 193
218 116
3 199
67 171
3 91
24 74
159 220
55 71
99 215
168 192
67 128
1 24
39 94
16 47
13 80
62 68
12 93
104 113
3 90
39 217
155 214
117 197
27 65
211 213
224 190
140 161
17 169
145 148
105 220
26 83
110 121
1 85
17 188
215 33
42 201
183 192
87 170
91 136
161 200
96 183
16 80
58 152
1 80
49 176
34 55
220 141
223 28
1 134
137 218
183 213
99 132
36 169
86 164
37 129
86 140
165 190
104 174
95 220
39 106
219 197
194 211
118 171
2 142
187 221
116 188
98 128
186 209
95 205
53 184
82 125
109 217
8 145
137 168
106 133
7 162
94 140
146 169
18 133
143 211
224 180
125 170
35 200
17 164
35 180
36 158
29 118
58 125
46 49
87 142
149 164
0 99
109 133
10 171
5 141
50 67
126 128
11 38
116 206
219 202
25 165
93 216
113 118
18 117
84 102
3 201
215 69
220 111
29 87
71 137
63 128
151 156
114 202
222 156
81 158
222 41
170 200
144 207
42 208
16 158
14 176
217 102
80 121
20 216
138 166
34 121
42 169
36 130
155 173
39 49
224 217
70 198
1 213
160 166
216 79
3 149
90 204
77 198
172 205
39 88
83 125
9 116
29 73
14 17
47 207
130 178
180 204
92 205
84 209
93 185
223 208
13 58
57 168
103 189
141 181
82 172
145 181
108 129
113 192
61 128
223 190
159 202
60 83
7 69
29 45
34 68
17 67
29 209
98 100
160 188
87 154
218 193
29 97
72 106
139 192
4 10
15 186
61 199
149 182
111 208
33 39
41 89
181 224
192 211
21 142
64 151
56 72
141 191
87 133
71 98
41 165
61 96
20 209
5 167
47 138
138 219
88 121
73 106
50 191
223 90
222 155
197 204
114 153
193 203
87 188
135 178
224 135
78 210
187 207
146 206
26 196
147 203
121 147
53 224
50 93
1 61
2 90
11 95
114 175
83 150
76 214
112 184
154 210
32 167
29 117
16 213
101 107
116 168
168 172
58 179
111 169
36 78
138 201
79 132
160 215
23 199
76 183
158 193
112 164
31 85
10 52
70 196
15 53
219 73
189 197
110 159
20 196
59 191
36 197
72 141
220 15
144 146
192 209
221 150
24 125
40 97
84 124
35 158
13 127
204 209
105 152
126 191
90 193
78 205
153 216
81 200
115 144
89 123
83 193
197 205
30 53
67 103
151 190
18 25
5 123
191 221
181 185
97 206
176 200
16 190
2 217
87 211
180 198
99 150
26 220
220 66
17 181
199 217
25 179
107 220
52 70
26 222
121 197
24 218
2 94
4 141
215 64
118 148
4 44
33 114
8 187
64 181
130 179
221 151
27 160
223 151
101 111
58 117
162 187
70 188
108 119
99 139
113 188
73 208
223 194
78 141
27 88
31 210
13 211
15 178
19 181
223 5
133 175
167 183
173 185
29 161
80 110
31 196
166 176
208 215
2 134
179 212
132 161
82 85
219 28
92 178
22 77
62 187
131 207
87 117
135 216
14 157
167 191
5 180
90 127
52 141
74 95
33 34
223 71
189 194
105 133
13 20
71 119
65 126
173 220
142 156
5 43
30 68
104 218
32 86
37 213
72 155
147 182
27 66
123 150
47 49
23 90
106 215
112 167
30 77
74 118
217 37
45 160
25 208
31 145
86 156
222 49
28 40
149 203
187 194
90 169
224 4
4 221
31 135
113 134
166 224
146 190
8 112
217 9
46 200
160 179
78 119
91 201
154 167
16 78
182 217
118 216
222 40
64 171
33 141
63 122
96 160
127 217
49 122
25 160
105 159
91 149
102 129
66 125
57 213
7 117
137 170
108 150
43 111
68 88
57 146
18 21
26 198
83 140
58 172
134 216
97 138
33 171
3 72
139 220
19 96
73 180
65 153
48 135
217 167
83 149
109 144
188 197
171 205
111 149
155 221
91 109
96 207
83 219
72 121
115 152
34 146
146 191
105 134
224 203
165 183
60 102
6 135
41 217
110 127
58 75
0 50
163 194
44 134
215 101
63 203
34 143
27 59
46 70
218 28
43 182
44 100
71 167
64 207
98 174
171 204
4 207
93 138
48 93
8 34
76 191
35 157
157 167
127 174
56 135
25 159
173 181
151 158
51 104
115 206
220 112
10 71
25 72
181 214
31 138
102 158
73 182
5 218
189 207
28 34
142 184
23 119
146 217
174 195
16 217
51 162
26 50
80 130
155 162
64 71
65 86
133 181
218 201
16 38
208 211
176 218
35 64
104 206
19 106
95 224
49 208
128 219
87 106
170 213
58 144
56 202
29 47
121 136
200 221
47 173
65 190
141 155
217 158
112 132
216 28
137 200
6 35
158 166
100 215
79 86
152 166
37 200
75 182
35 218
151 187
10 175
78 169
99 180
14 18
54 190
32 150
48 148
25 98
58 213
83 187
15 100
99 148
217 190
79 133
82 105
215 13
92 166
27 33
216 132
92 168
52 68
3 191
188 191
17 121
54 109
18 37
25 124
224 164
85 118
108 117
54 95
79 82
224 158
74 133
80 173
113 212
218 61
24 44
48 160
108 191
77 141
14 90
5 130
58 103
35 112
53 74
20 120
32 69
217 13
219 96
120 150
10 170
24 169
83 138
28 215
23 57
197 222
73 135
166 205
10 67
142 178
43 154
42 204
21 90
29 151
163 205
96 215
54 201
40 121
40 81
224 44
25 28
152 170
221 123
115 214
13 156
63 65
74 142
137 150
63 129
106 201
38 108
67 206
79 177
11 50
81 90
48 186
29 125
101 159
116 172
179 222
168 221
1 22
35 40
222 147
4 18
111 146
136 175
224 66
80 145
107 154
68 202
223 12
22 186
24 108
59 153
64 211
29 182
24 162
155 166
107 203
93 96
222 149
170 219
142 219
6 160
13 68
101 210
85 189
39 216
216 144
161 183
50 87
48 192
24 89
93 206
16 216
216 125
125 161
112 119
69 161
124 222
170 174
46 115
217 34
91 171
15 209
221 99
40 201
38 181
103 120
38 190
194 196
164 191
41 172
95 171
33 80
153 206
38 78
215 206
127 158
16 182
222 168
51 224
127 186
45 156
117 148
32 118
119 181
176 189
177 202
5 186
215 8
218 32
63 159
9 99
44 71
54 126
38 149
