2 15
33 13
38 9
27 32
12 38
8 20
44 28
22 49
1 14
3 41
44 21
49 16
5 20
1 34
38 21
26 31
16 26
37 39
45 44
0 20
10 31
27 34
5 10
44 37
5 23
26 45
7 45
48 1
18 23
15 23
0 4
19 49
9 38
40 8
44 3
20 49
0 16
23 29
43 12
7 23
35 24
44 29
21 30
10 49
25 31
2 4
2 28
44 11
31 23
31 5
37 26
2 20
36 29
45 29
44 23
7 41
40 27
35 29
42 5
49 28
3 15
28 36
1 36
1 40
7 34
43 24
1 25
21 31
16 39
20 39
43 21
45 26
46 12
7 24
1 24
46 37
36 21
46 19
22 31
45 27
40 11
2 42
13 30
14 44
12 33
47 5
13 43
32 6
33 26
47 9
29 45
13 27
45 21
32 45
43 34
20 21
34 28
26 28
29 42
41 12
5 48
0 2
48 18
48 38
7 29
36 5
9 10
47 45
12 40
27 42
21 49
31 17
19 45
4 20
46 14
12 43
42 19
36 2
39 25
12 13
30 35
43 5
29 43
41 37
18 45
39 10
11 43
9 45
9 30
32 25
17 35
46 44
7 12
5 49
32 5
25 49
40 29
37 0
4 24
43 33
44 22
4 19
31 29
4 17
19 28
15 26
43 16
43 15
6 22
45 28
49 9
40 42
7 18
46 18
9 20
3 36
5 19
16 46
38 14
20 23
35 30
4 28
8 15
42 29
12 35
1 16
2 47
38 11
19 26
48 7
11 24
12 34
30 10
27 39
17 43
40 7
2 19
8 48
46 15
42 10
20 31
17 38
40 33
23 25
15 42
36 3
25 37
8 32
49 29
2 34
32 38
21 46
