122 21
118 6
1 16
31 139
89 112
82 114
32 99
134 93
21 94
117 101
76 86
54 115
74 123
134 66
40 47
118 78
129 85
128 37
94 99
93 135
53 81
17 41
136 15
76 129
123 78
24 117
61 126
9 66
9 90
138 76
12 134
111 119
118 99
6 93
32 41
11 37
74 121
69 135
50 129
10 64
40 75
2 112
52 88
124 18
26 115
77 79
88 122
33 56
33 130
2 124
135 68
122 54
8 27
138 114
55 72
45 117
9 19
106 133
119 16
24 78
25 137
14 17
15 115
131 16
68 90
12 37
52 82
41 67
18 35
57 85
77 112
1 15
125 52
28 85
23 86
138 12
127 121
71 77
31 91
138 71
61 137
83 88
60 109
15 54
118 34
2 49
119 30
136 57
56 92
21 41
100 127
133 94
7 12
47 128
119 107
131 41
120 78
122 97
122 69
74 88
78 88
13 109
53 54
16 88
34 72
67 118
9 36
128 110
46 99
123 107
68 112
18 117
124 6
127 107
87 138
117 27
20 99
5 69
31 94
38 60
63 84
24 95
6 8
87 90
134 91
50 66
122 25
126 48
58 100
131 26
7 73
129 88
139 78
86 87
66 101
135 52
15 128
63 81
95 108
139 96
115 16
10 57
27 59
49 138
23 65
85 119
40 127
121 56
107 138
136 6
77 94
97 132
117 44
2 95
110 112
41 79
15 94
111 132
68 84
95 106
122 16
45 135
28 96
13 79
24 91
10 79
43 56
40 85
39 118
28 133
30 79
33 134
127 64
132 60
137 34
31 65
4 9
125 82
85 134
80 119
121 112
122 101
123 13
135 134
40 122
36 128
135 133
133 82
93 112
60 62
86 107
30 35
19 139
43 122
15 111
64 78
139 32
73 125
121 76
17 129
139 125
103 105
14 26
3 45
3 113
130 23
104 129
3 135
23 76
94 116
24 46
18 127
47 119
115 12
84 129
99 124
115 119
25 55
78 90
39 57
1 47
28 40
45 90
31 134
50 62
138 31
115 68
44 100
58 67
67 96
68 95
15 80
14 29
57 92
125 111
27 76
57 102
7 116
16 65
133 61
127 101
39 113
37 75
21 64
26 91
1 11
81 85
35 102
95 97
40 129
48 124
134 70
124 70
41 89
42 49
20 104
17 27
116 58
129 37
9 122
72 133
3 60
6 44
11 93
2 110
20 67
116 62
134 122
86 97
58 138
32 62
10 13
2 40
34 116
33 38
75 113
55 77
12 75
129 22
79 121
71 113
16 97
20 29
108 139
119 8
71 103
119 50
85 121
28 115
118 44
31 86
8 52
82 109
130 72
77 108
53 63
20 32
117 55
10 45
39 132
108 125
130 64
48 64
35 111
23 106
94 130
12 26
23 26
70 101
84 132
123 104
24 39
29 131
82 122
126 78
133 2
31 129
29 139
53 86
77 136
53 78
36 102
79 128
52 83
128 32
50 51
96 99
129 72
139 113
116 108
50 74
26 78
86 131
61 97
136 61
117 114
126 102
27 70
124 10
131 56
91 126
136 56
14 16
49 68
61 68
58 108
17 22
129 80
80 107
10 46
29 67
30 114
59 129
53 124
78 112
138 14
12 45
9 52
65 106
56 129
37 105
97 110
139 81
17 70
32 48
64 71
25 64
15 47
19 84
110 138
15 49
40 71
64 85
9 63
2 57
72 77
22 126
131 120
48 92
116 18
81 130
71 137
91 132
60 107
130 124
0 79
81 112
6 83
129 1
21 128
119 95
51 111
11 108
84 128
136 60
16 91
127 110
7 122
87 100
6 61
7 111
64 131
127 139
115 81
116 54
8 95
59 69
24 26
14 54
8 26
56 69
66 85
59 92
124 44
126 8
29 84
98 104
50 109
59 135
12 55
79 103
63 117
131 11
73 127
6 103
137 39
4 24
102 132
135 73
134 132
50 64
123 11
117 100
11 120
106 118
129 44
133 121
80 130
28 73
138 102
76 119
5 87
121 9
46 100
18 43
67 100
38 113
139 97
91 107
123 35
10 32
22 75
39 98
83 84
9 23
6 130
54 67
128 9
22 46
120 54
138 30
116 68
124 91
83 123
116 10
64 79
46 133
135 122
27 28
11 26
27 77
30 34
66 77
66 99
20 51
39 61
50 123
64 109
129 18
133 17
52 53
11 15
65 131
68 93
133 51
29 117
2 16
34 135
13 96
49 79
121 5
32 121
12 131
13 99
13 122
17 86
14 76
45 82
1 65
47 74
139 18
38 106
138 4
31 51
1 3
11 81
124 12
28 94
26 112
86 92
2 34
47 63
119 96
0 116
119 73
51 60
58 69
2 8
44 98
41 118
68 136
50 105
127 63
3 32
53 96
136 78
77 116
55 123
122 112
22 40
135 23
138 77
22 127
81 96
125 124
54 109
20 80
127 94
94 117
39 94
9 115
51 113
77 126
138 88
117 96
68 76
6 13
64 70
4 75
39 106
80 90
16 37
24 37
6 57
28 82
89 102
84 136
21 29
33 72
34 139
57 79
18 106
55 107
83 127
81 124
98 120
23 67
14 74
19 138
82 88
82 102
47 102
47 97
35 75
125 44
1 107
63 129
8 44
71 135
114 125
135 12
23 72
63 103
139 109
136 24
8 86
129 71
76 98
136 115
80 88
74 133
90 107
136 33
125 99
51 120
71 130
26 130
52 91
48 110
75 80
16 121
20 92
59 103
136 19
4 106
69 108
126 18
25 130
134 73
100 110
29 88
89 118
14 124
135 86
123 40
60 77
123 54
33 101
138 95
43 76
29 31
64 108
21 72
31 40
54 121
