67 172
83 157
6 128
44 102
132 187
88 121
7 17
2 94
39 183
115 132
131 155
22 47
63 161
173 189
198 93
145 196
97 169
56 159
5 71
78 198
49 173
34 104
71 105
131 139
13 76
92 179
3 76
62 157
76 156
21 58
72 149
26 106
44 79
160 184
69 180
143 158
109 175
65 173
121 126
67 93
38 170
196 199
70 92
54 111
107 165
45 78
37 65
100 192
83 170
117 166
82 83
101 159
130 173
99 112
5 143
13 156
51 62
63 132
169 192
48 85
139 189
72 161
72 148
63 179
5 124
71 178
52 87
90 140
13 119
36 69
11 39
23 158
111 195
7 69
67 83
82 144
198 28
32 170
47 140
47 190
2 112
77 162
91 192
60 193
41 133
92 175
96 190
79 141
28 49
98 142
140 165
72 131
7 78
15 96
71 169
25 79
39 126
33 89
17 52
92 146
21 80
75 151
14 21
9 108
70 80
90 129
34 39
7 130
89 116
157 178
33 126
10 53
40 186
155 193
89 112
97 180
88 131
33 194
21 88
82 170
63 116
198 30
123 155
21 57
27 157
71 90
122 165
72 83
12 18
33 109
109 198
68 104
4 63
56 183
88 108
61 195
5 89
78 101
71 99
75 112
70 176
47 60
137 151
81 115
105 173
111 115
88 89
112 145
113 133
36 168
168 172
179 184
86 125
176 193
61 147
18 136
49 177
133 137
114 130
179 188
29 152
78 102
14 171
19 177
65 153
1 123
30 64
9 193
67 87
137 138
6 64
51 82
22 52
138 149
13 165
90 104
167 190
96 149
43 174
198 8
162 191
0 166
38 140
36 41
51 107
198 142
5 184
39 153
122 129
27 46
141 146
48 96
64 111
74 164
100 155
116 125
50 128
138 199
27 151
33 139
37 58
79 99
59 69
63 67
104 171
17 119
128 136
15 168
11 151
143 144
34 180
114 156
33 59
47 84
66 142
160 175
130 184
46 99
24 30
61 150
76 152
199 150
22 111
15 17
199 42
37 95
40 56
121 180
1 50
110 174
35 107
111 155
139 157
36 152
26 173
12 137
31 43
30 90
136 152
68 176
38 119
23 116
34 56
152 174
17 175
35 72
45 140
30 100
70 137
32 128
111 157
35 144
46 75
41 162
80 196
128 138
34 43
133 161
90 197
45 72
76 131
103 117
63 198
82 87
7 32
121 159
68 146
36 126
103 121
75 115
62 125
26 135
40 154
69 143
13 16
24 34
30 42
10 51
49 55
36 62
62 132
99 122
90 175
19 186
59 61
35 164
34 100
10 155
100 190
69 166
198 129
52 111
73 110
58 63
36 173
148 183
60 134
50 72
70 105
79 191
81 118
148 180
91 155
73 77
68 108
56 195
73 96
36 117
51 116
31 79
65 98
68 165
74 194
15 173
64 196
4 46
31 61
94 117
150 158
86 183
18 64
23 106
85 180
144 169
48 97
85 106
88 167
41 47
43 70
12 84
71 124
64 114
68 79
64 159
88 160
71 138
198 86
34 110
134 145
41 58
176 185
38 73
88 168
93 195
86 104
84 154
5 96
8 188
76 151
167 180
198 134
25 163
36 91
9 170
156 192
90 135
42 164
42 197
8 97
7 114
198 45
102 189
157 166
38 41
26 42
9 197
77 183
40 185
9 36
82 102
32 193
48 142
173 184
35 186
42 145
88 97
8 23
121 167
70 139
17 107
15 117
99 132
66 135
9 124
30 156
57 103
26 133
15 59
86 156
53 165
28 140
47 74
59 113
96 111
19 149
35 79
16 160
40 106
108 139
2 152
83 178
83 112
75 163
144 152
111 119
40 147
96 127
21 121
19 194
2 9
11 169
73 181
105 197
73 118
18 102
80 95
16 188
29 85
68 148
44 187
65 70
49 94
106 148
54 181
31 50
61 176
22 60
111 189
127 166
33 49
105 168
38 139
105 138
115 120
33 140
148 179
39 125
90 195
113 135
42 194
73 192
101 117
65 120
46 62
33 81
7 182
169 190
79 154
61 189
26 167
80 83
28 188
49 85
20 30
2 147
83 122
7 110
101 126
28 187
96 153
7 113
62 79
9 158
67 124
136 153
103 161
76 172
155 192
25 35
98 170
85 132
75 188
87 116
50 96
54 86
163 196
17 56
114 124
8 80
117 170
84 107
85 167
82 110
11 93
124 151
90 144
16 195
13 51
26 60
75 124
117 143
84 195
49 67
35 110
61 143
42 97
74 176
150 191
5 104
98 113
28 181
94 114
68 187
99 157
30 181
28 136
199 158
94 108
24 88
117 139
108 140
66 133
28 80
74 182
59 110
87 90
63 139
3 88
16 112
43 134
115 168
157 187
8 114
0 66
124 182
40 198
24 196
12 71
94 159
46 97
102 128
23 82
48 128
21 45
19 155
12 102
6 88
73 165
25 139
129 130
15 133
134 155
72 79
83 149
26 31
88 137
57 114
133 172
87 138
35 93
46 59
154 189
13 100
24 27
19 136
119 146
64 102
45 59
33 44
9 148
66 154
1 94
29 173
9 118
95 119
3 198
15 136
131 164
131 190
83 195
177 188
42 136
26 144
106 185
63 94
57 196
51 61
31 181
23 151
151 191
5 118
7 14
198 193
1 184
0 31
62 137
62 100
38 103
84 94
51 103
148 155
34 49
91 150
113 175
10 134
38 56
57 105
178 186
121 143
6 152
69 126
21 38
48 67
199 62
151 158
79 170
199 92
28 124
77 86
19 141
84 192
56 199
81 106
36 195
91 168
34 52
146 165
72 88
41 96
27 174
6 105
175 196
69 79
41 140
58 175
10 33
4 100
59 157
25 187
29 115
48 181
3 6
33 41
1 164
9 92
35 80
41 192
10 102
53 101
48 84
86 134
138 176
140 179
24 138
113 176
75 114
175 191
19 92
78 172
28 40
198 173
27 64
59 129
101 196
91 144
1 57
8 36
37 73
75 199
98 112
23 58
77 138
84 90
23 170
1 85
148 165
2 22
54 125
25 81
97 111
102 181
117 128
160 197
15 54
20 109
99 166
44 62
164 194
59 132
46 101
22 95
199 146
16 94
93 143
17 193
87 157
58 69
69 148
173 175
33 150
86 172
1 113
98 104
21 132
170 188
24 54
114 185
30 81
66 136
58 195
12 193
100 149
43 104
12 68
28 171
47 96
42 103
79 111
6 55
13 64
36 159
11 186
49 154
92 102
116 188
85 192
103 159
161 173
55 124
39 114
13 127
110 191
151 161
19 196
31 150
123 131
50 86
2 25
121 136
72 160
25 60
52 158
47 187
156 166
67 185
18 62
61 196
148 156
22 83
96 180
37 192
33 70
6 155
198 150
8 140
25 181
22 92
58 169
21 119
14 87
25 94
102 138
89 167
175 177
113 191
53 176
20 179
41 167
12 37
86 141
58 87
107 160
49 62
80 188
37 180
31 85
155 174
36 134
33 118
33 73
29 126
156 193
31 126
110 188
56 74
171 184
160 171
29 39
77 158
5 20
51 59
9 77
122 171
92 181
28 129
75 123
4 178
120 146
44 52
55 96
12 83
20 191
128 160
161 190
66 77
20 165
19 115
198 147
30 116
64 112
27 135
60 189
69 77
106 182
165 194
33 95
139 182
57 63
16 85
0 5
119 137
4 162
74 118
119 195
60 182
86 157
12 78
80 148
72 99
96 136
177 190
107 159
93 101
28 151
106 142
14 131
3 41
48 101
12 164
91 128
36 156
37 64
61 158
132 149
70 145
107 176
33 50
92 116
199 95
45 184
144 164
59 166
21 142
111 128
21 59
42 195
198 81
73 103
1 93
11 192
26 47
48 115
0 108
88 128
40 76
64 139
53 79
198 149
99 140
39 98
18 195
13 130
19 112
125 181
67 117
68 189
159 181
11 60
0 4
24 177
109 136
113 157
144 155
25 167
21 128
150 197
95 157
129 151
137 186
28 113
198 187
101 149
74 170
106 181
68 112
29 86
46 65
123 137
5 171
51 131
103 105
89 156
71 193
158 195
199 143
3 192
17 190
68 143
83 148
8 162
125 137
73 173
75 174
125 148
62 170
17 117
13 186
89 187
137 197
55 134
107 168
73 178
162 182
62 73
149 189
95 99
114 191
131 149
25 96
26 56
93 163
32 101
24 89
83 95
82 98
189 193
0 65
55 152
95 182
108 135
117 199
22 184
4 193
61 67
47 78
13 150
87 129
79 175
42 152
46 151
72 153
83 162
21 64
33 56
5 60
77 173
49 124
22 195
27 132
82 163
43 85
69 187
8 86
55 140
52 157
42 185
55 130
108 146
48 87
147 164
59 185
20 48
8 137
97 157
107 149
0 10
126 197
16 38
45 93
46 116
25 149
94 158
24 70
113 120
72 136
83 142
44 180
12 149
71 72
199 61
19 81
75 170
63 104
26 62
67 111
23 174
146 166
155 178
2 144
69 131
108 170
25 42
148 184
64 187
64 163
132 161
46 171
124 180
100 161
78 79
77 197
17 26
42 113
9 117
5 43
3 53
149 162
145 151
119 176
4 5
99 104
59 84
88 144
76 82
39 68
80 108
9 126
13 198
18 29
8 121
172 190
113 164
31 51
86 162
136 191
31 100
35 161
145 194
98 138
132 194
29 41
60 187
199 122
109 116
70 86
149 193
57 89
40 173
43 113
154 185
136 169
160 186
113 190
4 52
176 199
18 141
128 142
2 115
55 117
81 113
100 187
87 187
155 170
28 79
107 120
90 128
2 156
95 102
10 13
15 45
33 161
1 49
4 104
71 120
27 83
164 185
47 185
67 105
31 128
12 147
114 144
32 38
3 80
55 163
98 140
87 178
17 104
63 194
90 142
31 70
42 123
70 129
77 139
89 142
169 185
9 169
98 181
121 133
34 181
41 136
42 188
50 97
67 100
48 172
144 198
145 191
1 124
26 86
99 164
6 185
135 181
12 179
0 84
30 170
4 93
149 187
96 121
181 185
37 112
56 158
15 49
11 183
8 176
9 60
99 142
105 114
71 82
6 63
92 108
28 109
70 114
85 128
48 154
21 103
102 114
154 171
7 158
54 99
54 184
155 185
57 128
125 131
7 88
4 49
56 143
54 108
50 190
122 163
32 173
135 170
6 149
32 118
32 45
15 89
176 194
92 173
8 105
120 148
73 194
43 185
29 198
22 91
18 126
5 179
154 161
137 194
128 131
36 165
23 113
26 94
103 129
92 103
72 73
71 100
44 71
35 138
11 165
150 187
47 125
64 97
67 131
86 94
75 109
91 163
89 137
88 156
41 83
48 138
49 141
121 185
63 90
38 113
152 163
164 184
32 174
58 149
33 104
34 136
0 118
38 187
23 39
85 198
107 125
81 176
172 183
6 139
27 195
27 34
55 185
2 146
36 52
132 182
58 148
35 94
156 185
15 32
87 154
69 119
24 96
20 168
75 139
29 132
93 123
117 140
61 132
88 107
33 163
180 181
26 91
27 172
83 152
71 115
90 153
6 82
74 139
85 170
64 198
13 32
69 169
14 185
183 198
95 196
52 116
48 122
100 199
57 181
14 81
176 179
62 96
142 152
92 149
75 101
51 196
73 84
150 163
59 85
19 75
22 41
68 87
7 123
4 128
48 131
42 171
90 150
89 184
110 133
83 126
86 111
62 154
112 175
58 156
118 124
21 24
30 58
18 37
11 113
43 164
105 188
63 108
75 195
44 130
46 104
23 131
84 188
91 177
46 78
89 171
69 157
57 177
36 182
66 179
33 94
70 72
76 87
37 163
5 112
125 164
39 129
113 173
67 194
16 18
110 119
71 133
115 170
6 28
69 198
63 121
2 10
50 188
22 186
160 174
68 106
8 126
9 122
127 155
73 120
70 183
13 167
107 156
30 113
124 192
109 199
38 61
79 122
47 163
95 166
140 143
5 190
45 131
11 121
9 24
1 142
57 143
10 54
6 59
97 147
30 39
40 43
45 84
84 153
47 118
199 9
38 45
199 25
34 103
53 147
13 78
109 164
22 65
14 192
92 166
45 115
106 123
65 141
147 167
130 155
116 143
162 195
11 131
13 71
5 38
172 186
89 147
66 144
108 162
63 70
40 168
139 169
87 145
26 138
37 148
58 181
138 186
26 77
82 99
73 145
155 169
128 150
182 198
65 132
155 191
41 155
124 170
32 91
121 190
33 174
14 101
24 135
81 85
44 50
87 89
46 77
76 187
6 68
66 146
117 182
44 72
13 87
7 23
36 106
104 148
122 157
48 136
5 85
21 94
182 196
72 114
117 177
61 164
16 88
87 122
71 152
155 198
101 185
128 139
90 92
18 74
54 64
7 121
82 162
53 148
123 195
87 153
52 198
31 115
161 170
96 175
133 193
9 192
30 91
95 156
141 149
61 124
20 142
199 108
129 197
101 112
17 161
172 177
13 105
157 198
66 140
0 135
6 23
17 187
130 185
30 85
66 90
171 197
188 195
136 173
80 104
17 85
7 129
38 67
109 182
117 180
80 179
64 130
33 123
17 29
81 111
179 194
8 184
137 188
48 59
61 78
71 76
75 169
36 188
30 193
71 182
3 106
31 111
116 118
60 113
26 64
162 190
165 182
59 118
153 177
147 162
22 37
77 151
2 181
21 52
63 197
82 117
2 56
127 154
69 125
15 25
73 149
16 100
123 188
23 133
87 118
57 90
2 178
105 181
11 46
10 64
3 52
46 48
199 51
61 93
199 175
114 168
1 176
137 189
40 75
21 166
36 125
13 30
1 183
140 168
148 186
30 139
20 177
161 164
12 64
104 146
198 68
125 178
30 160
17 124
66 128
12 29
130 187
43 111
156 165
13 123
31 36
9 171
55 162
90 174
42 143
51 143
16 42
122 133
43 57
53 87
14 47
80 170
103 182
54 192
33 153
107 132
91 143
6 131
75 83
20 159
110 168
13 23
81 194
3 73
111 116
64 85
72 157
184 185
31 129
104 151
29 48
11 27
20 25
96 103
74 174
106 172
111 118
22 116
72 141
38 144
82 139
8 196
52 165
118 155
75 197
39 112
199 128
74 120
33 87
108 155
15 44
126 198
28 70
27 184
114 138
50 151
108 115
134 191
71 119
39 155
19 146
66 199
71 127
70 100
198 60
4 65
130 141
47 76
22 175
47 142
137 155
179 183
40 153
88 149
59 178
135 182
106 120
102 118
145 178
62 116
10 104
64 122
61 125
54 134
115 133
24 140
139 141
22 148
124 157
87 172
35 147
132 141
133 140
8 76
14 76
110 196
72 183
139 193
29 142
13 196
170 186
34 86
123 136
33 82
21 196
105 170
22 168
42 137
4 161
31 151
52 134
99 154
44 65
131 173
76 138
64 132
78 183
109 191
1 91
86 133
19 66
42 62
11 99
145 153
52 85
177 184
31 106
8 163
74 93
48 159
198 97
89 90
67 163
80 163
102 156
41 141
122 123
49 174
91 188
119 188
28 175
199 112
198 76
91 130
35 66
58 160
162 164
70 155
46 154
187 191
75 141
58 145
125 134
23 37
9 183
73 185
10 149
103 172
161 189
35 87
81 152
37 131
170 183
123 168
10 124
129 156
9 177
2 75
8 106
62 77
94 190
198 116
169 171
5 29
110 149
87 150
76 94
86 188
14 110
11 152
67 192
0 82
28 147
133 148
116 139
199 126
143 174
28 101
34 61
84 112
42 108
75 191
60 69
6 164
55 195
45 194
168 195
2 44
36 127
34 81
73 131
41 118
74 119
46 128
30 186
79 172
135 166
21 125
59 177
19 139
80 144
137 178
123 191
44 74
120 143
3 110
15 83
77 95
159 182
24 85
168 186
49 50
13 58
64 107
26 107
110 156
21 192
45 105
23 135
199 140
47 98
20 62
16 64
27 91
1 11
68 97
135 174
8 74
180 197
5 193
9 149
73 138
35 178
5 164
25 120
108 168
54 160
26 76
7 189
80 165
95 160
57 77
97 193
40 131
33 178
56 186
143 191
22 100
149 170
44 60
6 8
18 178
17 30
42 114
61 74
6 194
13 50
73 79
66 79
69 106
59 183
12 124
19 45
90 109
68 128
132 190
82 167
85 188
94 133
112 147
12 28
78 145
10 90
145 175
15 171
78 160
9 115
78 113
163 171
64 106
38 120
41 97
165 178
36 151
43 133
24 146
85 115
57 97
65 91
0 75
10 193
89 185
83 144
29 153
74 83
19 51
31 160
12 87
7 11
30 48
52 118
107 134
60 62
38 100
83 143
106 197
78 126
31 47
80 87
123 194
95 132
10 120
87 142
94 151
74 187
81 157
192 197
36 133
13 174
53 168
133 165
71 196
52 83
19 55
124 187
23 186
33 137
24 104
78 150
35 180
11 127
1 68
66 70
33 106
83 164
3 144
151 166
103 178
186 197
66 105
105 140
71 141
119 175
31 161
79 109
82 108
69 135
29 189
198 117
29 164
54 57
184 190
91 194
23 53
35 163
139 144
90 184
76 106
56 170
124 153
62 109
142 184
32 146
45 51
45 141
93 181
37 117
19 79
107 179
27 118
27 45
29 52
39 142
58 126
9 63
109 185
198 83
17 18
10 15
119 193
0 77
14 169
199 144
128 161
99 131
20 104
137 179
129 193
20 74
8 185
11 185
153 163
28 56
55 148
131 142
11 16
64 161
89 91
31 164
12 48
28 164
82 149
116 154
35 39
34 73
22 85
58 142
43 187
68 173
124 178
140 148
50 162
121 193
134 152
104 133
105 163
5 73
66 95
75 165
36 55
108 147
81 101
14 156
45 50
102 188
10 119
18 26
44 66
199 132
62 99
32 139
122 180
8 109
64 176
89 165
119 194
78 139
59 156
131 185
95 113
13 124
4 181
19 98
52 76
115 159
6 74
18 58
76 167
3 10
79 165
140 142
149 167
70 190
42 190
93 174
16 121
20 196
170 189
67 154
24 166
139 142
105 128
117 141
23 55
116 119
61 81
178 183
5 45
133 191
74 166
11 102
14 143
33 148
11 160
76 99
35 175
161 198
53 149
26 193
98 119
118 127
105 160
26 132
10 30
92 197
61 80
122 151
101 175
120 140
25 140
48 186
104 115
8 136
11 33
31 54
7 198
73 102
102 163
73 187
160 162
76 177
45 158
52 171
20 180
44 163
33 61
46 74
103 179
120 163
2 171
86 165
26 52
60 95
22 82
57 95
34 164
65 83
39 110
80 82
138 178
2 153
6 30
12 36
102 174
114 129
23 98
65 179
38 157
34 37
114 147
120 166
101 184
120 158
132 162
57 187
2 16
39 148
149 183
27 131
53 82
64 160
128 146
61 152
2 66
110 152
51 150
60 185
16 89
33 141
3 66
63 133
19 118
14 141
24 100
120 137
54 93
43 121
38 75
63 75
83 86
4 10
44 99
50 150
1 162
11 59
45 182
85 177
3 191
16 184
144 192
138 172
18 119
109 143
112 156
33 133
16 114
68 95
191 192
127 170
9 103
49 91
79 106
103 134
68 88
103 177
37 176
135 148
199 79
2 68
122 148
71 73
28 199
199 130
157 164
52 124
43 69
126 195
9 43
117 178
74 131
6 187
71 96
180 185
85 151
44 53
2 49
9 49
152 170
4 25
106 140
31 144
43 80
138 183
1 167
70 165
70 115
17 165
143 197
3 64
121 178
198 140
86 199
76 95
65 78
40 98
95 180
8 120
31 147
105 190
69 139
80 186
9 38
26 179
106 168
35 167
117 131
22 89
5 50
199 120
38 133
134 194
28 162
58 140
110 158
77 196
69 89
46 114
199 183
29 68
3 138
186 198
13 175
35 126
131 137
31 86
70 118
84 106
72 155
71 155
9 68
47 89
27 181
116 186
69 178
46 163
37 83
53 175
64 78
5 66
23 29
40 58
115 178
62 195
126 176
64 131
167 196
79 153
125 157
13 75
39 178
2 51
21 36
51 128
166 172
53 98
33 165
75 130
151 189
73 196
60 86
135 142
40 141
15 92
4 51
53 157
17 24
153 173
189 196
29 185
12 76
24 170
51 81
49 187
25 62
60 149
43 97
148 164
106 153
10 31
23 25
86 168
101 142
119 131
23 32
179 192
116 195
37 41
80 121
62 166
76 185
78 105
63 175
52 167
56 132
85 130
87 170
39 79
59 171
34 197
16 84
88 93
89 130
125 149
103 106
3 177
71 150
17 68
62 83
22 36
109 188
146 171
198 6
22 173
17 168
40 45
161 175
14 18
198 194
85 91
7 165
174 189
43 168
32 78
62 152
131 176
20 38
24 167
64 84
47 81
16 158
109 159
11 97
173 176
34 119
87 92
74 158
100 137
55 149
165 190
27 177
199 54
48 49
91 138
66 177
89 135
54 170
1 81
16 172
64 143
110 129
46 52
116 124
47 171
27 110
27 190
141 159
6 123
26 159
195 198
66 84
29 117
113 114
79 140
176 187
32 57
155 176
27 65
26 38
141 155
135 138
37 171
35 133
91 96
17 60
28 71
12 118
86 143
45 49
118 167
74 152
90 134
131 132
162 169
121 183
39 109
9 101
40 180
36 109
45 159
57 135
11 162
25 164
66 168
9 100
9 164
1 95
136 162
56 58
8 29
126 180
119 154
104 177
69 140
47 169
188 193
43 44
34 193
7 187
57 157
78 115
6 78
68 126
109 153
147 189
23 107
93 117
197 198
172 193
71 129
48 165
163 177
107 147
27 126
42 155
64 93
64 192
119 136
10 129
16 80
47 137
25 80
131 195
159 177
40 54
89 170
163 172
2 157
20 122
120 150
6 101
0 33
92 106
96 131
130 161
15 27
96 146
46 108
105 184
198 102
31 193
45 111
20 154
44 86
46 123
120 179
38 197
58 173
68 136
96 166
16 151
1 8
146 176
198 191
15 110
54 84
8 182
52 161
66 94
3 93
32 61
106 173
4 81
34 83
128 144
40 70
83 177
130 156
84 118
50 127
69 162
19 178
30 163
83 140
136 176
43 136
141 176
61 140
28 161
142 168
109 145
39 162
9 163
24 114
61 96
28 185
29 120
79 182
21 134
30 89
74 142
20 153
109 115
78 158
9 46
6 126
24 25
76 91
52 184
16 186
51 77
74 136
25 126
46 181
125 199
37 181
0 159
127 180
1 7
148 192
66 194
61 126
185 196
148 153
37 78
166 168
13 143
198 2
47 166
141 185
51 197
149 153
58 153
29 187
190 197
109 157
158 172
12 67
0 58
27 88
199 23
155 187
103 143
50 140
145 185
2 179
41 180
21 63
115 182
71 184
14 165
58 83
152 193
100 179
18 128
100 132
198 71
27 82
31 177
38 80
5 156
93 131
66 151
28 75
27 105
50 157
6 96
84 96
164 173
72 192
115 124
22 109
4 74
103 153
198 91
61 85
5 61
34 111
48 104
2 101
27 72
95 141
50 123
77 179
134 162
199 31
36 146
27 192
107 192
27 39
169 181
80 156
39 135
8 145
145 161
5 25
51 112
2 13
27 187
152 179
199 106
112 183
102 190
1 190
129 172
125 179
117 160
90 152
47 135
142 178
101 167
33 90
143 194
104 122
16 197
99 195
23 139
115 172
92 115
12 75
42 180
6 21
35 137
22 62
70 109
76 165
65 140
41 62
191 195
187 199
6 95
50 90
24 68
31 189
67 188
198 112
12 54
50 108
116 141
34 148
130 137
122 131
5 150
4 119
158 198
83 193
21 33
54 83
59 199
40 128
70 89
37 80
67 162
129 166
97 123
29 191
46 139
198 113
63 85
11 70
131 186
74 124
81 87
5 109
48 119
39 49
8 123
129 188
16 78
106 174
7 105
10 18
172 180
68 69
26 84
22 86
70 107
84 162
46 150
64 137
67 107
20 86
35 91
91 132
12 98
124 181
39 127
122 125
44 129
126 185
114 167
31 87
73 89
5 26
16 55
4 97
113 139
128 179
85 197
105 113
54 97
141 153
127 191
134 177
87 113
174 185
97 103
77 133
35 130
87 171
9 15
43 149
44 197
11 112
113 195
21 150
47 61
41 182
69 176
46 72
86 196
41 71
63 155
101 116
54 68
2 126
7 18
165 171
172 178
5 140
56 137
198 125
102 144
74 84
187 193
36 128
54 135
3 61
26 57
25 189
78 163
13 121
22 28
27 165
27 148
3 189
20 52
110 147
87 101
4 64
73 135
60 140
141 156
8 151
13 168
74 193
65 90
34 98
2 60
71 121
80 140
56 161
1 160
58 112
129 170
19 33
39 113
58 198
24 176
83 119
62 144
16 191
57 100
105 132
87 160
11 48
27 63
143 151
73 133
61 185
148 196
66 99
33 135
66 119
85 145
199 4
134 157
17 92
49 146
17 138
90 101
89 173
118 157
28 178
67 180
54 151
70 116
41 91
86 155
9 28
28 84
79 189
49 195
53 141
60 66
73 98
12 134
94 95
125 189
41 76
23 173
78 114
149 188
26 174
112 188
157 175
50 78
106 188
39 149
97 139
20 187
53 194
118 151
199 172
142 154
148 151
7 47
5 91
107 161
153 188
9 194
91 181
123 174
97 160
8 88
6 100
12 142
101 163
21 130
151 170
25 196
17 76
18 88
143 155
49 194
171 196
90 141
63 151
6 107
57 150
20 190
85 171
37 152
58 137
0 21
84 147
37 162
33 108
70 193
116 132
78 104
26 66
30 60
91 184
112 134
105 147
69 165
22 50
55 102
199 173
54 58
107 151
13 192
79 80
146 175
138 185
56 120
97 110
61 133
43 188
59 182
31 93
152 160
30 33
118 184
98 187
109 174
60 75
41 197
48 145
46 54
29 43
120 128
96 179
70 122
47 199
83 175
24 59
75 122
85 159
18 129
6 14
97 156
159 195
2 105
76 160
122 162
62 172
147 168
25 57
130 172
130 146
71 165
68 96
142 190
100 160
59 170
38 91
71 142
65 167
64 167
10 100
115 139
6 36
153 196
35 38
5 144
48 114
6 144
113 152
94 130
56 84
34 116
0 49
116 176
67 189
121 186
6 91
112 123
147 153
11 40
1 5
58 125
11 90
36 190
12 105
146 189
22 70
95 158
39 152
88 105
94 178
18 81
101 136
8 181
57 68
85 131
153 157
64 101
9 86
159 187
20 169
79 174
19 106
86 116
111 169
145 183
35 60
106 119
113 171
4 187
53 137
145 173
31 141
56 128
88 186
101 191
25 74
9 129
8 71
199 198
113 142
28 95
105 115
14 34
43 103
9 11
152 153
104 152
90 166
87 137
36 81
65 74
23 178
88 166
152 158
93 152
132 195
11 103
11 170
15 192
60 163
98 114
20 111
57 145
138 157
122 189
57 158
1 35
0 134
58 187
51 111
42 112
112 121
8 94
84 182
124 194
135 175
14 121
169 179
25 52
96 119
53 78
153 193
92 182
121 152
36 65
125 180
114 157
141 160
11 68
10 156
107 126
128 186
1 157
104 118
118 159
127 184
45 67
131 171
37 195
69 182
66 73
9 181
52 169
5 76
46 129
86 88
21 43
120 162
75 88
70 164
117 173
53 58
73 163
26 32
24 37
10 77
149 181
198 11
32 110
20 54
109 187
49 103
178 196
5 16
130 190
9 137
0 154
27 183
110 166
62 133
40 130
71 91
48 100
37 55
52 101
118 186
0 74
7 53
124 137
35 62
84 183
63 127
40 63
52 131
86 194
64 110
47 174
35 190
5 165
24 193
28 128
17 133
34 90
162 168
138 191
24 64
82 191
50 81
123 170
105 139
39 181
0 124
90 130
55 57
32 140
89 199
32 195
37 87
155 197
135 146
45 170
81 133
39 139
199 110
49 183
127 152
148 154
66 170
12 183
75 77
88 161
120 189
2 42
41 100
68 89
57 119
80 146
80 123
114 117
48 55
59 151
91 133
36 119
120 190
90 185
53 146
122 179
0 54
134 159
8 175
10 11
90 139
151 178
17 84
13 178
17 82
125 136
39 43
46 188
185 188
108 156
26 55
14 133
90 158
98 120
104 128
95 168
145 177
39 131
133 176
44 160
83 146
143 150
115 171
43 156
60 188
26 50
25 150
18 92
9 174
19 85
79 146
14 163
128 181
47 173
81 177
4 40
2 29
176 177
83 199
199 68
132 137
8 192
142 187
79 116
91 127
109 178
70 174
59 198
14 31
142 173
38 82
116 136
98 121
53 136
62 136
5 185
134 175
189 198
30 195
32 154
28 74
38 66
59 116
78 157
41 148
55 198
15 163
139 149
49 149
0 68
29 177
10 125
41 173
88 177
10 126
13 101
184 193
176 197
51 148
62 190
75 161
94 194
60 132
146 152
2 24
103 196
44 162
131 133
31 104
121 128
78 184
56 111
119 139
130 167
22 157
141 150
18 105
87 115
132 167
198 57
34 69
51 168
1 54
4 59
44 140
0 176
34 108
23 104
198 159
1 174
9 150
145 159
38 177
2 100
18 161
63 73
12 191
18 78
44 96
3 24
49 157
94 197
112 162
73 156
93 171
53 65
30 109
105 124
125 159
31 162
13 184
132 181
89 150
4 145
105 121
60 190
78 192
68 167
17 69
65 116
22 134
57 178
49 140
133 189
37 88
15 148
49 186
115 123
77 198
24 81
68 172
10 177
33 188
90 167
65 107
50 55
59 93
38 180
14 58
19 61
81 96
12 23
135 172
25 90
20 96
47 128
130 182
137 162
76 126
68 137
134 173
72 162
93 197
40 66
67 84
16 198
23 197
12 165
19 94
38 51
70 73
180 198
37 170
127 188
115 146
65 118
35 120
36 72
100 134
52 178
174 193
50 161
18 142
24 139
10 145
143 152
55 199
72 150
148 161
18 52
138 152
12 17
35 47
43 131
60 172
104 153
130 140
51 160
186 191
107 117
184 186
49 81
42 107
97 98
30 194
44 174
19 190
43 153
38 168
48 57
105 136
101 190
1 77
131 143
23 40
65 175
101 133
2 191
20 75
42 163
12 199
25 101
53 193
25 136
63 160
131 189
74 130
28 159
123 125
111 175
107 130
32 43
99 149
86 180
0 181
120 126
159 160
91 189
20 23
44 189
10 44
35 97
45 165
18 177
78 85
67 132
77 83
140 164
15 101
139 199
108 164
19 110
5 137
166 167
32 68
35 194
32 76
86 114
88 147
24 116
28 103
57 79
18 164
53 174
96 112
116 193
27 37
113 184
45 178
30 65
125 165
45 123
6 153
3 45
71 92
85 165
27 188
20 163
108 183
8 65
63 186
16 130
30 151
83 158
20 46
98 158
166 169
53 122
92 126
105 110
31 40
27 163
145 182
75 103
199 152
198 162
65 165
2 121
176 190
28 86
96 105
64 148
61 197
10 65
98 126
92 160
199 163
28 36
67 190
16 32
15 197
52 193
171 175
28 107
111 174
9 35
20 91
81 129
72 176
38 138
36 155
157 169
1 41
128 137
30 138
139 170
17 77
16 93
198 15
5 173
54 148
101 122
127 160
18 49
54 75
0 73
71 111
65 88
2 59
55 150
86 96
115 186
149 172
111 122
98 123
44 149
9 22
83 96
43 182
111 160
2 199
116 151
103 160
44 84
155 157
105 117
174 180
117 150
47 167
75 104
95 183
26 152
41 123
25 161
56 90
20 133
89 106
29 102
49 128
131 192
115 118
25 59
61 89
157 186
8 16
8 45
79 112
102 115
65 106
5 166
59 140
56 131
198 26
117 157
69 191
123 158
2 142
22 181
74 91
142 192
59 161
73 148
158 170
109 170
0 15
126 151
78 116
152 154
88 188
173 187
28 144
8 61
41 109
198 89
15 193
36 61
181 190
87 190
86 130
56 89
88 153
34 178
14 27
62 106
172 196
82 135
58 81
57 167
87 95
12 176
30 174
174 184
62 192
13 93
77 111
54 120
105 145
145 180
37 54
4 89
14 161
88 123
113 161
8 195
133 139
82 130
9 27
101 104
43 193
75 146
100 169
175 176
1 64
53 113
19 62
100 135
75 192
64 128
25 119
151 163
42 78
116 182
108 172
199 88
104 126
47 73
0 9
140 177
35 44
59 79
13 39
83 190
199 123
50 115
99 103
118 189
146 198
4 112
170 175
130 144
84 166
151 196
0 170
71 139
93 111
130 151
27 75
136 187
198 72
109 171
50 85
5 88
27 40
23 49
143 171
107 154
47 136
71 183
114 142
102 139
46 112
60 138
35 55
134 176
53 89
22 138
45 135
82 148
57 117
85 87
143 177
62 182
114 134
132 175
108 110
39 174
53 68
57 102
50 56
109 114
0 188
7 34
110 193
0 101
28 155
0 126
11 128
27 198
7 128
21 153
77 153
57 67
115 189
3 42
86 184
54 112
12 55
4 11
47 80
142 196
17 131
88 180
51 183
40 187
1 137
9 37
88 111
166 195
8 108
63 190
103 146
22 153
4 15
0 76
16 50
52 64
14 23
20 43
1 28
143 161
10 86
22 152
148 173
60 71
7 21
64 76
82 195
75 172
36 189
107 123
36 132
36 185
32 122
23 177
45 191
67 110
59 149
45 151
65 133
107 133
49 198
51 142
113 159
11 69
105 158
109 169
117 197
18 54
153 199
99 186
87 99
60 168
56 76
19 128
69 173
16 77
49 79
20 56
52 104
100 124
20 178
120 138
1 10
139 195
78 174
109 138
22 114
49 63
31 186
50 166
124 134
127 172
68 180
24 79
115 195
27 73
0 53
132 192
109 184
123 150
1 6
20 34
81 147
76 134
12 174
21 56
44 185
13 185
7 82
15 119
92 164
53 117
90 176
50 189
99 188
94 149
19 154
87 198
105 152
34 149
92 107
109 166
103 166
62 88
53 132
75 98
82 188
115 187
38 198
75 142
83 145
79 149
168 180
45 107
44 136
14 128
17 38
71 181
55 74
70 111
27 182
11 18
122 167
10 123
14 63
89 149
76 125
137 149
175 198
70 196
50 163
58 184
19 76
9 82
16 43
45 121
152 177
114 196
82 85
25 32
101 132
46 84
164 186
148 195
68 114
1 17
22 51
198 101
106 137
81 103
49 134
54 150
116 164
98 129
27 49
137 183
74 165
120 178
96 186
136 194
72 108
96 188
15 152
119 169
45 125
4 131
51 89
19 35
5 147
3 168
119 135
68 73
138 140
118 191
19 148
170 192
6 129
57 87
17 74
32 124
25 97
51 153
53 86
13 81
9 145
80 132
32 159
56 182
85 152
25 84
109 155
57 165
136 195
41 101
127 173
145 172
21 87
104 137
20 106
106 138
45 164
19 119
49 108
62 91
82 193
39 192
66 152
0 41
136 157
85 129
79 160
69 150
179 193
171 186
124 150
12 148
198 128
63 183
3 132
18 86
26 102
110 178
110 170
41 139
88 155
92 134
18 191
198 51
46 195
4 157
111 163
139 185
68 149
65 97
81 159
59 64
92 125
38 195
39 56
63 129
82 84
8 90
145 197
1 169
52 60
145 174
96 116
36 94
36 139
61 107
79 197
7 16
40 111
90 125
45 179
89 176
108 124
20 24
138 159
9 33
51 132
2 128
80 169
40 176
153 162
33 144
116 122
13 180
30 49
36 37
130 166
96 187
0 141
8 177
24 106
162 173
112 174
23 44
0 194
47 143
65 181
4 35
31 191
72 187
22 48
127 141
65 152
69 96
11 65
110 175
23 156
88 151
36 157
149 186
66 81
89 190
2 139
29 100
12 53
37 66
22 122
63 136
145 195
128 141
141 154
30 177
7 31
69 189
121 134
19 152
32 158
101 127
159 175
42 64
92 121
56 108
147 196
42 156
35 187
122 127
14 60
49 52
78 121
128 187
102 160
36 47
19 63
42 174
55 187
32 69
26 65
87 105
81 167
36 130
27 79
13 122
102 177
101 131
90 131
31 195
156 196
69 108
93 99
125 156
72 151
15 195
101 155
80 191
8 62
38 128
51 123
58 141
199 182
49 125
31 159
52 68
21 133
21 60
6 143
95 116
20 171
131 169
132 174
116 117
86 182
134 142
62 85
12 144
72 110
20 197
33 71
39 154
73 78
76 111
19 108
157 167
37 124
26 34
38 123
76 88
62 98
4 69
59 73
12 52
42 74
76 181
106 165
94 170
40 59
115 199
86 167
144 191
55 166
36 180
68 86
48 111
44 141
96 133
108 148
49 115
20 114
70 71
77 103
27 136
93 179
113 137
88 91
66 91
64 190
72 146
91 158
88 169
9 102
37 48
3 124
109 173
3 145
98 190
38 153
9 179
51 151
102 152
180 187
37 90
154 198
94 180
17 123
12 26
64 193
163 175
23 97
32 98
4 55
178 182
37 49
13 197
164 190
53 100
26 51
71 154
53 124
59 187
30 50
66 187
11 163
137 182
86 142
12 132
34 186
198 176
106 128
112 179
2 86
