49 68
69 1
31 32
21 30
69 40
12 44
66 13
64 39
38 67
3 51
6 55
69 6
16 55
16 48
67 10
22 23
12 69
69 2
44 56
23 41
4 68
50 64
24 41
7 64
2 66
26 49
2 65
50 58
32 47
69 7
12 21
39 42
24 35
15 26
20 39
67 48
10 24
35 42
59 62
55 66
7 40
69 32
31 56
20 60
42 48
6 45
0 35
66 35
0 17
1 59
47 50
11 53
31 55
6 34
22 56
25 32
46 59
30 51
52 69
45 59
7 17
67 47
6 56
9 55
17 48
31 53
15 40
17 66
44 60
10 12
47 58
25 56
7 18
34 51
47 60
23 26
28 60
32 63
66 4
23 63
64 24
13 37
10 32
25 43
34 40
15 19
37 56
54 58
1 46
7 44
13 21
5 52
12 56
5 23
26 58
65 27
5 30
53 57
5 28
3 52
3 53
36 65
4 46
49 51
9 23
34 38
38 51
6 57
65 63
41 56
24 50
23 32
0 63
30 32
5 42
69 61
13 24
68 48
8 67
34 60
24 49
12 43
5 68
45 52
25 29
10 56
4 67
34 62
39 53
38 63
65 11
36 58
36 63
4 56
25 28
48 61
12 33
39 65
57 61
0 3
1 4
66 21
68 62
2 20
42 64
28 49
8 27
43 57
4 45
6 15
44 45
49 65
23 58
65 45
32 39
29 69
6 60
45 62
10 33
8 62
66 20
66 60
19 58
22 28
4 69
12 19
25 31
12 17
69 31
19 41
11 62
63 69
69 22
64 17
42 47
64 20
38 50
68 2
15 61
5 34
18 44
68 57
12 50
35 61
0 10
64 56
6 9
11 12
50 51
31 65
25 57
30 58
58 68
40 42
9 10
36 43
10 54
13 61
36 51
14 42
66 47
4 62
47 56
32 41
69 35
38 61
64 35
37 57
64 10
62 63
1 54
42 59
64 31
41 63
0 9
0 56
0 54
5 64
68 61
9 48
42 53
46 66
2 40
26 59
18 53
46 61
26 61
65 9
12 39
69 58
6 49
26 64
3 17
23 27
30 31
10 59
25 54
27 34
15 28
25 46
28 57
9 39
50 52
7 23
6 19
55 67
65 68
68 27
28 41
7 46
55 68
16 34
16 54
13 68
32 64
66 23
14 49
21 69
5 8
30 59
0 13
40 48
12 64
25 55
3 63
20 58
10 55
51 62
64 44
67 6
8 50
12 31
52 65
69 50
65 6
65 0
0 67
38 68
2 4
67 2
23 25
1 18
37 50
13 59
10 26
8 16
18 32
36 53
65 69
48 53
0 23
26 33
14 25
28 58
66 36
4 49
14 66
31 63
3 59
17 45
59 68
46 62
30 54
11 59
