152 264
75 188
158 218
49 150
76 147
44 196
38 104
82 152
50 180
187 248
232 235
87 223
229 232
188 197
142 263
63 80
128 224
22 225
56 201
82 106
45 84
146 249
34 247
243 265
47 106
223 236
239 241
100 220
61 82
273 115
2 109
172 260
21 184
115 210
27 72
37 161
121 135
112 165
47 48
100 149
85 274
62 87
20 159
20 189
68 182
147 264
12 223
56 202
99 162
68 232
53 151
12 172
111 132
17 131
17 273
204 273
40 235
274 64
53 229
62 208
84 99
183 232
151 272
231 252
3 32
128 164
160 166
41 115
129 142
274 251
23 224
261 266
78 247
101 272
22 106
131 268
274 31
111 260
149 213
109 245
35 171
109 171
37 227
5 51
67 152
44 198
42 77
167 180
130 196
41 165
84 273
151 242
116 140
66 171
60 62
132 147
53 220
56 122
20 213
10 74
29 99
92 227
17 48
157 207
56 112
10 102
26 145
42 157
27 41
70 237
24 54
5 169
112 123
235 245
6 210
20 131
57 149
45 51
96 215
107 141
95 203
58 226
70 264
26 90
234 250
40 190
208 234
234 249
138 155
102 154
8 239
112 192
24 100
171 213
107 165
236 248
228 232
222 249
29 152
201 247
141 179
177 262
101 223
90 266
11 250
98 127
2 207
50 117
208 257
144 186
132 237
41 127
86 144
44 113
97 172
118 189
113 211
73 227
273 270
53 146
50 202
268 271
112 222
55 249
196 221
12 243
60 105
9 199
3 73
66 223
61 126
211 255
129 260
81 151
21 165
191 268
42 180
91 92
70 77
49 125
134 140
90 257
139 271
51 79
81 114
74 259
49 88
99 244
10 247
143 179
122 235
31 70
97 251
263 270
18 144
59 60
72 269
35 66
73 159
36 184
119 165
74 145
108 188
69 192
75 108
16 70
67 102
18 100
47 102
169 176
18 239
88 176
193 254
11 212
68 76
71 148
11 87
78 156
160 251
183 187
273 49
36 80
91 100
258 262
195 261
42 57
83 140
103 125
67 228
5 14
32 117
15 188
200 241
196 257
71 236
137 188
187 273
104 137
165 242
153 183
129 151
85 195
81 199
142 229
202 257
221 242
256 268
24 178
8 173
67 175
56 170
162 246
129 163
136 246
32 245
72 231
57 115
40 218
118 224
189 263
87 253
33 247
73 244
237 255
129 154
175 245
40 92
143 195
11 268
105 107
57 139
129 164
211 234
187 231
181 199
7 10
56 251
170 205
137 248
50 140
197 215
59 205
150 188
48 109
1 76
154 166
78 236
33 61
32 99
216 266
189 250
99 163
177 229
98 132
12 130
102 220
17 197
57 95
105 263
62 243
100 197
43 271
42 143
30 108
65 168
64 229
52 76
5 269
21 174
206 232
105 226
23 203
194 219
60 259
5 32
78 266
273 160
217 263
247 272
102 117
28 163
152 210
33 250
8 73
38 74
273 66
111 239
9 85
83 212
50 270
157 240
40 88
21 172
28 107
130 242
114 203
25 214
167 175
168 181
214 221
48 54
77 130
178 206
25 119
194 253
46 191
273 31
66 86
74 204
214 233
6 134
225 268
23 272
249 254
209 252
20 251
175 183
69 202
34 60
75 94
103 196
48 257
43 71
64 238
87 207
130 235
165 213
189 241
215 239
36 132
232 273
108 262
18 251
32 172
98 155
44 249
19 233
71 241
82 108
135 231
20 225
165 225
9 211
176 214
99 126
236 266
3 30
26 147
173 263
43 270
19 86
156 262
138 216
71 191
144 212
124 168
19 201
209 222
166 198
180 252
37 121
53 235
11 151
36 43
43 122
79 229
176 254
11 114
9 160
11 204
54 163
64 165
33 82
220 248
130 139
57 129
57 105
274 120
23 41
13 166
5 264
15 139
75 92
34 200
91 94
273 114
136 169
32 247
161 214
133 210
198 212
85 212
273 111
208 238
43 222
143 180
56 95
23 145
4 85
40 108
33 133
135 175
0 99
9 180
46 245
86 130
116 214
16 49
32 71
153 258
121 171
129 212
50 51
37 226
272 274
28 164
41 266
141 263
274 48
46 82
21 103
83 249
22 199
16 94
95 179
199 235
45 212
230 243
221 274
83 174
26 53
215 256
181 240
51 185
146 174
122 232
135 138
151 187
35 46
70 151
79 194
44 168
1 136
129 175
66 260
88 215
19 148
113 129
112 229
143 255
18 174
2 150
116 180
27 99
143 199
103 129
59 206
55 136
162 231
7 254
116 268
39 118
113 236
20 237
2 174
23 241
125 161
179 208
92 145
79 104
173 203
72 141
127 265
204 230
114 252
120 179
12 32
66 124
192 223
4 42
52 96
84 212
78 224
229 230
248 257
41 271
234 267
159 216
46 268
212 248
56 178
190 229
90 130
58 257
115 124
17 68
4 182
90 262
181 236
123 235
247 253
25 160
141 173
76 246
35 256
220 254
5 255
127 155
67 122
21 248
141 224
131 166
101 232
111 259
132 153
64 65
10 12
209 211
153 180
128 172
187 226
274 242
21 173
77 274
47 219
162 263
10 248
73 75
33 119
145 249
160 163
114 125
273 180
87 101
10 208
67 218
68 210
85 267
7 212
120 174
239 246
135 180
45 185
44 79
17 56
47 133
136 260
123 163
15 185
71 137
75 130
103 264
24 69
232 269
8 149
96 109
68 87
186 272
111 160
51 220
17 254
182 248
10 271
40 223
31 162
21 163
10 49
206 271
15 214
161 176
235 271
154 237
82 173
63 124
40 155
95 149
72 239
141 253
66 87
38 255
103 131
227 243
130 213
126 190
6 67
214 267
229 244
19 70
93 168
38 188
14 247
50 163
169 188
144 201
52 53
20 107
87 115
224 233
201 253
124 126
41 80
38 159
193 264
180 247
13 108
134 144
156 217
47 264
21 241
79 258
91 212
108 176
16 119
215 227
12 262
64 104
245 257
49 106
114 267
104 110
51 146
154 196
90 128
34 191
34 221
191 261
146 227
274 56
18 265
81 158
87 274
83 135
40 150
27 219
79 152
30 41
57 171
51 109
0 108
196 252
60 66
50 201
273 107
186 236
130 204
65 109
82 153
175 181
246 268
186 187
141 183
62 127
33 216
41 97
178 272
177 234
137 143
19 154
32 114
106 198
28 219
85 177
135 150
47 98
95 144
78 271
59 272
76 104
1 169
70 259
56 117
67 119
5 262
18 124
30 194
9 76
74 215
241 253
106 171
169 221
31 238
102 128
87 204
273 214
51 148
95 188
150 190
139 202
51 223
184 267
22 195
66 257
3 242
16 59
93 108
63 100
116 188
124 256
274 78
42 217
48 251
154 265
22 129
35 239
11 161
92 148
69 134
123 204
8 269
81 141
96 265
154 207
106 165
60 166
274 200
25 76
41 212
30 257
45 59
13 79
20 39
83 147
18 92
67 157
110 127
8 229
14 226
30 83
137 144
75 212
128 246
168 232
11 38
125 231
6 269
106 190
136 153
32 166
247 248
177 246
143 192
30 50
97 167
142 238
102 250
11 209
31 116
138 240
98 123
157 204
83 162
48 236
27 143
4 239
75 140
94 260
58 272
73 92
106 268
91 229
83 122
37 211
213 268
201 223
218 258
81 174
48 69
189 217
30 155
28 73
117 151
55 143
37 167
166 215
103 157
16 77
67 135
180 181
15 161
9 251
134 263
28 64
47 117
13 231
162 230
113 247
31 103
45 103
106 213
23 58
226 245
182 233
185 199
21 209
36 182
70 198
18 252
32 248
124 237
80 253
15 140
15 251
159 227
150 217
264 273
131 199
50 219
41 272
163 181
123 237
214 266
144 258
84 213
106 148
120 176
103 160
166 261
3 53
106 270
273 134
116 247
33 43
146 204
104 134
112 167
30 93
61 205
244 255
150 226
32 127
57 194
48 157
63 91
218 219
27 94
83 130
165 257
0 231
95 100
51 63
83 267
156 187
274 0
53 252
143 164
91 123
66 156
19 116
78 159
141 169
34 179
273 244
27 240
44 65
18 231
274 68
56 131
89 269
3 204
184 229
221 257
53 231
84 203
18 264
57 184
80 245
21 95
102 143
204 265
4 145
205 231
32 251
274 191
77 102
137 203
16 197
32 105
9 97
31 106
4 235
161 231
112 134
59 103
220 272
50 237
50 187
32 189
140 196
78 115
106 206
58 141
131 141
193 259
15 182
10 260
187 230
33 45
148 162
114 218
73 162
217 223
23 151
144 220
173 228
197 208
12 265
274 172
10 119
30 127
155 270
149 220
6 70
76 180
164 190
4 130
130 237
95 104
218 254
61 167
48 170
72 246
45 133
61 100
109 146
98 248
80 132
140 267
113 155
95 196
232 249
68 272
54 90
219 254
120 186
143 167
42 114
119 154
38 113
56 77
14 263
1 57
88 167
167 249
131 244
15 102
15 29
1 39
90 268
185 227
23 36
142 261
16 144
47 149
99 272
139 264
18 55
194 200
57 145
52 272
110 250
192 230
51 115
60 253
3 41
1 28
37 205
89 220
19 273
125 177
82 100
170 180
72 162
44 62
94 200
225 242
108 199
70 225
24 147
59 231
91 190
8 30
63 256
142 257
0 118
274 209
124 162
76 144
122 130
44 88
15 240
52 71
72 89
0 49
49 252
92 246
58 162
73 153
71 246
34 157
73 124
178 227
4 23
28 203
118 168
9 122
274 49
55 59
227 242
27 145
47 184
125 155
121 203
64 221
57 231
74 114
55 186
59 264
102 200
273 217
102 157
84 108
62 254
0 2
65 120
27 131
38 152
17 55
100 262
70 92
45 55
148 211
44 126
12 168
200 204
11 225
12 209
39 45
127 223
89 242
33 81
31 41
154 219
165 214
39 189
12 101
119 151
40 134
188 274
88 212
14 79
42 64
129 250
54 141
234 268
131 179
170 270
61 175
119 197
59 194
109 258
35 260
80 137
2 231
14 28
31 147
23 144
71 253
5 44
2 165
49 51
227 232
185 262
55 205
23 84
12 99
108 250
115 191
17 117
31 241
44 183
92 100
103 213
86 249
23 77
5 29
187 211
66 233
14 219
89 240
233 273
151 254
47 64
13 248
35 154
273 199
130 246
53 72
11 240
53 176
226 248
46 150
60 137
22 79
261 262
218 234
274 238
1 271
10 110
65 265
94 141
38 186
26 201
20 115
63 120
3 200
223 231
66 249
141 202
34 81
78 179
41 189
123 176
55 217
202 216
154 172
38 58
29 74
43 145
209 236
99 241
25 165
96 236
191 214
85 122
116 147
113 120
140 153
64 149
124 204
162 194
47 218
40 167
2 4
49 207
169 182
78 233
92 115
10 18
29 119
170 214
80 190
16 207
62 102
1 132
169 236
16 169
0 236
115 226
1 268
51 98
178 220
65 268
36 128
75 198
274 53
43 249
9 179
24 254
38 78
28 131
135 271
265 272
161 257
89 216
66 228
51 191
41 176
67 166
135 149
114 202
170 242
28 246
72 233
94 134
71 131
38 221
162 238
62 272
173 175
163 258
30 58
72 147
44 63
52 257
78 147
4 113
158 208
50 193
99 169
10 35
141 189
17 27
273 137
49 263
9 33
68 118
252 262
206 228
110 239
9 195
66 157
120 162
69 268
114 162
34 133
85 131
147 191
103 243
22 131
178 259
33 212
23 204
45 258
73 98
78 197
29 35
77 97
150 186
89 124
37 141
48 49
140 170
137 156
158 161
14 83
21 128
46 104
28 142
188 243
4 224
75 144
73 76
33 41
51 174
23 258
106 245
43 131
90 109
18 115
134 196
184 261
84 168
50 62
9 63
47 51
61 92
46 139
140 201
19 182
57 124
214 237
184 198
89 262
224 247
56 64
155 220
128 228
33 95
181 257
73 272
235 260
179 231
94 162
138 182
144 160
98 204
173 196
128 130
211 224
260 265
189 249
147 226
80 230
118 202
175 263
55 71
95 236
184 215
103 145
60 219
75 268
159 218
105 137
13 237
83 222
136 263
64 207
91 222
178 264
148 173
33 251
63 164
209 225
181 234
53 103
13 259
149 272
10 52
86 161
44 148
55 102
7 17
273 68
70 218
244 260
41 129
47 250
23 127
117 143
51 120
41 274
201 248
26 182
159 269
29 91
41 74
231 271
138 205
155 178
38 227
54 226
138 183
98 184
177 215
9 128
134 217
40 46
172 186
106 177
14 17
89 119
46 89
116 206
70 139
11 54
1 168
3 202
72 211
25 238
154 178
57 239
98 273
251 271
77 194
120 248
166 269
44 139
231 233
16 50
27 46
200 247
26 180
51 153
24 43
77 89
73 80
63 268
94 136
24 257
125 181
74 163
34 166
207 266
23 170
75 180
109 196
216 262
124 172
144 227
72 148
188 202
173 174
28 117
79 92
200 223
3 207
106 129
29 169
273 198
194 254
146 230
44 151
43 58
75 259
212 239
59 116
86 258
118 241
35 213
61 159
104 147
209 210
86 107
118 246
129 188
161 268
27 265
14 145
26 50
70 183
156 213
155 158
116 136
56 93
14 65
85 204
138 200
3 11
78 185
28 274
117 169
38 57
23 138
102 130
107 227
199 262
200 270
45 253
12 52
1 256
249 273
18 134
52 106
6 177
111 256
27 248
24 223
34 38
97 197
44 124
0 67
156 212
141 265
80 254
58 224
66 202
26 115
41 164
99 203
26 218
69 254
28 251
9 23
173 216
256 266
120 233
101 103
100 203
130 156
108 224
58 203
57 192
179 269
200 259
184 197
66 132
63 259
44 170
61 74
127 267
174 225
118 172
70 220
5 22
60 78
53 232
114 164
6 59
221 272
181 217
8 143
139 143
245 252
3 139
110 140
155 254
45 77
202 228
196 203
11 112
30 90
15 101
21 208
95 147
42 248
141 269
73 174
67 190
134 143
43 212
177 240
185 252
89 95
51 198
142 187
111 150
66 100
78 254
66 224
219 233
116 153
166 167
160 199
0 154
4 139
60 178
35 129
1 174
48 263
97 138
53 189
185 247
177 228
228 230
147 192
53 227
71 75
234 274
93 204
18 82
64 219
64 265
100 107
134 137
146 150
53 212
22 181
12 161
7 23
35 123
78 258
21 65
137 165
174 252
172 221
191 219
16 202
26 111
87 272
47 216
1 218
20 54
11 105
51 187
5 274
72 74
34 138
154 242
92 139
163 205
106 251
75 228
84 180
107 121
213 228
148 185
175 221
18 260
253 265
55 80
131 265
148 237
187 251
187 215
54 225
26 234
31 127
213 219
121 144
135 268
48 193
108 128
0 194
31 68
38 123
6 14
88 162
195 230
273 248
80 196
24 258
154 232
106 185
152 195
77 110
81 176
106 272
63 240
92 266
58 267
63 191
16 242
151 222
274 72
51 246
156 267
240 262
182 240
52 184
5 127
118 162
41 247
137 228
38 258
3 64
113 177
154 215
89 263
9 250
179 267
135 269
86 226
36 156
155 215
5 42
118 255
61 201
78 114
21 232
91 104
108 159
24 185
156 209
152 241
146 156
68 236
55 253
73 130
115 202
70 160
149 203
22 53
180 235
181 235
59 74
175 235
63 147
6 254
159 203
29 156
98 259
40 128
79 254
42 218
51 242
179 262
17 272
35 67
26 242
215 258
42 246
35 197
32 257
134 153
45 235
211 229
123 125
85 173
89 176
55 266
119 164
72 243
179 207
209 261
63 141
52 242
124 188
140 244
66 120
52 60
54 228
34 89
121 188
4 256
51 161
180 221
220 269
121 175
46 129
89 148
2 74
62 152
119 192
42 63
65 250
68 157
45 228
42 70
86 104
199 221
41 48
89 199
273 12
41 209
152 244
117 239
28 197
99 226
7 246
17 173
63 169
72 225
112 130
147 184
61 155
26 42
59 260
40 184
54 88
16 156
28 244
191 216
203 262
174 256
258 265
72 131
43 213
25 145
10 137
48 155
11 222
124 179
177 268
106 201
180 224
94 263
52 69
30 142
8 87
113 148
79 86
117 254
14 40
104 238
234 265
27 188
5 162
110 229
9 216
170 256
102 274
50 206
79 186
124 268
112 116
98 209
25 262
212 274
197 203
188 189
98 271
133 170
152 193
160 222
106 260
58 107
55 151
217 239
187 243
17 242
9 99
54 185
75 218
15 223
19 203
171 253
138 220
61 241
119 228
160 266
126 216
111 264
25 210
82 259
179 202
33 58
37 66
211 262
10 204
52 138
274 30
212 223
15 94
141 273
79 257
167 182
174 200
50 249
157 205
49 272
49 248
97 204
31 114
77 220
47 252
240 252
102 215
31 256
81 130
164 238
19 264
105 212
191 221
6 229
193 212
89 214
71 273
101 215
274 194
161 219
172 196
18 250
141 221
40 263
106 189
77 255
84 90
134 223
164 209
58 125
99 238
85 181
19 145
35 178
206 261
69 78
52 132
19 157
12 141
175 238
27 142
24 123
128 181
146 159
43 46
84 221
107 196
20 134
125 245
132 259
66 122
64 273
76 157
147 187
46 98
50 257
18 254
114 132
257 258
274 39
53 225
60 251
37 177
99 106
12 158
77 93
138 245
237 272
86 202
32 231
274 14
17 66
162 234
31 39
15 128
90 174
55 259
128 155
159 209
32 91
42 273
5 17
215 223
106 153
213 259
92 167
169 218
111 130
38 136
38 98
2 252
2 127
188 273
104 233
13 152
10 131
70 196
49 146
116 257
57 244
149 215
242 271
22 108
52 225
16 240
32 129
91 239
39 78
183 222
100 109
172 176
70 97
29 247
13 63
52 73
69 120
21 195
177 184
30 118
25 270
20 203
147 178
151 220
29 57
169 250
58 171
136 219
44 246
54 207
199 229
34 127
105 205
17 193
72 195
217 225
51 263
110 210
9 49
12 66
167 272
88 101
75 181
92 263
79 103
26 139
25 88
191 226
39 89
56 183
1 234
59 144
76 256
103 153
94 177
130 233
71 103
63 241
156 185
71 90
202 249
36 63
143 173
171 262
83 256
17 215
17 176
176 244
149 227
127 213
169 195
28 132
135 221
145 248
15 198
38 192
11 184
142 198
136 164
242 247
12 35
128 213
239 269
166 209
37 55
53 238
86 257
39 157
87 92
136 257
174 208
26 227
46 72
131 197
273 99
134 218
123 216
39 139
126 165
100 189
167 235
274 115
274 162
6 216
1 179
153 158
20 267
94 133
41 140
109 199
32 270
18 84
212 257
22 182
59 243
114 274
63 67
71 208
25 81
26 120
33 146
139 243
90 259
2 111
168 238
96 123
39 116
64 158
89 226
45 250
187 191
199 204
27 49
58 261
60 190
109 164
28 119
2 99
106 157
233 270
180 220
70 76
131 134
119 193
115 150
151 196
59 166
67 222
28 138
28 31
61 157
38 233
59 204
106 143
147 266
94 194
61 152
9 77
192 267
68 271
53 187
24 66
172 204
78 238
71 139
208 211
206 273
23 188
111 158
193 268
159 199
3 250
180 196
159 214
274 130
147 151
168 267
12 73
72 213
120 189
39 81
63 252
3 126
214 260
58 136
197 255
2 135
25 66
210 269
176 248
119 223
125 213
107 136
38 140
75 95
65 139
41 63
43 195
76 220
12 62
228 274
14 134
42 188
189 273
61 257
111 195
12 185
180 236
115 117
69 113
3 158
91 193
74 97
111 202
49 118
145 182
123 147
109 270
48 99
105 127
184 259
20 246
274 133
138 224
42 117
68 125
80 170
67 82
60 184
181 272
96 100
40 129
137 231
28 184
169 245
126 181
38 77
132 143
101 243
88 188
77 185
156 183
166 185
183 253
152 224
17 184
18 181
115 248
7 162
185 257
111 198
273 97
14 186
59 191
15 78
82 113
24 52
16 122
51 58
137 211
76 140
190 264
89 96
12 70
91 179
51 118
111 247
45 138
102 225
16 134
202 204
89 246
89 109
121 176
250 251
221 266
5 204
84 87
77 235
162 178
127 233
114 128
69 79
87 241
131 136
168 190
194 198
215 241
165 172
91 265
145 212
94 272
101 177
1 233
45 243
101 136
2 199
59 184
81 168
34 153
97 246
114 215
39 185
173 181
40 96
85 229
75 165
149 200
229 266
18 69
87 196
62 264
62 126
214 250
25 205
178 185
63 106
90 93
69 167
1 165
36 94
98 237
159 259
155 206
3 133
5 192
44 47
36 250
112 188
37 99
150 197
44 212
86 117
11 195
135 242
42 90
56 240
107 274
170 189
49 82
18 83
219 250
18 219
42 138
32 164
116 127
81 148
245 271
68 112
99 227
150 164
37 264
0 264
193 258
89 271
103 203
72 171
5 214
195 231
186 253
35 233
204 244
111 216
100 166
2 237
16 105
78 173
42 237
274 138
38 130
20 50
147 262
1 127
119 266
41 222
112 164
250 269
91 263
63 114
1 264
186 193
171 217
116 244
185 250
21 216
28 134
21 228
38 52
49 105
154 184
155 190
36 206
86 237
13 155
154 169
82 184
90 233
214 255
20 241
58 120
181 186
36 117
49 62
64 75
223 240
116 130
67 158
62 137
189 210
273 216
81 92
7 121
33 237
21 186
63 210
57 267
16 102
24 124
8 194
11 28
119 185
99 174
108 190
157 273
108 173
216 242
28 127
100 212
136 259
148 153
48 253
196 230
97 265
106 135
42 187
208 231
4 108
152 189
252 261
22 192
88 199
17 230
219 247
4 7
29 34
101 120
17 46
66 90
5 79
43 189
48 227
29 201
5 113
140 175
62 268
47 143
200 211
107 162
8 133
69 260
126 261
12 100
89 188
226 262
113 122
47 224
84 145
146 203
119 141
48 146
14 157
41 150
18 61
1 97
137 201
27 196
97 128
76 267
211 260
156 186
72 81
204 249
113 227
119 235
51 88
12 198
205 266
12 90
80 154
84 261
59 162
125 175
99 229
194 247
127 248
51 259
99 260
176 256
198 256
14 184
29 180
192 238
111 129
187 271
72 192
118 174
87 98
195 255
14 23
12 60
47 71
16 201
62 193
1 153
135 208
223 267
34 42
29 77
71 270
175 265
4 221
43 57
111 203
163 236
20 156
0 6
111 153
127 185
12 264
70 267
34 87
149 193
7 166
106 193
156 210
202 247
5 62
69 243
94 232
104 206
51 131
51 197
117 253
209 237
145 152
158 205
30 89
146 208
102 120
121 183
29 141
201 258
125 171
120 153
47 175
111 220
25 144
168 211
112 223
87 229
206 227
26 102
88 121
165 235
155 226
27 50
91 225
221 263
20 121
109 117
46 252
55 255
160 201
51 114
74 263
161 218
13 94
273 116
60 247
113 200
260 271
23 162
4 185
95 214
13 52
57 66
149 208
6 162
137 237
50 96
193 220
68 263
100 173
17 187
48 231
94 212
111 114
66 141
27 123
5 12
45 174
232 272
47 248
68 103
95 169
148 164
2 217
41 237
173 241
215 225
155 211
199 242
142 200
62 247
87 96
39 179
106 246
70 121
187 255
20 86
274 118
83 261
22 117
85 161
165 192
75 152
71 186
18 168
84 224
37 206
60 87
71 125
78 180
90 177
116 227
24 154
78 211
12 54
273 51
11 82
4 194
146 162
139 140
186 218
188 252
135 195
106 253
18 34
150 235
82 266
174 219
218 259
89 178
273 227
119 232
49 52
36 243
62 122
158 186
152 229
60 206
33 147
91 162
75 148
49 144
142 267
8 136
87 177
150 232
97 234
106 249
144 216
3 128
109 127
131 177
19 39
106 115
49 130
163 210
89 253
53 156
143 163
4 14
34 227
28 196
65 196
8 26
156 230
21 164
119 226
83 262
77 84
56 70
63 234
113 237
62 207
77 164
96 247
172 197
0 61
90 107
95 210
7 202
21 231
136 151
165 171
51 168
195 218
39 129
229 237
63 266
138 153
121 262
63 226
118 261
17 125
193 224
43 165
239 250
9 225
24 236
110 139
130 177
141 246
94 230
14 107
273 14
241 250
41 180
274 195
96 156
243 261
108 213
200 216
176 213
104 133
26 237
40 97
34 93
153 197
80 81
187 269
13 130
93 238
159 226
182 249
13 205
102 218
153 220
57 271
42 59
90 236
92 162
118 120
1 230
85 111
72 197
175 244
133 228
1 190
155 210
23 229
32 49
113 214
118 164
53 69
25 202
123 232
49 136
62 88
97 241
189 207
85 104
142 213
40 115
104 159
13 25
157 194
166 230
32 83
122 216
132 249
188 226
97 100
1 81
273 210
67 172
200 272
47 244
237 271
73 271
146 242
88 127
92 121
193 199
14 55
74 218
110 136
155 223
15 265
55 101
113 170
17 89
118 134
2 134
107 128
14 204
44 118
84 93
180 195
186 200
125 248
46 262
30 107
49 176
39 258
190 227
77 172
50 252
46 65
75 231
96 139
79 252
125 176
55 138
163 252
81 271
63 183
29 92
68 233
21 224
110 149
143 202
91 266
187 274
115 239
6 161
80 126
18 113
60 89
68 219
141 237
169 198
160 233
1 197
120 255
110 240
117 156
4 261
33 213
76 273
12 151
77 206
60 269
156 223
188 223
55 147
122 211
131 191
45 154
103 117
42 160
11 68
80 141
12 195
103 235
130 164
71 265
155 205
49 56
73 191
56 150
7 33
127 212
63 112
41 219
0 145
162 166
140 166
108 166
149 226
84 176
17 209
222 257
52 251
84 250
112 193
0 148
58 173
132 177
38 105
68 129
171 202
0 169
54 151
100 200
129 167
114 192
179 184
92 208
34 148
56 186
70 271
45 166
48 168
64 117
10 181
149 223
23 108
157 171
115 119
4 114
20 170
139 231
184 238
99 153
273 120
119 129
34 45
187 188
49 115
188 259
153 259
45 270
91 224
85 232
200 208
76 250
91 130
29 100
13 82
6 118
235 259
37 83
26 231
44 50
131 266
83 96
12 80
26 198
44 103
194 270
78 229
77 261
98 121
117 259
102 233
74 126
60 200
61 164
84 257
119 230
141 199
79 209
89 200
23 227
217 244
173 208
147 161
87 240
75 90
68 234
53 230
15 189
47 104
62 200
78 108
100 136
124 182
91 124
36 212
54 113
61 73
17 20
98 206
92 191
83 209
24 88
108 246
128 262
25 203
142 151
121 136
83 148
187 209
3 40
36 72
11 187
246 258
140 143
19 193
16 152
135 246
112 228
93 182
41 187
270 271
119 195
20 133
96 221
141 144
48 93
13 106
17 198
58 213
13 263
119 174
274 140
251 257
52 232
34 156
160 232
118 221
54 271
87 175
20 216
39 230
58 181
31 61
56 243
38 261
38 257
5 218
64 177
54 214
81 111
39 87
68 119
145 215
36 46
31 124
84 107
192 247
83 98
1 66
138 226
166 171
22 216
174 243
116 198
158 190
248 269
136 182
35 48
98 122
107 139
86 115
191 195
8 263
84 191
49 72
49 117
16 267
27 255
72 128
169 248
117 131
82 191
177 251
106 123
73 226
2 96
22 49
0 17
105 253
58 197
88 172
22 93
54 262
34 116
105 155
74 191
85 118
65 225
28 53
144 194
99 131
214 235
20 214
111 183
25 107
77 149
97 207
126 235
66 252
40 162
51 135
2 271
71 130
80 223
37 47
141 234
102 151
2 190
71 161
187 207
72 183
105 126
35 86
40 219
61 67
7 95
144 196
5 83
268 272
19 169
148 189
16 232
188 210
214 271
50 136
107 163
7 47
6 215
234 263
70 191
77 83
18 118
31 255
34 214
212 213
93 248
135 170
171 225
35 68
74 249
89 108
86 183
37 136
31 32
132 144
68 161
46 121
23 248
109 209
9 140
14 268
78 171
65 87
234 271
98 230
60 273
35 77
113 262
85 227
85 117
66 227
12 163
45 183
178 189
56 82
81 242
56 199
35 120
56 102
177 249
61 179
24 108
152 204
192 240
13 50
233 249
33 96
76 106
100 179
2 84
48 87
97 161
215 273
2 133
142 162
1 70
88 99
140 227
34 109
55 157
67 241
149 199
59 160
81 236
117 124
223 242
9 91
18 133
263 264
38 82
186 239
213 253
25 57
141 155
4 95
113 256
110 171
15 255
61 215
16 175
50 196
123 177
1 33
5 65
6 60
98 242
166 265
19 239
72 92
81 133
30 260
207 222
11 194
122 164
6 62
227 230
126 133
105 164
114 167
136 207
4 24
24 239
72 114
68 250
88 225
142 152
211 274
99 222
7 9
34 186
61 229
61 62
202 263
68 77
196 232
16 24
98 222
166 192
132 243
120 270
149 235
23 136
47 84
201 233
198 199
69 150
192 217
96 171
117 178
170 223
274 267
60 74
43 143
154 259
66 240
88 251
92 210
23 100
12 56
127 138
166 184
54 268
38 86
1 101
176 184
19 54
226 269
51 104
133 171
44 156
65 101
108 117
96 184
24 86
273 211
198 221
20 264
74 227
17 105
56 216
24 229
11 106
76 172
147 162
115 207
30 65
102 110
24 190
187 220
67 92
187 242
95 266
33 76
41 264
229 261
169 264
90 106
208 263
116 133
205 223
44 270
12 102
88 142
240 267
29 114
173 257
98 178
247 268
164 173
23 142
52 98
34 106
127 256
147 176
154 186
100 230
184 266
110 159
45 230
121 141
179 273
174 199
98 148
68 69
179 218
184 248
142 273
78 113
169 177
204 236
274 69
209 229
57 120
69 93
180 237
140 183
273 55
158 235
231 246
186 234
121 129
41 217
76 117
64 183
117 180
17 237
83 124
4 229
75 210
146 200
237 238
134 200
24 29
78 157
168 204
184 186
61 68
28 181
79 97
121 208
20 95
35 126
10 259
185 220
68 104
1 62
149 214
91 174
100 171
82 164
144 184
57 164
44 143
44 225
180 246
92 151
179 192
71 119
142 170
142 169
139 230
4 219
195 265
4 244
211 218
55 194
133 195
19 53
84 240
106 145
91 210
137 267
3 129
61 135
32 157
156 161
143 155
52 64
38 70
170 227
116 158
97 127
25 254
117 266
223 241
18 35
23 205
160 258
214 220
47 125
30 92
2 179
158 184
89 250
78 82
143 145
68 84
110 271
16 116
170 187
177 188
182 196
143 266
49 133
54 263
4 234
114 241
16 193
64 270
5 176
273 163
147 241
90 178
96 162
46 173
179 233
10 87
122 202
3 247
123 207
173 223
67 261
99 130
89 259
95 103
66 148
62 194
63 242
25 198
107 158
113 272
4 103
24 174
87 93
47 119
4 225
85 226
61 99
27 210
124 230
210 252
21 88
99 219
58 161
229 272
34 98
127 205
146 195
107 116
82 115
274 177
31 115
40 58
202 256
6 201
9 244
34 96
1 26
162 224
33 105
139 255
110 193
0 221
125 215
36 115
21 84
175 209
220 259
47 200
69 125
273 260
140 214
38 165
114 119
32 121
178 182
71 203
56 263
72 80
31 128
16 227
109 267
163 266
170 172
58 184
20 223
31 133
39 227
274 83
234 246
88 144
234 270
68 203
227 239
71 175
58 200
20 192
214 268
113 230
169 222
45 76
198 219
30 59
30 241
18 65
64 141
4 131
8 118
165 232
125 194
73 145
11 260
40 111
4 70
46 68
64 213
32 133
3 137
29 42
94 208
43 51
118 272
8 71
54 78
205 216
128 183
88 259
1 213
94 108
146 237
71 251
136 197
82 241
24 111
59 145
40 217
25 104
128 244
89 215
29 151
139 249
0 163
155 168
20 91
152 184
150 199
105 248
58 249
24 106
137 244
207 215
76 108
72 169
2 104
16 47
54 179
95 263
102 194
125 182
125 197
94 113
67 221
7 55
179 260
4 67
118 265
21 236
107 268
125 179
64 138
72 149
157 180
63 249
15 166
147 246
51 252
138 273
143 217
94 191
67 230
86 186
104 249
27 204
142 189
24 83
41 91
5 86
173 255
79 125
17 84
19 119
111 191
58 165
177 257
210 240
59 164
24 74
10 53
52 57
159 249
209 272
164 271
35 42
182 193
132 156
167 274
198 205
99 250
165 183
2 258
108 165
79 262
54 236
61 202
13 177
30 198
176 242
109 126
108 177
148 274
11 243
9 189
28 120
70 192
134 180
55 139
145 211
21 58
154 264
82 254
161 224
102 223
22 26
114 117
8 189
34 183
169 196
127 193
64 268
91 185
27 111
2 226
122 266
77 252
206 237
48 131
95 142
134 249
144 236
54 206
140 191
59 81
18 125
77 240
133 223
14 182
116 224
1 48
90 196
14 78
108 245
26 38
5 100
45 188
2 58
274 270
52 145
106 158
273 193
124 267
112 173
93 209
79 266
27 71
17 102
116 182
9 158
26 101
193 243
158 193
157 164
16 208
24 104
30 228
70 112
121 138
34 249
116 259
134 174
107 202
218 260
8 185
199 269
11 214
129 266
131 138
87 212
124 216
55 223
214 243
93 223
30 193
3 92
88 158
81 106
34 243
57 77
21 155
113 188
93 143
198 231
39 203
13 221
241 269
70 134
71 199
146 147
55 108
34 203
48 221
14 75
20 230
274 176
44 233
11 172
273 94
62 196
46 119
98 198
89 116
181 200
131 142
32 45
85 197
189 218
84 160
99 146
168 214
86 184
25 193
150 266
52 124
51 77
22 83
106 111
213 217
11 32
75 155
205 239
31 196
13 153
99 109
123 145
30 61
49 110
211 244
24 25
17 145
114 178
13 112
75 234
8 217
169 211
160 197
45 70
13 128
137 251
173 266
173 243
93 113
216 247
102 251
14 209
83 182
53 105
6 257
5 64
86 247
22 171
73 250
90 210
58 73
61 130
13 204
56 61
114 170
61 118
24 152
16 62
104 150
87 260
52 81
41 160
48 52
149 188
50 178
14 84
173 267
27 83
19 58
6 38
126 152
153 165
10 89
64 160
83 137
155 232
32 167
87 224
144 219
49 77
121 165
82 224
38 88
178 238
85 269
137 255
53 259
232 263
44 175
151 154
9 72
261 264
46 261
41 267
153 192
85 105
73 135
85 253
35 73
197 213
238 272
85 261
193 238
29 163
33 165
249 251
10 125
107 253
141 143
124 266
143 261
53 167
46 209
79 89
225 250
65 90
161 254
144 152
65 92
31 166
68 175
120 217
37 89
25 75
101 105
13 243
219 241
4 173
60 75
208 253
1 112
120 260
30 133
120 239
108 135
44 232
104 262
26 129
85 128
98 217
178 225
2 50
66 242
98 239
82 158
45 75
207 230
28 55
1 199
91 159
69 142
35 160
205 215
19 23
10 172
179 219
156 179
7 82
73 256
115 165
57 174
146 217
143 232
93 150
76 248
273 123
45 171
82 190
8 190
46 59
130 215
25 167
60 139
34 213
11 247
64 201
164 208
57 93
104 128
164 232
167 168
221 228
115 224
127 251
190 222
103 211
97 102
51 209
147 249
77 241
99 175
192 197
43 256
130 247
157 260
53 265
149 179
143 198
204 210
49 236
82 145
40 93
73 131
52 109
1 98
114 254
53 125
37 123
114 197
57 161
18 140
90 120
49 186
12 271
130 178
133 178
0 83
131 214
77 128
115 149
58 83
9 237
127 195
128 208
6 9
113 146
8 92
255 260
119 215
134 236
11 35
176 272
84 126
7 271
179 183
29 170
198 253
45 135
31 223
72 203
90 91
115 268
52 221
78 100
78 89
50 82
89 249
110 232
114 249
105 189
48 151
31 135
54 150
7 71
125 147
25 110
126 130
44 167
262 273
55 142
32 64
9 100
139 216
45 69
81 218
32 135
180 262
45 152
53 181
110 199
19 265
15 40
115 215
161 171
77 151
149 233
196 266
125 153
133 247
99 267
167 270
32 155
162 170
110 169
92 252
112 221
43 220
72 188
42 201
28 61
105 264
43 240
113 115
161 261
67 227
156 232
194 224
65 192
134 238
123 217
175 205
70 158
175 267
147 181
79 201
35 107
273 61
173 177
40 112
228 259
162 222
159 233
12 255
75 133
126 260
107 237
103 257
54 83
148 199
19 37
209 226
7 97
95 102
153 193
52 119
4 43
69 85
72 100
47 172
133 144
117 198
215 262
229 254
43 56
46 109
39 69
71 99
13 267
32 170
80 91
43 260
168 219
33 130
85 243
82 90
124 201
232 261
133 233
44 150
22 201
21 133
52 152
56 159
45 201
1 23
89 130
69 241
10 39
215 219
112 121
59 186
10 62
89 189
145 263
143 215
82 180
34 202
107 192
16 160
87 172
51 152
114 153
36 269
63 155
32 196
230 240
78 260
153 173
161 215
68 159
142 255
154 156
7 119
42 192
143 265
144 157
6 224
129 149
106 222
186 199
54 69
20 28
19 152
99 263
114 219
33 219
105 258
200 215
142 208
130 228
164 200
10 210
88 113
19 32
12 231
104 143
188 203
112 168
172 208
52 235
91 197
211 264
185 263
130 230
26 128
72 168
136 190
60 121
202 232
75 158
37 253
115 133
40 67
99 133
1 92
33 98
6 71
43 266
79 166
26 136
30 171
5 129
123 198
17 191
99 159
2 156
95 257
84 164
201 226
130 194
39 67
4 233
18 256
170 174
133 214
35 269
51 92
59 263
169 180
39 167
49 246
163 171
122 139
249 267
238 251
212 262
3 185
19 137
77 269
213 235
64 85
46 193
120 204
255 267
13 37
103 138
181 185
15 215
154 162
13 105
87 158
108 266
174 254
107 271
72 91
24 180
101 212
44 133
147 216
36 41
46 256
26 196
133 245
97 141
93 115
132 193
181 262
61 255
182 245
69 101
49 171
23 184
221 241
7 60
119 128
135 174
30 230
45 86
26 265
134 187
58 241
16 192
133 140
0 168
185 270
191 204
88 102
217 235
98 108
90 256
183 192
39 209
162 167
259 266
129 244
122 145
234 256
77 214
69 172
132 182
81 177
13 197
91 204
120 215
152 166
46 78
113 154
158 177
87 140
135 214
193 240
128 134
61 208
55 250
50 255
12 29
101 203
19 212
114 151
16 85
171 274
77 103
148 233
223 248
88 228
29 79
24 101
59 180
11 15
96 159
167 222
134 163
81 189
125 129
91 243
121 178
45 52
2 34
63 87
134 231
144 178
150 163
148 216
108 182
14 229
16 222
48 58
205 238
0 62
75 102
77 131
164 206
8 46
14 172
124 195
54 272
39 151
111 225
132 233
95 216
28 183
2 141
28 90
189 245
0 24
16 41
92 109
61 147
6 151
7 265
97 158
98 233
134 241
8 59
80 93
47 146
118 183
160 219
194 209
7 101
201 257
85 123
13 67
33 89
182 239
8 249
149 271
176 211
153 204
18 159
4 30
73 99
250 268
112 140
25 188
96 209
22 153
39 224
53 152
33 162
186 240
16 262
77 108
3 122
13 175
49 161
73 161
255 274
78 118
55 245
61 81
29 207
92 174
104 155
94 131
130 257
151 191
18 43
7 197
39 265
33 85
42 206
75 251
97 177
209 251
222 268
39 126
198 251
234 236
176 271
83 134
4 197
68 187
33 118
65 239
72 271
129 194
256 264
1 56
110 212
55 189
31 210
143 170
65 249
251 261
243 272
125 189
53 144
84 148
2 22
167 192
160 172
52 271
106 244
73 78
273 3
28 44
63 137
229 256
16 23
129 193
124 245
57 221
72 104
68 207
105 125
12 50
135 259
107 117
198 227
169 183
200 226
13 24
4 151
53 256
62 159
99 129
35 190
65 114
49 119
49 159
71 166
229 253
23 105
227 244
56 218
93 100
184 237
30 227
188 227
58 170
79 180
114 233
121 181
33 206
1 183
95 229
191 271
129 269
40 174
171 255
63 274
13 179
96 273
78 234
191 201
39 174
62 104
102 213
132 234
216 249
160 270
42 120
11 257
17 261
12 183
46 55
87 176
0 101
154 270
43 167
192 256
165 220
124 145
50 224
22 59
226 259
105 163
9 135
172 223
34 70
177 253
114 245
39 94
15 81
10 221
179 217
207 247
99 134
16 270
187 221
114 237
158 257
145 183
23 83
46 125
130 255
38 145
156 211
48 139
198 239
81 203
237 246
49 196
115 180
155 258
58 246
24 82
113 212
137 161
103 179
67 171
43 161
123 135
164 198
61 108
64 240
98 187
84 190
233 243
95 217
52 91
3 79
56 194
224 243
274 268
119 187
130 221
54 149
136 274
39 219
77 205
66 259
123 181
83 176
112 227
61 242
2 166
160 186
179 211
14 126
25 218
155 166
25 161
23 33
110 175
190 269
104 242
66 265
140 187
75 81
15 127
35 135
121 213
1 258
190 241
150 172
101 249
23 68
89 100
3 240
145 166
177 199
140 229
18 210
22 230
200 269
118 250
62 170
68 244
54 254
18 189
104 223
42 123
139 225
3 264
94 147
237 240
8 179
34 194
96 262
94 126
79 172
103 236
100 184
54 224
133 242
251 253
10 34
32 195
97 143
131 161
59 259
52 229
2 122
20 154
169 226
274 265
26 151
225 262
21 157
171 239
87 194
147 254
17 244
117 140
56 203
273 89
87 190
102 113
55 133
15 77
65 81
187 203
77 264
105 269
25 77
50 214
79 191
20 222
99 176
48 127
34 246
114 242
17 213
160 254
112 251
191 225
70 144
274 240
168 231
102 165
59 72
83 88
81 250
60 90
132 137
82 239
73 147
116 196
133 259
27 270
25 52
135 152
83 107
2 267
202 233
50 195
71 230
116 166
27 109
41 167
130 169
106 200
6 53
14 220
166 235
89 110
172 232
112 197
63 265
145 195
65 117
148 227
60 227
22 176
220 234
219 252
13 172
38 83
184 190
45 147
60 126
145 259
155 236
195 248
28 162
152 239
50 98
27 38
176 219
127 217
245 274
4 72
155 261
195 264
251 269
53 111
54 143
66 264
39 215
5 47
83 260
167 257
65 172
225 241
163 170
79 105
76 79
165 260
29 48
1 95
14 125
21 31
240 266
273 185
114 211
6 97
71 136
95 260
274 76
177 206
198 262
84 195
28 204
15 132
3 115
123 139
6 198
238 265
25 230
10 269
16 95
57 228
64 134
117 132
64 166
76 182
1 89
51 156
0 249
170 241
143 273
41 270
99 123
0 183
128 264
72 158
72 126
49 148
66 93
74 201
155 241
173 224
2 222
135 143
180 222
7 210
207 260
60 168
124 260
181 207
204 245
181 255
211 239
88 166
77 168
206 252
8 160
96 151
157 234
133 255
69 248
137 268
273 26
24 230
140 215
101 122
47 260
119 250
274 196
82 218
82 220
163 198
46 222
221 232
29 121
87 264
24 118
142 188
1 21
207 216
26 160
54 156
55 236
147 218
74 170
160 260
22 132
111 170
136 247
144 175
93 237
16 26
10 132
69 156
48 252
150 223
13 198
32 119
96 152
126 252
161 170
61 104
155 202
106 118
146 165
206 218
145 274
116 203
63 212
131 201
155 262
35 148
105 208
5 154
40 221
206 238
106 140
79 228
10 255
110 194
216 220
125 229
50 267
78 155
261 269
193 198
7 48
83 105
201 264
27 58
53 148
11 34
82 235
124 190
129 264
86 273
48 108
31 178
12 27
12 267
65 74
22 85
37 248
177 192
99 198
133 162
88 240
82 204
176 257
33 64
12 120
178 253
68 267
116 243
28 175
154 192
31 242
126 160
205 265
47 109
14 77
134 160
128 146
81 256
115 216
98 190
51 83
16 21
176 251
86 236
87 263
210 234
222 264
191 212
115 198
59 88
151 202
39 57
91 259
70 179
27 63
140 258
69 81
91 175
189 209
170 228
32 146
26 74
42 255
103 247
117 214
183 268
160 210
81 93
29 98
13 195
28 235
159 202
52 157
38 157
15 250
151 243
2 274
37 166
25 105
14 261
60 102
74 184
38 198
188 217
4 126
146 193
5 271
190 228
173 202
189 270
72 224
10 21
140 260
96 270
22 127
224 266
29 224
92 158
214 228
48 95
45 240
108 140
189 198
6 55
201 220
155 165
205 257
27 202
170 253
134 208
230 253
19 67
110 130
135 197
63 123
207 252
112 224
52 107
174 203
55 120
66 243
2 164
91 192
21 264
62 238
10 113
274 58
149 270
36 214
182 219
16 151
78 246
28 267
6 220
1 235
150 194
105 266
12 153
183 239
85 176
221 223
131 247
131 153
199 245
132 181
37 185
42 227
134 193
75 100
45 207
137 245
4 265
90 254
69 228
13 129
46 96
169 187
116 118
24 47
253 268
102 118
51 80
99 132
127 269
142 168
54 136
45 95
15 135
62 131
62 69
80 272
91 216
18 161
111 213
76 241
145 243
53 132
245 255
97 164
256 273
109 142
148 195
3 66
58 89
35 78
167 259
67 141
167 253
80 162
60 163
65 152
42 176
207 261
192 274
72 257
136 213
175 256
20 119
1 145
181 268
75 190
128 162
121 173
39 180
147 166
87 154
81 101
100 232
122 259
0 7
55 202
83 213
8 35
207 221
5 40
21 170
134 165
126 194
152 227
47 261
1 198
30 66
83 167
98 234
170 273
52 207
13 135
38 39
162 262
10 186
123 124
67 101
117 192
23 71
72 78
58 130
244 258
26 142
172 206
6 17
112 145
50 147
94 165
43 185
12 47
166 174
156 249
92 98
145 247
147 168
35 90
11 60
174 249
94 213
114 185
158 181
4 127
108 249
92 99
12 86
100 253
11 57
35 36
109 190
40 166
26 254
274 67
124 270
63 94
115 254
5 103
13 154
53 251
87 181
193 274
33 36
76 98
88 273
85 160
200 228
109 141
22 207
124 178
8 94
143 152
74 258
52 92
73 156
152 165
82 265
50 199
112 143
92 187
145 236
98 167
177 252
212 255
95 96
171 201
24 211
19 225
40 195
44 272
15 24
79 174
274 99
55 96
146 213
121 184
210 222
115 179
68 205
121 248
27 190
171 178
134 188
108 192
172 203
258 272
51 59
97 132
55 65
69 200
95 110
37 254
98 143
41 170
104 202
32 241
50 54
38 184
14 29
83 179
49 99
72 263
86 108
116 262
184 270
15 183
242 245
128 252
28 231
98 149
140 195
76 119
4 206
20 55
273 209
1 35
3 42
110 273
32 108
41 188
264 266
82 233
14 234
111 145
130 150
62 216
21 180
33 157
68 155
65 93
149 212
116 210
90 260
273 269
90 97
75 253
106 266
119 143
28 103
37 91
69 130
5 50
188 224
1 25
139 162
232 234
179 248
58 183
182 195
0 200
103 191
111 207
33 156
20 177
151 210
21 26
17 246
180 207
4 228
16 162
13 95
22 229
4 97
9 32
164 180
96 274
115 134
8 227
36 181
81 257
133 135
168 230
188 244
43 209
26 171
89 126
168 194
202 222
3 157
171 273
38 253
116 151
14 233
63 245
89 122
161 253
11 160
80 184
121 155
92 255
38 235
55 103
5 153
228 229
11 100
142 192
173 236
221 236
89 221
211 220
150 204
47 70
145 178
140 159
10 122
85 255
58 138
24 146
66 154
45 239
32 191
10 95
140 212
83 94
101 264
92 254
262 265
84 189
34 268
137 150
17 94
199 252
179 216
5 96
70 123
33 243
63 107
75 261
0 268
91 122
186 227
141 260
232 246
100 116
93 99
115 143
39 194
12 113
114 172
124 233
4 80
123 188
34 228
214 230
84 161
65 203
170 200
154 197
166 221
132 220
24 242
36 189
97 221
158 223
43 196
165 209
21 274
95 233
86 125
49 121
71 234
17 67
256 274
109 221
29 40
3 251
98 112
41 104
93 234
123 257
42 54
49 231
189 201
64 69
96 154
74 146
40 257
27 241
27 34
33 111
54 197
91 272
43 241
52 208
52 259
52 100
143 209
150 192
58 123
0 234
50 81
44 258
197 218
30 71
167 193
15 154
0 217
60 254
112 147
210 260
119 159
176 182
90 261
124 255
148 168
27 243
146 246
100 164
1 214
2 12
133 272
73 119
12 189
139 172
24 268
179 237
2 152
57 132
88 174
14 56
166 177
138 208
25 273
0 222
45 263
107 260
126 191
95 262
84 271
110 266
32 218
31 86
75 199
170 220
129 178
29 236
156 226
195 245
66 169
52 105
29 226
67 193
32 116
94 238
184 269
13 14
58 93
14 109
165 203
102 162
97 108
30 192
92 209
21 55
130 239
66 220
178 256
6 64
29 52
8 223
83 250
23 109
74 104
46 206
84 101
89 137
123 224
45 101
202 250
180 272
119 270
98 253
22 146
4 179
175 253
23 49
19 43
99 108
15 79
0 93
13 57
132 273
10 75
28 145
105 136
34 199
147 172
91 144
104 191
84 133
1 162
109 121
11 254
190 257
274 42
22 218
108 142
11 25
172 190
11 147
206 216
11 233
129 155
134 216
136 154
190 223
138 161
93 260
38 155
19 216
6 43
257 272
48 219
130 264
15 100
20 193
83 266
105 214
260 272
3 271
91 269
156 264
222 247
83 169
35 244
126 203
51 171
114 230
65 142
91 153
273 208
28 110
11 197
136 253
70 110
77 187
22 24
69 244
111 204
22 141
14 46
11 261
133 226
81 253
128 167
87 245
198 265
40 274
115 176
45 141
156 231
142 160
92 239
84 134
50 155
75 91
13 62
79 111
128 187
77 121
12 170
131 221
98 137
16 140
21 100
18 25
150 214
62 265
50 77
6 18
135 227
199 222
136 221
190 232
40 66
129 231
26 89
9 240
87 100
240 243
127 167
138 140
160 264
85 151
109 111
26 126
83 109
229 264
21 260
42 131
213 223
67 199
273 37
16 250
70 148
136 138
225 263
146 170
273 235
211 243
4 161
7 274
118 230
274 147
22 252
188 265
68 142
2 263
52 227
17 226
31 151
112 161
40 246
60 72
228 266
228 250
228 271
35 226
52 70
94 112
60 112
199 214
18 67
98 181
45 214
183 249
105 161
195 202
55 129
30 202
108 240
26 243
5 146
77 231
142 274
20 88
116 191
91 237
135 178
66 258
127 139
152 177
79 123
16 256
70 176
61 196
161 259
107 169
93 170
223 250
113 201
48 121
29 73
159 206
42 245
23 234
126 146
81 215
16 225
149 159
154 194
63 68
7 194
78 144
137 168
79 141
191 263
83 258
44 260
133 138
72 208
114 123
163 264
193 265
45 148
100 137
42 247
68 160
216 264
163 165
156 258
169 207
187 266
222 259
33 242
114 137
137 204
48 102
105 150
104 160
42 94
52 113
204 207
192 228
93 255
129 169
31 71
169 219
75 243
104 178
101 166
9 163
30 237
86 166
39 176
108 191
225 266
9 108
28 75
0 134
93 187
7 102
14 264
52 156
143 272
50 105
76 219
105 142
65 271
4 196
237 248
117 119
25 209
163 262
43 219
15 67
23 218
10 227
60 266
57 162
165 263
63 175
132 198
27 42
140 173
69 103
11 95
254 270
147 228
37 261
239 267
42 198
97 163
273 266
137 274
38 67
14 86
86 112
136 254
35 87
27 102
44 177
73 245
57 167
119 258
15 270
103 248
77 267
28 250
29 80
70 142
57 173
160 181
12 270
37 188
57 155
206 264
21 54
102 189
75 223
90 152
145 189
74 91
45 236
44 172
168 270
139 242
3 252
73 231
274 230
67 217
50 160
5 94
18 59
44 273
12 220
8 38
78 122
82 171
74 168
176 236
114 171
29 46
144 199
147 188
6 10
40 120
26 144
26 119
79 238
65 187
199 264
78 101
46 188
14 88
38 170
63 228
139 248
143 183
21 213
9 120
34 112
224 236
56 233
29 189
99 200
133 249
107 250
203 223
83 150
37 251
56 99
159 187
175 229
234 243
21 193
8 202
41 154
105 254
21 121
57 116
29 264
81 162
7 244
157 175
159 178
76 116
120 218
58 88
112 225
46 151
16 238
121 268
63 74
212 231
69 159
153 238
50 230
38 146
219 231
31 173
220 270
123 183
40 249
3 220
87 147
15 137
46 163
172 269
79 253
147 219
48 71
51 164
151 185
83 188
145 199
75 101
217 247
33 158
114 238
10 201
189 261
247 261
19 20
54 120
71 74
83 272
123 140
30 88
129 198
124 130
95 243
21 61
43 151
182 215
118 245
144 241
70 84
92 250
85 225
104 270
274 26
145 267
221 273
52 131
14 211
96 182
151 164
42 260
40 76
203 268
171 208
92 153
1 182
66 164
68 262
120 191
102 159
19 263
128 265
119 265
80 235
2 101
210 255
32 238
93 112
83 92
202 219
43 139
7 120
140 197
64 125
101 237
186 251
199 260
34 82
89 115
5 106
73 262
94 110
224 244
66 70
107 263
125 131
19 192
116 175
98 113
245 259
21 270
64 97
108 112
60 111
199 267
129 236
7 104
158 160
27 239
103 163
159 237
184 254
73 183
32 250
125 207
183 211
134 210
110 166
23 47
225 238
190 211
71 211
165 250
145 207
126 131
73 134
15 173
197 198
57 119
30 156
169 179
132 251
59 225
93 222
29 188
97 187
123 218
72 242
181 251
23 111
95 218
67 257
7 79
145 256
78 206
86 259
85 208
38 156
56 228
91 134
118 258
116 190
18 29
104 237
150 215
81 227
122 243
121 273
100 130
190 207
16 200
107 122
47 107
107 115
150 258
207 270
97 194
142 158
22 188
179 203
1 14
94 106
81 137
125 261
82 172
101 198
51 144
4 200
16 173
123 241
48 175
4 216
12 76
71 156
162 183
11 139
54 85
131 234
24 39
60 122
176 204
195 196
41 96
35 96
55 229
90 194
31 177
25 266
70 187
98 146
155 192
49 157
170 192
129 192
24 209
64 146
179 198
93 256
10 179
111 135
84 91
145 272
10 212
10 141
112 152
48 96
58 68
147 255
125 186
65 102
102 249
26 199
7 163
160 206
246 257
228 242
46 138
55 160
82 99
71 212
95 177
6 146
12 85
48 223
77 225
120 167
45 104
116 124
148 178
198 228
27 122
53 154
233 261
17 38
38 48
24 231
105 132
4 183
68 115
49 192
27 79
100 187
23 90
66 129
11 94
126 248
250 273
254 272
59 207
142 183
67 173
61 83
45 119
87 146
97 146
273 15
36 236
51 181
108 252
274 153
99 102
166 204
133 174
75 239
193 266
152 255
159 257
50 128
111 112
39 71
20 262
77 254
148 223
97 147
180 213
27 114
19 160
56 250
104 127
141 198
10 178
273 69
169 203
132 163
120 152
227 262
88 208
11 36
1 109
148 242
28 258
148 209
97 192
40 59
109 118
221 235
4 88
229 231
27 260
93 178
201 225
109 216
56 249
42 135
33 196
90 146
95 106
18 90
167 266
14 19
5 15
128 249
189 203
16 216
113 162
121 198
122 254
6 136
98 247
35 262
27 40
94 169
38 237
163 274
71 117
128 202
128 158
219 266
26 98
58 269
117 218
57 113
122 228
237 269
205 235
123 256
105 252
78 93
43 47
93 161
48 101
132 188
170 239
6 173
25 166
56 267
88 111
33 172
166 248
8 164
76 215
24 249
130 197
44 117
92 104
154 201
26 186
140 249
64 262
38 264
56 65
139 274
87 265
152 236
274 4
181 226
88 220
94 151
10 144
126 259
163 202
99 194
3 113
66 167
2 194
176 226
25 89
113 179
111 127
153 256
24 248
20 145
43 191
26 241
3 111
124 143
143 242
186 206
60 124
34 94
1 130
193 232
32 84
150 261
49 182
64 206
55 140
195 243
23 114
2 7
254 267
74 180
106 120
176 264
70 185
106 261
106 161
121 235
187 190
90 232
138 199
24 264
7 152
5 187
98 117
30 60
17 119
191 196
106 254
62 169
2 103
183 218
262 266
199 265
111 142
39 259
221 248
160 180
64 169
220 267
90 175
175 179
223 235
18 136
22 253
79 171
258 266
40 212
66 96
1 42
183 270
195 259
16 114
226 273
31 51
37 80
189 256
72 154
91 262
273 255
207 255
66 193
170 219
202 229
108 149
211 219
142 206
166 216
111 149
64 174
57 255
204 241
90 258
144 260
210 250
134 226
116 228
21 214
74 112
182 257
103 139
61 112
72 102
66 165
31 192
57 247
162 184
46 181
15 25
123 192
65 88
117 167
126 268
108 273
29 38
77 85
159 164
49 59
38 224
93 265
66 212
142 270
62 114
170 229
156 222
71 188
114 133
125 160
83 146
172 220
168 195
132 219
26 68
75 203
31 118
184 192
72 256
48 244
10 40
40 202
52 162
133 227
2 52
73 274
13 73
170 240
96 102
100 181
1 210
44 128
90 162
219 259
61 148
58 102
274 50
143 239
154 204
55 117
34 86
10 50
165 233
110 126
90 124
98 185
0 137
4 6
68 71
17 214
200 273
147 237
50 73
149 216
19 207
108 216
16 178
56 128
2 124
51 182
18 119
2 178
70 255
39 218
59 142
55 69
55 100
195 215
160 217
50 246
111 182
49 258
102 139
159 183
96 234
44 144
15 90
80 151
4 57
20 259
44 173
57 261
143 211
66 125
244 251
217 267
70 245
35 268
158 209
130 137
14 144
59 161
127 182
94 267
26 99
184 265
5 207
199 213
74 159
132 238
133 205
65 123
274 178
24 232
56 242
45 118
109 219
162 168
47 243
22 242
57 269
58 244
56 113
54 186
97 129
21 254
0 63
47 121
79 113
228 234
153 207
196 258
132 250
248 267
38 249
1 40
52 141
234 240
179 226
53 271
113 163
6 186
237 251
5 45
9 67
274 70
146 181
0 219
16 65
51 163
116 157
47 113
160 247
170 237
92 136
124 207
10 246
138 254
22 102
115 148
59 238
152 218
5 213
127 186
30 255
83 116
66 270
17 59
153 252
21 144
74 161
156 238
50 157
141 171
67 244
143 238
11 265
40 268
180 254
65 131
95 193
123 226
179 206
238 258
220 236
18 176
34 49
40 136
93 273
97 237
136 262
8 42
35 72
150 246
31 265
26 188
68 105
247 265
73 242
149 256
122 173
105 220
46 51
49 232
192 273
109 205
118 237
244 253
91 217
75 248
95 254
239 253
62 107
76 134
116 221
11 264
14 54
100 122
9 188
38 178
137 159
4 236
49 103
81 126
0 216
87 246
140 168
52 274
183 274
9 206
66 194
113 205
208 227
83 203
39 188
237 273
45 82
40 205
176 246
23 61
74 123
181 245
127 132
122 263
177 259
81 135
67 167
48 120
214 242
35 104
45 68
117 149
80 113
7 248
2 259
89 158
69 77
274 144
12 197
2 24
36 44
74 160
54 169
162 253
100 274
100 249
97 109
65 75
35 259
11 226
214 274
100 108
25 191
92 103
232 270
133 177
224 241
72 130
107 109
211 232
103 116
73 114
27 139
110 124
165 239
91 107
148 155
267 272
147 250
45 232
29 183
72 164
37 142
7 105
119 186
52 226
97 159
46 126
165 266
103 228
170 247
145 262
175 222
111 211
39 193
30 36
191 272
162 254
47 136
157 208
15 147
70 199
91 112
22 233
45 167
34 201
118 176
156 193
16 93
14 164
98 154
184 193
197 207
15 152
155 191
38 260
22 240
38 95
0 29
40 201
153 239
220 250
56 270
221 244
7 206
206 262
93 159
145 162
35 193
21 96
8 200
31 172
36 257
8 80
115 145
141 178
214 239
38 61
40 95
252 274
84 219
107 224
138 188
126 247
5 173
103 207
140 189
119 163
164 269
47 177
43 273
46 178
145 156
34 88
156 235
121 266
180 267
14 67
55 99
37 119
121 132
96 136
87 164
145 252
20 37
6 117
35 57
91 173
36 229
36 119
53 101
151 188
170 215
114 229
190 261
67 88
109 148
86 93
21 223
5 219
74 117
70 94
43 55
8 193
165 174
53 171
62 190
126 140
202 230
76 124
66 174
138 267
32 193
124 125
173 244
80 166
7 130
59 254
13 84
90 202
93 181
20 149
17 37
225 232
248 274
104 151
21 132
69 182
8 266
28 71
76 150
36 134
2 228
189 237
23 75
45 178
73 248
13 200
167 264
76 166
138 227
142 251
92 216
60 195
117 145
79 147
80 92
62 100
82 195
11 177
11 74
79 81
17 229
201 235
18 142
51 217
128 238
25 68
179 251
195 200
114 193
140 161
57 158
65 189
39 226
119 210
122 179
72 103
162 211
132 240
79 119
229 274
157 201
114 234
100 239
115 231
65 197
99 157
66 175
191 228
103 122
71 152
68 132
50 222
9 119
34 173
79 189
30 264
57 118
89 155
16 195
6 114
142 195
80 236
166 190
70 193
78 253
213 244
57 198
111 232
108 183
125 251
57 64
0 273
58 131
44 149
13 176
46 75
1 192
91 201
89 219
16 46
167 218
12 213
24 156
74 257
130 258
186 207
100 236
143 157
65 171
26 250
274 160
132 152
22 96
172 218
240 250
53 86
89 132
25 147
82 130
18 120
11 67
62 235
43 235
83 154
205 246
73 225
78 200
238 239
47 91
29 65
61 206
194 244
248 263
51 262
102 247
118 260
42 133
66 161
56 59
105 245
103 109
15 243
62 91
137 238
35 59
150 269
1 158
16 39
252 264
62 180
123 206
98 110
174 244
122 252
192 220
96 116
7 123
94 163
103 188
6 246
34 171
273 213
27 141
144 270
60 73
42 110
134 252
149 274
103 214
19 45
175 192
121 234
62 239
21 206
49 218
60 104
186 188
240 273
40 271
52 68
5 149
0 182
53 160
54 67
18 102
164 216
55 134
164 225
113 147
25 80
29 131
1 215
87 187
5 11
6 184
147 152
69 171
136 218
9 229
28 150
94 184
41 233
32 141
185 245
132 261
242 254
158 162
19 166
84 200
33 181
18 238
100 266
114 127
88 205
34 218
132 256
187 198
3 248
225 259
5 67
148 235
64 83
152 181
7 216
223 251
148 150
274 210
90 140
93 262
137 215
8 105
96 174
44 89
146 173
45 113
147 272
159 194
14 238
109 110
135 257
4 26
95 130
2 148
68 151
124 144
1 24
26 73
142 209
57 172
138 204
40 261
133 212
71 134
65 230
125 142
14 50
19 77
142 260
55 190
273 2
59 134
23 67
222 265
21 240
0 243
194 266
153 208
89 152
91 228
84 102
127 161
34 105
53 194
61 197
17 76
19 147
164 166
118 126
201 228
14 214
225 249
2 64
40 204
8 32
168 222
43 158
91 252
48 214
65 84
65 106
41 213
17 165
25 153
142 177
200 218
36 186
112 184
119 137
198 255
132 218
104 171
34 131
59 113
82 92
39 143
97 254
273 140
123 247
89 225
98 182
1 193
186 192
66 199
67 245
101 225
123 246
94 250
201 241
0 245
30 63
30 52
1 194
41 61
59 192
23 132
83 201
273 21
181 269
8 124
22 268
31 100
14 42
121 201
64 100
19 124
83 242
48 125
28 200
1 126
118 139
47 205
124 141
24 59
31 153
88 226
179 261
170 197
19 267
62 96
152 252
71 197
11 123
112 195
32 33
97 156
187 192
154 255
273 32
41 131
215 221
205 212
80 143
2 227
40 244
33 191
40 52
31 243
156 220
111 223
49 266
18 228
93 208
51 139
9 208
4 144
228 264
0 160
48 243
115 190
155 212
221 240
86 129
35 235
195 254
15 34
67 144
105 143
80 160
112 243
14 63
71 115
109 208
99 257
3 74
93 157
126 132
143 269
18 32
106 239
185 203
219 225
17 139
151 251
61 219
21 271
247 274
54 240
139 221
203 252
63 118
13 118
79 243
63 158
137 221
112 172
3 10
107 269
114 235
170 201
49 162
78 168
76 187
45 90
11 202
110 186
13 131
94 103
148 192
61 163
197 243
246 249
8 44
210 258
97 113
81 145
52 188
30 141
84 184
33 195
22 136
52 134
183 236
258 270
41 117
144 197
132 246
23 251
17 53
170 183
69 180
107 248
96 97
88 130
101 205
230 251
207 232
79 240
9 98
121 192
117 258
99 101
106 224
90 193
171 189
137 198
134 155
5 75
153 210
98 133
53 68
122 190
233 252
41 137
39 133
20 24
121 251
86 154
30 185
54 217
25 120
5 238
122 193
30 259
49 55
97 103
72 272
103 267
23 268
120 144
16 167
71 205
95 178
8 131
53 127
79 249
28 146
15 238
49 238
134 169
165 196
113 157
1 49
19 248
74 261
274 109
208 251
11 136
215 269
167 248
53 193
90 155
8 9
62 274
93 217
210 271
99 228
50 56
148 201
19 206
232 239
3 258
71 79
51 170
38 205
57 89
37 85
190 197
113 190
0 191
78 202
71 235
142 191
74 216
71 238
185 244
3 149
141 270
64 88
73 154
158 196
10 206
13 218
230 256
146 220
55 179
10 264
16 57
173 259
45 176
117 179
117 123
25 173
106 211
8 148
142 182
168 220
183 184
15 35
188 212
43 140
3 108
27 108
183 206
218 228
74 224
32 234
32 136
7 59
141 272
0 8
95 109
120 187
164 215
10 196
168 217
9 270
139 218
224 229
74 105
250 253
19 55
148 224
73 133
129 221
98 218
51 81
203 219
112 189
154 193
1 150
19 240
62 92
53 246
112 196
91 106
30 31
231 241
168 193
147 173
6 261
135 216
67 200
54 72
48 272
56 227
162 259
41 67
47 89
50 220
29 182
273 75
118 190
110 274
144 170
4 125
32 106
43 112
31 131
56 231
5 101
252 254
111 263
125 241
48 158
55 187
86 98
81 252
79 138
149 173
36 195
77 198
108 201
157 262
57 108
108 258
137 258
20 146
126 151
128 141
14 239
217 249
157 174
44 80
157 169
32 148
12 45
0 100
41 45
74 75
141 174
70 268
0 206
142 242
90 185
160 228
77 253
191 208
11 21
200 237
27 36
121 220
47 239
38 208
111 166
93 123
136 269
106 159
0 258
160 218
101 127
4 38
118 249
168 248
129 229
30 146
11 75
130 189
124 225
102 179
274 224
110 135
113 166
22 107
249 250
29 239
73 208
223 273
153 181
190 256
133 252
161 209
26 37
23 82
68 192
1 202
191 193
49 203
203 274
135 194
217 234
38 210
161 239
71 149
4 250
42 170
234 255
48 194
215 265
152 246
44 87
138 221
73 261
49 173
187 260
83 208
163 267
145 150
11 125
17 174
5 43
133 196
30 109
124 274
56 256
224 227
75 177
152 253
31 159
83 112
71 173
201 272
191 245
138 211
32 202
57 259
94 231
123 182
219 251
154 199
34 160
44 60
182 253
145 194
2 163
122 155
29 250
132 213
29 104
181 187
28 221
161 203
91 119
102 237
64 157
82 169
134 220
5 180
109 234
35 274
211 254
209 215
108 155
58 71
133 230
51 122
62 103
0 256
4 37
129 254
93 200
20 165
157 238
257 268
55 233
130 251
51 210
107 112
2 36
121 125
64 133
36 133
29 37
91 110
146 248
129 173
55 204
143 251
88 249
195 219
103 194
61 207
57 80
82 116
274 258
224 262
32 115
98 227
72 174
75 262
121 216
159 244
64 168
11 46
214 256
70 130
84 246
126 223
101 222
45 143
157 246
75 153
113 223
34 240
167 214
147 215
42 256
53 264
50 263
249 266
97 106
208 236
117 199
185 228
62 65
103 155
82 181
88 180
70 244
31 209
131 193
96 261
63 140
88 224
90 136
14 255
16 17
59 174
201 249
72 220
15 61
246 253
49 129
73 175
22 156
94 175
17 36
38 107
4 129
89 141
75 167
131 148
121 256
168 199
112 125
14 206
56 151
48 198
155 255
30 161
94 166
51 248
136 145
25 271
120 235
7 167
29 132
37 207
191 266
67 229
123 267
39 195
205 247
180 243
44 242
63 156
13 39
175 270
233 265
75 154
171 247
153 214
20 268
274 111
75 249
24 164
81 272
204 227
87 267
221 249
118 186
16 72
198 269
49 128
220 271
1 186
105 240
222 227
73 234
29 138
6 99
274 24
14 87
159 261
20 64
154 167
2 39
273 161
178 232
68 253
22 57
86 254
163 250
98 202
110 227
82 118
95 246
109 149
75 236
81 240
125 255
12 142
43 221
2 182
244 254
14 45
25 255
115 182
69 251
152 235
201 260
135 181
135 211
13 142
12 18
243 274
88 123
164 177
52 58
59 139
160 226
35 116
90 119
45 120
75 173
178 201
55 152
83 189
42 137
58 177
44 129
260 266
5 23
54 219
28 118
60 188
91 99
215 216
28 144
42 50
112 176
51 255
29 174
