9 160
97 110
75 189
61 177
121 194
195 174
32 168
33 53
56 146
191 141
142 168
60 127
112 143
80 198
128 172
196 186
18 72
58 125
79 100
58 84
28 49
67 83
197 150
25 120
13 132
197 25
20 61
8 13
82 117
58 127
75 168
192 101
46 89
13 89
3 137
49 149
56 192
32 138
28 187
107 168
38 43
43 105
60 159
27 175
81 149
154 187
7 60
65 158
14 177
195 82
43 189
54 87
67 186
134 165
51 189
144 166
12 69
105 158
137 153
41 182
194 164
89 195
25 156
25 46
1 31
171 188
6 92
50 134
128 140
87 89
14 65
89 149
198 49
65 175
197 184
27 193
104 175
199 20
23 37
46 101
19 173
145 168
29 86
31 34
59 128
24 69
75 138
69 132
28 71
11 62
1 113
106 122
66 168
26 102
163 186
31 78
55 182
63 137
49 101
52 188
94 127
76 169
102 140
106 180
25 90
138 159
56 120
5 9
40 118
36 156
55 162
49 168
60 107
37 184
2 44
69 125
88 174
39 186
193 35
5 170
38 47
160 188
108 134
103 178
21 99
2 165
77 179
75 154
66 184
153 182
192 131
2 117
22 48
25 34
44 123
47 48
113 177
17 70
33 154
8 199
65 173
128 167
33 126
28 97
142 163
182 190
199 115
31 77
198 64
70 140
97 166
72 78
166 189
161 168
20 57
21 166
144 185
31 123
135 177
74 114
153 157
27 104
55 134
0 165
66 151
171 199
50 175
24 197
7 77
176 187
46 197
14 40
12 56
45 141
45 84
54 197
129 177
62 81
96 140
196 139
33 98
50 146
135 144
171 176
195 154
194 152
93 192
124 174
36 62
59 196
9 122
112 118
78 164
25 106
40 129
71 79
83 125
197 188
199 135
20 197
127 145
80 190
129 148
30 143
92 95
78 126
128 190
41 109
88 149
155 164
90 194
30 193
114 129
35 153
116 131
62 174
60 138
49 110
155 183
26 124
37 135
66 193
73 168
92 173
191 144
26 182
111 177
26 117
32 179
58 132
8 54
38 172
143 165
52 60
16 166
190 159
15 125
121 123
101 164
62 176
63 191
55 186
158 194
40 99
97 188
33 167
48 183
1 14
5 156
182 194
15 63
104 125
94 147
5 184
14 24
88 170
191 2
161 182
18 34
0 151
41 56
60 123
57 98
3 48
45 71
104 139
78 167
118 151
108 133
25 84
3 190
36 151
115 134
25 153
22 116
30 90
164 169
82 185
39 52
83 94
198 35
77 127
40 50
86 93
191 103
14 160
20 159
52 68
82 135
146 169
152 174
137 151
191 34
64 143
61 175
55 137
122 172
195 157
89 156
16 20
85 172
52 124
25 43
43 177
199 153
1 108
71 195
132 196
105 132
102 139
103 177
61 186
137 191
199 148
90 158
19 21
78 112
5 97
69 117
28 57
75 194
23 139
93 148
9 112
28 30
0 53
52 167
6 125
88 96
127 132
156 187
14 60
57 63
14 30
114 148
103 161
61 155
35 163
43 190
45 59
8 30
39 44
73 195
75 167
113 166
126 188
136 190
191 164
38 51
104 107
10 122
155 165
199 166
115 170
5 82
194 140
83 168
88 99
47 157
131 141
161 172
18 65
2 30
0 162
62 119
52 146
112 192
69 153
54 176
197 166
142 169
58 154
20 172
147 193
123 191
29 141
29 87
51 191
196 52
10 65
19 72
50 151
47 163
32 92
95 128
23 173
97 180
78 172
140 160
30 151
193 173
24 68
183 192
46 184
32 137
180 197
94 179
131 137
84 173
81 92
12 79
63 124
175 177
9 35
100 151
39 140
8 38
16 26
6 187
112 171
50 180
42 71
29 89
170 197
88 192
195 152
17 71
13 41
131 161
5 79
195 110
40 178
105 181
94 107
70 74
30 170
87 156
14 27
20 141
18 133
20 136
84 85
101 135
15 84
69 111
0 3
81 152
36 180
9 186
28 110
57 126
98 107
85 155
132 157
170 186
115 195
5 173
34 111
102 142
69 90
93 95
70 85
140 145
130 131
90 129
124 127
47 109
8 120
130 161
17 95
45 168
35 184
100 157
76 182
34 62
41 127
62 183
43 146
24 107
196 122
194 36
117 199
6 31
67 163
48 52
56 122
56 197
193 39
49 191
121 196
122 160
190 115
32 151
89 148
78 98
113 146
112 194
63 79
145 158
36 76
147 191
197 136
120 153
132 181
40 157
34 123
38 158
12 150
190 5
73 118
82 139
188 193
51 132
119 122
85 100
117 119
44 93
150 169
11 72
91 145
49 51
125 145
37 167
86 144
68 115
78 182
25 169
85 86
198 159
129 187
64 85
199 86
21 116
165 169
61 99
63 153
1 48
44 194
57 95
48 194
23 132
94 149
9 87
99 122
15 97
30 144
3 134
25 166
165 187
27 60
35 186
36 77
42 123
142 143
42 141
30 88
60 121
133 189
77 151
124 146
198 55
136 144
9 191
6 158
96 182
31 133
78 109
193 95
16 60
52 168
120 137
22 157
62 197
94 99
68 149
193 139
195 46
26 28
104 146
53 136
58 117
193 84
101 139
148 163
146 190
12 182
73 143
31 106
4 41
35 110
79 108
39 199
81 182
194 109
119 166
135 167
41 113
48 69
119 142
37 180
34 48
0 121
192 24
50 94
141 142
40 67
190 35
34 113
37 111
34 158
47 73
94 150
16 68
192 107
142 152
63 113
9 116
100 147
97 120
198 103
53 143
49 95
143 185
7 136
65 100
14 95
82 91
113 180
17 104
90 196
137 150
48 73
4 5
19 45
8 39
5 189
72 143
196 177
13 104
47 177
45 185
28 90
146 153
88 125
113 130
26 164
17 134
42 134
99 112
36 80
197 189
70 119
24 174
52 128
71 188
0 90
28 174
125 177
30 57
32 46
68 137
81 174
46 149
78 197
46 157
41 50
152 164
88 187
40 106
112 180
175 199
75 79
77 177
62 193
191 14
124 165
88 143
21 75
66 75
31 128
49 81
13 176
14 186
68 139
126 197
108 132
15 94
62 86
22 42
199 173
35 48
118 171
12 175
33 161
135 163
44 78
160 197
3 140
6 55
52 135
46 133
122 125
194 146
18 89
136 180
75 84
66 80
30 58
81 109
127 189
28 59
43 176
89 167
114 160
41 154
193 87
15 77
29 167
198 75
51 88
7 42
71 156
107 122
20 150
95 105
3 131
22 80
0 105
154 181
15 113
195 13
57 83
75 88
69 140
27 33
19 82
110 160
129 175
58 159
38 135
90 139
93 143
46 106
193 175
42 138
91 122
127 183
55 57
13 63
7 76
12 85
36 111
76 183
91 101
63 177
101 111
94 175
18 100
55 91
80 88
21 165
89 109
71 151
147 177
32 131
192 190
6 66
69 75
113 124
59 138
61 163
24 35
40 58
31 121
72 146
81 140
139 141
2 83
128 136
104 166
151 161
2 121
70 126
196 110
50 197
99 133
53 192
9 38
22 152
6 20
21 34
197 95
13 185
51 195
141 182
50 66
38 112
199 22
69 110
105 197
63 123
125 165
0 118
27 127
38 71
48 122
1 197
99 118
44 86
97 197
5 86
90 178
112 176
68 198
78 105
16 31
7 188
196 125
6 28
135 186
94 139
105 198
25 137
75 119
155 192
16 101
92 170
196 64
34 128
151 191
52 153
147 160
198 146
41 159
107 199
107 164
6 50
33 184
101 162
123 199
52 122
37 83
71 121
50 136
96 116
18 169
52 61
77 167
22 97
80 178
25 97
190 143
1 103
124 133
9 52
7 11
161 186
198 77
105 115
10 182
18 196
63 85
62 148
1 119
60 102
58 142
38 197
2 184
19 86
198 147
14 36
47 63
32 98
164 174
154 173
22 36
28 65
13 162
132 155
42 126
6 49
194 175
50 142
55 107
43 154
113 120
50 63
49 84
9 54
15 68
96 167
5 138
144 164
44 192
93 194
198 156
4 7
26 80
88 130
82 99
130 185
195 76
4 86
8 103
81 96
108 181
138 189
6 115
3 54
199 134
124 160
47 52
45 106
49 92
52 156
198 132
195 129
16 65
46 145
166 195
72 113
96 183
89 184
89 106
153 184
30 78
84 185
2 138
95 157
48 117
85 109
197 3
88 160
139 156
81 192
149 166
0 167
73 79
190 108
20 160
15 41
108 160
56 184
32 175
19 131
36 91
86 191
137 159
0 37
61 108
16 64
12 124
95 159
67 148
23 40
197 58
116 151
68 84
10 199
133 173
180 193
196 53
52 197
47 53
122 188
30 92
192 35
151 190
91 119
53 135
33 39
39 88
31 140
57 128
12 64
86 136
53 123
16 146
79 175
32 83
73 178
33 90
1 124
33 143
133 199
34 54
73 87
76 192
75 130
192 124
42 160
67 196
199 38
75 183
30 71
0 98
27 119
22 31
23 115
2 145
163 180
53 99
104 190
175 198
71 196
24 169
112 139
195 62
124 141
28 32
0 87
12 154
67 90
194 56
147 190
55 79
109 159
30 120
176 186
10 185
41 55
43 143
0 13
198 47
164 187
0 79
18 38
42 106
118 128
4 90
4 12
19 124
86 102
51 177
20 64
38 128
55 96
52 92
192 115
142 162
74 94
76 92
62 151
153 197
6 93
72 135
55 173
40 144
31 50
155 172
92 166
75 120
198 165
94 178
135 170
82 193
34 101
195 3
55 126
65 134
11 145
89 169
32 139
93 183
92 163
19 39
190 33
63 125
47 92
74 101
169 187
86 129
33 67
18 148
31 75
194 153
198 54
75 121
100 190
65 74
41 123
83 95
61 176
0 81
51 54
