134 165
40 120
134 170
72 142
52 94
74 147
136 166
9 98
178 15
167 110
14 23
49 97
119 134
34 49
16 102
32 52
171 29
38 134
14 99
88 126
132 176
77 111
70 113
36 122
57 154
21 130
34 136
16 97
72 89
51 145
104 176
133 149
9 70
141 171
27 84
67 108
81 143
153 174
84 148
20 68
13 88
169 128
52 66
48 162
17 135
59 178
5 43
169 100
170 165
133 138
121 153
20 154
26 74
64 144
166 12
78 125
20 26
49 142
30 69
169 49
36 129
55 109
140 157
166 120
20 172
168 66
50 128
17 145
9 89
2 137
98 148
20 170
60 170
174 59
135 167
89 169
108 125
177 133
113 135
9 37
51 123
132 156
62 132
91 165
79 139
35 85
174 139
159 160
62 134
10 114
35 102
134 139
172 157
167 3
74 82
16 80
151 169
95 120
8 152
33 165
59 121
179 113
32 111
37 168
71 179
27 129
166 90
53 74
29 40
12 68
65 114
79 85
25 157
51 133
3 114
39 46
66 79
127 160
13 39
34 170
14 175
73 87
167 146
14 132
55 85
13 34
12 60
83 174
90 170
15 147
48 175
60 164
53 105
178 169
19 45
82 165
22 47
81 136
90 140
23 96
33 150
21 125
115 126
29 126
18 132
81 137
171 0
96 105
175 3
43 105
65 152
1 90
19 142
72 84
178 132
51 105
56 165
11 64
1 149
134 175
159 166
36 91
0 87
121 138
87 112
0 161
33 127
49 107
178 94
71 100
60 159
124 131
94 168
13 146
130 175
49 130
174 43
157 173
174 133
111 139
83 103
107 145
39 163
77 171
120 175
65 89
19 62
101 155
78 140
9 169
17 165
15 72
95 146
64 111
0 154
177 2
85 109
86 143
66 104
128 166
67 163
168 4
97 109
152 165
50 80
71 175
17 22
26 78
165 73
170 125
135 138
175 28
95 106
49 90
55 158
40 131
172 53
20 165
85 177
72 101
25 126
41 119
45 118
7 167
57 151
24 76
60 125
37 49
26 31
27 136
21 95
135 144
10 87
94 118
64 175
176 56
119 156
174 24
44 111
28 84
102 171
85 100
169 26
12 124
133 175
132 155
101 118
47 79
50 141
21 45
57 164
112 176
11 158
22 158
168 58
19 21
7 82
122 130
74 97
84 109
145 156
75 148
6 17
109 160
17 108
38 115
55 57
152 158
52 109
156 174
4 102
159 169
10 177
43 86
23 95
91 95
34 57
107 129
3 99
78 178
35 158
36 143
167 171
169 35
17 127
172 33
62 116
44 79
52 78
82 142
49 68
6 96
173 172
98 167
35 60
12 77
76 164
1 98
14 117
58 133
2 18
8 65
69 84
135 140
62 73
106 125
111 136
168 34
87 137
43 156
44 91
175 101
72 140
167 151
45 141
138 153
82 107
18 27
13 104
13 83
165 60
104 124
69 102
142 174
17 59
113 129
55 114
23 127
179 72
36 133
19 109
21 122
29 54
71 161
49 141
175 17
169 59
13 81
96 126
152 179
72 123
34 76
170 129
27 28
31 109
27 113
17 131
31 55
16 59
19 73
20 56
27 165
45 111
177 116
173 47
167 14
161 168
109 140
43 48
20 33
86 90
79 83
48 127
4 22
145 164
67 94
122 152
131 147
124 152
158 160
168 147
35 122
19 158
39 165
13 126
16 87
125 145
77 80
97 118
44 86
56 67
125 132
50 72
31 149
13 33
176 61
49 73
55 141
98 146
35 136
50 92
177 76
71 116
21 152
62 157
167 121
14 107
59 107
58 156
151 163
17 128
21 172
137 176
55 98
58 163
0 151
140 154
16 159
65 76
52 62
81 82
19 72
26 173
2 118
176 3
77 158
6 25
46 145
142 154
1 56
102 110
148 151
83 91
125 138
5 107
32 39
166 16
71 143
178 20
105 163
73 90
66 148
30 90
63 142
35 55
158 168
57 175
177 124
38 100
101 130
125 127
82 167
22 61
89 158
120 179
176 4
47 175
13 141
64 79
43 132
161 165
86 131
4 178
49 145
7 12
65 137
13 17
167 131
71 128
45 70
169 74
9 109
113 134
23 71
21 46
116 176
129 175
68 85
25 37
40 155
11 59
151 160
179 155
168 99
123 144
26 172
76 169
102 175
38 172
35 54
16 47
144 159
122 139
52 92
32 92
20 84
103 158
121 125
44 116
57 168
83 140
23 79
61 116
47 74
0 14
103 123
38 109
90 124
38 159
92 95
70 102
50 67
24 101
21 110
11 93
87 89
51 65
171 160
25 138
91 157
149 156
49 154
0 112
42 144
21 137
23 135
28 93
165 8
86 130
69 73
61 124
2 29
59 64
22 161
6 19
34 114
21 174
7 78
2 115
5 102
37 151
9 166
154 159
6 158
11 124
104 139
24 81
45 62
20 53
94 172
52 82
22 81
83 97
43 131
147 167
123 179
90 113
85 90
37 78
64 125
174 85
64 110
74 130
52 70
24 52
44 171
36 120
42 128
31 104
100 130
4 73
117 177
21 104
170 155
20 161
80 160
32 112
6 80
60 101
115 138
46 94
22 23
22 44
9 92
108 175
167 155
136 150
24 129
28 57
50 100
168 156
37 112
129 171
31 162
20 162
57 85
24 163
16 114
79 106
43 122
88 158
6 69
81 87
57 106
98 113
25 50
81 100
6 105
13 114
71 160
49 150
55 142
169 95
100 124
50 73
8 143
65 167
173 91
68 108
86 148
102 104
45 106
114 129
86 176
9 21
7 175
119 175
173 19
14 173
165 111
170 68
90 93
4 33
98 107
46 140
54 150
147 159
171 89
112 175
48 120
63 78
45 175
8 150
63 148
79 148
40 83
179 21
45 176
104 118
53 54
168 95
25 62
75 126
111 144
96 176
1 22
165 126
35 57
143 172
5 126
165 53
110 149
83 123
122 137
30 130
12 112
1 169
14 150
36 161
58 99
158 165
172 0
60 104
63 74
74 160
141 159
128 147
112 126
50 78
4 74
12 105
131 163
23 125
53 156
40 95
14 166
73 105
116 126
147 149
83 141
7 18
126 149
60 69
23 119
68 115
100 163
8 74
48 87
99 120
127 147
100 105
87 142
105 131
81 131
58 136
179 62
169 42
70 76
90 136
154 163
61 170
19 107
30 84
106 132
3 76
56 162
31 78
165 104
1 88
0 131
62 135
38 51
85 168
111 120
31 144
179 63
135 136
60 124
1 161
42 111
101 125
90 167
165 175
27 68
20 74
55 81
27 45
22 49
41 70
133 137
91 135
25 75
170 15
173 6
16 122
95 130
17 142
169 15
5 117
93 145
106 158
98 117
164 178
104 137
65 133
96 110
37 46
159 163
69 149
32 49
120 165
10 135
104 122
4 95
119 166
68 116
1 77
72 159
56 135
15 108
41 112
11 62
71 122
153 160
39 129
96 145
167 137
55 89
123 136
178 159
19 159
56 158
26 65
37 179
170 112
28 145
139 143
114 138
7 105
79 80
119 174
32 102
22 127
14 16
1 179
28 41
124 166
98 174
42 83
19 34
170 95
10 109
129 154
100 157
88 100
24 161
42 150
7 98
84 101
168 112
169 62
79 97
60 135
10 49
80 109
167 74
23 58
7 145
21 168
116 135
40 64
34 88
63 156
28 72
26 64
100 126
9 87
48 60
120 136
72 108
77 173
98 103
78 150
107 160
134 155
174 46
31 90
2 145
176 155
15 165
29 77
160 172
19 155
143 158
1 4
73 168
70 177
46 130
13 124
51 57
1 71
3 74
55 152
27 78
13 69
179 111
58 74
174 82
11 152
33 93
106 127
58 155
173 105
99 175
108 126
48 101
32 152
140 160
55 106
14 124
31 119
64 169
45 179
23 54
179 95
136 159
21 91
142 170
132 140
177 99
96 149
124 145
63 118
99 111
22 38
95 100
107 149
9 16
73 88
117 142
66 177
107 161
23 51
173 134
62 173
8 48
47 103
98 176
16 88
169 109
29 120
55 125
51 127
16 35
58 69
9 126
6 153
7 11
48 54
93 119
94 100
36 96
165 101
15 85
165 21
43 102
84 132
8 117
48 139
0 155
58 173
167 85
11 17
38 138
167 11
130 174
84 173
40 88
15 40
11 129
59 168
53 109
18 143
96 118
49 82
165 122
59 73
12 71
26 72
53 72
6 44
5 146
10 51
3 16
87 124
104 135
98 104
17 71
176 51
83 149
93 97
177 52
165 43
38 156
78 91
137 170
82 177
122 151
179 9
1 25
172 28
28 170
82 145
118 156
73 97
150 178
93 101
34 115
77 172
30 172
175 94
168 44
102 105
4 169
175 85
69 117
150 171
33 160
177 49
30 129
96 106
19 22
25 71
7 47
91 155
175 142
3 82
8 28
23 149
107 118
165 142
37 111
56 105
33 53
61 117
2 10
30 68
71 165
17 179
34 59
141 172
78 80
54 86
16 72
11 15
52 164
12 53
85 163
145 161
19 69
75 111
10 91
90 125
122 143
138 176
0 158
67 147
82 136
170 85
79 100
102 116
65 134
67 161
6 165
27 33
21 87
167 51
174 45
16 64
12 15
178 109
58 177
65 97
179 58
60 74
49 139
30 148
12 110
73 117
159 171
90 95
25 171
129 176
13 52
65 69
41 133
122 155
7 151
29 100
21 82
15 100
13 90
41 143
2 90
2 88
111 166
86 134
42 154
174 109
60 141
14 162
13 169
21 60
25 67
112 169
56 127
57 101
2 150
15 179
18 157
51 144
167 24
14 153
126 147
98 171
48 55
33 73
165 63
31 61
106 135
26 119
49 113
16 77
177 118
169 136
175 0
75 157
23 133
52 81
168 90
36 128
58 167
85 153
94 164
175 65
114 172
55 56
53 159
167 176
107 166
77 175
148 161
100 145
96 150
54 124
21 79
39 132
84 122
5 147
18 172
116 167
114 178
94 114
172 177
168 93
165 59
146 164
40 122
18 147
57 136
51 161
57 71
63 166
9 139
108 163
25 149
14 171
171 15
53 60
117 151
179 44
32 94
48 74
17 86
105 113
32 110
36 109
122 167
23 78
123 150
170 92
25 33
23 85
119 157
86 88
74 113
85 129
1 111
178 172
12 165
97 98
125 147
26 134
60 168
36 67
0 32
174 91
29 139
30 38
26 131
167 35
4 149
13 96
52 134
32 105
166 87
54 127
35 138
62 91
120 171
9 49
178 92
44 90
47 98
130 164
165 3
9 20
147 151
24 145
50 139
141 176
12 88
13 20
57 152
7 155
5 57
156 160
53 173
115 154
24 166
69 129
33 80
86 121
103 105
5 67
2 41
52 112
167 152
34 162
153 165
167 29
12 89
88 143
144 169
179 96
56 160
10 64
119 171
166 104
115 170
26 152
2 62
10 38
97 117
44 58
29 131
28 116
167 162
97 167
5 143
85 155
39 131
85 161
68 155
3 22
85 166
37 75
18 59
80 115
60 118
62 120
80 92
50 177
4 34
19 138
112 167
23 111
4 76
84 140
172 155
64 165
122 162
2 142
5 52
26 45
16 17
17 69
169 163
11 75
138 159
40 115
74 112
36 141
122 160
95 96
39 101
105 138
30 126
47 171
39 76
10 69
87 135
173 54
32 66
110 154
118 133
11 101
103 138
85 127
42 89
10 74
41 121
21 85
4 90
172 32
165 137
172 107
175 20
102 140
47 83
176 140
31 175
24 102
97 130
58 170
11 23
5 63
24 44
25 120
142 144
6 119
175 69
70 174
13 143
56 169
69 106
42 66
54 106
169 90
55 143
30 46
140 147
35 152
23 159
123 169
53 161
35 42
54 116
26 175
81 174
31 176
69 132
46 155
11 18
133 165
148 158
14 109
68 169
108 110
174 179
3 128
40 46
103 173
60 172
171 127
20 152
3 4
17 27
41 54
22 162
67 157
14 55
176 154
126 172
165 107
92 113
123 177
78 97
111 155
82 103
28 123
21 52
4 131
128 163
32 79
29 169
10 171
84 163
105 152
72 112
44 148
69 131
98 154
178 163
179 46
50 81
172 151
8 56
142 179
70 90
7 179
49 80
60 158
38 104
178 80
69 93
28 147
47 134
18 154
77 104
151 177
104 172
170 88
48 76
177 110
166 142
39 158
179 97
72 141
166 17
30 33
165 66
30 162
100 113
75 124
144 147
169 47
90 119
153 175
41 45
50 151
31 114
79 105
160 163
57 82
33 84
32 119
130 178
89 111
11 65
138 150
80 96
28 85
136 171
69 74
92 177
176 13
14 169
1 107
129 162
4 13
102 108
125 141
15 160
93 163
106 114
168 9
24 50
132 173
103 120
4 6
173 40
178 165
66 73
10 63
2 95
71 150
105 123
10 128
22 124
92 118
76 120
9 173
178 77
100 154
3 48
7 93
7 68
67 142
23 121
13 19
174 39
16 113
170 35
37 100
32 127
168 82
5 122
173 150
177 97
3 87
15 128
10 147
117 145
172 64
54 170
42 108
46 75
12 169
78 95
44 81
3 27
22 168
38 105
0 17
179 114
1 100
111 137
67 76
15 70
85 178
128 170
113 151
27 88
28 80
151 175
74 146
69 150
158 174
58 61
47 114
8 59
170 143
31 165
1 80
155 157
37 165
15 153
7 88
19 53
76 171
80 117
100 172
75 81
118 119
77 89
90 101
103 144
49 157
6 107
66 140
41 164
107 179
51 169
51 159
26 88
48 143
176 106
32 173
68 130
38 118
11 13
29 72
17 74
1 153
42 58
123 152
85 164
41 136
173 111
70 104
24 147
93 172
141 161
22 167
179 86
175 86
9 132
117 147
51 102
165 47
6 43
178 76
22 60
35 98
179 136
93 130
99 176
58 91
28 37
67 74
13 26
178 135
170 135
97 111
19 74
110 153
16 171
17 23
11 113
141 156
59 76
90 175
64 138
37 122
17 79
47 51
27 155
17 144
10 118
34 123
84 123
48 104
172 43
58 148
23 178
174 38
172 119
12 146
50 90
134 160
9 130
121 132
133 146
42 60
84 152
24 59
177 53
65 68
147 165
20 112
47 126
122 156
2 25
103 126
55 86
95 173
104 128
64 78
178 14
2 66
15 66
120 143
9 100
54 119
171 30
36 167
16 105
98 152
113 119
47 59
78 129
79 120
14 21
5 41
102 161
60 92
49 140
28 179
39 44
166 60
60 78
110 164
51 129
172 81
74 135
31 39
105 165
177 101
11 76
33 106
165 115
169 157
131 140
1 50
157 161
46 111
36 173
65 116
172 27
25 122
34 138
32 76
114 119
139 148
79 124
67 103
0 118
175 158
5 178
28 46
89 166
80 98
6 106
121 166
34 93
18 76
36 150
141 155
16 76
40 42
170 4
122 166
172 67
122 135
149 165
172 153
69 118
6 111
64 127
20 46
165 138
3 129
64 84
165 11
172 41
59 144
82 152
76 91
12 157
32 145
141 166
44 82
67 129
68 146
177 141
29 118
5 108
81 159
48 149
4 66
29 96
172 56
13 125
70 82
14 95
21 92
56 147
11 94
103 177
4 156
91 140
55 58
48 137
70 79
107 170
175 75
1 122
165 108
18 22
175 6
45 103
144 157
86 150
34 154
49 72
176 39
58 117
5 70
79 104
133 156
67 97
104 151
5 124
168 65
173 15
43 145
76 127
72 156
68 77
34 38
17 96
39 150
4 164
13 32
34 151
173 148
178 86
119 161
27 169
166 59
75 94
103 131
79 145
20 159
15 174
75 118
86 139
5 51
23 172
2 147
17 19
59 87
47 174
178 17
134 142
50 122
33 100
34 61
100 170
85 112
1 127
73 84
65 77
167 177
168 31
34 45
23 156
84 131
177 0
165 119
6 102
85 117
96 125
149 154
139 173
62 119
123 165
4 31
22 154
102 127
13 40
12 145
47 140
70 158
18 140
71 136
30 50
22 86
167 76
12 136
67 179
72 110
130 136
176 59
167 26
107 131
127 170
77 113
73 147
18 153
90 145
149 152
85 108
33 157
84 151
45 143
124 165
91 167
1 118
45 105
2 26
100 162
43 148
165 81
42 68
102 121
94 155
59 112
77 137
9 86
178 84
175 38
28 124
15 84
19 38
63 80
176 24
91 168
7 52
2 67
9 175
101 159
125 178
112 144
40 101
130 168
168 105
5 24
10 77
50 165
32 121
67 100
58 175
67 122
1 104
75 79
11 150
39 108
167 16
90 163
12 147
40 166
44 145
110 158
169 145
63 86
179 66
50 172
63 177
140 165
43 66
8 142
79 178
175 115
9 135
57 62
54 99
174 103
96 171
81 146
109 152
40 154
35 124
56 125
9 85
33 38
54 122
80 128
58 92
17 177
94 176
78 151
63 127
166 98
7 97
68 149
58 97
45 94
11 171
8 121
6 104
17 100
70 103
54 134
77 97
93 111
15 59
81 108
116 171
40 62
167 120
19 161
15 149
53 59
34 97
165 94
178 153
166 162
151 173
24 105
124 157
88 134
27 86
44 110
56 104
5 31
176 8
39 92
73 120
29 50
179 11
67 85
49 61
104 171
17 172
15 157
95 149
43 108
121 128
56 130
96 99
41 91
172 176
5 68
86 118
38 135
30 103
179 76
79 115
25 168
64 75
24 131
12 148
0 107
73 171
41 88
0 120
90 171
44 126
179 26
152 159
11 154
45 69
170 52
103 143
60 131
114 160
15 145
6 166
43 51
14 137
139 177
153 156
80 102
4 132
79 112
149 153
1 28
8 145
68 148
27 103
53 102
17 123
84 111
169 79
171 57
6 34
