63 93
89 91
189 210
10 93
150 220
209 28
55 102
134 203
19 58
66 187
106 208
67 176
92 222
38 92
25 125
214 206
209 177
18 50
104 152
2 16
25 76
101 186
11 79
54 89
33 66
137 147
154 219
3 135
114 203
3 198
73 224
221 123
109 178
207 112
28 91
38 215
8 194
44 132
23 205
13 178
58 118
86 201
31 67
201 28
59 127
69 104
48 154
221 136
19 169
111 146
35 217
3 55
47 74
3 191
94 193
34 223
144 219
221 8
26 102
182 195
65 85
147 190
49 124
37 60
14 151
203 91
21 126
76 159
111 185
131 181
136 159
70 95
16 204
57 143
26 88
86 161
208 1
4 157
178 204
39 205
203 106
100 189
222 30
85 134
5 83
6 215
95 143
194 201
106 143
71 101
42 194
202 57
221 32
153 176
91 131
204 41
18 88
142 166
14 73
46 174
18 128
48 109
140 195
141 156
214 138
27 161
83 100
91 159
200 35
31 169
23 104
5 202
94 148
42 171
134 138
77 86
107 179
179 201
43 206
18 146
19 119
176 215
7 55
33 216
27 172
45 64
40 198
205 81
49 61
209 121
106 182
16 110
162 216
56 101
56 66
81 104
26 166
93 220
197 216
137 202
119 146
5 195
41 185
20 131
150 169
56 118
29 150
18 149
114 193
76 125
125 190
157 160
222 156
1 134
216 46
57 173
117 164
96 184
151 177
75 121
101 103
45 131
205 13
102 216
20 21
12 85
53 110
212 153
33 177
105 193
14 32
25 176
38 153
43 187
38 67
18 70
164 210
110 174
117 152
30 118
91 130
127 205
85 102
34 92
100 137
200 1
33 223
7 177
63 72
165 219
10 146
4 17
209 63
126 203
115 184
203 99
45 71
14 27
203 129
13 175
25 193
11 80
63 84
134 187
75 136
58 151
220 193
221 79
88 197
54 197
92 162
111 218
1 59
69 204
106 115
170 181
109 192
12 67
72 195
136 213
120 156
205 87
138 177
101 214
156 178
136 137
119 202
92 224
212 76
218 174
92 179
33 58
201 219
3 189
57 207
222 43
82 139
20 77
200 37
159 164
21 187
42 155
12 27
150 170
5 35
11 172
145 206
6 73
197 205
62 197
65 218
162 168
53 196
99 148
137 145
119 165
75 110
62 202
56 184
224 179
204 32
71 82
8 96
14 16
0 104
203 41
6 45
149 171
210 49
145 205
159 198
216 52
102 178
33 138
65 153
0 121
206 116
207 17
166 223
94 138
43 211
206 139
92 160
127 131
73 108
221 146
216 209
79 123
0 156
178 205
217 206
59 68
214 151
4 51
35 60
146 164
22 129
3 120
37 112
59 182
163 190
179 194
186 218
202 169
41 46
46 51
45 49
126 214
73 99
89 164
54 83
65 115
7 20
67 157
104 179
131 177
49 165
147 191
55 221
45 154
207 51
12 189
43 208
200 176
44 204
95 154
212 169
71 222
59 217
2 70
208 129
116 122
21 146
87 143
115 148
3 201
57 85
132 133
28 61
81 120
204 159
111 164
20 208
82 146
126 173
204 135
51 158
162 165
28 220
212 69
205 224
0 11
221 19
143 154
9 130
2 95
113 217
66 83
35 187
200 153
4 66
96 201
217 118
192 201
166 167
202 145
38 124
94 155
128 187
9 60
74 188
52 139
16 129
41 157
34 210
215 177
37 156
54 155
23 204
4 190
80 162
0 95
128 211
120 221
61 74
79 181
219 114
185 208
48 194
81 167
126 133
223 146
126 131
199 209
135 139
139 173
38 164
87 106
8 126
46 161
113 150
69 176
113 223
15 210
20 216
86 178
7 180
37 195
38 99
8 187
129 196
10 66
37 189
80 180
34 43
206 83
151 160
215 71
48 140
205 102
2 146
33 57
86 220
167 217
119 195
13 201
106 190
48 202
56 219
39 166
88 178
70 200
48 204
80 203
93 160
9 36
27 141
22 157
63 111
177 198
73 166
224 177
21 46
221 68
20 207
221 148
214 127
217 136
12 215
114 204
12 59
75 103
32 220
26 108
65 183
78 134
216 188
71 197
163 184
22 122
115 187
48 200
57 203
55 189
118 134
223 128
36 106
105 122
32 129
59 214
29 135
21 70
201 172
202 36
132 202
15 79
104 222
165 180
112 130
106 223
53 105
115 128
78 196
217 130
77 205
216 76
108 129
85 121
101 143
35 95
37 91
154 158
27 169
90 192
113 142
191 219
220 206
15 145
20 39
208 36
55 216
215 138
19 188
44 217
43 61
5 208
91 201
46 94
168 177
113 169
116 170
209 73
125 147
85 137
53 193
2 120
56 57
205 158
147 213
5 39
211 98
105 113
214 62
37 169
36 81
218 148
51 101
150 187
38 214
113 128
84 159
209 113
84 222
20 144
77 191
150 221
12 21
118 222
59 83
211 26
67 73
0 108
104 120
4 19
17 44
161 207
1 202
224 169
94 216
60 90
169 201
178 191
201 48
67 144
29 171
209 147
142 189
57 88
204 68
47 200
37 110
117 131
121 167
85 93
209 168
69 168
171 216
85 90
59 142
200 24
46 166
220 138
73 139
89 208
28 191
0 142
147 202
64 192
138 196
70 86
83 210
6 131
101 149
47 161
125 128
19 123
83 95
211 188
200 141
64 205
18 26
10 51
31 157
127 138
211 144
25 91
95 220
149 220
122 153
47 106
109 181
124 161
201 27
6 9
164 170
101 154
99 127
87 223
215 92
90 201
168 200
58 215
11 140
8 73
94 119
5 69
100 110
39 168
202 129
83 136
75 106
104 185
154 159
210 97
7 166
121 178
37 94
42 158
39 119
8 52
33 149
19 207
137 155
59 91
7 189
11 215
86 118
79 215
209 44
73 119
3 146
140 146
164 183
133 163
220 133
139 213
107 190
41 194
52 152
222 40
86 197
125 204
147 186
20 120
92 185
2 209
203 218
118 173
0 170
94 158
47 158
120 218
126 153
2 4
106 224
150 163
31 56
87 94
216 143
224 72
12 191
55 170
214 200
53 63
85 152
49 114
79 129
205 153
71 221
67 126
38 186
213 30
21 31
81 178
104 106
221 158
13 16
47 194
109 211
185 221
69 191
164 191
216 159
60 69
9 81
220 91
25 114
39 71
77 115
201 12
39 94
142 180
69 151
207 1
1 121
42 71
219 210
217 145
65 94
47 201
176 199
18 194
31 116
198 215
117 212
99 208
66 117
0 145
68 86
178 200
94 112
34 207
210 191
123 161
156 201
114 222
91 115
6 142
39 214
121 204
2 79
17 127
76 84
201 16
37 50
78 121
29 158
3 149
22 117
63 133
123 212
71 158
70 197
17 213
91 132
51 199
64 65
170 179
114 223
74 202
73 78
100 176
46 78
213 120
212 185
70 183
89 190
41 128
17 137
13 223
168 199
132 185
28 135
216 101
98 204
29 109
142 167
6 104
205 199
23 213
214 60
200 2
56 136
66 189
117 183
174 182
10 170
82 148
40 83
22 143
141 198
204 202
210 217
52 69
146 155
113 125
24 201
13 216
213 145
80 130
107 171
223 125
75 212
190 220
46 189
41 89
85 130
119 157
10 224
176 206
103 123
76 118
210 134
220 140
2 100
222 1
154 156
216 174
67 165
196 218
185 200
133 186
38 140
30 127
211 30
220 147
219 100
68 157
12 147
182 183
42 193
88 92
222 25
78 177
7 136
118 121
134 178
80 88
89 212
75 113
206 13
212 188
32 138
69 105
189 205
78 119
147 180
221 104
108 132
70 81
10 187
70 214
96 190
82 202
200 31
59 65
55 96
12 165
115 192
210 56
222 127
74 77
68 169
218 102
64 102
24 122
128 193
103 106
9 132
6 113
44 172
57 122
31 213
63 195
224 186
40 202
218 11
219 197
211 76
93 179
103 177
204 211
206 192
154 222
80 152
108 142
92 156
9 161
217 46
85 117
19 82
217 176
208 65
170 216
25 137
41 96
33 144
183 190
215 82
151 153
39 158
49 146
65 106
59 191
42 170
108 197
119 154
57 58
22 164
152 184
199 206
209 146
49 89
220 75
204 56
35 43
44 151
223 185
56 127
144 201
105 134
6 126
93 205
207 117
175 203
104 213
219 209
15 216
19 198
200 202
27 209
42 92
67 90
1 138
10 96
116 196
39 204
118 119
61 207
213 9
59 79
19 174
95 112
97 158
51 102
217 56
162 187
18 181
58 71
136 218
142 146
133 213
64 187
15 65
78 217
127 185
161 205
138 149
25 128
56 105
46 138
32 71
2 145
59 121
178 214
91 148
216 167
138 154
216 152
102 193
3 114
26 216
57 194
5 94
97 150
212 27
219 33
224 21
171 222
7 53
105 197
44 88
183 215
125 152
31 196
150 188
88 100
29 77
146 198
131 138
105 169
41 94
4 164
7 140
145 199
91 121
16 175
23 190
16 19
72 113
50 211
214 123
147 166
208 135
116 162
23 194
4 74
4 54
109 163
224 110
213 33
204 175
74 192
36 160
97 193
94 168
154 174
207 171
218 37
12 80
12 174
18 196
41 172
84 98
64 108
37 81
211 133
118 223
10 88
118 151
211 25
2 38
141 186
104 173
111 205
221 72
49 206
2 19
4 131
211 150
15 128
211 103
25 199
8 40
39 155
176 207
70 135
201 137
87 221
101 223
4 174
42 111
4 63
71 201
19 182
120 173
86 204
207 189
23 57
147 163
85 86
44 51
121 207
67 170
79 175
57 213
67 160
78 160
39 88
74 120
68 71
209 124
144 148
110 149
110 119
54 61
87 108
208 7
78 199
18 203
67 158
74 163
33 47
28 34
152 188
84 136
115 130
7 96
18 210
149 193
39 123
211 224
203 119
80 177
163 196
5 190
54 208
62 142
73 89
32 91
200 89
165 196
113 156
32 77
206 157
126 198
181 195
211 153
54 176
104 147
178 195
81 189
41 177
18 147
28 35
207 159
203 115
208 18
11 127
116 220
3 89
0 218
46 84
86 136
23 65
95 186
10 150
68 148
134 168
72 112
49 133
72 126
74 164
32 95
52 100
62 196
28 42
65 178
112 199
108 141
61 95
12 138
109 223
112 190
12 52
52 145
145 154
50 77
56 78
12 81
218 22
213 48
206 191
2 195
219 126
209 164
211 167
60 121
191 218
14 184
145 147
171 213
108 130
12 173
64 138
23 107
24 142
187 192
116 159
215 17
215 174
151 193
83 204
65 188
202 139
105 140
99 212
79 133
34 116
67 200
213 75
14 195
212 132
102 187
222 99
118 135
39 108
67 219
139 220
31 198
57 182
113 224
26 72
129 191
218 140
12 136
80 98
181 193
77 85
19 141
12 87
161 165
125 191
218 183
87 158
48 58
14 114
34 77
209 99
23 91
30 201
16 64
6 12
15 213
122 183
131 190
30 55
83 139
154 199
50 185
10 184
166 224
11 42
24 38
40 74
74 165
56 198
190 210
36 157
35 62
20 133
35 156
67 154
52 60
18 72
16 143
216 142
10 145
117 173
204 179
212 127
143 170
211 96
178 209
111 125
176 182
204 177
35 198
62 91
182 217
5 81
44 208
92 158
130 138
46 90
6 167
73 186
115 179
16 168
103 196
217 33
7 187
3 83
30 121
91 143
103 155
113 118
201 1
60 206
24 104
3 169
120 175
24 102
45 213
5 131
17 170
136 223
92 99
116 186
222 153
49 141
29 198
62 213
213 168
52 62
173 180
211 66
19 57
101 140
133 195
203 155
17 149
13 32
59 187
49 143
2 110
43 65
90 111
49 65
5 128
17 92
85 178
51 105
89 135
170 177
205 104
79 85
3 43
106 155
14 74
60 129
145 190
125 213
97 162
49 77
3 220
18 104
96 112
27 28
224 145
210 197
146 191
6 189
35 171
214 12
213 80
210 89
181 210
14 145
12 51
74 223
59 101
23 216
202 149
201 84
4 93
27 156
48 163
152 158
84 156
110 122
206 81
81 146
38 137
23 88
169 178
142 194
72 92
111 172
8 197
26 112
75 123
47 84
10 91
127 196
222 94
62 149
104 196
26 100
27 59
74 145
118 174
7 223
159 163
44 115
222 14
216 112
87 101
91 116
83 183
207 115
55 145
206 12
130 149
52 106
8 211
142 164
32 135
37 89
78 138
22 145
124 201
50 224
0 125
42 176
214 179
224 134
90 108
173 190
26 131
31 129
59 209
66 159
40 156
49 111
93 146
19 117
93 154
14 182
48 132
125 215
1 193
110 187
86 145
72 101
140 197
105 194
182 199
13 145
210 185
8 79
62 73
90 221
102 127
105 114
124 150
17 189
10 148
33 71
43 107
97 220
206 148
74 212
27 224
69 82
12 219
47 110
17 139
170 218
81 176
33 212
17 138
58 69
201 38
39 219
70 84
218 58
200 79
59 169
35 124
222 132
57 130
199 223
90 115
212 72
206 126
218 188
189 193
129 224
155 198
140 186
176 211
178 224
6 173
3 63
188 190
216 59
222 147
86 142
40 67
14 90
63 206
75 223
16 109
57 154
20 81
158 203
63 204
135 151
104 165
207 87
99 206
14 220
6 206
175 198
4 139
22 222
130 218
206 58
214 139
104 202
36 89
124 200
211 126
164 165
45 54
200 54
59 160
5 155
137 140
202 31
109 143
66 202
209 40
