47 60
30 39
48 49
28 36
31 36
0 36
32 38
17 73
13 48
40 59
44 81
20 85
18 65
59 67
28 87
44 53
11 30
15 65
45 60
31 84
7 40
84 20
40 71
4 24
39 50
13 32
0 4
16 48
35 61
4 45
16 21
89 45
46 48
52 58
86 7
16 81
43 63
82 18
18 68
19 80
84 80
41 56
47 66
65 74
55 80
0 46
55 79
22 60
71 78
4 78
17 45
14 75
0 73
27 69
34 51
12 53
83 11
29 49
61 85
18 81
61 71
83 77
15 49
7 33
22 56
85 58
12 25
19 66
1 25
88 46
42 54
17 63
30 42
86 78
5 40
9 68
88 20
84 9
45 59
17 75
81 87
82 79
28 55
8 63
83 55
4 86
12 82
33 49
45 54
13 24
87 59
45 67
16 41
84 65
83 74
12 51
0 75
33 52
75 82
20 83
45 68
15 45
40 48
85 6
89 26
6 74
25 45
43 59
77 86
82 37
62 73
10 32
28 78
8 51
16 84
85 35
32 36
6 83
40 82
35 48
52 57
59 71
87 77
84 44
85 62
9 30
13 36
12 68
83 22
28 74
12 77
86 15
38 58
78 81
28 69
11 86
54 86
47 67
33 39
22 77
34 89
86 70
89 65
41 68
3 87
86 25
21 24
38 89
7 51
13 27
84 39
81 84
35 60
33 40
89 36
24 41
23 44
21 84
13 72
36 63
51 75
38 48
86 59
27 54
30 69
69 73
4 80
61 79
27 39
85 14
87 4
15 83
42 89
46 67
31 65
11 85
88 59
33 44
23 88
25 77
33 55
52 68
47 52
32 33
57 72
15 81
10 28
0 60
54 69
36 60
2 46
21 32
19 87
1 85
61 63
5 29
43 56
5 47
5 42
15 47
2 23
17 33
60 64
32 80
15 80
42 65
83 61
6 50
35 89
2 57
43 89
40 61
36 50
21 67
10 46
24 65
43 84
62 78
44 48
4 41
7 34
0 11
14 78
51 79
20 40
3 31
87 32
82 43
16 68
41 47
22 58
31 64
26 61
86 73
60 83
16 77
18 50
36 44
1 68
3 19
27 38
17 43
24 63
51 78
10 22
58 59
18 72
57 67
11 16
19 53
11 12
26 28
20 22
71 88
80 89
51 76
4 32
46 89
5 52
83 5
31 71
88 70
32 64
52 65
52 60
53 76
5 76
84 14
74 78
6 45
20 31
54 80
7 16
38 57
20 78
50 82
4 88
14 27
10 30
2 18
56 86
83 69
7 30
2 40
42 46
18 55
60 77
16 22
89 69
8 75
16 44
57 71
61 78
87 50
6 81
40 77
85 74
89 84
85 43
69 87
37 44
19 30
86 23
85 3
8 48
32 72
10 24
31 41
28 56
89 23
55 73
3 77
33 37
55 87
22 29
47 80
28 29
89 59
89 9
10 69
20 43
1 12
11 23
59 83
49 72
48 81
82 0
41 88
63 72
55 56
2 12
48 79
14 37
25 46
34 36
38 77
16 17
83 12
1 66
40 76
21 28
9 58
15 67
66 79
88 56
0 34
21 36
4 9
19 63
36 41
89 5
9 87
3 44
14 39
17 30
3 32
21 44
45 86
35 44
29 56
49 69
40 81
3 58
10 77
42 76
51 60
34 81
37 49
2 16
2 49
41 66
12 21
88 30
60 85
32 39
9 70
9 54
36 72
1 2
39 71
28 37
65 88
53 71
77 80
4 55
65 71
89 29
42 77
7 10
10 50
12 26
26 65
11 66
40 65
20 53
52 87
1 33
17 26
9 20
5 55
21 40
43 51
22 27
64 67
71 74
68 88
18 52
88 1
43 53
6 51
9 28
86 66
89 33
88 25
40 83
29 35
60 66
25 82
40 43
59 78
82 71
7 87
10 83
28 88
32 66
22 65
63 89
10 45
9 38
61 70
3 62
69 84
30 43
4 56
30 71
33 60
4 35
52 81
50 66
86 47
84 60
85 12
85 48
35 62
73 83
49 50
30 65
3 46
8 23
17 35
1 80
57 64
56 72
50 69
37 80
6 76
83 81
31 66
88 3
61 66
37 70
83 33
3 42
62 86
20 35
36 59
38 84
6 39
44 50
3 40
