80 120
59 99
20 70
49 84
1 79
16 122
31 108
24 83
20 85
59 114
89 110
127 137
22 95
132 37
14 73
42 75
97 134
116 139
72 136
7 80
5 100
42 54
26 65
25 133
24 30
53 131
26 107
35 41
34 47
14 106
2 17
55 110
9 94
12 67
69 82
118 133
37 53
43 45
42 48
9 108
80 105
29 122
44 124
58 90
52 122
61 108
5 82
43 59
75 91
28 79
23 56
11 44
1 77
42 51
34 46
50 131
127 139
45 121
25 95
57 110
3 92
138 4
133 46
20 45
96 129
30 118
113 135
50 93
21 127
99 132
61 105
21 93
93 138
21 40
79 100
31 113
0 96
31 126
91 126
43 65
24 97
7 90
7 94
71 123
35 76
22 105
14 51
51 70
4 21
136 53
14 104
41 59
90 109
13 91
137 107
87 117
25 70
39 95
37 106
27 58
55 71
49 103
18 105
41 70
106 111
32 57
76 78
10 75
135 57
133 106
20 59
56 96
92 122
5 43
41 99
51 55
18 110
95 117
26 63
90 123
136 31
27 54
123 132
18 60
8 41
137 66
13 60
12 125
74 116
38 42
13 37
46 66
14 114
81 123
138 35
66 120
36 112
53 70
34 125
8 56
48 92
4 99
52 127
78 113
0 94
36 57
69 130
4 132
16 25
135 26
32 73
78 93
105 136
12 22
137 128
27 126
14 68
32 88
63 85
135 84
69 126
14 131
23 98
31 106
17 105
41 42
28 85
110 112
59 135
115 120
16 95
71 90
66 72
35 120
56 134
19 128
88 112
28 73
67 92
68 131
44 92
5 130
17 130
87 138
6 95
79 85
30 67
97 119
4 107
16 121
26 139
25 56
74 84
16 94
1 63
86 126
135 103
69 115
77 92
90 121
17 75
51 54
7 122
66 98
49 51
15 127
80 94
13 56
133 79
95 113
92 129
18 57
7 69
136 39
67 134
96 134
70 95
43 86
138 88
23 110
33 89
79 88
138 123
51 129
137 54
3 60
60 91
49 90
33 132
21 53
61 97
25 108
72 74
5 11
123 136
3 72
38 87
10 28
74 120
67 129
29 35
2 71
106 123
137 51
35 122
58 99
56 105
37 87
38 111
57 93
99 137
21 50
16 93
91 94
137 116
41 126
55 98
21 82
131 135
11 103
98 133
69 104
90 134
51 100
8 24
67 78
73 95
68 112
38 137
83 136
41 97
42 64
3 54
66 123
13 35
55 66
61 82
32 108
10 59
11 41
53 129
45 66
35 115
100 137
25 27
1 134
139 123
133 128
28 32
92 98
47 131
24 34
10 101
75 126
58 81
97 102
83 88
7 114
89 94
27 46
10 18
57 74
87 120
138 75
27 78
14 47
20 48
108 129
11 87
10 52
16 37
16 108
7 129
46 90
12 54
16 30
82 139
78 137
125 131
14 16
71 79
132 96
61 66
26 133
67 108
20 63
66 128
11 126
58 68
84 134
58 71
67 71
31 107
96 111
5 119
22 28
52 103
80 96
124 132
98 101
133 123
134 20
61 96
120 123
20 37
136 139
7 29
29 63
34 119
5 54
55 137
9 72
129 133
126 134
16 125
138 70
40 104
84 115
21 80
14 129
24 75
71 87
67 99
28 90
135 37
33 85
125 134
67 94
12 64
16 66
24 139
138 59
113 122
137 50
27 57
31 112
38 52
42 105
3 35
138 55
16 48
105 122
87 99
138 130
77 106
21 65
43 93
1 17
113 138
53 117
50 102
33 48
135 41
133 86
8 81
35 95
36 66
137 110
44 51
59 125
61 93
137 6
100 103
105 112
30 34
139 118
109 132
16 79
67 118
50 59
73 100
3 25
5 106
15 102
6 15
13 133
62 110
30 80
51 136
50 124
88 104
18 53
133 138
115 129
9 46
0 99
31 73
113 124
67 91
73 88
50 62
97 129
96 115
35 128
72 95
51 75
8 54
8 98
114 119
62 87
35 92
84 106
85 137
97 125
94 98
7 123
48 52
25 49
21 124
29 116
110 111
23 77
13 79
2 19
14 121
15 58
23 70
4 25
71 75
120 124
95 128
45 132
61 98
74 96
75 124
0 3
30 72
0 76
10 57
54 136
8 118
43 90
134 63
132 106
30 94
45 82
76 86
59 84
135 83
11 40
26 37
7 98
134 37
18 76
52 66
38 125
8 91
61 111
29 32
105 111
24 111
40 98
78 111
91 106
132 91
31 61
137 109
24 73
44 88
7 93
47 81
20 50
37 138
29 124
88 125
50 67
50 74
70 132
52 137
5 95
15 63
0 108
64 110
81 82
31 103
101 111
0 51
115 132
42 46
47 105
79 111
3 113
43 82
17 42
33 99
65 75
136 78
75 106
97 128
41 78
87 91
36 79
69 92
106 131
132 2
3 70
29 38
44 112
13 136
12 131
16 51
139 21
49 87
3 29
94 108
19 48
40 99
44 102
87 93
74 135
83 129
16 49
75 134
42 111
121 131
82 92
35 61
19 70
6 96
60 106
135 91
38 118
43 134
138 20
35 67
133 36
6 84
41 106
28 52
136 113
139 75
7 126
35 44
6 69
135 42
80 122
32 136
84 132
137 131
132 92
47 115
17 131
40 61
34 56
59 74
134 49
49 125
132 90
38 48
86 125
32 36
62 68
17 84
6 46
100 125
77 117
14 86
5 86
13 85
60 117
99 136
61 65
53 90
1 93
10 30
81 108
24 53
61 102
90 114
53 128
55 65
1 83
135 94
29 67
138 11
83 115
4 133
42 60
66 92
15 98
135 45
20 62
133 102
1 39
39 99
60 72
44 61
137 81
5 90
95 134
66 134
85 123
38 120
28 137
21 74
58 75
8 102
46 78
35 71
19 72
15 86
42 114
113 127
136 17
93 118
3 36
43 75
115 122
38 123
87 105
8 96
132 46
22 88
95 99
12 134
12 63
0 80
81 91
110 116
99 106
31 44
56 103
9 45
85 105
72 111
4 60
102 138
10 15
67 121
51 105
64 117
3 30
81 99
1 15
83 103
64 121
58 126
16 53
138 7
97 137
18 102
120 136
80 101
46 95
1 123
82 84
31 81
73 110
68 101
96 126
17 24
3 13
119 126
24 77
32 104
136 11
0 131
93 100
29 118
85 94
25 121
14 66
25 97
46 48
5 50
44 77
138 39
17 53
49 127
20 76
58 127
133 3
68 71
41 124
51 93
11 45
96 110
87 113
38 68
8 121
27 63
137 53
15 49
25 47
32 123
139 8
55 61
138 108
135 62
4 109
24 68
33 111
87 127
133 55
17 81
9 55
136 89
85 139
2 57
43 123
81 107
56 86
2 48
2 108
32 61
57 108
10 114
135 88
94 112
18 96
46 56
59 123
95 114
87 111
83 110
102 108
24 43
134 87
7 117
33 49
26 101
14 124
132 49
6 107
80 93
19 130
2 4
16 139
20 53
74 109
63 114
34 121
51 108
60 89
123 129
98 113
97 122
91 99
67 100
13 120
71 81
13 17
44 58
30 79
40 101
27 122
49 86
132 13
9 13
79 119
91 118
68 102
64 86
70 77
104 135
26 122
47 52
112 131
15 68
46 74
32 101
77 113
48 82
59 63
30 135
4 70
46 99
64 106
49 63
23 125
42 107
21 109
39 74
12 95
132 64
47 138
53 60
47 109
65 107
44 55
83 126
19 78
49 76
3 17
75 85
64 109
10 103
7 110
8 106
5 87
38 79
36 119
15 82
39 92
64 134
64 102
65 87
46 112
5 127
28 91
50 57
122 126
0 63
85 120
65 82
2 53
4 94
4 18
133 94
42 72
37 109
75 76
49 65
42 50
18 86
19 116
31 60
77 90
33 47
137 18
42 123
70 97
63 131
29 70
4 66
46 101
13 96
138 103
76 114
20 90
60 136
72 112
99 114
48 56
44 138
112 120
2 33
84 111
60 122
0 26
127 129
90 111
32 139
1 48
31 85
70 116
88 115
7 53
16 88
23 127
17 69
38 121
15 72
138 64
138 12
5 64
12 15
27 28
11 39
69 83
132 62
41 122
134 70
18 128
0 135
22 86
72 75
12 55
36 110
7 17
1 127
135 5
25 68
55 107
122 137
11 62
15 83
6 89
139 110
103 120
31 118
8 19
96 117
139 96
125 139
8 87
7 76
65 78
15 115
103 132
47 70
3 11
69 119
50 75
57 130
60 114
34 118
115 123
7 8
86 94
72 121
31 139
55 88
32 107
5 80
47 113
7 61
134 119
69 88
7 30
73 84
43 96
53 122
50 112
95 125
22 30
68 115
94 105
18 23
8 103
16 86
15 29
20 128
134 38
44 53
44 84
45 69
81 136
30 92
77 96
46 105
53 89
28 138
34 139
133 83
110 124
103 130
94 110
53 97
9 134
57 69
41 69
99 113
106 121
115 136
13 107
59 80
1 78
4 91
34 67
64 87
107 118
29 105
54 84
0 98
50 97
23 67
16 82
14 89
33 97
20 68
89 127
26 89
73 134
37 81
61 100
14 88
111 113
86 120
3 117
69 124
28 109
136 40
58 89
134 89
5 89
17 59
48 72
14 98
79 105
25 87
4 19
36 125
78 109
139 120
13 27
37 117
72 137
29 106
46 122
138 90
54 85
84 97
4 27
59 70
19 22
97 111
43 101
132 78
51 104
2 126
8 29
104 121
0 72
132 107
85 115
46 110
27 105
5 60
25 69
139 25
57 99
14 83
138 114
10 53
30 69
