179 244
77 261
26 129
44 215
33 259
15 121
188 203
38 152
11 186
210 236
41 201
73 166
123 256
79 123
25 213
77 92
34 253
97 178
5 51
63 264
92 267
20 56
27 160
0 150
8 11
133 209
66 78
83 267
49 103
226 273
73 245
105 228
24 186
14 157
52 97
22 226
245 262
64 162
64 68
148 162
10 108
114 242
107 149
63 227
265 268
128 208
44 138
25 240
73 153
125 245
7 180
153 211
11 230
43 238
99 179
219 230
64 118
61 71
12 76
176 203
63 205
95 159
28 242
148 186
199 205
66 269
157 219
97 237
1 18
107 266
85 213
82 102
141 221
25 150
23 83
183 236
39 109
123 176
231 274
166 220
149 171
37 188
54 248
107 249
185 242
7 35
33 139
21 216
3 140
60 135
183 248
120 230
58 113
225 242
44 113
152 183
54 175
137 207
138 266
164 249
274 203
169 241
107 205
215 249
15 182
59 178
25 186
80 167
57 77
13 150
24 54
39 95
142 236
9 210
78 134
56 77
22 170
132 167
32 131
273 129
274 42
7 239
106 233
132 230
194 231
24 195
50 191
49 50
88 194
65 199
13 46
43 65
2 237
110 213
43 102
168 230
160 232
201 226
39 102
1 260
106 135
86 265
4 26
73 98
165 206
31 130
119 226
8 130
77 186
51 268
31 107
50 62
146 164
141 148
98 225
10 268
0 119
242 247
22 246
122 273
60 98
117 122
40 185
172 195
182 192
226 252
132 219
115 187
175 207
9 119
30 60
11 164
153 201
27 199
126 166
127 251
146 264
173 271
194 200
20 99
94 192
88 140
36 100
75 143
244 254
55 262
39 248
6 118
44 46
117 223
32 71
139 142
262 268
62 95
161 181
152 267
184 215
82 211
76 111
32 47
63 197
145 226
58 95
118 123
177 241
55 87
40 77
222 227
62 133
86 103
162 201
125 157
110 272
20 190
48 161
120 211
18 121
173 232
15 84
199 257
93 216
28 197
142 176
135 182
47 76
9 58
31 111
159 274
135 229
50 236
123 151
186 240
33 164
14 148
46 269
27 71
232 272
15 153
32 249
20 92
55 153
49 133
6 226
138 200
58 99
46 225
138 258
121 155
124 162
87 271
51 135
57 93
273 97
104 156
22 43
149 156
247 250
7 160
15 148
97 189
241 270
40 262
139 249
68 273
116 243
176 269
79 165
78 272
48 130
157 172
158 260
229 266
49 97
14 69
114 184
154 175
119 123
100 115
84 219
145 183
99 161
25 33
24 202
29 265
220 234
48 61
122 256
258 261
8 143
99 203
30 190
128 160
9 247
65 128
173 272
76 139
127 163
108 142
35 96
113 144
193 262
138 182
261 274
4 117
34 105
63 193
201 239
160 214
165 226
121 203
37 182
5 88
274 58
113 177
111 215
238 257
104 112
125 264
81 184
16 126
50 88
112 149
75 128
53 180
128 222
35 219
19 252
18 189
26 263
148 184
138 237
100 267
111 263
207 227
40 120
225 252
96 167
60 193
22 60
71 239
126 252
56 206
176 274
30 32
66 173
49 155
144 236
174 213
33 182
25 147
219 229
91 134
90 157
46 122
9 173
225 237
71 119
18 84
54 145
69 144
2 265
174 238
68 179
38 68
160 200
170 214
66 120
26 27
121 146
86 195
184 192
150 234
219 225
208 245
51 261
70 127
45 270
29 211
89 229
71 75
27 191
178 268
117 118
98 194
186 231
101 234
37 157
69 168
7 204
178 255
51 64
102 239
92 223
7 108
59 209
74 83
134 262
79 182
46 253
90 249
133 251
5 151
77 207
142 265
66 195
66 230
92 261
71 209
65 115
176 204
101 161
168 189
61 214
42 114
73 130
51 109
139 221
155 239
97 230
84 270
80 205
21 47
27 144
203 269
110 218
3 205
153 220
166 230
14 218
218 225
114 246
32 179
30 212
241 251
173 176
0 273
90 223
200 219
117 207
86 142
37 193
66 175
150 252
87 94
49 93
113 269
36 127
25 58
13 113
44 245
99 213
47 84
90 220
112 220
15 85
78 247
225 245
175 210
107 274
104 205
9 122
151 180
14 162
38 135
47 104
37 202
5 130
52 72
119 208
114 224
89 184
55 79
12 162
26 268
117 146
162 235
87 149
2 75
49 168
60 163
153 232
129 223
20 179
76 162
115 175
88 95
58 139
130 225
78 138
25 206
20 91
19 224
118 127
4 212
107 177
76 173
157 229
8 71
194 232
125 244
189 214
125 146
175 229
129 202
73 118
105 273
12 226
127 213
105 156
127 245
6 70
14 57
0 81
89 135
34 232
104 220
211 226
94 197
125 177
195 201
6 69
72 218
155 244
8 69
85 228
53 89
0 134
7 115
153 249
132 141
36 176
93 136
68 97
153 200
1 11
39 187
144 188
189 247
136 187
13 223
0 179
86 112
153 247
24 247
96 160
99 184
149 254
105 177
156 166
113 272
199 272
70 145
95 247
48 128
98 158
39 86
177 179
32 164
125 134
217 222
48 157
121 232
252 259
114 263
152 187
41 210
145 243
150 166
74 138
148 193
23 182
113 150
24 236
44 212
107 117
114 187
7 200
122 219
197 199
89 126
106 130
83 156
68 95
1 159
81 212
129 267
123 246
161 258
102 109
187 231
231 255
20 127
236 267
75 259
73 267
149 226
211 266
15 144
236 252
274 68
69 82
89 224
93 137
151 224
181 223
209 258
20 157
67 167
182 224
85 107
181 264
4 116
201 262
230 270
4 101
178 179
153 180
176 221
185 223
112 156
196 244
145 147
75 222
81 118
20 212
147 173
91 120
17 129
81 223
24 29
193 222
187 224
40 49
49 81
68 252
101 127
49 125
207 264
78 100
6 149
20 36
163 178
152 266
100 223
112 167
62 154
29 104
94 172
72 158
30 230
58 141
141 231
52 90
125 191
22 259
215 236
91 243
62 174
1 256
195 247
193 208
16 178
36 153
217 268
138 256
96 176
64 113
55 171
3 268
179 189
124 247
28 267
2 152
101 193
73 159
193 272
92 143
71 247
50 207
107 185
50 112
159 187
162 271
129 262
25 187
62 93
20 30
138 149
128 254
112 176
159 251
115 170
149 248
4 175
105 186
137 257
172 257
228 249
113 191
255 270
119 229
3 239
55 269
264 270
109 233
31 35
112 118
173 240
189 245
159 213
131 161
18 257
165 255
198 267
84 111
107 214
11 252
231 240
195 239
135 187
165 258
155 197
14 242
197 236
202 265
194 271
117 142
237 270
11 253
30 253
9 37
54 174
98 201
48 244
169 261
73 160
124 202
113 235
101 264
43 125
36 179
210 223
33 84
17 253
56 160
140 271
52 82
26 108
110 168
205 232
50 188
71 171
73 197
130 259
59 201
183 230
42 46
24 232
96 112
1 20
219 253
193 201
173 265
60 114
110 141
51 57
17 256
239 262
62 79
38 150
135 248
6 53
36 270
141 178
69 124
133 223
83 264
44 252
142 203
112 253
34 251
49 154
54 68
263 265
58 69
188 250
46 175
188 209
191 193
21 273
193 204
16 264
52 239
60 99
124 188
114 254
20 226
26 187
211 246
130 179
32 259
16 201
23 134
29 59
79 207
76 95
91 143
161 165
136 238
15 70
184 257
30 151
29 226
155 240
64 108
157 224
217 256
10 208
78 98
158 163
141 259
35 223
202 241
58 172
28 181
88 184
191 268
42 61
80 100
4 91
50 183
1 231
24 130
11 210
81 87
20 166
102 183
153 262
53 145
6 177
28 84
197 200
273 66
166 195
159 194
25 144
95 206
192 246
80 136
103 148
44 250
77 212
142 167
23 138
192 263
78 82
94 181
58 94
2 150
117 215
161 191
20 239
95 195
77 240
82 136
181 232
231 262
200 250
116 244
260 266
144 186
23 36
274 25
24 32
28 47
26 66
147 251
138 165
117 175
31 41
76 90
191 207
44 98
156 230
214 257
1 14
78 164
108 221
17 101
273 203
57 111
157 238
191 237
60 64
89 201
63 199
40 160
191 238
175 216
152 265
44 78
96 99
133 203
127 250
174 220
21 195
86 200
233 250
18 34
124 189
4 211
138 145
81 252
82 188
213 227
61 260
21 187
16 176
194 257
166 239
110 160
89 196
71 219
168 255
239 251
70 166
70 124
58 261
4 114
21 212
57 179
198 228
153 237
207 262
141 169
142 248
172 189
114 197
218 273
77 225
52 96
21 115
141 153
13 33
118 187
47 152
119 162
153 222
80 85
115 239
147 164
67 271
142 208
89 223
131 259
92 160
106 244
84 145
177 203
80 91
40 261
120 214
60 175
43 124
27 257
89 240
126 240
120 205
111 168
61 138
146 238
130 134
11 60
9 97
141 258
40 271
41 123
56 88
182 260
6 56
128 214
29 53
134 189
151 158
18 149
47 151
39 157
40 169
61 114
50 171
84 189
129 244
131 237
75 240
28 110
59 186
67 183
75 161
130 240
99 265
60 188
94 169
9 66
98 173
193 197
202 227
71 84
74 271
30 117
74 210
130 198
274 198
113 251
134 142
191 262
185 244
54 112
5 76
47 116
81 247
77 220
41 259
161 233
121 168
130 178
34 39
205 250
25 130
108 256
206 218
111 268
100 155
79 117
84 137
217 253
194 255
257 266
74 205
90 143
30 49
143 257
189 217
26 180
16 34
86 241
268 272
135 167
35 194
44 232
155 169
107 226
274 98
136 222
151 270
180 214
125 163
14 67
181 190
262 263
169 251
62 141
169 234
185 228
15 211
56 154
57 241
135 136
72 123
185 205
207 249
64 229
94 259
41 160
23 176
84 266
54 62
20 176
194 270
25 106
55 75
85 198
156 189
58 150
18 135
86 171
127 224
117 176
233 258
135 163
16 114
64 183
21 77
17 25
83 241
185 273
111 136
12 166
148 231
237 272
62 161
60 265
47 240
173 261
228 229
109 238
144 254
1 65
151 264
44 157
82 266
75 79
143 248
35 205
165 254
228 265
45 77
85 191
67 84
113 213
65 218
0 163
240 260
182 238
59 105
73 187
163 235
41 189
34 242
69 142
155 236
59 122
73 210
72 215
11 86
12 130
37 214
160 231
4 246
9 52
222 232
21 135
183 184
95 163
71 181
42 110
144 194
91 175
30 273
92 162
79 183
77 114
40 113
25 273
85 97
13 126
12 100
229 244
141 239
142 226
33 190
154 243
129 148
201 251
103 261
110 245
83 123
83 263
64 208
121 195
13 228
92 240
147 192
103 238
195 271
14 237
49 163
22 48
168 217
34 199
41 95
91 182
16 88
32 100
2 161
156 181
224 236
15 236
33 253
239 245
108 219
72 230
21 46
31 119
221 251
153 194
274 273
76 98
188 191
120 267
55 168
247 269
87 263
87 237
47 134
90 104
240 257
27 31
274 251
153 183
194 223
105 218
69 196
128 238
34 219
134 172
23 47
159 243
30 34
76 235
145 214
139 229
105 191
28 199
41 270
50 213
209 242
145 188
1 147
86 88
43 95
77 176
32 36
70 131
173 234
57 128
64 230
204 274
68 207
119 150
202 226
105 217
29 34
14 26
131 156
273 11
70 112
132 178
107 154
30 62
20 211
50 257
152 166
63 249
2 267
19 167
273 201
55 159
18 176
23 115
56 89
12 25
6 57
54 61
0 68
70 265
72 87
111 207
2 188
13 247
161 207
108 205
14 249
66 191
20 214
243 273
11 202
21 268
101 190
7 98
61 206
94 206
112 234
2 175
36 155
32 268
154 228
178 271
57 218
173 250
113 262
39 63
185 271
115 195
61 92
23 161
150 255
24 115
32 191
34 167
44 193
81 145
18 168
105 223
174 197
178 243
38 164
242 262
44 112
16 92
48 178
31 40
153 267
114 219
262 272
188 210
68 217
213 224
114 249
25 49
170 267
219 272
182 234
47 121
27 92
34 139
124 137
22 188
35 64
24 249
46 193
59 143
52 216
70 156
139 189
22 27
61 103
178 241
27 90
27 83
60 172
89 273
138 159
147 271
49 212
163 195
1 173
25 75
43 167
194 218
273 249
91 166
122 229
95 98
32 140
35 128
42 104
1 259
83 202
220 262
124 142
243 244
55 235
248 269
189 231
57 265
21 82
52 63
107 180
22 26
124 185
86 214
122 157
106 254
200 271
34 59
180 243
260 272
19 181
209 250
52 71
22 263
17 166
177 182
74 86
45 245
34 42
30 241
190 243
88 228
153 159
62 249
111 112
27 94
55 94
221 234
155 174
122 144
69 221
173 196
110 153
71 94
88 107
198 265
75 175
48 131
122 230
29 65
142 256
108 241
92 242
57 273
192 256
119 130
80 165
31 241
118 182
5 150
136 192
14 78
12 148
216 239
4 112
163 228
20 252
61 122
97 215
22 213
95 232
18 244
18 100
146 212
56 121
74 225
65 174
33 232
9 152
38 243
33 83
68 219
108 226
132 220
81 84
27 225
13 162
27 106
135 258
97 111
219 238
14 202
17 230
83 172
177 242
121 161
56 123
26 119
4 125
210 243
22 183
102 107
32 262
15 234
171 243
20 255
197 216
3 72
64 210
160 247
211 262
87 121
106 239
174 266
84 228
172 200
45 95
94 105
55 270
67 184
17 99
21 114
161 266
108 227
39 181
19 66
111 250
16 206
137 244
47 95
128 147
165 207
46 156
131 241
28 227
273 178
48 259
202 223
1 265
8 115
24 269
140 182
133 252
46 202
35 76
273 86
71 157
108 268
174 257
147 215
210 259
13 41
67 68
14 158
20 72
110 228
202 274
273 124
94 101
274 9
95 121
273 107
176 242
119 164
4 215
105 226
222 234
53 120
53 168
18 263
168 179
1 35
123 223
111 133
110 211
11 64
48 112
71 173
13 188
131 153
133 185
203 243
71 106
84 258
140 231
50 70
20 137
35 189
179 226
158 200
107 257
133 228
50 194
37 57
52 112
34 72
178 213
52 146
8 272
67 228
50 84
200 206
21 25
107 109
111 167
3 19
59 121
51 161
176 222
92 237
4 19
143 149
121 172
86 117
16 139
136 271
16 102
33 151
5 128
90 149
31 128
36 184
0 82
0 29
207 229
149 161
86 269
52 144
57 102
88 97
125 196
273 9
182 194
83 185
194 240
57 125
76 86
134 191
196 242
143 223
13 49
231 232
221 269
21 171
25 215
131 180
109 176
158 225
50 104
42 135
73 101
8 161
51 200
99 109
70 205
93 140
153 260
139 220
45 79
31 103
114 220
111 253
159 226
28 114
63 163
92 151
44 159
51 231
17 274
6 186
121 220
99 170
36 172
134 271
180 213
79 108
273 24
75 157
8 81
45 58
96 247
98 247
83 132
20 121
168 224
70 270
206 262
49 79
7 231
187 257
103 153
80 267
222 225
190 259
30 46
159 239
119 200
182 253
48 266
18 167
79 125
57 69
66 135
48 120
38 272
91 139
77 242
117 212
52 174
20 196
48 144
191 200
195 269
23 132
186 196
95 246
148 256
106 137
100 174
12 121
92 270
125 261
159 223
99 263
144 174
141 244
120 245
20 104
201 222
48 67
3 94
153 231
82 106
160 226
44 236
103 224
198 204
104 261
28 133
36 156
142 255
273 154
26 199
208 259
73 204
61 246
273 214
75 154
209 226
205 253
58 267
23 114
16 152
25 37
162 254
51 217
128 236
67 216
107 184
40 195
130 256
59 73
51 73
136 164
42 96
212 240
226 242
16 199
15 175
83 114
97 110
70 113
181 257
72 194
131 266
65 158
217 261
26 237
45 262
12 236
74 252
25 38
53 92
22 201
99 271
107 157
126 146
32 127
176 267
0 123
35 226
236 264
2 165
1 165
114 270
41 218
123 156
88 233
108 216
144 261
89 131
36 44
197 208
69 197
34 119
28 233
46 75
1 186
0 158
8 90
46 226
10 234
11 119
37 172
22 159
110 181
54 100
274 16
132 159
8 128
46 94
1 15
36 225
127 187
46 194
274 128
8 180
22 182
216 265
167 268
34 197
131 264
55 95
131 159
36 53
35 167
0 157
123 164
82 103
42 137
69 245
48 138
111 252
76 166
102 165
43 74
59 64
13 246
24 266
186 234
208 214
24 145
122 203
164 244
29 159
65 159
91 223
92 167
9 150
94 217
104 143
114 186
2 256
25 27
25 40
229 252
142 181
37 56
65 84
74 145
142 202
190 232
102 171
244 261
23 197
93 260
17 89
4 63
43 246
10 130
4 168
73 142
7 144
7 268
155 254
39 159
66 125
87 220
45 96
166 169
87 138
164 225
21 259
179 263
95 153
130 211
108 248
129 235
110 208
183 242
106 111
110 132
185 187
0 53
147 217
100 121
33 115
176 260
137 142
131 189
261 266
5 249
63 226
25 192
7 238
5 193
77 245
121 143
3 97
11 96
218 270
52 132
50 156
111 208
82 205
140 194
73 75
79 112
33 130
66 199
32 209
125 214
208 216
88 189
5 269
100 254
92 113
72 181
