7 46
39 3
4 19
28 46
6 47
38 10
19 30
47 24
28 48
44 43
48 33
34 37
46 47
41 21
17 23
5 45
4 25
45 9
12 36
26 30
43 28
41 14
40 22
6 28
3 49
4 14
45 34
7 40
5 11
22 31
21 49
45 13
25 35
18 34
17 22
7 20
4 12
26 31
4 40
24 34
31 24
20 48
38 17
7 16
15 33
40 29
2 45
44 2
43 20
7 9
39 32
8 49
2 23
35 12
43 47
39 1
26 39
20 44
48 16
46 9
7 33
20 24
5 24
47 1
2 17
24 39
27 49
5 10
1 26
33 2
32 1
7 48
8 19
19 37
43 5
3 33
20 38
10 28
38 40
44 30
16 46
23 34
4 20
20 46
35 2
10 18
36 20
25 31
42 22
23 30
