21 38
5 35
4 36
4 9
2 6
3 19
6 14
33 1
29 34
13 19
36 34
34 37
2 5
1 16
15 32
38 28
12 13
1 22
7 30
33 4
6 36
34 31
6 19
37 31
27 38
7 25
35 4
33 10
38 30
31 32
13 28
29 31
5 9
6 32
18 30
38 14
24 33
37 32
4 21
0 17
37 9
2 36
18 36
8 13
36 2
31 37
37 15
12 22
20 38
7 17
1 4
15 20
34 5
32 1
32 22
5 17
1 27
5 33
4 22
35 10
1 35
8 15
5 8
8 24
36 3
12 29
34 20
25 26
32 12
11 28
10 11
5 34
4 33
6 13
39 23
2 33
33 28
4 10
33 15
6 18
10 18
22 39
1 19
30 38
8 30
16 27
11 37
18 34
19 22
23 31
21 32
10 13
6 15
34 15
20 36
3 12
13 33
15 37
15 17
3 21
5 37
37 19
26 33
33 16
4 37
25 28
16 17
18 28
37 6
24 30
0 14
0 26
