249 54
32 33
202 204
244 178
116 127
30 111
93 178
75 128
196 204
244 43
59 113
28 204
225 32
2 214
11 163
47 137
226 51
159 193
104 183
118 123
3 29
246 220
58 179
229 11
76 209
132 154
16 212
132 239
94 241
229 97
110 243
11 62
80 183
55 128
244 34
222 169
80 247
36 78
120 135
120 168
99 123
31 165
134 244
95 96
125 212
191 200
12 210
135 179
94 229
95 164
202 216
248 78
246 123
245 159
236 154
13 99
35 161
50 215
220 112
82 134
113 156
229 217
239 114
165 194
36 61
63 240
245 153
248 56
104 176
220 74
235 182
237 111
22 126
62 175
223 233
77 194
51 155
244 139
51 78
114 150
80 138
242 54
22 192
25 110
93 101
12 206
157 194
132 211
117 128
10 189
34 217
95 193
4 165
227 181
9 212
57 70
41 121
114 170
94 216
231 11
235 240
235 207
224 209
63 232
180 196
19 234
92 155
43 229
54 172
11 50
231 119
75 181
159 226
101 188
147 211
40 182
33 111
165 210
5 96
66 233
236 108
123 215
121 190
34 130
8 55
244 92
249 113
92 149
61 231
50 86
231 215
78 131
126 244
236 84
57 124
223 75
230 219
108 187
89 211
12 51
123 133
223 83
166 194
204 216
115 155
234 177
33 124
69 214
128 193
240 36
190 203
248 63
76 120
21 189
231 133
27 226
247 224
77 170
246 71
25 84
188 189
36 119
4 134
244 89
51 76
229 212
5 201
237 174
106 164
107 188
114 125
136 245
15 127
80 191
76 132
96 103
70 128
220 64
6 212
140 170
233 62
116 163
126 172
158 245
122 244
130 158
26 29
112 205
52 81
12 229
38 112
10 35
246 213
165 166
116 153
17 76
236 14
135 206
41 86
22 223
43 63
242 1
241 122
117 175
134 203
22 173
78 148
113 234
51 172
231 185
4 191
235 16
234 97
3 173
238 21
20 137
59 100
29 201
92 145
13 90
28 138
11 76
55 112
237 211
157 201
31 171
25 125
90 105
31 132
132 180
180 208
70 107
13 245
12 176
2 91
35 104
78 121
12 137
227 39
186 219
63 132
27 46
9 17
94 195
96 239
4 147
156 168
20 173
248 172
241 57
10 188
51 112
114 118
46 211
13 88
75 202
151 178
192 215
32 60
22 214
169 248
86 161
112 136
109 197
246 116
41 74
16 147
34 101
125 133
81 109
160 175
194 212
29 50
36 108
141 207
98 221
25 243
98 180
39 62
14 56
9 10
244 190
59 161
176 197
102 194
234 64
192 224
82 231
0 211
32 145
52 135
139 208
33 152
132 148
2 216
158 169
90 93
170 203
121 212
220 219
225 94
81 101
138 139
36 124
75 127
9 124
73 119
31 87
124 223
47 181
40 163
37 201
47 212
3 191
0 123
244 245
96 145
118 176
15 91
249 190
95 151
50 216
62 82
181 232
243 213
14 69
229 174
238 17
57 76
92 97
0 115
237 71
37 156
111 115
30 172
240 158
142 185
244 59
65 185
170 202
6 97
200 229
225 207
23 188
127 180
182 199
6 42
14 94
196 203
149 222
155 216
99 214
199 242
246 72
167 201
112 153
191 229
230 7
117 137
178 191
172 204
150 209
103 120
60 144
72 174
97 168
242 247
105 213
249 145
188 205
23 215
29 245
22 26
72 219
224 99
38 93
16 34
58 187
4 184
226 36
46 101
88 115
1 5
43 49
230 38
65 86
152 210
247 141
246 161
20 192
72 150
105 161
75 147
109 184
140 188
72 204
195 212
245 107
35 147
134 230
220 63
53 60
130 237
98 187
62 197
140 187
6 161
40 190
100 132
140 241
209 215
87 211
123 170
13 116
227 236
82 202
101 140
146 200
49 199
233 199
218 223
154 204
249 62
10 72
14 158
136 220
136 243
91 176
115 170
18 211
54 74
89 135
140 211
126 132
83 206
27 213
60 100
198 237
232 241
241 126
230 56
141 216
227 80
7 31
23 44
179 243
133 249
246 134
49 149
247 71
233 25
207 249
97 98
226 150
9 102
239 15
19 58
241 109
79 85
101 163
50 80
45 99
123 177
63 112
89 160
21 223
35 249
39 55
101 179
42 69
50 137
19 100
19 45
42 129
72 197
245 0
72 169
28 163
114 224
99 225
138 240
157 235
191 206
79 120
132 144
245 203
185 232
216 236
232 35
150 177
245 108
112 247
121 183
130 177
42 55
67 175
22 168
3 207
5 55
83 203
13 226
47 186
183 196
51 55
92 195
54 77
66 195
194 233
33 126
60 151
38 190
48 139
236 57
102 111
248 47
103 184
99 182
177 228
30 247
125 132
222 104
229 22
169 217
83 155
16 26
22 242
228 114
23 193
73 161
7 200
158 175
74 247
112 140
186 240
109 153
108 172
41 162
49 136
35 216
62 78
3 54
248 79
66 73
158 218
225 147
10 110
104 223
57 207
225 84
131 166
244 100
125 246
25 212
19 80
67 119
194 203
156 219
88 110
55 212
96 126
91 236
64 94
50 99
20 203
47 61
52 60
57 169
226 82
44 63
10 207
236 206
236 9
237 228
248 65
198 243
137 146
14 183
110 220
235 233
62 109
137 242
114 171
35 47
27 225
159 205
121 223
235 214
129 199
73 120
191 196
224 8
108 127
64 215
122 140
34 38
33 130
44 82
159 221
56 203
152 177
49 132
110 120
230 201
99 127
40 247
103 220
248 77
227 45
7 216
18 86
71 116
27 112
107 175
31 137
17 26
128 141
85 124
104 198
131 231
141 190
19 101
9 84
105 180
249 144
136 205
39 60
89 93
221 22
37 89
30 196
112 120
242 192
198 241
246 19
224 93
86 95
240 50
224 60
34 221
39 73
116 196
167 222
70 194
201 232
146 172
79 240
68 167
189 221
111 154
52 146
174 177
117 219
222 150
75 234
235 1
249 106
222 199
13 195
50 239
149 191
58 190
83 129
10 107
123 236
157 197
225 30
42 159
247 78
235 206
48 137
0 86
242 89
248 80
116 154
98 216
45 243
72 209
14 213
9 88
4 189
39 53
78 129
45 75
114 233
51 61
79 114
233 164
241 196
136 192
12 22
53 132
115 185
128 211
53 82
21 159
230 118
6 27
234 165
229 31
93 244
0 162
60 140
107 183
240 249
46 237
162 163
145 209
247 35
105 218
222 236
26 162
139 147
34 117
56 207
192 232
143 161
59 152
113 211
64 105
16 52
172 192
85 163
29 197
235 164
113 119
111 158
105 209
26 92
59 163
101 207
83 111
11 61
221 75
46 178
147 176
133 173
169 232
37 87
133 203
65 186
44 56
42 189
188 214
64 114
82 153
68 172
110 139
171 228
16 40
118 211
154 188
23 140
221 137
147 212
26 83
236 249
233 136
8 132
25 31
64 122
249 176
111 195
184 236
94 163
1 185
38 62
113 170
15 166
116 139
148 240
0 28
92 158
78 130
127 192
149 245
48 76
15 23
95 128
249 93
47 86
54 110
33 80
80 228
79 97
233 249
103 180
149 192
18 69
40 183
248 123
25 42
36 165
150 227
60 156
92 192
222 206
43 132
159 178
112 129
154 191
82 182
220 22
81 203
27 156
127 223
37 104
40 201
30 119
244 99
51 129
11 132
133 216
232 100
117 151
26 50
45 87
64 96
88 114
244 76
53 81
80 209
128 197
39 173
245 206
23 75
144 165
90 147
109 127
103 118
43 93
23 137
155 244
187 209
210 216
227 149
144 231
125 196
132 168
31 62
87 120
154 223
34 151
239 52
132 203
92 177
113 209
83 158
113 127
191 227
146 198
130 143
89 164
232 199
6 9
74 193
128 160
42 224
92 113
229 35
98 212
81 222
45 206
124 232
225 126
60 214
33 190
86 218
3 153
139 205
166 211
40 131
233 154
29 146
229 3
242 56
245 171
62 102
26 116
228 64
44 193
30 224
33 69
37 133
46 149
120 133
144 167
88 189
5 200
71 150
36 236
33 215
76 246
86 104
25 108
246 138
243 10
109 161
99 114
59 124
199 225
75 211
158 192
223 90
211 212
67 195
56 92
247 26
7 48
59 60
85 212
64 163
228 0
240 233
109 237
6 237
79 165
25 189
10 80
243 87
193 247
0 203
52 133
88 242
120 126
65 161
231 117
5 182
70 149
226 167
97 176
231 114
4 127
72 97
221 210
246 165
45 96
104 126
228 120
13 154
49 181
120 149
151 203
234 139
236 170
60 78
48 57
135 155
136 153
243 203
35 170
12 211
47 128
36 201
69 99
12 74
243 58
240 57
114 218
65 125
50 187
93 163
149 151
146 210
140 235
41 243
238 167
14 184
80 126
236 111
152 203
110 201
106 123
82 222
141 230
53 156
58 114
86 241
177 210
94 134
1 140
115 137
64 81
130 159
34 191
241 23
76 164
130 210
243 14
4 32
63 83
238 232
28 110
45 140
109 149
100 104
83 166
28 150
5 235
96 196
110 215
9 131
239 106
238 74
25 217
20 194
111 170
237 87
0 176
240 197
118 155
53 55
34 152
247 189
139 153
202 249
113 129
63 100
135 218
184 241
64 160
7 17
153 221
198 236
81 110
124 169
225 121
39 126
26 146
11 131
187 192
120 189
18 218
114 138
89 249
24 57
133 148
71 156
11 211
226 4
89 148
226 38
233 96
24 169
92 248
41 75
179 209
68 178
82 186
142 225
161 196
12 232
130 173
233 78
229 45
242 179
226 175
7 120
125 184
40 86
55 87
93 94
15 235
78 215
88 162
34 59
123 198
36 136
233 87
225 47
33 142
136 216
15 181
17 174
247 33
242 18
9 14
46 97
43 77
41 92
46 184
188 237
155 183
88 195
243 6
64 187
48 97
153 198
247 75
10 181
90 174
30 229
50 146
35 194
220 135
44 50
37 108
246 21
230 60
73 160
89 247
244 150
223 140
117 143
100 115
111 248
192 200
232 3
48 210
80 89
87 126
70 95
53 149
174 213
68 140
158 221
33 92
116 160
8 77
155 241
25 220
161 236
196 247
26 56
48 145
129 183
181 206
34 203
85 157
38 46
42 98
107 204
11 137
119 211
248 98
70 196
85 158
90 201
111 184
65 131
6 120
124 192
230 116
21 147
7 59
51 223
162 178
163 183
106 227
236 157
31 157
133 232
47 60
177 203
246 216
143 243
96 155
56 185
117 200
124 171
246 95
239 213
235 200
186 187
79 81
63 148
66 227
65 211
247 41
242 145
54 148
241 179
78 150
139 196
57 75
21 174
226 104
234 116
54 167
59 224
11 240
80 98
69 183
123 139
185 196
1 22
141 186
97 198
83 168
30 210
71 98
41 173
228 66
60 220
87 187
0 137
102 154
79 119
26 248
1 244
127 171
3 137
168 187
142 183
57 173
8 49
56 188
206 247
74 99
236 201
14 50
15 122
173 235
244 44
59 118
20 53
125 148
57 96
247 13
146 246
233 110
44 134
88 247
14 120
224 31
57 99
235 18
85 227
151 215
69 103
80 186
97 148
235 28
8 21
136 206
43 209
121 245
57 191
246 37
229 145
240 247
34 104
238 130
12 66
12 59
1 222
22 190
249 77
70 103
16 197
222 184
80 198
149 212
228 93
197 229
46 157
70 178
227 194
121 187
9 115
47 123
12 204
126 197
237 2
241 58
2 35
70 89
19 175
15 248
31 215
131 143
229 14
162 199
193 241
231 249
172 236
72 162
86 175
6 87
94 200
15 54
81 145
242 90
96 169
98 211
197 232
120 170
81 85
122 135
208 248
133 236
212 235
109 158
233 153
127 209
31 103
1 166
127 160
156 185
248 237
14 146
63 140
199 213
152 206
157 208
224 61
45 221
162 228
65 191
83 204
236 89
113 181
14 130
239 119
71 176
227 88
28 226
51 75
54 62
206 237
7 22
155 193
37 44
102 195
118 231
227 132
0 164
102 115
160 233
154 169
158 197
90 116
50 112
155 189
60 85
56 104
231 166
152 234
224 181
95 153
207 243
39 194
93 129
42 227
210 219
25 142
99 112
182 192
92 161
153 212
73 179
0 149
239 38
129 170
208 229
108 151
51 188
87 132
7 246
98 189
237 103
247 92
204 230
127 222
16 76
152 182
125 163
8 241
246 207
29 39
38 79
33 164
166 195
3 98
39 203
76 156
230 44
25 208
75 92
48 49
241 199
249 105
114 148
44 98
101 200
170 207
74 192
200 239
232 82
16 112
0 218
190 207
181 192
32 44
66 133
83 125
90 158
108 197
15 76
168 203
27 222
93 176
150 184
197 202
18 92
100 185
225 231
165 181
237 16
233 165
17 66
180 205
15 245
41 110
232 102
123 219
6 185
221 215
67 229
240 58
12 45
226 16
118 131
80 239
144 226
56 164
29 93
88 176
15 207
121 127
242 48
240 8
195 248
7 50
127 191
233 157
228 4
245 82
234 159
73 97
3 209
165 170
243 139
147 195
223 37
166 234
185 227
131 191
73 201
107 163
239 160
1 202
155 166
64 178
126 127
235 57
68 86
177 183
128 213
239 204
30 144
18 79
87 123
60 165
221 31
126 219
17 210
225 100
14 70
137 186
163 243
220 139
124 177
231 178
184 192
45 152
72 177
196 219
15 82
83 149
70 135
13 156
149 240
190 218
46 79
158 236
233 218
5 128
24 177
19 225
77 214
244 5
49 169
128 161
51 124
249 71
76 100
71 86
190 211
81 215
34 208
244 133
20 46
224 78
173 200
17 182
13 162
139 158
59 203
36 123
221 29
226 29
225 127
193 224
170 214
106 233
53 144
237 91
34 132
41 89
239 44
32 45
38 115
233 215
239 72
104 235
156 241
98 153
234 210
54 215
224 112
239 139
9 181
204 231
10 213
195 213
194 231
210 233
6 119
91 209
19 78
132 224
92 224
173 196
168 183
239 224
223 70
104 159
115 121
59 165
226 41
18 101
145 189
121 192
50 178
37 197
168 192
234 16
91 137
33 82
50 246
188 234
78 119
104 120
27 211
19 71
81 193
241 182
20 83
176 231
15 126
9 202
162 184
68 188
83 101
110 190
185 226
1 128
60 233
229 105
222 39
223 166
38 171
128 136
39 122
131 190
29 86
27 122
131 227
241 19
230 24
87 244
74 165
205 220
86 212
121 199
121 177
126 237
88 90
141 213
8 70
226 192
59 167
37 46
239 235
46 205
24 93
221 130
57 144
184 218
1 81
66 169
32 160
241 14
85 154
52 61
130 172
30 113
37 138
4 236
43 212
238 69
236 68
54 210
116 148
237 239
145 148
110 153
18 144
58 175
244 148
240 107
0 121
200 223
98 210
126 145
69 150
243 135
3 113
229 69
160 188
220 208
71 111
130 246
137 173
114 182
156 223
224 167
241 104
16 209
233 181
143 182
245 148
232 76
91 150
54 206
130 199
38 221
40 171
225 70
233 206
233 91
182 183
94 132
54 205
20 162
191 216
54 63
63 138
211 233
230 46
80 148
194 232
142 201
110 130
150 202
65 218
95 160
165 247
29 67
82 194
246 237
90 119
50 138
229 144
65 175
225 216
248 94
229 91
1 238
17 218
54 218
186 238
35 196
226 70
55 248
229 112
63 206
182 186
39 95
4 187
32 216
179 201
9 241
210 217
133 197
248 95
65 88
223 42
232 220
13 134
142 157
104 114
33 146
234 43
246 163
105 165
59 86
40 136
85 171
9 33
230 180
153 161
177 247
28 96
135 223
42 65
223 12
89 97
229 76
228 141
55 245
146 196
98 245
82 89
65 242
28 157
81 96
2 101
73 175
117 180
28 156
72 136
179 211
18 109
246 53
73 248
42 180
0 31
111 191
84 178
1 92
226 17
125 193
39 46
160 210
119 176
137 228
38 244
26 63
29 158
239 109
54 92
55 135
97 135
221 83
99 180
110 150
48 164
203 215
142 234
11 130
64 65
79 179
187 212
49 188
182 224
123 158
66 101
95 98
244 212
121 232
121 158
239 39
156 209
232 93
27 108
34 199
221 13
106 133
21 118
0 26
236 32
76 189
54 95
57 105
76 221
21 152
242 72
91 223
145 168
145 160
53 133
164 219
60 217
113 191
26 114
55 91
103 154
220 57
40 245
228 161
32 185
24 148
233 115
175 179
8 219
112 132
242 21
90 197
136 185
230 211
67 163
21 94
245 31
116 210
248 60
125 231
116 202
236 21
142 247
27 247
226 121
174 185
21 233
72 158
223 144
37 39
96 181
46 123
16 71
122 248
62 200
30 232
110 183
1 60
241 180
68 246
33 139
158 241
26 39
17 150
227 114
39 226
5 123
95 170
78 164
13 131
57 231
223 86
2 215
47 72
3 101
226 77
133 153
133 189
174 218
58 191
38 166
228 166
27 135
26 136
151 207
161 181
62 120
205 222
81 225
206 232
61 133
246 179
165 207
20 147
109 234
178 197
106 187
63 208
14 235
248 224
28 190
50 223
37 186
241 88
1 109
106 177
119 236
49 76
8 186
127 152
46 207
171 205
72 100
226 44
233 161
101 170
72 226
49 75
25 134
127 137
87 166
232 55
148 195
68 139
75 88
0 248
53 68
80 85
71 119
76 124
63 211
47 63
10 147
249 87
242 153
18 241
5 14
90 117
15 153
223 167
69 248
177 190
179 200
92 119
106 167
149 179
23 90
114 120
25 65
12 78
49 88
5 49
14 227
42 167
89 125
223 45
59 121
88 228
53 131
232 107
52 176
45 70
124 225
247 15
238 193
225 174
138 210
246 218
122 150
147 244
4 6
189 225
114 129
3 183
77 134
27 215
27 153
105 221
164 237
170 201
186 231
225 66
113 226
185 195
162 235
121 156
0 7
234 135
116 155
68 120
144 156
153 202
210 239
190 214
22 164
32 127
36 186
124 126
159 181
44 150
50 98
34 212
61 136
246 46
245 198
89 134
63 236
241 141
247 153
24 157
42 120
155 213
25 145
124 236
226 148
54 86
25 120
222 162
28 179
22 182
26 120
68 103
134 158
220 11
19 199
85 108
200 210
14 42
155 156
172 221
112 115
156 186
43 235
143 162
79 176
229 15
103 152
244 53
243 20
75 222
143 155
248 72
13 20
2 86
128 190
91 99
8 75
155 211
242 104
231 43
48 240
165 202
36 229
40 111
147 148
98 205
228 201
221 42
23 174
159 192
138 224
243 168
113 229
56 135
147 168
51 166
220 56
6 86
87 114
224 232
245 25
118 139
13 80
74 204
149 234
121 184
84 186
121 146
226 3
150 183
134 190
12 106
8 38
218 232
200 241
39 179
22 161
236 70
105 196
8 149
240 38
17 236
0 109
78 176
0 229
149 172
117 179
62 106
40 149
37 236
44 148
170 186
220 187
225 170
76 173
215 249
240 113
58 225
229 95
233 58
236 81
226 168
245 141
203 228
128 130
146 182
232 6
23 91
189 248
27 168
72 90
122 228
132 188
114 143
27 228
241 35
123 125
63 190
64 193
21 177
9 135
151 176
13 186
248 43
73 76
1 190
28 186
45 108
11 156
57 93
93 165
69 106
243 59
37 191
94 106
1 189
49 77
12 192
94 146
221 33
20 152
247 85
138 147
29 145
244 63
12 17
110 222
110 187
99 169
42 211
52 98
118 241
134 215
20 116
100 125
247 63
232 175
11 179
10 246
87 98
185 209
222 200
249 126
179 210
70 189
62 235
7 206
235 229
51 206
23 45
74 109
144 246
153 207
63 86
224 105
116 209
245 51
142 163
54 66
10 37
39 132
33 136
222 156
27 182
65 220
64 134
245 3
182 231
41 107
240 96
2 117
248 51
249 200
91 124
21 148
55 106
160 183
154 189
125 144
94 189
28 208
188 219
57 148
220 243
72 159
225 202
75 152
118 144
130 198
153 173
225 134
154 196
234 11
110 234
36 209
237 123
241 216
243 149
31 181
178 199
247 207
110 195
17 72
241 171
144 194
0 136
114 241
197 216
246 215
4 59
107 142
78 243
61 209
234 247
246 12
98 137
21 191
57 192
28 58
227 83
72 140
19 123
49 60
25 90
249 177
236 110
118 158
240 40
5 78
29 217
48 205
206 243
232 25
222 69
145 248
245 76
16 96
80 105
39 136
224 71
79 116
113 201
110 203
20 139
2 227
248 20
225 171
94 173
115 203
76 210
44 107
57 73
131 194
227 55
244 23
91 134
42 80
57 117
51 92
32 48
43 56
232 89
114 223
7 157
86 136
232 73
30 105
4 84
69 73
125 140
46 158
170 246
119 133
62 151
167 202
112 163
80 139
5 199
214 227
56 213
14 131
149 190
72 132
232 38
25 79
248 194
200 208
201 231
150 180
49 156
245 125
7 85
246 11
76 214
43 145
4 45
169 198
240 169
136 249
0 76
209 226
45 73
220 93
176 235
120 240
5 92
245 231
156 198
19 43
120 162
43 99
233 37
189 236
92 110
20 177
19 32
6 135
229 195
233 243
123 235
83 110
0 208
246 33
121 202
249 45
129 132
59 114
15 92
33 197
96 156
54 120
228 215
61 72
182 234
241 111
185 228
19 20
249 80
47 151
104 143
249 238
93 171
11 91
175 209
10 123
234 78
194 215
93 214
98 100
248 174
141 217
5 227
85 101
217 249
230 162
221 46
207 228
226 141
20 206
196 235
106 138
93 207
77 110
21 187
242 74
1 45
26 107
31 84
172 245
58 212
11 101
6 37
61 191
225 182
228 226
53 140
86 127
223 32
34 70
33 78
7 19
233 143
112 141
118 137
79 189
70 119
233 47
190 215
76 236
31 154
106 179
198 211
166 213
40 104
125 182
83 233
27 32
245 22
247 156
18 201
223 158
7 161
89 202
39 166
76 113
135 152
32 115
116 168
16 120
165 208
76 136
172 178
87 156
237 175
81 194
24 192
172 219
20 67
229 72
247 197
103 127
155 194
90 146
33 196
27 49
137 212
6 245
231 162
214 243
150 249
124 131
199 217
1 121
136 142
114 167
109 134
170 185
29 148
239 203
94 177
151 193
17 140
105 181
140 213
43 79
87 154
233 38
74 143
118 240
71 101
59 71
99 186
60 135
10 196
247 14
178 226
94 238
97 196
76 78
240 166
172 203
58 137
7 46
33 249
48 183
63 189
224 122
41 105
246 172
3 6
74 223
74 216
118 220
23 78
110 126
56 143
241 48
47 98
227 172
49 58
224 207
229 56
228 74
157 217
168 239
16 47
228 31
46 57
8 127
33 241
228 138
2 123
73 228
24 132
39 88
121 198
128 218
32 91
157 177
74 110
102 202
231 51
16 182
130 196
227 51
94 192
232 210
244 145
23 116
62 244
87 198
231 205
56 194
42 237
186 214
248 4
26 180
174 212
221 40
47 194
248 84
64 170
95 220
57 98
39 185
11 139
41 195
73 95
131 155
235 73
26 94
195 219
86 92
9 223
247 4
225 118
149 182
28 57
66 104
82 229
37 120
9 185
238 224
133 190
80 95
40 186
245 81
28 133
30 91
239 4
234 62
2 168
105 170
230 125
118 223
138 233
119 223
40 92
233 40
61 234
103 149
17 177
16 125
18 178
0 185
81 205
30 153
168 185
81 189
78 158
57 60
222 214
134 168
6 143
115 138
129 136
8 90
55 240
23 147
32 103
127 141
49 120
2 143
95 125
52 181
145 186
45 134
20 211
187 193
207 227
36 144
16 139
84 241
204 228
23 156
70 249
13 230
61 167
235 59
26 71
236 160
245 19
11 114
38 83
86 158
40 143
15 109
200 242
198 226
119 122
96 116
17 49
224 150
63 95
222 48
57 122
12 46
128 167
45 191
95 172
247 166
232 78
67 189
17 96
234 5
88 159
95 182
123 222
14 148
248 46
228 90
229 60
54 113
169 242
2 21
59 210
234 191
38 243
16 121
48 160
4 77
238 73
108 122
207 239
153 166
238 60
65 197
234 127
187 229
242 163
45 105
226 53
203 217
49 179
216 217
15 137
6 99
113 149
115 187
124 145
225 33
86 108
65 99
37 183
29 231
30 97
246 115
147 240
77 146
47 84
157 178
102 132
55 142
164 228
226 32
19 242
246 51
87 141
184 217
235 32
176 216
1 76
204 244
237 90
39 186
50 129
81 187
130 230
22 45
246 86
47 226
234 27
236 220
221 225
239 190
76 96
86 139
117 148
167 172
31 136
97 172
62 186
4 221
80 199
45 216
74 189
19 197
36 81
23 230
4 181
233 41
246 121
13 103
121 165
7 223
203 226
53 203
103 107
29 108
67 158
1 36
42 86
4 5
2 202
12 175
47 246
231 173
37 249
23 99
43 189
222 126
66 77
147 204
121 164
54 119
34 125
56 126
24 161
93 97
165 201
14 98
45 81
133 246
176 242
162 225
244 25
106 243
229 19
97 158
39 120
77 171
221 155
234 132
101 161
146 168
228 15
189 196
65 114
62 199
246 150
49 208
29 74
67 98
14 44
221 71
111 162
108 190
45 187
126 180
0 120
9 71
163 176
56 94
92 103
50 158
224 206
9 77
33 84
25 135
230 11
128 156
232 79
147 209
244 27
94 236
54 213
49 71
100 228
2 160
159 172
163 200
9 178
249 24
38 85
232 80
8 169
209 221
73 196
74 141
43 87
238 110
157 211
15 226
151 172
62 161
229 32
37 51
88 93
134 164
225 236
15 133
113 150
0 226
10 25
237 169
135 222
235 213
236 130
119 241
224 208
202 206
156 189
185 235
237 104
231 84
145 245
28 97
134 180
23 114
54 56
30 212
16 77
2 30
225 173
79 230
232 144
13 62
247 159
177 189
0 21
165 224
240 43
237 1
145 179
51 54
8 67
101 189
34 240
74 213
95 130
47 143
64 241
71 227
43 154
167 225
35 134
243 151
59 66
72 116
2 17
71 148
42 82
3 117
26 54
104 206
108 133
55 243
42 209
13 216
160 176
62 219
69 101
31 166
50 107
248 97
90 136
17 108
176 217
128 242
229 238
55 178
27 39
193 231
24 189
133 161
244 123
140 215
11 105
229 50
237 4
72 170
112 169
37 112
239 59
7 24
55 62
249 175
158 216
68 76
226 244
17 168
240 10
169 218
235 67
225 31
142 144
101 235
223 110
110 122
2 156
19 77
232 145
102 150
69 162
116 161
100 236
241 203
30 67
5 77
79 197
109 170
227 154
27 173
26 194
122 139
90 222
249 232
113 142
70 75
95 215
240 101
144 164
55 94
246 83
24 181
24 248
239 153
240 116
197 211
42 118
82 192
109 126
232 2
146 178
242 78
68 121
109 133
51 208
19 54
71 200
143 160
36 112
45 58
55 156
65 91
149 156
4 204
240 176
125 202
242 123
23 73
112 167
140 158
236 22
60 79
0 210
184 237
60 174
27 116
27 212
143 205
227 155
68 202
46 54
159 243
72 99
1 31
104 171
64 138
121 142
18 51
90 95
220 168
148 173
96 226
120 159
103 208
168 230
154 161
142 178
27 68
145 221
62 79
71 151
74 131
136 175
45 153
231 152
73 116
38 201
225 177
103 193
84 130
32 75
100 159
26 99
45 67
86 236
85 141
18 62
120 140
220 170
221 108
206 248
3 46
28 68
119 208
64 101
194 225
94 190
119 182
142 152
34 83
45 195
85 92
209 246
173 179
220 94
72 113
216 230
77 243
46 143
235 63
154 197
37 159
7 8
245 200
112 118
210 248
140 185
110 148
28 44
229 71
236 10
229 175
63 213
188 202
71 170
10 157
19 51
227 171
23 181
242 114
108 124
70 157
17 99
117 124
226 162
157 203
117 205
31 184
246 4
81 244
33 107
59 144
44 241
77 133
21 210
238 96
129 223
231 75
51 237
220 248
184 249
249 12
134 191
236 192
22 231
42 203
39 112
68 187
110 123
111 217
28 131
9 109
30 49
36 158
121 179
43 164
118 173
132 160
146 240
102 234
50 247
35 158
12 56
50 57
67 192
138 208
222 25
27 149
58 71
128 168
178 194
231 167
84 227
239 151
152 162
44 162
238 149
66 188
57 249
220 102
144 181
4 38
212 248
45 214
150 218
150 245
128 162
4 211
99 155
13 155
67 154
66 134
37 132
12 93
71 177
14 100
79 200
31 208
55 80
14 49
119 132
29 225
20 75
6 88
11 70
0 207
3 79
80 168
243 100
20 48
181 225
168 227
99 100
133 169
197 219
36 64
43 153
13 34
110 141
18 187
37 216
139 183
94 135
129 209
111 119
0 107
238 191
237 144
8 227
122 249
21 206
12 140
197 198
38 150
38 158
114 207
248 74
28 137
19 166
222 119
88 158
159 224
240 111
73 109
93 146
49 82
2 14
33 133
105 166
85 245
80 220
236 43
71 146
224 69
188 192
78 210
223 4
39 144
13 65
182 204
100 146
2 94
23 159
39 130
2 81
227 119
244 65
29 172
194 207
62 160
175 187
35 225
57 163
133 188
189 230
102 134
135 173
137 222
239 198
22 96
35 48
67 79
79 235
82 133
235 151
133 200
85 181
137 200
54 159
10 113
242 229
62 181
53 138
127 162
7 212
35 100
17 107
225 235
37 169
6 118
234 104
54 238
16 108
184 226
53 125
95 159
182 215
40 224
183 239
13 118
26 79
236 51
206 242
24 27
42 52
154 184
32 149
25 196
7 177
154 158
1 104
220 37
21 221
51 142
23 65
155 197
29 62
77 184
85 239
147 223
2 100
110 196
98 126
144 176
68 212
222 56
95 210
14 113
61 75
15 162
35 94
118 121
108 114
23 108
241 63
244 160
233 100
230 30
116 216
247 157
241 81
185 230
84 216
35 96
76 135
33 122
228 178
244 47
0 66
88 234
98 148
188 238
67 166
85 96
2 169
238 170
121 200
20 185
20 68
108 203
151 191
96 225
157 243
116 186
94 151
36 176
233 59
234 119
183 202
221 188
51 203
28 60
221 59
141 192
73 211
38 121
233 4
28 29
34 165
57 193
132 201
226 65
72 171
63 126
100 200
226 205
117 225
222 134
48 202
33 65
0 81
92 199
73 243
122 245
157 215
241 67
241 219
117 185
238 75
239 3
22 123
39 195
64 196
132 220
233 72
14 119
160 162
94 130
163 187
91 139
76 150
103 133
233 124
74 126
81 188
107 121
172 175
227 213
40 80
106 117
0 57
228 79
52 232
26 159
79 241
59 151
76 193
123 178
209 225
107 216
78 198
202 220
95 157
229 159
103 140
73 194
233 134
110 167
78 101
67 224
135 240
91 167
31 77
53 186
186 223
64 67
159 209
16 135
137 157
203 246
102 223
130 187
157 167
171 243
90 99
235 75
38 154
105 177
4 171
186 210
167 188
45 100
17 44
5 241
146 199
57 232
222 46
58 167
22 153
247 249
50 140
237 34
235 205
81 228
160 221
13 120
4 54
206 219
71 245
90 181
1 105
75 158
32 162
234 158
237 76
5 191
126 220
48 206
227 231
135 216
60 245
230 35
29 214
240 152
135 212
84 221
165 237
156 239
10 30
10 223
22 244
78 80
80 210
29 190
23 194
13 145
48 174
93 119
123 169
192 243
223 93
14 189
8 20
221 17
21 198
51 249
87 207
24 82
107 112
105 241
15 131
93 235
242 127
97 101
6 235
93 118
133 162
15 60
158 239
205 216
51 68
120 220
68 243
27 177
212 242
14 161
217 224
41 122
30 32
231 110
30 82
39 115
23 198
237 194
173 219
245 56
224 83
65 92
51 106
87 183
50 226
98 152
19 131
125 162
2 200
153 171
226 106
241 24
242 196
131 212
43 91
174 214
136 163
135 208
187 195
68 191
47 78
74 236
91 108
64 180
8 171
243 211
31 188
222 192
53 130
153 225
68 132
161 168
39 89
8 102
39 154
246 66
114 232
45 57
81 235
148 180
123 218
230 16
7 102
15 117
80 124
244 176
236 245
27 92
248 48
160 192
40 55
38 60
188 191
227 9
231 113
162 238
235 68
249 103
226 164
37 179
46 47
42 163
22 154
6 179
235 25
21 137
234 237
69 211
142 249
14 125
138 218
95 205
16 246
57 135
122 212
28 177
159 175
51 53
56 139
5 211
156 234
73 222
2 122
235 154
240 167
81 117
186 208
2 233
34 142
98 150
223 62
78 212
60 154
180 224
47 247
85 112
143 152
231 100
240 21
224 186
117 140
2 96
5 33
80 161
112 207
60 239
228 155
138 234
38 78
51 121
85 209
225 71
102 230
172 200
225 242
202 209
186 244
111 113
120 178
43 121
229 125
131 150
132 247
234 198
104 174
106 163
32 211
135 158
223 1
69 144
87 247
201 229
7 213
139 226
106 196
33 47
51 147
28 224
30 112
104 216
56 175
3 156
108 126
32 118
0 63
245 17
244 162
117 246
121 149
189 192
125 171
216 220
169 195
221 142
174 226
165 187
102 146
237 59
120 163
237 93
249 1
124 196
157 175
146 152
43 228
44 167
246 80
71 135
209 218
183 188
73 121
8 189
92 171
131 158
4 174
242 94
64 116
248 119
13 160
247 10
66 230
249 181
26 235
240 139
154 216
242 100
29 205
152 229
122 198
82 241
233 101
136 186
28 54
245 144
0 150
21 183
177 216
114 186
146 218
78 245
248 155
200 218
143 165
5 111
61 77
198 215
224 243
196 216
66 103
82 175
134 198
93 227
36 46
48 116
186 193
243 131
49 138
109 211
243 1
226 9
38 218
218 249
2 115
46 133
197 206
84 208
9 90
69 119
233 67
18 172
242 10
234 207
15 139
64 207
18 47
13 32
78 142
25 72
103 111
68 131
228 1
83 241
167 200
88 239
3 189
63 127
18 177
17 94
229 227
248 147
43 72
77 102
101 248
13 75
62 125
116 226
38 40
245 135
27 161
28 71
236 156
23 56
234 118
233 137
98 139
228 56
108 140
178 219
169 190
46 49
54 90
5 183
224 184
112 117
19 236
105 134
146 211
38 168
122 221
150 192
45 175
84 165
221 171
67 149
20 27
168 188
246 74
22 31
134 171
38 197
143 247
67 179
224 163
130 202
27 154
6 173
54 180
224 107
113 123
0 171
16 90
238 143
48 151
235 49
13 87
239 27
13 207
233 193
90 218
85 111
111 156
52 167
225 179
241 37
220 163
101 153
214 231
124 138
19 141
30 85
64 221
155 239
41 87
94 117
130 203
237 96
113 161
32 148
20 135
245 69
43 106
10 27
74 80
44 160
139 192
23 74
235 135
40 41
242 139
6 93
34 242
22 57
42 111
70 218
76 206
169 187
187 196
125 143
238 202
67 148
94 104
150 234
232 208
15 25
48 220
6 95
123 175
137 138
66 153
13 146
85 232
52 69
113 218
38 84
181 216
5 43
136 222
9 107
8 62
30 142
242 205
117 147
189 208
33 227
8 138
100 182
169 235
197 209
209 211
92 206
122 205
42 92
111 235
147 173
83 173
229 109
3 96
24 238
30 89
98 110
17 165
87 229
30 108
110 144
24 237
236 34
2 69
79 162
22 95
232 132
133 152
115 160
237 183
35 88
23 86
2 99
64 172
19 235
148 182
205 234
81 179
0 83
239 22
22 124
79 82
90 176
172 232
63 182
45 136
223 187
6 160
151 206
140 171
73 123
156 244
44 173
167 178
117 166
30 131
113 168
149 152
78 204
117 203
105 137
58 112
5 63
243 188
11 99
177 184
221 61
63 124
167 247
176 206
67 91
110 118
1 26
17 200
191 219
244 242
239 196
35 227
54 136
108 237
26 191
220 27
8 40
225 192
69 129
18 103
220 124
78 140
24 41
181 218
223 219
119 126
114 131
112 199
172 249
139 233
72 232
86 141
76 175
184 233
4 111
111 213
61 74
236 229
107 111
185 213
109 187
129 214
181 241
190 192
21 41
185 233
240 144
20 220
244 170
150 243
35 168
244 19
239 51
15 201
91 111
22 216
3 178
123 232
234 100
234 13
208 239
232 177
11 49
152 185
32 213
183 211
103 226
151 154
249 22
18 188
40 123
64 229
121 176
11 167
249 109
3 163
3 110
10 127
153 164
110 197
192 206
78 85
56 157
91 158
70 124
63 243
66 245
247 83
5 97
225 137
171 242
106 237
19 95
14 169
58 229
231 72
72 180
162 248
72 104
71 157
113 246
32 76
147 227
22 167
42 246
240 224
78 221
70 72
33 100
42 60
131 161
6 62
170 175
125 187
223 36
175 208
89 228
193 248
6 64
140 224
13 17
225 135
110 142
223 122
88 173
85 89
230 174
12 141
234 65
29 219
135 174
91 128
239 227
20 124
58 154
159 248
2 68
60 183
174 196
44 117
25 49
154 190
30 117
234 196
85 215
58 152
238 78
12 44
134 160
0 13
244 91
104 137
111 147
19 171
167 233
14 136
224 129
62 162
15 156
13 151
67 207
4 93
50 184
238 30
195 241
78 213
60 242
56 85
240 27
52 89
52 223
28 165
245 184
7 32
94 204
12 177
240 94
35 43
27 78
111 196
28 62
92 228
245 154
240 142
68 165
78 155
35 149
47 80
63 187
35 148
59 134
65 137
22 76
32 87
6 16
143 226
14 201
64 218
57 228
128 132
3 216
21 176
237 245
52 240
67 227
24 108
228 42
99 172
157 189
190 247
229 243
184 211
15 98
171 186
19 33
61 229
15 227
99 129
88 218
167 232
91 160
211 225
50 214
104 243
196 244
51 159
12 200
120 200
23 240
224 145
74 230
82 142
106 142
89 208
61 184
53 122
42 123
10 47
184 195
213 238
11 176
51 91
41 65
64 83
238 82
26 147
0 79
22 198
10 197
20 42
240 200
223 81
83 214
74 176
10 18
222 20
96 144
64 79
119 130
7 13
73 102
112 161
88 127
98 219
88 245
126 144
15 134
88 181
170 249
2 183
99 150
44 188
83 90
232 170
235 165
25 224
237 127
0 193
77 178
61 115
42 116
30 80
231 190
99 231
170 224
202 241
52 57
79 172
235 39
70 146
25 213
4 183
22 47
247 139
123 206
6 189
5 82
10 51
87 89
45 171
249 10
245 65
226 229
19 140
240 213
225 227
232 126
2 113
204 223
100 127
62 177
68 72
0 112
12 182
9 19
101 142
4 75
241 206
12 112
8 24
106 172
94 201
79 218
9 186
236 93
63 97
238 124
98 119
242 112
119 216
24 68
61 88
104 215
193 206
243 74
249 164
13 35
30 133
43 165
65 157
62 81
88 240
239 10
18 154
179 197
99 168
141 157
245 213
76 79
235 248
248 152
178 181
191 226
116 232
46 177
7 104
70 140
223 208
236 85
62 204
107 125
47 141
93 120
160 167
21 188
202 208
18 138
60 197
57 212
23 24
28 227
6 78
240 124
7 221
137 168
238 123
31 117
245 129
172 225
138 189
68 206
204 218
75 80
105 195
132 206
85 152
228 130
222 71
70 228
38 76
7 63
54 241
227 25
70 166
229 173
114 172
67 203
53 115
39 169
117 118
17 172
87 186
29 240
103 213
132 137
3 150
246 3
13 243
109 179
245 160
68 99
244 194
85 191
24 29
67 168
86 87
27 158
11 232
42 61
174 206
58 211
243 160
96 248
4 70
5 70
225 90
218 236
117 123
186 230
59 91
12 117
98 160
246 158
221 151
156 248
161 194
122 177
140 174
96 108
242 85
106 174
89 111
142 171
28 119
25 76
99 249
25 215
165 205
27 118
75 240
68 197
179 214
141 208
69 159
33 167
4 103
114 127
241 68
22 107
178 182
242 11
200 202
231 10
242 70
94 213
17 171
41 143
91 178
26 28
175 186
178 195
247 102
36 169
232 31
38 194
83 225
149 228
235 22
240 108
194 206
128 206
52 122
248 25
248 179
240 33
83 172
153 231
39 147
12 107
10 81
18 89
103 236
225 39
128 204
4 47
62 114
96 211
181 246
4 16
93 202
30 36
235 186
246 45
168 237
115 172
89 145
226 149
20 71
98 125
123 146
186 199
52 111
115 174
22 237
175 178
192 203
206 234
51 152
248 139
47 197
129 178
36 238
35 159
249 20
29 63
18 228
13 233
109 236
120 223
233 179
13 180
65 121
110 221
16 38
45 143
45 95
58 142
50 62
7 80
2 78
28 51
128 223
112 249
40 214
222 147
6 157
248 150
40 231
103 150
36 185
139 229
141 219
2 109
233 6
20 127
245 75
138 166
51 178
33 149
5 131
19 56
223 44
9 96
92 216
235 41
149 176
0 175
125 213
243 218
159 217
229 18
173 218
49 63
106 143
116 191
38 217
129 143
55 122
145 233
35 201
41 188
6 43
47 124
2 4
156 173
193 202
223 152
63 65
209 217
36 51
77 129
182 237
31 175
21 158
70 96
146 181
17 52
19 93
227 212
42 183
121 151
108 204
123 196
1 187
13 56
101 123
116 203
111 142
28 136
222 96
5 45
22 70
69 158
104 210
41 130
104 228
38 149
60 102
89 225
11 51
36 116
75 160
13 168
129 158
41 177
111 187
54 235
228 180
103 142
86 98
241 134
229 33
4 90
214 246
111 122
29 31
141 149
239 128
49 133
237 47
117 181
76 154
83 154
245 110
11 107
65 224
212 243
66 165
129 135
71 93
148 237
21 217
10 202
6 197
111 128
85 218
64 222
10 116
10 32
23 164
39 188
40 227
3 122
121 206
210 240
162 216
78 192
233 57
90 219
84 218
125 234
165 175
20 233
230 215
115 127
145 237
231 78
35 74
57 110
90 139
173 206
158 237
225 60
239 65
36 37
248 28
183 224
71 91
9 153
56 199
25 247
45 119
79 185
111 175
224 7
79 205
30 235
80 164
220 142
82 203
164 234
128 151
234 167
42 132
14 239
3 19
103 185
13 248
15 220
77 237
96 201
60 126
226 109
222 15
146 187
208 231
202 240
245 214
238 100
54 123
163 179
236 23
214 240
32 144
15 77
65 127
44 245
146 217
170 223
246 25
14 25
239 127
221 226
41 249
227 175
231 218
29 138
53 109
1 75
185 218
227 92
248 197
70 182
225 40
231 14
85 219
107 184
97 181
16 211
232 149
168 175
133 186
20 133
160 169
227 87
84 209
43 214
224 49
129 188
141 191
43 246
15 138
47 51
215 229
238 68
127 182
182 213
81 138
244 218
183 227
223 157
16 233
88 182
132 228
112 238
30 167
25 93
124 158
78 135
10 206
35 233
198 199
36 195
47 89
92 136
47 228
231 13
233 71
48 184
12 165
27 195
47 232
97 162
35 108
228 218
231 157
53 202
80 187
121 138
65 203
13 171
248 104
119 159
237 160
27 207
218 247
48 114
239 37
22 110
34 232
24 79
93 219
115 161
225 85
85 109
21 162
137 247
37 47
19 181
44 113
127 226
80 149
48 173
45 62
245 106
17 132
11 134
228 240
30 190
51 87
78 177
28 86
97 167
80 203
15 21
106 178
31 73
46 183
224 202
63 101
170 200
165 178
215 218
78 97
6 55
19 145
204 210
162 171
46 77
78 117
219 228
79 121
34 74
36 140
163 166
83 181
148 204
178 233
118 136
13 111
17 63
222 245
84 234
11 48
120 238
28 245
61 148
88 248
32 220
113 158
208 233
107 148
101 128
25 242
116 152
240 2
245 112
224 32
72 181
17 31
138 213
28 39
28 168
146 245
239 5
44 163
1 27
31 147
198 220
226 172
55 162
52 171
132 199
171 218
95 184
191 241
75 173
239 1
47 220
157 202
238 212
214 215
120 147
238 116
229 78
15 168
59 186
12 13
22 180
28 106
122 226
167 197
65 106
126 235
236 134
58 94
26 174
14 208
60 227
59 177
41 79
96 150
172 180
64 191
247 2
92 200
45 89
129 247
78 127
83 97
82 136
236 183
122 137
231 179
235 103
17 36
33 238
25 111
9 94
136 139
6 104
60 241
6 89
81 164
134 237
85 129
71 140
17 196
171 196
19 247
223 100
69 137
67 80
110 212
24 117
90 131
40 198
35 45
56 115
222 159
121 214
52 222
27 143
33 93
79 166
210 249
173 208
226 207
10 26
34 124
247 116
48 83
249 117
187 219
22 218
40 232
36 86
234 144
187 249
19 83
44 147
83 85
21 154
13 33
7 128
223 246
175 228
24 152
3 158
235 66
75 213
241 164
128 145
229 211
96 176
27 196
71 89
3 241
11 34
70 76
8 195
132 153
64 199
242 15
42 64
58 88
130 154
162 173
17 127
38 88
95 226
228 213
105 108
237 36
139 150
105 150
137 150
42 127
82 117
66 70
17 84
22 53
224 161
24 96
242 150
24 72
123 144
14 221
131 245
22 87
73 241
34 146
86 170
193 227
64 97
4 79
242 130
229 186
98 182
60 87
181 245
78 153
13 46
134 166
111 222
134 156
44 89
160 171
66 158
127 156
115 206
68 166
86 140
3 121
12 75
35 87
240 179
236 150
221 97
231 129
19 208
77 83
130 152
224 190
234 126
189 203
172 211
97 242
234 189
53 206
229 167
33 89
82 160
0 240
50 128
238 245
228 194
31 79
187 244
242 164
221 216
232 54
40 115
31 227
78 156
240 175
227 99
56 72
240 173
235 112
131 164
152 236
145 185
85 140
7 194
132 135
103 197
138 249
222 195
4 118
56 58
112 203
56 205
3 187
46 247
51 108
28 40
235 172
27 235
91 214
33 57
25 33
26 48
33 129
21 211
4 92
123 186
162 219
244 217
213 220
17 53
0 116
228 46
120 241
91 231
157 159
230 142
49 90
11 115
131 188
164 171
132 178
228 152
96 109
132 174
168 199
230 51
13 123
1 49
220 123
229 81
145 159
3 94
105 109
56 177
89 132
77 91
223 181
249 158
85 118
74 233
62 97
221 149
20 181
136 165
99 141
4 73
233 61
52 202
69 249
136 221
41 174
35 185
31 35
243 127
240 189
49 105
31 236
137 204
28 196
46 241
107 134
134 169
122 173
155 204
8 120
85 187
40 64
13 229
13 144
224 37
236 16
119 189
13 236
233 198
2 105
59 110
230 101
48 135
36 172
234 26
238 159
2 159
233 5
101 138
154 166
163 169
236 53
210 236
67 68
98 108
37 88
50 103
175 218
3 40
58 103
1 123
158 210
94 209
138 247
223 17
245 204
212 225
90 111
185 247
34 137
20 114
119 155
125 214
55 230
130 146
58 194
9 197
80 122
238 205
66 199
0 239
54 59
53 176
40 160
124 127
27 124
13 246
31 32
241 36
49 164
129 242
234 190
173 226
119 226
91 118
249 148
10 93
103 112
133 158
28 215
128 229
30 143
7 51
112 148
94 162
247 45
145 222
233 43
13 89
115 159
150 206
26 233
195 245
42 67
53 162
245 228
44 141
144 145
43 65
98 129
13 178
101 167
164 195
34 49
87 236
35 173
81 232
213 214
240 180
14 102
222 181
65 170
126 210
2 147
147 161
157 185
10 204
90 173
1 141
224 118
187 190
37 119
69 199
240 160
4 153
24 33
242 52
60 98
208 247
241 149
183 217
238 214
14 118
10 96
24 75
172 198
143 188
3 72
61 211
1 196
227 73
96 218
2 119
85 199
236 41
91 130
2 194
241 117
99 240
36 173
112 219
52 101
239 186
120 122
78 94
67 106
21 194
135 202
110 149
43 186
0 74
55 242
223 210
228 144
32 38
14 144
81 239
168 228
162 200
131 141
53 165
224 64
29 105
96 199
34 209
247 108
244 151
195 207
240 66
36 66
80 132
232 205
246 196
150 164
244 185
237 149
57 217
19 30
31 86
138 188
16 118
64 98
241 62
4 37
65 143
184 229
217 227
55 100
0 72
14 95
107 195
91 102
75 228
131 180
238 142
59 215
18 189
1 97
31 102
0 152
146 154
89 151
122 181
108 220
98 170
117 121
11 212
11 235
124 229
184 228
243 52
35 80
36 106
233 113
170 182
25 190
175 221
43 48
25 155
64 87
41 168
232 92
156 171
186 220
62 71
86 182
220 212
249 60
28 104
162 218
40 235
113 166
224 53
185 194
41 55
154 164
72 188
35 179
16 219
36 65
152 218
57 101
183 200
239 101
84 244
83 118
88 203
171 180
12 43
92 137
222 60
43 168
8 237
228 22
41 206
164 198
17 241
100 194
8 194
10 248
161 192
242 6
93 159
225 215
14 249
225 158
231 90
31 249
135 249
226 55
231 38
1 126
50 207
32 35
16 240
97 244
63 177
37 90
91 216
44 74
242 142
65 111
31 168
247 98
229 57
70 134
1 42
1 66
236 3
105 140
70 171
81 127
77 175
54 137
207 223
0 214
110 247
101 190
245 36
58 91
106 129
233 102
204 248
234 112
220 4
45 101
86 155
35 65
120 124
246 105
163 240
36 133
82 125
220 55
248 32
246 67
98 167
54 68
87 168
172 233
12 241
76 115
1 57
84 180
63 93
117 174
55 59
60 127
74 226
110 115
6 106
173 181
73 230
20 119
2 218
174 242
57 176
13 185
163 212
235 192
110 111
123 200
22 71
137 152
100 178
229 47
3 141
0 70
208 216
2 11
159 184
76 223
29 136
4 161
133 247
124 237
239 140
221 147
85 196
121 218
232 137
72 146
32 147
9 159
74 103
20 54
243 137
5 103
242 47
113 206
230 119
99 146
233 88
73 139
11 177
0 235
73 114
141 234
148 193
96 186
244 131
143 176
70 193
10 174
39 168
24 112
80 166
230 113
2 203
84 200
200 206
241 69
113 195
62 149
23 68
89 234
9 217
56 81
29 109
167 183
97 190
139 197
146 192
238 164
54 199
2 204
24 66
1 88
40 133
47 132
53 209
42 105
71 205
43 157
235 197
231 18
235 21
68 126
148 152
6 239
17 197
239 103
138 149
48 238
117 172
229 77
62 202
32 93
223 56
22 79
120 125
40 127
187 194
6 169
20 183
33 91
150 223
135 209
58 85
45 173
196 202
5 81
46 124
31 92
41 56
24 97
101 205
189 228
236 166
103 129
67 99
85 115
103 186
92 135
123 141
72 81
11 136
69 172
176 204
14 30
14 209
229 110
108 210
146 184
20 176
10 34
70 126
234 117
22 132
148 209
139 154
245 97
243 126
72 111
234 79
31 121
240 95
87 109
19 110
107 206
16 70
103 219
63 149
95 155
174 191
29 36
153 236
48 85
123 147
220 83
17 51
106 192
10 90
26 77
34 37
239 40
125 181
139 173
115 209
21 175
43 202
18 98
38 195
2 249
127 224
209 240
33 114
3 185
82 105
216 244
70 125
92 153
198 201
175 195
233 53
169 220
150 215
148 234
30 47
14 78
64 80
15 231
38 70
70 120
27 224
81 210
85 130
34 108
35 206
184 240
152 217
237 120
26 211
60 123
191 201
7 229
127 221
19 130
59 76
102 238
75 232
13 183
38 55
243 101
118 242
186 222
117 156
90 196
39 237
225 169
59 174
46 132
198 244
56 124
12 15
131 195
29 213
114 204
202 214
43 163
231 47
5 157
245 166
227 77
70 122
207 236
109 125
220 68
240 131
47 224
96 124
235 160
242 93
67 173
35 56
246 167
177 198
91 225
71 103
173 199
91 217
238 199
245 167
47 105
234 128
99 142
19 46
54 93
5 247
106 171
77 118
62 153
11 243
88 244
122 207
12 21
236 18
29 229
19 163
1 34
72 182
61 196
9 201
121 201
85 125
10 28
124 191
245 16
227 100
28 55
32 219
21 61
161 171
103 227
8 131
177 204
181 236
133 136
49 190
43 52
18 221
24 160
229 240
22 130
12 203
136 149
240 190
34 122
232 151
55 213
234 195
2 187
164 197
234 0
135 147
238 86
52 187
228 23
44 142
55 239
112 180
67 143
69 212
225 103
24 244
106 176
38 101
16 204
50 131
157 164
233 12
42 58
81 202
101 127
75 190
73 188
135 156
90 186
238 98
244 35
68 129
120 235
24 162
138 248
4 23
91 162
29 232
229 171
54 112
82 131
229 80
107 242
1 179
228 34
42 241
24 62
149 180
101 221
35 137
227 216
231 53
51 117
220 137
67 137
101 162
26 190
44 132
55 183
1 145
5 149
230 187
87 238
57 87
0 238
172 184
97 100
2 97
231 219
247 96
160 222
239 113
56 142
21 226
61 144
199 209
0 71
54 58
80 193
22 40
231 94
53 154
140 141
47 67
93 192
17 248
37 102
24 44
14 204
24 198
77 233
243 114
227 200
21 47
25 140
26 34
120 229
222 122
238 131
153 219
231 188
123 164
121 191
91 183
203 218
230 67
177 220
223 183
127 132
169 211
83 182
181 248
46 213
10 111
48 98
240 203
55 244
25 228
201 246
110 184
25 178
226 160
17 89
181 212
10 209
14 104
9 37
139 193
130 215
49 126
235 153
20 160
247 215
87 104
9 204
146 164
181 187
55 215
89 194
248 183
55 200
51 215
136 236
163 217
53 117
117 182
124 246
235 134
110 177
57 164
59 212
247 73
152 175
203 211
115 232
44 222
26 236
18 160
44 179
44 234
68 124
176 223
52 204
3 204
71 115
33 151
211 238
47 74
232 49
124 210
12 105
46 128
3 230
16 101
243 208
116 249
134 248
43 130
10 104
98 107
91 204
18 198
20 118
190 216
193 237
242 58
86 211
28 183
90 216
50 124
155 225
155 229
61 129
25 230
230 104
5 119
93 216
6 25
140 172
0 36
152 209
39 214
141 193
239 241
86 240
60 205
122 234
14 126
66 187
208 226
82 141
87 128
38 156
105 138
26 87
234 172
5 216
20 150
233 84
114 230
49 53
139 167
91 239
240 114
48 92
43 100
53 222
157 199
3 175
29 249
49 68
56 226
182 197
116 144
55 210
1 211
26 97
168 233
89 169
138 163
225 23
33 212
45 116
40 58
248 54
144 184
244 163
223 60
71 92
76 77
231 2
161 215
121 140
103 188
113 189
26 164
1 32
2 220
166 207
103 177
15 85
66 130
233 127
221 19
34 210
130 175
224 24
240 215
185 237
97 133
93 106
109 203
37 109
241 21
2 144
242 170
13 205
146 239
39 207
0 165
174 244
140 149
83 128
242 154
226 137
195 205
66 156
121 162
133 202
4 245
108 147
104 173
129 138
19 117
34 155
33 209
102 209
146 248
225 59
119 149
221 195
73 206
39 243
158 180
245 109
30 83
4 94
111 181
239 136
157 228
240 165
202 212
227 124
155 223
126 227
38 57
169 188
32 88
226 140
247 225
53 245
121 139
60 187
242 12
30 243
44 84
227 161
60 166
59 90
50 111
143 232
9 111
226 133
240 182
61 78
111 116
13 84
108 134
138 140
69 148
26 139
89 147
17 212
102 243
80 205
7 103
211 246
49 167
228 50
240 25
0 64
233 51
36 227
241 55
113 133
6 116
245 202
35 89
228 190
130 244
224 203
229 121
67 215
210 215
192 204
53 205
223 168
225 104
84 222
132 193
239 71
45 120
110 127
138 145
5 151
61 90
24 144
249 151
99 103
99 179
247 93
44 103
5 18
229 25
45 118
54 240
232 227
222 63
249 44
137 162
151 223
107 178
141 162
19 174
20 246
102 245
92 186
133 240
36 162
75 90
185 200
164 194
86 224
79 127
99 138
152 244
115 195
49 241
83 140
50 169
80 214
90 114
86 187
228 38
121 193
44 164
144 158
244 115
38 100
100 210
39 158
17 202
12 185
89 133
43 200
144 213
30 150
34 99
240 62
197 243
160 172
139 176
232 243
180 197
35 71
116 227
227 63
49 243
26 214
166 220
248 190
123 134
13 206
8 66
248 11
98 201
189 209
19 233
237 112
49 62
26 51
38 151
58 159
94 166
31 238
66 151
190 191
22 248
23 231
81 220
29 167
25 52
145 236
23 92
64 115
163 226
78 102
58 150
194 214
86 183
98 213
25 45
71 96
9 63
97 114
223 169
31 111
66 197
49 146
93 198
173 220
105 136
231 158
150 240
24 211
2 62
33 210
74 218
41 76
101 211
143 223
31 145
185 229
147 166
160 228
69 126
98 191
154 247
45 78
53 200
233 33
66 150
31 194
17 234
246 69
155 243
37 145
56 125
54 208
29 215
155 178
23 243
53 191
116 220
51 225
102 167
145 216
5 72
247 219
117 146
85 205
87 108
158 228
91 195
53 136
221 52
61 240
52 161
9 39
22 158
98 141
144 203
31 120
84 145
129 133
245 95
64 242
234 106
54 193
246 188
246 58
33 170
38 153
63 233
226 240
87 160
84 87
226 64
238 59
67 88
42 72
122 218
228 227
120 146
217 247
243 9
239 29
25 137
141 225
13 47
50 67
228 86
135 149
58 217
89 159
96 118
239 93
127 236
247 51
30 125
243 16
213 224
12 38
62 100
145 215
108 185
146 206
207 232
59 209
116 140
63 207
101 165
8 73
64 125
8 65
166 191
241 214
114 179
95 249
220 44
27 52
143 145
56 123
50 78
149 169
141 178
152 157
127 246
227 16
248 133
54 166
242 187
177 178
235 227
224 110
106 197
2 6
18 232
5 67
226 100
142 196
60 63
146 157
10 149
66 106
17 77
12 225
237 11
104 142
24 64
63 196
143 163
3 212
33 131
236 8
5 39
45 226
3 17
64 143
101 237
235 13
121 197
9 56
49 178
59 65
9 155
98 241
29 60
49 197
140 179
24 60
223 174
97 205
6 165
11 206
26 40
63 238
44 93
95 127
38 160
27 33
88 202
223 47
38 179
28 45
41 88
38 139
236 72
108 234
110 125
44 112
46 171
55 77
94 202
55 73
176 196
231 41
216 247
224 214
232 215
198 216
148 190
28 126
63 163
46 108
80 218
223 105
93 195
139 249
114 117
5 195
235 141
5 161
239 120
247 144
87 172
11 198
21 49
7 88
48 147
39 44
21 84
97 140
130 142
172 240
232 219
242 111
37 62
147 187
222 213
247 70
79 80
63 173
37 72
243 193
136 230
6 226
36 85
23 139
25 46
143 248
221 163
241 2
115 229
152 198
140 245
41 181
234 240
180 247
231 65
43 249
237 62
116 134
234 221
223 38
243 107
76 106
139 203
189 199
99 221
56 105
227 29
95 103
27 175
241 121
100 171
111 117
45 93
98 149
41 52
88 155
47 167
0 111
34 194
196 229
7 239
21 119
214 229
181 231
232 240
57 115
26 109
241 151
76 201
211 236
161 213
115 119
68 112
92 178
51 229
225 165
246 110
132 172
20 31
49 223
83 141
86 199
58 228
2 225
57 218
136 151
142 188
8 56
14 193
169 170
69 147
165 171
84 177
40 174
41 221
44 149
0 96
82 208
86 110
97 128
56 249
14 174
107 187
99 117
172 222
42 152
121 215
10 215
79 104
148 197
15 243
105 111
140 199
148 206
100 202
65 93
26 90
51 80
53 177
133 242
95 232
67 92
153 160
90 97
151 173
68 210
105 149
248 225
22 238
249 212
229 163
139 177
228 217
55 171
40 66
232 213
234 169
64 90
239 53
97 233
195 204
49 200
128 245
75 77
106 141
146 232
232 36
103 155
98 175
140 207
2 63
36 109
120 242
228 109
94 155
28 162
217 240
61 207
70 200
45 218
172 193
154 181
144 201
11 188
36 74
97 211
60 112
32 246
56 184
240 76
27 123
32 228
117 178
120 167
228 147
73 199
227 196
112 195
175 196
224 56
30 33
11 19
47 187
28 64
45 193
17 74
120 187
37 204
1 221
107 207
17 114
60 64
10 131
13 38
115 156
238 92
66 113
152 180
122 247
21 161
63 82
22 212
60 235
65 201
118 122
225 184
77 119
88 122
90 149
22 219
107 167
175 246
32 164
41 211
62 130
104 172
229 133
226 193
247 182
2 158
207 233
10 76
150 186
52 162
121 240
0 32
179 216
32 244
37 48
59 78
75 180
50 186
36 181
96 134
55 172
17 118
125 219
79 118
31 216
117 160
196 230
59 68
131 235
38 236
148 164
101 159
239 238
105 228
180 185
24 114
243 17
35 115
131 205
194 211
55 141
146 219
78 113
145 217
132 240
102 200
146 155
64 189
12 84
228 156
21 218
32 141
33 63
221 230
115 122
223 184
1 114
0 157
44 90
41 154
206 215
1 159
168 195
104 207
45 231
31 185
226 52
41 145
47 69
238 47
244 56
225 8
94 136
231 210
164 225
168 236
70 195
52 231
40 72
97 199
92 201
18 227
4 244
17 249
101 137
200 215
140 198
232 184
245 139
148 239
24 53
155 176
104 170
135 163
248 238
94 113
218 229
227 204
233 36
230 194
98 138
13 224
238 133
29 151
134 221
120 148
136 241
27 42
15 221
241 135
247 202
44 182
227 24
237 3
152 197
111 211
239 117
246 239
103 190
244 95
235 202
34 154
246 57
101 229
44 110
246 90
227 95
14 190
12 121
78 128
94 161
40 46
156 174
235 92
26 37
92 214
235 4
91 232
178 234
127 147
200 201
42 43
240 199
62 211
6 231
223 195
7 82
91 107
221 191
63 158
22 144
105 163
241 128
136 159
6 114
95 177
148 181
73 213
77 101
191 215
165 197
51 116
111 130
184 194
228 98
238 88
23 186
230 143
125 220
67 178
221 124
13 114
177 223
66 139
27 73
72 175
102 124
54 188
49 217
3 62
93 206
44 213
228 13
149 213
196 207
231 106
184 214
89 181
24 153
245 187
228 84
31 155
235 156
151 205
237 35
241 31
19 207
238 119
247 203
120 143
57 86
176 195
247 128
109 178
92 138
239 192
31 141
35 73
2 148
32 202
249 157
111 174
9 216
22 51
34 216
242 41
222 216
92 140
138 144
183 232
16 215
35 95
26 133
236 208
83 165
1 194
20 28
66 116
56 163
224 143
130 157
109 122
114 245
241 187
241 97
214 217
225 24
116 179
236 55
196 201
16 205
134 223
240 153
164 236
240 201
62 171
22 137
101 149
92 165
248 9
38 186
158 232
143 221
116 217
19 217
191 231
86 247
52 108
21 144
123 245
87 136
48 54
86 132
138 187
10 87
235 124
104 154
25 206
5 47
146 231
67 174
107 247
175 197
132 223
238 101
81 134
8 9
4 28
15 20
190 236
86 249
196 240
94 111
208 244
28 74
51 56
52 197
243 128
137 189
9 36
130 150
79 164
13 169
231 216
64 216
238 163
21 91
239 150
161 203
91 245
139 152
28 52
9 43
152 161
61 104
185 206
62 66
225 107
20 140
126 209
5 189
30 205
62 64
221 176
12 221
172 177
22 83
87 169
24 146
90 94
59 99
38 135
147 149
4 98
200 238
171 213
7 168
51 122
101 213
149 150
13 126
243 47
244 40
11 43
19 41
95 139
28 32
244 238
72 114
70 244
235 181
52 249
215 234
18 32
222 112
56 75
234 92
51 111
162 164
223 53
182 208
147 207
19 74
239 42
80 156
59 92
49 161
36 97
150 231
34 181
17 30
169 243
171 189
139 148
75 120
1 157
20 144
118 133
133 164
66 226
115 141
127 231
235 145
46 195
37 40
179 198
213 233
223 24
2 29
90 232
221 60
146 243
48 122
99 176
93 222
123 181
97 166
85 127
69 177
220 5
114 160
70 177
137 163
27 129
234 98
69 196
237 167
243 86
19 28
128 227
4 163
226 112
41 54
247 171
25 47
110 124
95 211
227 21
69 226
3 27
239 122
241 15
27 30
69 169
247 230
228 116
126 185
224 17
28 206
221 146
247 164
47 87
95 111
140 236
81 98
47 120
237 9
88 97
88 119
83 177
105 176
19 149
14 157
0 73
50 68
92 105
120 245
224 94
85 97
22 241
248 144
175 242
52 206
82 205
79 188
21 229
202 237
11 41
192 205
38 126
19 237
136 195
44 219
4 57
162 193
39 216
159 231
77 189
246 107
131 160
110 161
2 103
241 166
232 99
133 147
125 147
4 132
235 97
221 129
89 205
246 75
222 163
234 120
129 192
35 116
96 173
92 239
100 249
142 228
147 237
17 120
222 155
247 28
244 199
153 224
221 120
111 132
191 224
79 177
21 165
41 241
222 109
224 166
215 239
142 239
36 52
23 146
49 97
19 22
240 32
42 160
81 248
182 239
74 86
16 198
221 53
23 167
101 198
136 209
164 230
245 193
77 137
124 245
237 140
45 83
9 40
187 213
187 217
4 215
6 205
228 117
107 118
49 108
101 187
6 71
248 5
72 184
13 198
150 214
24 180
239 87
35 165
247 115
118 149
2 195
22 155
127 163
69 84
147 202
147 193
31 96
67 182
88 118
231 240
2 217
155 173
104 191
107 158
62 119
17 90
1 129
166 201
103 175
144 182
189 216
237 208
244 6
193 219
19 49
41 132
234 154
44 64
101 181
238 158
65 156
49 143
84 239
154 194
60 145
195 214
205 206
8 179
91 151
90 227
70 131
171 174
8 201
66 141
52 246
248 205
83 86
22 181
44 235
192 214
90 211
149 167
101 183
200 217
4 219
0 151
96 204
231 21
86 207
16 137
20 107
46 208
17 48
127 158
107 231
28 88
242 131
76 91
234 4
