109 64
8 75
110 0
70 96
19 88
29 100
15 104
10 49
36 61
19 20
91 15
71 100
58 61
52 54
20 89
101 38
13 106
3 56
64 73
16 60
98 105
74 105
97 15
72 118
32 74
47 75
19 69
57 81
72 73
5 12
100 74
86 119
116 59
58 118
18 29
22 107
91 62
116 10
94 73
104 11
50 68
51 72
44 68
103 61
101 70
3 76
5 115
6 104
34 82
119 10
40 64
6 23
46 96
15 37
55 69
92 102
104 2
71 119
22 79
102 36
109 18
4 82
0 72
107 72
105 8
10 105
104 89
75 99
40 49
119 25
26 76
10 60
116 7
41 69
114 25
103 50
44 72
62 76
4 9
12 57
96 83
61 118
108 53
7 29
94 4
8 110
5 76
6 43
32 59
51 53
29 59
5 116
60 115
17 39
39 111
11 30
61 62
68 78
116 99
81 107
93 74
100 3
100 4
116 89
103 12
110 24
40 86
7 30
38 41
35 61
100 0
15 62
106 63
30 88
8 24
6 33
67 112
2 88
5 46
43 98
26 79
40 77
3 47
21 27
1 67
67 114
82 84
59 86
15 21
32 50
49 57
33 116
95 53
61 82
46 111
116 52
13 43
12 46
6 86
90 64
98 7
118 32
63 68
40 113
109 59
98 37
33 42
95 26
13 84
34 114
23 29
16 113
12 115
90 87
12 27
113 87
31 37
101 55
90 77
48 55
24 75
21 98
50 96
97 54
97 5
58 119
34 83
9 64
94 58
110 26
91 38
13 83
76 78
42 99
104 8
63 119
83 108
94 42
93 103
59 111
7 50
90 94
12 23
16 54
27 44
22 104
6 96
58 107
97 21
54 58
106 22
57 102
97 72
55 64
96 21
20 33
33 37
108 105
113 20
108 88
42 70
46 113
0 30
29 73
90 76
112 36
98 56
33 110
33 108
55 108
25 46
12 64
119 14
29 75
2 107
117 49
66 68
10 23
5 92
2 73
3 64
110 66
111 60
103 9
4 119
69 76
66 86
13 60
8 80
95 71
93 2
91 115
24 114
27 43
48 103
22 98
96 48
54 76
109 25
105 1
18 69
114 3
94 69
3 6
63 84
91 87
0 67
58 86
71 98
36 118
107 109
80 119
100 83
12 50
93 49
25 56
107 99
119 5
26 118
95 14
29 106
91 99
18 19
44 75
97 2
47 58
28 78
26 64
10 78
92 43
97 19
28 66
38 62
8 109
44 106
94 82
1 53
94 10
103 83
91 86
48 62
52 58
46 76
76 84
43 63
35 41
95 73
2 13
110 109
17 88
95 13
37 96
3 86
103 51
82 90
7 59
40 75
116 35
31 60
102 84
19 95
6 101
52 53
22 33
18 73
4 14
91 48
9 36
13 103
52 65
50 91
4 62
95 3
49 91
81 104
24 67
45 81
2 49
8 29
103 116
113 48
118 39
45 82
32 45
101 46
24 66
37 39
107 0
33 104
0 91
35 114
36 106
100 57
34 115
57 64
108 16
30 40
17 67
10 89
115 98
13 58
0 64
74 92
61 116
78 87
114 17
47 66
58 75
72 110
30 63
45 75
113 112
43 68
18 65
118 2
82 88
114 0
27 55
96 65
29 111
0 47
84 98
37 63
102 70
114 21
39 45
21 90
5 36
75 88
29 66
99 46
25 64
32 80
0 75
113 84
111 79
26 89
90 58
79 108
113 73
61 96
102 50
0 33
106 18
59 112
68 76
58 103
62 112
75 111
101 50
117 84
101 89
25 86
46 106
2 98
58 101
107 34
103 7
90 14
8 117
33 115
8 74
57 116
16 80
31 55
102 31
113 67
20 110
12 79
39 75
2 59
18 40
54 61
69 87
118 13
57 110
101 81
19 31
17 22
96 32
15 108
47 69
39 76
69 92
90 16
58 109
105 73
19 92
48 61
59 113
9 116
115 22
103 39
38 63
94 18
9 61
72 80
21 70
14 29
115 10
108 61
77 118
27 54
90 98
54 70
19 87
33 89
30 107
55 106
21 85
114 89
39 51
6 118
15 67
19 111
98 38
19 110
27 115
90 91
31 119
73 103
5 96
55 98
22 95
99 78
110 23
114 2
117 118
109 5
12 48
77 97
97 59
98 51
72 112
67 104
6 97
66 95
112 51
90 44
17 34
86 90
55 117
27 53
70 116
62 87
103 65
107 35
112 83
39 115
104 50
111 38
100 45
