102 125
14 114
43 119
125 136
38 84
62 64
9 21
23 35
2 31
70 139
18 59
80 97
139 5
75 108
44 98
2 101
71 116
136 43
7 35
12 48
59 101
120 102
129 46
8 80
132 31
33 106
0 38
40 55
86 138
132 44
100 128
69 86
32 78
136 15
51 86
31 103
128 111
50 95
118 2
131 22
25 102
43 105
34 71
25 70
115 18
126 55
48 59
57 96
82 135
111 123
119 58
122 66
0 15
22 135
16 39
137 30
72 85
39 66
135 35
139 119
15 32
68 82
75 117
16 116
129 86
52 91
1 36
71 91
48 74
96 103
41 122
32 98
127 73
2 36
11 79
58 81
86 126
117 111
121 55
4 55
128 67
67 92
134 0
135 31
3 110
6 103
7 47
119 1
61 138
138 36
8 128
6 7
2 73
64 100
57 135
23 76
63 111
7 56
132 57
127 29
35 105
111 115
138 55
15 79
45 93
44 111
34 129
68 96
8 114
10 17
2 83
22 101
130 31
65 70
17 71
122 16
13 41
39 114
47 52
65 84
115 47
92 111
134 124
34 125
10 120
104 115
27 60
29 33
9 70
123 5
43 90
31 40
134 44
61 136
133 92
70 135
8 69
7 54
39 67
115 9
72 132
137 18
39 49
88 106
126 63
24 134
63 113
22 38
129 91
8 103
16 133
89 98
27 66
126 17
6 11
16 129
139 125
3 74
58 66
28 137
135 113
126 23
72 114
20 85
41 137
115 124
118 99
8 39
132 60
100 122
6 31
59 71
1 125
138 5
133 108
124 89
78 88
135 5
7 74
103 123
122 52
20 52
39 72
17 33
67 117
36 122
11 57
27 128
115 49
12 56
22 115
134 18
50 88
71 88
31 61
30 128
123 76
61 105
2 10
51 66
67 94
41 62
49 98
84 132
135 10
4 107
115 107
53 83
5 70
78 90
91 115
63 87
115 52
1 102
127 138
127 96
7 23
50 99
121 7
126 13
89 139
78 125
7 30
47 89
2 133
85 127
65 133
2 116
13 16
25 87
31 106
41 73
84 126
55 107
133 70
22 110
51 125
60 109
52 125
122 110
132 103
20 48
88 128
21 100
27 115
135 12
45 86
8 120
35 53
120 25
47 105
70 134
5 105
43 132
129 68
63 105
56 74
45 99
49 62
33 120
64 90
115 106
36 136
20 138
29 136
42 117
105 109
118 3
105 106
65 92
135 79
84 93
14 111
107 125
62 135
63 90
110 128
137 70
76 77
81 94
1 128
7 83
26 123
68 106
49 52
55 56
22 56
118 25
133 68
138 76
28 123
15 129
22 68
24 118
138 38
59 119
70 121
86 98
42 54
41 81
104 136
0 76
131 123
90 116
33 36
84 130
82 95
10 110
123 43
125 101
2 57
17 81
5 23
21 68
133 122
92 104
37 71
134 88
3 42
30 74
94 98
17 91
137 39
74 133
2 123
29 80
89 136
90 104
1 46
5 120
137 60
20 34
23 32
116 101
41 123
129 41
27 86
126 30
18 53
62 83
85 90
125 76
82 84
51 84
13 25
93 134
48 96
0 65
101 127
40 97
127 37
121 34
36 128
4 117
38 66
14 103
103 121
123 6
2 74
34 84
121 68
49 65
129 3
2 69
123 35
119 13
86 123
121 10
20 58
118 81
26 41
7 8
73 120
79 137
17 36
16 93
130 96
115 98
40 75
122 60
0 121
13 93
119 17
69 134
50 90
19 115
136 114
60 127
50 139
31 87
30 49
119 14
129 105
119 65
31 64
125 22
54 138
35 139
138 9
50 67
1 50
121 49
55 122
33 133
132 125
105 118
133 26
41 49
67 125
8 48
123 22
84 87
19 22
136 0
25 51
80 113
32 33
71 72
122 14
12 86
137 58
44 101
134 68
47 68
73 94
68 75
124 23
61 81
119 25
128 61
125 19
2 104
32 69
129 54
26 107
117 43
107 139
139 33
112 124
60 65
71 84
18 97
74 102
89 123
122 40
135 14
117 86
14 84
128 87
119 88
17 20
127 52
17 98
128 56
139 122
22 117
18 72
134 76
16 68
22 91
2 48
19 128
130 52
13 83
18 138
101 102
126 20
126 69
0 49
129 106
16 56
2 34
116 80
133 126
83 85
88 99
4 35
135 29
42 114
112 119
131 13
135 87
69 133
42 94
22 46
102 126
122 46
71 129
78 99
133 60
122 78
10 62
50 66
98 126
36 58
11 95
110 116
133 80
125 93
32 91
22 33
116 89
138 35
62 137
132 127
2 94
6 32
16 65
29 63
109 124
138 70
17 128
0 72
5 19
126 0
11 20
19 60
139 99
122 54
21 73
2 47
26 126
97 100
126 21
33 44
38 135
20 23
136 78
89 126
116 76
51 88
61 108
116 99
50 62
135 122
2 28
129 26
58 75
137 86
131 43
42 78
49 80
117 88
26 29
8 17
0 88
19 139
17 113
6 30
134 58
35 64
75 96
71 98
19 97
7 20
76 78
29 32
11 13
125 85
9 23
48 72
19 108
20 122
42 66
60 75
22 58
28 77
111 126
8 124
10 99
79 105
129 72
44 64
17 44
123 42
2 95
27 34
138 96
42 95
0 41
80 110
16 88
35 132
56 131
57 66
123 32
133 55
21 120
104 128
71 82
5 63
41 68
44 87
121 118
42 62
13 113
65 128
66 81
18 90
8 83
0 129
117 16
120 45
83 102
52 55
14 40
139 56
102 105
3 21
130 111
135 110
120 105
14 124
3 25
11 45
87 104
89 138
125 16
39 71
18 129
7 10
131 8
7 46
48 103
17 118
86 110
124 94
96 125
137 102
66 94
139 58
43 135
27 52
41 125
124 44
84 139
119 0
5 110
126 12
69 124
56 95
127 74
9 102
66 93
3 97
12 89
95 128
16 104
14 59
11 98
128 60
123 66
117 73
72 127
9 48
137 107
24 54
44 122
3 65
135 41
11 116
137 57
43 48
79 129
116 111
139 73
9 10
130 25
122 9
110 137
134 3
42 72
29 107
45 89
33 75
84 110
3 71
123 17
103 107
20 78
61 112
22 70
11 62
124 75
130 55
28 51
1 80
9 60
35 92
78 116
93 136
16 89
84 103
87 138
11 76
51 135
130 23
116 100
131 110
30 139
24 78
35 127
88 139
21 25
6 13
115 85
81 121
57 106
33 86
118 67
137 55
23 46
98 122
52 56
8 38
70 116
39 97
64 85
127 106
59 132
11 24
16 132
138 26
97 135
40 106
16 31
136 113
10 131
132 36
48 122
122 0
25 89
62 113
36 77
31 42
71 110
134 59
118 60
16 47
118 11
115 65
72 136
23 77
96 120
81 103
100 126
35 129
25 83
94 134
122 108
77 98
51 139
81 126
30 84
127 53
30 40
45 79
28 102
34 87
5 93
125 8
15 41
78 92
82 132
129 77
91 128
7 58
125 95
34 98
60 88
125 100
28 136
3 12
129 78
0 24
6 137
25 136
6 94
38 49
128 10
17 45
30 60
136 26
23 54
131 111
139 47
34 53
41 61
38 134
31 34
13 65
3 84
65 118
77 106
60 87
40 71
69 118
130 22
71 137
19 102
21 86
133 4
67 99
68 93
120 104
122 101
45 98
13 39
69 76
24 106
26 43
131 46
28 67
47 57
16 74
135 49
15 134
37 66
120 126
116 130
38 139
30 66
66 120
124 74
41 127
138 95
30 43
27 102
131 108
117 122
136 48
8 78
107 122
104 132
22 129
44 84
134 107
68 69
139 124
126 36
2 11
36 59
95 113
130 83
28 86
125 23
85 123
119 74
123 54
49 107
9 54
46 114
57 129
127 93
139 29
79 116
71 90
122 2
7 80
38 121
36 51
104 126
66 106
117 103
131 44
43 138
139 111
69 70
9 87
37 105
120 61
137 19
23 131
29 104
50 138
87 125
56 108
17 120
131 60
126 105
19 38
111 132
46 82
91 112
130 28
28 132
76 113
42 101
35 62
7 32
24 121
22 127
1 106
50 76
66 134
40 130
127 24
56 93
56 120
34 54
127 15
75 107
134 106
40 61
83 97
0 59
15 22
12 115
10 40
31 46
24 45
88 94
44 110
57 105
37 46
117 26
136 131
26 113
130 123
88 125
79 110
66 101
43 73
40 46
79 109
118 26
70 117
4 76
63 64
122 120
12 107
29 47
127 71
130 114
78 94
32 111
132 22
115 66
131 97
41 98
45 108
120 49
28 49
29 67
120 101
17 60
20 134
28 36
120 34
4 97
126 44
122 99
63 94
29 72
9 29
15 114
130 59
1 9
125 124
138 81
35 97
130 67
2 41
134 11
49 50
40 114
81 135
118 63
82 106
116 53
51 138
76 104
28 31
2 126
47 86
20 59
27 58
120 76
86 130
108 109
64 121
5 98
116 19
59 137
45 94
12 58
14 115
55 135
22 81
51 74
115 5
18 130
3 94
107 133
2 59
40 47
71 139
132 88
120 60
83 115
64 86
75 139
58 61
59 96
102 139
23 37
14 44
126 33
113 114
83 103
13 54
132 33
16 106
108 120
131 19
100 113
5 100
102 129
18 107
124 45
96 108
3 116
118 14
51 59
5 99
136 63
49 119
17 139
29 78
47 88
115 20
16 101
122 134
109 134
8 134
132 40
60 69
122 132
101 112
130 139
23 129
3 14
126 39
3 100
54 64
35 38
64 76
0 87
139 132
130 39
135 39
94 136
8 116
29 137
126 91
10 52
115 64
57 99
34 41
3 16
57 104
44 80
83 95
17 26
103 111
64 81
69 107
22 43
56 60
82 104
90 113
8 74
139 85
31 35
122 106
109 139
101 105
138 94
136 110
77 85
128 135
135 130
129 66
90 93
67 78
10 51
70 104
16 32
129 114
40 53
132 25
130 7
43 70
54 105
99 107
94 114
34 49
1 108
118 64
2 13
72 120
15 118
50 110
1 56
126 18
127 90
54 67
15 74
10 89
12 50
102 119
98 127
4 17
15 126
137 48
65 134
105 124
78 79
118 66
31 109
50 127
21 44
47 132
29 134
136 37
101 134
64 103
36 45
12 133
15 30
24 72
31 37
9 104
135 89
79 83
66 99
127 91
14 127
37 89
4 58
17 122
122 94
71 117
130 124
15 121
47 106
36 43
97 116
57 110
136 133
116 28
136 1
70 93
17 116
118 84
50 98
11 128
30 102
83 99
79 126
30 51
6 125
6 107
2 97
134 39
40 41
129 108
60 102
129 107
104 117
35 48
78 111
57 72
21 116
55 74
34 97
89 101
30 88
8 85
121 58
119 29
118 61
59 125
122 62
127 17
6 73
82 92
49 103
88 105
7 22
35 118
32 42
120 112
93 107
137 89
60 105
43 77
10 48
14 109
110 111
62 138
116 45
53 63
117 99
13 28
120 12
137 121
115 24
41 63
44 85
8 49
70 76
7 138
119 97
40 129
94 105
125 21
23 28
27 97
12 40
43 80
127 94
6 48
30 97
2 12
100 123
43 59
51 101
59 66
119 94
39 40
19 47
0 123
68 83
52 80
3 61
99 138
129 73
58 99
69 90
102 116
124 24
126 118
46 67
39 44
75 125
48 65
8 41
122 83
49 132
132 12
18 58
85 86
25 55
25 33
49 55
47 84
77 135
6 106
132 58
121 74
127 6
131 67
121 80
74 115
39 95
34 124
26 36
123 68
22 99
92 95
91 106
125 108
121 22
134 23
19 51
72 125
22 54
87 111
51 92
123 23
129 7
118 55
138 131
103 114
119 83
26 132
0 29
81 124
128 98
62 134
26 128
119 3
1 19
23 34
62 80
25 52
19 46
10 129
55 57
19 75
42 84
5 36
123 108
124 5
0 91
137 94
55 108
72 122
43 65
40 73
63 80
50 115
119 61
24 63
10 113
74 112
5 91
70 129
132 77
39 45
120 97
10 102
13 110
41 131
12 102
11 33
131 62
4 5
81 117
58 120
124 39
137 1
122 69
30 103
8 58
76 128
23 40
82 136
120 9
8 25
36 85
6 72
15 58
64 68
115 96
55 62
118 54
35 51
121 84
86 106
8 98
83 120
28 45
52 60
58 62
130 89
14 73
124 33
118 77
121 124
35 52
33 65
106 139
95 134
15 29
60 100
54 85
83 104
48 130
139 76
118 53
76 93
120 41
106 110
49 99
15 110
99 100
2 89
99 137
32 76
30 112
81 88
72 80
73 128
3 81
25 37
26 106
106 133
29 50
1 33
8 115
13 106
39 109
46 83
128 102
122 113
61 83
5 112
14 42
126 66
43 85
68 89
18 104
12 39
80 87
8 108
0 103
123 8
132 93
11 42
22 25
123 19
21 27
35 46
137 93
70 98
44 51
38 110
19 120
42 132
47 112
118 80
81 99
122 18
122 87
23 47
115 4
124 68
29 68
7 62
14 82
62 78
76 96
9 130
120 59
23 89
122 26
11 84
48 115
133 91
8 139
115 59
139 87
61 129
118 102
70 127
79 115
33 130
19 32
86 101
120 15
85 101
93 133
43 50
15 117
118 32
122 4
7 64
15 81
19 64
136 47
60 101
123 92
138 1
93 121
133 19
135 73
111 125
14 100
53 120
74 132
139 18
45 60
136 57
100 110
15 34
127 11
134 105
6 20
58 107
1 30
104 139
52 58
27 47
27 111
77 131
23 72
6 114
30 67
70 125
7 93
132 85
99 106
62 75
51 55
116 36
137 53
79 88
56 96
126 46
7 136
7 94
122 29
115 10
66 136
34 68
27 68
57 81
131 102
53 109
81 86
26 34
7 9
34 35
30 133
68 115
0 98
132 39
45 104
123 46
73 98
41 72
137 47
32 84
54 55
21 53
139 31
132 20
18 39
55 105
65 116
19 26
75 123
117 27
30 37
10 124
16 137
131 70
39 115
113 124
67 104
83 128
109 138
5 117
11 56
134 78
19 100
33 40
80 122
127 56
40 124
40 113
48 118
65 139
33 117
48 53
115 21
119 45
76 109
28 65
11 139
7 31
39 57
52 57
133 77
76 136
27 89
130 47
39 111
54 92
138 27
1 72
126 96
35 125
86 111
136 129
5 129
16 22
20 125
20 118
51 89
67 68
8 29
10 127
36 105
4 42
12 18
1 35
48 135
116 50
36 121
42 85
13 26
97 103
32 83
127 13
30 122
71 87
26 65
89 125
119 60
136 31
94 128
135 16
56 107
139 95
86 125
7 84
3 8
121 50
130 79
132 61
129 113
16 92
67 87
117 50
31 125
79 89
129 120
108 117
113 117
118 58
20 60
25 111
36 55
85 120
22 77
74 110
53 133
17 137
35 66
9 50
5 24
93 110
119 34
16 128
119 121
54 95
2 103
2 105
98 131
39 64
116 6
18 87
52 107
78 118
17 28
20 107
23 59
82 83
116 5
61 124
128 90
44 75
130 81
115 46
28 103
85 112
125 15
61 87
50 75
87 120
6 10
84 106
125 77
96 112
46 95
132 118
119 69
21 37
131 20
54 79
135 94
93 123
65 78
130 29
127 102
10 24
125 131
136 30
0 2
139 83
80 89
106 120
37 90
26 51
68 116
77 136
136 34
24 70
118 57
26 103
90 92
12 105
58 111
133 9
40 59
128 77
37 41
124 60
34 42
25 41
10 77
119 89
70 73
9 46
18 80
75 111
26 39
17 39
128 42
53 59
74 92
51 118
38 124
136 12
14 75
129 12
120 48
134 42
45 106
115 1
5 61
92 97
75 84
115 81
70 128
34 67
29 82
8 21
5 107
13 124
39 68
32 97
4 25
96 132
80 135
73 137
28 76
39 104
128 69
131 49
19 122
119 67
63 114
91 100
117 134
9 113
11 61
77 137
12 92
32 57
134 46
84 117
23 44
78 107
80 126
136 11
78 124
121 73
14 104
56 112
89 94
98 119
8 33
62 98
122 86
42 111
67 90
28 29
35 75
137 88
16 18
13 86
3 36
136 112
35 39
75 100
8 88
129 84
138 117
73 82
131 139
125 43
131 74
81 134
32 117
69 101
18 67
32 56
134 61
25 133
6 27
119 64
47 113
138 130
35 67
57 67
12 76
71 92
130 44
1 22
0 73
47 100
53 66
79 101
85 133
33 121
5 15
61 110
14 49
85 97
66 86
36 82
15 39
47 128
1 41
41 46
117 101
9 79
26 63
4 8
11 12
34 113
61 92
26 127
1 43
90 120
5 84
81 139
16 98
125 13
20 45
27 57
49 111
13 27
17 95
99 101
6 139
41 93
51 117
137 38
52 61
2 72
72 88
14 134
23 43
10 71
53 108
37 116
130 46
132 107
45 65
2 24
129 103
19 105
49 88
9 127
14 117
58 93
14 138
83 137
21 122
130 88
6 86
128 68
24 116
51 54
13 44
109 126
79 96
89 91
31 91
95 98
120 137
3 66
28 71
56 84
0 86
52 109
6 36
80 109
7 39
63 81
3 6
65 113
124 50
4 31
130 42
93 105
9 99
70 95
7 71
32 36
132 10
123 121
85 98
37 128
23 82
86 96
11 117
135 65
20 120
18 26
29 55
43 115
24 51
62 111
81 132
49 66
99 103
105 115
26 131
19 90
26 110
55 61
118 104
121 47
32 102
118 131
88 135
124 51
77 91
42 64
51 102
53 94
53 111
19 44
55 65
103 131
0 97
118 119
24 88
116 98
133 18
38 114
99 121
90 107
50 105
39 65
54 68
10 65
104 121
134 6
20 77
116 104
50 73
54 100
131 24
6 55
124 30
28 41
69 95
21 54
21 98
24 64
118 31
9 88
119 62
121 29
60 107
134 139
61 103
88 131
94 116
20 124
108 130
101 103
51 119
139 100
18 94
72 118
124 88
100 130
41 89
16 87
3 92
7 28
11 64
91 119
115 34
136 44
120 50
109 117
129 28
5 35
129 87
98 139
78 114
28 38
25 54
24 91
108 111
53 77
40 103
125 109
81 89
4 62
132 89
130 71
61 68
119 72
49 124
6 25
139 42
29 88
41 59
43 56
21 28
67 124
44 108
28 121
80 94
50 137
13 114
129 38
57 128
8 63
76 99
30 58
60 80
16 37
125 32
50 119
18 120
120 40
37 43
124 97
75 122
6 92
119 135
27 72
8 18
130 137
61 125
16 61
45 80
31 52
0 28
74 95
32 96
6 33
3 135
67 108
74 130
3 47
50 118
53 139
37 121
115 2
44 53
58 97
14 38
62 129
128 53
139 68
134 120
135 45
90 136
8 37
38 131
117 98
25 103
78 83
27 136
1 53
87 133
137 8
5 76
4 38
20 98
85 109
115 110
116 20
130 16
56 118
11 77
78 100
43 46
42 63
128 106
13 85
27 126
49 133
135 99
51 75
86 89
131 71
139 12
65 109
135 33
71 89
118 92
93 126
0 35
44 71
30 135
95 97
54 116
138 15
137 101
126 83
11 50
0 82
137 108
5 6
117 54
37 133
138 39
135 100
135 84
136 117
39 103
28 40
97 128
19 130
53 62
38 44
80 105
135 114
89 134
8 87
137 42
9 16
16 26
26 27
16 46
18 123
17 50
14 15
88 113
132 24
19 98
138 97
115 82
123 44
67 126
65 121
119 66
102 104
136 16
57 63
64 102
13 57
38 59
69 74
58 126
42 87
32 79
92 119
34 82
93 118
123 128
3 87
122 129
18 136
120 130
31 49
77 112
7 132
6 91
128 79
124 0
10 43
15 108
25 86
130 98
34 102
47 81
21 32
71 96
46 132
75 90
48 84
134 5
117 8
85 126
129 138
20 102
135 24
27 113
135 58
125 114
135 105
120 71
5 44
42 115
136 79
16 38
20 119
131 76
7 42
127 61
134 35
37 126
3 120
27 77
121 11
121 12
12 15
28 99
127 77
38 104
130 34
60 129
21 52
131 21
119 79
71 113
123 33
119 133
64 117
133 84
35 120
15 43
23 96
31 116
132 6
118 91
6 76
118 43
128 20
54 57
128 38
84 88
30 134
15 100
121 41
66 107
4 41
12 69
26 33
136 70
52 92
13 109
20 86
126 25
69 130
102 115
139 92
65 68
131 32
8 126
121 105
90 114
42 71
11 105
1 95
30 99
72 91
1 12
92 101
33 77
128 80
5 28
80 86
8 56
16 72
16 25
9 64
64 73
131 106
39 133
37 44
70 86
10 114
12 130
30 39
121 108
78 123
3 115
118 52
70 120
46 69
126 125
18 118
121 113
72 126
62 124
45 83
120 100
116 64
2 55
29 31
51 57
136 81
40 100
137 95
49 96
76 135
22 109
31 93
38 78
117 80
116 128
49 58
20 109
28 82
26 111
45 48
11 87
34 45
44 86
86 102
73 125
29 89
118 73
124 25
129 97
69 105
39 139
40 64
37 137
73 77
1 85
115 135
19 92
36 71
136 3
52 94
12 59
129 20
129 63
13 102
18 61
43 139
121 42
25 38
79 106
121 13
129 118
52 69
118 47
139 4
17 32
9 92
116 61
132 101
69 94
83 93
20 69
24 119
103 127
7 59
56 94
70 114
62 67
38 76
14 116
1 121
62 114
82 90
127 66
40 51
12 70
115 69
22 64
137 7
15 47
63 109
4 6
39 61
114 115
122 138
7 11
97 125
56 111
92 93
121 4
126 64
43 61
32 45
84 137
22 29
27 81
115 88
23 87
83 113
