72 243
91 246
109 280
41 105
46 240
103 173
153 214
42 222
94 124
47 138
80 279
51 242
61 276
211 274
14 276
101 118
26 72
10 110
49 88
7 90
22 131
129 251
28 288
266 279
99 181
13 181
153 215
152 215
46 138
240 242
41 107
291 47
53 261
122 130
21 73
178 189
297 32
28 230
79 110
126 257
46 59
18 209
153 171
34 151
129 267
127 190
224 264
9 22
93 225
122 293
214 241
139 216
66 103
27 50
141 224
142 151
278 280
68 83
77 112
181 214
93 136
123 178
57 292
18 259
208 215
105 220
122 269
127 182
175 252
253 291
41 286
181 199
54 66
6 210
299 48
79 112
290 220
38 169
133 279
172 180
53 136
36 140
190 271
15 286
156 225
122 167
36 181
40 78
3 280
121 128
125 138
92 209
78 242
214 222
193 280
174 252
61 198
84 236
89 151
96 249
115 138
53 293
96 150
9 207
80 281
67 99
261 295
21 204
19 265
7 92
28 155
33 257
31 133
79 224
58 266
153 231
132 233
42 78
235 244
71 260
152 213
93 120
142 206
252 261
151 177
60 282
41 223
49 135
292 133
279 296
290 247
53 207
7 50
12 109
117 270
88 213
68 232
178 272
175 214
11 256
237 250
1 113
153 275
238 283
62 290
5 214
94 293
125 143
82 209
193 260
100 225
97 118
63 212
86 239
225 264
227 253
209 229
40 120
70 208
3 100
143 239
290 34
193 247
223 274
34 157
19 210
7 129
27 268
110 128
72 75
293 19
66 219
114 212
290 33
222 270
67 115
173 182
99 162
119 177
68 279
88 273
11 260
221 276
115 221
22 163
27 115
262 292
9 196
5 209
72 142
34 99
19 193
18 135
67 177
99 187
225 235
267 268
236 275
65 218
294 238
151 238
58 191
70 199
71 244
298 195
30 112
39 181
227 270
288 298
87 90
8 235
71 134
82 180
13 92
67 274
59 129
19 156
114 292
15 106
143 273
101 133
107 145
170 260
132 244
178 216
18 196
95 148
51 264
121 151
220 257
84 89
6 142
19 105
1 21
52 280
243 280
87 271
48 122
104 231
39 199
92 254
245 283
195 237
294 45
297 220
59 297
42 260
94 285
210 258
293 199
208 232
14 169
33 203
217 264
183 196
94 242
97 215
107 197
69 292
154 169
14 157
11 251
77 246
123 271
24 44
131 297
0 120
131 219
296 75
95 180
221 274
180 265
61 176
139 175
25 269
218 297
91 298
164 290
0 295
167 264
12 78
112 125
207 270
58 196
13 127
33 225
67 291
228 262
74 221
39 140
83 254
131 182
206 299
25 207
19 219
20 141
112 202
160 192
61 85
211 212
96 171
36 63
6 136
58 213
134 176
35 271
33 153
90 108
36 211
285 289
101 200
26 268
5 262
60 241
214 274
151 262
298 246
292 56
191 256
119 217
50 59
177 285
173 295
112 237
14 99
49 265
10 160
141 230
292 68
22 281
42 168
191 270
59 76
25 248
32 140
54 216
21 96
57 217
48 156
72 169
162 199
20 91
66 69
48 144
43 262
2 205
296 226
7 210
34 112
76 256
233 254
143 266
17 65
95 104
18 54
92 250
181 291
162 211
72 90
131 164
139 192
71 201
239 243
64 227
104 145
82 244
83 87
16 62
35 77
51 287
175 197
70 213
22 264
215 248
169 213
240 283
12 260
37 115
185 236
9 297
262 271
58 282
9 244
99 135
107 168
16 261
260 274
134 192
1 77
220 242
57 155
297 123
80 95
12 114
126 200
90 251
43 229
260 279
99 218
40 104
52 99
7 57
199 232
222 282
122 192
126 289
188 208
43 198
41 200
52 130
119 292
198 200
157 286
291 19
20 66
30 293
110 221
133 202
212 246
4 284
41 210
58 93
54 231
90 234
56 206
97 139
1 264
34 296
299 75
164 211
29 283
58 176
20 118
251 278
58 125
299 51
116 165
112 197
65 261
167 270
89 244
105 207
188 272
166 179
19 107
105 281
14 83
77 111
80 138
81 86
93 149
25 184
26 97
92 156
297 34
95 139
107 262
197 261
105 208
51 153
64 295
0 159
206 273
171 299
260 265
139 248
8 140
6 154
195 266
74 246
142 209
52 69
4 47
7 149
43 114
65 81
86 290
51 138
108 155
77 141
290 6
145 239
5 15
18 106
269 298
54 254
27 28
78 124
26 123
34 225
88 117
68 209
5 112
79 256
60 140
136 162
291 46
297 277
62 222
133 263
78 223
20 116
56 137
113 249
291 262
206 220
6 30
34 237
148 204
58 113
49 211
43 125
206 260
30 228
298 25
85 137
125 247
69 273
72 175
57 168
215 234
0 143
98 116
105 106
292 225
73 270
166 266
17 95
55 187
299 30
135 197
51 268
169 255
10 285
37 99
278 289
124 269
290 17
109 141
14 226
70 112
95 173
10 179
14 182
297 159
111 143
12 101
26 184
141 155
222 275
106 145
189 212
94 130
158 297
95 142
111 273
34 235
19 235
16 108
93 104
92 279
142 177
7 133
111 122
131 157
226 243
40 246
32 229
157 186
179 294
186 213
62 173
31 290
115 292
140 260
97 159
199 218
48 129
40 183
154 182
55 175
30 40
37 236
161 216
116 180
128 175
52 111
52 78
35 100
292 11
18 190
294 39
60 145
296 167
227 277
23 40
76 194
110 229
11 242
191 212
221 231
174 273
153 238
73 244
17 249
294 280
164 223
9 72
139 268
68 75
59 63
130 238
66 85
108 164
299 259
0 9
79 265
99 250
199 236
93 177
82 234
15 282
107 134
50 175
164 201
42 202
53 172
120 206
79 123
225 263
186 286
172 203
3 60
173 284
123 125
110 131
54 239
248 254
166 213
35 248
82 149
31 252
66 129
162 191
35 168
198 259
61 277
206 232
1 26
17 31
186 206
253 295
65 102
41 284
185 224
82 179
43 203
293 34
294 12
74 172
31 69
295 6
91 176
157 213
179 185
267 288
45 198
22 225
71 273
162 181
35 62
34 229
128 142
102 286
103 163
154 173
34 275
153 182
69 295
228 258
148 190
139 287
43 199
294 173
99 211
6 122
166 208
43 160
192 245
154 159
41 86
124 168
138 276
205 252
85 124
51 80
167 199
296 1
177 260
169 234
136 259
213 231
71 224
17 288
9 57
100 138
75 288
298 258
102 261
56 93
64 231
132 216
104 184
115 260
122 184
56 199
233 242
61 164
146 199
105 202
52 182
48 267
132 221
56 197
90 298
291 153
245 297
73 160
69 88
36 257
163 239
64 248
88 214
155 175
189 237
191 271
110 231
78 153
202 291
197 269
78 127
12 28
16 88
5 12
143 195
73 106
291 254
155 195
22 184
74 135
61 148
299 113
106 207
139 199
83 97
144 227
182 232
28 111
10 142
76 108
35 105
81 138
15 256
91 136
15 122
14 257
295 298
127 223
180 292
96 261
87 293
52 132
58 240
54 106
197 235
9 238
227 291
297 171
83 276
6 199
242 249
127 134
276 277
76 199
169 236
298 75
134 166
126 149
205 278
103 153
84 136
294 269
296 183
134 270
101 242
7 255
283 293
44 127
2 159
6 189
27 208
98 189
137 261
9 217
61 279
152 252
297 148
127 203
42 188
220 249
208 226
231 297
3 292
198 289
20 176
291 151
61 210
183 205
290 93
44 278
37 285
73 153
78 196
73 136
22 188
105 163
297 78
44 269
103 118
147 254
182 231
45 96
124 187
69 242
296 63
33 265
20 104
0 78
134 162
128 218
294 261
169 247
59 126
199 205
44 55
76 201
170 253
169 176
14 56
194 204
256 280
290 222
76 251
214 251
129 289
105 236
292 215
236 283
51 192
38 127
117 281
224 292
190 248
47 139
90 179
148 229
32 283
13 119
73 183
126 155
136 186
25 150
150 227
213 216
160 204
56 176
191 293
130 284
290 234
63 210
213 247
75 247
12 267
40 75
55 177
86 180
166 202
58 199
22 284
37 92
52 202
77 165
20 79
34 74
109 292
156 281
2 3
133 268
93 127
39 296
53 270
144 261
97 294
22 237
8 215
231 293
13 269
239 292
234 288
242 274
192 281
21 55
24 112
8 236
294 28
196 285
219 239
217 270
238 266
93 103
71 155
33 156
108 129
57 218
135 144
38 75
90 247
10 50
94 209
57 190
137 240
43 122
41 264
53 149
104 180
113 270
33 62
151 272
163 166
101 210
117 149
34 185
141 204
255 289
0 19
297 275
95 261
78 210
20 114
110 276
292 120
140 197
4 216
40 44
8 86
86 273
295 195
201 249
120 282
290 258
76 147
1 185
141 205
240 266
166 251
135 164
92 245
60 95
58 129
11 84
299 104
15 223
144 160
111 181
14 110
24 258
241 284
296 235
15 161
161 248
94 274
12 220
20 78
23 150
203 218
10 194
97 279
298 212
17 46
228 280
78 115
77 106
17 23
34 163
45 82
23 136
41 123
181 275
89 119
117 193
142 222
76 289
4 27
49 108
136 275
38 212
45 269
292 274
36 200
65 103
216 217
174 213
167 202
197 288
61 152
76 123
295 122
54 129
69 143
10 139
85 208
44 255
46 227
32 263
187 233
296 197
60 247
34 241
290 87
145 160
115 195
18 243
3 29
32 212
203 236
9 134
193 266
57 80
110 260
81 185
14 229
134 281
57 77
291 245
26 289
162 178
94 178
165 225
210 293
113 277
216 248
293 207
116 159
36 81
129 255
70 265
132 193
142 289
296 224
295 4
41 153
195 256
296 9
69 168
128 260
128 253
20 123
54 174
89 108
7 249
16 195
83 262
294 160
3 123
293 25
295 73
2 267
203 276
100 289
174 210
20 206
27 55
119 128
76 275
43 140
6 277
52 105
33 150
247 280
90 178
33 110
108 136
21 56
295 212
49 125
29 221
216 261
28 88
291 243
205 247
27 217
187 280
62 75
201 233
64 150
31 109
72 160
72 197
210 245
181 249
34 261
39 47
110 157
127 230
63 235
129 181
133 220
94 214
51 68
39 194
73 112
292 70
42 277
42 192
12 233
207 244
186 260
36 88
50 66
107 260
72 279
35 44
20 169
37 255
120 256
121 264
63 116
150 244
40 88
41 185
210 236
292 81
296 238
2 193
11 95
229 262
38 108
54 93
263 287
95 291
169 228
73 142
298 98
24 217
44 222
117 207
98 152
0 105
6 32
199 256
170 182
54 217
128 164
238 289
57 287
120 238
134 286
274 284
69 211
275 286
50 263
215 223
47 233
213 275
292 145
44 240
110 120
72 234
149 296
299 96
111 160
148 155
200 276
11 88
246 285
21 244
76 98
115 142
97 186
132 282
291 13
8 95
208 209
195 214
98 127
90 256
35 289
78 280
126 273
153 255
296 128
166 236
93 223
13 129
67 77
222 252
49 202
167 287
91 211
6 246
5 61
291 114
175 194
217 292
22 30
83 98
213 263
177 210
102 278
204 223
28 292
33 142
148 231
223 233
32 214
197 254
177 226
37 229
15 170
108 286
132 168
74 147
70 247
30 189
68 215
34 211
192 231
258 299
218 281
34 204
76 227
286 295
292 196
151 173
185 266
28 90
110 273
21 88
8 165
146 160
3 111
298 131
91 150
297 258
120 271
270 286
268 269
145 279
155 197
244 284
257 282
52 173
25 217
121 184
31 140
137 183
287 292
13 206
86 150
5 55
164 293
62 284
50 54
102 292
185 188
290 249
93 294
118 217
156 274
295 178
26 127
93 234
109 201
68 225
25 104
106 129
120 243
27 137
282 293
81 126
218 226
97 282
91 235
63 144
140 254
172 218
180 188
35 286
29 165
124 273
50 107
147 203
46 71
3 195
69 217
23 49
75 156
36 210
148 248
290 18
150 270
36 193
203 280
294 100
131 163
37 194
62 298
299 31
297 228
209 245
24 274
201 289
76 171
184 264
60 151
92 98
291 266
17 135
29 82
103 183
9 159
61 165
64 66
39 92
121 179
184 199
68 163
96 206
38 51
70 183
11 249
52 209
290 117
56 132
113 178
26 197
9 210
71 92
217 218
113 164
57 213
65 269
152 216
78 108
24 96
136 248
213 228
294 90
299 270
40 62
107 268
56 184
13 57
221 281
92 196
185 189
43 54
14 236
297 75
290 85
39 228
24 115
62 272
50 223
149 290
34 187
134 251
75 195
47 83
174 256
252 262
75 173
24 259
4 238
77 250
299 92
168 215
171 212
1 151
42 65
292 198
98 280
85 241
145 170
181 285
14 244
63 224
11 272
10 115
126 203
292 241
4 9
104 274
40 106
157 262
138 268
26 207
28 101
56 183
255 294
2 14
111 209
30 106
171 214
230 294
10 101
155 241
50 259
79 107
293 11
8 87
89 259
139 258
10 240
113 227
131 284
80 141
60 233
126 192
126 282
193 276
275 291
188 224
75 81
137 172
121 208
91 258
121 203
124 139
204 217
5 225
37 211
166 270
295 93
53 264
36 277
18 262
60 64
115 119
86 156
42 214
1 111
112 203
110 123
296 153
19 204
75 125
235 237
138 192
1 139
9 116
90 273
98 141
78 156
36 202
62 199
159 195
33 263
51 247
299 7
141 169
297 210
11 175
9 94
134 228
58 85
189 207
8 34
148 170
18 87
182 186
55 162
134 188
156 208
132 192
181 281
90 127
91 259
143 250
205 273
65 137
34 274
96 137
77 217
83 288
171 176
115 268
34 40
20 139
21 198
81 154
202 228
170 229
37 120
232 236
73 190
181 263
196 219
128 293
135 268
203 288
114 173
252 285
173 222
68 190
292 116
77 233
200 212
203 234
77 108
59 145
67 197
4 19
59 151
186 261
165 195
26 119
10 133
258 284
131 177
63 201
142 169
24 173
1 8
55 181
5 265
14 289
7 236
53 273
72 201
136 285
126 160
63 166
65 118
48 53
27 40
76 260
21 124
43 274
74 252
229 263
86 206
128 278
229 275
37 105
100 183
4 25
244 255
143 162
246 260
113 172
37 81
191 225
260 289
212 279
10 119
40 158
201 210
290 199
64 134
166 206
172 289
246 287
55 192
180 283
296 136
171 273
37 288
183 233
175 182
161 249
7 183
117 236
145 209
160 203
211 254
49 256
33 129
19 170
293 26
131 191
14 102
32 111
141 180
0 170
8 289
243 270
85 228
114 123
83 214
231 287
108 120
145 219
6 62
53 265
30 86
173 204
160 164
213 225
166 249
4 199
25 38
137 292
47 49
145 208
5 210
143 270
16 216
113 196
9 291
1 269
125 145
143 154
7 45
150 165
91 192
61 108
183 249
121 178
180 241
98 215
165 200
51 60
36 230
20 68
53 116
132 197
154 184
9 48
114 232
290 64
29 155
134 289
200 209
93 246
297 204
121 174
33 217
98 240
4 35
133 135
124 223
128 243
134 275
77 285
38 251
174 296
11 255
295 214
8 168
140 246
97 185
31 281
190 260
246 256
116 158
107 113
251 262
181 225
36 126
9 131
238 287
26 36
19 173
18 218
46 49
118 227
60 158
6 159
32 87
213 284
38 115
296 111
90 166
88 188
212 277
18 39
25 254
61 196
27 258
5 157
186 255
170 197
243 299
221 225
140 240
31 150
154 289
91 273
10 78
97 259
102 255
96 275
291 244
296 219
160 189
111 168
15 205
97 213
153 232
32 216
225 296
198 276
78 264
52 164
107 233
266 269
136 195
218 222
10 197
35 206
118 251
105 269
15 94
37 182
114 209
65 227
34 37
148 149
172 217
196 274
92 175
75 207
116 124
77 220
193 273
3 174
118 141
13 90
95 128
60 272
33 158
93 284
297 65
152 218
87 258
12 88
256 267
23 109
81 243
30 287
185 211
223 288
149 179
64 195
12 83
25 177
30 224
97 229
103 114
121 171
75 139
11 198
79 129
203 260
166 198
101 297
106 260
2 252
265 288
63 127
42 237
24 49
17 50
81 251
106 141
87 185
70 299
155 203
292 257
28 251
290 137
117 153
38 231
13 76
61 120
15 20
87 188
156 236
89 93
36 43
3 102
241 285
69 113
38 40
165 183
165 187
135 187
268 287
120 143
156 224
43 84
94 155
56 279
203 296
165 272
4 236
239 284
107 219
270 289
32 46
84 267
157 190
179 224
193 258
34 145
49 189
243 249
40 142
207 218
214 239
10 198
18 277
19 181
55 152
114 284
13 48
133 138
15 137
249 272
32 64
109 260
27 236
1 294
297 128
157 273
70 83
28 143
64 103
109 158
231 257
37 70
99 255
107 125
146 163
185 235
27 68
185 215
237 253
145 260
298 259
28 130
77 96
114 118
5 41
117 126
295 287
30 247
84 113
292 263
68 206
185 213
85 230
169 262
2 81
1 120
2 102
285 299
98 120
248 275
16 231
56 256
2 25
92 118
69 146
99 295
102 186
82 92
24 157
42 107
297 44
112 123
158 255
107 144
128 292
44 111
169 218
116 289
52 180
262 287
168 238
94 255
33 214
172 252
203 227
122 147
42 240
53 115
10 228
261 284
35 84
125 197
253 287
41 216
145 285
13 36
76 213
54 119
174 283
99 148
23 214
5 82
205 250
31 83
132 215
55 158
119 141
141 289
136 182
61 102
89 104
219 282
15 199
121 217
63 118
52 73
73 237
249 251
9 202
56 57
142 146
297 73
160 281
78 243
156 212
42 223
143 234
157 259
28 276
47 154
63 254
77 99
25 283
294 264
203 238
54 273
298 126
25 105
38 55
293 255
10 31
111 136
29 281
95 277
5 7
7 111
192 279
11 73
188 200
0 164
16 116
8 49
75 260
28 167
177 268
10 99
27 222
6 298
66 154
191 265
297 168
27 158
34 299
184 228
68 252
230 286
99 168
57 120
199 266
293 37
102 239
198 205
13 209
101 292
16 207
116 294
17 276
125 244
102 173
186 228
15 284
85 175
12 87
12 117
65 186
37 275
28 106
93 107
27 214
245 299
1 152
150 288
242 272
296 108
5 42
148 162
236 280
18 222
30 246
125 169
43 88
193 208
236 277
51 149
23 189
196 254
8 127
16 169
121 236
30 214
45 84
290 233
176 270
3 265
180 237
21 48
201 250
59 215
174 227
53 100
73 93
51 102
60 239
295 183
148 295
185 196
68 158
187 288
195 255
88 267
178 263
89 223
6 243
168 228
90 206
148 273
56 92
228 244
87 142
29 233
116 220
197 263
127 168
56 278
110 257
18 176
180 293
204 220
89 160
294 43
208 297
37 165
20 266
7 137
24 38
293 36
241 270
54 267
204 228
5 159
4 167
230 298
71 91
293 89
102 108
28 191
182 217
140 279
57 137
20 67
3 288
296 52
33 138
235 242
112 288
184 254
130 242
20 113
17 267
98 170
48 50
163 256
118 179
140 287
22 106
16 91
38 99
156 178
139 295
24 145
90 282
183 234
3 224
122 209
50 145
3 245
85 98
293 253
30 114
8 16
4 208
249 292
49 280
149 234
271 294
33 35
165 170
4 54
8 89
106 211
18 99
62 76
127 197
50 171
100 224
23 129
27 255
138 286
9 183
50 105
136 272
67 175
24 84
44 159
293 119
12 142
165 205
44 101
111 220
58 84
151 210
17 90
113 297
230 299
66 295
290 229
60 220
214 234
17 237
116 132
294 252
91 248
123 160
154 216
5 121
116 155
54 268
108 158
131 216
117 186
69 141
125 160
125 280
182 216
83 184
90 245
293 183
4 265
58 175
27 183
106 245
24 103
124 183
169 185
7 250
280 297
75 238
184 212
47 285
111 186
205 267
18 50
108 279
126 274
36 138
55 252
55 274
42 115
45 266
220 243
247 271
248 256
30 261
6 263
292 74
218 250
4 95
243 297
41 178
21 296
99 253
43 283
1 18
0 84
4 299
91 181
31 223
21 121
100 262
41 47
47 128
64 78
105 176
91 285
95 206
75 137
72 295
229 294
297 76
22 187
103 262
163 204
51 215
60 250
274 295
37 55
125 265
191 192
153 217
42 218
198 249
2 213
63 199
94 257
80 289
293 244
129 241
4 217
26 299
208 282
25 180
143 221
131 262
23 218
148 178
31 164
79 158
299 239
21 214
82 173
209 230
62 104
47 174
90 184
79 125
117 174
214 238
175 224
66 122
169 184
52 96
295 109
26 214
76 204
2 210
34 156
5 74
7 64
68 253
108 260
221 268
166 283
186 287
155 232
294 105
193 241
157 239
127 232
182 230
137 152
122 252
296 120
44 238
32 39
0 137
24 240
295 262
290 251
103 180
21 203
108 211
134 216
60 262
35 282
140 162
2 63
175 276
67 111
77 243
215 219
198 239
111 243
116 125
196 281
99 180
8 25
88 278
66 230
194 223
218 298
64 241
40 68
296 103
154 298
101 178
158 230
56 202
139 157
36 219
47 135
5 10
98 210
188 289
125 212
176 248
199 271
187 279
36 45
84 187
69 93
91 244
51 179
121 164
228 298
32 215
132 223
132 158
163 207
20 177
5 124
9 78
237 244
22 230
22 248
67 295
113 207
63 98
174 275
67 140
164 287
69 140
114 125
211 291
221 250
174 234
30 47
132 185
266 273
7 203
289 295
37 85
28 185
180 207
1 274
105 277
92 259
76 228
214 225
20 162
212 242
41 61
87 102
26 185
38 172
176 206
52 220
49 207
248 288
179 266
124 250
87 128
6 284
2 235
23 197
138 253
33 206
156 200
45 264
101 154
38 157
294 149
297 97
167 285
68 120
95 114
74 141
121 269
66 215
40 49
71 251
234 289
76 175
147 261
178 282
74 226
140 214
114 167
116 168
294 5
181 193
30 264
83 267
161 184
295 218
2 264
118 209
177 247
53 70
183 291
22 83
94 228
148 205
164 291
51 174
77 126
137 149
29 187
229 280
178 245
4 179
82 154
122 180
167 278
162 230
95 189
19 134
60 176
149 211
294 263
88 106
84 152
11 119
25 56
66 148
204 256
198 215
173 200
94 170
129 248
78 232
168 278
297 281
58 81
1 281
19 205
41 92
295 8
140 157
21 34
83 115
53 75
87 140
73 267
280 298
152 254
44 109
252 277
93 265
58 63
12 29
50 138
130 140
54 61
222 257
292 103
297 120
71 190
22 295
124 271
57 70
12 238
29 280
206 223
30 274
96 112
26 249
13 37
117 120
105 197
299 143
216 232
172 211
88 245
149 224
134 143
14 120
44 282
94 201
15 268
65 275
66 162
140 273
101 103
34 292
208 227
16 105
109 242
97 127
89 236
22 198
293 93
78 251
99 288
151 217
68 164
25 240
158 193
150 199
37 146
11 247
129 208
142 211
60 205
69 132
202 258
160 275
11 254
16 229
293 115
159 181
204 285
38 67
14 287
148 211
30 87
40 225
73 232
76 223
8 116
171 203
182 244
22 39
74 198
27 194
125 131
160 217
46 73
44 197
76 128
31 243
158 207
45 274
131 160
105 226
174 177
22 60
29 176
194 245
227 273
195 280
155 248
107 278
114 137
294 197
32 177
8 285
92 95
191 288
59 285
164 232
36 281
71 161
257 299
93 155
17 145
212 232
68 89
14 18
187 209
150 217
62 166
13 148
184 273
22 137
197 237
44 258
19 288
55 259
190 279
147 196
111 125
293 162
34 201
68 111
55 140
82 245
34 188
180 186
126 127
41 118
88 265
114 287
154 211
39 247
157 203
129 200
227 286
46 217
292 26
204 259
106 130
44 67
169 258
106 172
51 171
166 273
12 92
165 286
207 239
22 189
108 144
80 261
30 92
60 223
176 183
72 153
149 255
31 203
102 167
38 273
160 193
30 216
42 250
23 288
46 97
55 184
297 261
294 91
14 151
9 37
74 76
299 14
23 157
23 168
226 271
142 254
80 276
123 269
125 297
146 183
198 203
107 199
236 290
65 223
74 118
173 191
265 292
28 179
143 290
13 228
207 243
161 197
169 254
6 70
98 216
233 251
62 200
64 146
215 276
152 234
57 121
151 239
68 235
23 58
156 174
45 277
26 222
102 270
118 136
253 259
161 259
224 286
297 129
123 277
36 86
32 102
33 253
198 290
294 115
2 91
94 256
109 250
78 149
66 250
182 275
85 108
181 218
54 67
224 289
78 222
16 215
166 247
202 215
17 254
35 86
136 279
107 242
71 226
152 204
94 195
17 47
65 253
99 155
38 241
126 247
99 261
142 200
4 251
56 255
133 155
170 247
298 72
38 180
40 53
31 117
3 196
162 274
4 290
25 34
190 221
165 238
207 298
85 271
175 297
241 283
130 166
136 268
104 273
11 21
144 247
40 132
126 237
79 185
293 43
44 166
58 130
36 173
64 79
292 134
232 289
37 122
88 271
23 226
38 113
86 247
205 254
72 268
234 287
2 177
1 13
35 229
28 299
10 186
7 79
11 54
103 152
131 152
118 148
101 214
60 260
70 224
231 289
297 2
88 277
47 92
95 152
2 298
177 287
0 158
31 136
172 227
107 229
0 12
59 189
26 291
54 147
210 289
89 197
185 233
77 186
31 107
113 293
52 261
16 71
22 223
98 279
45 71
66 100
108 295
17 199
48 117
229 278
298 17
75 250
57 185
100 141
130 227
218 268
60 75
94 262
136 164
63 231
83 155
74 242
54 150
119 172
23 46
34 281
1 19
233 239
127 219
90 291
298 10
273 280
92 284
97 240
60 93
205 295
44 85
8 164
124 169
202 275
176 195
38 224
47 89
94 145
48 115
136 251
296 31
137 159
95 242
140 198
91 216
104 105
162 282
200 273
101 116
15 104
90 290
175 186
107 246
251 297
294 98
68 202
117 148
18 205
275 277
115 214
12 143
54 111
130 211
262 263
149 281
137 284
117 191
28 152
146 209
63 202
13 197
152 251
22 209
132 278
42 217
88 281
8 123
78 106
46 252
218 221
86 164
142 156
223 228
26 236
79 259
119 269
127 254
259 270
143 222
56 139
3 194
14 89
109 123
117 274
72 270
6 194
157 217
125 281
3 218
224 266
44 236
44 134
113 163
70 262
134 247
74 213
56 271
71 154
87 119
267 274
52 286
203 224
292 220
40 116
137 253
12 192
298 270
108 159
35 124
16 104
4 33
25 94
256 262
6 259
94 251
66 233
164 171
112 201
104 188
253 280
85 181
208 231
47 185
205 279
48 190
36 158
81 111
10 79
133 179
291 166
64 193
257 289
163 283
105 174
63 265
89 229
198 256
295 220
254 272
193 224
71 254
30 110
208 249
123 185
201 252
137 257
11 176
63 277
79 194
293 161
35 179
36 274
160 270
89 141
174 292
12 211
200 226
232 240
200 208
58 230
61 283
200 284
132 255
129 261
133 156
151 181
34 172
295 14
7 43
253 261
94 150
123 174
171 228
296 248
290 201
35 276
70 150
244 263
36 167
130 151
12 222
112 147
187 227
293 33
254 299
18 83
108 140
28 66
180 298
58 141
218 287
33 241
116 242
12 245
276 288
109 233
150 182
32 107
149 151
64 205
71 228
227 269
271 290
69 233
41 241
3 38
47 237
135 264
35 120
292 130
44 191
9 70
183 260
102 199
53 168
31 283
159 224
24 165
63 251
13 112
242 282
267 276
71 280
74 264
174 182
134 296
220 271
197 209
175 204
23 68
137 157
110 114
236 257
18 236
5 161
6 221
97 255
114 245
85 297
298 14
232 261
62 141
80 91
83 257
81 168
160 231
260 271
39 258
158 233
226 231
18 177
55 106
147 148
53 141
104 160
139 291
136 209
250 264
119 137
46 245
123 266
296 233
193 282
294 61
133 230
129 191
132 140
12 292
27 98
35 76
248 285
130 230
59 103
64 144
180 194
159 284
18 130
6 195
79 174
205 272
127 286
135 274
19 87
164 221
104 269
155 229
294 152
242 263
2 260
34 46
57 141
12 167
39 297
140 250
193 213
130 194
45 191
179 214
76 200
26 88
150 222
131 244
130 228
105 199
177 186
162 195
156 278
297 255
167 282
56 88
36 57
164 168
37 142
38 271
37 242
296 138
113 259
79 108
120 183
14 97
216 295
50 106
32 84
276 279
60 297
33 151
187 238
27 113
208 248
93 166
202 211
144 249
283 285
52 123
23 133
26 116
89 164
33 137
94 205
53 225
212 240
67 121
106 249
88 129
36 273
28 58
140 259
294 157
57 278
14 296
238 262
97 285
223 275
84 179
6 53
82 161
63 247
44 153
126 288
124 231
31 273
132 247
290 173
162 271
193 194
150 179
26 135
179 198
118 271
128 270
223 260
134 249
73 198
2 62
64 81
295 189
9 95
77 172
211 220
20 221
18 140
31 279
266 288
35 116
16 222
3 159
96 160
142 188
291 96
39 115
93 187
58 120
126 281
107 271
17 169
39 189
213 298
188 271
159 180
76 282
116 241
51 276
243 257
71 124
19 257
39 268
32 82
11 238
7 23
295 110
292 275
28 55
2 34
87 132
227 230
151 251
25 242
273 298
2 21
36 108
108 110
243 244
136 151
291 128
133 236
81 213
299 109
107 181
202 225
97 135
173 246
296 46
66 101
127 272
48 104
298 39
98 283
99 132
57 143
57 153
11 178
274 287
171 275
124 233
84 200
293 257
87 215
199 231
73 84
53 213
292 216
174 265
3 150
292 268
119 252
108 131
85 265
70 142
47 87
18 109
109 238
279 289
155 184
5 20
129 274
31 80
10 294
24 50
251 270
4 5
169 193
32 232
95 203
154 247
296 151
78 88
35 266
46 140
182 234
138 264
78 163
45 240
109 258
296 2
120 196
214 226
25 57
55 206
215 274
151 264
93 148
20 247
144 271
112 170
121 163
56 187
28 283
157 176
228 253
266 284
5 85
137 221
45 159
178 243
94 212
81 254
14 47
29 34
79 230
19 117
129 192
118 282
19 144
107 267
49 282
292 127
166 284
206 233
21 146
160 248
69 95
154 230
124 134
121 228
70 188
234 236
68 286
36 186
261 274
141 190
115 296
231 275
207 254
16 136
153 253
177 197
4 102
22 135
170 221
1 7
148 275
151 288
83 163
207 230
298 221
107 166
4 249
88 133
280 290
21 183
31 267
208 261
298 29
5 54
9 76
245 262
124 195
139 170
26 278
20 197
148 153
115 117
185 238
232 272
291 6
39 139
89 265
203 222
292 269
19 172
18 207
298 0
130 241
38 175
104 178
74 107
92 126
175 259
118 291
299 142
71 188
237 259
249 260
102 235
28 98
18 70
64 179
159 233
28 280
17 130
295 131
164 254
216 241
208 219
32 185
9 254
67 247
249 252
48 229
100 118
21 288
77 89
211 217
258 276
10 144
69 103
45 90
47 245
170 218
7 40
104 252
212 268
23 152
290 16
85 150
104 206
28 45
294 14
14 52
0 235
213 288
295 259
37 98
35 49
3 143
151 225
36 284
89 245
163 194
284 292
149 271
6 252
174 271
128 212
75 198
238 246
38 187
95 141
82 231
69 201
118 218
20 297
257 270
16 94
15 168
125 141
124 202
17 87
283 288
33 70
119 246
91 195
184 189
197 276
39 250
17 215
50 262
9 41
43 162
71 242
52 85
160 187
96 235
12 187
266 274
97 181
78 89
173 174
168 255
153 286
205 296
6 278
184 225
25 212
13 110
135 203
45 122
104 115
109 243
98 192
218 276
74 236
192 195
45 100
27 96
176 192
57 297
195 245
10 120
176 240
47 254
208 274
88 124
131 204
40 52
5 208
73 276
18 272
91 147
73 144
26 34
73 193
63 69
161 166
203 269
61 173
101 285
51 160
82 95
138 211
224 241
296 0
63 168
39 237
71 245
184 291
297 285
295 145
103 124
67 107
54 238
108 122
10 87
20 239
295 251
37 54
68 92
154 186
80 139
94 168
35 93
67 246
50 64
200 216
218 249
7 251
83 256
27 246
218 223
146 296
80 287
58 173
98 119
298 226
4 144
18 213
156 170
140 191
109 145
194 286
50 187
62 68
33 94
6 182
105 228
63 148
33 81
12 237
22 215
66 77
63 183
139 228
182 233
115 247
224 262
106 120
74 75
96 131
40 242
197 248
236 272
42 143
7 93
142 197
48 60
68 78
9 86
85 119
120 203
50 130
73 74
68 169
17 289
125 219
50 142
103 281
151 188
3 71
271 287
214 261
297 141
56 189
290 41
56 269
99 236
297 23
114 277
8 282
261 268
169 180
54 59
237 249
3 49
225 275
107 293
29 255
139 159
120 246
110 145
218 236
21 68
0 168
163 280
141 202
187 247
189 288
55 211
5 217
54 114
139 149
85 107
192 235
5 69
99 152
92 264
134 250
155 214
166 199
40 150
168 233
297 134
22 194
210 232
234 245
114 130
85 296
297 51
5 188
53 284
193 205
298 158
161 164
111 119
34 55
298 160
129 220
16 291
75 85
10 27
24 132
299 173
14 22
48 123
32 266
124 257
80 227
217 298
30 129
149 160
4 83
140 212
30 243
224 283
207 250
158 217
62 171
35 99
106 133
295 174
73 205
134 136
80 230
54 253
1 112
24 296
68 159
293 278
241 248
8 33
55 138
139 195
166 253
52 150
68 196
40 111
94 211
62 152
167 273
196 249
238 239
177 296
111 192
6 140
92 108
46 190
86 250
279 286
103 132
10 185
130 250
189 279
96 147
124 175
70 238
292 35
93 176
153 191
197 202
200 228
29 93
138 176
299 209
2 85
41 131
139 273
96 180
74 174
58 73
31 191
13 216
11 177
100 295
291 174
181 208
65 295
16 87
1 164
0 54
47 146
296 218
109 160
137 248
70 74
233 284
112 114
120 176
196 204
86 208
10 92
136 197
71 210
209 268
54 178
2 18
162 228
10 249
48 272
17 20
234 285
291 256
189 285
41 97
220 279
72 256
135 246
236 299
145 169
87 163
249 281
21 285
135 173
56 232
45 121
107 153
24 255
65 266
7 206
296 260
121 281
89 231
295 56
97 254
49 246
240 282
146 194
55 230
20 229
88 260
143 277
132 151
92 207
170 239
70 82
247 293
31 247
28 78
177 288
209 282
176 230
125 218
12 145
217 239
296 171
178 278
88 167
251 277
109 176
175 277
163 259
44 74
113 134
222 244
239 248
74 269
203 298
228 269
15 289
40 121
226 242
64 147
6 225
157 205
80 88
134 282
131 183
176 271
42 66
35 272
166 277
89 289
293 259
118 272
291 242
91 120
15 207
145 207
17 30
103 190
147 268
298 21
146 211
179 260
129 278
104 152
42 71
231 296
13 217
78 276
292 132
61 182
159 251
14 280
31 89
4 66
75 188
95 238
52 222
113 286
104 261
8 96
81 114
1 12
253 257
4 126
95 248
96 208
181 287
51 110
37 135
81 203
153 277
13 30
37 38
290 172
66 95
95 249
13 38
69 78
81 249
171 192
24 39
22 92
171 201
119 290
24 225
2 182
18 295
196 293
40 282
157 173
51 256
52 76
198 282
48 71
47 142
115 184
241 272
125 199
113 153
186 257
20 65
112 204
87 286
133 214
101 128
31 33
244 270
25 261
42 73
121 289
7 47
293 171
73 89
11 157
53 299
135 174
125 261
77 194
247 248
45 143
3 8
232 251
108 160
136 293
76 286
299 201
100 117
134 161
88 270
188 240
27 144
177 208
42 125
153 293
0 213
97 247
172 280
123 232
148 199
25 288
165 228
209 279
17 191
134 268
42 167
62 196
98 212
69 119
183 292
234 256
251 292
69 248
46 164
11 158
105 171
163 164
12 58
211 257
44 252
185 286
292 158
147 205
30 297
104 185
294 62
143 149
124 135
63 221
116 295
291 155
136 223
9 27
190 229
69 244
7 52
41 70
134 205
189 229
26 82
69 257
55 231
95 284
171 199
51 167
78 236
192 264
7 172
299 58
15 129
290 141
163 236
8 252
93 115
125 260
17 129
94 246
8 208
229 243
119 179
235 282
100 190
285 290
25 193
25 172
173 227
163 167
67 285
118 265
3 93
43 164
299 21
161 186
77 152
71 276
243 251
291 104
183 279
115 213
96 119
24 123
34 91
200 213
74 87
11 253
55 244
7 59
208 266
66 207
136 214
182 229
1 109
180 216
39 55
65 181
102 238
292 38
226 254
178 205
196 217
179 273
72 238
18 163
144 291
41 101
2 173
226 255
139 254
247 292
92 246
5 257
11 210
41 297
114 120
294 22
118 292
232 249
30 260
298 225
179 237
75 98
208 258
89 149
95 150
86 103
30 154
65 256
27 86
160 171
10 205
211 249
18 47
144 172
3 250
293 200
31 272
78 168
5 154
99 223
43 214
1 245
292 223
4 189
76 210
63 130
160 224
192 196
50 90
15 238
295 270
207 242
67 126
50 278
159 185
110 269
11 75
119 298
14 214
0 81
135 266
187 213
80 148
145 149
150 169
125 183
205 275
166 200
294 21
80 282
117 198
119 149
62 129
28 257
12 210
110 146
12 249
214 228
117 271
61 192
125 258
208 272
20 210
180 296
31 229
90 243
183 237
149 198
126 170
230 287
12 48
18 162
38 112
30 256
170 298
236 254
141 176
74 284
83 121
130 137
14 197
11 204
28 228
21 277
119 210
34 177
113 170
28 286
64 72
117 284
291 5
136 193
130 216
40 274
0 114
241 277
45 222
44 276
142 207
52 56
36 234
268 288
137 258
69 89
294 23
39 145
299 167
31 112
18 147
294 3
225 273
173 261
71 88
218 265
292 67
299 138
33 52
293 284
107 111
120 223
83 100
16 147
130 142
189 244
51 184
101 140
113 221
4 177
118 122
134 214
117 140
189 284
270 280
295 157
232 255
45 299
29 214
246 289
116 195
290 191
206 240
135 208
107 255
75 212
139 245
75 269
146 203
21 87
47 244
145 274
27 253
4 269
295 246
137 219
133 134
70 202
294 277
32 33
103 260
165 266
164 213
63 172
122 262
5 145
224 275
98 256
162 177
134 252
5 164
127 215
98 258
238 245
71 170
92 132
284 297
20 271
4 266
69 114
89 284
61 114
65 127
76 208
92 135
233 244
86 170
2 150
147 218
2 163
67 179
20 145
183 243
159 266
208 245
25 171
71 109
29 239
0 201
226 281
118 170
77 168
106 235
250 268
117 121
11 269
106 193
113 272
101 107
83 246
288 295
197 277
183 221
58 263
52 125
203 233
264 274
123 192
41 183
194 237
23 65
41 56
164 206
60 134
13 136
20 223
183 212
0 181
19 157
159 227
37 137
58 247
198 284
81 166
72 261
95 214
176 249
133 178
291 125
3 203
3 94
74 81
80 203
169 275
104 139
138 225
100 239
153 271
14 251
84 294
211 214
1 298
61 199
279 297
187 257
141 178
83 92
118 297
31 295
3 233
139 224
1 161
5 297
130 274
171 219
2 33
66 131
257 286
39 271
139 275
150 241
59 173
105 289
5 211
123 134
295 10
142 266
64 273
55 179
18 46
204 279
44 174
99 129
283 292
34 154
70 240
17 160
139 243
240 250
54 152
9 205
34 84
72 192
3 169
169 267
23 156
198 209
5 299
296 215
35 162
151 184
167 277
266 296
2 67
162 242
36 197
30 62
73 287
162 163
9 258
69 186
147 181
17 250
3 7
123 270
36 299
141 219
46 259
108 146
97 242
174 237
115 290
137 191
6 280
140 142
8 205
70 159
57 58
155 245
183 223
22 33
81 157
34 73
296 4
92 199
82 103
189 234
51 155
260 281
25 99
291 272
73 98
91 113
236 289
254 294
59 68
111 257
148 290
155 282
256 273
201 217
27 203
62 210
169 206
173 244
4 225
82 267
294 30
296 284
252 267
136 227
109 221
123 259
114 197
20 135
11 241
140 238
296 101
114 160
187 278
186 245
70 248
13 295
38 252
64 170
135 204
169 261
254 296
209 262
288 296
15 85
131 162
53 182
252 258
41 169
151 180
104 294
160 191
221 236
77 208
101 215
57 124
26 285
32 181
140 146
296 126
98 128
23 83
5 248
16 234
124 145
79 136
38 267
141 184
111 263
82 200
105 206
39 210
102 126
203 211
103 291
7 182
135 279
85 225
255 262
21 231
101 131
58 261
189 286
126 191
99 112
119 275
20 36
92 200
4 100
117 156
290 14
7 83
97 142
13 140
123 228
46 125
110 289
147 155
39 180
123 250
105 114
23 24
217 224
67 193
136 245
75 251
184 211
130 154
89 117
61 293
264 283
9 222
74 209
85 285
42 274
292 52
219 225
258 271
158 232
14 242
186 288
188 209
128 183
59 67
55 202
235 254
33 46
34 122
117 201
137 224
29 213
93 152
291 215
117 167
221 256
117 203
159 237
246 278
21 284
202 209
22 85
89 181
112 272
103 232
4 105
185 261
173 255
177 178
71 156
27 135
105 121
64 138
52 114
26 139
26 223
172 229
291 277
66 98
221 264
11 277
242 258
30 179
41 114
4 182
295 198
292 202
290 92
112 140
160 221
235 236
182 196
100 124
198 213
80 200
220 284
232 286
11 261
5 39
248 261
182 297
8 291
118 270
27 196
17 212
208 230
127 189
60 238
290 238
8 64
40 281
114 237
131 185
8 40
40 55
223 268
121 293
4 43
75 274
23 128
97 103
77 139
124 294
123 141
190 257
111 215
178 186
240 287
60 123
176 214
64 277
16 93
236 247
127 218
206 284
198 263
19 241
239 258
244 257
108 197
217 255
160 267
299 293
207 274
45 254
152 239
64 139
292 230
58 185
143 167
28 186
154 174
57 176
50 287
114 190
132 251
155 288
112 126
1 39
150 286
298 200
162 176
172 260
180 193
11 29
14 69
44 64
103 131
71 149
92 127
129 260
52 172
80 142
80 82
31 37
69 256
33 170
143 220
21 33
100 254
66 141
121 187
156 195
82 108
0 65
49 255
83 230
231 295
190 286
66 279
148 174
77 293
24 214
159 278
170 227
299 84
163 180
193 249
135 182
236 281
162 294
64 283
120 156
77 79
102 130
111 174
242 280
25 194
34 284
94 122
148 151
148 207
299 117
64 229
33 84
23 261
293 18
146 287
37 178
75 120
1 63
252 298
265 279
92 272
165 226
225 242
297 117
27 41
48 202
92 276
57 87
101 280
0 147
257 297
149 177
118 255
135 154
203 283
66 142
142 189
236 292
197 211
59 186
63 129
99 272
23 182
133 216
39 278
58 168
54 233
28 100
178 219
100 159
131 220
217 283
172 259
105 266
40 187
124 270
92 143
72 92
96 231
163 278
166 232
89 224
64 263
188 284
200 224
99 199
175 299
10 36
290 125
236 274
78 291
18 49
114 191
50 236
114 172
236 271
42 101
246 264
265 278
155 174
83 197
123 298
291 121
292 85
255 281
173 206
295 241
49 157
2 169
288 293
122 233
204 277
9 270
262 272
78 217
4 278
78 135
102 254
149 237
195 209
182 209
24 180
139 141
161 265
35 95
12 296
119 201
164 281
158 188
181 232
26 196
197 273
129 214
122 232
74 245
143 164
77 132
109 204
224 254
218 285
27 280
188 267
92 161
25 258
290 264
74 207
108 206
34 48
229 239
12 119
105 279
177 191
97 267
54 293
40 133
3 165
201 232
169 196
89 118
12 244
294 169
179 215
8 195
293 233
297 79
275 298
137 233
23 158
15 162
110 133
167 174
193 198
97 220
8 272
103 201
128 231
74 234
8 15
40 234
51 70
73 200
137 276
23 145
149 170
29 282
140 141
57 114
141 179
138 185
9 105
14 65
70 294
32 235
166 260
21 134
178 211
55 110
216 220
96 129
273 293
156 279
89 193
180 242
201 254
183 299
10 212
135 214
292 97
87 149
19 222
193 217
51 146
49 197
94 298
78 104
43 254
87 186
90 96
121 259
49 220
94 217
120 155
8 30
184 208
127 234
61 280
49 87
1 160
203 285
31 173
186 299
72 178
129 164
151 156
295 44
4 59
19 95
197 257
231 285
8 21
44 47
59 165
80 97
17 115
138 140
54 235
207 217
2 194
109 297
165 207
80 133
293 166
83 241
138 212
140 174
187 297
92 160
131 186
80 183
17 37
18 278
70 151
47 176
158 279
49 283
216 275
90 125
127 227
201 268
112 215
172 198
189 263
58 76
148 254
268 289
100 259
106 152
75 177
21 241
9 284
217 253
155 164
15 41
0 229
138 214
78 151
52 63
0 83
124 260
127 214
19 26
106 283
162 256
72 237
134 276
186 220
106 201
298 65
94 268
111 180
5 254
92 287
284 291
132 259
110 121
114 196
177 284
82 127
28 173
51 204
115 199
199 247
291 33
129 227
107 128
7 273
37 215
153 223
32 53
123 124
172 268
62 116
171 241
8 228
170 177
14 26
211 294
53 297
21 281
174 243
50 197
21 139
96 226
151 211
290 94
292 41
116 187
296 265
47 116
87 296
16 19
60 182
216 274
99 150
7 292
84 107
291 110
10 161
1 96
150 243
141 142
22 129
19 91
138 239
109 279
45 233
20 256
200 214
117 212
154 165
38 243
82 292
83 147
39 243
37 58
291 201
90 168
39 171
68 224
294 148
155 169
0 109
56 74
223 286
1 40
2 124
139 196
57 275
20 175
173 201
1 290
84 287
237 287
85 198
41 182
195 270
125 240
45 50
85 110
8 88
52 157
181 205
23 208
17 22
235 259
3 145
24 234
157 195
129 136
109 230
292 256
19 209
90 199
70 136
30 137
9 161
23 69
130 198
66 80
103 200
63 176
97 153
58 178
97 190
222 292
82 215
182 287
18 188
50 80
139 274
155 225
89 173
221 293
137 291
47 68
21 116
291 179
240 284
230 270
147 275
17 108
52 226
24 86
26 126
34 49
177 257
299 199
130 141
192 288
110 267
19 126
72 127
192 201
62 71
116 266
168 192
18 30
4 79
114 165
34 81
79 286
111 128
35 98
292 250
157 291
108 185
195 263
229 271
127 238
69 258
100 188
66 297
298 45
43 108
124 152
42 205
104 219
118 153
183 288
3 34
298 96
1 108
21 97
182 203
180 294
125 236
291 48
176 187
19 227
81 196
213 280
107 264
125 273
150 200
71 203
54 250
39 277
115 297
104 264
162 179
296 22
106 180
211 237
58 167
60 219
143 183
157 264
141 168
172 219
40 65
185 232
180 226
207 212
72 145
215 255
134 226
77 278
55 299
66 144
55 126
39 158
14 50
1 197
223 287
180 223
200 279
79 81
176 223
60 125
71 184
299 8
101 269
112 295
47 171
79 118
93 197
50 241
133 180
97 176
152 245
10 117
6 101
64 230
108 257
25 281
297 262
297 264
40 172
65 101
179 216
14 224
156 280
212 293
107 196
254 263
296 170
164 288
138 246
85 259
118 253
221 223
43 219
39 251
223 299
290 123
73 273
297 55
3 57
292 61
195 199
35 283
257 274
99 107
201 209
51 282
69 223
185 250
133 210
31 261
159 217
88 149
7 196
65 257
184 240
141 198
107 171
128 239
75 237
26 86
123 224
171 196
169 189
294 202
1 229
59 143
1 217
35 73
69 267
92 157
185 265
35 55
52 237
14 139
252 289
51 180
70 96
272 290
46 244
99 210
137 161
15 84
290 175
259 281
158 209
119 136
157 220
92 228
29 51
138 262
4 184
52 215
61 181
218 231
217 287
14 249
291 237
81 140
90 213
138 191
128 272
75 80
165 237
215 289
284 295
199 259
299 261
118 206
130 205
183 276
143 219
87 254
12 196
50 117
77 298
144 230
203 231
98 184
45 193
213 256
13 254
50 83
189 246
212 297
80 189
117 263
19 47
149 166
294 167
26 267
166 169
171 233
152 167
265 268
93 222
19 258
298 53
203 290
297 235
157 285
55 95
120 250
230 276
77 163
238 285
5 238
22 107
145 287
228 250
109 139
208 252
227 284
72 101
67 283
45 77
25 267
243 253
92 188
92 159
107 261
117 273
95 195
130 209
59 180
14 144
64 217
37 238
130 261
183 191
47 193
72 120
153 262
210 247
23 223
39 205
104 245
65 210
293 98
6 48
3 82
89 235
31 264
104 177
23 172
168 249
61 266
294 6
157 206
142 294
115 143
51 257
291 37
144 272
107 263
115 180
98 269
295 149
77 154
135 145
49 144
141 294
290 250
135 221
35 92
74 129
68 71
297 21
17 61
62 273
101 147
140 267
35 258
93 97
100 272
246 279
94 166
22 206
142 296
135 269
25 144
169 202
131 201
178 291
66 289
151 176
214 231
17 105
214 265
85 262
182 224
49 96
31 84
116 228
28 108
263 277
203 208
119 238
135 228
108 219
90 124
245 252
73 95
260 264
47 271
42 52
22 111
28 198
63 220
11 215
294 228
201 236
215 232
211 256
156 188
116 120
111 286
235 274
14 234
95 229
208 299
174 217
244 264
114 223
4 21
38 260
261 292
297 96
66 114
44 207
120 252
201 286
16 63
8 60
33 109
106 236
40 108
211 243
20 233
59 171
88 118
250 278
298 285
9 199
9 267
225 289
88 225
109 152
211 268
165 241
220 255
292 277
261 286
46 261
8 189
296 255
202 221
79 98
63 230
12 283
235 251
276 296
54 225
14 264
187 250
77 269
4 16
191 292
22 268
85 165
29 80
50 261
91 264
38 158
180 202
65 113
164 266
81 275
80 184
110 225
2 138
43 215
39 48
14 87
16 64
124 131
31 36
299 153
294 299
74 218
18 61
88 184
241 280
138 269
206 219
82 98
158 267
3 237
70 135
179 195
124 230
126 166
64 215
2 248
95 260
176 181
37 100
21 101
160 251
3 14
91 141
131 229
296 98
171 271
2 29
44 106
66 189
8 245
21 144
134 172
74 287
278 279
235 281
15 139
124 226
46 228
148 181
55 150
23 88
58 107
122 248
164 241
120 258
3 92
136 295
291 216
42 194
56 274
59 156
296 273
295 172
149 243
71 87
239 288
35 257
160 258
242 275
63 281
185 242
208 222
196 252
56 66
5 90
30 163
295 162
67 263
6 228
58 64
171 240
16 179
3 231
7 176
156 276
13 156
124 133
171 251
222 269
154 249
258 273
41 128
200 288
5 19
68 132
92 115
9 35
102 245
72 265
54 74
54 130
3 227
0 285
83 151
20 163
90 91
16 236
11 240
77 151
109 178
104 281
79 121
73 265
18 45
43 253
13 282
50 160
51 283
98 102
126 228
100 155
138 259
118 124
188 213
59 132
65 250
132 274
22 26
29 114
44 58
121 137
297 205
35 72
179 249
14 277
64 85
45 64
74 204
72 155
63 65
275 282
70 107
108 182
98 164
256 281
295 106
199 228
58 147
144 163
201 280
36 285
80 246
77 238
201 263
154 280
16 100
295 115
148 243
14 274
101 243
299 168
82 136
293 0
117 289
295 275
49 53
166 228
128 162
223 256
36 47
296 141
297 152
203 243
5 180
50 247
153 189
35 259
294 242
290 155
65 292
37 119
31 288
88 215
96 279
118 201
259 284
180 257
66 197
161 268
139 236
110 219
110 261
170 207
90 239
72 208
244 276
51 77
116 223
79 193
110 226
96 117
71 230
244 256
42 99
112 298
190 252
267 277
190 230
42 266
291 281
84 261
51 197
5 40
127 231
104 162
175 251
185 260
233 234
20 69
119 267
103 226
31 237
8 191
75 221
23 59
14 261
152 284
11 174
142 162
118 260
5 247
12 154
51 239
155 200
54 139
104 111
189 245
154 198
40 272
104 199
111 251
81 209
95 275
16 106
87 168
185 262
157 241
163 246
80 122
14 103
35 204
145 252
11 239
44 49
269 295
272 289
0 177
54 80
87 227
104 192
49 54
83 245
290 158
241 279
151 275
20 274
163 212
26 228
57 223
150 264
282 284
20 203
115 244
0 292
71 115
9 155
117 256
7 158
59 267
56 104
8 17
23 160
98 198
204 246
14 217
21 164
9 221
59 112
73 199
108 191
85 279
10 291
161 292
33 183
26 42
59 193
72 185
58 244
236 255
26 114
77 184
256 270
45 145
39 240
99 153
49 191
187 191
69 199
68 110
66 83
47 79
5 285
93 243
235 257
109 111
292 226
100 236
119 193
99 170
81 252
221 246
88 145
183 198
296 228
298 169
78 189
178 284
120 287
118 277
20 238
199 226
223 293
25 53
121 298
94 229
176 246
207 235
298 47
290 202
294 113
210 261
169 192
74 145
189 273
140 243
14 76
174 279
99 240
26 248
65 152
41 87
220 247
184 272
7 91
47 161
57 186
5 156
40 244
16 277
134 227
136 158
93 191
75 176
247 289
29 61
29 252
10 14
125 154
151 235
213 243
80 202
243 247
49 160
16 254
57 237
24 176
185 271
131 287
127 200
35 82
30 109
94 296
50 144
53 106
197 212
179 202
44 188
92 99
88 235
299 154
127 222
132 253
78 275
226 283
75 77
7 283
137 165
291 63
20 171
1 106
235 292
114 279
141 156
139 272
291 156
24 281
227 289
7 65
132 230
101 161
19 72
23 230
294 47
6 100
230 233
99 119
294 114
298 115
169 272
2 285
292 189
103 267
50 159
9 203
74 82
3 17
297 87
90 118
124 256
103 285
89 250
181 220
106 264
298 235
77 131
19 100
204 226
251 282
100 199
6 61
85 203
129 190
90 109
152 194
5 34
35 244
57 224
32 179
163 296
104 283
173 230
77 148
3 186
97 251
18 65
100 226
141 161
19 131
51 87
147 158
49 162
45 113
290 241
51 93
2 60
119 232
249 284
154 225
138 249
30 169
39 273
82 296
71 99
34 169
41 213
198 223
4 270
113 235
125 150
124 245
29 224
297 283
55 159
275 296
31 70
68 86
70 92
105 157
128 160
1 191
295 247
16 173
166 181
92 235
65 166
134 187
131 144
17 64
108 221
18 67
98 251
63 242
81 94
80 248
134 295
64 163
161 291
50 201
47 103
243 298
10 277
16 164
183 185
241 255
28 105
138 145
114 181
119 207
104 121
51 263
194 287
204 289
293 158
224 238
4 187
19 123
215 221
45 126
184 233
194 221
26 115
141 208
185 268
1 30
125 130
64 125
40 74
292 138
36 276
89 202
76 88
150 171
79 182
172 192
105 237
3 112
49 225
144 221
3 166
224 257
61 273
297 238
53 216
297 216
108 167
237 260
37 152
100 286
188 204
80 132
117 142
78 238
4 73
93 124
97 270
71 288
262 277
183 258
10 145
22 82
92 152
2 180
42 113
50 250
67 76
15 117
261 291
182 277
4 213
102 119
107 139
64 247
120 262
56 261
10 129
60 179
104 275
296 80
96 205
229 295
51 85
18 265
20 151
125 285
76 270
29 260
294 184
187 271
93 259
185 247
129 180
235 253
54 287
72 119
191 223
81 181
240 297
47 229
95 259
237 289
298 41
22 174
29 289
85 179
6 36
11 64
77 102
197 216
114 224
143 145
29 49
193 202
149 276
33 216
297 12
49 210
160 175
135 201
88 193
15 195
52 89
8 234
111 295
31 212
299 95
133 166
141 212
295 49
25 250
147 248
28 39
152 159
71 147
1 180
21 23
56 289
104 120
71 296
10 183
51 128
256 279
201 203
63 284
105 160
254 289
6 144
175 202
19 221
52 181
136 263
119 151
94 188
48 174
103 189
20 137
0 116
294 79
20 157
222 265
86 252
130 253
6 219
141 196
0 242
251 256
95 243
126 240
86 168
135 249
29 169
265 266
227 251
115 139
56 201
74 266
77 189
75 170
29 163
174 253
120 278
94 249
85 102
298 263
11 72
154 287
23 225
136 199
85 149
256 286
106 228
155 274
12 90
136 280
190 209
43 295
143 185
81 82
235 266
52 109
35 67
73 225
135 258
59 277
178 260
132 180
194 216
47 290
3 5
135 200
78 299
163 258
40 83
55 281
26 218
85 121
295 170
195 297
243 288
184 249
115 174
32 117
66 175
125 208
80 175
75 261
80 231
299 196
60 261
92 186
77 122
50 127
38 294
71 182
146 186
69 266
15 290
94 135
223 277
42 130
6 269
125 272
21 181
58 243
292 80
6 192
297 299
48 220
147 298
88 288
26 142
200 227
149 286
84 290
188 189
133 151
186 248
132 249
47 163
4 26
120 231
165 201
88 123
33 100
25 69
114 263
4 231
19 65
14 62
155 179
74 248
7 186
293 239
117 269
153 270
231 266
186 246
31 175
112 205
97 164
197 223
56 179
62 277
182 208
292 227
31 291
143 256
247 285
68 134
23 289
23 244
128 138
143 215
170 181
229 287
10 196
85 298
190 251
295 156
52 118
106 274
256 276
110 220
181 217
169 241
296 283
6 156
61 240
35 194
126 136
10 169
207 259
131 193
88 257
112 168
74 257
118 144
186 278
221 272
145 280
63 153
44 96
110 237
6 104
110 116
12 195
295 152
0 2
48 102
2 226
178 223
156 215
264 273
172 225
296 56
293 155
25 235
195 283
159 280
15 163
87 143
167 255
127 288
197 292
239 246
30 68
291 32
0 153
89 136
65 82
5 134
41 130
15 189
184 205
243 265
158 175
65 98
9 162
67 143
34 207
144 164
15 249
193 197
120 146
103 271
181 250
21 233
108 272
123 177
93 235
7 48
74 192
299 204
19 57
61 237
124 164
124 210
24 79
195 198
4 92
68 104
10 82
48 154
42 238
13 159
128 151
141 272
161 206
97 116
23 267
5 118
68 180
62 109
129 133
102 131
102 118
41 247
77 170
260 282
244 247
210 295
199 214
7 73
50 119
291 45
74 100
117 178
163 215
3 295
8 167
240 279
38 165
57 79
66 271
69 153
81 214
206 235
293 21
262 269
208 220
226 239
78 111
62 160
204 292
37 192
154 218
24 205
55 142
200 237
132 169
137 177
30 249
152 182
212 291
105 135
0 25
198 235
20 261
99 235
113 281
64 151
33 167
31 230
7 21
74 229
49 250
291 89
159 179
73 214
26 37
169 292
90 216
121 148
263 281
26 192
290 246
84 101
0 11
60 92
195 244
58 254
135 232
74 280
294 223
168 207
53 192
214 245
60 225
128 133
84 98
47 228
35 232
148 196
52 108
221 239
81 130
3 185
201 219
206 287
172 207
202 205
196 255
206 214
45 179
209 277
195 205
197 281
51 293
44 286
171 175
112 181
84 191
148 184
22 211
81 211
28 277
12 149
34 77
67 113
145 227
93 288
186 279
109 147
48 274
113 236
1 66
117 162
26 161
87 226
110 122
141 237
141 264
12 190
34 222
291 149
30 225
295 101
73 170
83 150
140 164
22 143
27 73
131 241
107 235
51 130
45 282
139 257
136 226
27 251
115 157
176 201
252 290
40 163
47 104
9 288
89 140
124 220
155 165
17 238
76 202
100 105
49 260
29 294
68 247
10 62
75 246
293 235
230 261
53 240
114 299
60 189
48 170
202 282
107 194
212 228
189 227
21 110
43 63
120 157
189 216
103 215
11 225
236 241
187 189
11 56
152 209
12 256
24 238
299 137
292 98
78 272
176 253
81 110
0 31
72 224
71 85
39 187
20 216
70 291
157 289
39 80
292 72
27 124
24 244
92 94
90 233
142 157
232 274
88 231
37 127
200 254
31 123
86 121
298 204
100 281
146 151
153 209
113 224
54 145
225 285
132 272
113 241
42 292
290 169
0 20
47 252
6 171
120 138
178 239
130 158
17 297
91 100
131 286
203 205
147 161
142 180
294 189
123 276
32 168
204 208
28 85
30 174
101 222
29 205
186 266
40 241
76 165
139 145
141 266
149 220
68 254
12 234
211 282
169 200
161 215
173 252
123 299
56 94
44 208
111 298
62 181
34 61
126 176
52 267
136 290
25 37
3 58
69 87
216 224
102 169
169 270
29 43
95 269
297 154
167 238
4 31
45 110
67 206
38 82
169 215
97 178
63 276
160 239
120 264
154 171
120 201
62 162
217 277
52 126
216 262
4 115
298 142
62 220
242 248
217 221
61 130
158 249
39 241
175 284
28 223
54 295
116 119
92 260
65 150
131 181
58 158
112 209
159 241
293 187
37 153
158 236
198 221
63 105
17 102
151 182
51 119
99 179
47 125
25 46
11 50
117 246
70 152
299 179
291 107
277 298
40 105
114 205
50 53
97 243
24 284
61 91
39 287
10 296
45 227
4 58
211 235
293 12
203 267
159 199
195 288
101 244
126 141
144 225
7 293
50 240
124 292
199 260
46 181
15 26
99 175
128 198
38 160
127 169
33 255
165 282
32 68
113 250
19 33
21 235
299 215
2 64
111 267
103 121
46 162
99 134
40 299
154 162
37 49
73 228
29 287
60 76
140 196
11 234
37 177
74 283
69 161
3 162
142 182
89 176
85 192
159 193
125 246
208 246
66 253
34 210
102 281
32 188
25 113
226 244
52 291
290 27
6 149
3 272
88 209
208 229
290 120
29 190
107 218
129 283
19 151
84 247
30 270
58 205
3 41
19 245
172 230
1 124
90 162
1 158
11 63
4 138
54 275
294 117
291 119
76 103
102 273
95 122
159 277
77 286
9 147
298 156
68 94
77 237
59 218
112 141
39 105
295 82
102 187
163 249
29 32
17 278
187 265
25 175
171 231
193 256
19 113
107 253
59 243
15 181
52 189
146 162
24 210
130 160
148 158
143 241
139 183
207 276
4 186
66 255
51 169
194 243
43 163
24 87
16 17
115 191
71 225
43 200
275 281
109 180
147 228
291 206
103 179
78 120
115 160
161 257
117 219
74 262
57 65
19 71
255 277
48 150
82 96
206 263
99 237
38 44
43 216
147 292
115 240
87 95
47 106
23 111
92 277
6 128
104 146
126 271
190 234
122 256
212 221
194 241
277 289
4 285
115 235
292 185
227 233
74 115
31 208
105 224
57 282
0 73
75 275
298 44
8 221
207 289
294 249
106 213
228 299
92 233
3 182
291 214
50 192
25 87
137 236
60 161
212 226
167 262
293 197
41 275
284 298
123 183
20 189
180 254
116 250
14 153
150 204
298 130
7 127
7 56
121 220
184 244
291 36
8 67
49 258
192 278
77 164
214 246
81 210
125 202
74 148
71 135
197 271
27 147
209 289
44 177
33 280
56 133
144 260
109 126
89 266
136 200
11 229
76 145
141 277
103 188
141 195
17 206
37 202
33 258
4 70
295 48
14 292
62 267
298 193
137 255
65 175
44 224
294 281
95 184
137 209
141 244
299 279
97 128
19 99
102 269
25 76
132 202
7 135
144 250
113 133
15 298
144 240
31 73
12 251
4 146
132 161
296 92
131 235
51 217
83 234
38 118
39 282
158 197
45 114
105 213
93 168
206 238
53 77
61 163
210 263
185 229
134 171
72 199
299 127
76 125
141 234
155 216
83 128
12 178
106 265
85 232
10 247
289 290
291 49
12 26
102 276
161 231
111 120
216 293
169 233
39 262
135 158
169 245
13 273
156 292
76 207
67 254
222 237
51 175
127 285
299 232
219 234
13 188
99 201
118 163
53 94
79 247
79 282
110 216
201 216
206 282
164 207
168 186
93 165
101 174
19 180
124 229
130 256
112 196
228 282
40 185
132 222
14 194
78 231
10 43
243 264
160 198
232 245
169 170
110 135
74 244
103 258
84 207
84 228
87 177
297 104
192 257
61 101
15 198
21 77
247 299
131 273
26 91
63 299
68 244
154 255
122 194
170 223
210 235
2 179
69 269
6 117
48 58
204 210
208 238
170 178
113 251
0 140
75 179
298 162
68 239
145 254
98 176
136 288
53 235
4 81
292 194
13 86
219 260
293 134
9 120
112 172
296 264
66 260
177 255
17 28
108 139
63 282
112 229
114 219
18 281
90 177
298 124
29 56
94 264
76 197
291 173
169 246
40 64
92 164
200 240
2 108
10 188
282 298
119 147
29 118
215 284
55 283
155 178
51 233
215 216
64 266
107 215
228 238
107 207
60 294
154 178
54 151
46 262
119 139
11 46
163 206
2 241
55 123
196 218
20 129
88 147
193 283
117 165
87 172
208 271
236 246
149 182
71 261
34 138
172 197
109 175
158 259
39 137
215 236
160 218
59 229
53 144
166 204
55 269
67 208
29 148
94 105
15 33
73 111
6 119
97 286
27 92
1 56
19 42
89 167
80 238
177 230
135 163
117 238
79 241
251 293
295 264
189 275
147 281
168 191
137 189
190 242
85 132
98 146
63 75
33 272
143 153
15 299
111 291
125 171
110 227
56 81
40 202
29 99
97 133
38 132
5 17
79 152
291 116
86 155
75 192
135 247
76 185
32 259
31 159
47 222
263 296
103 166
145 221
74 167
98 254
63 157
15 255
191 217
189 281
20 93
105 147
285 295
118 220
19 121
41 252
15 46
90 191
144 170
43 101
158 258
43 92
17 73
25 107
83 153
291 28
76 169
270 288
151 179
9 12
15 116
298 153
89 230
63 145
69 298
42 191
9 163
74 247
298 190
203 266
11 203
97 272
62 211
211 223
57 286
43 278
157 224
46 286
167 215
99 232
7 179
108 258
122 176
0 266
257 268
74 206
220 223
16 156
147 163
251 289
144 220
72 235
35 53
296 132
186 283
174 297
212 280
135 138
168 296
146 297
260 277
154 296
233 243
294 44
8 196
30 118
151 269
29 62
169 212
70 153
137 175
73 79
233 287
129 130
105 249
105 192
85 111
295 222
140 166
248 263
25 226
64 175
165 290
162 215
140 283
278 294
105 212
116 237
104 136
37 207
24 158
99 104
66 199
133 281
237 246
36 163
12 116
53 177
170 294
72 151
180 250
201 287
102 214
63 161
170 281
76 116
96 290
189 217
38 69
91 122
4 246
83 176
232 285
15 296
24 201
41 249
136 140
72 267
100 186
253 274
45 234
155 220
157 250
82 266
44 247
168 174
127 154
6 94
294 177
233 272
97 196
22 222
156 251
11 141
273 277
126 197
35 228
23 125
251 274
150 255
74 254
134 271
283 286
84 182
6 164
86 91
27 184
293 3
132 204
191 287
296 139
117 134
220 258
80 263
186 285
123 279
26 78
149 157
290 9
122 189
3 154
224 260
296 112
273 285
88 113
81 261
62 207
96 232
298 238
113 243
247 267
168 252
83 144
182 222
186 252
87 136
299 292
64 161
36 280
18 34
99 110
220 270
17 163
45 279
5 28
28 192
299 169
106 261
299 17
75 104
150 195
32 289
294 243
109 249
192 292
182 249
196 289
147 294
166 171
42 228
168 253
43 70
296 109
219 271
50 180
88 206
122 129
158 213
60 86
62 144
27 31
105 241
38 286
157 297
10 171
15 77
193 212
295 34
53 256
86 163
185 276
101 263
101 273
82 139
54 213
241 242
174 187
76 93
26 255
82 259
71 86
293 276
63 106
239 264
31 58
226 240
154 275
128 254
9 295
88 116
144 193
36 286
145 238
225 257
188 222
181 267
75 106
11 181
199 224
69 275
60 273
14 219
27 267
40 101
178 276
164 172
245 286
48 283
54 128
64 112
42 94
187 210
24 292
17 158
95 256
54 117
22 93
299 250
30 206
216 239
191 296
79 135
183 294
133 205
64 274
76 237
298 16
55 155
259 260
274 291
119 204
151 265
59 109
60 201
1 53
106 206
112 246
41 224
48 287
37 256
0 29
81 297
12 171
44 94
29 154
164 178
155 161
124 213
298 74
74 176
134 212
290 240
201 244
106 144
128 214
5 212
133 299
214 218
118 150
77 200
199 277
66 191
77 249
92 217
43 265
171 217
90 132
123 204
38 205
180 221
42 147
97 147
65 259
138 278
0 236
106 241
0 97
47 241
135 257
121 127
38 270
47 127
91 283
45 215
96 141
109 219
140 201
9 166
152 210
12 86
72 263
147 245
44 56
17 19
297 72
142 253
126 235
263 265
70 99
131 169
48 210
60 143
197 243
137 267
291 141
58 99
11 297
48 101
83 210
79 215
75 230
4 74
299 282
74 168
5 182
0 63
18 267
209 248
293 96
188 228
138 210
22 121
32 47
55 288
109 208
90 107
64 239
140 264
170 254
207 246
74 114
291 229
85 184
89 145
54 58
175 274
73 141
114 267
156 228
16 256
221 278
145 253
62 134
136 187
134 198
13 195
106 266
148 236
2 229
191 257
6 39
17 226
77 253
296 53
23 130
117 268
25 70
47 289
267 275
1 225
98 154
29 144
106 271
38 88
19 88
107 161
21 27
157 293
150 180
27 191
53 278
42 293
88 253
55 171
199 207
168 171
7 157
36 62
46 242
99 242
79 101
72 172
106 182
88 179
81 122
72 228
259 263
210 279
33 238
118 151
131 288
1 69
41 294
8 173
223 248
62 72
1 240
60 275
31 46
217 265
53 170
112 239
44 135
260 297
83 294
66 125
112 285
27 52
134 209
29 291
65 241
64 219
68 176
46 149
37 279
165 199
52 124
23 185
53 92
195 294
119 161
20 132
87 275
73 212
204 264
56 181
101 182
58 104
47 265
34 150
146 149
294 200
49 114
250 297
209 267
294 165
184 220
10 35
130 218
145 232
290 133
250 277
175 232
68 145
176 177
17 147
63 154
165 231
39 172
48 271
299 156
171 193
154 214
196 241
219 263
56 167
2 281
29 115
218 282
136 185
82 223
152 169
92 128
39 112
299 287
138 281
157 246
76 163
140 175
94 230
100 174
152 291
27 97
28 59
137 205
96 164
99 276
37 141
44 241
93 217
43 141
0 69
38 93
291 102
36 192
125 279
23 212
214 267
115 186
92 197
126 280
175 183
78 250
26 199
244 289
59 158
118 289
191 238
239 289
71 246
52 171
116 131
295 276
71 164
17 146
56 212
191 229
19 35
60 292
84 283
11 226
42 100
86 296
53 58
165 291
68 177
100 122
39 79
20 208
75 232
297 165
10 122
2 253
77 82
132 239
171 182
29 250
124 137
137 293
20 32
291 209
46 84
70 280
108 256
170 202
17 139
171 270
297 185
62 121
155 190
68 194
145 179
27 82
51 133
122 219
27 285
56 195
78 125
38 149
27 85
47 213
50 91
266 290
101 148
33 73
32 123
5 204
119 189
117 276
76 124
58 285
195 213
33 198
59 292
131 234
27 160
45 168
102 193
52 256
96 215
153 185
201 285
157 187
2 109
91 299
190 218
52 133
146 206
86 237
266 295
220 274
19 226
209 228
154 234
20 252
238 273
32 218
191 280
82 194
82 191
102 237
79 289
199 216
52 201
31 238
191 242
212 289
32 44
145 154
299 174
176 272
15 135
13 22
6 264
218 256
93 236
0 179
47 284
123 256
28 87
76 80
186 236
139 233
46 156
24 203
290 259
151 205
159 171
55 256
54 284
168 208
18 92
43 77
163 216
2 289
40 213
83 90
196 280
299 118
139 263
117 147
44 216
208 210
11 45
24 51
24 287
179 194
256 296
178 212
290 98
1 295
74 146
37 187
223 261
105 112
13 141
86 172
8 69
44 71
292 288
242 279
112 178
129 144
20 242
74 88
48 200
29 85
32 204
237 295
106 123
84 279
125 287
148 278
120 257
212 267
27 201
1 247
85 205
298 189
69 260
57 257
10 156
124 142
67 237
69 157
0 130
218 264
298 51
13 230
0 268
269 296
61 105
39 61
117 159
124 204
290 223
2 240
98 104
246 265
3 23
85 106
64 153
22 292
115 284
1 267
89 133
1 68
48 199
115 272
192 197
20 53
156 158
4 191
24 277
250 280
157 201
88 136
33 133
163 197
138 164
31 108
290 11
161 183
68 240
25 201
76 214
81 257
178 258
130 243
109 207
20 190
173 212
96 255
297 114
87 111
9 186
34 164
132 234
70 273
1 248
103 211
117 282
180 192
39 56
215 242
36 225
295 271
32 175
0 231
199 284
142 286
7 106
127 258
0 281
217 228
290 225
139 164
21 260
42 262
4 160
130 294
44 273
11 109
142 285
90 147
235 263
194 253
113 122
37 198
0 161
43 276
64 95
189 259
154 267
61 74
91 101
52 262
54 243
15 164
146 184
5 245
199 235
63 186
33 283
6 138
98 242
5 298
17 179
157 290
13 169
48 105
74 272
57 106
60 168
57 235
105 259
131 281
82 256
133 215
41 93
157 185
17 144
107 115
1 196
296 42
161 246
187 240
47 144
112 282
294 16
165 186
160 259
88 126
136 169
26 269
46 273
56 265
113 121
18 71
16 293
28 213
0 55
176 273
85 269
295 57
19 198
44 78
293 205
89 138
30 155
21 39
295 35
124 259
297 62
35 225
68 272
202 239
176 252
135 281
131 258
22 275
6 181
184 186
85 164
49 130
31 52
5 23
35 262
158 173
133 282
163 298
102 271
5 8
140 172
137 239
236 282
26 102
67 174
48 99
190 250
113 195
35 186
172 267
30 259
72 184
10 121
47 160
134 255
116 123
43 103
55 183
25 253
46 139
292 171
56 236
24 170
171 294
56 60
164 197
129 217
129 166
21 62
63 78
139 206
59 183
37 121
65 224
207 253
57 104
38 148
91 153
55 266
16 201
39 150
94 187
128 184
158 179
102 209
166 255
73 120
7 215
94 113
12 268
12 62
61 190
36 83
275 278
298 232
20 195
15 142
97 269
100 192
66 247
193 239
21 197
106 117
104 286
189 224
292 282
208 291
293 102
2 10
7 199
192 253
84 219
162 267
165 220
290 142
60 224
94 277
293 227
127 141
85 276
101 186
297 192
178 273
74 171
26 276
108 111
22 226
39 214
179 245
222 248
294 11
10 273
102 248
24 98
9 58
11 172
59 125
17 32
17 171
129 222
10 159
291 88
166 177
243 290
23 95
115 256
233 275
191 275
146 207
99 145
110 240
291 1
74 268
16 289
99 159
49 204
94 216
83 265
82 157
80 212
107 162
123 247
163 183
84 133
106 254
170 211
42 132
6 73
61 77
209 261
253 284
66 84
167 272
12 207
56 252
78 177
54 252
136 165
142 245
20 187
2 86
185 193
92 225
17 295
126 263
29 293
190 289
151 281
3 61
116 129
103 214
19 160
85 103
60 258
88 266
37 88
45 260
6 239
131 171
78 128
2 167
143 262
247 294
57 135
104 285
17 260
75 220
105 233
143 289
24 199
30 56
220 286
89 210
295 165
135 222
20 152
28 190
55 136
2 117
173 257
1 211
77 176
177 293
53 147
12 141
132 163
236 244
46 230
182 282
242 268
142 195
21 264
61 260
189 219
71 295
263 272
45 225
45 195
30 94
76 107
83 181
32 203
158 224
266 289
128 235
122 139
78 96
141 225
37 253
35 167
297 190
63 88
227 297
130 133
142 192
79 141
45 224
20 154
13 165
60 254
106 137
90 181
83 227
198 278
236 251
41 64
131 167
75 101
51 223
293 224
98 121
239 271
99 103
14 93
3 164
28 194
28 83
108 113
50 120
151 189
3 80
100 101
69 150
106 175
125 288
161 227
102 212
82 84
200 219
120 159
66 274
105 182
106 282
25 160
30 184
128 145
63 175
28 52
199 217
170 189
30 219
160 230
180 204
108 123
173 282
151 257
210 223
67 147
12 173
194 260
36 135
82 135
68 242
113 192
88 170
9 60
208 284
144 156
16 184
110 196
126 142
3 197
292 107
34 198
47 63
205 261
250 252
72 227
262 274
155 204
202 236
4 286
51 99
35 246
37 218
97 246
20 156
277 290
44 108
41 112
73 289
39 222
123 137
158 168
96 254
210 255
100 169
13 47
76 220
1 14
115 128
164 240
187 261
93 250
26 149
168 178
41 120
144 181
175 225
138 165
292 242
3 178
42 294
38 173
32 144
195 208
296 64
54 227
294 108
34 142
223 266
279 288
75 145
18 20
21 100
92 211
131 212
295 190
72 221
213 217
294 205
114 134
226 277
92 111
14 43
76 102
48 141
11 143
178 279
26 52
84 169
293 70
197 251
57 207
73 135
74 109
92 230
7 33
43 267
230 272
141 276
2 230
36 118
68 167
129 243
37 95
186 290
152 185
251 276
76 167
157 236
297 222
132 149
105 231
45 243
10 37
128 242
21 25
18 229
272 285
157 159
296 36
71 110
43 178
95 106
203 207
94 173
89 243
148 168
290 139
0 212
91 286
70 73
55 208
44 151
90 267
192 199
42 135
33 119
141 188
24 153
247 273
2 74
56 291
46 218
264 285
23 107
100 246
43 255
204 266
55 238
34 129
140 148
114 272
64 258
215 263
276 299
21 76
236 252
135 239
6 38
32 76
42 116
291 18
276 290
251 265
168 185
6 82
35 223
292 150
30 75
15 263
78 103
83 154
31 215
291 39
299 161
113 177
240 248
102 283
69 99
121 221
91 291
124 265
15 89
221 273
116 145
107 273
29 129
243 267
84 297
80 180
215 277
158 220
15 191
157 278
51 95
100 134
70 130
32 50
161 251
76 152
132 288
116 259
79 149
293 15
94 153
207 283
284 285
1 233
143 198
170 264
106 257
31 192
121 135
64 260
43 131
216 276
103 171
290 257
116 127
35 158
68 284
199 245
85 160
171 248
216 243
201 213
268 290
77 299
4 171
80 241
76 179
5 184
25 85
299 163
23 258
104 189
132 263
144 191
29 254
100 231
105 293
16 158
12 51
132 258
58 118
21 266
22 288
159 218
50 249
189 223
220 228
72 236
297 176
52 166
293 175
92 176
117 137
34 285
117 129
259 268
134 186
293 156
295 226
61 166
96 238
175 263
233 274
155 298
187 260
45 72
28 61
70 223
157 251
92 101
297 82
166 287
181 246
30 281
297 198
48 191
21 186
22 142
82 284
202 223
69 245
172 174
44 77
43 65
229 281
88 290
154 189
147 266
69 277
241 276
64 202
86 124
59 205
119 250
196 229
209 292
262 266
28 243
16 177
297 121
140 168
97 200
6 204
240 259
45 208
63 271
73 139
151 212
75 153
174 194
11 274
160 273
102 111
46 54
79 137
144 157
22 37
121 186
180 251
93 240
95 263
19 147
32 196
57 242
6 57
106 217
63 79
31 53
36 240
99 178
144 165
41 133
21 199
14 293
206 297
2 258
13 250
34 212
51 81
113 146
62 232
17 57
224 234
125 167
86 225
63 112
291 82
68 125
64 255
11 22
237 281
252 256
47 169
92 222
15 253
75 217
92 273
68 273
116 288
256 290
75 165
123 264
219 247
70 147
295 181
18 233
103 112
60 192
217 244
187 203
14 124
23 159
94 160
70 157
255 286
14 106
20 33
7 143
36 54
180 271
54 223
92 297
98 276
177 269
116 215
121 285
297 230
7 291
27 138
295 123
33 146
7 274
86 159
212 237
298 278
17 220
32 159
10 170
135 177
38 60
65 214
202 252
95 207
205 257
207 221
50 170
10 259
17 281
215 257
37 200
33 195
57 238
297 52
11 51
40 58
162 180
19 174
140 231
167 261
137 294
125 224
27 106
288 294
222 284
116 177
66 281
107 157
294 265
76 172
82 160
55 130
266 298
110 245
14 60
44 144
202 251
20 267
154 243
262 267
108 236
204 238
219 265
156 190
93 286
148 154
10 85
171 277
200 223
249 288
124 278
126 225
96 285
20 99
123 231
109 256
265 295
298 145
130 231
290 101
93 268
135 150
195 211
66 79
295 113
11 148
253 275
77 188
130 136
60 74
129 172
74 179
87 183
82 201
85 147
163 277
223 241
70 124
109 181
92 269
71 136
29 50
198 217
105 149
298 22
45 287
75 184
76 114
210 269
290 281
103 218
258 266
224 255
295 138
78 171
134 242
219 267
78 288
90 182
11 163
33 234
119 123
175 233
6 108
212 278
47 121
111 149
196 243
105 150
296 33
182 213
113 264
11 159
167 259
29 122
21 160
68 280
205 238
143 283
134 213
39 162
25 238
294 259
10 221
170 262
48 124
174 286
218 263
153 210
70 196
90 210
38 42
65 131
84 222
35 254
234 279
126 222
70 81
149 159
82 272
145 282
7 285
246 272
83 289
277 282
111 150
158 289
37 147
294 266
54 270
72 107
23 203
60 120
113 167
61 188
258 278
108 174
99 117
121 133
13 87
19 109
77 296
104 155
295 16
172 298
63 213
114 234
22 41
63 263
9 247
7 82
223 262
18 257
75 225
93 98
21 253
120 237
172 235
190 200
169 183
94 181
94 119
161 179
128 255
14 255
48 293
70 158
70 279
197 230
19 243
297 130
47 76
19 249
50 140
75 146
225 255
213 271
89 183
66 187
100 278
236 278
293 55
180 189
67 127
260 273
185 217
6 283
299 107
255 264
52 249
185 222
10 184
4 12
293 256
81 137
97 109
175 246
119 243
40 96
18 76
78 118
143 166
15 188
62 262
142 194
86 192
88 238
10 51
97 172
14 73
22 102
74 121
158 186
85 189
142 183
128 174
17 154
178 252
50 68
293 127
45 170
130 170
143 150
298 271
96 221
232 284
211 239
23 213
149 181
211 298
55 109
76 247
128 225
25 170
113 279
131 276
148 244
227 288
297 203
63 287
19 39
50 207
299 217
183 240
20 73
118 274
139 297
132 277
13 289
192 293
166 286
90 99
28 200
4 205
108 187
179 208
33 254
50 115
83 161
22 52
66 109
66 171
132 226
59 280
53 121
64 180
156 193
155 168
14 125
3 299
24 206
20 146
49 218
15 262
126 180
83 99
99 294
27 277
190 247
36 233
130 259
35 235
219 275
144 202
79 168
183 210
99 238
74 128
117 132
191 253
76 273
21 69
139 146
155 255
121 277
54 220
18 182
169 248
57 221
299 144
40 50
67 265
8 276
31 293
299 185
75 233
134 222
30 266
6 247
136 246
154 202
17 133
106 185
138 244
86 199
44 76
163 227
85 145
27 99
46 266
292 258
116 176
0 239
57 166
146 267
8 94
62 202
66 181
172 228
101 173
191 244
203 255
165 180
165 250
176 227
245 255
192 225
109 157
117 227
148 227
113 136
153 249
250 255
251 253
147 175
28 282
28 133
78 179
54 299
148 176
153 240
209 253
68 79
194 297
135 231
70 268
33 215
91 241
135 170
191 196
76 146
32 116
176 180
166 234
134 283
82 147
68 204
163 165
105 254
18 156
10 176
134 280
144 209
141 177
198 220
167 173
98 219
15 166
78 112
86 270
33 69
97 224
236 276
4 63
155 244
128 263
31 44
39 131
108 161
248 273
124 197
20 237
112 271
44 194
44 89
103 256
131 254
6 51
145 155
126 293
20 107
98 136
90 220
93 183
49 266
209 240
32 130
66 225
1 241
14 84
21 152
24 119
298 11
25 204
64 164
44 264
140 253
204 282
62 251
166 194
105 274
29 125
262 286
73 282
188 235
69 180
270 273
26 224
37 108
170 234
35 210
74 106
120 212
40 240
146 299
121 160
51 113
128 227
179 284
163 190
167 204
140 275
197 244
15 22
188 266
113 283
203 281
298 70
30 166
298 73
150 175
191 234
52 90
19 132
181 237
144 296
29 53
86 256
22 64
18 275
290 128
119 228
172 214
106 220
54 161
244 273
293 72
173 213
168 204
46 93
0 85
43 161
136 294
49 76
114 218
150 159
154 288
28 81
86 194
107 176
17 265
26 112
59 80
85 131
116 190
125 283
55 176
151 201
48 226
178 214
32 184
131 227
106 239
81 183
7 254
224 256
50 151
114 132
6 79
175 238
297 201
13 99
90 279
111 183
12 40
146 204
134 137
52 66
290 56
181 195
43 238
267 299
109 125
2 203
73 288
191 214
185 210
126 219
74 277
77 265
68 116
102 227
289 299
17 97
187 241
54 186
130 247
43 58
195 252
51 159
136 262
292 75
103 169
102 247
31 246
119 197
35 189
59 182
111 281
205 286
152 220
46 86
50 220
19 223
105 162
165 260
275 280
12 157
83 281
5 207
60 231
114 285
12 99
113 203
138 153
167 170
41 268
26 77
87 123
98 173
139 156
97 197
193 296
56 68
206 264
216 265
84 209
44 209
199 276
92 285
242 270
114 210
61 241
114 145
10 100
135 196
96 158
241 254
135 209
283 299
194 197
293 50
299 220
117 169
197 287
176 188
297 31
62 154
97 290
41 110
77 214
17 256
78 164
100 288
109 114
79 202
133 203
44 180
136 230
201 294
46 161
50 70
122 177
188 287
181 183
294 68
241 247
96 148
102 268
30 41
133 222
232 278
130 210
140 278
184 270
207 266
100 284
296 7
28 272
92 114
238 267
82 100
202 280
145 192
200 248
6 124
32 176
90 128
28 114
57 193
83 169
10 104
0 43
158 212
165 173
57 174
90 187
13 121
99 141
241 296
9 13
39 259
63 236
5 201
134 196
163 275
148 257
216 226
188 212
297 244
93 252
80 109
126 265
46 220
171 195
41 50
83 268
54 146
73 148
10 182
1 25
47 59
