30 167
105 129
93 114
46 80
78 127
25 93
89 162
71 164
46 142
172 146
40 134
179 156
61 165
34 177
17 175
39 177
4 121
38 155
109 132
161 162
24 118
13 15
11 33
117 132
15 94
10 125
71 176
174 149
15 54
56 173
13 108
72 110
102 163
37 159
142 172
73 93
142 158
108 150
91 166
177 113
20 87
20 68
16 169
13 172
70 149
54 77
129 141
26 95
61 119
94 143
41 50
22 45
78 153
62 123
138 143
152 166
88 168
23 95
68 79
26 57
177 60
94 129
69 85
74 101
75 104
89 121
74 175
80 163
145 170
21 109
50 172
161 165
34 159
100 162
47 120
2 105
63 89
58 68
177 164
97 126
46 65
101 149
92 99
9 93
45 121
29 86
110 155
67 122
138 170
12 82
152 165
14 42
179 160
100 144
63 94
178 158
5 162
14 133
2 26
172 141
93 175
111 156
176 74
71 113
71 114
51 96
172 129
67 114
110 162
116 141
0 111
54 177
6 136
27 165
33 160
47 68
5 67
47 178
117 127
121 132
105 171
176 38
43 145
26 74
116 178
33 117
52 83
172 75
109 114
62 119
51 161
9 88
172 64
54 170
75 94
77 174
62 137
156 162
14 46
0 139
29 68
71 78
69 175
161 176
33 142
69 165
22 77
15 158
38 171
22 44
48 62
131 163
36 174
92 128
1 68
52 157
66 95
36 121
15 128
52 148
26 27
36 80
68 161
32 148
106 134
68 151
22 58
134 140
0 156
178 73
44 123
83 125
14 94
39 137
11 45
179 137
66 161
91 169
54 153
37 80
46 161
31 58
75 156
176 2
6 171
12 176
46 109
21 38
31 102
124 178
54 118
24 151
149 151
26 131
35 86
48 149
6 8
5 172
1 163
17 34
61 179
114 118
51 110
42 127
25 157
58 76
98 131
9 107
78 156
173 145
0 41
36 43
21 168
84 162
174 12
24 34
137 150
26 129
82 145
10 44
105 133
20 162
179 131
85 90
8 89
45 108
44 112
32 131
40 176
20 26
52 128
41 94
37 56
69 164
53 66
131 143
17 136
27 113
56 169
86 110
94 126
15 43
6 65
64 126
175 42
52 158
165 177
137 175
1 33
119 174
71 79
1 158
64 164
174 86
53 119
36 115
115 179
48 153
82 107
42 147
33 54
12 122
4 147
87 96
91 102
14 167
179 23
98 115
15 64
134 155
3 138
65 121
9 127
134 160
36 164
35 111
115 169
88 148
33 92
71 112
64 108
101 112
158 169
26 177
64 69
27 47
39 127
28 173
31 126
22 33
70 112
107 167
26 128
52 171
151 160
59 101
68 162
103 117
49 173
13 114
138 159
122 142
178 43
36 165
57 59
177 66
92 162
68 141
38 41
40 142
78 106
19 138
15 55
66 103
0 155
121 159
113 137
178 113
32 65
0 112
177 58
31 83
87 176
12 179
19 166
13 68
83 160
81 86
173 86
49 118
97 157
24 92
130 170
31 50
117 130
4 114
117 152
30 97
150 153
89 94
178 144
14 103
179 59
42 157
11 13
36 55
63 153
177 88
42 131
31 48
36 108
64 159
8 169
131 167
105 145
163 171
178 163
73 147
176 17
43 124
143 164
38 130
75 163
67 169
46 89
179 142
118 131
20 179
102 104
79 155
45 128
74 111
23 76
175 129
97 148
23 88
3 114
51 117
8 13
14 45
75 135
95 111
147 159
22 69
14 116
140 145
114 172
48 118
75 118
43 117
124 176
60 157
36 152
144 149
39 129
36 58
15 133
72 145
50 53
21 107
0 158
132 149
16 42
147 170
45 85
11 43
105 117
100 165
36 61
103 124
104 162
28 79
60 147
177 6
42 141
6 158
112 165
34 105
109 157
102 147
47 138
7 100
8 22
83 115
102 140
43 133
66 105
104 147
18 163
168 179
61 90
124 159
84 104
8 10
83 84
35 42
74 170
42 84
178 49
173 9
59 83
53 97
172 46
12 44
45 52
174 32
10 64
30 179
74 94
32 129
35 93
60 168
35 58
34 72
52 98
81 122
4 24
88 144
60 91
179 167
96 101
35 134
129 165
65 171
29 56
1 85
35 77
47 125
91 174
95 105
15 20
44 93
1 63
141 160
91 123
10 151
175 2
18 65
122 129
122 147
106 122
3 98
125 155
52 80
43 97
2 166
7 54
83 112
43 131
104 178
13 159
155 174
40 158
35 127
66 156
95 144
63 140
47 167
98 114
38 96
127 176
11 16
69 133
58 167
173 68
87 157
8 148
45 58
12 93
24 38
124 136
57 133
28 101
56 143
21 95
104 170
115 122
178 102
160 164
89 154
43 172
47 85
68 119
22 164
92 157
8 121
32 40
22 56
28 109
31 95
84 127
147 148
99 125
166 167
82 139
73 100
7 48
82 154
84 148
37 114
9 81
32 91
10 134
16 105
128 143
4 162
0 166
4 135
177 175
149 156
35 122
89 176
4 154
9 169
15 65
99 175
43 149
175 72
138 139
81 158
2 112
4 140
29 93
82 114
174 80
34 96
14 81
145 159
29 32
22 178
62 133
66 164
99 156
52 112
46 135
42 152
11 36
15 174
177 61
55 135
7 74
102 149
140 147
3 161
0 176
12 83
34 46
46 174
8 16
59 158
23 38
37 160
1 75
43 86
51 97
45 94
121 166
23 83
16 98
173 16
111 144
98 166
16 148
31 56
2 144
29 122
47 109
25 52
74 86
67 85
94 132
8 155
63 114
34 103
68 70
18 159
47 130
1 51
127 171
11 34
61 101
89 168
91 124
93 128
92 142
85 139
131 169
26 75
27 48
4 45
6 99
136 144
70 84
41 106
178 27
84 140
85 112
173 45
91 153
114 121
2 86
18 89
23 156
96 115
48 130
105 142
50 139
2 87
18 76
71 131
145 176
11 50
21 172
179 68
118 123
82 83
150 162
128 159
172 60
19 33
112 128
174 159
36 178
30 89
93 127
64 175
49 110
19 120
56 177
2 45
110 164
77 137
2 42
117 178
13 139
28 129
51 81
110 149
17 117
36 69
53 144
70 98
10 158
28 171
55 131
103 170
50 104
7 22
105 135
49 64
15 163
2 102
100 174
59 142
36 125
18 95
54 120
15 40
85 167
12 62
28 132
18 47
8 168
71 169
72 80
45 50
21 144
9 35
33 63
172 34
72 172
101 136
128 153
27 92
154 158
50 74
97 113
4 118
46 101
70 93
44 55
82 136
55 67
149 168
81 134
81 145
74 156
38 94
42 115
19 96
25 107
114 160
23 69
54 82
46 56
59 160
137 145
45 154
9 164
90 170
28 51
22 27
94 165
13 63
82 165
20 177
4 25
127 173
150 164
32 93
34 144
27 73
176 53
112 162
53 68
173 160
73 104
23 160
46 106
96 111
83 157
14 20
176 80
11 130
149 159
135 170
41 159
38 76
152 167
173 103
91 136
122 125
57 111
41 62
62 163
9 133
36 72
1 133
1 54
28 83
10 114
65 85
53 88
25 123
38 87
99 170
132 140
11 117
50 72
90 141
19 57
127 129
154 176
33 151
174 66
57 73
19 122
17 66
78 141
142 152
96 163
176 73
55 130
10 26
90 145
19 113
74 114
3 134
14 18
24 28
179 7
17 109
62 78
50 94
89 140
78 148
121 128
84 90
174 154
62 102
56 125
69 105
140 157
90 148
64 140
73 89
5 8
128 157
14 114
24 111
89 103
0 129
0 65
8 17
179 139
110 172
121 149
14 43
54 81
8 57
19 102
53 113
42 99
65 106
126 148
7 107
141 165
135 149
86 98
139 160
176 22
179 13
35 171
18 42
139 177
174 64
42 123
1 2
50 143
7 25
104 168
140 167
43 49
30 81
2 83
44 176
97 142
