14 68
78 47
74 58
30 33
18 54
79 21
63 71
23 33
78 64
7 56
53 73
71 33
39 42
11 29
10 79
73 79
2 44
2 33
22 32
18 26
10 52
73 9
74 36
17 41
46 69
24 69
21 50
9 52
76 34
74 59
55 65
21 56
27 48
9 58
16 65
38 62
13 63
71 27
12 45
45 71
25 30
35 59
20 34
19 58
54 62
38 73
9 41
2 16
5 29
4 59
70 41
19 34
9 22
65 72
39 40
16 18
22 78
78 28
35 67
27 77
10 49
10 46
10 26
16 36
64 74
18 75
78 30
75 63
4 79
8 43
12 35
75 57
29 49
17 35
63 66
24 50
25 39
74 20
30 47
5 61
35 55
78 18
10 58
2 17
73 33
33 57
2 71
17 42
17 39
46 62
39 62
18 62
1 73
77 44
39 69
72 28
11 55
6 56
12 66
36 52
1 68
57 58
38 64
9 28
48 56
18 25
76 52
18 41
13 50
12 23
71 32
37 60
6 45
37 41
27 73
70 57
0 28
29 36
67 75
0 76
47 49
73 3
18 73
71 34
7 14
5 69
40 68
72 46
59 78
38 72
0 49
22 38
57 78
18 65
39 45
38 41
16 21
39 77
2 15
49 69
11 21
38 59
75 69
74 2
45 52
11 32
32 58
28 45
24 78
8 75
8 58
71 21
22 53
19 63
7 61
76 54
0 20
57 60
41 55
32 51
0 18
72 33
11 37
74 43
73 0
78 53
71 53
78 49
19 23
79 13
75 24
37 53
2 10
40 51
6 35
22 51
39 52
23 66
61 74
75 59
31 59
78 23
16 39
79 45
8 59
11 46
18 45
41 56
70 33
73 15
52 74
8 22
30 42
72 2
0 41
5 58
78 34
1 28
42 51
15 71
78 60
71 24
5 57
4 65
7 31
21 27
10 56
77 14
71 46
15 27
8 19
10 61
44 62
17 68
12 61
68 79
0 4
6 62
31 58
13 42
1 24
27 50
41 71
33 34
26 41
6 79
48 70
19 42
29 56
73 64
18 22
71 25
11 58
39 46
55 77
42 46
79 12
36 60
23 29
27 41
13 32
75 54
17 44
20 32
38 40
37 39
37 57
52 54
16 59
33 50
33 38
18 34
58 64
57 71
50 69
17 24
56 77
73 70
15 24
15 32
19 40
45 58
20 54
37 72
10 69
6 28
32 47
16 35
63 69
75 5
38 71
76 68
30 63
59 77
22 68
11 48
59 61
6 19
32 59
77 36
6 29
71 28
0 77
32 56
43 75
76 49
2 18
74 29
16 56
9 70
74 50
7 72
1 8
23 27
48 59
25 42
14 57
7 55
26 74
1 20
74 60
4 15
78 20
14 64
36 57
39 65
26 72
8 54
6 42
76 28
32 68
31 55
78 31
21 75
16 61
2 69
76 23
36 40
24 44
59 69
79 20
55 76
33 67
38 78
65 73
6 76
16 43
73 58
17 40
35 46
17 45
15 41
8 60
21 42
24 68
37 63
30 34
39 75
77 50
24 60
46 70
50 52
3 5
74 68
30 48
79 35
26 48
9 39
36 69
32 60
4 41
24 70
36 46
19 44
74 3
1 7
73 43
54 60
6 32
41 69
53 59
23 75
17 59
10 53
71 54
77 49
4 35
71 13
33 37
23 49
17 52
26 31
16 25
19 66
42 73
6 16
70 75
8 15
13 39
39 68
72 34
43 62
24 43
5 67
70 38
15 19
19 67
37 46
36 45
34 64
23 48
7 28
79 57
25 41
13 14
9 45
43 47
35 71
6 24
27 72
72 78
10 22
71 62
71 37
72 43
27 59
76 19
15 70
71 29
13 28
70 60
29 50
17 34
16 33
9 54
77 41
11 61
23 32
17 54
34 40
0 17
38 39
7 8
22 41
4 23
4 78
41 57
79 55
10 44
9 10
24 39
79 50
75 32
0 7
76 8
28 62
34 35
18 51
9 25
79 56
9 27
38 43
42 63
12 53
73 39
3 15
21 48
77 18
77 74
72 55
10 23
77 20
48 67
20 48
2 11
19 62
75 30
45 65
7 66
73 14
16 24
20 26
0 42
24 77
44 59
27 78
22 55
73 54
40 71
12 33
15 51
70 67
58 59
13 77
33 39
77 2
14 33
75 44
52 66
6 68
55 61
33 74
47 50
44 64
47 72
29 39
20 76
43 46
73 57
23 67
40 58
66 68
79 62
74 16
14 71
53 57
8 35
44 57
6 44
75 15
79 59
12 58
10 68
10 64
55 74
45 70
70 62
79 19
5 76
38 53
36 63
41 60
4 49
18 35
36 37
29 35
17 63
47 75
1 44
33 62
29 78
0 38
23 53
39 55
20 46
77 1
8 21
45 53
49 52
17 49
16 26
53 56
73 61
10 32
55 57
71 3
28 48
52 72
16 79
12 25
77 64
54 79
28 46
73 4
52 71
33 79
0 35
73 45
51 72
4 7
77 33
7 11
1 18
2 36
70 51
73 24
33 44
16 50
12 20
9 59
3 68
15 44
1 23
45 78
63 67
74 48
49 68
36 41
13 58
77 21
73 29
32 42
75 64
74 8
29 45
11 74
62 78
20 59
73 77
41 49
38 45
15 45
10 54
25 66
46 77
77 26
79 5
17 51
3 72
21 29
31 47
27 39
73 21
2 39
8 14
35 47
57 59
13 38
19 60
43 56
12 38
78 2
51 53
40 76
15 22
31 57
50 57
78 48
75 19
5 48
30 39
21 33
70 8
39 49
77 3
21 58
11 67
28 31
43 50
22 46
23 37
56 71
72 76
11 25
48 68
7 34
12 15
28 40
35 44
38 68
0 26
21 55
72 57
74 76
0 53
0 54
51 54
5 17
42 66
29 70
37 42
2 34
35 64
70 28
2 67
66 69
66 79
26 32
7 45
4 33
10 15
77 34
11 53
9 47
2 38
36 39
7 17
5 60
9 55
24 54
14 38
77 29
1 51
17 46
72 0
7 24
71 75
2 55
63 74
8 23
13 41
4 5
4 18
18 57
72 70
10 25
79 63
5 20
20 37
15 53
8 63
72 15
15 23
72 50
39 58
30 67
51 77
43 53
76 24
4 68
26 50
1 45
9 78
35 77
33 65
48 76
70 27
34 57
78 15
76 57
50 67
3 59
39 60
17 66
75 20
72 19
14 47
48 57
62 77
72 25
63 68
75 28
41 50
45 66
19 39
48 53
75 60
42 71
24 66
7 21
46 78
16 69
17 31
1 53
7 18
1 26
31 73
38 54
5 56
15 30
74 32
4 43
50 53
79 43
77 60
22 70
14 40
40 66
39 54
26 42
23 58
10 60
8 50
6 12
40 62
27 47
5 14
75 1
75 46
3 22
79 75
79 0
31 63
