73 117
8 92
113 85
119 108
15 56
21 109
24 99
49 57
20 48
43 74
39 78
115 20
48 91
26 57
56 81
22 77
34 62
23 54
87 110
12 50
118 109
22 49
3 102
11 65
10 59
73 106
32 99
86 112
47 117
12 45
20 81
10 28
18 92
60 63
33 58
5 109
38 91
50 95
61 68
0 70
93 103
92 99
29 102
63 100
57 98
54 56
46 107
45 56
7 12
109 119
87 106
67 105
68 98
19 85
21 26
34 78
16 25
58 97
118 15
43 55
104 105
99 101
34 111
52 81
82 98
6 28
69 108
75 102
1 98
112 78
29 108
42 76
5 45
76 103
25 50
38 70
40 104
63 93
75 81
58 84
14 30
63 101
45 103
27 42
23 111
20 89
2 7
57 89
117 39
69 106
35 60
112 79
29 70
89 114
59 108
2 5
18 55
113 118
36 97
53 64
58 82
112 41
85 106
48 97
46 66
0 89
37 40
18 63
74 112
7 69
11 45
52 59
119 3
10 89
18 46
93 113
35 96
6 56
12 90
36 100
0 30
13 83
63 74
116 37
119 36
36 63
8 44
58 92
113 104
3 6
3 70
25 34
44 54
12 26
48 78
61 104
67 81
17 42
30 97
114 26
114 99
30 99
12 14
88 92
79 89
55 77
73 89
93 105
26 51
30 54
2 73
118 98
3 60
115 54
10 110
1 79
6 84
56 83
12 85
7 73
114 105
112 24
31 93
11 92
9 114
41 69
70 88
7 32
14 108
7 84
19 65
12 78
52 88
6 114
16 119
1 22
117 85
32 51
113 67
37 51
7 51
25 70
66 75
31 71
2 85
40 48
45 76
75 85
39 86
45 91
77 86
55 69
20 100
30 77
2 43
27 108
28 115
114 12
92 111
57 91
13 106
60 74
8 23
19 95
3 50
40 42
32 100
35 54
1 42
46 72
10 84
17 24
65 73
21 39
50 114
14 29
15 80
9 48
37 111
4 33
13 79
49 51
72 73
28 85
113 70
118 17
26 82
9 54
62 115
29 41
29 83
9 56
7 33
3 93
36 89
87 116
101 118
115 86
17 115
43 56
115 40
72 81
11 14
13 81
42 48
27 63
41 54
34 41
93 111
25 99
23 61
13 80
3 23
63 77
25 26
13 96
45 94
12 24
4 97
6 16
117 105
4 31
119 92
29 61
33 47
118 3
1 110
3 22
45 88
48 73
2 16
116 95
45 111
47 68
114 37
103 112
8 25
1 11
43 45
14 89
61 98
46 103
117 9
57 67
119 80
10 26
35 71
52 103
3 63
23 28
117 55
25 56
31 89
112 26
16 97
0 69
39 73
111 114
32 42
33 87
11 115
84 103
4 27
80 97
39 72
23 51
75 98
1 60
30 108
19 80
17 80
44 114
116 91
3 94
69 81
87 96
55 65
6 33
16 46
27 101
38 68
55 78
27 68
65 112
75 88
6 85
30 93
89 117
42 80
36 60
17 75
94 118
111 115
13 118
105 108
16 45
3 53
39 75
36 51
118 54
70 119
45 105
81 86
13 34
89 108
59 74
20 98
115 35
98 103
58 86
107 112
119 37
50 102
103 107
21 70
20 110
0 48
28 100
56 72
75 110
112 25
13 108
49 81
37 63
45 96
35 72
19 28
67 87
9 106
12 100
0 17
55 81
115 93
28 41
43 76
115 101
87 104
114 59
27 75
18 82
71 73
113 35
8 80
36 65
119 46
52 91
28 67
77 92
22 101
5 72
34 57
20 79
51 87
5 30
9 14
37 104
119 91
30 111
80 91
63 99
72 104
115 60
15 27
2 33
17 62
20 32
68 81
34 116
63 69
55 72
32 92
29 118
45 71
9 74
113 33
73 96
21 102
75 89
20 70
6 102
37 102
36 58
19 94
19 100
13 100
112 11
51 74
11 28
27 33
26 39
102 113
78 81
109 113
52 101
102 107
17 45
119 12
0 32
112 53
114 38
55 110
96 111
11 117
62 119
7 43
10 90
41 102
71 116
38 99
29 66
41 108
64 72
50 119
74 106
16 18
38 51
9 60
19 109
113 47
50 116
16 37
31 63
34 105
16 28
77 88
38 84
10 39
6 78
54 78
117 92
96 102
31 46
115 10
36 107
118 27
16 19
113 68
68 116
14 103
7 109
52 57
114 110
61 103
35 110
52 109
0 33
81 101
0 62
116 42
101 108
116 33
56 88
20 59
66 85
25 33
114 16
73 81
22 99
76 92
49 85
29 119
112 66
5 22
15 44
8 63
2 23
26 100
55 114
43 58
14 49
66 95
86 117
61 84
46 84
11 68
67 107
25 74
51 78
54 68
45 47
118 103
34 73
58 93
17 37
118 20
47 81
14 91
1 109
113 11
116 115
37 74
8 67
117 33
18 90
61 105
48 94
57 72
62 67
74 77
41 43
24 81
102 105
90 111
15 94
1 90
52 74
113 22
7 87
68 104
5 13
10 96
34 58
94 101
12 51
25 53
12 18
49 112
17 103
73 105
114 77
91 99
67 118
25 73
35 64
88 113
41 74
7 95
20 31
21 105
78 87
43 101
50 68
48 57
31 33
32 70
44 89
52 105
6 62
65 111
28 78
33 61
4 32
89 97
4 104
51 80
77 78
1 54
7 106
16 56
46 96
42 78
11 30
50 93
34 110
33 79
39 102
1 48
54 88
26 92
32 101
115 15
113 110
25 58
28 34
7 64
53 96
78 92
76 108
86 88
50 79
24 91
8 115
118 26
27 69
115 29
116 82
41 59
113 99
29 65
12 79
36 76
9 30
20 74
16 29
20 38
7 118
23 81
38 110
92 109
112 6
12 117
45 93
8 107
32 58
13 103
6 61
45 98
68 100
77 85
115 105
10 51
35 65
76 96
67 94
77 95
10 79
69 103
0 118
15 87
58 111
70 109
29 88
27 47
119 71
68 110
4 59
7 52
28 87
16 39
33 59
70 78
37 84
50 57
36 109
71 95
31 74
17 109
28 114
17 28
39 61
58 113
36 105
13 32
28 75
15 26
9 61
115 109
80 94
8 95
117 4
2 11
45 117
35 67
56 75
113 6
8 52
35 55
38 60
32 59
5 28
118 91
6 71
5 84
47 85
3 69
27 35
18 24
11 16
40 103
115 6
46 78
47 70
35 48
59 84
16 70
73 115
38 115
48 103
12 16
5 71
9 93
74 78
42 111
24 39
58 119
32 33
34 97
21 115
47 54
34 86
3 12
41 44
86 87
86 93
77 91
112 71
99 115
28 88
0 100
9 104
67 88
117 22
14 96
8 18
116 41
114 83
11 82
11 52
106 117
73 94
32 93
53 100
29 104
40 54
48 64
24 113
112 75
37 39
26 56
46 49
9 80
15 58
3 91
31 34
19 20
4 39
27 95
44 47
48 53
115 24
18 84
73 75
85 89
47 91
25 59
19 33
44 93
28 89
80 96
42 101
22 47
101 107
11 100
30 87
78 108
50 62
102 111
33 100
41 98
39 113
51 64
19 75
17 36
25 106
12 83
13 46
49 96
9 96
49 105
17 39
5 67
2 59
20 73
0 58
0 54
4 93
114 23
104 111
18 76
16 75
13 35
20 109
37 56
82 103
1 81
40 44
5 85
16 64
35 87
117 6
64 106
67 89
58 95
72 88
5 66
16 76
25 38
112 109
41 82
5 78
75 82
56 67
31 110
11 34
64 89
40 81
30 44
66 72
43 44
22 59
59 93
8 34
63 116
55 71
61 73
51 56
41 105
117 2
36 44
73 100
116 32
115 2
46 89
34 115
24 88
44 46
44 87
60 100
36 103
37 72
28 33
55 99
30 101
77 118
63 96
63 102
116 48
113 72
31 82
14 18
38 119
114 68
15 105
76 97
1 7
74 107
75 116
114 108
4 70
19 41
43 71
82 106
114 117
29 49
63 91
8 110
25 80
24 56
74 89
26 37
3 40
117 15
39 88
61 69
13 82
25 35
88 100
116 4
16 26
14 40
3 17
59 106
26 85
13 88
61 75
10 106
15 45
36 67
30 112
31 48
16 80
5 21
113 75
58 87
32 118
83 112
32 83
113 25
3 65
13 47
59 78
50 51
42 44
68 115
9 119
87 97
24 75
26 103
91 100
15 86
69 95
8 93
93 109
45 114
72 77
10 11
98 108
49 98
6 98
30 53
46 75
2 77
21 117
39 70
43 106
31 91
19 27
73 109
107 116
75 84
44 111
40 87
119 74
67 117
13 44
60 112
19 31
36 77
25 105
112 39
84 104
61 62
46 113
118 28
116 46
118 105
112 51
39 104
63 85
19 46
56 108
47 52
59 90
59 66
115 75
35 58
7 45
16 112
20 37
0 38
113 108
43 78
33 69
79 94
35 111
47 104
46 92
13 64
118 21
33 46
14 114
75 97
119 61
80 86
32 95
4 11
39 87
80 118
29 80
11 116
116 7
8 42
49 60
22 95
18 116
116 96
41 64
23 85
78 103
115 69
116 99
34 81
27 89
53 76
72 112
17 92
10 53
35 90
10 111
63 114
10 78
38 98
83 96
117 115
23 38
45 46
18 20
54 89
100 105
34 38
1 24
113 86
5 91
25 30
17 44
4 20
45 67
3 113
54 61
61 109
9 15
76 86
12 37
49 89
0 8
55 101
16 69
10 16
21 47
115 55
72 83
30 31
17 35
54 55
3 103
11 70
9 111
91 95
79 85
23 93
11 108
74 76
38 101
114 13
116 108
8 41
10 63
8 74
50 86
117 103
8 10
31 67
29 99
112 44
68 97
118 33
4 34
8 117
69 90
0 65
86 96
116 60
116 73
68 88
2 87
113 81
0 94
115 113
26 63
13 117
25 60
1 41
7 88
27 109
19 43
17 49
5 37
76 88
46 52
32 41
9 31
41 110
119 11
21 34
41 80
8 106
38 118
0 61
16 82
61 114
53 93
44 61
33 86
82 115
112 37
11 40
53 82
28 53
50 94
3 45
30 91
117 40
0 2
119 51
59 81
56 85
12 91
66 79
115 92
66 98
8 17
88 108
74 114
38 69
2 67
46 51
76 93
16 40
34 100
8 86
44 65
18 59
41 111
83 91
5 48
35 92
83 90
113 14
16 90
113 79
26 67
5 107
29 34
11 97
25 64
59 82
114 54
5 75
26 77
7 97
38 75
49 110
16 62
62 80
29 67
45 64
102 110
15 102
44 78
43 81
35 117
17 85
63 84
74 117
84 90
49 50
81 119
20 75
31 53
1 62
24 63
57 84
79 115
18 75
35 45
25 40
43 46
25 119
33 92
50 64
14 76
79 111
17 69
113 91
89 111
53 81
21 77
57 107
21 45
30 96
62 106
64 92
89 116
4 92
5 9
10 85
2 50
23 41
50 84
81 94
13 68
18 119
32 84
19 76
34 84
77 80
7 13
48 113
1 93
116 58
43 60
117 78
74 83
33 35
112 29
60 75
80 111
111 116
41 93
29 87
10 94
119 4
67 108
31 35
20 22
99 102
20 64
6 49
50 82
12 29
8 14
11 80
13 33
48 110
44 90
34 66
33 98
72 91
115 23
4 66
101 117
17 79
107 113
25 52
0 25
49 65
37 66
30 74
113 80
21 116
57 99
14 88
20 43
117 37
117 54
53 68
81 110
39 101
68 102
88 94
62 79
38 100
60 105
18 36
34 45
57 69
116 57
116 24
116 3
13 85
112 15
70 103
74 98
33 42
11 77
36 102
116 36
34 113
50 109
82 92
71 92
36 59
119 60
8 58
39 110
62 70
17 107
24 86
71 91
47 116
83 100
4 75
39 85
31 56
100 116
27 53
118 99
73 82
15 76
77 82
112 3
43 107
21 27
39 59
77 112
35 42
48 85
30 92
44 77
112 73
48 101
12 118
23 44
34 52
55 96
44 108
22 73
38 50
21 113
88 114
10 52
93 102
55 95
118 9
24 110
119 107
114 10
112 90
49 117
1 29
82 91
33 83
32 64
16 35
36 38
40 99
76 89
52 82
47 110
114 70
88 119
116 93
7 91
119 57
0 49
67 103
103 113
6 100
63 119
42 88
14 44
27 92
31 98
88 105
47 89
110 119
57 58
23 94
34 104
114 46
23 71
116 105
84 86
5 87
62 107
23 24
54 82
37 71
114 118
61 72
2 39
82 97
117 65
70 80
114 24
18 118
1 18
11 27
24 94
113 2
6 52
116 78
69 85
35 108
61 118
18 68
58 70
35 77
115 45
64 108
60 103
30 67
54 106
30 81
7 80
67 68
21 52
65 107
25 61
22 37
4 7
65 95
82 94
114 19
108 117
104 112
21 119
13 29
86 116
18 85
5 88
4 94
49 106
53 62
15 46
45 119
17 30
114 87
10 57
0 111
71 81
8 69
116 55
42 102
19 116
7 39
95 117
54 81
1 4
69 97
7 28
42 65
43 54
55 106
37 79
8 37
57 96
60 69
84 112
9 70
64 79
97 114
112 89
75 90
36 72
67 82
63 111
35 40
113 106
64 114
0 63
103 104
52 67
9 109
114 39
63 82
25 104
81 103
81 111
97 108
13 52
86 89
20 88
33 77
52 106
106 111
19 77
62 110
31 87
86 111
25 96
39 48
5 102
35 66
42 103
4 21
119 1
115 41
96 103
97 105
28 107
108 118
16 102
69 74
99 112
22 46
26 75
64 82
10 113
55 88
91 103
0 86
1 114
90 103
114 104
14 97
65 105
100 113
42 109
51 106
116 62
14 85
63 79
27 29
104 108
27 31
114 56
4 48
114 79
4 35
85 119
13 31
4 29
2 76
5 117
32 78
11 118
13 97
45 85
107 109
48 98
113 27
49 104
79 116
27 98
57 59
27 74
39 116
111 112
88 109
22 52
116 72
39 46
47 105
34 83
13 72
10 12
93 104
115 39
65 104
19 49
6 41
28 63
28 62
41 47
112 42
45 80
117 104
53 103
28 95
76 118
76 87
96 119
15 99
51 118
6 34
36 114
26 110
20 94
3 7
33 57
114 57
16 88
119 14
25 71
112 18
58 64
118 1
24 76
8 57
67 76
72 80
9 69
13 92
119 114
27 61
60 86
76 113
80 81
1 76
25 107
21 65
45 86
7 34
26 89
3 41
116 92
67 96
38 62
10 56
112 82
118 16
59 65
8 50
40 77
51 88
74 100
22 28
17 89
14 118
