98 17
97 61
13 46
51 88
88 64
27 92
33 41
14 76
14 51
54 55
58 64
32 96
85 26
30 96
3 47
15 46
60 87
44 56
0 81
43 71
24 63
85 64
17 95
92 35
93 74
14 98
95 41
99 65
41 58
12 37
90 21
28 44
7 43
86 42
44 49
90 43
92 76
73 85
38 54
31 68
40 88
52 87
86 84
5 93
4 5
89 77
19 29
49 81
64 66
23 77
85 87
11 90
0 3
13 36
41 67
93 46
41 42
24 36
1 46
37 74
4 69
10 44
46 81
93 6
8 50
77 79
9 19
27 68
48 96
14 61
8 33
47 77
60 96
34 87
83 90
1 97
91 57
40 75
90 52
37 86
72 79
15 58
17 28
18 68
97 69
1 80
69 73
19 62
13 32
21 59
45 54
88 35
89 69
15 31
13 19
17 49
26 28
29 31
32 73
76 88
55 76
18 84
60 80
11 28
11 53
35 67
8 86
68 92
24 74
21 47
14 60
0 77
99 22
35 36
4 29
51 62
6 68
33 58
93 86
96 53
98 83
21 86
3 55
62 70
48 50
38 92
88 39
19 93
85 44
95 38
92 43
12 18
91 65
47 96
17 88
84 85
5 38
35 41
89 52
88 62
13 37
95 2
3 94
24 50
18 43
85 79
91 30
98 0
98 60
15 81
50 97
16 78
17 54
93 13
61 69
68 79
35 65
61 91
86 49
16 96
33 54
88 82
68 71
23 89
58 65
60 75
52 92
55 65
19 96
88 36
45 79
91 60
11 76
99 82
94 81
35 87
1 89
1 50
53 55
59 77
25 45
94 36
52 72
95 96
96 37
95 73
32 83
30 61
80 91
96 39
20 22
33 45
14 91
86 69
17 22
38 49
1 38
29 54
89 98
37 90
45 86
90 23
86 28
91 58
72 95
23 78
18 93
32 65
0 46
2 38
86 35
52 81
97 13
99 52
11 57
28 78
46 88
3 66
11 71
31 97
99 89
9 67
97 30
34 79
33 76
93 79
38 99
35 48
41 51
10 63
17 55
12 16
55 96
88 20
2 34
3 92
47 62
29 75
97 72
62 77
88 52
35 97
86 33
69 94
70 95
97 51
9 60
85 34
20 41
3 5
57 58
41 77
91 70
8 61
54 70
34 77
44 91
62 79
85 50
7 32
9 92
2 16
54 75
91 67
24 31
27 94
5 29
27 91
45 50
48 67
27 37
88 57
15 19
29 36
14 45
24 26
25 56
13 98
40 99
5 63
89 53
32 63
16 77
95 57
66 89
36 46
1 63
51 57
99 28
39 64
20 72
82 86
35 60
92 23
24 73
25 65
48 94
89 95
40 90
10 51
86 62
18 81
91 17
88 41
89 84
33 83
16 86
60 76
20 82
10 87
5 23
62 73
61 72
55 56
85 10
4 65
7 80
45 74
41 63
75 78
30 86
38 39
3 89
99 39
57 78
23 93
88 0
50 52
28 83
94 31
47 71
17 93
75 98
23 73
92 15
89 42
86 31
27 82
50 63
86 48
69 81
16 37
3 65
14 92
73 94
38 94
9 77
6 97
40 93
55 69
70 96
72 73
13 81
85 23
3 26
85 11
50 76
98 35
37 87
97 86
17 72
27 84
69 75
0 52
70 88
87 0
98 78
37 95
28 39
23 82
95 43
16 18
44 47
54 64
23 39
37 76
47 52
0 8
13 72
94 90
79 82
77 99
17 40
64 83
44 78
90 6
71 77
92 47
0 32
24 27
1 49
39 43
75 92
96 27
89 0
30 31
9 70
9 64
21 48
13 96
9 74
85 97
17 73
89 39
1 87
78 96
17 20
3 46
8 99
63 79
85 82
91 49
56 90
38 41
45 55
74 99
89 70
5 52
23 43
86 11
33 56
94 68
90 19
95 4
62 94
34 98
7 66
98 33
87 65
74 98
88 3
8 79
29 96
35 81
24 48
11 91
41 99
76 78
81 85
21 77
96 0
11 51
89 37
88 71
50 81
97 81
54 68
15 34
90 42
9 20
50 99
40 84
56 83
35 45
16 99
3 19
28 50
97 53
25 49
90 67
92 63
31 37
10 16
91 5
78 99
4 22
5 95
2 88
20 25
9 31
81 89
32 35
91 84
93 83
92 44
56 79
92 67
89 60
94 80
0 72
96 84
60 61
2 25
51 94
0 44
18 80
0 12
86 53
38 84
57 67
81 82
50 87
45 65
4 25
8 46
18 36
19 35
24 61
2 14
17 36
69 74
26 71
26 81
98 21
7 74
36 55
94 1
35 55
41 97
25 57
49 87
12 13
31 67
12 33
8 37
94 30
13 63
50 78
76 77
55 79
3 68
40 41
16 75
34 35
11 20
77 96
38 55
95 20
6 85
28 63
15 37
99 48
45 84
48 69
50 55
56 61
18 85
61 74
96 11
61 95
73 91
32 41
23 59
7 59
3 76
21 53
98 65
87 99
17 68
98 67
0 25
27 73
20 76
37 82
71 82
35 95
54 90
71 79
77 95
69 76
73 77
7 28
17 39
8 25
4 47
16 26
7 42
88 43
26 56
28 33
58 70
72 82
30 65
13 75
18 41
91 83
94 76
88 7
66 84
91 8
92 54
4 40
45 98
93 91
4 85
24 97
1 91
40 67
80 89
13 84
54 76
13 29
7 48
94 64
68 84
89 17
