72 164
42 108
241 52
151 226
78 229
41 134
16 132
241 198
44 168
55 108
128 227
154 199
37 243
123 211
193 223
8 76
84 147
0 8
234 126
22 127
133 141
230 68
35 93
29 169
126 197
244 161
12 112
58 209
138 228
4 33
242 29
101 187
113 200
105 155
235 169
3 141
43 69
128 141
100 173
195 211
81 113
156 205
237 180
24 34
108 230
81 216
73 238
168 190
67 193
151 158
28 229
230 182
154 176
10 215
136 175
42 73
227 153
39 226
228 147
4 161
75 84
90 202
237 18
162 215
103 248
50 54
128 155
162 210
144 209
5 212
10 96
122 211
38 228
151 170
143 228
228 203
230 219
191 201
141 211
70 101
33 204
234 100
244 7
175 187
31 68
176 214
68 74
78 161
84 134
2 95
19 91
124 181
50 153
176 198
233 136
20 216
139 194
113 129
228 190
164 249
57 178
55 169
160 217
241 86
199 221
7 222
24 160
242 175
233 112
226 60
36 227
136 200
230 47
192 226
43 119
159 206
241 136
105 198
159 162
13 129
99 147
51 55
13 69
219 249
134 233
231 125
64 83
30 145
244 10
3 153
155 184
74 207
12 202
142 187
242 168
247 133
87 211
152 209
22 137
246 175
56 245
41 146
7 94
225 61
199 248
190 193
235 39
4 80
58 241
22 239
2 113
246 52
232 85
241 107
50 135
241 183
95 148
82 163
131 236
237 62
17 141
231 8
199 216
83 240
19 185
107 183
168 174
240 228
66 72
10 243
145 177
242 68
7 149
6 14
241 139
165 244
19 244
51 245
69 84
49 56
37 137
11 36
231 236
20 76
74 217
228 8
134 141
6 62
76 192
89 114
178 194
38 95
26 88
12 181
82 219
152 240
225 237
233 65
138 200
192 210
32 111
57 186
58 105
8 130
95 220
103 172
127 222
83 99
186 237
90 131
178 196
156 162
220 229
72 116
101 163
151 165
27 96
193 244
99 245
52 154
248 208
177 210
92 177
179 224
14 97
136 184
32 116
242 122
145 185
49 147
53 230
244 116
11 109
245 46
12 22
134 171
10 157
106 113
177 218
59 118
51 148
177 238
139 189
29 245
41 241
80 240
12 246
138 167
23 202
9 84
109 156
237 64
168 184
228 210
20 234
28 230
62 138
107 221
106 137
93 214
19 44
214 222
33 162
215 218
91 167
23 35
67 158
226 25
20 143
71 86
158 236
48 76
235 49
23 114
21 107
32 83
249 40
189 234
51 62
36 154
217 231
102 214
99 105
47 72
49 51
92 115
226 124
38 60
25 138
72 195
249 105
28 40
118 209
225 149
248 124
96 226
10 236
239 220
160 209
240 55
45 152
234 136
4 54
170 209
71 125
1 194
235 28
90 230
15 212
154 233
1 190
43 134
89 217
133 195
65 161
245 120
52 57
186 235
55 113
241 109
116 158
232 89
70 88
3 244
4 14
186 243
86 216
32 181
123 134
105 119
232 93
101 186
138 177
63 96
226 203
246 187
91 126
89 105
135 196
105 203
30 90
228 12
145 167
87 101
8 245
243 76
15 138
75 94
95 243
46 131
15 47
56 223
133 173
185 203
140 217
125 181
247 112
115 147
189 196
55 83
35 102
69 159
47 62
67 81
245 186
165 207
105 232
233 22
14 54
148 222
114 181
92 101
36 97
126 158
91 166
89 142
176 218
116 215
164 198
242 103
226 65
26 91
11 169
38 209
172 221
69 174
181 194
3 228
135 161
234 175
63 91
94 157
116 181
175 193
5 59
79 151
6 19
236 23
15 28
231 172
28 114
63 92
152 190
188 206
49 176
99 136
135 202
35 220
230 147
152 199
242 44
226 77
70 246
23 214
67 245
3 121
94 130
227 241
236 100
248 155
50 98
83 205
52 206
13 174
117 138
76 168
14 133
82 230
12 191
241 222
64 206
125 227
232 16
47 214
11 47
137 211
131 231
174 200
237 161
4 56
45 161
43 182
8 208
229 50
43 82
87 124
65 103
66 114
113 128
111 219
237 79
65 68
49 132
171 172
23 144
24 29
10 158
10 172
31 122
8 54
9 11
160 200
247 27
39 187
14 25
112 142
180 221
58 76
122 200
5 58
50 99
22 108
70 238
117 202
47 190
242 74
29 121
39 180
136 229
242 71
0 47
9 222
114 185
108 134
45 113
1 93
161 173
69 179
149 172
69 166
247 10
73 208
0 97
92 145
167 223
47 59
189 192
186 224
118 245
74 93
96 167
104 123
232 23
123 209
64 123
246 95
115 191
201 223
53 179
32 227
114 178
13 102
27 246
32 141
80 91
37 182
151 171
128 206
1 3
20 92
121 234
228 199
143 194
127 230
231 174
31 161
11 31
238 175
33 85
39 232
71 183
24 51
127 211
47 184
94 126
12 140
109 124
102 145
244 26
4 152
230 105
23 183
236 208
97 239
10 107
124 132
117 246
25 135
124 127
54 154
10 167
123 171
133 209
241 169
13 217
242 13
103 129
194 211
71 204
201 231
43 102
103 149
68 73
156 241
240 118
119 143
75 186
26 78
34 50
64 95
165 190
232 117
173 233
17 187
212 247
155 222
107 184
129 199
40 41
218 244
184 236
95 170
31 195
158 202
76 216
48 122
144 208
61 204
77 199
8 32
85 248
35 183
56 66
87 168
68 151
227 142
34 202
246 32
226 119
231 128
82 243
48 64
65 108
133 187
75 166
10 136
82 223
11 78
239 134
132 163
245 23
0 173
27 136
110 217
103 135
69 134
89 158
5 111
0 77
56 81
75 222
2 151
247 211
139 156
118 179
205 208
27 154
238 191
2 159
84 213
20 205
231 122
237 22
42 89
9 165
65 77
234 39
74 117
77 170
241 50
102 195
40 85
67 217
147 175
66 139
2 214
72 161
232 135
5 186
186 209
169 246
237 142
106 196
5 231
90 135
155 215
12 216
117 194
55 218
20 53
55 140
160 196
96 97
96 123
0 14
135 191
7 67
66 121
88 195
15 185
141 189
2 118
16 27
225 105
245 15
242 59
7 71
9 220
37 40
113 244
46 87
119 160
14 102
9 109
210 232
10 173
112 161
76 117
173 247
91 204
196 234
11 119
72 233
235 140
12 158
132 158
141 206
81 95
112 224
244 27
195 213
63 221
85 132
26 159
239 61
232 120
229 146
244 134
138 161
160 172
234 245
65 123
32 108
230 229
76 246
192 237
231 106
193 198
231 132
249 3
189 240
243 133
225 154
70 116
169 244
68 140
163 246
17 106
72 137
69 168
93 112
228 201
132 146
249 39
35 38
17 217
239 8
9 239
50 208
69 81
74 90
75 144
73 150
152 159
131 249
45 233
229 66
95 215
49 184
36 88
136 246
44 239
28 29
9 158
232 121
36 221
225 102
50 74
6 92
54 94
37 98
18 76
6 228
137 210
10 232
131 145
28 196
132 213
242 47
28 77
177 216
240 211
6 98
23 84
47 231
18 27
91 132
208 209
236 176
115 169
1 120
38 182
228 141
193 221
142 143
228 47
59 74
169 223
158 171
152 231
69 156
23 184
116 223
119 152
2 168
105 156
226 4
238 74
79 137
29 96
246 55
31 65
241 127
32 186
236 173
85 233
232 157
15 206
70 224
66 77
44 207
138 178
226 138
145 216
12 102
30 156
235 78
118 157
87 93
248 12
36 110
228 15
57 192
182 224
54 171
82 220
174 189
45 96
45 130
226 57
50 215
128 161
115 142
199 200
8 158
177 226
7 228
243 49
25 86
2 211
72 210
94 197
177 191
125 148
241 91
34 103
67 238
73 77
156 175
130 197
211 232
111 155
50 233
13 68
11 242
45 192
35 42
5 22
123 219
50 51
28 106
69 98
47 130
99 197
37 146
141 203
59 198
30 239
222 243
112 172
88 89
247 189
132 185
110 248
101 211
68 152
243 154
88 134
234 248
191 237
29 64
56 106
59 166
110 212
149 238
104 115
22 65
76 234
24 187
54 197
232 234
107 146
105 223
3 13
36 42
83 114
35 209
8 227
41 227
19 166
163 233
229 123
15 153
87 88
231 43
139 238
41 110
237 102
83 120
174 223
137 167
82 200
46 51
96 160
54 220
9 69
131 219
0 76
20 211
62 165
73 161
237 28
243 63
143 169
40 111
15 146
1 71
238 199
136 240
235 68
54 202
139 205
165 217
148 236
63 172
94 192
86 211
247 86
41 60
17 135
23 45
1 101
116 121
15 197
97 137
228 112
22 152
114 196
75 107
22 99
64 75
97 225
97 204
88 147
3 120
40 63
231 154
169 224
47 172
96 159
60 198
19 187
91 195
249 74
134 248
172 190
8 47
88 169
138 217
14 158
145 227
40 60
180 183
126 184
74 151
23 120
71 248
89 223
227 62
39 86
170 172
26 134
54 173
231 179
75 145
36 175
215 239
185 224
54 207
130 190
32 127
22 246
142 154
75 141
18 42
239 95
149 223
132 202
14 204
225 126
34 58
240 198
243 244
123 212
152 204
201 208
189 202
70 247
157 192
4 48
16 205
225 92
28 187
88 207
170 224
38 122
145 147
91 116
112 166
92 94
35 149
119 209
5 7
149 232
152 161
17 186
4 75
231 107
161 188
0 68
147 177
136 215
63 196
178 201
89 181
124 234
69 230
230 50
34 208
242 62
196 217
6 134
110 174
11 114
69 117
167 191
91 136
85 204
34 241
118 243
39 119
31 104
94 101
40 77
106 140
130 157
48 57
31 86
73 209
231 26
6 135
18 19
24 31
163 206
103 122
107 227
233 122
93 122
218 242
11 110
181 246
131 210
21 237
82 161
95 101
109 204
27 54
26 148
119 159
74 91
39 100
37 130
13 173
244 109
122 201
236 160
106 179
15 243
248 33
11 154
164 242
47 67
51 76
36 68
59 111
147 212
245 52
239 11
25 44
39 193
138 164
66 153
43 161
69 94
8 125
42 186
87 166
114 224
2 39
91 121
111 227
20 141
167 213
23 180
52 84
89 185
143 203
238 244
231 105
241 97
122 226
48 73
52 192
237 33
68 143
50 78
62 67
58 63
130 165
93 137
80 174
193 203
122 210
67 170
102 115
182 205
16 49
17 235
244 119
74 100
71 215
107 157
232 25
29 50
39 217
119 153
245 65
1 203
66 149
4 215
25 49
26 154
87 165
101 114
71 169
83 194
170 180
57 61
53 142
69 115
158 179
163 211
1 233
71 81
104 168
90 213
248 62
239 113
93 249
33 133
226 66
104 167
133 200
229 159
176 219
9 41
10 141
18 111
27 42
21 62
7 145
84 186
64 202
155 195
176 186
241 244
70 125
16 156
54 246
98 219
228 17
1 76
38 159
89 196
243 44
238 142
27 31
144 246
232 163
116 151
54 83
38 153
57 157
76 230
246 37
225 169
82 155
24 213
249 15
101 148
50 97
130 245
67 133
165 168
23 234
105 202
66 86
243 18
227 47
0 146
151 244
82 167
68 122
238 22
17 177
119 208
232 169
244 111
225 96
3 229
119 125
187 204
20 178
29 105
44 113
113 162
135 229
60 182
129 173
66 112
95 192
228 40
26 116
0 33
83 121
63 132
149 181
49 54
225 188
197 236
116 208
38 212
239 66
199 227
11 30
74 77
81 107
121 158
81 227
73 108
247 87
73 90
124 151
39 81
197 210
88 139
231 192
52 199
84 113
22 218
243 94
140 157
64 200
127 173
188 198
40 74
58 230
139 187
157 227
3 38
12 153
103 156
244 172
26 141
61 73
60 218
50 105
10 235
55 213
236 140
220 241
143 208
101 120
94 107
20 158
7 37
82 216
93 99
62 103
4 150
115 155
116 128
51 248
60 185
121 136
61 191
63 232
111 190
29 221
52 224
61 75
237 215
188 220
183 239
95 230
37 219
97 178
104 170
70 188
35 134
202 218
200 217
130 223
158 183
41 161
58 244
40 56
19 49
46 222
129 152
14 66
4 213
108 193
156 227
158 186
35 174
92 172
24 90
6 85
98 107
196 230
50 91
92 127
244 85
121 218
247 30
74 88
7 185
55 149
34 131
38 134
157 180
245 137
26 194
148 158
248 40
60 177
140 204
41 131
238 121
121 221
53 235
107 233
244 153
43 62
238 174
145 210
8 102
78 147
63 113
51 152
231 4
141 200
21 202
152 237
155 165
20 202
56 123
173 200
71 139
57 182
137 203
111 138
139 222
155 242
70 141
57 103
245 11
225 46
172 249
193 243
2 88
23 82
20 64
242 81
8 175
97 102
91 197
7 129
65 169
242 82
163 180
86 121
7 206
157 186
59 96
112 194
151 240
199 213
240 213
97 208
96 249
247 16
77 109
81 247
117 142
75 164
63 89
247 155
66 108
74 214
237 248
239 79
227 132
27 126
110 201
194 219
211 224
199 209
70 147
71 245
96 124
246 28
71 232
72 105
188 241
10 103
21 192
119 171
73 168
21 179
230 61
5 172
15 42
19 29
45 237
136 225
57 214
23 222
55 126
81 185
159 174
11 140
57 121
67 101
246 157
31 119
76 129
27 62
93 116
72 158
57 69
138 141
56 237
25 157
120 218
138 205
141 235
227 152
143 223
137 212
59 144
103 195
86 218
148 221
141 166
153 218
101 215
226 212
81 121
17 220
96 197
247 64
236 196
154 220
245 183
202 224
153 212
228 224
81 189
209 240
70 221
232 50
65 85
92 130
79 235
41 148
13 25
134 200
64 222
35 179
58 65
195 222
16 86
52 121
74 240
146 152
39 104
76 195
18 178
162 196
3 55
133 139
89 150
80 211
118 198
196 211
231 241
6 147
15 164
26 193
95 99
86 139
103 228
74 197
54 82
4 9
76 140
183 200
232 156
65 99
68 71
140 197
206 210
9 150
160 206
181 233
96 102
199 206
16 83
56 89
33 188
100 247
23 140
99 116
49 139
30 112
83 236
118 149
21 92
16 56
152 194
2 228
133 239
72 247
83 111
103 124
123 190
8 64
123 195
30 215
148 203
133 155
115 149
208 210
104 191
19 193
53 211
150 210
48 103
229 15
23 175
225 166
48 96
70 124
89 148
25 38
249 36
81 182
132 191
12 173
124 162
59 205
80 157
91 211
235 108
29 111
109 211
244 190
55 133
169 206
65 135
58 218
36 149
226 111
70 172
6 191
11 99
190 249
39 166
131 241
13 205
233 25
88 234
5 188
199 247
38 184
81 161
233 39
112 130
43 53
230 202
248 109
225 172
228 114
226 75
109 218
36 153
3 166
30 140
5 8
243 185
93 177
1 74
145 220
50 79
36 216
96 195
17 112
23 90
25 205
25 91
27 238
113 206
14 249
86 114
12 138
153 203
8 46
123 246
151 196
72 102
109 160
44 85
247 218
244 12
89 245
112 189
19 194
0 215
147 200
102 157
39 96
33 129
22 76
17 102
213 229
29 113
184 191
244 99
5 132
134 237
9 65
44 122
225 58
99 173
6 51
0 66
179 209
106 217
80 92
105 219
56 221
98 213
226 205
215 216
104 206
45 239
49 124
17 200
245 163
51 87
137 229
110 190
28 231
234 60
90 208
150 222
244 98
38 210
98 199
92 173
100 145
50 173
44 80
112 221
96 178
102 166
155 173
109 143
93 145
153 194
43 115
47 224
29 217
29 165
233 197
154 239
7 80
66 137
40 140
113 175
104 209
53 166
242 151
235 143
29 202
31 50
20 150
34 93
234 160
158 216
104 224
91 172
120 148
10 180
231 76
82 139
81 99
116 204
64 164
84 149
111 140
39 66
98 124
28 103
52 233
52 110
11 94
158 239
229 82
187 238
33 70
75 174
163 172
88 217
84 242
90 104
25 92
11 69
143 146
167 210
50 120
86 199
29 118
141 169
60 91
71 203
98 135
233 222
133 190
15 46
236 22
24 53
95 107
104 163
109 165
12 209
88 91
248 241
47 138
126 151
239 195
112 168
19 180
64 213
41 113
102 226
94 112
201 237
204 231
80 153
245 102
245 97
47 239
59 142
155 229
30 83
123 178
20 190
171 240
232 21
84 152
58 219
229 100
19 138
67 112
74 185
123 161
56 57
67 164
103 160
105 237
1 195
233 102
58 176
145 205
141 142
26 58
240 133
229 160
200 230
130 222
33 89
14 225
17 92
75 130
140 188
226 91
31 146
248 32
123 160
17 69
28 149
67 74
174 239
24 116
26 63
16 235
119 191
65 164
39 165
36 172
34 191
227 160
31 190
165 242
80 139
57 113
81 245
236 19
99 238
91 230
245 27
101 218
242 75
147 157
5 9
15 209
8 172
153 166
123 183
234 200
176 178
104 182
150 204
167 169
130 183
213 222
47 206
243 216
65 153
40 115
240 112
79 234
55 219
6 231
9 38
27 129
120 167
243 80
113 191
156 195
117 151
137 175
92 191
111 233
239 198
25 147
130 158
68 148
47 129
95 233
56 166
131 140
5 190
141 224
79 248
23 66
63 134
106 124
80 210
82 210
54 178
43 237
12 96
75 153
16 65
29 133
3 194
93 191
246 42
62 92
187 232
9 113
133 213
234 149
18 148
62 119
100 218
39 91
1 117
29 243
131 164
14 77
117 150
39 68
93 151
32 180
183 230
78 112
54 201
26 114
43 125
14 16
226 87
169 208
24 178
117 156
106 156
226 194
136 158
12 136
34 120
81 210
183 206
95 190
51 218
182 187
122 220
97 168
13 114
246 94
11 98
159 214
139 169
165 219
21 137
43 140
246 100
231 166
238 157
144 180
230 211
178 235
128 230
168 176
45 97
53 63
237 153
104 236
215 226
109 111
245 202
216 220
2 191
62 221
141 242
13 224
81 171
246 219
175 247
20 82
33 54
130 239
134 167
202 243
233 63
244 0
117 149
31 189
17 105
63 83
0 160
23 131
4 164
43 112
244 245
246 91
131 186
95 210
146 209
29 216
13 131
33 69
146 230
13 92
91 128
133 182
17 87
69 127
44 144
27 93
54 101
34 230
4 27
35 161
242 189
66 79
82 244
25 137
233 215
122 124
1 67
0 128
19 128
18 58
119 122
44 218
47 78
99 223
2 134
18 156
62 102
8 199
101 206
248 153
150 170
235 203
86 242
137 195
5 241
30 76
47 244
243 97
64 184
174 226
31 66
162 165
241 205
58 246
136 159
238 122
45 143
129 164
56 195
3 62
239 201
42 58
135 225
121 163
41 208
181 218
0 35
53 117
47 234
16 177
77 210
59 85
25 125
123 208
246 13
120 185
155 214
245 243
242 147
205 244
187 225
226 129
116 144
27 135
165 230
92 137
79 190
124 235
95 249
234 63
77 214
73 242
245 106
0 210
62 110
57 152
106 226
89 146
105 121
91 235
233 158
31 148
119 207
248 56
245 208
48 98
69 160
32 40
1 114
80 217
50 61
70 229
33 87
11 147
112 180
22 24
2 53
111 183
53 155
1 123
45 52
246 86
23 118
130 199
69 71
238 93
97 235
19 136
117 220
236 105
44 194
213 216
238 167
15 98
138 232
249 47
36 60
176 241
46 221
9 72
105 117
31 95
247 25
93 163
237 13
136 217
222 226
125 157
235 24
219 221
200 212
17 227
247 8
71 221
166 181
96 163
37 165
111 222
20 173
78 94
10 34
170 171
210 243
104 176
209 230
53 232
214 239
65 86
34 221
22 143
48 105
42 63
120 184
25 112
108 149
240 203
37 150
92 165
143 243
172 214
25 65
58 194
57 95
19 148
231 157
89 186
30 31
226 169
64 194
243 25
240 195
8 74
75 210
90 193
163 222
103 234
115 216
77 158
229 69
33 233
14 179
242 46
91 210
198 223
6 213
28 133
0 177
151 185
61 181
234 208
46 122
33 180
117 187
88 133
235 236
44 158
48 184
89 231
123 224
239 148
217 247
114 195
75 92
39 220
60 81
162 237
14 45
45 235
5 159
248 177
35 55
29 170
231 213
117 146
8 213
109 205
10 75
141 204
13 62
12 135
3 15
143 149
3 195
39 52
85 97
229 231
147 197
242 174
63 142
82 233
25 26
7 186
37 147
21 211
100 157
249 42
0 116
146 156
237 216
10 98
179 202
19 118
163 200
124 131
122 207
9 21
249 174
33 209
155 221
33 199
84 237
11 58
59 104
190 224
13 72
45 91
249 112
57 229
29 110
77 116
158 173
87 129
66 94
10 121
174 224
24 36
11 211
162 245
171 195
89 192
188 229
48 135
0 38
218 222
94 129
249 119
60 202
6 172
248 197
164 226
160 186
65 106
87 215
12 168
243 179
248 59
136 232
87 181
11 27
247 117
22 203
155 212
58 179
204 236
16 55
34 73
0 123
197 243
83 126
233 184
20 44
182 222
236 153
115 222
86 180
9 13
240 135
126 141
153 239
4 118
172 173
39 135
10 52
77 155
174 185
163 208
34 143
100 147
195 218
41 182
229 118
137 215
50 133
22 160
69 97
39 168
172 212
41 49
180 229
10 246
230 37
193 214
17 57
121 197
126 232
112 165
107 177
245 238
52 177
38 57
163 243
247 136
38 51
227 120
14 181
86 115
81 190
164 169
242 66
68 142
98 142
121 245
6 30
226 11
26 145
74 113
18 131
129 150
25 80
30 161
128 177
47 200
2 7
52 173
80 214
84 224
174 206
29 34
168 203
75 101
60 146
155 206
44 241
216 233
53 151
72 110
10 176
24 183
31 177
53 111
72 218
26 32
18 204
65 134
225 155
18 166
9 36
37 220
35 62
243 165
62 175
35 74
88 191
170 201
16 123
12 50
15 233
126 167
237 58
133 159
91 100
89 172
242 153
113 142
126 218
225 211
72 208
110 177
242 160
116 200
170 219
48 95
35 193
104 117
34 130
57 151
93 183
21 136
89 110
184 194
229 201
9 153
5 13
247 94
101 203
147 198
104 127
123 174
18 49
138 248
237 113
229 145
126 190
139 160
234 165
1 83
200 201
230 43
6 8
141 230
118 176
41 86
9 202
137 243
27 163
93 111
7 66
90 130
179 238
114 177
0 135
84 139
101 226
73 199
198 202
47 156
241 17
234 190
111 149
199 204
157 202
67 179
129 171
15 184
59 93
125 240
80 195
122 140
22 112
12 16
30 165
226 95
5 44
35 213
3 8
238 21
238 11
244 50
225 22
62 169
123 166
172 232
76 175
126 146
13 175
183 217
16 204
35 214
55 107
7 86
85 122
34 53
186 228
199 214
118 120
151 248
96 242
51 65
13 53
91 190
94 201
60 178
70 87
164 180
18 108
140 160
249 198
38 219
51 185
46 67
181 236
11 103
34 240
41 152
20 185
5 220
31 234
148 234
57 159
239 204
164 204
2 21
81 235
100 114
45 195
84 198
100 161
15 103
70 249
55 228
244 159
2 78
169 177
41 144
3 212
157 189
232 111
41 93
93 107
44 163
145 174
170 221
9 117
16 45
40 73
18 99
179 228
163 185
4 142
37 199
107 199
138 151
18 56
53 177
72 108
6 105
242 171
60 66
119 223
122 229
242 148
233 214
38 156
53 132
16 36
48 149
139 224
54 114
13 165
29 103
50 237
8 45
101 166
52 106
229 209
227 46
15 168
87 169
149 158
134 138
34 141
33 78
186 241
20 46
167 242
132 136
172 228
73 206
239 225
105 144
44 102
109 128
8 84
239 210
180 248
233 138
230 192
152 155
247 51
89 139
136 168
132 222
18 242
115 194
160 163
226 223
45 224
9 16
10 109
24 163
215 244
59 204
108 119
36 136
15 123
154 190
125 206
191 229
154 169
169 205
147 205
189 197
26 54
160 161
134 187
113 220
34 35
33 145
146 203
56 101
36 192
32 234
204 215
57 92
169 185
123 185
62 151
230 206
124 148
46 243
140 194
238 49
246 64
221 232
123 129
122 160
11 60
76 224
247 184
176 201
162 229
53 224
51 123
91 134
2 203
74 229
162 236
136 208
150 158
242 104
92 247
93 210
227 66
56 185
28 47
165 171
90 240
61 127
92 102
229 38
114 240
197 226
4 89
76 199
176 196
34 95
28 97
45 74
77 204
208 230
21 65
63 191
7 161
62 149
249 147
11 210
45 221
47 153
183 226
225 93
100 120
238 58
244 182
104 249
79 218
245 84
92 181
43 240
216 223
72 232
115 225
95 180
96 171
62 66
97 140
58 229
99 151
16 51
30 111
17 151
237 119
31 33
143 186
47 215
193 200
225 64
150 192
225 73
59 69
134 222
187 241
44 189
248 74
123 217
102 136
61 153
30 198
98 115
23 223
93 132
27 186
61 96
28 158
60 209
152 165
124 166
36 219
18 121
34 163
90 235
236 35
230 163
17 89
49 242
138 198
239 224
121 230
68 119
12 236
101 201
9 166
174 209
54 219
71 131
62 137
22 170
91 137
5 143
122 168
86 215
241 110
145 175
78 128
86 235
16 216
80 97
249 51
110 207
120 248
168 221
34 79
46 169
20 174
96 175
13 161
167 226
155 209
58 161
219 233
231 78
167 186
183 216
36 130
27 108
246 241
236 32
221 227
91 200
4 49
103 197
23 123
227 106
93 229
24 169
1 162
61 157
56 220
5 36
239 147
26 191
114 160
247 202
154 195
69 109
13 244
163 231
238 97
164 246
245 177
89 246
51 182
49 109
65 75
130 151
135 140
21 153
82 211
62 234
96 120
237 196
10 60
149 216
240 54
147 201
149 220
67 153
90 147
43 177
86 237
176 181
110 206
248 210
228 170
242 56
242 85
2 76
152 215
225 153
36 50
66 93
11 221
238 162
4 73
84 109
84 98
130 210
145 157
177 178
249 132
93 223
33 84
29 190
42 54
51 80
54 151
2 198
100 214
14 186
45 93
233 99
0 69
94 103
231 73
57 237
17 67
39 61
23 164
138 189
170 187
231 12
47 134
40 220
159 180
48 186
41 72
142 177
55 184
248 242
60 154
167 220
29 153
243 107
80 178
115 231
79 177
237 157
151 224
25 117
232 133
16 226
238 183
51 189
136 204
140 199
4 168
37 223
231 108
99 228
38 123
0 50
236 215
118 137
146 207
144 189
190 236
239 217
216 219
123 162
0 206
94 231
129 224
34 211
42 224
70 168
77 215
15 27
91 203
87 90
59 210
14 230
29 79
38 41
21 183
85 127
244 2
33 195
95 103
63 212
139 213
175 233
39 149
23 169
240 196
13 30
32 82
44 59
10 70
34 203
69 237
247 232
245 187
213 228
56 125
101 246
114 236
83 85
20 33
41 80
115 133
213 218
205 249
120 133
47 202
188 234
41 190
239 20
45 214
236 63
174 210
25 217
16 28
4 77
19 24
169 179
9 215
238 192
1 10
152 221
246 221
63 103
94 135
17 207
30 235
24 179
106 223
114 201
30 89
11 22
1 245
62 69
83 222
141 240
189 194
94 114
31 196
39 64
201 203
147 151
247 151
244 196
232 141
95 96
27 130
80 166
12 115
127 135
229 103
248 89
247 236
101 217
113 208
232 122
60 206
112 131
230 199
243 72
136 219
88 120
232 179
6 59
50 197
147 204
130 200
23 26
241 223
205 209
140 203
68 213
145 183
25 199
237 93
174 207
6 109
196 245
234 135
36 142
121 189
11 149
5 85
6 124
92 131
234 86
93 215
192 227
36 143
98 205
60 97
66 206
41 192
231 49
36 72
8 222
12 88
2 222
10 149
159 175
178 202
37 173
135 160
86 156
53 160
43 210
155 189
87 201
240 59
59 185
166 206
116 196
226 29
146 206
26 87
88 126
141 146
98 155
77 243
26 103
227 163
232 215
19 234
54 179
127 169
76 79
232 158
153 171
81 202
194 216
22 134
29 155
50 134
107 209
49 128
124 194
81 208
22 71
97 134
19 195
21 233
56 172
239 75
3 84
246 124
38 99
239 162
108 128
237 177
163 244
184 235
34 169
47 70
12 222
97 107
228 41
28 59
21 125
78 209
84 121
51 72
229 33
66 178
229 217
12 42
228 130
240 230
48 56
143 225
226 178
70 178
91 108
7 238
17 44
171 205
237 15
235 65
39 92
166 249
19 105
12 67
70 240
80 202
109 142
10 35
64 66
249 85
7 211
67 235
137 205
240 22
41 125
92 215
80 86
151 156
232 58
51 157
54 147
231 35
131 179
71 78
233 101
61 98
236 170
55 79
9 203
197 241
104 228
29 201
12 97
169 175
70 134
19 58
67 197
142 178
238 20
96 237
217 238
28 34
246 26
20 99
160 247
25 56
188 243
19 217
154 205
69 92
93 104
16 92
120 130
67 184
233 68
53 99
29 99
22 95
109 170
44 146
51 129
219 237
239 88
40 239
74 186
112 118
144 200
134 149
88 244
94 229
62 125
148 243
131 178
238 61
11 33
225 84
234 202
61 176
234 36
7 96
68 175
246 155
85 203
29 198
71 99
45 107
97 199
6 50
47 187
228 218
63 144
33 37
57 236
72 197
97 240
242 170
78 126
229 141
28 105
119 164
140 232
227 198
125 150
16 30
244 185
21 204
83 104
168 234
197 202
12 93
3 24
243 24
45 133
166 180
137 149
12 56
186 229
229 95
61 205
45 48
99 168
108 218
33 59
192 234
35 175
241 10
121 152
239 138
91 199
98 156
67 86
120 136
74 222
247 1
138 157
59 180
107 219
62 161
7 130
2 9
2 82
56 201
4 211
66 103
44 176
33 134
162 201
177 246
7 162
172 203
71 95
117 163
38 169
5 154
245 68
229 174
6 161
12 48
229 61
4 96
182 192
231 221
31 224
72 89
11 68
199 249
70 222
156 180
48 206
15 58
186 248
23 212
161 180
219 223
11 20
66 224
120 124
92 114
231 247
130 188
184 193
103 171
83 89
56 85
15 215
87 216
66 186
15 136
77 91
227 39
127 133
239 16
28 58
225 33
54 206
116 129
23 59
34 194
76 222
22 146
160 193
236 27
29 214
35 225
177 249
42 70
126 240
76 97
249 32
40 122
88 166
6 171
70 227
7 128
21 110
169 171
29 148
21 189
141 174
142 167
60 212
41 151
137 186
227 14
154 214
230 35
241 116
82 181
0 16
151 234
230 8
165 226
240 31
241 47
23 115
52 171
156 230
11 218
79 187
25 54
101 191
100 222
19 116
143 241
116 231
110 193
228 125
16 38
27 88
197 225
18 20
229 143
95 171
15 139
145 182
137 185
145 199
28 238
40 177
244 87
38 170
36 118
115 137
76 150
107 240
35 154
229 207
53 123
245 107
204 238
244 203
179 205
95 227
57 167
50 217
30 73
130 218
61 194
172 233
30 152
46 233
234 167
2 13
27 116
12 31
135 223
231 61
72 151
86 144
17 157
158 249
141 181
42 241
228 171
224 246
75 129
83 232
38 77
238 136
91 191
122 172
135 228
142 236
36 132
40 101
172 245
71 156
244 102
25 120
88 171
33 206
236 53
20 91
33 144
245 204
0 194
55 131
117 174
124 174
70 133
168 178
226 189
236 161
71 185
23 136
43 120
180 184
225 175
123 145
72 142
140 156
150 200
33 178
77 207
159 184
69 231
88 121
241 119
174 230
116 226
77 138
29 172
243 151
101 222
53 118
241 178
107 211
83 113
39 95
67 136
71 151
2 178
10 137
237 169
164 176
110 180
240 93
88 196
78 186
195 246
79 133
5 239
128 140
136 165
169 240
145 180
147 164
87 91
226 108
227 26
233 185
28 207
114 167
249 128
201 230
4 37
17 210
1 85
8 78
56 67
249 143
47 105
152 171
2 120
225 203
141 213
92 236
159 243
74 171
59 169
82 192
54 108
64 104
244 70
240 108
33 111
102 232
115 136
74 123
138 186
90 136
62 109
210 233
105 140
249 92
111 170
241 46
202 205
232 226
15 65
6 221
43 145
38 49
161 184
245 96
238 170
240 218
51 179
79 166
86 204
43 57
69 163
226 48
6 7
194 245
10 226
20 148
241 210
28 240
35 242
155 175
25 188
246 209
10 162
150 199
49 181
19 153
142 194
17 164
3 231
2 148
20 140
121 246
27 167
23 158
27 123
98 207
35 152
24 89
246 118
4 88
78 174
2 58
136 177
225 111
240 138
12 240
77 233
205 212
76 206
227 67
12 235
37 48
188 210
93 245
19 98
134 169
30 130
247 172
181 182
178 246
30 191
72 236
130 164
1 6
133 198
43 167
60 187
116 141
14 189
231 21
139 216
233 89
194 242
227 122
43 143
239 19
70 113
53 203
40 219
58 82
38 61
227 247
159 161
78 109
228 30
143 234
42 78
227 245
24 193
26 165
240 66
45 213
32 195
88 164
54 215
236 52
65 116
135 217
114 226
94 152
14 82
24 128
42 102
70 215
40 144
41 89
44 126
28 222
55 82
116 225
56 108
42 96
238 146
75 97
67 142
4 190
235 48
70 115
31 46
51 70
73 222
97 223
79 174
241 26
236 77
142 229
52 235
120 243
52 89
7 89
58 74
23 53
176 194
52 102
227 136
61 142
17 38
9 210
29 187
40 119
226 218
142 190
225 131
228 137
42 146
16 140
90 153
174 192
17 107
87 175
238 153
88 225
240 52
29 109
239 196
42 59
240 65
132 154
4 129
51 207
120 141
112 204
58 123
174 184
112 114
70 118
97 109
49 63
38 70
154 191
84 231
248 94
106 201
59 176
53 217
145 189
234 75
54 239
227 223
17 181
230 24
67 190
106 220
25 210
66 143
229 130
93 108
13 228
148 199
40 243
142 183
187 227
60 164
76 229
62 211
86 187
233 169
214 216
27 119
148 224
48 180
242 51
62 108
12 200
130 173
43 89
39 144
14 188
110 185
83 209
105 247
55 201
24 124
163 168
77 195
94 108
190 245
249 84
195 247
179 245
45 119
98 117
131 208
162 166
130 166
181 219
53 171
4 146
86 217
233 159
119 124
60 243
239 185
28 52
181 183
102 218
119 168
133 170
208 227
100 108
112 149
22 227
39 140
31 193
123 214
62 172
177 209
16 207
132 140
17 208
62 192
126 224
47 170
239 223
95 136
65 205
151 175
68 149
69 195
28 152
237 20
231 141
195 238
117 136
6 170
84 199
84 182
96 181
57 241
83 140
62 189
24 96
45 110
234 231
75 81
120 215
246 135
133 207
22 232
21 133
56 105
128 245
85 205
63 128
71 187
46 180
155 174
103 161
126 233
216 217
108 160
130 207
109 154
53 71
83 181
234 118
16 236
33 208
186 222
56 80
247 34
237 140
215 230
136 220
247 77
31 176
176 243
30 51
86 208
247 142
72 215
232 199
21 176
11 243
15 84
35 57
155 196
247 126
175 178
184 201
156 244
103 198
75 209
49 112
14 171
62 168
7 118
17 198
128 209
122 141
234 115
215 241
91 175
207 236
243 7
119 151
117 222
43 195
35 210
120 160
246 30
233 130
51 71
152 186
111 142
22 243
10 46
12 29
148 175
0 214
237 92
34 216
106 169
168 189
107 124
107 162
68 181
132 195
215 229
12 58
30 110
172 178
0 78
19 140
156 161
99 130
228 95
35 126
23 116
18 205
232 213
140 182
225 63
164 195
31 214
247 168
81 110
167 243
15 188
227 75
44 232
71 240
236 90
109 247
48 166
203 208
74 126
52 81
72 134
6 45
42 44
166 192
20 66
2 210
72 235
146 210
73 147
27 124
46 176
225 5
6 90
140 177
65 244
237 203
78 148
240 130
155 245
65 160
133 231
130 208
74 120
110 244
12 43
100 206
84 123
40 198
85 157
28 191
8 95
247 69
14 34
203 213
105 124
93 135
240 243
241 204
202 241
226 44
34 200
29 84
7 124
227 74
46 168
41 87
234 178
249 38
241 208
78 164
83 88
106 126
75 214
140 172
21 111
104 186
108 174
71 198
8 77
145 195
46 113
172 215
59 81
3 216
146 190
56 143
71 107
198 237
66 133
45 68
130 204
10 147
33 73
248 144
57 119
41 222
33 43
121 195
78 227
185 190
234 106
11 160
143 180
133 212
8 217
63 246
59 110
102 204
67 210
40 162
242 208
244 137
13 65
113 248
225 75
238 173
45 220
16 91
22 49
238 202
56 193
175 194
153 246
55 141
135 166
41 184
117 148
48 70
246 7
234 184
57 181
118 140
199 239
175 202
19 144
232 190
109 181
79 188
118 247
20 102
81 102
244 209
187 229
57 232
175 244
36 121
21 199
87 131
99 159
37 206
229 161
120 137
45 105
231 17
239 178
88 176
19 224
56 132
170 183
35 156
2 245
71 133
150 228
20 139
43 54
227 76
230 184
98 138
227 183
243 217
243 123
4 65
162 226
233 129
117 154
75 121
249 33
238 109
240 237
240 49
5 74
58 213
8 248
164 192
74 135
65 124
34 166
237 82
89 116
87 204
85 160
41 210
238 66
127 162
249 181
190 237
48 108
132 144
42 144
73 132
96 147
0 70
99 180
122 182
18 117
232 185
24 38
73 113
236 139
187 224
185 236
245 105
34 75
240 117
0 81
230 224
230 157
84 191
33 203
103 144
65 200
182 202
246 46
51 208
245 215
232 110
242 238
118 160
114 202
20 108
37 85
136 194
44 219
71 170
242 32
194 196
54 187
40 230
25 239
6 33
182 207
24 40
171 207
58 103
239 180
19 122
127 174
226 219
232 108
21 64
97 148
114 129
228 61
55 59
27 120
85 169
226 8
230 203
242 16
71 102
28 94
88 158
202 223
36 246
25 146
235 212
186 195
70 212
194 202
95 163
124 186
50 151
230 245
235 198
217 232
13 149
75 124
94 183
86 145
2 200
48 213
225 208
81 132
49 245
10 111
6 86
183 234
118 231
21 47
9 179
248 91
19 123
11 246
1 156
155 157
91 187
70 171
155 185
133 165
237 31
76 153
5 92
195 217
41 185
110 125
14 87
40 160
244 66
60 139
11 14
46 144
110 124
44 132
127 243
0 17
109 137
8 214
155 166
148 157
30 56
78 87
129 238
21 42
119 198
45 147
19 142
99 187
122 177
98 174
4 7
112 174
65 138
158 182
242 53
15 105
87 209
123 216
195 197
245 175
60 194
78 166
227 148
163 173
31 208
43 169
28 248
155 230
126 189
99 213
51 235
22 79
11 127
157 226
49 73
85 93
231 190
210 225
45 175
97 234
249 162
52 146
140 164
31 155
231 222
99 204
68 82
95 122
47 55
42 236
240 147
10 54
23 209
160 171
72 86
100 123
63 154
91 149
240 81
97 249
93 227
241 80
47 195
72 80
47 177
20 193
120 219
67 231
25 145
82 125
171 182
233 41
42 139
58 227
152 236
237 117
146 231
22 101
139 158
233 224
93 208
146 216
72 244
107 171
247 95
135 147
63 130
32 42
168 194
170 245
93 198
227 179
91 159
109 127
120 234
18 86
230 101
148 198
225 37
91 153
70 193
28 63
74 203
89 130
9 231
183 210
101 135
19 70
25 116
57 75
17 158
178 240
67 123
44 169
207 228
26 125
100 186
70 201
11 131
80 188
120 171
47 233
6 129
81 206
7 115
87 188
231 33
41 82
101 229
43 46
105 199
25 193
53 96
44 231
86 240
18 123
154 236
232 28
235 15
237 202
134 240
79 208
25 98
207 230
36 201
28 171
110 158
78 86
9 62
228 222
156 190
137 240
233 135
33 187
148 233
115 204
6 27
121 141
65 174
247 46
83 152
228 72
82 232
247 11
227 191
126 171
234 9
41 157
39 75
234 182
24 64
26 119
37 109
60 235
74 145
249 194
33 201
45 86
31 194
83 225
232 7
36 75
226 84
246 151
164 206
107 143
75 245
50 206
166 211
92 185
65 239
48 157
75 98
98 188
64 107
61 150
33 39
55 225
78 125
244 217
233 48
139 218
43 194
80 205
22 161
176 211
156 246
65 149
7 216
18 71
116 148
225 108
220 242
242 229
108 221
124 243
79 141
74 211
225 137
44 86
158 215
242 207
42 201
90 171
3 77
50 92
90 127
134 243
156 208
96 162
22 158
43 217
40 209
156 248
37 45
139 148
132 241
17 23
60 231
159 176
248 106
119 178
70 208
32 194
51 138
169 202
126 130
244 179
54 241
227 172
190 199
230 9
30 115
189 191
234 130
111 147
22 85
209 226
216 231
31 108
80 221
246 230
36 44
61 137
231 140
10 82
81 222
184 192
40 212
3 23
129 163
31 202
243 219
92 220
2 135
244 180
70 81
79 125
242 210
113 217
59 95
143 227
42 55
142 165
148 149
133 164
96 209
16 198
56 139
5 11
73 122
155 238
238 94
6 133
156 196
181 248
8 87
94 148
104 153
166 228
91 110
39 151
50 76
143 199
27 148
27 191
72 95
1 155
227 88
102 153
28 183
81 151
167 218
237 184
238 37
230 117
8 62
5 157
105 170
51 215
29 249
23 87
33 158
170 243
173 226
65 152
19 146
210 244
97 98
29 120
39 87
44 89
33 182
231 211
3 59
129 184
154 248
75 131
139 201
110 145
12 122
40 206
225 192
58 87
42 147
70 231
225 76
40 168
125 208
96 248
114 119
166 173
169 199
15 244
76 92
71 196
225 11
22 70
91 143
43 85
36 146
179 184
61 166
100 174
92 192
104 149
75 189
220 236
65 190
1 171
139 147
233 96
38 174
55 76
49 97
157 233
37 160
191 218
200 226
246 217
25 62
37 50
16 24
18 66
23 227
228 78
147 215
60 220
162 199
2 57
65 179
60 208
11 151
185 209
42 84
72 107
98 118
124 167
15 207
82 120
111 124
33 223
0 153
23 99
23 145
76 174
37 38
125 142
123 213
100 194
119 135
202 239
0 249
9 154
33 236
246 8
62 135
104 188
223 225
103 150
248 34
225 1
79 243
236 205
163 239
195 206
27 91
27 242
192 218
3 170
2 242
228 183
110 243
3 203
68 187
38 74
32 47
13 204
184 238
162 205
126 133
130 169
56 180
218 248
14 124
63 127
8 123
124 239
47 196
71 197
152 203
14 60
40 211
155 159
129 242
158 242
247 102
96 133
55 81
127 229
83 218
130 142
229 214
172 188
30 123
123 235
38 137
248 60
0 9
111 184
236 159
102 142
13 107
54 73
215 222
71 90
6 75
44 155
7 177
237 133
159 222
16 181
4 169
179 207
26 169
248 84
129 144
176 184
53 143
116 118
104 179
230 119
92 112
82 227
234 132
238 16
45 95
107 161
75 213
97 127
45 236
230 152
48 191
41 141
55 222
53 169
37 154
59 231
12 159
237 209
2 238
25 184
28 102
8 113
76 173
79 231
173 244
249 133
20 114
68 189
43 55
174 190
235 145
230 233
31 128
152 176
68 192
243 93
74 122
19 171
241 101
8 149
132 142
46 170
188 205
244 83
16 243
139 235
147 185
32 220
126 208
33 117
119 158
245 109
113 228
40 72
115 161
240 120
93 97
242 6
242 40
83 182
198 242
4 107
33 66
113 241
113 230
90 95
17 249
31 81
118 214
161 192
77 136
84 140
39 107
129 209
42 93
14 149
44 249
249 149
97 231
14 221
31 230
152 216
59 244
63 95
68 211
91 109
31 132
34 61
23 213
39 73
7 95
181 239
8 66
180 192
1 161
12 238
105 183
201 224
86 131
43 130
233 0
6 216
1 97
31 102
96 189
130 185
83 223
64 190
239 103
100 103
220 249
140 142
158 210
75 112
16 135
192 233
229 4
58 72
9 126
16 105
249 62
66 187
228 136
84 163
225 198
46 129
70 142
80 233
47 209
234 219
25 241
4 181
32 172
249 68
144 199
98 146
36 156
117 162
91 127
239 36
42 203
128 221
17 247
76 187
20 96
71 160
82 213
76 130
174 211
193 207
228 242
153 235
48 246
249 141
139 174
142 246
59 71
164 208
15 79
15 74
89 197
154 156
35 224
85 119
110 148
143 171
244 29
238 103
244 206
134 213
154 189
94 138
235 204
54 90
83 84
216 241
232 151
226 135
61 212
16 163
41 73
248 217
70 242
121 177
237 47
143 220
234 212
45 203
76 201
59 94
134 146
0 140
35 248
82 159
238 211
153 156
140 220
28 64
249 67
11 101
101 122
154 227
6 224
160 210
102 137
236 67
18 157
28 135
34 60
86 202
104 173
153 222
244 143
42 132
179 219
114 204
226 23
153 241
34 70
108 239
94 116
10 189
22 64
242 121
8 211
15 191
53 74
122 189
8 182
77 222
241 32
81 116
16 215
61 62
241 242
67 75
24 101
78 85
117 144
84 148
13 73
118 172
5 136
76 207
224 232
7 90
154 167
87 109
245 198
30 55
25 151
121 187
92 229
16 79
78 149
147 227
61 165
71 117
28 153
141 154
161 212
38 246
113 169
240 79
74 176
44 235
245 21
111 133
204 240
28 71
248 66
236 149
66 191
49 167
116 211
46 248
223 231
248 69
4 109
138 187
179 203
145 155
15 69
125 174
0 242
160 248
1 184
111 122
38 94
79 224
91 115
15 230
35 204
102 196
11 43
197 244
212 230
39 221
178 197
162 206
44 142
112 213
26 209
96 114
127 242
238 8
231 87
143 174
18 208
38 189
19 106
15 158
127 183
124 139
57 219
99 178
145 201
23 71
245 111
74 84
116 210
137 161
234 28
17 155
229 156
9 199
202 216
109 171
17 62
88 151
107 128
123 199
43 228
27 173
8 21
19 31
139 225
236 97
129 249
165 248
67 76
48 54
4 38
18 203
49 222
201 218
67 191
139 212
59 179
89 207
194 237
48 97
131 240
61 226
107 173
56 59
11 34
10 104
231 206
26 109
46 218
246 103
232 5
91 122
19 129
63 150
98 177
236 188
146 188
230 180
0 74
182 196
46 123
78 157
50 102
43 114
240 56
82 134
41 189
166 182
128 168
100 178
55 198
167 248
173 211
27 169
75 87
160 201
74 140
24 94
111 242
3 9
11 52
123 234
62 120
42 105
13 21
75 82
19 20
74 96
236 169
128 238
237 35
95 130
3 6
125 129
12 124
21 174
52 103
8 176
5 28
108 241
49 209
233 202
21 239
64 68
14 201
244 125
102 104
138 221
187 226
8 25
9 170
35 78
52 119
47 162
57 227
61 154
54 210
123 206
157 244
49 78
84 217
120 138
61 216
15 72
108 204
138 229
170 232
151 188
24 204
96 137
92 210
158 160
21 219
33 170
248 41
227 59
245 174
87 138
1 24
92 133
91 155
192 240
246 19
150 174
22 81
0 87
246 128
143 207
48 55
119 225
83 211
79 221
30 184
1 236
5 87
100 230
238 9
92 226
1 189
91 94
9 102
51 83
42 101
142 182
55 119
146 180
3 213
81 123
79 120
69 103
31 32
237 139
53 210
70 232
87 228
102 165
95 235
144 205
240 172
29 108
102 119
122 224
38 42
29 222
238 130
116 142
56 184
228 191
158 226
74 190
16 190
21 59
65 158
182 183
17 50
35 132
100 196
43 71
21 61
14 64
111 164
40 54
41 202
34 150
21 194
27 128
177 204
47 226
31 245
87 183
241 221
198 212
87 214
247 80
56 189
76 77
132 189
151 152
237 226
185 216
109 219
2 117
55 245
61 118
172 235
72 112
85 150
100 197
52 176
232 27
164 181
80 112
240 247
170 190
155 172
101 248
221 229
196 210
52 132
236 129
237 99
32 66
236 64
10 119
240 89
5 124
54 112
54 195
229 198
233 17
4 35
123 137
16 116
15 151
162 167
160 241
32 207
52 157
249 196
49 57
63 117
102 170
31 47
92 223
42 49
13 43
248 129
166 172
117 152
3 186
20 26
15 211
191 231
34 66
13 79
95 219
18 43
119 137
49 134
28 91
176 206
17 173
245 48
148 206
145 163
77 82
26 181
227 20
225 248
159 241
16 184
225 170
57 100
3 110
146 183
232 3
68 160
78 107
186 232
60 62
246 73
57 208
9 235
43 152
119 139
240 186
96 152
118 191
148 188
55 85
96 107
29 218
234 24
189 229
34 47
77 115
227 185
86 102
77 200
76 154
0 235
232 127
146 217
174 216
228 160
39 156
130 242
23 189
149 209
240 176
54 116
246 6
96 187
40 241
225 117
68 103
35 137
23 240
4 166
242 110
10 156
243 200
230 131
7 151
139 185
239 123
117 223
152 196
247 61
20 199
47 119
4 36
24 88
77 211
240 205
55 204
158 175
114 131
18 60
241 8
111 214
75 177
202 236
36 95
68 212
33 146
212 246
44 138
231 189
4 206
171 191
120 192
100 238
223 244
245 218
137 152
233 24
116 219
6 82
15 180
236 68
120 174
61 133
43 99
91 223
39 164
52 170
60 233
146 232
61 178
69 142
96 202
76 213
51 201
33 183
84 158
244 186
66 181
76 120
167 197
163 197
237 116
5 114
135 219
237 48
23 217
120 217
121 148
249 230
51 178
105 213
70 154
239 90
143 211
161 234
33 179
50 242
82 180
44 130
247 171
138 214
70 155
242 234
240 116
54 96
115 174
25 73
147 154
156 240
126 196
110 196
14 127
110 130
28 247
237 122
180 216
82 206
122 135
60 149
174 203
38 178
118 197
7 183
102 131
73 204
125 234
140 244
176 222
144 236
238 137
4 34
187 209
183 190
243 100
26 80
50 63
2 92
146 185
25 244
39 215
234 119
83 233
137 190
239 2
27 122
38 117
239 170
181 235
10 114
2 17
30 217
244 216
46 215
72 201
12 51
241 182
91 96
38 208
240 115
107 114
235 118
41 224
36 161
120 210
241 115
113 172
184 211
69 136
228 193
122 213
60 210
80 230
157 191
150 173
135 242
77 239
22 195
240 48
5 194
9 90
244 117
27 45
89 188
1 211
231 65
44 112
65 216
114 238
220 233
107 172
30 97
46 53
225 8
20 220
45 196
58 202
42 71
32 200
81 200
242 137
240 64
173 229
73 123
99 109
211 221
226 88
34 231
65 133
234 12
64 79
244 4
3 17
195 202
149 168
86 178
26 57
18 209
150 235
101 136
85 166
243 55
85 211
166 227
39 213
61 188
50 166
1 206
159 224
162 244
237 246
47 148
84 238
155 183
242 161
28 188
7 50
233 75
175 213
5 113
148 163
46 158
15 118
45 227
129 142
4 21
5 223
22 26
202 235
34 224
95 198
162 193
60 137
13 191
100 144
183 209
23 32
55 220
245 20
151 225
117 249
228 232
234 15
249 6
109 121
239 52
228 212
94 228
106 134
38 113
240 35
80 146
68 203
249 179
50 131
71 176
184 197
207 211
232 59
219 245
43 156
52 147
129 159
235 136
239 42
7 140
7 44
48 177
96 130
74 129
156 171
132 172
100 192
40 154
67 240
48 51
135 143
188 222
100 119
32 130
154 230
167 184
17 61
0 169
96 232
7 165
129 203
147 248
46 121
68 210
98 183
37 42
170 176
78 156
227 0
79 92
9 120
54 137
247 43
223 234
44 182
31 63
14 222
173 224
39 71
244 81
80 168
236 206
43 183
31 138
149 229
134 162
141 149
168 232
4 179
118 215
46 63
243 172
26 139
171 216
69 189
14 17
236 147
244 120
47 86
110 171
8 70
12 49
16 193
147 158
228 49
145 149
232 192
90 220
14 232
0 134
71 137
66 180
102 118
246 3
25 99
211 212
131 207
24 165
247 37
70 91
21 139
232 165
63 143
131 144
242 54
11 181
45 82
225 180
95 114
50 189
26 242
225 47
244 164
165 193
51 79
30 135
40 51
71 163
28 204
3 27
136 222
30 109
176 192
196 248
230 149
242 109
56 190
241 36
234 109
153 173
50 221
59 115
55 90
127 215
9 212
145 194
55 185
193 208
1 166
151 222
67 203
165 206
235 206
93 171
248 140
24 202
143 154
61 92
43 58
17 39
60 107
36 120
27 90
58 216
139 150
1 34
80 117
0 208
93 228
234 4
44 99
106 177
19 26
121 237
95 184
61 80
77 100
9 97
189 228
187 218
233 20
3 150
29 219
233 167
115 126
165 223
54 244
31 88
246 127
241 121
173 176
21 102
116 236
5 181
28 50
212 229
59 168
41 217
238 208
230 84
228 157
13 213
62 190
191 192
136 231
113 134
136 155
117 239
111 127
83 215
47 125
37 149
226 143
30 38
34 108
47 87
9 163
139 203
242 195
33 88
78 181
113 148
109 225
4 173
54 80
22 210
90 188
96 180
65 224
29 31
245 123
226 93
142 234
47 159
58 64
31 223
69 165
105 125
53 95
158 167
140 230
235 74
13 158
76 101
227 149
237 85
61 71
194 228
227 207
63 133
126 235
150 180
226 0
186 227
1 163
110 203
51 202
118 171
55 123
228 132
232 148
32 157
42 110
175 188
229 234
14 200
209 248
235 218
138 184
48 50
64 166
227 7
27 121
100 132
234 41
59 202
22 148
90 168
35 234
55 66
44 145
192 213
63 69
181 217
23 76
240 132
65 180
126 132
169 242
22 44
180 207
158 223
111 194
70 95
229 65
67 68
45 182
184 186
12 128
14 30
53 150
243 47
134 140
108 217
196 198
233 11
67 181
233 150
238 123
62 126
64 100
20 38
37 64
90 117
243 182
92 170
244 64
114 222
240 157
249 106
54 142
11 136
73 205
230 18
55 96
16 187
103 162
22 102
129 200
3 184
61 210
37 231
30 41
132 203
36 178
48 181
35 223
186 189
226 13
22 141
107 179
72 117
74 78
123 131
106 185
72 153
44 90
44 229
32 222
166 217
234 215
235 176
118 131
36 109
135 248
197 227
41 128
103 165
164 230
91 216
1 102
99 179
14 229
248 9
83 167
127 186
55 71
60 160
58 114
7 187
49 146
232 200
97 120
14 19
122 138
243 13
26 75
156 226
66 198
236 25
48 173
123 248
60 110
110 163
132 186
239 115
66 192
239 212
232 201
21 158
90 205
5 215
132 247
84 102
153 163
11 227
115 140
232 32
246 106
21 48
22 23
146 147
15 238
165 196
177 186
149 151
106 233
26 110
225 184
123 157
106 192
38 183
22 56
43 77
5 6
0 91
248 231
147 194
82 165
239 219
6 163
20 49
107 247
55 244
34 41
74 165
225 171
42 160
70 210
42 175
95 242
33 58
94 210
158 180
27 241
30 219
16 176
42 152
89 241
72 199
85 147
17 31
226 62
46 96
247 57
31 53
229 185
87 232
149 219
249 130
228 144
22 69
6 28
196 203
145 226
96 103
33 191
139 161
7 26
52 237
39 145
52 128
233 62
55 230
230 1
34 235
195 208
244 96
15 226
61 182
12 90
67 244
108 169
234 158
44 52
26 146
12 61
184 214
141 173
14 215
213 224
81 194
103 182
41 226
103 120
59 184
43 103
166 208
94 121
156 207
122 156
17 19
16 154
1 205
77 234
11 203
150 223
8 30
60 141
29 46
87 107
249 215
45 157
146 166
185 205
211 228
34 146
159 168
161 190
9 57
183 221
26 59
8 91
59 102
51 240
70 110
85 234
171 197
12 91
159 216
132 225
135 156
237 175
41 238
105 152
238 17
82 85
134 220
113 153
244 183
105 238
104 155
128 173
108 191
161 220
14 137
22 217
86 238
26 157
91 133
14 240
88 157
228 34
173 185
100 131
31 82
35 112
226 240
63 197
62 159
26 56
16 120
24 168
4 52
23 233
110 112
44 152
76 245
33 217
173 197
95 168
34 135
134 207
234 156
232 208
232 164
235 13
205 219
20 152
54 68
249 82
102 177
198 224
18 206
119 181
27 115
55 128
45 180
234 145
42 57
19 155
43 129
179 212
128 234
94 165
243 90
31 210
81 188
249 91
108 247
133 136
101 245
25 176
58 80
94 132
134 161
238 50
191 234
95 151
106 200
15 217
37 108
52 228
240 18
233 131
230 111
35 51
203 209
68 88
247 55
36 69
151 172
64 77
6 168
164 178
233 70
46 235
13 109
163 182
149 218
63 181
159 199
46 119
38 211
244 128
150 187
155 201
61 74
114 230
46 166
31 45
7 150
87 115
108 199
142 213
114 217
40 226
84 209
206 246
40 146
245 62
131 204
39 113
154 174
52 193
3 168
69 119
71 140
240 227
94 223
116 195
245 6
46 95
28 121
19 238
102 123
1 139
222 246
62 243
111 153
35 135
32 215
176 242
66 105
227 115
229 134
52 196
236 31
134 164
65 73
142 168
236 213
229 237
35 163
137 199
71 121
13 221
235 173
244 39
108 148
212 227
38 67
13 98
66 167
128 210
5 23
43 87
50 160
150 160
8 73
27 185
122 149
3 89
39 41
15 63
18 138
75 105
171 238
37 209
64 69
136 146
64 242
248 128
175 219
85 212
107 142
17 63
88 231
52 144
122 128
37 226
30 142
28 70
98 223
215 243
13 108
17 203
49 218
229 243
48 158
230 16
86 201
14 210
101 149
47 222
111 179
171 175
69 162
15 61
79 189
148 247
237 5
94 214
126 213
100 176
34 105
156 172
243 144
30 57
83 214
49 72
40 141
124 150
17 171
151 217
241 65
49 171
128 150
230 218
112 148
79 241
196 225
147 235
107 123
20 98
129 168
244 122
243 180
35 121
32 216
36 244
154 238
58 200
98 158
239 4
226 34
244 166
124 179
161 164
21 101
17 240
119 175
233 16
115 124
66 223
31 75
7 16
231 126
124 212
71 109
10 204
54 156
27 223
219 231
54 172
99 157
71 190
206 218
143 177
244 6
127 236
66 241
228 0
172 183
242 133
62 229
190 221
28 203
162 195
170 241
10 207
227 130
3 4
74 208
83 212
193 194
61 152
242 211
93 221
138 210
248 162
84 212
239 102
244 24
45 125
116 168
137 144
160 238
227 87
48 62
79 138
192 205
185 222
235 146
34 115
138 160
37 192
188 247
225 7
235 174
234 6
20 230
74 150
61 158
32 245
65 223
86 127
16 87
83 87
87 162
77 129
138 241
105 204
58 178
91 158
89 180
69 131
66 156
248 198
124 225
202 213
106 184
249 204
150 226
66 228
99 129
16 143
249 186
249 72
32 235
142 153
238 150
13 104
194 225
17 71
247 147
202 220
38 234
88 167
207 210
49 116
245 36
247 134
62 148
19 173
104 143
116 188
230 46
35 71
24 114
4 51
128 239
124 146
31 52
149 186
122 219
236 130
78 83
144 202
189 200
94 102
196 223
243 152
247 49
85 96
104 219
248 146
241 126
230 106
240 145
154 203
236 221
243 191
22 214
228 248
222 245
234 33
15 208
119 202
227 144
239 221
185 211
201 225
49 145
101 240
204 205
72 165
109 229
44 204
9 60
39 139
99 182
243 194
22 98
230 63
134 206
103 173
10 116
129 208
155 163
238 178
101 157
75 183
118 213
249 242
87 96
10 87
174 179
34 125
69 82
3 44
163 214
239 146
229 2
58 249
162 222
160 230
78 223
48 143
19 223
242 20
142 217
20 246
81 168
86 165
44 58
242 156
238 119
88 241
5 151
47 229
69 241
154 178
165 229
226 109
128 214
115 195
80 95
22 36
53 157
114 176
237 54
65 148
208 244
165 204
192 222
143 218
72 213
242 107
124 154
229 124
3 70
70 77
80 232
243 140
90 215
34 133
240 72
10 240
68 218
239 248
122 225
64 85
48 162
121 175
105 118
65 114
3 205
239 96
241 162
67 226
85 173
17 134
53 122
46 70
141 148
78 171
90 93
245 125
154 204
83 108
86 212
27 195
29 241
138 153
94 234
0 159
209 214
0 175
249 75
43 93
65 83
51 91
110 170
228 192
189 193
71 247
43 190
56 98
42 87
126 145
55 192
249 169
233 120
178 248
45 56
26 99
70 148
236 93
63 177
17 226
104 178
151 205
107 246
137 178
229 224
103 216
218 237
53 204
7 245
20 231
248 112
118 241
159 242
60 102
230 210
190 218
31 181
133 175
74 97
243 184
132 224
98 233
247 121
102 176
205 211
132 160
30 103
235 19
85 172
125 176
58 189
72 190
106 158
14 80
70 205
5 234
24 39
0 40
74 154
166 215
136 156
237 149
79 148
130 206
145 238
136 205
12 157
157 214
211 236
16 166
159 249
3 11
37 236
155 158
134 173
156 198
124 155
68 86
151 212
90 197
9 100
7 193
12 123
226 73
183 242
63 222
110 189
215 225
227 182
247 85
176 230
115 203
241 163
231 92
75 220
56 69
33 105
54 209
83 133
59 196
93 127
130 140
111 236
103 133
112 238
86 150
73 125
164 220
242 23
18 225
248 105
135 181
10 26
58 153
40 147
131 177
59 60
39 219
40 167
15 128
104 146
149 188
32 147
238 164
243 45
45 88
112 244
240 201
28 126
107 201
42 242
14 122
12 217
64 227
121 123
47 61
90 182
51 204
123 155
1 8
106 108
245 210
78 131
102 248
175 229
225 104
23 93
47 151
213 248
61 237
209 235
245 138
136 230
191 225
201 246
0 49
221 245
154 177
244 107
123 223
144 158
152 174
40 112
22 110
68 224
249 178
23 243
37 89
3 25
4 218
8 20
128 180
43 171
227 109
114 229
69 112
27 239
47 218
2 86
160 211
11 188
13 179
237 154
135 186
103 118
226 247
10 72
176 188
89 164
48 239
1 246
195 227
36 128
16 93
26 38
130 138
242 163
19 132
234 238
96 186
134 151
21 45
56 241
74 106
18 37
32 106
6 211
243 131
119 240
81 205
248 195
171 237
134 184
108 196
145 243
109 191
227 248
236 94
100 233
99 171
30 157
18 162
231 119
64 128
73 178
79 121
164 235
158 166
87 229
133 204
116 139
232 107
73 227
31 121
9 168
98 119
101 235
225 45
21 131
98 195
33 239
38 82
92 121
25 248
18 100
83 208
103 200
125 170
117 127
179 246
94 173
79 101
5 150
8 38
112 214
9 130
188 200
22 47
14 81
50 59
110 159
35 235
68 144
62 87
29 127
99 193
226 99
121 157
86 110
81 167
142 197
225 164
145 153
19 226
91 186
8 68
57 245
135 192
238 168
2 83
138 188
160 162
143 176
141 243
246 98
66 101
150 196
79 93
248 64
103 167
72 196
249 218
18 33
128 162
42 53
38 149
116 186
27 94
92 221
30 43
96 182
108 212
26 101
89 205
1 182
187 235
228 85
133 179
121 200
231 167
103 104
37 80
45 166
4 39
130 246
62 198
16 227
13 190
109 239
205 234
98 248
98 126
89 101
164 218
199 245
110 246
154 185
150 244
11 82
217 240
59 217
33 245
36 209
249 156
19 95
134 135
61 245
1 179
81 150
232 194
94 163
22 208
38 150
5 204
7 77
246 202
15 159
127 207
171 187
248 221
20 118
179 193
2 226
4 108
140 171
150 165
96 173
25 40
132 193
128 175
42 207
3 114
49 58
17 239
241 33
74 192
48 118
45 170
33 213
4 64
19 36
234 244
240 180
91 188
69 95
154 160
38 136
51 217
78 95
247 104
56 88
74 230
189 215
119 138
118 147
131 196
89 212
55 65
166 247
36 220
234 199
108 152
185 204
239 15
3 115
222 239
63 189
21 83
176 189
40 234
55 182
140 216
248 158
4 18
183 240
181 208
159 169
112 171
247 159
24 33
26 232
69 114
238 143
86 195
35 249
90 138
45 138
246 113
64 153
6 118
247 186
62 173
167 199
183 208
236 126
80 143
127 185
35 89
74 112
2 220
100 156
64 78
167 192
25 53
9 160
238 96
92 150
44 245
132 169
21 53
228 115
8 120
44 165
3 32
68 248
71 178
94 128
50 188
31 197
159 172
99 134
170 234
114 159
79 216
229 126
233 124
24 223
102 172
43 48
0 54
247 33
31 54
0 52
41 181
189 209
42 138
198 205
84 236
22 222
43 76
63 178
0 93
170 185
44 70
112 182
246 40
228 35
231 195
138 242
19 102
17 139
76 122
94 134
61 249
12 179
10 184
232 114
116 140
15 121
81 144
235 80
84 208
62 77
73 116
229 204
100 155
55 194
56 227
149 183
214 248
202 249
176 223
19 205
7 70
80 171
79 113
166 214
133 224
6 178
13 57
20 149
20 138
14 151
76 235
242 12
73 163
97 119
34 176
29 112
8 69
228 80
242 124
14 105
5 242
147 171
86 155
72 74
100 227
39 192
