34 123
43 105
3 122
32 40
78 127
5 135
156 94
126 132
23 35
61 78
159 155
43 52
29 131
18 58
86 108
1 134
69 137
101 139
4 146
151 39
99 105
59 134
104 141
110 132
2 143
82 122
28 104
3 82
102 131
67 158
106 141
6 122
18 115
114 121
39 84
63 139
30 110
39 108
61 103
145 134
77 84
115 146
19 46
9 86
58 81
45 75
13 38
22 131
33 132
22 103
147 26
27 67
159 63
150 61
72 152
24 61
64 127
31 61
9 104
155 63
75 104
48 130
20 131
46 50
13 116
155 23
57 138
95 142
18 87
151 143
68 130
9 158
43 66
67 148
24 153
47 81
80 130
84 110
55 145
49 88
148 52
39 107
57 71
29 54
6 143
64 141
64 113
80 146
115 129
88 157
122 146
9 72
2 98
18 83
22 73
122 157
25 59
95 140
23 136
110 126
2 75
139 143
26 121
80 105
54 84
33 85
77 89
7 105
91 154
47 105
148 9
10 125
15 40
59 149
120 129
22 58
125 141
41 93
101 112
4 101
53 151
104 106
4 125
24 80
41 42
133 149
23 51
77 122
32 159
27 146
19 41
4 34
13 70
94 127
149 142
29 62
133 157
23 43
60 74
155 39
48 86
156 133
42 126
14 121
34 41
156 142
94 114
44 56
27 109
90 99
91 98
0 85
156 155
153 53
31 103
148 4
8 27
154 78
145 95
26 96
59 86
147 51
147 116
4 145
6 146
35 36
24 103
63 71
58 101
45 89
64 144
4 38
6 32
68 141
9 79
61 134
156 27
40 48
28 52
83 135
16 141
90 106
51 68
70 89
6 109
18 38
37 38
23 73
125 140
24 123
152 16
141 153
150 40
111 155
148 7
145 3
59 151
81 102
85 151
26 144
34 105
58 65
45 111
36 65
34 76
153 118
38 72
46 92
154 131
10 47
50 86
99 108
14 29
14 64
80 96
11 130
19 88
21 96
36 54
149 125
29 90
93 97
159 23
20 53
134 158
12 82
40 159
74 157
137 147
152 155
87 123
157 71
31 76
106 111
148 40
2 107
0 80
104 122
148 115
150 110
18 63
125 159
21 30
74 79
105 117
46 51
148 57
6 54
114 127
62 87
158 129
6 154
24 96
15 39
61 92
19 53
38 117
12 35
7 40
126 156
98 104
52 131
10 43
85 104
154 0
51 71
25 52
47 122
151 34
34 87
127 129
57 119
95 130
90 123
39 66
154 41
69 96
19 65
28 106
2 138
22 34
158 108
156 93
72 98
23 54
50 113
12 98
38 111
26 85
3 8
0 21
79 125
56 132
63 107
154 135
102 126
97 156
39 159
157 113
70 125
66 115
11 159
31 37
22 53
8 152
40 61
21 82
32 66
38 71
91 153
80 150
87 132
62 81
0 89
145 76
124 148
26 75
7 141
14 91
100 146
79 100
21 27
61 87
44 79
19 135
15 74
21 124
25 114
146 81
11 58
91 121
23 119
45 56
157 62
110 133
15 86
148 83
76 113
49 146
154 27
20 44
81 122
156 25
105 106
66 95
16 82
42 116
46 138
37 117
27 75
151 108
94 133
61 137
28 82
114 156
107 120
28 149
158 71
79 122
92 144
58 112
62 64
7 83
5 45
16 88
44 110
63 85
121 130
47 89
34 44
155 14
52 65
72 106
32 109
80 100
77 149
30 91
56 66
13 130
42 132
10 44
156 134
116 142
3 101
41 132
59 70
81 141
146 8
59 132
148 118
154 4
99 115
1 130
151 8
156 124
158 110
5 104
57 60
37 98
87 112
42 125
32 36
29 72
70 128
54 66
30 82
50 59
17 148
40 71
121 155
57 67
107 119
0 102
37 153
36 75
61 83
17 103
154 140
12 158
43 53
152 33
63 78
44 103
32 138
30 99
77 157
151 89
61 123
85 137
64 66
9 105
19 64
45 76
87 152
35 124
3 155
150 41
154 61
149 47
157 57
25 121
19 115
97 147
45 134
147 79
72 139
54 64
27 55
149 152
146 145
51 112
5 97
5 91
17 149
108 150
52 92
4 98
45 54
61 130
154 106
13 146
101 110
35 67
129 157
49 71
87 146
50 109
41 100
55 155
38 76
155 115
10 149
80 117
131 139
120 139
36 84
56 82
16 52
153 31
22 83
34 73
74 131
46 56
43 63
76 135
94 159
18 91
109 125
77 99
71 132
35 126
80 142
90 143
159 99
82 119
75 108
94 115
14 41
17 74
132 140
16 146
85 89
77 145
46 113
0 24
51 64
10 118
2 44
8 127
77 129
78 122
14 112
24 159
15 145
4 37
70 78
24 84
86 94
147 67
14 126
59 95
52 89
148 2
36 112
9 51
71 98
20 63
117 154
46 69
73 98
101 142
31 124
120 138
71 111
60 76
13 53
47 147
33 103
2 19
68 125
3 151
73 121
63 116
56 62
116 151
13 139
2 116
70 133
10 36
150 30
10 156
78 105
22 78
62 129
146 59
108 116
98 130
26 62
119 121
80 94
23 94
33 151
37 59
37 157
56 73
149 159
97 126
155 26
5 13
157 108
113 116
148 33
157 17
128 144
7 109
114 130
149 138
58 151
40 72
34 36
24 74
38 105
6 93
41 80
99 128
36 77
13 92
40 119
17 114
150 85
33 144
86 158
36 59
47 158
34 149
13 52
136 146
16 53
148 63
153 12
35 107
63 134
79 92
55 136
79 127
26 52
15 47
67 83
81 98
37 52
116 131
81 90
86 130
10 111
146 130
53 60
2 102
79 88
81 85
154 16
67 69
117 141
119 142
58 98
1 124
83 144
55 97
16 67
9 53
151 96
150 95
79 95
15 29
0 35
33 37
22 42
147 95
46 123
19 68
4 120
54 91
34 86
51 127
110 125
29 66
46 130
146 88
1 56
74 100
34 52
118 151
104 150
120 136
147 30
17 23
51 146
57 113
93 131
8 98
96 104
24 82
12 63
74 117
6 155
156 52
55 120
46 67
46 62
106 152
57 90
124 143
125 126
44 105
83 111
149 15
2 8
94 145
155 47
37 148
2 91
60 113
32 53
105 121
150 38
18 41
53 110
9 109
53 83
14 78
158 25
149 40
156 60
99 139
158 126
42 120
0 88
79 82
18 21
159 29
6 151
39 67
113 141
37 121
16 37
147 139
79 135
40 107
0 104
63 127
7 32
35 100
75 91
71 146
73 107
9 138
155 12
7 20
47 56
87 155
79 148
57 129
88 96
57 142
46 104
35 95
89 92
74 145
88 93
155 119
89 140
113 117
139 155
50 60
55 64
13 87
55 137
8 32
36 142
34 64
150 16
24 108
62 68
147 15
37 73
29 146
48 64
37 124
25 118
18 93
25 148
42 136
113 123
1 4
27 155
11 30
61 110
83 86
27 34
85 94
55 101
27 114
157 119
0 90
21 58
45 131
11 73
30 76
66 118
65 99
80 119
147 111
61 158
108 125
14 150
58 91
47 77
154 51
156 41
38 45
42 159
77 112
3 72
49 92
57 87
23 150
7 61
44 138
20 77
41 82
1 81
126 137
62 74
39 59
16 147
37 51
67 90
21 40
1 26
19 132
0 110
75 147
25 101
66 117
32 51
146 93
10 92
114 119
140 151
6 158
1 20
95 102
33 127
159 76
27 71
18 64
8 119
19 134
9 110
12 46
145 75
22 25
120 142
27 58
27 54
35 92
41 54
32 136
130 157
132 136
112 159
92 97
103 112
66 108
20 45
74 83
20 137
18 79
2 33
33 34
75 93
140 157
14 113
104 113
37 99
44 117
40 53
57 136
13 147
155 133
70 122
13 119
158 0
157 61
15 102
42 124
58 156
81 105
159 75
68 95
17 68
67 143
145 142
87 101
46 83
11 139
85 120
91 146
42 133
36 116
158 152
24 65
104 137
152 81
121 131
7 76
27 29
154 10
104 145
57 65
1 116
156 66
100 131
81 107
98 149
15 151
27 101
26 64
39 104
83 103
8 121
1 85
84 156
61 102
35 144
41 128
146 14
11 138
49 91
50 100
149 36
25 28
34 124
82 132
114 138
10 152
36 52
33 83
147 101
111 121
3 125
44 64
13 20
18 103
23 122
15 20
5 73
147 33
44 47
71 150
18 104
76 116
25 152
155 107
100 111
1 29
0 87
155 94
5 52
9 46
35 49
1 41
158 114
3 107
152 18
146 44
77 136
64 80
136 147
153 14
85 139
90 142
132 148
146 140
34 58
20 129
32 111
41 142
70 101
159 92
5 157
149 3
130 142
153 34
17 130
152 22
153 115
124 149
11 27
69 158
2 132
22 57
121 138
78 93
81 159
145 45
150 73
21 43
50 133
62 111
14 102
25 36
43 133
6 52
152 85
63 79
155 85
88 123
103 158
107 118
33 159
148 96
35 82
74 114
53 62
53 138
62 65
112 139
52 141
59 68
63 101
109 138
147 148
147 92
77 79
107 129
108 129
25 29
73 74
43 149
19 71
74 76
90 149
131 134
83 136
0 84
19 146
117 125
1 94
5 136
15 121
28 105
0 52
93 121
148 122
32 92
17 93
18 92
42 71
34 133
52 106
55 93
145 109
157 18
44 68
63 68
157 32
119 135
98 120
8 158
81 93
58 108
60 102
88 120
45 122
46 124
159 83
25 131
2 101
40 84
152 113
32 44
3 121
31 58
48 147
56 105
150 74
51 125
58 102
28 64
96 136
71 74
30 96
55 135
85 156
24 25
2 133
15 125
153 39
3 16
9 27
63 108
12 101
19 40
81 108
43 123
48 56
63 144
26 61
99 141
102 149
40 99
107 113
145 8
33 88
93 117
30 122
11 100
8 76
27 43
31 35
42 158
13 123
44 65
130 151
78 126
159 131
131 142
13 67
28 89
73 157
54 129
48 139
1 59
54 125
26 65
11 46
10 50
94 119
37 120
112 158
10 62
4 117
84 116
140 148
96 132
3 110
46 121
57 96
1 73
6 116
70 130
9 17
103 139
10 127
84 100
125 151
1 106
99 120
151 73
6 67
38 51
145 88
116 153
75 118
59 100
9 155
89 113
68 94
5 122
53 124
27 90
93 120
22 56
1 138
151 119
125 150
45 61
17 100
34 96
151 21
30 69
158 49
41 107
159 48
126 140
112 151
84 120
21 45
24 63
87 140
107 132
33 113
3 59
34 138
92 112
66 73
47 136
28 148
94 130
147 141
113 149
13 78
84 150
0 20
2 104
125 135
70 80
27 131
10 96
154 81
147 50
56 104
159 67
44 133
79 154
82 99
22 94
4 150
87 111
35 104
106 134
145 126
8 112
49 75
57 146
113 154
2 144
86 133
33 116
87 129
66 111
146 28
77 159
93 157
51 159
76 118
130 140
147 127
58 82
3 126
75 138
9 37
61 111
120 134
52 85
0 109
10 114
9 130
41 57
106 122
57 66
14 117
151 38
99 157
91 137
140 158
76 97
8 138
68 101
92 123
11 32
43 76
14 97
50 159
51 116
152 51
100 108
147 36
81 83
52 68
150 51
68 85
15 108
71 83
58 97
14 110
12 134
100 101
3 46
157 149
36 86
29 130
6 9
155 15
95 132
145 128
67 101
86 89
63 122
126 144
154 136
14 109
9 137
94 98
120 121
67 134
153 127
28 144
12 55
20 22
92 126
107 148
37 151
71 110
35 66
147 0
6 138
78 116
3 36
150 135
72 147
101 115
91 109
66 124
67 75
4 89
11 101
35 94
103 128
57 84
86 144
28 44
91 117
3 117
127 148
27 61
77 158
34 75
148 66
69 112
3 84
81 119
23 31
152 78
84 134
21 150
96 154
45 142
18 102
146 157
3 19
53 114
35 45
50 92
115 159
19 89
70 95
16 159
148 138
85 88
82 105
9 21
22 41
109 157
92 139
14 114
19 90
9 43
155 29
41 122
50 116
18 156
74 149
4 65
146 102
73 108
94 129
110 136
32 121
60 128
15 83
66 131
92 138
148 43
13 24
151 68
77 116
37 129
20 128
155 38
40 104
104 119
96 116
159 46
0 123
125 153
1 110
2 118
37 147
36 150
84 115
159 133
38 106
31 73
151 23
0 149
31 50
102 106
15 87
16 27
11 105
47 142
149 89
66 93
65 138
60 71
22 120
157 31
13 149
76 150
147 140
0 74
92 98
19 142
52 98
35 47
87 94
56 144
2 110
152 131
23 24
153 131
51 76
1 128
89 136
155 67
121 128
84 146
97 136
1 152
111 146
46 99
81 148
145 116
147 58
8 43
18 31
1 53
26 95
39 83
48 68
150 107
22 69
6 59
55 70
25 39
128 147
143 152
64 143
146 101
17 156
38 75
46 55
38 59
119 159
59 106
61 68
102 123
11 22
10 31
128 159
151 7
24 144
117 123
54 94
27 53
50 72
111 135
136 137
102 143
118 139
152 141
39 147
10 13
31 67
148 99
53 61
21 131
36 41
24 69
26 113
8 72
157 116
121 140
18 59
145 17
76 102
85 141
42 151
12 49
21 53
29 137
25 147
51 156
10 37
153 0
145 108
4 113
146 63
51 88
144 157
4 32
16 122
78 98
8 104
159 100
36 81
151 16
71 138
104 129
71 112
33 154
6 130
47 63
6 101
15 54
101 151
156 11
74 91
78 133
13 23
52 151
75 92
145 96
27 117
51 70
41 153
16 135
18 100
93 140
89 115
74 75
82 90
70 102
147 113
105 150
6 43
35 141
17 120
8 110
5 112
145 42
60 153
54 63
86 95
55 94
40 57
5 156
34 45
70 149
48 119
74 140
147 61
93 153
75 153
37 57
13 33
95 126
146 95
27 150
32 43
41 66
114 142
9 23
100 128
7 77
85 107
5 142
147 83
148 102
141 151
128 133
4 69
0 100
46 94
58 117
145 120
146 34
29 115
98 153
24 128
127 141
65 158
7 152
105 128
46 106
154 75
30 72
18 33
9 10
6 112
93 114
47 133
21 114
38 103
149 134
25 155
77 128
111 153
93 149
97 122
40 120
37 131
3 118
149 130
33 120
49 87
39 42
84 108
47 130
15 34
1 14
30 131
28 126
148 93
16 107
2 50
41 68
5 147
151 92
8 147
58 130
19 138
99 137
68 83
14 133
30 56
154 17
50 55
145 90
76 148
1 54
49 94
44 135
53 82
155 112
34 50
94 120
70 111
9 154
5 86
148 68
72 126
49 104
48 102
55 144
155 21
116 135
43 72
156 3
2 10
151 136
43 46
95 117
47 131
29 113
39 114
46 117
152 96
28 158
23 72
85 112
98 150
148 131
50 89
39 65
156 19
21 86
6 148
55 65
80 109
24 26
156 150
157 91
33 63
12 109
108 119
39 77
29 78
11 53
49 126
26 78
47 102
98 145
9 139
44 82
87 153
57 154
32 150
36 40
71 93
65 120
155 65
3 79
54 119
39 148
48 153
48 113
121 146
70 114
26 76
108 140
52 109
69 127
16 114
12 59
42 150
52 157
57 83
107 149
52 80
148 13
155 129
38 69
74 88
143 147
13 27
146 50
34 144
70 137
150 63
107 130
98 102
115 121
5 31
78 79
45 116
130 137
4 16
103 131
56 65
70 75
61 98
10 112
88 139
8 117
24 92
41 136
49 153
42 68
155 122
78 100
67 76
68 131
78 108
70 86
24 94
83 155
9 63
130 152
79 84
145 26
8 92
106 131
6 98
75 121
1 7
49 105
133 144
6 15
100 121
85 157
58 85
135 157
20 142
33 49
30 62
101 126
28 122
0 124
89 150
119 140
45 73
157 142
4 27
67 126
86 131
159 10
34 156
91 141
84 130
39 144
48 87
87 124
65 82
73 142
50 108
2 117
92 133
77 152
38 153
68 121
69 85
24 41
25 51
14 139
17 135
30 67
159 85
156 127
27 102
64 128
151 134
55 103
153 46
119 123
2 109
33 126
27 70
38 52
13 128
16 121
4 142
28 84
145 82
93 123
7 122
17 61
74 110
147 45
1 154
158 38
1 121
6 86
42 86
146 98
85 129
153 42
85 125
44 75
24 127
17 77
13 51
51 120
12 65
22 54
40 60
62 154
14 67
21 65
26 101
59 126
39 68
67 114
84 109
3 111
19 109
110 135
15 129
1 123
158 88
71 108
127 149
53 104
37 130
154 55
56 151
38 54
11 148
152 5
133 137
17 71
22 139
155 110
13 34
1 32
152 109
149 144
14 38
13 36
1 34
57 144
151 122
70 96
27 157
145 112
104 107
24 62
44 84
36 128
1 91
16 47
73 125
92 107
61 128
26 69
12 90
83 101
158 20
17 70
87 150
151 45
150 102
129 156
12 92
135 148
20 48
102 140
86 146
73 130
16 69
44 88
2 29
59 96
81 82
16 86
69 122
96 111
156 59
156 67
24 124
150 149
0 120
3 143
15 38
2 140
145 30
5 140
112 119
83 97
97 113
89 120
55 99
147 93
53 133
159 88
117 152
14 90
1 37
123 136
20 49
26 109
100 107
46 77
10 98
13 45
12 31
51 126
60 80
49 124
72 141
36 60
133 153
20 102
16 113
69 159
19 139
59 129
153 110
68 89
67 96
27 145
62 131
104 144
15 77
93 150
4 112
75 86
37 60
3 7
53 107
141 142
145 106
23 86
2 48
12 99
32 73
31 65
94 151
83 85
22 28
39 101
6 66
20 80
30 83
88 133
65 119
0 105
26 34
4 139
37 54
55 106
44 49
36 93
0 128
47 144
10 90
157 81
100 147
50 128
146 138
108 135
89 104
8 52
130 134
1 60
145 7
148 71
26 92
51 91
20 156
40 109
75 87
73 154
15 115
62 67
67 139
55 66
106 150
57 82
40 42
9 76
155 24
148 136
24 116
117 140
71 129
66 97
11 152
31 69
24 46
158 132
156 13
82 110
157 123
106 133
54 97
39 120
4 109
53 70
61 146
4 88
17 56
79 98
154 22
21 101
159 141
37 55
2 129
116 117
154 128
52 104
49 64
82 121
157 103
69 130
58 128
36 153
49 57
4 92
33 69
0 30
157 120
152 3
35 88
60 123
35 62
112 126
16 19
103 142
149 63
62 117
72 156
9 24
5 137
51 133
9 25
154 87
23 107
146 120
55 86
80 143
124 141
50 132
69 145
62 138
4 82
146 127
151 88
23 109
39 133
94 101
20 32
10 132
0 139
9 91
52 123
27 140
15 140
25 153
58 119
3 85
116 125
152 46
152 32
145 24
158 60
151 26
93 109
155 80
48 55
6 63
149 53
157 24
155 56
110 123
37 43
30 55
27 60
19 48
114 140
11 20
55 157
3 92
24 120
118 137
106 138
81 129
147 120
4 52
54 151
48 94
92 150
85 114
155 1
122 134
22 156
152 69
34 38
52 75
104 123
145 16
78 91
94 158
67 84
58 75
145 157
15 141
153 33
150 54
89 117
129 136
110 117
14 157
61 122
147 86
152 59
148 29
122 126
157 87
34 39
24 125
34 132
61 90
7 121
149 49
36 98
152 9
82 128
41 101
29 45
48 83
23 92
86 123
53 145
20 40
74 120
154 11
11 117
147 32
58 143
26 36
79 86
145 18
13 79
21 54
28 74
26 116
18 105
28 154
59 108
60 70
148 55
20 140
36 100
38 132
77 85
25 105
4 122
27 104
42 84
120 153
100 132
147 2
29 68
83 146
31 85
28 136
25 97
78 128
94 123
130 136
35 72
53 93
69 93
8 17
150 52
103 141
150 15
8 64
25 64
24 52
96 140
2 136
67 115
142 150
48 143
146 154
85 100
75 109
80 113
28 99
146 123
123 127
65 69
58 62
29 51
85 133
92 135
159 121
48 151
18 73
10 94
54 138
154 14
74 109
25 117
44 115
13 59
101 152
42 146
61 62
24 89
145 2
154 105
57 132
102 114
35 116
141 156
44 108
154 50
153 108
28 137
107 121
151 31
18 82
49 98
0 10
52 130
3 65
10 35
65 143
1 82
32 117
152 55
120 158
103 124
82 83
3 90
145 36
50 115
48 88
80 98
100 134
68 106
133 138
151 115
55 111
7 14
74 101
7 29
97 104
33 110
97 107
8 111
147 28
151 102
102 113
53 122
108 111
106 112
37 102
71 156
39 109
148 106
153 132
67 97
37 144
96 149
156 95
157 22
82 140
156 33
99 124
51 119
0 11
38 149
151 142
45 141
25 37
60 67
148 64
151 159
31 71
154 132
55 105
28 50
154 103
23 60
40 125
51 82
147 94
10 106
132 139
7 102
101 128
123 130
16 33
12 39
32 153
103 146
86 103
39 89
142 144
6 113
19 129
95 101
23 61
20 58
128 137
34 49
38 63
68 104
80 133
38 104
14 24
64 100
155 71
159 17
146 62
159 114
155 95
24 56
4 103
24 44
8 41
85 126
37 53
35 77
52 120
84 119
153 119
149 51
41 97
53 108
6 124
147 34
85 135
154 142
44 59
147 22
12 67
93 128
27 57
111 140
24 39
44 51
80 83
106 118
2 67
11 158
158 135
65 104
25 143
79 124
146 1
4 83
30 132
21 116
149 109
85 97
86 128
27 93
39 41
11 14
12 138
94 149
148 59
19 26
64 109
10 33
155 120
88 155
65 76
27 112
77 144
85 142
23 135
25 43
27 125
38 116
33 123
123 153
47 114
103 153
3 33
132 155
0 99
54 112
62 140
71 121
18 108
18 54
155 157
9 121
20 143
134 159
52 143
93 104
35 121
10 67
26 44
43 135
41 48
43 49
79 89
59 90
147 85
25 80
8 56
102 159
83 137
46 60
54 154
101 156
38 62
45 46
151 71
16 40
125 139
65 145
4 80
93 145
62 112
10 131
65 67
139 146
22 101
24 72
146 66
4 43
157 53
118 150
72 89
43 86
146 129
19 103
67 125
45 110
53 147
31 74
3 138
16 105
147 117
148 50
26 98
147 21
25 58
24 45
85 92
2 81
43 144
87 136
5 9
4 114
39 51
117 153
152 50
96 147
46 125
41 123
109 124
2 66
158 54
74 122
43 102
51 104
21 102
157 51
114 139
36 58
76 115
106 132
111 117
18 44
41 53
155 33
82 136
33 133
19 127
24 30
148 30
147 18
40 75
103 138
74 142
115 127
103 105
146 90
101 106
43 96
152 42
19 85
2 139
19 145
102 128
68 70
58 158
20 116
39 96
12 117
5 106
47 146
12 94
42 131
89 101
87 99
78 140
87 114
130 132
85 134
117 159
15 19
145 9
16 118
113 130
152 100
59 147
142 143
96 157
96 108
55 127
58 148
156 143
150 59
119 124
84 99
86 152
157 94
95 148
137 150
153 142
148 26
67 117
52 57
32 65
6 81
146 96
147 98
87 93
52 152
24 53
64 83
88 121
72 100
112 143
109 130
80 108
90 129
116 118
116 138
15 131
10 137
77 131
96 137
151 78
46 154
25 100
111 158
12 74
36 117
79 121
138 157
107 143
87 120
54 155
64 131
16 93
114 152
1 97
75 124
143 144
35 102
6 30
54 130
69 149
87 147
5 141
42 54
148 110
15 89
0 115
18 50
131 151
17 73
146 104
34 88
9 60
10 139
62 71
159 61
3 129
80 138
152 105
150 66
86 124
40 97
88 105
13 86
154 59
38 102
145 52
0 46
20 41
146 65
12 122
9 65
32 39
16 90
12 24
11 143
95 124
29 35
32 47
52 116
3 53
14 156
143 149
61 109
96 139
93 159
50 95
143 159
112 116
146 26
121 154
122 156
127 140
55 141
67 128
55 68
49 80
13 144
68 115
114 117
54 159
99 133
138 159
56 87
158 74
146 54
32 116
150 25
119 150
30 33
34 69
57 76
151 63
19 80
28 30
37 154
123 149
30 39
154 116
40 70
89 139
62 103
6 72
75 139
35 40
150 70
28 157
34 42
79 138
152 97
68 108
43 78
153 97
146 99
107 135
153 114
145 81
50 129
8 122
62 123
42 72
156 46
37 92
22 109
30 45
77 86
146 20
150 140
65 83
25 44
7 60
112 152
40 44
64 150
126 130
25 99
157 47
153 66
146 10
28 159
74 147
36 108
88 142
0 145
73 138
37 58
150 153
2 73
136 158
151 156
28 107
59 104
8 132
66 134
60 82
155 32
0 34
129 139
10 108
56 138
36 120
157 13
152 154
109 140
8 67
7 94
1 19
121 148
3 6
152 89
78 146
115 154
84 143
35 43
150 46
57 152
6 85
15 139
40 92
61 114
42 135
107 114
156 38
90 114
86 96
51 62
10 120
157 105
7 71
36 105
0 140
43 73
9 40
159 73
19 47
88 143
60 68
61 74
65 70
32 42
18 139
11 140
9 64
55 121
26 138
22 102
67 136
14 73
98 115
6 139
155 158
155 97
3 51
14 115
30 107
159 118
1 122
27 78
105 135
40 103
82 88
31 87
28 66
146 2
60 121
72 90
46 146
51 75
26 129
24 151
13 15
149 35
149 126
146 128
14 65
95 158
25 78
44 109
20 127
52 96
14 46
72 108
154 109
70 88
30 43
54 60
149 114
36 136
5 113
80 112
32 137
155 16
6 145
149 67
74 111
51 123
30 152
19 34
40 142
84 153
41 77
60 148
59 89
52 158
0 130
106 115
90 156
158 138
67 146
15 24
78 132
70 132
40 74
32 58
108 118
66 137
14 45
90 136
78 114
11 17
146 105
90 132
59 102
28 72
87 130
23 115
49 154
22 67
21 51
6 157
85 99
58 125
152 14
145 28
49 50
145 35
14 92
119 152
140 144
13 143
14 18
159 72
46 68
116 137
21 121
80 111
26 60
29 108
44 128
42 46
21 28
57 123
28 94
64 118
111 150
128 149
52 125
146 0
96 109
52 134
20 121
50 97
60 107
47 70
97 120
97 157
148 35
60 122
6 39
72 99
86 126
45 93
86 105
1 90
14 51
45 81
6 13
151 66
10 122
33 107
70 83
75 134
146 48
113 138
98 118
74 87
56 142
72 146
21 138
33 99
84 88
154 139
14 89
157 141
65 86
157 40
122 124
42 99
14 144
87 98
37 127
96 119
118 121
147 43
12 64
