12 22
31 38
14 26
4 49
1 5
32 46
11 40
17 40
21 44
47 17
29 44
43 16
47 24
27 30
15 40
20 25
12 28
18 22
19 21
0 4
11 43
7 9
5 22
5 19
38 43
43 37
3 48
7 16
12 14
15 26
14 27
3 35
47 1
8 28
20 42
17 33
39 41
7 37
3 18
28 33
10 19
23 47
16 48
34 37
20 24
30 46
0 38
22 23
28 47
10 12
14 34
2 32
4 19
17 31
0 19
3 9
25 46
42 13
49 30
26 32
15 38
14 42
47 42
8 16
25 37
45 7
44 24
10 18
46 39
9 14
30 39
16 17
42 20
27 39
0 30
46 25
21 48
6 8
13 34
0 21
18 43
3 32
10 34
28 35
44 1
44 23
8 19
41 3
10 29
9 40
22 44
45 20
45 8
24 44
4 12
19 34
11 21
47 37
24 36
1 13
17 24
5 35
5 16
17 26
18 49
49 1
44 37
0 9
10 48
44 16
29 37
40 27
4 9
9 31
22 40
49 39
49 34
11 37
10 11
27 38
16 39
15 34
17 35
48 36
48 24
2 34
30 44
44 27
36 38
4 46
31 47
2 13
10 15
30 36
8 18
17 25
3 19
48 15
6 31
22 42
18 34
3 22
27 47
25 40
19 48
46 23
3 26
42 10
44 32
42 9
48 28
26 47
24 34
9 12
4 31
7 27
8 15
17 43
48 5
40 48
40 13
16 36
9 19
39 43
23 36
17 27
1 31
14 35
38 47
24 35
25 36
15 31
29 40
42 41
7 20
10 49
10 21
36 41
27 28
2 18
40 11
22 36
9 29
33 36
18 27
5 29
49 47
0 40
1 41
46 18
11 19
14 48
17 37
15 47
49 35
44 36
12 36
42 44
7 46
0 13
26 34
42 14
8 11
24 49
31 44
46 24
42 46
1 32
5 49
46 30
6 25
43 23
21 45
43 19
6 21
17 22
16 24
24 38
5 11
20 41
5 45
41 4
32 33
5 40
5 31
26 48
10 42
13 36
41 23
4 36
30 34
45 11
9 21
3 40
47 26
18 29
11 20
9 23
19 41
40 6
41 46
1 46
33 47
45 15
31 41
8 46
2 22
11 17
11 28
3 43
45 25
42 5
47 16
1 42
40 42
46 36
26 40
8 13
45 32
49 6
45 43
35 46
14 39
31 42
1 24
10 26
3 29
19 42
47 14
44 35
9 47
2 46
5 18
24 45
19 49
7 22
14 29
28 37
6 33
45 39
41 10
48 47
18 20
26 36
14 20
14 44
25 28
29 48
46 17
4 16
14 23
8 25
37 41
21 22
18 45
38 49
42 17
8 10
13 37
9 13
3 13
6 27
36 44
4 24
30 45
10 16
25 30
20 26
15 21
41 48
13 29
2 7
43 6
23 24
13 26
9 18
27 44
21 26
31 33
13 38
49 24
15 17
2 12
1 9
23 37
3 45
25 41
