115 183
220 74
42 143
213 141
45 50
12 146
1 44
206 124
24 209
38 175
144 156
119 170
19 130
212 69
41 214
54 66
126 176
100 182
64 150
88 97
56 139
39 161
51 184
190 218
46 180
206 16
21 32
66 72
96 129
20 161
81 119
100 186
36 223
191 194
216 75
174 181
9 196
35 61
68 137
106 178
41 107
49 60
207 34
79 189
69 122
99 175
117 208
144 160
110 207
9 53
103 183
56 180
17 100
61 151
16 186
43 110
209 19
14 121
219 20
208 93
25 143
76 172
51 118
168 223
48 190
50 67
82 170
217 74
81 85
0 184
61 166
30 135
66 69
9 147
137 212
94 123
87 170
207 166
43 114
166 201
214 108
2 78
9 159
13 64
135 158
35 219
28 81
32 68
141 201
61 176
12 40
151 184
43 198
206 26
17 57
120 136
198 219
116 178
212 145
51 119
169 171
17 90
57 199
145 162
31 197
33 84
34 102
176 224
120 190
134 209
133 134
20 174
109 118
8 10
99 112
122 147
37 160
76 201
23 91
219 42
219 51
222 63
65 208
22 39
39 61
13 41
73 199
1 23
29 211
30 110
217 208
77 119
6 16
60 130
71 87
126 190
182 202
204 224
221 48
134 188
19 215
104 131
198 209
34 210
9 164
22 87
109 119
157 175
4 62
49 140
78 187
27 36
44 165
51 201
81 112
217 89
79 217
36 175
205 169
134 208
120 189
185 218
28 47
79 167
162 188
219 147
177 206
37 90
29 55
208 92
175 178
10 173
18 20
128 159
39 183
116 146
29 169
94 204
46 202
33 177
121 199
15 212
221 128
16 196
64 220
218 144
152 217
13 124
166 212
207 46
42 116
34 98
49 202
32 158
13 188
9 104
218 49
116 148
64 84
40 189
121 128
162 190
215 55
222 65
27 137
155 224
214 23
220 102
7 40
35 75
32 214
101 198
224 97
38 142
43 90
98 202
148 218
35 47
73 204
29 94
172 174
36 99
139 196
156 178
143 158
8 164
66 81
116 119
2 209
111 119
128 210
19 154
83 139
6 144
96 170
10 177
129 191
86 180
23 122
21 215
113 166
82 173
105 153
132 161
30 128
142 143
177 210
221 156
17 199
206 158
44 153
222 77
88 169
57 93
79 174
50 123
62 141
35 40
79 197
69 155
102 147
90 212
25 189
96 130
45 46
172 176
133 203
207 138
14 63
92 124
60 167
33 171
127 129
41 92
7 16
84 222
16 23
10 211
78 91
89 144
154 178
31 111
82 213
205 177
53 178
91 170
141 220
8 48
152 212
89 101
66 150
122 192
26 56
49 157
75 129
32 115
119 162
170 217
9 24
6 221
167 199
123 176
6 102
41 44
20 165
79 113
77 170
185 189
22 151
63 92
30 123
63 126
111 187
27 32
208 87
107 222
216 165
109 135
197 214
158 200
68 221
206 173
208 28
79 178
224 88
106 223
1 111
71 135
81 87
70 158
73 215
56 193
28 111
169 184
10 12
112 123
132 146
108 172
39 169
70 215
3 139
36 214
102 127
35 176
84 189
22 193
105 152
95 116
152 199
22 52
148 192
56 62
109 161
41 123
224 60
76 105
215 62
130 157
152 201
6 168
76 170
88 115
189 214
89 193
216 83
5 75
62 221
39 86
220 79
26 145
46 100
50 191
189 190
46 179
132 185
77 212
41 54
55 114
172 203
212 140
1 135
62 71
208 180
172 175
207 2
6 164
124 187
74 200
189 219
207 13
220 35
80 133
139 182
107 164
216 177
43 157
23 43
188 199
42 168
61 110
119 224
33 125
72 111
165 188
20 91
76 150
49 93
35 195
82 121
184 187
126 196
21 219
51 58
37 46
2 103
182 211
32 78
204 209
119 182
28 80
3 66
71 115
155 179
74 175
165 203
165 174
74 79
14 74
19 152
92 194
147 183
222 20
149 187
51 95
136 184
101 187
142 197
208 42
7 51
30 168
207 209
193 210
31 36
100 130
28 110
13 211
66 156
207 74
57 81
163 168
206 130
82 208
66 198
103 186
38 45
212 175
36 90
53 100
49 217
64 76
41 76
180 210
203 210
77 174
113 127
122 174
27 153
35 45
212 101
34 87
83 189
158 189
50 159
39 114
85 213
118 162
177 201
103 215
28 216
206 155
75 182
88 194
205 166
139 153
71 124
99 122
1 163
182 219
2 74
51 224
71 140
118 139
102 144
130 201
81 157
107 181
148 167
42 215
28 86
38 202
144 183
216 60
222 54
17 186
98 179
209 21
148 208
219 23
99 212
18 148
42 171
210 135
17 146
7 156
50 154
77 104
211 187
130 161
217 25
69 207
215 214
210 20
37 197
217 103
66 186
28 168
48 118
221 115
3 69
219 113
115 149
67 153
33 142
51 110
20 57
219 97
14 131
67 194
99 147
213 153
0 3
32 109
212 122
159 221
52 171
217 102
20 198
38 91
1 69
127 187
47 49
196 210
98 170
18 29
32 167
40 180
217 187
13 94
105 201
64 106
214 220
73 108
4 142
48 84
162 215
124 212
25 193
64 160
40 51
110 163
29 142
82 186
106 135
214 2
211 7
213 184
40 182
3 8
218 164
80 223
55 181
33 188
27 184
68 139
46 175
54 75
4 73
97 167
85 130
13 113
91 124
22 138
47 146
215 79
35 79
111 151
41 144
36 139
26 220
30 83
30 44
33 53
60 119
22 49
31 47
165 214
25 124
81 128
180 203
82 222
82 154
52 137
84 98
4 8
215 176
31 133
24 26
36 60
212 108
78 113
98 177
166 221
4 223
88 202
57 205
143 219
13 134
214 177
205 103
38 63
224 191
66 182
38 151
35 128
211 77
116 196
214 114
107 193
34 133
49 216
113 164
96 166
45 179
51 105
38 214
127 223
123 144
22 103
213 196
142 167
38 149
52 166
48 126
10 214
100 189
54 152
173 191
214 97
15 137
32 88
3 95
157 193
210 176
53 149
217 189
1 205
217 184
106 149
82 200
91 167
21 174
115 181
20 121
73 79
59 126
148 161
35 97
166 184
42 198
26 128
27 104
2 178
217 151
222 203
1 162
19 87
61 130
80 163
26 79
68 136
88 218
206 131
93 211
216 201
57 140
13 190
24 172
40 54
17 42
44 180
208 83
95 191
64 167
20 37
76 136
25 215
15 158
197 223
140 202
36 205
70 82
2 173
74 147
221 51
11 64
30 66
113 173
215 186
63 117
64 155
175 218
99 121
30 90
219 195
12 18
51 57
216 46
108 183
110 128
37 183
89 91
132 206
42 87
211 62
96 163
62 87
11 120
219 156
89 199
64 123
19 141
161 183
117 145
65 167
141 170
158 203
31 38
10 159
129 177
23 136
10 223
189 195
6 17
24 143
46 159
149 200
28 132
132 155
58 211
47 112
220 172
2 145
83 113
192 197
131 144
38 56
50 196
192 223
85 150
152 200
23 104
59 95
64 187
159 215
13 120
81 110
23 78
135 154
39 171
0 215
56 59
25 87
100 140
80 106
39 128
125 205
217 167
8 53
44 49
151 203
22 215
89 133
56 187
43 147
214 164
47 166
164 194
81 180
151 210
32 121
0 38
27 148
128 147
36 192
101 123
46 50
35 85
13 189
91 153
148 201
9 76
70 201
111 170
32 104
211 1
22 130
54 145
77 153
88 119
77 134
42 222
27 187
40 59
111 114
103 203
104 134
24 30
36 80
109 137
2 136
75 144
208 29
216 37
222 97
32 116
32 120
78 144
176 203
71 93
215 110
161 201
48 207
20 47
37 223
40 160
94 167
47 111
27 53
37 180
58 173
0 109
161 175
50 96
107 212
40 156
7 154
77 213
138 202
36 108
6 131
93 186
219 65
34 72
195 222
224 43
136 193
210 108
21 42
9 108
61 82
18 197
217 61
149 210
142 163
221 30
26 162
4 112
65 79
15 192
208 61
207 17
83 123
80 161
17 201
74 170
213 87
8 91
65 153
219 18
5 201
51 117
74 178
53 198
53 131
28 215
5 143
2 210
21 113
205 110
60 86
58 106
40 57
1 99
87 197
176 211
133 173
81 186
62 178
46 96
220 8
122 220
213 170
55 132
206 80
122 162
76 110
25 182
207 180
121 168
211 164
96 115
25 89
76 83
11 105
218 104
170 189
2 46
207 112
1 25
130 159
6 68
76 168
210 40
180 192
84 221
97 104
84 182
198 205
213 148
42 132
100 223
35 67
8 157
70 222
137 188
220 111
131 200
57 141
75 150
48 72
86 167
88 158
199 220
9 175
174 217
211 143
210 159
13 57
157 163
59 116
11 22
206 151
17 206
24 71
48 172
54 210
205 120
20 85
87 162
24 35
211 129
173 174
221 116
45 47
101 188
135 141
50 118
55 68
25 104
97 113
66 73
158 187
52 125
27 141
25 113
25 197
86 174
9 176
100 108
86 178
76 152
219 109
35 77
210 146
33 147
0 87
210 184
219 163
36 116
167 200
48 89
60 91
114 205
209 192
112 153
93 145
224 3
72 89
62 89
207 31
86 208
139 184
216 222
91 173
129 174
105 110
140 161
210 101
83 92
209 135
2 162
65 123
42 97
79 148
53 95
213 163
222 95
95 176
85 118
37 201
175 182
202 204
215 54
116 128
57 101
30 200
126 156
34 69
138 143
193 212
16 158
221 75
214 188
58 118
126 182
0 7
190 223
39 137
196 200
175 210
31 173
154 177
212 46
106 199
30 116
18 129
30 172
66 142
156 211
166 179
221 176
79 163
220 117
218 176
55 134
103 167
137 178
222 50
198 208
87 103
218 198
148 178
29 45
111 134
139 197
192 199
91 192
4 68
132 179
72 147
83 136
34 159
208 166
224 108
28 57
187 198
206 178
14 201
79 96
86 211
109 212
77 146
3 112
217 53
154 163
32 59
114 177
221 94
84 144
135 198
219 160
23 65
120 187
216 118
145 177
63 151
213 204
87 203
60 149
65 114
11 73
152 210
17 45
5 7
217 37
27 29
2 17
107 200
218 83
209 85
47 51
205 0
78 186
53 189
51 130
160 187
17 167
20 66
123 145
66 80
107 130
213 201
81 152
214 169
147 205
52 94
90 193
213 136
218 125
116 190
96 183
107 121
218 32
59 214
31 196
131 176
2 218
89 198
81 209
115 158
214 62
30 207
88 138
4 75
71 177
91 197
47 201
164 172
74 141
85 212
39 67
155 168
51 142
217 222
40 142
158 178
167 222
148 155
16 96
138 205
2 193
33 124
88 221
14 181
113 126
217 218
109 117
3 124
157 223
108 215
66 126
218 90
81 202
86 188
103 136
205 33
117 166
216 184
91 131
0 211
33 152
21 67
117 209
151 166
154 179
97 130
54 178
38 124
159 201
209 90
213 42
17 86
32 163
8 153
8 196
66 119
111 175
76 177
68 213
106 111
169 206
133 222
103 152
102 110
71 165
79 154
219 106
115 197
61 97
36 169
74 179
186 200
75 152
7 164
53 118
5 141
212 173
177 192
25 145
143 152
69 70
26 188
212 156
65 200
167 178
124 162
223 83
52 221
48 56
101 208
64 145
5 96
23 138
86 122
84 191
81 97
212 144
97 191
78 196
152 205
71 147
79 201
12 219
1 12
208 4
98 212
121 126
188 198
8 168
19 122
219 64
61 168
169 182
78 178
52 188
168 179
38 222
67 75
2 25
107 175
68 194
30 73
223 174
17 74
134 164
5 142
26 125
139 156
134 137
220 212
114 118
129 185
155 219
18 82
24 181
145 158
89 181
69 152
41 217
159 185
18 113
216 132
113 176
197 224
193 206
13 86
133 174
168 174
50 112
216 107
127 220
4 177
92 101
4 36
145 163
106 214
74 192
217 162
74 218
105 135
217 175
15 44
214 44
184 196
17 109
69 214
213 126
65 188
38 157
50 51
181 200
105 221
57 157
125 185
18 115
58 145
13 116
95 140
65 173
86 169
55 77
2 37
35 162
44 125
23 39
51 159
7 95
37 91
14 169
24 144
72 103
16 101
132 221
116 167
107 135
154 174
36 52
123 210
4 168
68 189
73 77
15 184
34 75
220 142
2 170
67 212
89 111
113 207
121 186
70 187
58 194
221 9
35 92
116 172
49 65
93 121
224 0
63 72
44 85
220 192
35 55
103 220
14 84
57 120
87 187
73 165
126 146
216 65
180 198
62 205
47 79
6 103
53 147
113 142
72 106
31 155
36 53
47 116
128 129
212 26
222 115
73 92
94 110
6 115
213 165
100 202
130 193
109 110
31 99
19 208
216 140
81 184
146 199
23 151
74 212
90 200
76 144
2 123
1 28
19 197
15 199
23 112
184 194
133 190
42 50
48 219
63 184
221 99
143 200
57 73
213 95
6 146
183 200
18 19
81 129
47 161
101 201
5 98
25 202
10 123
116 121
30 161
84 207
24 95
80 118
104 211
46 197
2 114
184 191
52 162
62 80
42 62
21 88
163 184
14 189
41 113
219 91
53 78
186 205
186 209
62 67
10 130
30 195
214 70
9 78
179 199
183 195
70 138
39 190
57 145
97 107
33 46
82 112
117 179
151 179
213 112
98 175
73 96
220 168
133 139
