185 272
81 208
24 94
170 231
253 288
83 206
156 267
62 153
149 247
170 287
13 98
260 266
110 124
202 299
163 165
153 200
181 212
104 282
138 270
13 142
29 283
80 130
95 229
125 291
296 245
263 279
82 260
10 187
33 238
187 253
57 100
59 99
7 261
120 180
79 186
104 277
187 206
181 293
190 212
198 274
41 283
130 248
84 101
13 72
76 210
99 187
54 65
59 279
131 202
31 38
6 240
237 241
67 275
104 191
7 212
59 207
299 17
87 277
1 152
4 125
67 190
135 242
140 226
9 231
191 247
133 201
103 175
88 108
20 256
70 151
6 49
195 232
51 130
49 159
92 143
26 272
55 74
120 275
80 180
40 48
165 175
5 24
108 202
53 76
175 210
52 167
147 149
13 16
7 91
250 263
101 176
128 209
73 126
60 221
4 282
40 128
228 234
134 136
13 107
23 122
58 290
27 167
232 245
47 117
74 130
212 223
141 168
205 237
49 257
89 127
53 151
92 169
92 269
88 233
48 173
190 200
30 123
122 150
296 89
133 240
13 101
113 296
207 282
86 129
193 246
10 123
74 254
29 295
189 284
293 258
60 243
4 88
79 161
190 249
29 171
197 238
84 257
120 210
23 63
15 170
264 277
195 234
106 213
23 35
33 66
46 175
101 109
124 168
234 272
112 119
296 27
48 87
23 88
16 162
172 283
40 267
3 102
26 33
224 269
203 244
58 231
95 227
136 251
28 241
107 156
145 229
154 220
32 298
215 258
293 91
25 247
64 145
38 74
101 148
119 124
18 216
181 207
172 279
34 248
124 279
97 239
127 131
147 283
190 293
73 297
20 209
120 160
274 279
112 149
132 198
93 253
2 43
173 298
149 255
52 151
96 238
126 174
76 150
17 31
5 85
56 240
14 194
200 202
98 208
73 90
21 234
9 213
98 210
109 154
16 146
180 250
147 193
20 269
105 291
44 207
105 263
158 199
76 249
173 285
192 217
39 126
89 177
70 202
0 78
123 177
104 291
57 111
32 150
297 63
112 127
160 172
297 54
247 259
31 54
0 255
34 65
148 253
172 243
103 254
101 212
106 110
93 118
53 179
80 166
87 267
25 165
174 293
42 110
159 224
297 233
4 206
229 235
2 272
105 127
73 124
166 285
202 240
49 218
124 249
37 215
6 284
92 163
73 235
12 172
129 253
9 19
49 202
12 83
79 155
90 119
250 252
183 250
68 143
32 69
299 255
97 230
125 209
136 178
241 280
208 211
32 143
185 205
139 294
95 272
270 298
211 284
91 118
292 182
217 273
84 217
147 288
55 136
74 86
179 191
126 129
64 297
27 156
222 291
168 198
89 269
92 283
50 119
73 76
225 235
42 51
18 41
217 256
62 279
89 188
22 263
31 278
8 219
213 225
126 275
190 278
95 245
104 299
235 290
38 119
248 263
21 294
62 212
46 100
48 290
21 68
14 47
294 202
211 216
137 160
196 226
67 130
27 116
11 63
135 226
77 164
295 204
72 239
248 253
176 220
137 250
15 106
87 298
297 131
60 137
109 219
19 106
293 193
1 127
14 239
83 159
20 29
78 209
165 240
105 163
6 259
42 102
17 198
82 183
81 85
60 71
90 280
158 281
2 49
298 290
75 245
222 252
25 234
176 186
232 250
159 201
92 266
128 246
173 229
170 221
142 218
17 26
2 36
138 216
62 109
177 249
104 162
23 226
228 268
93 257
207 290
182 264
116 183
124 167
296 39
74 223
299 213
29 176
45 186
113 234
14 266
1 13
231 283
150 250
186 212
245 282
80 239
10 222
206 273
228 285
3 134
64 269
74 238
47 248
52 121
111 194
194 281
37 100
129 170
104 203
78 129
82 190
72 217
69 128
95 161
135 250
25 154
190 294
45 281
73 233
134 177
79 295
9 144
121 223
237 287
66 265
186 282
79 154
260 287
160 211
45 72
88 224
207 249
58 146
250 299
52 172
111 173
13 292
114 164
106 295
103 219
199 251
298 252
98 286
202 208
89 90
128 247
44 258
57 101
194 253
35 147
18 168
205 276
51 104
10 169
149 288
154 199
198 245
41 221
9 143
20 68
35 71
4 255
70 168
129 252
37 222
92 178
215 219
175 236
259 293
235 238
82 177
134 158
197 228
77 256
115 175
249 253
129 171
296 293
157 245
31 107
81 253
48 137
63 71
146 221
146 214
124 188
223 234
74 147
112 145
296 287
5 50
44 137
102 126
93 227
154 162
145 253
25 230
296 193
14 56
156 236
119 259
4 91
18 164
139 270
34 262
10 135
99 217
164 294
65 71
32 154
152 169
115 136
111 127
65 164
292 50
298 18
138 219
65 221
205 282
73 225
294 4
67 154
11 179
75 80
16 260
144 269
41 119
119 234
0 7
51 82
130 220
105 224
65 181
43 85
239 254
142 287
114 191
7 239
88 296
171 230
143 292
292 81
129 179
224 246
298 128
264 271
115 224
11 268
298 89
52 206
123 236
157 223
172 270
190 196
24 96
34 128
58 259
101 186
247 263
19 219
128 224
69 207
66 281
56 202
90 222
10 91
57 299
297 127
201 254
59 96
59 65
84 156
69 159
126 233
114 264
96 156
87 89
94 223
47 82
122 193
63 107
116 250
57 84
173 180
7 281
69 275
83 294
67 264
68 73
62 150
44 219
75 222
64 91
172 272
98 139
160 263
29 152
133 194
60 170
297 266
89 183
142 237
182 205
189 283
31 118
296 63
175 255
51 247
108 294
33 139
68 247
13 235
43 275
134 218
15 161
150 239
68 270
76 256
113 278
132 153
118 266
228 264
69 140
138 235
149 151
7 115
0 289
83 106
46 217
57 255
190 260
297 213
135 188
89 95
47 181
4 273
38 262
124 198
142 212
198 275
182 218
143 296
223 288
204 299
122 153
119 277
188 210
133 202
85 156
128 228
19 277
87 243
298 294
239 279
48 145
196 213
89 289
125 190
16 116
91 260
33 68
152 226
134 292
124 268
155 224
26 142
32 126
294 41
190 206
151 247
219 231
128 182
53 184
72 107
118 291
84 209
34 161
81 145
74 156
130 213
60 167
139 154
59 268
30 261
15 207
155 261
28 51
0 227
103 150
101 152
14 112
8 182
2 30
143 156
108 223
298 33
141 235
294 26
29 64
36 228
67 207
246 281
52 188
41 170
30 226
50 266
5 168
228 274
26 30
39 156
205 240
61 286
280 286
92 98
104 210
36 212
132 181
181 289
110 172
210 283
204 255
76 97
40 166
60 293
17 36
74 220
113 212
57 140
201 260
48 141
34 175
268 272
63 299
268 269
106 236
38 296
69 151
15 76
164 171
34 256
131 212
69 285
37 234
165 267
144 149
28 165
130 138
107 268
47 56
136 155
194 240
8 186
199 261
202 267
73 293
151 161
168 237
167 189
160 231
44 205
32 108
81 189
191 213
43 118
59 105
150 282
137 206
43 143
292 190
47 144
242 265
64 134
54 198
20 58
10 234
103 198
169 279
7 109
45 108
53 202
41 220
36 45
141 152
67 237
49 82
145 153
72 238
144 299
5 130
190 265
217 227
12 13
86 94
65 226
105 112
156 162
239 240
257 291
15 53
60 205
172 191
102 243
52 122
78 150
161 283
105 111
99 167
295 67
59 198
12 246
28 52
1 75
182 266
292 60
26 269
158 189
203 288
181 232
95 223
60 230
95 171
93 224
121 296
89 225
43 45
191 257
171 245
57 149
169 251
120 128
78 133
236 280
7 85
297 105
179 226
54 68
56 271
198 260
293 161
131 162
225 231
81 170
49 264
134 144
4 207
3 48
69 254
131 250
0 138
73 223
107 288
120 274
21 262
103 286
132 245
140 232
53 221
208 282
14 271
35 182
83 110
187 249
62 195
45 143
87 261
21 26
293 220
29 285
79 247
216 251
117 258
47 273
80 252
46 209
76 161
194 287
18 145
53 60
128 203
272 298
32 81
158 225
24 58
23 80
41 183
2 292
36 227
10 281
258 274
7 128
4 113
38 177
29 130
120 186
125 282
63 158
88 211
101 142
60 74
149 198
144 146
10 272
155 258
113 257
85 190
135 225
133 203
45 128
171 248
82 148
85 229
177 256
173 251
47 233
238 288
68 207
46 201
34 57
173 209
41 186
34 124
114 291
167 259
4 61
150 212
118 120
101 220
53 154
72 195
234 258
3 273
25 208
18 93
234 283
117 208
32 152
32 157
272 295
183 202
64 65
262 297
69 157
15 298
232 272
296 189
25 250
54 55
25 106
117 188
140 158
292 272
108 194
210 245
5 57
263 297
53 229
4 173
23 91
15 194
128 277
82 282
219 227
199 277
120 252
35 103
178 266
245 281
26 102
9 279
130 226
168 298
78 162
129 278
86 193
223 290
75 172
127 154
137 149
20 226
180 295
294 224
144 195
198 272
211 215
12 227
48 120
42 71
177 292
102 203
38 289
206 295
9 13
15 43
167 208
4 23
298 91
13 287
215 220
164 169
96 231
166 239
201 294
36 181
135 262
72 259
261 295
134 151
128 167
112 115
178 217
7 24
180 265
108 170
80 83
98 102
262 279
217 237
93 198
11 241
3 282
55 161
159 285
298 230
132 172
104 293
25 171
1 92
105 203
1 133
30 235
36 186
192 209
44 249
28 36
71 81
3 121
15 254
102 170
78 276
48 288
57 97
84 183
23 188
77 210
100 258
298 158
140 276
126 255
32 295
116 177
5 71
71 282
162 195
296 24
129 287
23 296
34 71
26 35
61 202
44 120
33 120
13 177
21 280
16 132
16 252
80 168
253 292
141 214
101 199
181 258
26 153
157 290
16 282
12 81
3 151
17 83
241 267
274 290
40 222
18 290
178 275
31 37
16 117
87 94
257 269
31 270
92 165
10 118
1 177
177 195
147 224
92 200
192 263
50 162
262 265
103 251
211 232
91 159
80 155
213 267
144 255
106 211
160 204
292 113
17 45
93 151
15 51
66 247
42 223
225 239
176 272
293 76
136 207
238 243
129 235
82 250
86 281
29 252
170 248
204 236
156 286
40 205
13 275
299 244
121 146
28 168
99 119
236 244
106 203
9 47
109 256
128 156
114 287
0 54
122 288
121 122
153 284
70 215
50 72
198 212
205 256
117 282
129 186
163 174
28 247
20 163
212 222
171 181
102 119
0 51
31 291
54 299
90 224
47 122
63 67
77 297
45 159
57 118
59 73
116 158
85 225
106 256
24 185
28 186
12 121
174 175
12 168
66 244
157 236
140 173
44 211
71 183
89 149
88 125
81 220
39 163
29 248
294 90
161 213
135 258
54 257
295 256
55 150
116 152
69 154
296 61
10 232
23 85
89 239
40 107
93 234
46 104
0 251
62 105
289 295
299 167
49 193
82 269
6 78
115 209
17 34
112 123
216 265
294 187
114 244
136 231
25 164
98 171
35 148
43 214
71 284
137 212
143 166
58 160
232 275
244 276
222 248
67 105
57 168
15 173
25 59
210 255
26 173
299 79
110 249
99 103
162 268
112 114
159 270
134 197
20 231
39 133
15 180
91 286
65 116
123 240
52 60
79 132
186 287
29 181
41 242
66 261
61 141
137 159
98 133
216 238
55 108
11 146
176 231
22 218
23 175
29 91
239 260
122 168
23 168
175 271
50 183
293 189
132 158
237 245
4 284
296 251
84 283
80 174
272 296
160 227
59 128
67 201
70 86
80 164
84 238
146 220
151 285
150 171
149 269
188 192
196 262
151 249
146 278
23 217
123 251
54 140
55 96
252 272
176 253
58 141
149 236
41 184
21 167
190 281
64 195
45 191
126 280
71 280
92 177
217 285
55 172
182 242
58 138
105 106
63 288
87 168
210 282
184 190
62 225
268 273
4 180
82 133
178 234
70 185
104 237
80 163
174 257
238 259
7 236
201 217
0 6
74 247
88 177
61 83
15 94
5 10
22 148
149 220
73 232
172 194
202 234
120 292
150 290
210 241
278 291
152 227
72 91
72 138
1 211
25 62
190 242
292 145
92 126
7 96
248 264
0 264
30 246
118 167
81 224
83 226
124 296
66 139
2 234
149 167
256 263
52 187
35 92
175 226
228 273
13 288
100 276
73 99
63 105
267 276
188 255
178 233
138 223
163 297
153 279
0 270
154 224
4 58
69 224
51 184
206 271
260 271
257 283
242 251
147 172
203 240
82 188
10 202
2 81
9 16
37 269
216 296
131 289
87 294
42 175
197 299
68 229
34 87
72 110
299 35
132 265
80 179
24 191
110 290
122 152
22 242
51 112
20 35
189 294
11 299
249 260
84 265
17 116
60 83
78 250
91 194
40 130
31 287
187 243
51 153
91 158
95 196
223 261
15 63
74 122
198 267
17 139
17 84
107 112
137 290
26 215
182 243
26 276
151 256
59 199
103 209
89 255
297 135
74 293
22 282
237 264
39 124
225 245
106 174
47 226
22 228
233 269
48 162
243 273
59 72
85 227
8 53
162 196
230 241
88 182
150 269
299 251
0 9
44 225
70 180
104 230
230 236
164 198
108 153
24 259
151 298
16 147
256 262
226 242
211 233
204 222
98 236
203 219
30 83
130 234
65 259
8 9
65 145
46 158
92 271
224 243
295 150
181 224
124 234
171 269
289 290
119 133
72 276
293 153
6 283
187 208
15 111
192 225
293 143
13 171
111 251
71 121
9 182
202 226
154 265
87 152
49 238
203 224
295 265
72 245
215 257
119 143
159 210
6 190
105 168
77 283
119 174
99 120
237 291
129 145
40 255
27 242
78 295
222 255
87 215
242 299
212 256
114 256
37 260
246 295
86 185
250 258
80 245
197 217
177 188
1 236
41 241
32 148
7 178
7 254
137 243
86 174
292 9
159 257
39 91
52 76
40 155
103 162
20 242
147 205
5 242
145 203
82 171
208 263
64 68
102 258
159 220
100 227
199 235
50 285
47 110
179 190
293 15
40 43
14 164
295 209
141 149
233 289
7 101
143 204
26 197
50 151
200 224
38 123
203 229
12 284
87 137
10 131
210 294
13 224
30 191
139 281
3 59
207 269
51 152
92 137
91 230
143 158
43 108
295 269
296 257
80 126
124 228
189 279
40 133
117 127
293 112
191 241
85 275
10 105
32 273
38 120
164 204
211 236
64 174
155 189
32 105
50 120
57 214
133 276
5 107
158 270
98 188
46 57
44 202
64 233
3 240
141 161
190 245
28 170
166 274
293 154
215 286
156 248
294 163
63 267
121 288
186 200
89 282
7 295
96 212
263 299
140 159
102 165
83 161
99 265
229 282
294 212
27 112
221 262
15 210
207 241
91 152
32 63
267 269
22 138
23 199
88 215
90 112
147 204
37 50
142 239
124 153
209 265
4 130
190 218
40 67
174 280
292 5
192 198
17 282
47 104
251 253
27 94
7 299
159 211
93 286
102 268
5 131
10 57
14 37
116 157
12 68
30 250
14 34
74 172
24 115
163 200
33 41
113 165
73 292
36 114
139 140
277 288
31 108
14 108
55 99
297 104
11 101
97 119
27 263
141 287
161 290
74 281
116 145
200 230
29 218
58 70
6 123
135 222
292 180
53 108
0 24
97 109
273 277
151 196
39 59
79 287
166 194
175 265
78 202
155 233
50 80
100 161
153 253
168 252
158 284
17 41
140 212
90 153
232 264
181 234
40 225
54 121
67 195
105 268
56 150
297 196
240 260
139 213
294 175
48 193
56 224
131 170
293 120
263 267
43 256
4 277
88 283
31 237
180 183
126 224
132 188
194 295
170 289
11 270
169 179
16 34
13 52
27 200
155 196
91 240
161 275
147 274
212 241
60 244
165 228
35 181
209 227
115 271
18 206
78 142
218 231
6 17
184 275
293 24
118 217
3 235
247 292
43 205
60 172
86 239
200 287
147 284
9 207
52 63
71 272
119 169
95 233
33 109
293 172
110 291
145 156
65 144
188 234
0 56
33 99
171 211
23 274
166 237
46 142
140 258
121 281
36 272
77 165
6 261
55 194
107 119
5 121
107 223
65 124
108 150
86 125
50 182
208 210
6 15
76 159
68 173
292 245
78 130
142 250
10 251
121 276
42 93
12 203
54 252
176 297
89 140
93 106
56 93
72 149
45 163
132 257
164 192
247 288
206 215
172 242
46 124
10 130
208 250
292 259
161 241
155 231
227 257
92 239
159 173
36 233
175 233
211 228
34 47
63 227
21 97
57 159
128 168
41 247
77 179
17 219
26 259
206 270
34 292
131 226
85 184
15 31
67 214
141 190
145 204
239 261
158 185
180 221
1 172
168 216
89 113
103 276
31 198
38 172
181 286
178 195
70 280
141 251
296 262
12 132
297 60
137 270
46 198
50 216
228 278
123 250
127 215
74 265
3 227
48 160
199 263
150 182
185 230
33 204
40 243
63 86
200 291
202 242
103 122
116 235
45 164
15 263
254 284
94 150
53 137
36 217
23 298
93 120
19 47
282 297
194 246
98 196
81 286
105 197
136 179
71 140
148 161
4 95
67 276
202 211
20 211
228 232
36 141
275 280
88 98
84 111
163 171
1 291
60 289
170 215
141 216
19 128
252 275
292 131
171 180
59 163
75 162
69 196
0 77
14 244
78 254
30 240
121 268
177 247
7 193
196 207
19 288
45 284
80 294
191 227
59 119
164 220
113 214
20 179
43 136
211 247
184 243
101 197
221 269
96 222
179 187
36 150
39 94
233 245
158 174
174 179
42 295
7 31
27 41
74 200
46 136
128 286
160 267
145 205
165 185
157 244
87 112
95 198
5 180
86 142
127 289
28 216
21 270
176 182
90 115
229 283
183 252
7 272
274 277
80 211
12 166
90 167
209 213
9 241
32 285
132 203
40 240
119 138
152 217
9 65
97 149
210 252
44 272
94 149
128 174
36 166
115 219
114 296
22 172
218 233
196 264
114 195
78 169
11 89
54 250
92 256
235 271
76 225
38 261
36 95
39 225
93 94
17 251
88 231
128 233
76 213
183 265
1 217
172 186
141 278
8 240
144 161
292 99
76 78
214 299
58 269
126 272
197 248
90 208
121 195
170 197
202 249
59 118
81 84
16 154
116 154
172 228
9 176
299 32
128 214
71 93
100 202
292 84
27 83
30 84
114 255
111 228
99 254
268 284
99 283
2 68
5 30
60 209
190 198
129 215
233 234
28 176
119 227
51 177
191 292
264 288
34 229
189 265
9 297
231 242
200 216
95 221
51 213
195 208
54 194
30 38
128 164
29 249
282 286
40 70
157 206
14 223
144 239
262 290
54 254
255 274
47 125
72 120
50 143
178 253
225 232
292 32
7 248
14 115
95 170
136 253
58 112
114 276
78 194
120 272
299 210
64 234
114 120
97 207
4 69
265 274
179 231
14 173
238 292
102 270
86 173
27 177
68 185
40 275
13 158
98 200
8 94
108 180
191 251
161 266
76 216
297 199
255 261
74 221
75 220
40 151
72 116
69 194
82 84
295 263
189 286
182 193
15 225
38 238
1 78
296 224
105 205
80 90
124 281
114 131
166 273
144 256
267 284
10 197
299 158
165 183
124 233
6 147
198 214
39 155
60 81
62 97
39 84
119 206
293 212
205 221
28 125
54 60
33 78
158 220
24 85
52 155
15 126
8 30
155 207
105 154
213 286
15 205
75 189
296 14
23 203
72 165
28 31
94 222
179 208
31 158
151 259
192 214
33 170
165 195
35 242
147 266
112 276
48 88
224 274
12 64
165 248
14 227
268 277
42 228
120 295
18 190
3 143
170 239
141 202
179 196
9 180
89 96
73 181
297 32
8 99
44 290
146 173
158 273
2 31
13 186
37 223
240 284
89 163
21 58
25 142
90 130
187 295
122 271
157 274
115 201
0 44
125 259
298 255
139 219
48 184
10 147
28 207
168 220
167 238
4 184
230 247
118 157
229 269
131 148
94 146
102 290
94 257
219 261
62 283
4 152
189 191
215 216
171 244
211 256
136 143
181 241
20 233
14 147
86 156
157 258
42 273
114 253
218 220
104 240
57 124
88 194
2 233
75 103
122 125
65 111
103 272
43 227
150 176
111 248
219 271
195 276
149 214
83 168
145 213
88 212
298 225
80 86
101 246
31 156
133 213
298 132
287 298
165 229
166 186
130 209
147 241
299 160
59 223
2 44
95 225
199 213
36 66
11 194
193 226
72 280
292 93
298 99
74 240
66 221
57 154
165 243
8 200
29 75
218 238
146 262
36 124
73 227
21 299
1 2
11 142
143 199
128 172
20 258
157 247
44 168
42 119
219 275
202 280
63 231
68 110
193 235
90 286
97 164
266 275
86 220
38 63
101 175
39 172
70 75
38 97
94 187
141 165
37 158
104 242
76 92
69 255
299 153
122 134
208 276
144 247
164 299
174 177
293 278
106 277
191 260
54 230
57 165
43 96
164 208
88 172
1 228
247 272
292 251
183 262
37 119
211 246
274 276
253 279
67 107
198 251
197 280
63 115
161 185
150 192
164 183
193 241
4 39
9 88
40 100
249 273
74 176
62 171
125 187
148 252
37 156
128 271
295 126
47 64
110 259
61 116
29 276
141 236
240 257
17 100
47 154
297 172
51 246
143 272
138 258
24 181
49 251
142 171
63 87
11 212
59 117
62 78
129 272
103 192
118 147
6 18
60 178
25 265
9 286
47 105
260 278
167 185
42 97
121 149
8 279
299 208
29 180
206 217
95 267
27 273
74 162
37 141
35 201
51 78
298 119
115 161
15 204
95 288
203 245
47 84
9 152
29 299
221 273
22 140
117 297
79 160
207 283
147 187
138 148
142 148
36 230
6 62
116 287
55 70
14 126
67 274
32 173
86 238
87 120
122 216
43 133
151 292
23 159
119 258
87 281
169 178
238 279
185 204
21 207
141 144
120 197
75 125
29 72
55 292
53 188
26 168
187 226
60 121
198 204
191 271
59 82
130 137
63 276
6 54
298 249
143 145
15 274
131 167
40 64
58 71
6 94
123 274
146 292
192 207
37 160
1 189
39 196
127 217
151 153
99 284
22 100
1 271
145 193
31 83
125 203
15 281
164 174
49 269
133 284
87 273
55 212
18 245
195 273
248 282
197 295
247 253
2 25
190 273
60 90
146 236
113 266
85 266
41 189
185 252
179 287
299 268
45 89
296 140
116 164
76 151
12 66
25 255
178 280
160 203
46 200
26 135
211 261
48 298
295 174
189 205
187 267
11 278
38 205
8 272
176 181
192 221
167 180
231 244
117 139
49 278
61 220
127 228
14 261
194 292
80 85
58 273
21 239
51 221
84 173
6 47
166 180
46 122
159 282
136 242
2 238
10 102
130 203
155 250
246 266
155 229
296 166
119 265
22 213
151 228
6 70
165 222
49 274
0 40
152 192
87 278
15 48
79 117
35 67
215 255
166 210
178 205
161 294
69 179
40 78
88 206
122 130
196 265
299 191
95 175
70 266
55 281
49 176
135 259
47 218
297 100
26 245
117 150
91 100
70 94
127 182
31 133
243 269
191 294
299 190
148 214
28 269
29 173
26 208
195 288
54 61
186 233
34 81
147 168
292 156
139 249
3 197
176 201
106 275
163 176
121 218
129 292
194 250
247 297
161 242
166 176
223 245
124 264
91 265
126 148
18 141
39 106
168 215
52 102
156 239
96 289
127 279
169 171
69 259
49 231
31 64
44 199
115 191
17 259
131 199
3 66
148 281
37 74
64 244
218 285
122 239
142 256
61 169
156 158
224 244
295 103
2 187
209 290
37 134
115 145
16 213
120 178
27 286
214 261
111 162
50 246
27 69
173 261
139 205
45 254
110 213
164 259
118 194
66 168
33 219
1 3
103 258
176 215
151 278
73 222
98 113
30 265
0 263
118 180
75 187
1 39
181 247
187 200
267 271
243 286
139 238
141 239
28 235
53 140
76 158
63 275
171 177
36 64
23 259
68 273
110 201
122 243
10 296
13 31
52 154
133 274
7 210
61 85
13 271
66 157
266 274
173 224
137 275
292 208
0 256
102 187
131 268
154 194
152 241
231 253
113 263
100 174
66 193
275 295
5 190
64 96
78 168
126 257
164 291
292 160
97 231
57 147
76 123
159 249
261 292
99 114
184 284
7 36
89 235
129 249
172 201
12 221
51 67
158 160
53 262
102 253
170 209
7 243
55 274
73 281
175 253
296 75
21 57
62 232
9 265
122 237
39 118
1 169
64 232
80 278
2 34
87 140
74 125
151 188
8 123
129 149
5 143
27 59
295 85
37 180
5 228
10 242
82 134
212 260
131 272
186 227
80 236
51 244
215 287
299 122
182 293
214 275
97 138
81 146
39 287
82 135
55 175
58 262
148 154
23 133
43 206
194 277
207 275
72 162
297 7
131 166
49 127
244 289
134 163
21 23
168 262
63 122
19 241
184 250
134 265
34 136
132 196
68 72
24 97
205 245
110 212
184 233
162 245
93 193
126 136
210 226
69 251
114 145
51 185
15 64
213 270
83 263
92 246
45 161
91 150
70 243
90 285
9 181
107 209
161 244
4 71
45 75
65 153
68 299
37 99
133 288
106 170
95 121
13 285
271 273
156 197
13 36
148 276
116 186
24 264
133 232
18 258
229 243
12 189
140 169
31 162
184 289
186 278
62 130
150 277
62 92
27 185
72 77
121 285
60 295
14 136
109 178
107 296
295 298
53 279
73 183
122 224
99 108
137 183
12 248
77 232
171 297
151 187
14 175
35 289
299 135
118 149
126 184
30 159
28 131
4 102
152 178
77 296
16 123
3 251
94 108
38 274
127 137
220 265
141 246
51 239
169 211
5 104
38 105
54 263
92 223
78 189
8 250
209 248
21 158
72 164
73 280
117 175
37 46
109 214
71 90
72 152
55 278
295 23
0 186
91 277
298 171
18 204
71 186
88 286
197 223
217 282
126 192
205 296
11 64
12 237
28 164
265 272
142 251
35 264
43 194
16 186
90 162
153 240
129 168
76 287
153 263
79 133
56 228
29 195
46 148
72 271
113 180
84 191
110 131
34 140
26 233
64 295
91 201
124 277
74 299
117 222
89 278
10 292
204 237
82 236
58 106
56 187
93 247
115 253
3 157
156 258
65 169
111 299
7 258
19 297
9 227
37 44
28 118
171 186
85 291
60 122
17 81
13 89
85 260
172 179
175 223
36 268
22 195
292 185
61 227
15 32
17 43
48 114
26 260
66 166
114 281
68 88
59 220
83 204
56 94
8 87
31 251
22 54
147 262
292 266
121 202
236 258
186 269
214 256
14 207
41 240
180 188
220 269
143 299
259 280
107 251
132 290
18 108
181 246
31 165
295 81
168 189
134 143
245 278
296 13
131 207
47 204
181 229
60 213
138 173
58 114
40 259
200 212
130 165
5 23
112 230
15 177
0 99
43 274
64 183
233 263
87 117
11 49
292 104
2 62
207 243
155 205
169 176
41 77
93 140
16 42
63 81
119 205
4 83
27 234
115 189
293 291
89 115
40 74
88 251
136 228
298 251
29 54
62 127
293 288
174 243
4 186
92 249
91 284
137 278
93 239
210 266
214 297
156 170
233 288
209 276
218 261
131 174
42 56
239 289
65 148
117 262
174 227
13 258
85 109
91 102
93 243
141 182
23 215
247 283
212 285
13 164
237 262
5 87
155 260
129 159
29 186
40 119
36 236
78 92
10 215
46 146
125 202
85 255
292 159
82 173
89 170
108 283
212 227
1 221
5 183
46 101
72 237
30 125
43 159
46 168
146 216
95 246
98 162
69 198
66 262
187 213
114 299
298 209
6 211
260 288
61 207
212 224
149 275
13 133
95 101
36 142
64 72
95 293
2 105
162 277
32 287
169 268
119 290
197 219
294 130
37 207
156 223
7 231
9 131
10 72
144 278
292 76
53 106
10 224
16 148
38 130
59 111
72 183
71 250
140 228
46 297
140 246
53 258
297 167
205 209
295 91
152 276
16 89
54 111
227 256
248 265
55 207
74 151
119 288
47 254
267 287
271 296
134 192
18 49
159 186
250 286
102 219
201 271
73 295
119 241
43 162
127 249
292 209
68 123
104 220
2 249
163 257
23 67
99 268
134 195
231 291
53 271
263 289
292 117
60 68
220 289
81 187
115 223
39 261
293 175
22 210
296 239
255 277
3 189
10 59
188 273
23 86
76 273
299 222
4 49
136 229
171 199
95 265
136 218
74 280
298 20
65 123
13 78
61 92
54 224
92 228
74 272
21 66
27 271
66 115
69 217
180 282
164 287
297 159
5 299
214 239
165 191
101 178
36 262
87 161
208 230
130 151
70 170
271 297
18 153
84 212
67 291
119 157
167 227
124 212
70 265
98 173
106 261
175 264
139 247
102 185
22 239
292 173
220 279
266 277
96 155
14 57
19 20
33 207
226 277
194 267
63 141
219 232
207 233
254 292
30 260
2 136
38 102
23 262
32 112
12 261
195 268
157 253
31 131
156 161
120 215
148 221
19 71
256 273
54 148
109 234
163 193
217 280
298 220
32 104
174 231
3 252
51 76
5 45
9 15
20 137
204 229
158 254
153 201
115 234
49 75
30 46
74 179
13 246
52 97
36 108
180 229
61 206
10 113
60 222
117 266
59 149
266 295
25 160
63 120
147 228
25 41
63 111
35 216
177 246
231 249
57 179
80 110
295 158
204 284
21 22
137 194
30 145
299 157
237 272
220 285
88 183
0 139
232 235
186 207
137 155
17 71
55 173
84 297
87 248
95 115
30 85
82 112
63 236
63 142
45 149
49 252
192 244
54 96
129 197
28 42
249 265
79 166
17 194
40 44
93 251
44 293
13 249
144 238
135 174
299 220
151 272
276 281
45 199
105 182
184 199
206 208
190 248
123 152
112 212
50 128
102 120
299 113
29 99
80 175
54 291
33 103
181 299
5 123
4 233
2 246
93 187
63 263
77 154
7 279
167 201
83 194
60 89
133 179
216 270
0 98
149 204
34 269
22 25
125 185
88 267
142 298
63 277
22 102
221 291
294 99
3 295
56 160
116 202
74 124
66 86
149 184
156 235
71 178
73 165
58 184
50 215
21 261
14 54
126 153
110 138
103 262
29 278
134 193
161 202
188 223
177 268
294 276
65 260
63 247
79 176
152 195
296 230
26 47
201 222
0 143
55 255
68 109
219 281
55 253
22 241
85 189
271 299
201 268
53 265
191 291
105 118
28 173
184 228
103 184
95 153
43 148
171 278
122 290
51 180
92 108
207 215
57 167
60 150
199 215
181 208
138 238
153 247
61 218
33 296
108 169
185 195
54 223
70 296
44 256
132 137
163 270
292 65
76 257
169 188
209 270
42 81
28 290
26 279
57 59
244 288
114 218
150 274
44 72
299 14
168 286
39 288
32 233
43 242
7 18
16 143
82 247
4 14
161 224
218 223
133 161
215 235
19 223
158 218
152 235
25 233
90 290
109 142
134 170
132 154
103 170
73 117
59 290
297 107
167 178
188 260
292 294
16 173
29 33
70 135
84 228
105 136
50 69
31 245
36 175
135 175
98 143
179 284
48 130
117 289
109 199
88 116
27 104
129 223
37 286
173 191
11 123
298 105
122 126
240 266
51 294
294 242
67 247
142 153
26 221
21 272
45 265
227 237
141 274
213 216
204 289
202 295
83 288
9 100
162 256
21 109
166 272
38 180
156 166
166 201
72 229
122 249
20 192
81 122
142 262
5 268
84 182
112 154
59 79
128 268
268 270
157 198
153 165
292 167
50 250
4 288
62 202
1 154
235 247
147 156
130 196
10 278
75 281
47 195
158 255
121 236
6 136
138 193
90 218
44 111
58 83
153 218
168 281
200 220
99 275
14 222
165 271
130 168
262 299
1 93
52 89
49 83
31 294
120 190
133 210
23 140
83 115
295 273
11 223
101 286
208 232
156 290
163 288
207 266
165 180
293 83
36 211
166 258
6 121
39 78
89 221
222 244
38 160
114 152
187 209
85 231
167 186
53 146
159 286
201 285
143 289
162 263
112 254
68 294
131 200
58 186
184 263
101 198
57 175
38 243
54 124
151 245
41 224
96 234
249 286
196 249
97 282
64 175
115 214
106 116
43 110
106 244
288 291
96 102
229 281
89 142
108 129
222 256
26 83
225 262
26 36
47 261
101 120
10 142
8 129
118 207
74 239
221 230
77 206
55 137
48 245
201 204
39 285
176 210
293 231
189 212
175 182
114 297
62 241
60 194
22 62
213 279
204 282
21 256
108 196
83 200
72 129
98 251
45 109
109 244
72 82
152 211
134 152
27 133
5 34
86 127
92 248
41 258
29 189
174 201
102 265
135 291
89 192
201 202
135 206
36 130
26 170
221 283
16 241
61 146
181 228
45 156
83 213
124 218
233 270
29 193
22 278
79 189
46 287
211 238
78 104
157 221
83 252
55 148
293 248
155 162
15 109
64 73
122 225
104 182
115 264
91 149
159 218
174 273
146 163
84 290
137 143
131 234
88 278
52 59
232 254
140 294
20 97
100 106
20 287
118 131
77 98
12 135
34 131
55 200
293 225
204 277
74 204
141 147
0 151
6 160
113 298
27 272
151 180
8 217
81 275
183 240
70 264
299 209
145 163
34 88
98 229
158 192
130 268
254 277
135 243
220 254
261 283
107 195
62 282
72 263
3 254
121 229
293 18
167 220
84 132
81 119
98 259
51 174
94 297
37 237
115 196
206 244
0 241
120 220
41 125
69 143
75 124
100 132
232 298
42 68
65 194
137 190
28 276
224 258
146 274
299 100
67 208
232 288
81 179
40 52
74 206
64 168
57 142
292 126
174 233
94 173
80 198
234 260
64 86
199 283
127 169
116 222
125 217
95 186
206 285
27 209
11 97
134 258
136 163
79 226
70 211
93 231
80 106
15 57
93 115
151 230
1 212
34 37
199 276
53 230
295 152
152 212
37 298
98 186
40 114
270 291
51 268
11 184
52 152
158 246
119 197
157 295
279 289
231 274
41 96
221 298
3 7
35 142
117 268
39 110
172 287
285 289
271 277
218 226
127 158
90 219
212 251
78 210
55 181
14 185
46 290
20 272
57 192
9 127
141 276
12 269
84 189
140 264
221 289
37 118
299 8
90 234
132 168
231 243
92 112
256 283
175 250
199 279
72 74
17 162
145 274
97 202
51 159
87 97
14 86
82 299
49 187
137 138
178 206
275 288
25 135
76 270
10 167
62 85
30 210
64 108
138 157
32 76
89 209
23 56
68 133
172 219
0 16
100 124
18 87
61 274
14 169
65 248
264 287
13 218
117 218
125 150
185 248
292 150
251 284
43 60
176 273
36 77
298 93
153 258
68 145
39 143
183 211
59 272
10 51
79 234
45 113
45 136
31 254
8 195
62 285
33 287
48 118
0 85
221 284
48 168
269 287
64 291
123 258
185 265
26 130
121 246
227 279
91 180
226 285
97 299
27 238
59 83
107 259
207 212
61 213
38 190
70 79
111 143
186 271
275 278
268 279
81 191
187 192
18 194
32 161
259 279
3 137
27 95
294 260
23 211
67 286
57 246
28 63
42 138
36 215
120 149
111 269
107 271
19 207
90 190
19 103
50 251
203 282
182 183
2 264
6 75
250 267
104 199
237 269
65 72
96 137
192 290
107 219
144 170
26 116
55 146
129 231
287 294
106 173
24 142
208 245
17 117
85 174
53 65
69 269
22 181
110 149
127 267
0 187
9 268
12 176
0 37
203 207
36 241
292 196
111 113
74 248
182 189
112 298
30 160
13 46
157 217
69 270
104 216
92 251
167 202
137 158
139 185
6 81
90 262
34 42
214 237
269 292
187 228
95 270
235 275
154 241
279 286
40 79
195 213
174 276
95 134
90 213
6 263
128 274
10 127
47 299
94 289
98 129
240 290
11 124
192 265
61 264
90 107
75 273
185 206
54 87
0 94
170 267
146 179
60 104
30 165
238 245
65 290
120 135
113 208
177 259
56 180
94 248
156 294
10 107
73 193
276 280
116 295
7 114
6 258
218 286
128 179
54 115
46 188
263 273
126 294
46 135
21 244
64 138
157 182
101 255
80 270
111 285
203 236
115 216
71 151
197 286
257 287
141 146
165 192
145 241
13 298
296 110
108 298
142 151
98 105
204 220
7 292
111 235
52 132
133 267
35 230
34 291
146 191
212 244
16 75
60 66
14 180
159 250
116 178
160 199
294 185
236 281
87 228
76 277
52 196
229 267
298 117
23 214
165 231
38 217
104 278
24 177
258 269
104 223
118 155
137 263
15 37
85 188
58 221
40 152
170 191
227 244
193 284
157 256
131 220
282 295
76 160
41 253
27 87
296 172
295 270
235 297
33 191
7 99
58 287
125 289
10 158
200 247
6 85
102 142
177 196
233 267
136 260
295 84
293 274
49 155
6 174
249 284
83 287
231 286
169 224
140 144
28 167
18 28
82 212
123 178
233 238
201 246
13 122
140 181
21 233
239 257
177 269
45 148
50 224
8 70
65 184
201 272
17 76
87 187
32 77
109 222
61 251
159 170
43 257
5 158
74 126
24 46
74 274
149 189
226 278
127 144
56 222
261 268
73 123
216 217
46 251
107 180
52 272
89 204
18 63
59 143
140 155
185 281
172 214
63 83
240 291
217 291
16 68
143 248
243 280
51 107
24 203
104 227
116 195
61 134
150 164
54 126
100 126
53 285
93 175
8 234
12 38
0 80
106 212
87 132
9 270
22 201
251 274
158 283
108 226
88 196
17 240
99 165
47 278
259 273
5 83
228 255
189 240
30 126
66 202
94 140
170 268
128 273
295 26
128 252
16 266
28 242
67 71
207 294
129 295
151 252
131 273
6 268
187 236
296 66
21 204
171 260
128 272
153 177
103 207
38 241
9 119
3 296
191 253
35 168
162 177
29 149
152 233
138 255
169 285
82 270
131 169
83 93
185 278
217 236
79 284
72 180
26 210
295 15
202 256
39 77
188 254
145 265
79 156
206 242
46 86
165 201
30 109
41 203
138 220
188 214
246 267
187 196
258 292
148 242
109 240
57 162
48 121
20 152
183 235
97 117
235 276
148 235
75 284
11 296
237 279
140 176
51 298
250 288
100 120
39 226
35 145
163 250
124 155
91 278
48 58
188 222
208 253
7 241
104 112
142 156
10 84
298 96
5 226
59 284
67 163
2 250
61 242
54 185
21 89
118 192
70 212
33 199
26 216
141 292
33 227
27 129
152 154
171 201
159 215
184 202
296 225
59 191
66 184
66 164
224 250
15 165
37 216
177 223
46 206
202 283
64 281
7 238
91 109
298 150
82 200
27 38
102 116
136 192
67 93
7 55
78 244
138 240
131 211
86 116
140 160
154 166
140 221
47 100
295 215
229 230
176 292
200 256
8 223
96 153
176 200
70 199
106 146
86 247
44 216
190 230
59 142
81 216
49 151
22 74
232 273
37 84
295 153
59 204
132 186
0 161
53 295
72 236
108 271
264 278
84 216
29 77
79 208
72 161
119 269
189 233
261 293
60 180
108 197
130 174
153 203
64 286
94 133
194 226
13 57
129 264
152 280
140 196
59 76
53 141
178 254
267 283
94 205
65 252
211 252
297 142
107 165
165 217
4 199
4 227
78 285
13 272
13 167
14 191
77 240
128 217
2 208
123 194
86 184
27 66
77 161
116 293
208 249
117 256
31 235
112 217
87 276
3 109
138 282
30 192
137 280
52 153
216 258
122 183
29 279
12 170
184 278
48 211
49 126
5 148
110 214
106 248
167 240
147 197
68 255
92 253
108 258
194 285
167 207
121 277
127 211
66 84
61 215
33 192
140 178
238 283
298 269
296 29
179 182
184 216
47 184
296 73
58 272
6 11
27 103
79 114
92 264
130 169
220 260
38 92
239 277
85 135
7 207
5 43
11 283
10 156
131 215
30 280
190 227
157 193
101 290
66 154
14 129
37 229
153 188
7 27
103 211
229 236
2 108
47 264
214 249
49 143
220 282
21 47
145 251
0 62
193 291
36 294
210 287
254 288
82 275
177 200
232 285
12 85
189 202
142 214
237 278
17 196
162 228
64 157
78 85
102 132
89 220
214 293
91 161
147 229
6 34
4 65
136 201
102 171
299 56
233 285
83 154
144 275
141 271
117 216
187 194
107 148
279 280
146 202
99 190
237 250
256 280
230 258
227 293
4 45
15 18
294 221
61 80
8 166
93 209
126 147
134 231
9 208
165 226
35 239
4 9
29 272
107 272
222 238
35 257
120 267
52 184
8 41
58 283
50 198
21 33
299 64
207 265
152 223
132 136
10 115
13 200
160 283
235 283
219 233
9 259
54 203
127 167
193 232
114 248
24 288
77 285
294 217
101 217
156 211
51 277
157 226
78 99
31 42
234 240
189 247
68 211
52 267
132 292
117 161
101 238
63 174
121 252
21 151
215 281
57 157
30 239
222 249
51 183
294 142
57 76
14 65
118 258
169 254
59 90
251 293
188 205
84 236
63 252
9 219
58 178
44 158
143 205
15 105
55 240
132 200
48 169
8 28
73 248
12 245
190 224
142 274
2 41
295 41
27 268
11 264
186 232
164 173
0 182
6 253
139 210
167 281
193 290
153 192
36 118
282 289
165 197
128 157
44 136
61 214
35 54
73 255
1 56
99 211
128 242
78 116
120 129
32 258
98 125
5 181
298 125
159 206
67 232
224 281
82 208
12 106
12 285
90 184
142 230
213 240
25 116
104 181
80 219
49 279
130 144
2 73
167 264
169 193
79 163
119 297
165 245
139 144
107 163
187 283
158 211
132 223
79 90
32 52
49 228
160 289
37 109
13 214
148 249
14 41
70 177
4 126
76 176
0 253
118 144
251 289
98 225
125 212
50 157
134 188
53 91
102 264
32 83
178 281
72 131
150 180
4 8
52 237
129 155
7 133
244 261
40 265
33 281
292 278
52 202
292 155
215 271
149 290
85 226
41 68
168 282
6 80
292 77
147 219
79 230
23 58
130 255
13 123
145 176
151 173
62 240
65 269
117 147
295 145
98 261
43 232
147 253
159 202
264 276
83 290
39 101
10 31
46 55
16 175
138 169
121 196
77 266
77 167
13 199
30 231
13 225
100 216
45 46
48 73
47 213
220 225
8 34
294 223
1 33
65 157
100 113
165 273
24 149
292 139
121 205
33 224
13 170
149 250
11 86
55 62
292 153
298 134
94 234
134 293
46 292
213 278
259 269
74 257
56 162
42 181
32 288
4 299
52 299
94 285
233 291
26 185
140 209
293 155
80 293
109 177
36 246
74 112
22 227
30 274
83 253
137 296
18 243
73 191
24 39
68 97
1 97
292 70
44 183
15 191
23 61
8 256
14 142
13 103
9 112
39 252
