19 55
84 40
17 68
80 31
5 15
82 83
72 82
8 25
19 39
29 37
37 46
21 86
24 78
14 19
66 85
82 9
15 68
23 68
0 13
20 22
66 73
87 36
58 75
40 59
19 27
5 80
62 69
29 42
33 65
82 27
26 40
88 57
7 67
82 23
4 36
66 71
32 82
10 81
79 35
17 33
16 81
20 43
18 29
58 73
8 17
1 19
27 83
20 39
62 71
25 58
27 45
77 33
84 62
45 53
8 21
14 71
8 18
28 47
2 35
12 51
15 46
30 81
12 24
48 83
10 87
7 71
55 77
5 39
84 42
67 72
11 80
9 35
49 86
18 26
11 51
74 80
36 44
68 87
46 49
32 35
78 23
78 6
76 45
24 80
48 53
30 63
81 15
63 81
30 40
26 64
88 39
9 87
79 50
52 69
6 19
13 83
24 41
25 57
57 76
8 77
20 54
86 43
15 86
44 50
31 86
13 77
68 77
80 36
43 63
11 72
22 59
6 63
38 82
43 85
80 12
21 39
8 36
37 47
30 34
0 8
8 31
58 79
14 32
54 67
89 50
41 77
82 14
15 51
26 47
15 32
73 80
40 71
5 32
62 74
87 32
39 44
25 68
24 53
25 83
16 41
78 13
53 80
18 32
41 82
77 15
29 48
28 84
31 42
89 52
12 73
31 55
86 58
37 55
88 47
5 70
6 47
44 62
76 80
4 45
26 69
23 81
42 76
25 44
6 69
52 65
81 37
29 34
23 64
66 80
77 34
31 51
26 52
75 26
25 86
75 9
2 71
7 56
7 76
70 86
19 56
4 8
62 77
19 86
45 48
32 80
74 76
29 73
33 54
62 86
80 59
6 14
89 51
78 33
32 38
15 39
42 64
34 43
30 65
3 49
23 86
60 89
47 87
51 84
21 29
29 49
64 68
9 69
34 72
88 71
24 27
54 82
82 36
3 16
8 47
87 7
23 38
81 28
17 87
20 64
33 53
28 32
57 71
23 60
52 53
0 45
10 89
16 57
45 72
85 27
52 70
88 63
4 53
32 59
38 39
84 70
58 88
77 24
75 54
17 82
17 65
24 73
34 71
21 65
17 23
54 57
1 34
11 58
47 85
54 79
4 6
6 43
29 80
77 61
2 62
60 66
49 73
35 54
26 58
14 70
53 56
18 67
11 45
40 77
87 50
40 68
78 57
21 79
59 85
5 69
36 52
59 88
20 49
12 50
5 74
21 35
87 19
12 40
14 66
3 60
15 40
18 50
20 69
1 21
12 25
80 41
73 76
2 36
19 50
77 39
83 45
76 8
39 46
20 56
44 54
6 86
16 48
33 68
64 81
22 63
9 68
74 87
55 82
86 77
87 37
9 88
25 78
3 21
85 87
8 22
89 55
80 18
31 67
18 87
5 37
28 46
34 67
4 85
88 14
0 46
46 53
85 77
35 43
88 68
44 47
87 26
80 44
38 78
82 59
9 47
2 76
75 55
34 57
66 75
8 50
9 31
54 65
31 37
22 79
36 48
14 85
12 55
78 44
3 36
46 82
34 53
9 59
22 89
34 39
33 84
14 74
28 38
78 65
5 66
31 44
89 26
83 78
75 47
82 16
39 66
71 82
38 61
45 89
29 52
1 2
32 62
88 1
7 26
76 14
59 70
66 74
42 87
37 84
48 52
34 59
2 86
17 64
82 53
48 75
5 31
83 49
49 63
85 45
48 70
47 86
47 70
26 82
1 62
11 17
14 25
24 85
5 56
77 12
59 83
12 41
47 73
78 1
23 44
86 74
32 81
16 26
2 34
27 35
54 70
11 67
46 86
14 28
87 62
38 89
31 63
84 4
51 77
81 33
40 62
17 79
85 16
88 66
46 51
21 56
48 81
88 56
10 20
53 72
27 37
58 70
29 79
5 18
87 57
46 54
19 54
23 88
22 44
85 56
88 12
8 29
1 9
30 77
75 24
37 56
15 20
7 25
5 43
11 53
4 75
2 17
75 45
27 66
45 88
4 11
16 33
52 59
87 3
42 47
69 88
2 11
57 84
10 41
86 64
12 23
20 68
10 59
55 68
48 56
1 42
13 63
28 57
23 77
83 14
7 9
27 38
1 46
3 47
60 78
43 58
78 68
29 84
35 89
6 26
82 75
61 74
41 87
28 34
40 63
84 10
24 29
15 38
26 45
65 88
25 43
56 71
66 68
79 15
8 82
4 66
39 54
6 64
10 40
67 75
1 68
5 27
1 50
67 77
81 60
85 61
24 89
