26 137
35 51
4 137
2 24
2 113
4 128
133 137
1 134
44 83
61 117
31 124
22 121
42 49
45 52
28 106
27 59
34 39
10 52
44 98
121 133
3 116
14 80
19 106
27 119
8 116
16 126
103 107
60 125
33 84
8 33
20 55
20 48
12 46
55 77
13 14
4 113
36 58
122 134
10 16
66 121
88 118
59 118
42 127
7 83
6 48
52 133
80 94
35 133
56 85
14 17
73 117
14 138
48 98
72 89
2 132
68 75
95 100
35 127
34 43
43 51
34 49
106 124
73 120
42 111
33 138
114 139
86 91
25 87
62 88
38 107
41 98
32 34
34 62
97 107
59 131
22 23
4 73
121 130
61 79
67 112
42 94
16 33
126 132
86 112
116 123
80 128
40 120
61 113
78 121
3 86
70 127
14 90
17 22
56 87
16 69
96 137
32 116
41 115
74 124
56 70
66 106
34 98
40 60
77 99
138 127
31 116
139 89
39 119
65 78
8 82
54 96
19 121
109 114
27 98
36 54
32 66
31 37
18 127
27 97
130 136
20 122
17 66
49 126
3 9
22 76
100 139
25 121
9 57
36 38
22 111
16 85
5 93
10 113
27 47
72 107
60 102
77 131
22 103
78 81
14 120
51 117
11 15
18 27
3 57
33 40
3 63
7 56
44 139
108 119
14 129
16 61
38 99
44 48
7 137
99 139
56 107
53 86
121 124
73 111
39 131
11 50
19 52
138 104
36 136
119 120
53 76
4 8
64 97
75 106
64 74
70 85
96 121
40 97
28 130
68 107
55 113
40 114
47 86
40 83
40 121
33 94
114 134
41 108
59 121
70 82
5 136
25 61
67 110
81 85
57 124
138 25
21 96
98 119
19 131
9 41
62 103
35 110
58 136
20 45
43 109
43 137
87 128
21 109
66 83
20 41
34 127
60 70
59 122
15 32
36 85
19 50
3 113
47 70
115 126
39 54
27 81
14 110
12 85
44 123
47 123
0 121
12 106
17 118
62 78
94 121
26 48
26 119
27 74
89 109
58 105
13 130
82 122
85 101
123 124
92 116
25 125
38 115
9 128
6 32
64 72
30 42
62 76
20 66
64 118
34 134
32 103
43 94
17 56
104 108
32 39
74 89
34 80
9 107
53 62
68 84
9 93
55 128
57 76
35 87
1 37
64 67
7 10
9 27
19 107
59 67
11 134
10 55
22 81
3 82
36 125
8 129
17 89
31 108
115 121
24 62
4 111
8 67
65 83
42 87
4 48
90 104
76 102
19 135
15 74
2 63
26 54
138 7
53 63
72 96
81 111
55 59
6 9
33 71
95 110
21 112
3 52
123 133
41 68
58 133
112 127
47 67
22 32
28 96
6 91
20 56
36 76
23 127
19 44
57 77
100 120
0 83
6 72
101 136
34 47
62 66
17 104
39 92
54 127
89 136
91 122
138 77
16 75
47 79
29 37
58 126
66 127
22 128
80 131
101 138
62 73
35 54
37 116
66 94
100 107
27 134
18 23
36 113
2 62
46 48
52 98
13 37
58 82
17 75
32 96
30 93
1 126
79 139
83 136
23 112
27 85
75 87
61 137
5 44
30 72
1 128
93 113
10 53
64 73
75 115
139 92
47 116
11 64
19 60
3 92
9 70
78 98
58 94
27 48
81 114
62 70
79 133
37 130
78 139
30 39
86 98
22 42
12 37
5 42
28 82
38 69
15 28
33 129
46 97
88 132
55 60
53 138
42 84
89 117
63 116
34 84
75 81
36 87
95 131
17 65
33 127
46 54
10 101
79 117
29 51
37 95
11 76
4 16
32 45
27 28
101 130
39 74
61 68
76 112
44 79
59 107
67 92
19 83
85 133
19 93
7 81
10 35
59 109
47 92
50 59
32 101
18 118
79 129
93 103
61 92
12 39
24 46
37 85
14 29
10 89
139 118
19 122
138 21
138 61
121 129
45 100
49 74
13 61
0 60
0 47
139 93
64 135
59 71
63 83
42 85
5 131
54 101
91 93
20 90
60 106
9 36
45 49
66 102
47 65
2 33
138 19
39 79
10 11
1 78
12 115
18 102
1 44
77 95
38 112
9 35
24 34
14 43
27 113
29 137
3 117
10 29
2 10
17 35
98 123
98 133
10 21
7 59
93 128
0 139
41 121
16 120
46 105
81 132
19 30
45 96
6 122
38 57
120 131
13 104
120 139
43 125
43 138
9 33
28 125
24 125
18 21
12 58
15 65
8 20
5 61
9 119
64 87
87 132
21 90
2 114
106 128
81 98
45 95
47 101
