3 26
9 58
43 53
9 13
70 73
4 51
59 68
16 74
58 83
49 88
12 63
6 73
52 64
26 48
15 87
15 89
29 42
9 56
51 69
20 56
9 60
89 64
77 88
29 89
42 82
86 74
28 49
18 24
48 58
29 70
12 55
50 57
6 57
3 63
5 50
1 36
74 80
69 82
39 82
89 69
21 45
35 53
8 12
51 74
53 64
80 84
7 26
63 86
52 70
31 84
23 28
59 81
15 58
51 77
14 19
28 75
34 86
34 79
25 68
21 43
1 32
21 52
33 67
88 57
88 38
19 42
28 30
24 31
1 34
44 70
4 67
17 23
61 89
30 88
1 50
59 78
14 64
36 72
2 89
87 67
53 80
22 74
39 76
46 63
22 70
41 58
20 55
21 75
17 86
7 10
59 80
89 39
57 65
30 41
45 82
1 72
15 69
88 65
48 84
35 71
78 88
88 56
34 80
19 27
3 50
32 81
51 57
32 86
87 14
48 50
3 38
20 31
8 43
75 81
54 72
55 68
64 78
4 75
88 15
31 34
48 57
11 72
1 9
7 48
56 73
7 52
6 22
27 44
86 35
44 69
13 54
8 34
19 51
18 28
86 43
5 23
42 73
89 68
71 77
59 63
3 62
7 34
81 86
31 52
23 82
15 25
88 48
38 48
63 87
13 45
51 79
38 76
8 70
89 81
62 78
60 70
29 68
71 79
20 23
17 58
0 32
28 35
31 80
88 2
1 22
18 38
88 43
14 58
1 20
41 61
37 57
30 43
64 82
27 29
5 31
17 43
5 32
32 60
23 54
22 73
37 53
15 86
88 58
39 45
80 83
19 30
43 63
48 85
88 59
39 40
7 12
31 37
20 38
45 73
36 60
2 71
51 66
84 86
44 81
37 38
51 52
88 62
2 58
75 76
59 60
23 80
32 54
84 85
38 47
19 45
14 48
46 76
57 79
61 88
2 10
20 80
64 69
63 64
57 61
4 8
28 70
60 63
88 1
60 64
45 71
2 56
56 78
6 55
9 25
11 50
70 89
0 82
38 80
61 75
27 58
9 88
27 30
17 70
29 60
14 35
86 66
38 79
35 81
2 7
41 48
88 53
86 49
20 69
11 57
60 83
58 69
41 86
3 11
56 79
1 89
22 26
65 71
42 78
5 82
10 11
1 84
59 87
29 84
18 84
13 62
23 87
10 41
56 75
86 44
56 60
33 82
21 39
20 29
47 82
58 59
17 45
38 61
67 88
53 57
88 33
38 55
36 65
3 73
71 72
37 70
44 65
2 6
74 75
16 86
39 67
63 78
10 64
19 32
11 51
81 83
36 53
44 55
13 37
5 30
53 60
13 49
17 48
28 33
0 49
48 51
6 61
37 50
38 68
20 68
20 37
2 73
55 70
14 43
2 43
18 68
86 87
74 85
1 25
28 66
10 68
4 16
14 20
87 51
68 88
45 81
15 26
4 61
54 64
26 69
16 76
16 33
38 71
29 85
12 36
87 1
5 14
12 13
15 51
73 80
9 30
9 82
26 82
10 70
33 58
27 76
60 78
23 34
20 70
1 21
16 21
28 81
2 9
53 56
21 81
8 13
43 52
4 77
48 65
12 20
86 65
2 17
34 49
28 37
88 39
8 32
53 63
34 71
64 71
75 89
40 67
38 62
22 89
36 78
60 79
67 72
48 55
4 49
89 40
86 9
3 52
11 30
0 1
27 80
2 22
58 67
76 83
30 60
30 51
16 85
87 35
49 63
52 74
58 66
59 77
26 58
25 72
24 80
49 83
5 40
33 56
51 83
22 23
7 85
40 73
5 11
45 56
89 42
54 61
49 73
27 62
9 89
2 16
27 75
10 43
27 28
70 74
2 72
21 78
2 50
12 79
6 31
57 75
6 67
8 22
55 76
49 55
8 40
52 81
21 38
51 64
1 73
59 75
29 55
21 50
13 72
16 44
17 55
47 58
47 69
11 12
17 52
39 47
65 69
0 34
3 45
52 61
45 68
57 67
3 22
46 89
10 72
62 81
26 66
32 77
18 27
16 49
54 67
87 84
18 83
22 69
38 78
89 73
32 52
44 53
87 64
12 42
58 73
28 46
1 29
43 67
10 38
9 53
17 60
63 80
58 71
71 75
31 49
34 83
89 71
24 87
89 17
22 86
6 60
6 11
4 29
31 50
53 66
62 66
23 56
0 71
67 86
89 3
35 60
21 76
7 20
53 78
26 65
55 85
5 69
56 69
6 38
12 85
10 33
7 64
27 68
22 71
14 17
45 58
88 24
87 22
87 55
56 83
25 58
12 84
0 61
21 77
31 82
37 43
55 58
1 82
18 55
36 85
39 46
9 45
54 79
47 57
70 84
25 87
13 36
60 74
64 74
0 84
67 75
1 49
27 87
40 87
87 80
74 82
19 40
17 46
16 22
2 79
86 39
0 6
3 70
68 78
38 67
86 12
19 69
4 82
54 86
66 89
24 66
87 81
60 85
87 41
0 44
4 45
51 59
51 75
24 46
0 8
40 46
1 75
24 44
30 78
42 63
21 22
22 53
19 64
37 59
33 38
1 4
50 69
87 17
87 62
43 64
54 73
24 67
18 19
20 77
16 84
47 66
30 80
32 46
51 78
38 66
53 79
15 70
16 52
6 18
5 36
47 54
41 81
2 67
16 68
10 27
78 89
83 85
18 49
15 53
68 72
30 61
64 84
25 61
11 27
86 27
15 78
15 34
33 87
0 16
24 50
40 64
51 62
2 32
13 86
24 55
18 79
4 72
5 89
59 70
87 50
46 51
8 67
13 41
28 43
52 68
13 22
14 73
2 63
12 68
31 89
69 86
33 62
44 71
32 40
2 65
49 60
29 41
37 66
1 60
11 55
15 19
12 16
3 4
70 85
27 31
8 33
8 30
36 49
14 40
26 83
65 67
7 68
7 57
32 57
89 82
53 58
12 35
22 33
67 70
5 33
30 39
62 77
0 47
4 28
15 21
47 56
39 61
59 74
57 73
17 82
56 68
41 55
50 72
27 54
5 45
67 76
5 47
23 60
87 10
17 73
10 67
29 45
8 37
24 53
9 69
41 72
34 76
12 47
45 62
50 81
5 79
86 25
36 84
6 30
3 60
46 74
69 83
40 62
29 82
83 86
41 88
18 86
13 56
73 77
50 61
16 69
46 54
11 18
69 74
9 76
63 74
87 34
13 71
82 85
68 87
8 38
11 31
51 84
86 71
2 74
26 38
1 24
65 84
34 77
17 69
8 57
32 61
39 63
44 49
26 62
2 23
22 55
45 61
87 13
8 71
88 54
28 87
26 29
89 26
32 64
52 71
43 75
33 70
32 42
71 88
56 70
89 48
32 38
26 31
89 51
36 80
41 47
12 50
38 57
26 40
46 65
1 16
79 87
3 30
38 73
17 77
88 85
26 37
15 18
0 35
22 67
58 89
17 57
37 68
1 45
12 21
38 89
28 41
5 35
88 34
54 62
37 67
8 44
25 60
10 82
47 52
89 24
19 67
17 30
16 88
15 43
31 42
41 44
82 84
19 77
52 80
27 59
88 64
11 81
22 63
8 14
20 66
6 76
39 44
86 0
35 54
6 15
49 74
15 37
19 35
4 50
17 32
24 65
19 73
18 40
7 53
12 78
29 64
21 26
12 82
70 80
51 53
7 29
44 58
10 42
16 24
43 78
66 81
50 54
18 85
41 50
23 72
1 56
35 77
13 68
66 83
42 52
89 37
35 64
78 81
27 61
28 64
1 63
27 35
6 46
38 41
79 86
17 53
47 60
45 57
44 89
8 50
66 82
3 43
3 16
29 35
1 71
42 79
76 79
1 14
51 85
32 58
8 19
9 38
14 76
18 81
3 21
87 85
19 21
25 74
89 50
15 28
42 77
