23 40
19 52
45 7
29 44
58 4
55 35
45 37
42 17
40 27
52 4
51 21
28 34
47 7
22 32
54 6
17 27
47 37
28 38
45 17
44 8
8 18
46 18
7 27
25 26
15 48
43 0
9 13
40 0
44 13
12 53
42 22
20 27
51 47
3 4
58 47
50 8
9 39
51 4
28 42
43 14
20 47
32 56
10 12
25 56
15 58
13 41
16 26
1 48
38 48
43 5
55 36
25 27
33 48
51 7
6 30
5 19
55 15
33 34
45 9
19 35
48 2
39 51
58 34
3 57
56 14
47 17
43 3
41 57
22 29
0 36
17 24
47 0
19 29
58 6
46 15
10 38
20 42
21 29
39 50
51 29
18 45
49 5
56 21
22 43
14 35
54 33
47 14
4 33
44 20
48 21
41 27
40 53
43 25
31 38
45 43
51 35
49 3
48 54
26 38
13 19
11 36
42 15
27 33
21 25
46 38
24 48
0 33
57 27
58 39
53 43
21 44
36 43
1 43
26 42
1 15
11 16
27 32
48 0
24 53
52 7
25 33
46 33
6 20
59 27
6 57
57 38
52 38
9 11
25 37
2 11
25 51
3 46
56 55
46 14
4 41
15 53
10 41
30 35
5 54
40 25
5 29
39 57
29 42
48 31
18 25
20 52
31 33
0 23
40 24
19 45
47 5
57 0
13 45
45 24
51 16
12 42
52 59
46 51
13 14
12 21
17 46
44 4
45 30
46 19
7 10
21 34
51 1
11 29
17 25
53 42
34 46
2 7
25 50
4 6
42 30
49 31
27 55
15 16
58 51
55 2
17 48
58 29
24 43
19 33
8 15
57 19
21 35
13 51
4 11
49 26
5 53
48 23
47 46
7 53
6 35
29 39
9 37
15 41
48 9
58 7
13 20
8 58
43 27
10 23
0 6
18 56
59 12
27 37
59 21
55 33
43 47
59 11
4 24
2 44
44 34
29 38
19 23
36 39
50 37
22 52
5 32
23 54
53 27
40 35
32 39
4 57
25 55
3 9
50 22
2 33
2 13
45 42
10 47
6 42
57 22
16 37
45 10
17 40
18 24
35 58
30 40
35 43
51 5
18 19
56 34
16 17
1 9
47 24
27 52
32 35
57 15
23 52
17 18
43 30
42 52
33 58
48 29
15 51
53 45
41 53
6 47
49 34
5 23
56 0
34 41
6 31
55 7
29 53
46 20
23 45
54 3
46 13
3 39
14 22
14 42
11 39
44 59
52 16
35 49
37 56
22 41
52 14
54 20
38 39
59 22
43 4
46 44
52 9
28 58
18 40
54 50
10 59
50 14
39 55
51 20
46 39
57 21
43 28
26 31
49 7
29 34
20 59
5 34
32 54
51 6
58 10
54 53
53 30
18 34
47 30
28 47
9 56
49 13
17 20
42 43
9 29
21 43
2 6
8 39
48 20
40 2
37 49
56 11
49 10
58 56
47 11
2 41
34 55
2 53
41 26
10 48
18 21
2 28
11 45
14 16
4 9
38 50
23 25
7 35
4 45
59 2
52 53
45 27
3 21
19 55
42 44
12 32
1 30
58 14
41 8
2 27
48 32
48 13
53 22
11 22
54 56
8 29
43 17
46 37
24 37
11 31
29 41
22 44
47 8
9 20
1 35
51 48
58 40
4 32
5 9
47 38
5 45
0 17
32 51
3 27
33 51
12 50
47 31
3 41
7 19
46 6
50 0
17 50
16 19
37 54
0 5
27 49
25 54
8 28
58 13
18 27
9 12
31 55
31 56
7 24
13 50
16 39
23 29
6 38
22 36
10 15
0 14
26 45
49 0
3 13
50 10
0 51
4 35
47 1
57 8
15 54
2 36
23 31
26 52
41 19
9 34
33 36
2 31
1 46
25 45
37 41
48 34
24 49
10 57
44 1
11 37
52 31
54 17
54 34
58 23
59 37
42 7
11 51
0 59
9 35
6 52
59 15
12 31
1 40
54 1
16 57
14 33
45 20
1 12
12 26
0 26
0 2
8 55
26 32
50 32
3 20
22 33
49 9
35 36
4 34
47 48
18 36
58 48
50 45
11 53
13 52
5 28
55 53
