0 59
55 3
20 65
15 41
27 67
27 47
60 20
23 44
37 57
6 59
2 7
55 7
67 65
42 65
45 52
29 40
52 28
20 25
29 61
21 31
29 34
30 38
14 24
49 52
36 43
43 63
53 65
60 23
30 43
59 15
26 42
54 49
10 33
6 21
15 39
53 14
44 46
6 56
39 42
15 32
20 67
15 60
69 64
24 26
67 54
13 55
1 38
18 48
26 64
65 47
65 4
3 59
3 19
62 43
52 48
1 14
28 54
29 68
47 50
41 50
53 25
52 17
6 18
3 17
41 66
35 46
22 48
65 36
61 5
33 68
2 33
3 8
50 11
20 50
55 58
46 53
44 63
60 48
50 31
21 26
2 42
29 64
8 47
1 49
17 50
37 55
54 15
12 56
55 59
57 47
66 57
9 13
0 15
18 64
66 21
66 23
16 29
35 55
16 42
64 52
68 4
3 65
13 47
0 26
38 45
53 6
2 28
48 64
68 37
3 40
5 51
68 18
57 35
62 11
56 61
58 23
56 22
26 49
22 34
60 11
21 44
32 64
63 24
34 58
11 16
28 36
69 7
60 3
0 17
2 43
2 38
29 46
22 53
26 66
1 9
37 67
69 62
54 47
66 18
13 34
30 68
21 28
36 67
44 67
64 56
61 3
69 68
3 7
23 43
69 47
4 63
9 17
25 65
66 11
22 52
30 62
68 16
25 51
31 69
12 22
69 40
59 49
69 27
67 18
53 20
49 60
13 20
