29 35
45 47
67 0
10 38
1 53
49 62
15 44
7 27
21 31
46 52
0 43
59 69
64 36
2 7
7 19
11 60
26 60
10 46
30 62
23 25
67 41
2 23
15 33
8 52
20 68
2 37
11 69
3 48
16 24
57 64
53 67
7 35
33 58
24 29
16 59
16 56
27 28
7 18
27 62
67 14
0 16
32 68
43 64
23 52
18 55
1 69
26 38
30 59
3 52
37 62
13 68
29 44
6 28
10 63
31 42
20 64
3 64
68 62
38 45
44 47
69 13
35 59
52 57
14 22
41 50
18 45
65 0
53 66
23 47
43 45
53 65
52 67
6 17
15 52
64 44
64 40
68 31
68 43
23 29
61 67
1 4
64 37
7 53
27 40
1 25
68 10
33 39
48 52
4 59
9 31
8 9
14 19
53 57
8 24
10 30
64 29
17 18
42 64
37 60
11 15
37 38
23 49
3 57
65 18
6 9
15 69
5 63
47 66
43 49
9 42
18 43
31 53
40 55
2 42
12 46
9 28
67 21
3 41
12 39
46 55
3 18
15 39
20 33
22 60
21 49
1 67
68 37
29 42
65 27
15 27
39 69
44 67
8 68
34 37
7 62
9 45
3 13
10 37
0 4
1 3
67 49
64 50
14 17
44 55
37 53
28 37
41 66
39 44
9 13
14 44
55 60
48 49
57 60
13 19
15 41
19 37
37 57
