42 94
36 48
82 88
50 89
74 96
17 74
77 96
55 56
70 86
49 80
10 44
35 46
0 90
24 88
15 61
4 38
19 90
34 75
5 23
65 82
15 97
80 84
24 96
78 79
14 65
58 96
75 83
6 99
8 69
5 11
18 69
5 40
72 85
18 80
42 90
40 94
71 77
21 77
63 89
22 75
31 94
66 95
11 98
54 85
75 88
25 49
17 31
82 90
86 95
12 19
18 57
8 89
12 17
59 74
99 20
67 98
5 28
4 59
0 37
2 47
28 97
23 96
45 97
31 33
42 68
27 96
24 89
4 48
38 79
30 81
21 45
3 71
4 16
26 64
54 80
93 96
12 75
39 92
32 66
28 79
37 57
91 97
27 50
42 55
12 65
21 71
31 72
6 24
52 71
84 91
8 19
24 42
30 88
0 21
74 95
7 32
91 95
36 66
30 59
3 60
5 97
22 26
21 63
25 47
32 62
20 58
60 70
11 86
63 69
14 94
33 50
7 77
99 77
54 92
52 63
26 85
56 96
99 94
33 46
18 70
35 98
70 87
14 19
2 98
3 53
65 83
9 55
31 90
43 78
36 91
4 31
46 49
63 99
1 60
26 96
68 84
31 77
52 66
68 90
53 83
19 71
62 71
62 78
2 69
7 65
48 72
13 76
49 70
21 41
34 56
35 58
66 89
61 83
23 79
47 60
27 97
2 53
9 65
5 14
23 86
64 66
68 72
9 28
65 84
64 73
31 82
66 93
99 40
13 27
47 79
23 67
53 95
11 79
25 98
10 37
40 59
23 85
42 46
7 39
6 14
10 47
57 99
9 72
15 32
98 95
98 65
30 93
18 67
13 34
47 71
98 58
63 64
57 84
57 95
28 73
13 46
3 29
32 97
1 75
23 83
20 52
42 56
21 50
31 68
46 64
5 32
60 74
48 52
43 56
17 38
47 72
31 83
35 36
32 82
7 76
68 74
9 32
38 97
4 32
66 96
52 58
57 60
99 54
34 70
28 83
37 77
48 56
82 85
45 48
4 94
14 47
6 72
40 81
8 78
62 82
43 93
17 59
5 85
48 67
56 81
23 95
34 50
1 65
8 38
56 58
3 86
57 88
24 90
3 76
28 68
23 34
33 99
7 37
44 51
58 64
15 84
1 44
7 22
2 97
73 76
89 96
57 85
39 96
21 98
22 25
81 94
38 53
45 63
29 48
60 71
64 84
8 53
50 54
13 82
82 84
6 59
0 83
21 38
73 86
81 90
85 86
41 44
31 48
44 47
62 97
53 65
40 71
77 97
9 20
20 47
16 80
19 85
3 99
5 77
29 76
35 50
16 35
4 64
13 25
0 18
4 61
21 59
21 85
23 54
16 55
34 39
32 74
15 39
11 65
8 84
46 90
17 71
31 78
7 83
41 89
49 82
35 91
50 55
15 26
28 35
35 41
32 52
54 67
1 29
99 21
45 77
4 44
73 93
24 27
5 9
72 78
23 32
30 69
43 75
20 29
0 96
32 92
65 79
4 83
95 97
51 97
21 36
48 62
92 97
40 73
2 11
21 43
0 43
53 67
69 94
59 70
8 47
20 33
64 79
52 99
41 68
5 24
98 72
26 74
16 69
34 94
19 89
12 21
69 85
25 95
30 41
23 33
39 51
55 72
33 75
55 75
85 89
13 44
22 93
46 86
48 71
74 75
21 40
14 31
80 92
56 67
3 89
3 35
27 93
44 71
20 80
3 11
53 61
99 4
50 69
58 74
20 78
43 45
8 79
6 17
13 38
49 67
83 91
6 13
32 55
19 36
47 89
54 82
14 97
52 82
57 59
14 48
19 27
44 77
66 71
18 82
23 43
29 75
31 65
49 81
50 61
14 83
14 91
41 49
14 53
47 99
1 40
18 49
7 84
76 87
19 61
98 75
63 73
39 69
99 84
20 32
23 53
32 79
47 90
7 56
44 68
28 66
77 80
0 20
37 95
55 61
84 90
6 81
10 25
26 71
18 59
46 87
45 61
52 95
28 38
40 46
98 92
49 55
25 71
20 84
50 71
64 68
21 30
60 73
0 93
97 98
86 91
47 62
57 96
79 87
49 60
10 21
23 72
70 96
36 60
9 86
29 32
18 77
18 72
34 66
66 91
24 41
36 75
35 43
17 51
51 76
74 83
34 74
71 93
23 89
6 29
42 63
50 92
17 79
10 14
34 86
59 68
57 58
16 61
50 93
98 40
5 48
78 88
32 44
33 73
94 97
28 45
10 62
60 86
31 39
27 39
43 49
35 42
36 92
11 46
49 96
58 77
64 98
1 14
32 73
56 64
52 94
50 99
21 68
22 53
22 40
30 32
65 72
5 33
4 7
30 73
11 66
84 94
21 96
25 48
29 98
99 10
69 76
88 92
25 52
45 75
18 92
82 94
36 67
25 26
56 63
0 15
1 61
9 14
45 66
2 84
21 22
67 91
4 86
48 98
31 52
15 57
63 71
20 56
12 43
42 52
4 27
14 25
18 36
64 99
5 98
50 94
0 70
15 87
74 80
11 60
53 97
1 55
15 24
0 39
9 23
34 96
46 60
37 91
61 97
99 56
57 63
7 8
18 50
15 45
81 88
96 99
49 52
7 23
7 44
13 67
71 82
60 75
39 72
72 79
70 98
53 66
6 7
40 82
27 77
7 61
16 54
2 99
8 45
37 72
80 85
99 28
2 28
6 11
42 91
62 87
13 49
12 39
51 58
14 78
19 28
17 42
48 51
2 40
26 89
6 45
8 15
7 88
51 79
3 83
28 32
27 53
21 61
5 81
41 67
99 65
30 38
45 68
67 75
66 90
56 68
31 50
39 84
5 12
16 60
62 64
59 65
84 93
99 17
33 87
16 22
42 58
1 93
17 86
15 81
10 59
1 48
2 46
23 52
20 30
0 85
39 44
39 67
66 92
3 21
80 83
7 72
1 39
73 77
13 95
22 57
11 68
99 42
8 90
24 45
43 61
99 73
47 74
6 93
35 53
57 90
14 92
58 63
58 86
19 97
28 93
1 87
66 79
53 91
9 51
2 24
47 69
29 78
61 67
5 47
72 75
15 79
99 89
47 98
37 48
77 79
33 72
21 81
50 53
27 31
51 71
33 49
65 73
60 65
33 98
22 28
5 72
1 81
9 96
27 40
41 66
28 29
48 58
42 82
41 95
24 59
50 56
78 89
8 65
1 15
9 22
98 91
42 64
4 74
27 90
27 92
18 86
43 57
86 98
7 11
38 65
7 62
54 76
61 79
26 97
5 7
50 68
28 51
36 68
1 23
32 85
15 92
8 73
6 87
29 94
6 36
98 20
98 9
5 56
7 10
31 91
2 35
70 84
34 37
42 62
43 85
55 95
17 98
40 74
32 53
23 35
1 19
62 67
45 52
40 54
55 76
23 39
98 30
69 83
26 95
29 38
3 68
63 77
47 86
50 52
16 20
43 70
20 85
6 82
44 86
27 74
30 45
29 80
49 54
46 91
22 74
60 79
14 32
5 19
10 12
33 97
37 38
99 11
48 60
22 43
3 20
21 89
41 98
16 92
14 24
60 94
51 96
55 86
98 6
98 22
15 34
3 66
22 87
46 85
62 99
1 50
38 64
2 71
0 98
18 45
20 88
16 84
10 70
1 33
39 88
9 10
0 32
66 68
7 25
0 84
12 70
16 50
56 59
59 80
0 45
80 96
52 74
25 82
1 68
35 63
46 55
73 74
38 95
65 81
84 98
87 98
18 40
9 90
17 39
24 61
99 81
61 73
69 75
52 85
99 68
45 94
41 77
30 96
38 50
21 49
99 83
72 97
52 93
27 37
32 99
47 61
0 53
64 65
9 81
77 78
53 59
18 85
68 89
13 14
69 92
8 85
63 97
30 76
13 53
80 86
38 71
2 92
23 47
21 35
16 45
77 85
32 47
42 44
1 49
71 91
48 70
86 96
75 95
8 52
14 38
29 45
59 63
10 45
26 28
24 46
8 39
2 94
48 75
44 67
99 87
43 48
3 16
81 97
29 42
0 55
60 78
64 77
99 18
22 46
17 47
63 78
35 94
62 77
27 82
59 67
98 3
72 94
25 43
85 98
31 44
15 54
59 95
28 36
59 90
55 60
34 81
98 90
0 50
7 71
37 73
31 66
72 77
17 66
9 62
10 63
15 80
8 18
46 98
16 68
61 81
57 86
67 92
15 56
29 96
46 72
39 66
49 57
58 59
85 95
14 82
36 83
22 64
11 90
33 96
81 98
1 52
1 54
36 80
59 97
20 83
54 63
15 93
72 82
1 30
6 86
59 99
69 99
32 93
65 94
4 85
57 89
2 33
16 82
34 89
17 53
77 88
55 74
39 57
32 36
99 27
46 70
13 85
66 88
76 91
52 55
1 6
34 47
22 70
98 14
0 75
48 87
70 93
39 83
5 54
52 59
35 80
45 65
13 83
22 85
23 99
50 63
31 55
39 77
35 52
85 99
11 53
64 74
21 44
18 27
11 20
47 82
44 96
2 16
59 79
