9 86
106 119
23 153
89 150
88 129
67 82
134 181
6 10
109 121
69 189
75 112
111 174
0 40
195 123
18 70
60 67
25 140
195 62
193 11
5 184
114 193
7 161
20 31
198 130
194 100
14 132
1 130
46 134
2 135
46 145
44 198
39 100
199 190
59 177
193 121
88 187
101 186
2 44
113 158
88 158
194 198
98 158
166 171
141 152
71 144
105 180
15 80
15 46
6 54
106 137
43 76
175 189
18 194
13 62
84 136
199 113
15 145
197 159
28 37
70 178
149 165
126 156
106 164
125 189
119 130
72 73
84 107
31 40
134 174
80 84
199 8
140 149
197 62
169 193
124 128
29 199
95 150
131 164
139 186
39 82
71 188
182 186
20 81
43 84
156 178
142 188
28 49
150 189
92 137
32 34
192 18
65 117
39 150
47 139
199 191
7 120
106 168
15 165
161 180
4 110
61 128
41 173
3 197
33 123
148 162
31 60
74 159
194 54
83 183
18 88
6 98
71 128
64 140
192 117
10 123
16 160
46 75
130 190
125 180
17 39
97 181
17 137
100 164
43 105
30 101
54 179
121 150
5 87
81 142
195 33
27 46
80 184
3 56
179 191
31 103
87 119
19 34
36 78
35 153
125 170
25 33
69 164
81 87
55 121
136 137
102 109
40 72
15 44
6 45
103 172
61 82
44 152
186 199
72 162
23 139
21 198
132 135
59 118
97 189
106 120
1 6
99 175
62 120
153 178
76 198
83 131
38 162
53 167
62 188
42 115
4 150
50 194
67 108
194 161
1 60
68 162
75 191
16 65
87 97
108 135
55 181
101 144
72 152
19 183
85 158
78 154
42 168
38 101
48 146
199 123
11 83
196 182
6 126
159 191
29 185
144 178
61 137
195 168
192 103
44 119
66 158
75 195
176 179
1 193
158 171
196 117
80 156
58 153
51 136
40 147
121 165
190 196
96 167
68 98
102 156
187 188
19 167
107 145
89 187
68 127
98 161
68 172
64 67
115 194
137 151
1 81
22 109
96 115
83 159
68 181
31 111
16 179
22 139
88 197
1 97
196 89
64 97
182 197
100 119
18 191
65 131
144 172
25 191
6 116
4 24
122 146
99 192
193 160
193 82
183 185
73 114
22 165
35 67
86 161
56 161
154 179
94 158
65 143
46 188
91 185
15 149
106 117
76 133
32 87
138 167
93 172
11 79
30 181
8 9
192 115
65 122
126 131
66 91
125 150
73 154
58 107
158 178
89 142
76 176
59 191
42 74
53 127
84 97
57 155
95 175
86 118
45 88
6 9
7 159
13 28
42 141
7 165
100 132
61 121
4 100
25 28
87 179
77 89
87 93
57 60
44 77
31 164
125 168
49 186
150 169
31 194
194 101
113 134
7 111
53 177
82 189
35 59
56 61
35 185
25 51
174 189
42 51
194 7
77 104
80 127
1 181
98 139
5 148
0 71
111 145
197 109
56 147
104 143
40 176
106 191
136 175
53 153
51 121
21 139
28 73
81 161
53 71
43 149
127 163
102 164
163 169
66 165
57 125
129 172
174 181
72 160
31 81
4 40
21 159
12 73
67 141
55 99
69 107
1 142
97 121
85 135
35 116
14 161
147 150
57 76
79 132
40 198
198 167
85 189
127 188
111 176
41 42
113 175
128 137
27 86
170 184
153 157
140 199
197 173
194 104
127 192
77 97
20 116
41 160
62 115
42 79
36 122
113 146
112 178
8 184
56 190
99 160
46 85
10 118
3 187
122 144
193 3
40 122
87 146
19 83
130 151
60 110
84 134
27 85
8 135
116 138
28 167
25 141
199 57
112 148
152 153
157 159
91 175
64 137
70 108
14 172
195 155
4 98
143 153
71 174
196 38
69 142
192 123
40 144
82 170
128 161
121 123
88 118
179 188
159 181
29 175
4 31
2 151
69 86
130 149
0 186
26 30
129 149
41 69
53 115
69 103
115 145
22 70
48 134
66 97
103 110
38 179
4 175
33 153
192 136
158 187
1 170
21 168
41 140
173 180
75 188
14 138
19 63
87 165
32 41
53 114
109 127
193 97
64 78
196 17
7 153
8 78
37 186
19 173
148 155
58 158
83 107
194 99
26 185
72 131
90 130
47 162
195 27
14 86
78 118
177 181
185 191
193 168
31 176
140 142
25 54
10 193
103 104
12 134
110 122
25 174
101 109
149 175
95 164
11 160
104 170
66 119
63 94
144 164
193 20
162 177
38 53
132 145
28 34
99 185
12 117
64 155
75 101
27 126
93 176
138 184
118 194
55 138
38 178
49 143
82 108
17 60
26 119
72 89
22 132
113 191
103 174
129 176
62 144
162 197
47 51
25 77
7 173
11 153
83 161
125 134
41 144
67 89
50 141
121 134
93 131
90 134
126 138
134 178
92 167
122 171
8 136
94 101
68 95
58 105
114 168
101 142
1 12
10 194
194 94
39 134
42 187
26 101
59 112
44 116
82 102
35 77
143 187
147 161
119 133
40 75
72 103
126 142
196 95
15 81
129 152
37 152
157 178
11 109
44 128
137 180
192 89
5 154
129 137
65 136
129 175
79 124
73 127
66 137
56 162
3 19
193 50
65 185
25 49
5 156
0 21
121 172
32 49
84 196
19 90
41 168
84 135
9 61
195 66
72 165
7 101
22 157
142 145
0 153
138 157
50 186
146 197
13 17
28 115
128 158
149 171
45 154
87 106
44 137
114 126
95 143
13 58
133 142
14 60
38 191
133 178
11 17
166 186
6 137
27 34
42 46
195 15
12 68
67 78
107 112
38 186
14 140
44 134
57 109
63 164
62 121
194 24
171 197
186 192
8 117
11 69
97 128
67 183
32 175
26 134
76 114
27 47
51 70
4 196
17 95
20 92
71 97
11 126
7 29
38 94
20 159
78 189
51 80
168 179
47 96
86 119
184 186
151 166
42 133
40 93
123 197
196 185
0 93
97 185
17 145
92 154
0 81
28 77
2 128
83 145
88 198
131 192
33 87
195 175
68 108
13 174
161 197
78 138
85 92
93 137
119 140
70 116
60 99
32 181
5 168
59 70
12 158
76 162
197 47
15 100
2 180
32 179
147 176
64 130
73 129
190 194
92 155
43 66
63 161
70 195
68 176
192 155
34 151
112 155
193 119
27 192
52 85
121 156
45 140
1 84
43 144
115 186
108 114
32 72
195 122
73 78
96 191
48 193
115 140
171 179
127 170
196 86
14 101
12 37
42 70
56 129
176 186
131 186
115 173
16 147
85 157
100 159
5 171
84 146
22 178
60 138
118 123
77 198
75 125
179 197
92 123
16 87
119 136
114 140
43 153
58 88
18 46
59 69
130 178
119 150
98 137
115 131
17 21
109 122
16 39
144 176
51 95
116 123
199 194
31 93
194 75
15 104
10 175
42 81
69 154
111 142
132 154
39 73
153 174
30 58
27 198
94 166
113 115
125 164
47 112
5 95
143 164
20 140
5 82
65 179
8 161
40 109
14 174
19 69
83 96
72 129
130 199
198 7
30 118
117 187
195 178
25 67
77 98
113 132
147 174
65 199
108 168
28 185
71 139
100 118
61 109
51 147
9 49
144 173
111 163
39 117
0 190
131 146
104 178
89 125
30 85
96 118
156 157
25 83
97 127
15 36
60 65
59 79
40 133
3 139
78 141
123 177
92 136
50 168
79 184
24 175
193 182
196 160
11 25
68 130
194 107
65 171
139 140
30 178
4 28
77 91
175 186
128 135
29 136
29 172
67 147
8 28
135 172
110 150
132 159
11 108
53 164
124 154
143 171
57 179
10 181
82 94
139 155
46 116
12 98
55 72
5 121
5 62
97 113
135 159
16 54
39 148
54 99
16 193
198 16
27 115
153 169
3 172
199 163
23 91
195 185
56 128
76 151
106 192
80 151
28 60
38 194
24 196
110 164
137 168
159 171
56 142
117 195
62 68
152 190
32 108
12 197
126 145
197 8
58 161
148 190
104 150
24 81
9 77
61 101
7 32
37 148
61 163
46 128
108 182
192 142
55 168
118 161
192 190
66 182
122 126
32 96
13 101
35 83
94 176
15 182
51 64
92 170
63 145
39 103
32 70
49 59
107 199
43 177
4 73
47 192
5 106
114 147
3 178
103 199
71 192
66 155
37 51
9 45
30 65
24 34
4 14
62 155
47 138
113 170
82 194
172 196
71 116
135 148
80 81
195 76
16 118
56 114
198 128
195 25
91 159
91 135
79 190
57 192
196 26
152 169
94 95
0 78
99 159
108 110
193 24
46 103
107 159
50 85
41 95
69 135
73 104
80 118
22 81
172 188
56 173
90 119
168 171
192 49
148 188
11 167
86 99
128 147
93 163
29 140
89 132
78 151
96 161
193 157
92 138
168 198
41 139
78 98
63 80
5 55
6 92
86 179
74 104
196 144
78 109
93 182
15 137
110 179
4 37
114 180
71 112
96 148
17 182
193 69
22 153
13 167
41 171
3 60
0 144
24 73
119 152
87 129
5 85
126 177
40 162
55 163
19 122
103 186
12 167
11 187
194 175
23 110
111 133
1 150
29 150
64 172
1 38
66 111
2 6
122 127
39 196
199 159
3 89
19 175
111 130
130 176
84 182
80 129
154 189
165 173
195 16
7 129
102 139
11 157
90 146
111 191
5 152
72 170
138 155
146 186
37 119
75 186
141 172
8 190
1 184
154 162
63 160
80 135
92 182
0 56
66 114
15 86
37 87
32 113
71 76
195 42
77 151
58 144
62 131
194 45
171 184
14 159
98 133
22 161
50 117
14 16
121 155
23 122
66 148
83 136
60 166
126 186
55 162
2 72
13 63
133 199
42 99
34 142
56 132
77 111
112 139
66 144
103 182
7 57
67 87
63 71
1 152
46 135
122 159
115 172
79 115
21 72
71 84
19 105
113 194
12 188
12 171
29 100
12 176
64 73
104 141
88 186
64 119
93 146
38 144
36 168
68 89
110 196
142 150
122 175
77 143
193 127
38 47
5 153
37 83
193 191
58 184
44 63
0 181
70 78
20 30
37 140
123 156
78 116
39 171
37 70
53 124
153 175
49 177
65 135
9 75
48 102
30 166
37 59
101 132
49 121
121 127
23 159
104 105
4 75
28 78
28 164
13 20
167 180
55 100
126 178
26 144
108 126
129 164
101 123
198 8
107 182
71 181
32 94
7 150
165 176
24 91
47 54
139 161
44 175
14 51
64 161
4 148
131 168
177 185
101 154
61 191
2 132
199 24
162 186
174 186
61 116
10 96
99 186
33 144
26 120
34 61
198 185
33 63
75 180
145 194
31 99
135 137
49 94
98 156
100 116
124 141
60 134
80 98
39 178
131 140
32 182
29 99
101 160
61 108
88 188
81 139
6 188
89 161
1 105
43 169
4 132
13 35
20 129
61 113
55 144
24 157
5 59
66 96
180 181
106 161
13 184
65 197
10 46
164 171
195 36
77 183
1 69
34 123
48 192
95 116
14 23
31 170
101 179
39 63
98 181
12 164
133 144
82 178
55 166
15 139
18 127
112 162
4 57
1 190
196 148
138 165
61 84
100 105
51 124
50 59
140 184
54 84
77 120
73 190
32 102
70 138
52 147
97 102
79 150
29 48
194 12
139 183
65 124
50 102
42 191
1 144
54 85
55 165
151 185
46 162
70 84
173 190
173 194
18 176
194 78
83 193
77 190
0 10
14 76
199 112
82 115
11 53
32 157
195 60
115 128
64 168
176 187
7 108
71 133
9 68
16 64
63 86
24 169
34 145
6 25
2 66
96 126
43 192
83 137
6 77
85 165
67 180
86 187
76 83
73 178
61 139
131 137
84 109
129 185
193 109
29 189
198 158
193 95
36 138
192 130
39 153
118 149
124 155
61 147
99 155
27 45
31 92
119 139
69 102
19 187
27 164
156 166
24 87
92 147
65 87
199 59
56 144
57 143
3 29
41 118
147 185
198 63
135 194
197 176
38 125
26 35
29 183
81 137
137 146
53 81
111 194
34 41
126 171
28 152
9 69
178 190
29 143
11 125
101 175
44 64
13 49
92 131
148 158
196 31
82 186
39 75
45 182
60 186
133 177
19 103
126 136
29 167
40 124
198 94
6 79
105 119
8 22
51 116
33 74
22 83
75 80
26 53
9 170
43 72
2 43
198 159
38 185
187 191
30 150
65 123
75 167
116 163
88 176
43 90
34 183
120 169
22 120
78 166
192 182
60 101
24 186
16 189
43 162
4 38
93 174
78 175
143 189
146 164
21 92
197 30
142 154
142 182
38 140
192 58
46 72
115 159
109 164
193 158
38 145
87 154
124 164
30 153
70 107
96 98
9 62
39 190
71 115
195 162
150 186
48 158
160 180
12 179
65 146
21 27
25 178
2 38
34 160
91 137
120 123
39 138
198 14
28 110
161 192
18 121
198 151
9 149
194 69
72 156
98 132
4 32
152 183
42 118
82 168
133 176
89 134
77 172
65 194
49 112
12 185
8 196
18 61
56 105
2 45
152 198
82 156
8 43
170 175
194 55
27 199
160 172
29 98
98 194
19 23
0 157
82 120
24 174
78 122
132 189
56 154
28 150
98 164
95 124
26 189
5 63
9 120
11 73
175 178
174 177
6 132
198 5
150 195
143 175
149 189
193 181
90 166
22 76
193 56
32 174
195 58
24 198
91 165
15 82
195 179
68 90
199 14
11 147
87 117
31 46
101 102
68 105
122 192
6 187
155 159
104 136
103 135
171 182
50 104
57 169
21 143
22 127
16 185
169 172
2 176
108 190
198 11
145 191
61 78
34 112
27 84
9 107
23 115
15 50
3 31
149 169
76 139
138 171
110 151
13 77
124 186
142 180
17 159
15 101
61 142
61 161
197 184
25 116
62 116
194 188
22 90
133 160
58 159
54 96
14 155
0 15
163 184
134 141
27 105
107 163
15 96
76 115
29 45
36 151
192 30
39 159
6 143
75 91
43 60
168 187
52 133
15 93
12 127
118 195
22 187
11 118
14 102
38 165
27 41
148 163
22 162
49 176
109 191
3 152
13 51
36 153
25 108
80 96
84 102
96 173
77 123
83 89
74 168
85 118
9 187
158 174
89 133
114 183
195 55
109 169
40 57
152 159
192 41
57 164
62 142
28 109
29 110
88 170
36 145
15 117
48 173
64 76
56 92
27 92
13 170
138 174
8 170
41 85
19 131
0 179
114 154
197 135
43 195
1 194
109 148
135 190
47 102
196 25
27 28
32 133
32 120
81 194
6 127
115 198
76 125
64 90
32 156
94 152
28 82
26 127
16 17
41 149
127 199
107 180
47 115
188 189
39 69
118 190
74 150
164 176
12 141
197 126
87 134
137 181
16 105
25 119
108 150
94 169
124 133
45 83
139 189
62 184
195 49
115 196
31 148
42 135
53 134
55 114
33 194
76 163
19 195
70 92
24 110
71 100
130 161
7 59
43 145
10 27
197 134
194 83
140 178
139 191
2 23
9 198
97 143
34 114
12 120
194 86
48 142
5 112
2 185
1 67
16 177
8 109
21 73
9 52
53 62
120 135
11 74
121 147
95 119
195 40
43 80
125 138
140 147
59 104
75 88
56 69
94 155
135 176
69 121
5 172
115 167
23 54
196 102
196 99
28 131
47 121
62 158
85 107
11 77
59 186
51 106
93 113
115 160
158 164
78 188
199 179
12 102
82 111
36 180
11 174
51 65
54 82
17 64
30 37
36 76
63 189
62 175
76 106
192 140
23 89
36 127
85 193
125 163
96 182
109 186
58 80
107 136
187 193
114 123
87 168
116 161
8 90
22 41
2 127
9 134
51 173
154 160
197 170
38 126
131 188
53 175
50 138
122 163
22 46
17 176
76 138
103 150
136 189
75 187
54 58
28 198
62 70
98 142
63 117
62 187
75 156
35 86
127 167
73 171
193 54
90 155
43 69
198 22
36 171
147 190
0 168
4 154
125 171
91 180
37 143
37 88
101 153
129 197
119 181
19 62
31 128
23 169
14 19
111 122
10 26
153 156
80 97
36 176
9 94
48 169
31 72
81 130
15 84
11 150
116 122
136 160
67 151
5 53
81 118
193 137
109 156
10 50
10 180
41 166
125 140
47 49
197 157
65 70
67 95
124 197
6 75
3 147
193 118
135 191
116 126
138 144
93 169
40 69
116 190
81 119
131 150
143 170
83 94
62 167
17 18
14 195
17 163
129 191
54 185
31 66
78 104
193 98
36 116
62 189
66 84
34 128
154 161
15 29
57 162
99 136
196 166
14 15
12 155
95 176
7 190
75 96
121 186
114 150
43 129
38 59
67 80
141 180
93 198
50 92
32 122
13 180
100 150
62 85
78 152
62 74
33 155
8 189
74 136
195 77
50 62
118 137
39 93
92 163
1 188
80 169
129 184
65 66
45 109
116 118
77 136
199 110
199 138
116 142
71 101
24 191
59 162
52 173
39 163
80 183
195 53
138 152
165 179
25 74
9 121
28 162
54 176
33 173
147 198
50 124
13 54
52 118
72 112
144 181
195 23
22 88
58 197
85 195
101 189
119 156
90 95
92 113
110 198
9 87
9 106
29 81
20 172
96 124
13 140
160 177
199 75
32 171
55 176
38 160
65 145
149 176
63 156
60 63
112 127
92 132
66 180
35 36
15 23
30 88
77 176
164 180
129 174
53 147
198 161
197 22
44 184
79 112
25 89
140 179
73 170
16 173
33 197
10 78
29 153
86 138
45 165
21 129
199 33
139 163
67 139
45 196
20 89
8 52
18 86
164 179
32 184
4 60
9 189
19 66
24 89
154 195
17 142
192 180
98 136
160 197
64 142
13 78
38 163
195 82
126 184
65 177
82 199
8 27
40 96
50 105
196 96
147 188
174 188
196 11
46 124
114 173
27 191
55 85
119 126
101 187
66 173
130 170
111 173
163 190
68 94
178 192
92 153
20 112
19 53
50 96
50 53
26 55
58 71
189 194
69 187
121 128
53 186
64 144
169 178
14 28
61 70
90 163
20 174
192 120
3 75
156 172
55 193
156 197
9 55
99 162
96 99
9 117
71 152
0 70
10 89
55 169
99 199
107 109
84 92
99 116
26 65
150 152
31 112
163 171
120 144
48 181
14 171
43 123
43 171
30 146
5 81
83 176
8 16
184 194
100 160
15 160
195 106
65 112
67 104
35 142
10 63
27 124
57 159
44 92
196 97
100 163
101 149
41 130
54 189
126 175
7 158
116 188
199 187
194 196
20 194
82 148
17 190
63 173
98 123
20 53
91 103
57 186
14 34
157 169
22 79
87 131
36 199
140 175
42 129
30 56
80 119
55 142
5 10
63 128
117 146
194 39
16 148
118 151
0 102
14 188
100 123
98 143
56 104
30 67
55 63
25 52
12 162
78 114
57 106
123 194
86 143
195 176
159 167
1 33
40 95
128 167
31 53
156 198
131 159
82 89
79 178
41 88
90 111
26 100
106 107
49 127
14 57
17 48
198 162
17 169
25 32
57 189
70 153
7 49
193 188
66 141
83 90
23 79
142 186
46 139
45 95
193 107
2 59
10 31
157 170
2 74
27 128
89 148
54 148
26 92
20 164
70 177
71 81
169 174
102 173
63 106
38 190
60 172
47 142
73 136
99 150
100 180
42 134
0 11
58 87
95 136
117 121
66 163
157 185
63 133
56 110
128 132
83 99
16 131
25 41
96 112
20 134
164 198
59 136
63 132
113 197
31 52
130 169
73 103
102 181
114 138
81 95
52 89
67 119
116 143
93 119
192 10
131 158
96 162
111 171
26 114
43 74
63 166
10 24
64 96
159 188
42 48
199 78
193 142
197 158
118 133
73 189
173 192
0 142
24 167
7 36
15 121
71 143
90 129
192 100
32 74
33 191
193 71
98 170
92 186
147 178
192 45
82 180
66 125
47 152
114 181
68 87
116 132
0 43
28 176
53 162
144 171
24 74
192 156
34 92
51 125
14 163
69 158
46 96
18 53
99 138
149 166
95 126
60 149
61 69
81 122
12 139
137 173
109 154
10 119
17 119
25 193
38 78
64 139
0 7
55 143
31 70
4 102
91 92
13 98
97 147
43 83
50 108
14 84
68 120
46 126
11 99
135 158
50 118
60 106
3 101
2 89
66 109
195 45
177 186
110 172
173 179
119 176
199 67
16 106
7 33
126 173
26 182
83 185
66 154
8 11
63 68
32 138
115 155
10 19
195 87
119 120
39 61
174 183
80 198
63 91
2 86
15 134
59 148
109 147
8 61
60 68
60 126
88 147
23 101
57 184
57 110
17 27
134 171
5 89
142 198
17 20
72 199
46 79
35 152
103 185
12 95
94 178
76 189
143 163
37 185
196 125
89 96
43 85
26 59
128 188
106 133
195 98
118 119
11 130
89 93
23 119
102 140
97 166
104 153
8 57
51 100
195 94
14 122
57 66
68 74
54 64
197 127
111 135
98 104
15 59
62 73
6 41
82 112
195 71
155 194
17 34
45 168
48 61
39 95
172 194
26 73
73 113
46 81
22 77
41 151
58 81
1 178
92 127
100 107
71 151
11 104
102 177
52 58
15 176
108 183
193 105
87 127
150 194
115 162
31 185
131 145
17 183
52 154
6 48
89 95
29 79
57 74
70 109
139 156
7 106
168 181
199 69
123 148
35 53
23 57
175 193
141 142
74 153
12 178
72 146
143 158
86 155
32 195
196 6
52 91
138 139
50 128
3 50
1 198
43 143
61 134
21 68
33 93
19 174
50 190
196 48
86 145
55 83
45 172
98 157
145 196
75 150
51 195
135 154
69 178
17 42
131 196
119 128
87 159
19 84
99 135
97 154
111 112
62 159
15 125
79 127
192 139
63 104
199 64
155 157
101 105
30 57
74 110
90 135
147 155
71 94
48 149
197 50
81 174
27 173
19 35
15 42
58 83
195 0
48 60
69 75
97 135
162 163
34 82
193 197
161 191
20 104
0 30
167 197
44 130
37 141
108 146
37 197
51 170
23 56
19 130
43 59
167 168
106 186
59 160
128 194
105 114
16 103
7 144
66 128
23 83
62 198
112 196
32 155
3 68
0 63
197 29
45 93
50 76
0 89
68 147
194 9
34 150
57 158
28 81
66 98
68 190
59 141
134 187
29 84
54 153
83 108
0 150
11 96
76 169
41 117
119 161
82 126
66 189
42 104
55 80
41 189
76 78
54 80
8 106
69 73
90 122
43 154
34 80
198 112
82 171
15 119
78 108
10 103
43 172
155 171
110 174
81 146
96 187
167 173
9 184
107 162
93 160
136 185
192 60
51 145
2 56
17 82
36 114
9 14
121 151
90 145
88 145
21 164
150 160
12 65
150 181
31 168
163 172
106 152
115 179
110 157
8 146
17 197
19 185
90 108
34 107
159 172
17 97
70 110
11 107
13 45
24 127
150 184
65 76
193 29
29 90
59 85
7 175
94 137
162 193
61 105
83 156
168 173
90 158
10 37
1 168
11 124
196 27
24 38
60 98
195 174
10 179
56 149
47 158
10 18
5 134
126 174
66 138
53 185
10 199
193 138
90 123
16 99
48 113
67 148
41 109
194 93
151 162
35 82
52 189
70 176
6 162
64 149
90 100
146 178
42 160
72 154
28 46
54 172
192 167
78 142
128 176
167 196
56 175
68 99
87 130
143 173
21 30
9 18
130 164
65 192
1 87
34 122
101 172
36 185
19 160
37 67
43 78
199 5
111 165
70 163
120 196
41 79
52 69
41 136
80 114
7 182
161 188
13 125
101 181
90 182
99 151
20 83
82 125
24 192
117 122
19 56
6 50
16 196
167 174
196 53
40 43
167 181
163 197
6 158
33 51
0 119
196 42
52 90
40 139
145 199
92 160
60 91
17 118
36 65
45 116
8 74
197 86
108 111
154 178
198 120
21 55
29 117
86 188
11 135
103 131
67 197
5 51
8 155
5 96
192 12
40 110
71 155
92 174
123 157
131 160
96 132
50 77
58 196
14 179
166 192
17 58
94 196
55 117
90 176
22 78
2 144
17 115
61 150
0 50
167 172
93 112
147 151
145 166
75 131
136 181
35 173
194 42
98 147
26 37
29 179
78 95
0 110
196 13
47 174
72 133
79 187
104 145
4 156
21 140
8 80
4 118
65 165
176 178
21 62
1 143
54 136
64 180
12 118
83 135
59 83
86 102
72 181
28 189
55 155
42 93
132 144
65 94
65 71
192 98
2 177
124 163
46 140
2 4
26 98
16 56
43 51
88 168
16 68
103 168
2 91
6 199
101 145
75 119
86 128
137 191
7 28
61 125
8 195
38 51
195 6
96 178
8 94
192 70
76 148
127 160
15 157
94 173
158 163
2 119
85 87
44 182
117 147
163 170
33 122
96 199
92 105
107 108
42 60
23 111
3 76
118 148
35 92
18 58
92 164
193 140
22 119
13 179
87 136
4 33
82 107
92 169
151 163
108 170
52 120
142 176
162 194
32 101
43 54
85 108
50 86
42 84
42 102
135 171
30 42
71 187
30 77
82 190
59 122
103 151
194 174
40 102
14 54
88 157
32 192
93 173
64 152
40 121
196 49
104 128
67 94
17 156
24 162
74 122
176 190
119 137
54 186
13 82
31 45
28 71
13 150
44 121
21 80
112 116
5 183
85 166
131 138
5 13
105 131
12 135
96 174
106 150
57 183
14 117
134 166
75 179
44 163
45 173
194 137
130 187
83 119
91 161
57 79
85 188
1 102
142 170
81 182
13 158
138 149
28 101
100 128
26 130
2 13
195 128
57 64
8 55
197 131
18 116
0 38
198 111
35 186
167 175
34 76
49 188
145 164
86 153
134 136
70 88
128 197
197 139
28 192
109 165
109 157
89 162
78 139
44 74
13 99
5 39
131 173
82 101
44 91
127 184
25 39
65 110
124 179
2 137
21 77
19 51
19 32
120 150
39 128
82 123
26 118
9 150
67 159
114 198
76 178
105 168
30 163
23 148
117 199
26 149
73 128
89 102
33 150
27 175
55 59
79 139
13 85
27 114
4 13
14 169
118 132
193 100
39 170
4 69
145 193
15 91
118 183
13 61
157 168
66 83
22 122
39 102
11 186
10 115
179 180
40 103
106 173
27 146
89 122
70 162
97 105
77 79
23 61
192 68
63 165
23 177
152 177
143 145
98 187
28 193
76 144
43 151
52 130
177 193
99 121
122 138
57 133
98 125
106 136
61 63
159 194
89 140
37 176
132 153
51 193
109 178
28 119
68 134
192 175
72 96
85 176
31 192
137 149
137 196
47 88
58 186
61 111
193 75
35 89
56 119
199 68
66 131
113 142
87 181
61 192
32 43
133 172
109 155
26 115
58 115
47 189
54 76
199 11
65 170
199 148
80 175
180 185
198 34
42 97
87 88
84 164
153 180
56 107
4 152
108 152
166 168
1 98
114 148
43 191
31 41
79 80
13 119
10 57
9 12
2 31
195 139
28 175
20 105
72 90
161 195
108 134
40 85
22 73
74 192
97 168
142 174
139 176
31 68
71 113
92 178
82 100
4 139
57 172
130 196
28 113
91 123
47 199
66 102
19 52
115 176
69 170
31 39
18 142
88 130
61 167
30 165
70 150
23 109
65 129
85 181
9 114
51 113
26 117
46 60
180 198
85 161
54 182
101 139
21 45
95 198
61 177
143 174
115 193
75 79
4 138
9 103
95 199
114 120
95 156
20 40
37 198
29 133
121 194
46 142
122 150
36 169
127 175
100 138
121 168
12 124
195 140
85 127
122 189
3 144
22 92
49 123
24 111
92 173
4 95
100 177
177 184
3 184
48 139
24 145
51 132
103 149
132 155
122 158
42 69
198 82
158 186
11 19
33 116
49 118
27 78
43 138
195 26
80 149
105 145
15 136
4 111
27 188
36 157
83 88
66 134
42 85
9 123
87 189
49 122
127 162
117 185
63 105
69 113
33 107
2 172
51 92
22 100
44 96
56 183
136 151
146 151
100 174
81 172
54 91
26 171
29 61
90 156
101 103
68 118
105 178
56 191
13 44
59 95
10 14
28 51
76 101
21 96
34 98
100 121
45 141
119 185
112 191
102 130
199 116
117 129
75 168
63 109
3 113
79 198
105 155
147 169
197 147
36 174
23 41
82 136
15 155
198 109
73 74
23 70
14 139
15 27
3 160
13 175
55 101
119 170
48 92
36 77
120 174
40 66
7 103
121 129
49 199
3 154
55 66
60 79
12 38
62 165
175 183
72 113
56 81
55 128
30 186
4 174
58 74
134 151
91 198
95 97
13 183
49 187
27 113
97 150
31 100
196 103
92 199
45 87
71 160
65 147
27 31
64 75
109 182
45 105
19 144
163 181
52 55
57 80
34 143
143 154
184 185
141 143
69 149
96 164
73 181
54 83
34 78
195 142
106 193
45 102
27 127
197 178
13 181
150 199
44 190
21 106
118 136
82 124
42 108
153 193
23 77
95 195
38 164
72 111
78 133
98 179
4 29
93 158
48 106
41 129
9 185
77 180
42 77
10 39
119 186
18 81
71 86
35 45
40 84
29 160
20 157
64 125
1 165
20 191
111 115
118 128
105 134
87 110
40 159
181 187
52 197
8 188
153 160
154 188
28 183
104 147
9 110
64 136
167 182
51 98
140 170
160 176
101 110
199 142
86 126
39 184
34 68
84 180
43 197
197 105
100 170
34 120
17 25
109 177
10 44
86 111
107 111
98 118
102 157
70 196
198 169
20 38
17 29
71 109
99 117
12 129
86 129
4 58
2 81
2 21
79 173
106 190
116 166
95 122
34 163
21 154
55 107
121 125
86 173
165 192
199 66
37 137
132 143
64 176
139 146
5 60
24 188
82 121
56 82
156 160
6 198
127 181
172 198
12 75
19 38
46 147
49 172
22 142
95 107
89 121
152 162
3 127
18 129
100 133
172 192
18 143
137 178
41 157
66 78
23 196
71 168
20 189
38 71
15 172
199 144
41 60
11 32
75 185
22 105
66 113
172 174
55 70
45 124
10 34
78 146
28 120
45 65
26 150
47 100
4 99
177 180
5 159
101 174
80 146
111 124
27 51
34 36
27 55
46 151
41 195
48 116
41 62
155 172
90 187
54 116
147 158
131 166
100 198
148 160
46 104
19 149
1 20
5 169
120 126
77 88
8 76
97 112
14 143
0 124
164 181
16 49
58 101
51 77
72 91
10 130
93 107
128 165
83 198
59 120
102 141
60 83
43 47
39 175
59 138
28 48
43 115
73 147
63 195
62 80
8 29
17 185
198 117
19 124
95 149
10 195
12 143
42 172
24 187
9 143
55 187
48 77
9 197
1 196
77 162
36 109
43 106
167 183
10 162
55 133
34 105
196 161
22 91
38 84
61 122
38 95
42 142
51 99
103 167
45 48
92 100
97 156
117 148
177 199
29 50
56 85
101 119
25 150
37 113
20 50
21 197
14 93
69 147
132 168
42 63
175 182
0 13
118 172
37 171
29 75
199 55
12 184
157 186
75 176
18 195
43 65
59 188
38 97
20 142
133 166
192 102
132 133
128 182
39 198
82 127
68 113
196 3
63 122
9 186
131 161
1 18
17 117
28 44
31 61
81 141
13 95
89 151
89 143
165 182
143 166
13 115
61 158
155 166
58 124
129 190
125 160
58 143
27 63
156 158
61 130
116 179
19 71
108 147
60 119
85 169
74 131
11 18
74 79
96 144
67 105
95 168
48 156
153 199
36 161
57 124
152 163
64 105
55 141
16 134
115 139
6 61
167 194
31 198
48 180
88 169
43 55
20 171
36 166
9 85
137 160
194 66
92 101
22 199
27 99
48 163
13 165
31 62
15 127
128 145
64 182
188 195
39 135
194 47
199 126
26 91
106 128
68 179
82 155
144 187
15 178
5 116
195 4
22 186
134 177
195 59
38 158
97 178
123 155
40 48
53 70
19 161
116 119
26 58
193 147
17 49
14 17
66 147
60 129
26 51
28 33
2 138
77 148
53 77
27 91
88 107
176 191
58 178
126 183
107 123
51 190
28 30
11 30
32 187
54 71
99 146
22 44
20 111
20 166
140 155
51 151
20 152
23 31
40 101
194 110
146 155
10 22
12 63
61 131
95 180
17 71
153 187
55 71
88 111
24 109
52 191
52 80
35 197
143 148
146 196
8 158
139 168
46 74
55 188
81 150
195 189
147 153
57 107
71 96
29 91
109 173
44 97
129 155
87 105
0 90
2 161
11 22
86 157
141 190
21 89
114 116
77 133
119 166
46 122
50 153
195 35
29 46
20 117
83 105
29 88
120 170
3 88
94 141
80 173
78 88
66 161
30 49
199 28
1 109
44 180
38 183
146 195
27 96
0 158
114 162
85 190
73 182
74 111
34 173
39 83
0 65
124 175
168 197
56 185
120 153
139 142
5 141
117 144
84 111
195 74
68 152
33 112
18 180
155 177
72 159
3 11
192 50
65 80
16 67
7 125
65 74
15 54
32 81
192 46
4 71
33 98
15 153
121 148
132 192
162 170
1 119
12 26
66 196
67 68
87 95
45 159
13 172
181 192
32 68
55 96
10 174
147 156
113 125
91 179
15 131
69 196
162 167
63 114
24 172
47 186
185 192
42 107
197 90
92 135
100 195
47 63
19 107
29 176
15 102
31 161
109 189
184 193
171 180
199 13
199 31
178 199
132 181
49 80
46 94
74 139
20 158
113 126
31 71
42 192
147 195
21 150
19 120
135 139
22 84
34 43
122 194
111 148
40 89
150 173
36 85
76 143
30 190
65 102
9 100
122 178
1 192
53 108
96 130
183 194
6 176
27 189
94 188
60 150
49 109
37 144
133 183
70 104
61 173
64 79
46 115
94 174
199 143
80 89
22 99
88 159
99 171
16 133
51 135
136 140
49 95
40 145
5 146
170 198
196 154
89 167
194 72
54 170
23 188
199 77
45 148
10 144
6 189
13 37
23 92
42 145
108 138
7 76
116 165
16 132
120 175
198 98
39 124
23 142
1 147
50 146
52 82
79 147
59 102
21 161
21 79
22 49
42 92
56 77
122 140
11 81
26 183
139 167
62 83
34 64
53 194
192 26
16 176
107 152
110 192
78 120
7 35
33 172
90 136
32 140
0 101
9 39
72 147
120 177
126 182
58 180
52 109
97 170
4 9
2 70
118 124
37 72
132 191
39 70
195 171
38 73
103 187
155 158
99 197
131 199
188 198
192 101
195 121
86 107
51 169
7 192
92 181
90 188
70 164
30 131
11 56
59 130
73 115
70 119
106 116
146 182
73 108
106 182
5 103
38 39
96 121
193 41
81 84
25 99
8 15
47 116
92 142
91 115
80 182
26 74
67 70
76 146
56 140
53 61
42 162
81 160
101 164
46 143
18 78
28 64
38 92
95 186
3 133
24 121
34 137
102 155
34 181
83 110
29 108
43 86
11 75
106 183
28 161
140 166
170 186
131 191
52 190
84 116
47 53
193 143
8 35
30 91
13 149
99 110
78 173
66 160
124 165
171 190
46 185
196 75
21 178
3 121
22 32
193 47
90 143
13 43
74 101
137 172
96 172
118 130
12 80
84 184
59 75
25 48
21 180
196 158
193 18
41 111
198 2
104 115
163 195
73 90
25 171
34 156
124 161
30 111
34 57
79 193
19 97
33 161
124 191
7 78
99 143
94 132
130 150
115 158
77 129
64 103
54 141
156 180
183 187
1 99
14 89
3 161
79 142
32 116
33 139
15 57
76 187
7 40
153 158
68 146
177 183
58 179
2 160
72 176
76 173
4 35
44 58
22 196
52 122
37 127
108 189
72 153
72 125
3 129
112 125
59 111
66 139
5 105
81 125
62 133
88 98
21 53
119 153
92 124
55 196
108 199
135 186
106 179
67 171
2 113
196 151
19 186
177 189
25 128
79 146
194 15
53 109
199 97
54 112
193 151
141 144
20 60
54 86
79 163
49 58
18 117
133 143
82 95
153 191
159 176
93 190
43 186
14 109
0 180
17 63
52 60
4 19
73 87
142 177
127 157
192 0
171 185
82 142
51 166
129 145
82 149
196 83
156 190
20 168
3 80
87 191
44 191
52 81
50 164
106 145
66 101
49 136
117 164
14 177
27 122
9 19
72 85
64 74
53 67
56 158
25 163
77 105
115 137
104 155
65 160
177 179
85 180
197 72
97 190
57 134
172 191
127 149
0 80
77 135
195 141
92 141
9 17
163 168
126 141
124 193
193 176
35 149
55 82
112 182
192 3
8 19
6 114
197 74
60 102
198 57
27 153
165 166
18 39
199 105
173 182
72 196
16 18
34 75
151 171
29 146
24 68
34 199
138 182
43 120
34 196
30 70
56 109
75 133
78 190
13 145
136 170
87 100
58 181
78 105
23 198
81 154
63 138
21 183
163 188
37 77
44 142
95 125
63 93
133 152
19 117
59 190
17 24
43 196
16 183
4 30
17 98
118 158
0 75
71 191
49 162
199 9
36 41
65 132
80 116
35 163
8 186
66 85
4 158
64 109
162 173
195 3
3 57
76 170
29 35
194 68
81 133
125 166
3 112
15 53
40 105
192 34
46 88
22 128
88 97
91 182
88 106
38 93
81 93
17 100
22 82
47 69
57 112
3 134
10 70
130 138
198 144
6 43
129 143
69 114
57 73
66 172
123 152
33 148
12 27
73 95
30 189
40 51
8 95
128 191
91 154
84 112
197 95
56 138
120 127
176 196
67 196
182 190
38 199
47 131
56 134
132 156
3 103
48 81
193 68
65 98
77 83
36 155
158 177
5 99
29 32
21 78
161 183
22 175
114 188
61 144
82 159
61 193
14 37
113 189
168 170
43 128
123 176
96 128
71 142
22 110
56 151
194 96
34 165
53 166
58 171
111 185
10 91
196 57
41 198
105 123
162 188
7 180
13 134
61 93
69 191
122 156
16 93
41 123
193 136
51 130
169 187
140 187
48 89
38 124
5 25
199 4
64 106
126 180
195 143
20 135
26 28
165 167
39 116
90 177
87 152
61 75
78 89
8 194
15 163
42 106
36 197
76 175
91 114
107 190
25 115
73 149
136 171
94 122
198 72
39 181
7 118
26 97
141 176
28 43
11 183
30 145
40 94
46 165
12 78
192 150
72 149
23 118
1 57
93 157
56 89
148 197
101 156
15 129
77 118
60 174
