26 27
10 29
65 39
62 44
53 25
51 49
10 37
20 48
9 62
63 11
5 32
33 55
9 22
47 49
42 61
2 25
51 24
31 34
65 9
58 5
61 18
46 51
30 31
63 58
62 48
51 44
69 53
14 56
31 60
32 33
7 39
33 54
62 56
68 13
54 40
6 18
63 12
19 30
2 66
36 41
16 33
20 58
31 53
22 25
24 56
66 56
51 55
30 44
50 53
65 8
54 66
47 63
26 45
11 12
65 0
54 0
2 19
7 10
62 4
9 52
7 31
64 49
59 67
0 19
15 59
7 65
27 65
36 68
24 33
52 44
59 23
3 24
61 46
59 51
34 52
66 45
5 52
37 46
44 63
10 20
17 57
42 62
0 47
22 39
39 60
69 15
12 26
4 14
58 30
37 64
59 10
50 61
58 40
58 36
55 1
42 43
63 33
26 37
57 66
55 50
33 48
22 52
4 30
51 57
67 23
32 44
38 68
16 65
28 57
25 29
54 7
5 15
32 39
61 56
43 59
2 4
61 26
51 11
35 55
9 25
6 41
18 25
39 61
7 67
14 27
11 69
56 53
56 19
63 29
22 62
55 37
64 42
67 36
59 63
68 32
52 29
9 50
69 7
7 28
22 27
61 22
69 32
38 64
10 17
40 55
5 27
23 30
41 57
58 47
9 41
28 41
23 24
33 41
3 38
9 21
20 39
11 17
2 47
4 36
10 19
32 48
25 63
59 26
9 39
64 18
1 31
8 66
17 23
37 45
12 59
44 45
6 40
68 49
5 20
22 48
63 0
25 33
43 57
53 48
66 19
33 68
3 14
19 64
7 56
21 36
11 61
64 17
50 20
54 28
17 60
23 34
6 24
55 49
6 7
64 60
24 47
1 66
47 67
17 37
62 41
56 29
26 46
21 60
35 69
68 44
16 52
63 37
66 55
9 16
37 66
22 31
3 44
66 43
50 31
68 26
36 60
45 64
0 64
61 29
68 15
26 62
14 22
44 54
54 50
65 31
12 36
4 28
60 27
12 66
22 37
13 67
50 60
10 43
58 41
61 13
67 8
51 1
62 58
31 48
5 63
12 62
28 37
11 18
54 38
30 35
51 32
61 51
58 37
25 54
3 45
33 51
57 19
30 49
35 59
4 38
61 32
13 21
57 44
58 43
46 50
32 36
29 66
57 20
9 66
67 58
11 46
64 34
40 62
63 40
8 22
62 32
6 45
10 34
41 60
48 56
50 2
10 66
11 37
45 51
39 59
31 41
39 51
25 44
27 48
0 45
8 12
2 34
53 49
57 5
53 3
58 31
4 43
6 64
66 59
50 7
30 53
64 30
22 53
5 62
53 0
50 4
2 40
34 38
31 45
61 47
63 21
0 58
5 12
51 22
59 57
5 10
22 26
