4 72
10 69
27 30
20 66
14 56
79 55
13 51
79 60
5 12
36 62
8 61
78 55
79 65
78 11
11 20
18 52
67 75
3 62
0 75
14 46
35 60
43 76
4 10
49 73
59 77
26 43
27 68
19 66
0 27
43 79
17 26
22 70
36 43
7 37
16 61
23 64
47 66
20 79
36 71
2 64
33 58
24 76
1 17
5 42
16 23
2 47
3 40
34 77
2 12
4 67
19 49
4 39
29 37
57 60
41 57
79 74
6 28
11 77
17 33
34 79
25 28
10 53
47 50
52 58
3 35
2 21
0 39
0 33
39 57
11 19
7 74
13 77
41 55
44 50
23 75
17 35
79 1
28 36
40 69
47 53
45 64
59 64
27 59
18 37
66 74
44 70
3 53
5 53
11 74
1 76
16 29
30 45
0 60
10 52
13 18
14 71
14 25
41 53
31 44
38 46
15 28
5 30
62 66
10 74
60 72
67 70
0 66
79 26
59 75
20 34
14 24
45 68
5 20
14 21
41 68
15 50
23 60
52 66
10 49
27 53
2 62
63 70
40 73
9 67
8 71
71 73
43 67
42 52
15 75
79 23
61 62
59 65
24 33
28 67
9 49
9 41
10 13
26 74
79 36
32 49
9 70
35 38
10 48
79 3
29 50
11 37
50 73
4 61
38 61
21 49
61 66
48 72
4 36
26 60
10 33
45 49
51 78
3 38
37 52
34 61
54 58
16 48
30 32
12 50
27 69
18 79
12 78
55 58
21 59
25 33
28 78
16 63
8 47
3 51
46 69
6 69
30 43
28 29
33 67
14 33
62 69
68 70
45 59
22 75
3 6
34 70
79 53
34 36
45 78
25 45
44 68
8 22
29 34
35 61
2 77
5 29
4 13
48 50
49 50
11 58
2 59
0 26
14 15
27 38
16 75
9 52
54 64
53 69
22 76
15 68
59 73
58 62
14 78
3 56
58 65
32 70
62 71
19 59
13 62
30 78
49 79
0 61
23 25
32 36
24 30
45 77
10 61
32 65
12 79
16 26
7 71
66 77
26 66
48 74
78 56
46 71
3 41
32 47
16 67
26 52
11 27
79 56
78 25
39 52
26 65
38 49
11 67
0 32
25 43
12 36
18 46
78 75
79 54
6 29
29 54
14 35
22 61
24 70
0 16
38 78
71 79
53 56
23 31
45 71
78 9
8 45
28 69
35 41
16 35
6 8
6 37
53 64
42 60
58 77
71 78
7 14
3 16
8 15
8 30
78 41
39 66
17 48
10 18
65 66
67 79
19 69
19 25
26 40
36 54
20 30
6 60
50 75
16 74
29 43
6 45
56 58
9 47
8 62
1 63
34 57
29 56
36 56
38 56
4 21
25 52
51 65
34 55
40 58
49 69
21 29
19 26
0 74
46 58
12 28
10 31
17 61
54 76
42 77
13 24
16 79
36 59
46 61
57 70
48 65
31 46
33 53
0 79
7 11
28 58
26 69
27 35
61 73
15 38
19 74
27 39
28 74
32 46
36 72
27 28
6 7
23 40
17 23
49 64
11 14
79 48
73 74
36 60
14 26
0 22
16 53
58 60
70 78
32 56
6 78
7 40
3 46
26 42
1 73
1 35
37 46
1 61
46 79
41 62
22 72
5 6
78 69
0 37
6 73
2 52
50 58
78 57
67 77
15 44
66 79
7 41
37 38
33 79
51 75
33 68
33 59
5 66
2 3
23 52
8 9
46 51
9 51
23 44
36 55
31 33
31 42
33 40
8 39
57 64
12 34
55 57
79 68
34 72
26 37
18 42
48 66
31 73
26 53
26 55
24 52
63 64
31 60
35 65
6 57
10 65
17 21
7 17
12 43
0 8
79 7
12 49
17 41
23 35
50 63
33 54
35 75
25 49
16 32
17 71
28 37
31 34
47 55
3 44
13 65
34 68
29 33
8 10
23 34
6 13
2 6
79 35
42 51
52 78
55 74
79 50
17 45
4 9
13 60
3 4
29 30
27 32
24 39
18 78
8 59
6 56
50 65
50 53
70 75
6 72
2 71
55 77
9 59
0 58
30 33
17 63
34 73
7 13
25 65
26 45
7 39
25 75
16 66
39 55
16 51
52 56
17 68
7 34
63 79
44 58
11 29
0 30
59 71
37 39
23 28
26 39
17 38
2 43
34 65
55 60
79 40
56 62
51 54
24 45
40 62
57 61
55 65
4 31
79 25
4 32
71 76
43 59
0 28
1 59
30 70
64 72
31 79
5 38
29 51
24 44
32 39
37 54
36 58
29 72
7 18
31 49
79 57
52 61
4 35
30 63
22 37
53 77
35 76
79 45
8 25
0 44
34 41
38 58
2 8
50 54
5 40
35 40
44 73
48 55
22 49
40 71
42 72
32 76
7 16
4 30
68 71
20 26
24 43
62 74
0 2
48 62
9 11
16 19
30 31
52 64
6 39
39 79
4 18
25 53
65 76
8 64
74 75
3 49
11 34
5 41
3 13
13 58
0 35
17 47
1 27
34 46
24 28
12 64
20 36
78 31
65 78
6 66
47 57
13 53
10 75
1 19
7 29
28 55
19 60
13 25
1 43
35 39
39 65
30 46
0 73
36 74
28 61
1 74
53 57
24 72
18 35
6 35
18 76
43 65
52 54
14 47
2 75
23 53
26 71
61 70
21 66
41 61
59 63
30 60
45 52
11 63
3 39
35 71
61 63
16 24
65 70
16 30
6 42
40 48
39 53
26 75
9 54
8 52
60 65
6 59
18 23
54 68
4 48
19 41
19 47
68 75
33 77
28 79
37 64
41 46
35 68
1 65
18 28
23 47
15 47
60 76
0 52
11 36
4 53
40 44
62 68
7 31
4 45
6 52
47 54
25 44
78 39
39 51
30 59
31 66
6 10
48 52
78 76
13 39
60 69
25 70
15 31
39 41
14 52
1 16
22 30
78 26
8 16
45 60
31 63
35 69
4 54
8 13
49 58
40 45
60 73
44 78
60 67
25 71
