16 161
116 190
37 272
83 97
190 271
14 255
36 69
129 254
98 244
19 222
21 172
155 176
262 127
17 163
54 167
184 274
60 136
254 122
17 202
253 213
108 111
20 190
13 256
17 181
7 217
57 90
261 102
133 139
22 83
199 245
173 227
250 24
264 232
22 223
173 233
256 83
211 256
84 184
118 236
211 240
46 159
171 172
150 250
271 135
274 50
35 195
261 232
3 196
21 139
13 196
270 8
13 234
174 243
270 15
249 258
127 237
130 138
23 249
257 103
175 224
76 234
270 47
201 220
260 18
200 250
79 149
115 254
216 232
2 264
259 5
132 193
89 260
168 252
46 71
126 207
60 210
26 138
88 130
47 155
143 274
67 174
158 177
75 226
57 70
136 205
104 126
125 181
47 232
104 106
189 191
119 255
159 257
122 153
69 114
19 160
135 191
125 209
264 228
211 226
31 170
93 214
42 212
59 262
2 208
8 54
21 89
130 252
94 96
267 41
140 228
27 270
34 127
273 226
14 264
79 127
89 196
109 115
259 168
268 162
263 8
26 79
23 118
253 90
14 116
105 128
264 60
273 87
144 196
89 159
20 123
29 193
120 204
66 157
175 229
119 151
13 87
25 76
250 8
246 268
197 204
25 190
45 250
95 197
28 189
9 103
18 199
55 238
156 235
51 126
40 197
159 202
56 138
263 63
261 53
137 219
179 261
10 270
44 118
102 155
170 238
268 175
40 80
81 184
136 181
13 95
274 94
261 173
12 178
59 65
171 186
274 84
254 167
206 251
15 38
255 206
58 85
154 222
88 114
165 169
38 213
52 73
255 221
136 184
262 6
56 245
43 86
144 210
270 233
67 88
2 59
63 235
262 26
2 143
52 258
108 143
36 254
177 274
129 260
268 232
96 202
63 190
78 260
4 124
46 47
273 153
133 239
175 182
139 140
263 141
24 180
98 166
170 223
10 240
171 257
267 182
148 150
108 257
53 264
163 254
79 166
152 254
134 153
53 228
243 264
100 155
157 274
27 113
194 199
178 245
164 272
264 136
42 61
34 86
84 229
3 267
55 241
28 59
266 143
69 126
37 252
25 98
271 143
162 209
142 151
55 170
115 156
202 241
133 169
140 199
32 39
34 189
34 216
7 168
116 152
147 262
122 215
128 206
253 248
116 180
48 265
1 261
27 250
132 259
44 243
214 219
120 128
47 131
261 246
253 185
262 234
35 41
53 253
37 188
135 156
152 189
19 152
19 197
118 189
109 269
260 234
154 268
239 244
80 186
27 268
9 186
250 165
181 264
43 116
42 217
106 124
262 38
18 78
19 83
55 72
209 263
126 199
72 130
26 131
195 200
133 255
127 134
75 167
123 261
273 49
86 125
122 156
136 222
18 212
89 256
127 219
17 84
86 179
258 37
96 179
105 233
107 186
147 268
133 165
261 154
37 40
157 172
195 254
44 197
257 226
198 210
89 201
65 152
149 189
60 132
93 97
0 53
261 137
56 179
105 140
254 82
172 271
29 78
269 6
100 234
75 174
146 190
260 48
51 150
23 242
3 182
203 260
197 229
21 43
152 190
251 219
95 229
70 217
139 236
198 206
251 195
250 172
155 245
259 225
21 24
168 269
14 113
31 172
100 130
59 205
273 84
156 209
85 92
192 254
134 259
30 228
33 134
115 159
187 268
214 244
202 218
22 130
206 259
71 192
120 147
135 217
179 269
253 154
107 118
47 87
138 270
250 77
36 150
40 189
262 140
259 105
250 248
265 232
158 190
197 235
225 265
74 159
199 238
98 116
30 223
168 200
59 223
86 153
232 269
123 230
201 265
2 90
98 160
73 108
14 175
148 266
27 50
54 195
128 143
113 261
161 268
68 245
103 213
99 108
64 266
259 59
107 139
87 88
264 59
59 156
56 74
169 203
76 84
260 25
224 235
15 88
130 270
17 236
94 152
149 184
264 6
179 181
1 51
77 190
1 17
145 193
36 47
29 121
271 55
220 258
83 170
104 155
257 130
30 49
61 223
5 91
139 249
35 106
7 13
208 238
28 99
9 54
85 232
42 225
166 170
197 265
78 210
42 119
103 204
17 232
255 111
10 165
55 75
19 164
36 258
164 180
37 152
103 250
52 91
20 59
77 197
46 256
21 46
15 20
144 240
124 213
107 148
184 248
28 225
272 50
18 230
41 160
27 119
1 233
53 140
50 209
129 241
251 127
161 258
61 194
44 214
220 224
107 122
252 161
109 193
256 63
68 89
171 248
259 208
130 238
267 160
16 82
272 234
254 219
188 268
12 19
30 205
257 205
64 228
169 208
127 128
197 231
68 139
269 124
191 230
48 253
90 165
252 99
11 113
272 8
138 240
124 222
46 240
83 205
229 247
147 242
190 229
249 272
11 259
251 18
269 147
14 211
251 93
225 241
159 212
102 103
36 214
63 246
147 189
46 246
98 230
270 0
8 53
251 138
255 148
256 0
136 240
106 137
258 144
115 274
263 237
255 78
111 178
44 196
149 249
74 121
110 153
181 195
40 67
238 256
75 222
143 238
136 183
213 271
124 265
127 135
265 105
168 178
12 120
186 273
184 270
181 251
155 238
194 233
198 263
101 269
41 245
99 106
6 108
29 43
250 159
97 184
145 247
160 197
258 126
25 140
260 199
265 142
46 97
197 255
175 208
241 258
1 131
146 169
8 85
8 249
59 115
9 218
49 178
23 66
212 272
37 213
97 222
251 34
105 184
119 223
43 197
74 147
177 220
64 69
40 102
178 226
96 221
180 216
265 11
64 240
82 224
252 218
56 154
67 220
61 235
24 105
146 170
1 118
28 128
14 60
19 91
85 239
131 272
142 264
87 253
6 192
209 269
77 191
235 249
259 150
251 156
167 265
190 226
258 9
25 37
72 274
9 18
37 255
130 176
78 108
6 164
84 167
246 273
15 208
136 234
39 177
91 163
139 185
108 259
121 126
61 206
26 236
252 225
34 254
73 251
152 217
267 145
262 195
62 246
77 105
124 211
264 143
270 176
175 242
235 237
58 138
19 65
172 176
174 187
24 160
23 232
30 151
26 49
100 187
156 270
260 7
137 184
32 184
62 181
273 61
196 246
114 209
232 245
3 208
267 220
75 84
94 125
157 227
50 201
5 49
70 222
127 161
247 260
101 172
102 159
10 100
269 68
174 233
35 189
18 274
139 228
122 250
35 92
36 94
95 241
107 137
90 94
40 81
26 233
17 131
24 134
46 236
159 246
162 184
76 230
20 200
96 256
255 254
172 178
127 241
95 195
44 95
122 163
91 112
115 217
0 6
113 131
88 198
257 209
51 134
267 98
80 96
175 184
105 261
270 271
173 221
63 220
148 206
31 226
161 244
267 119
13 212
264 195
104 160
273 7
49 79
82 236
47 196
45 236
61 63
265 100
104 125
103 209
80 219
26 115
65 165
183 224
74 83
269 46
38 266
19 35
94 269
144 174
72 182
37 228
98 241
146 258
94 193
30 157
211 233
125 180
253 72
63 245
83 92
237 257
62 150
68 162
29 161
80 229
2 7
30 78
82 133
198 239
142 175
11 126
202 220
0 11
5 53
184 218
268 225
33 242
15 93
154 209
212 219
0 77
118 142
110 114
2 84
78 202
42 152
118 151
101 132
270 52
269 238
20 94
144 165
191 237
24 224
36 74
108 183
55 92
256 248
271 147
91 123
61 102
142 220
170 172
114 273
254 244
0 199
266 272
126 221
33 129
266 22
72 165
100 124
128 256
136 163
258 131
260 159
164 217
270 121
161 219
115 153
61 185
206 210
31 222
56 164
2 229
222 256
156 269
39 99
52 116
130 231
15 16
87 181
53 194
123 235
28 62
155 192
65 266
93 183
44 55
108 154
225 238
253 169
143 219
75 99
270 239
25 252
53 163
215 245
7 235
135 237
133 191
259 158
204 208
4 167
43 177
242 273
88 240
92 109
172 263
4 83
259 45
7 131
114 140
125 168
253 8
221 225
110 265
65 219
267 254
77 113
260 198
20 177
181 216
132 272
156 230
271 32
43 261
259 180
263 11
75 209
30 114
168 248
23 90
257 6
201 240
202 271
115 191
86 274
261 125
105 188
27 73
262 9
133 271
132 147
74 248
133 190
259 241
35 174
264 10
131 264
3 123
267 112
2 140
23 139
86 176
191 206
61 106
110 193
58 184
181 220
148 243
143 203
270 38
46 205
41 59
256 95
47 82
262 198
119 184
13 121
250 156
57 58
99 113
25 144
239 246
132 192
250 118
175 234
64 207
190 256
87 102
4 189
82 250
127 193
96 231
56 204
261 91
41 216
250 78
101 211
189 263
15 132
137 167
19 129
250 125
92 106
26 110
110 204
64 224
146 177
264 66
101 253
271 34
164 230
10 63
55 178
32 181
6 32
74 215
68 94
25 247
257 51
9 219
199 234
93 106
2 39
12 62
144 184
264 118
67 125
41 199
252 88
258 49
39 157
1 140
255 156
79 96
42 226
17 148
274 24
52 193
171 240
61 202
59 197
260 90
35 46
263 143
253 207
261 83
168 257
2 93
192 195
122 193
86 203
25 147
189 274
248 259
259 25
182 241
31 180
53 243
32 115
265 10
63 88
268 82
88 185
93 220
270 133
50 69
104 180
175 181
90 177
10 187
32 158
74 251
108 263
79 123
213 236
15 168
270 213
20 273
226 258
266 68
37 47
51 63
231 265
190 252
254 169
25 38
92 134
175 197
272 138
62 119
49 83
159 253
253 176
143 177
30 204
88 258
104 174
135 162
261 127
255 77
127 224
130 214
14 23
83 126
65 207
265 143
94 190
162 174
18 136
274 242
94 209
6 247
11 127
144 158
73 195
55 200
8 99
162 189
48 229
3 117
236 263
225 235
1 31
132 196
182 190
85 214
93 99
53 178
31 272
24 209
252 118
211 268
117 245
52 207
253 204
15 46
88 254
196 256
92 235
2 67
114 256
63 196
17 103
265 273
140 212
202 254
250 15
69 266
60 75
41 243
258 18
253 119
120 237
56 222
264 12
108 225
180 217
257 53
263 249
194 209
2 17
90 239
147 218
146 250
251 137
141 259
154 158
54 137
251 122
72 80
142 174
210 244
140 146
260 190
262 161
43 207
152 240
90 148
24 165
153 158
49 126
63 240
157 266
183 184
25 30
269 112
92 273
274 193
149 265
162 199
259 209
215 228
163 167
212 260
244 255
8 162
4 129
72 120
0 127
200 205
0 115
262 146
92 144
106 237
15 201
100 267
105 210
255 90
5 76
35 237
266 217
29 84
258 231
154 196
6 61
244 264
257 23
31 47
3 27
40 103
263 197
158 170
262 191
26 259
218 239
36 222
258 8
24 112
53 102
79 184
139 221
129 153
27 75
74 106
94 270
203 231
208 250
34 262
209 216
2 33
261 97
124 126
0 26
81 159
213 267
51 157
27 139
126 180
107 199
144 159
117 149
23 92
73 218
153 170
48 64
120 272
95 225
266 39
117 175
24 272
49 74
208 221
172 197
1 266
195 220
22 30
87 140
53 76
93 101
110 261
251 101
12 234
24 40
140 257
202 260
77 238
6 136
3 256
222 224
115 179
5 138
162 219
50 216
67 77
59 231
132 161
36 87
259 76
259 140
264 247
67 186
120 150
78 152
7 226
49 88
234 254
5 56
44 114
128 165
254 239
64 176
29 73
232 267
87 226
253 18
93 169
256 161
187 219
106 115
263 190
174 271
100 232
217 220
15 191
130 151
83 226
9 247
89 176
256 60
19 210
103 273
58 244
100 175
0 71
262 209
257 89
63 212
19 80
12 84
34 227
3 47
30 186
110 274
206 252
213 252
257 129
52 262
257 104
145 207
55 102
255 64
186 272
108 224
90 261
273 238
3 239
240 268
175 244
267 13
234 246
221 227
62 177
55 204
46 211
190 273
70 235
23 229
175 259
175 212
48 204
41 107
258 234
127 212
31 125
110 154
59 140
262 185
4 259
16 55
125 189
203 252
112 210
17 29
86 101
17 257
268 9
68 113
118 272
270 62
104 156
185 248
180 238
129 255
86 232
43 141
255 134
264 212
77 198
44 105
148 207
58 237
73 232
70 117
91 209
39 237
36 175
51 66
124 214
260 102
72 112
203 221
218 241
191 238
251 235
59 267
268 130
272 85
41 185
18 246
22 47
112 238
64 208
3 162
103 214
3 25
27 109
72 151
232 273
87 200
178 204
37 119
106 213
77 167
30 144
33 262
14 95
24 161
250 95
170 273
100 131
39 45
140 273
143 272
256 236
0 91
163 209
82 162
11 176
178 265
54 134
133 145
66 75
39 181
110 161
94 199
88 243
18 201
128 242
15 160
269 126
36 141
51 140
24 79
273 134
1 232
86 169
92 166
232 266
262 182
221 241
274 161
24 133
32 87
76 78
44 240
104 151
260 8
256 199
180 269
141 158
65 212
13 274
33 247
75 256
21 140
157 188
41 141
140 166
56 127
189 251
132 151
187 208
1 5
74 107
48 149
271 187
23 25
66 271
26 29
181 200
54 141
185 195
198 208
28 54
210 262
79 139
123 179
132 167
105 165
258 102
67 216
64 85
112 236
52 66
68 96
138 175
202 265
44 63
166 261
209 247
263 110
92 269
78 110
216 259
31 167
91 219
273 47
260 82
261 152
170 187
57 198
77 214
97 202
14 50
1 254
178 251
19 180
99 177
160 247
83 105
13 117
271 215
73 214
262 204
126 168
71 262
17 87
73 270
115 118
29 250
104 140
259 197
48 169
133 227
134 160
154 179
54 181
124 263
145 182
127 154
181 207
34 112
187 269
49 232
54 84
27 239
258 10
35 193
252 125
103 163
66 99
124 188
219 229
258 81
8 29
44 207
51 138
118 256
19 260
0 138
2 224
35 67
160 187
261 180
120 230
108 140
254 68
266 158
170 171
70 106
166 268
47 260
127 265
92 103
24 152
161 175
253 256
124 227
69 96
38 263
163 233
66 134
183 254
271 168
179 229
4 77
187 221
88 112
101 149
94 155
4 211
16 164
147 206
50 263
62 249
156 172
44 170
152 209
27 116
150 200
64 147
43 150
37 262
119 221
169 268
174 241
53 82
156 218
260 196
94 183
42 151
210 230
60 190
87 261
53 68
142 232
174 209
45 128
165 219
265 40
62 186
8 235
151 231
179 238
33 194
220 242
103 177
48 203
11 226
10 267
86 250
166 192
110 208
75 208
156 257
77 93
88 147
1 77
269 152
180 213
169 247
67 272
66 148
52 125
40 227
32 137
99 233
62 262
203 220
131 193
164 255
42 262
175 263
9 51
252 10
33 190
272 2
77 270
264 255
76 99
227 268
143 187
209 256
190 244
193 269
96 141
46 144
90 241
101 219
41 171
130 188
41 156
119 173
226 227
63 140
6 254
157 159
27 263
56 252
107 248
122 256
67 115
260 134
167 225
163 265
124 266
97 196
32 216
271 64
264 105
45 247
24 191
253 157
25 155
178 259
11 90
273 18
16 33
274 51
42 231
250 212
100 225
115 273
29 242
173 214
190 269
87 207
32 244
47 175
134 249
255 6
261 51
24 107
221 259
253 50
155 254
178 255
64 263
3 273
10 25
47 108
87 265
251 51
133 143
129 164
122 246
146 231
171 176
72 228
3 31
155 162
264 169
47 192
38 172
23 252
28 106
37 171
244 273
31 264
21 165
86 112
91 189
251 2
74 109
116 242
174 219
260 86
87 258
270 89
86 256
15 62
262 136
106 253
272 11
22 76
90 220
217 254
47 194
157 183
60 71
40 57
257 87
24 114
86 201
68 204
32 56
54 115
114 274
87 91
75 234
272 215
98 122
199 203
54 77
250 88
106 189
47 158
34 135
0 131
0 185
145 161
3 35
124 267
195 213
64 273
84 236
34 240
28 73
15 261
270 183
36 250
32 247
11 87
188 236
250 51
81 182
106 180
32 61
94 251
15 170
49 167
175 211
124 258
62 107
137 227
40 238
256 11
136 230
259 274
75 231
0 216
102 141
111 205
143 236
103 251
42 111
33 89
45 174
135 221
81 163
4 16
257 50
106 125
88 172
105 267
25 69
89 216
192 202
133 251
104 189
133 203
148 213
262 247
118 149
98 126
175 267
18 110
144 265
61 169
30 116
257 41
123 220
261 234
175 203
161 186
1 24
105 203
44 92
132 206
25 101
161 229
93 157
73 120
47 164
91 117
9 264
61 103
84 141
113 138
33 163
112 144
11 181
22 38
144 183
263 66
2 94
56 182
0 62
190 259
97 123
104 195
98 164
18 229
61 188
54 95
252 2
71 82
92 223
27 220
63 147
72 96
272 200
214 241
25 243
55 144
10 122
74 148
70 85
269 259
151 225
1 170
117 263
94 215
81 260
142 252
46 58
66 229
45 98
72 143
32 71
11 164
38 163
34 149
63 141
47 250
14 194
210 223
263 146
153 159
2 187
263 157
75 171
251 230
84 98
15 214
192 211
50 220
1 157
268 2
16 36
73 259
91 235
198 235
273 100
57 238
6 161
199 261
37 51
80 199
29 34
42 264
198 211
100 193
69 205
46 151
265 237
274 111
259 86
13 34
29 142
0 149
259 171
255 152
31 148
265 194
37 62
230 242
96 225
75 217
257 10
109 194
205 266
162 243
159 183
91 250
273 108
261 68
148 176
110 205
170 192
264 245
2 195
85 274
104 198
144 160
46 201
117 251
42 146
187 242
261 131
99 203
131 229
100 226
37 149
3 51
20 26
189 247
212 259
111 185
172 244
70 112
264 227
221 237
33 168
272 228
11 139
197 201
75 153
80 113
179 197
136 169
89 233
79 211
71 164
73 79
272 224
79 110
88 136
149 264
9 61
106 163
252 185
265 108
6 167
49 125
89 174
0 262
43 113
80 172
241 250
51 197
144 223
60 237
152 161
214 247
35 206
46 266
118 122
106 238
172 273
137 166
218 262
141 274
66 180
131 177
250 97
3 8
67 70
262 265
103 258
129 252
21 159
44 164
126 268
21 129
184 206
42 141
60 111
167 248
114 168
56 159
42 121
84 252
52 93
40 162
82 142
213 215
15 83
153 206
137 157
175 225
21 130
35 170
37 154
97 114
32 231
118 216
58 165
264 221
33 152
109 226
35 151
23 129
208 225
64 250
60 201
197 243
117 178
87 260
273 233
146 167
26 108
119 256
179 204
56 194
15 147
30 232
147 248
75 127
268 46
8 238
138 147
74 267
109 181
166 173
257 64
12 64
96 147
39 142
145 159
150 184
135 272
84 225
262 113
260 33
10 88
271 79
183 248
30 202
57 155
261 163
148 263
84 88
84 106
258 19
139 211
273 42
10 262
15 213
119 124
262 58
52 217
150 216
20 37
221 266
54 74
259 118
96 215
63 110
52 144
55 76
3 111
113 199
268 245
272 6
123 251
8 72
130 234
121 233
203 229
90 218
93 245
27 181
93 182
101 104
86 138
130 258
111 151
253 98
163 251
6 185
53 211
78 125
270 117
208 219
45 175
34 107
109 274
46 147
72 236
34 116
157 203
4 132
56 220
132 198
53 193
259 67
259 36
195 272
130 237
49 117
2 124
260 15
49 139
118 267
95 106
35 83
0 137
32 235
225 234
87 197
132 208
193 261
215 219
149 258
79 176
134 175
39 107
251 97
55 240
96 107
252 43
114 266
35 198
104 133
89 171
118 185
92 158
220 236
138 249
40 139
40 233
81 131
77 227
79 142
96 235
50 107
207 209
28 251
138 259
11 92
168 186
240 267
96 106
10 108
83 273
177 262
224 268
10 91
61 192
39 64
146 207
60 272
52 229
115 219
65 188
250 81
107 135
148 151
45 242
20 130
181 267
262 74
69 239
65 214
240 269
178 179
86 139
124 144
15 238
212 274
115 164
10 142
54 150
85 87
147 205
269 214
250 233
44 145
94 129
91 100
51 242
255 67
160 223
261 147
1 224
66 154
6 35
70 169
59 72
65 94
157 215
114 167
20 271
149 219
10 206
58 178
35 268
262 8
257 66
271 194
270 18
238 266
179 245
174 218
49 121
163 217
33 164
264 64
73 81
259 234
124 249
208 266
77 256
159 259
28 63
219 227
223 237
27 29
96 137
67 149
38 80
13 66
86 168
186 247
56 134
40 82
65 73
120 261
30 260
57 116
28 201
74 237
104 130
145 250
14 52
89 198
98 240
257 158
268 123
17 204
131 250
56 100
93 215
55 208
268 89
88 192
28 150
12 213
230 239
58 266
47 96
81 142
3 12
52 176
172 207
260 224
71 166
58 239
96 127
83 219
129 138
82 190
36 149
262 171
198 267
16 118
125 217
63 161
3 92
16 250
77 107
1 10
27 47
44 213
28 124
4 190
17 78
12 44
48 55
162 204
76 196
271 72
231 237
188 213
250 13
17 162
64 180
261 72
93 216
57 241
266 226
36 171
94 130
50 261
1 83
5 264
106 246
28 165
70 187
97 245
93 232
130 228
19 27
249 256
63 175
68 100
49 217
16 134
36 239
182 232
66 219
31 198
124 250
4 72
40 220
177 245
61 239
12 173
16 270
106 150
269 22
39 194
72 255
86 219
87 142
18 62
44 111
81 202
272 252
71 260
134 263
114 246
12 260
40 191
26 127
32 226
8 81
172 214
263 223
40 55
204 230
85 210
2 148
57 98
264 50
262 40
58 208
137 146
273 188
2 168
133 262
33 59
253 141
270 202
153 180
105 141
173 254
98 262
178 207
21 196
227 262
88 260
253 149
205 233
34 203
252 104
50 65
22 73
260 163
112 181
56 189
7 266
74 127
267 251
207 259
164 236
66 96
48 193
244 262
11 243
9 164
43 53
23 236
89 102
76 101
0 220
40 124
51 85
55 121
7 186
67 142
9 252
151 195
159 207
258 166
73 75
159 174
52 187
120 195
145 235
122 273
168 197
216 264
96 118
178 239
25 168
177 211
57 131
89 243
62 68
100 115
71 78
34 221
10 212
70 250
53 155
3 17
32 103
72 73
158 262
32 76
22 99
181 270
49 198
19 270
74 141
60 130
132 221
204 227
267 171
151 155
46 68
8 211
172 217
28 222
41 54
81 140
257 79
44 136
242 244
261 60
75 237
13 237
64 202
270 21
250 7
57 205
24 233
7 59
67 136
80 202
33 214
125 127
232 251
5 245
103 262
228 266
31 134
185 205
38 47
146 252
135 258
145 238
83 174
202 209
141 232
1 253
132 243
40 74
45 232
192 259
158 273
86 127
272 75
15 55
57 86
266 189
118 244
65 255
193 255
215 267
115 215
96 98
53 148
201 222
151 222
58 155
62 73
8 181
19 103
44 152
233 234
63 266
136 239
274 124
28 234
118 224
131 185
187 227
209 240
59 180
100 157
249 252
261 65
76 161
10 52
112 229
54 88
64 233
89 235
51 184
20 201
265 113
30 188
92 178
118 170
105 148
252 223
107 157
69 199
269 203
22 247
245 272
163 266
133 167
8 120
115 160
58 220
148 181
127 229
96 258
9 10
128 196
79 82
197 200
64 254
20 24
20 209
42 247
3 242
176 240
29 75
15 153
162 259
63 178
45 205
122 178
88 104
87 103
75 163
115 261
159 162
266 186
55 230
121 125
85 100
141 248
79 150
267 230
177 224
254 76
254 95
111 130
17 65
83 186
143 158
41 224
92 179
237 274
53 273
32 194
68 209
266 32
146 261
65 107
46 243
40 257
94 194
274 244
267 34
81 105
183 240
42 106
62 200
258 97
81 257
138 189
19 185
144 175
3 85
82 225
262 162
18 22
65 162
7 254
50 198
75 107
26 225
220 250
141 237
149 196
182 237
98 231
98 257
63 254
11 29
112 261
66 147
63 90
75 223
42 131
184 203
111 140
269 220
8 138
223 238
209 253
49 223
170 257
270 136
271 152
266 20
47 98
48 215
142 209
163 249
77 137
17 183
256 33
47 117
139 273
25 192
43 186
5 161
94 210
146 199
96 142
110 227
130 218
251 196
69 158
26 72
271 211
117 152
169 221
14 101
52 265
92 146
159 248
59 260
17 135
77 79
127 158
45 244
35 95
195 219
25 107
40 64
58 233
105 143
254 54
49 114
159 197
23 228
104 114
106 203
64 76
49 199
14 139
11 100
96 122
58 161
36 130
266 178
211 272
253 104
139 199
10 109
116 269
111 177
34 75
140 197
22 265
44 192
274 222
128 271
98 102
3 259
48 266
181 203
82 214
96 151
191 261
16 45
141 216
268 199
79 187
11 123
53 200
246 262
22 159
197 198
262 91
261 206
222 266
144 162
7 51
265 166
9 92
155 240
257 118
31 257
78 121
142 216
265 183
263 194
192 266
131 196
96 158
21 23
154 168
27 134
43 183
145 202
236 272
104 202
103 219
273 96
234 264
48 58
100 206
96 255
77 271
133 163
274 16
87 139
102 243
270 34
132 216
57 243
177 207
69 108
100 162
14 54
1 86
44 116
29 72
134 202
156 224
105 166
25 166
236 253
131 175
254 117
237 256
103 125
50 124
264 68
2 246
263 35
77 141
150 158
119 172
20 95
36 252
77 86
257 135
132 263
73 76
21 239
11 125
202 267
184 241
37 79
62 105
169 197
68 217
269 122
231 248
118 145
159 165
23 37
80 144
61 139
100 142
40 79
33 52
30 148
110 270
88 121
70 232
24 25
25 111
31 251
210 222
49 190
250 49
35 115
28 91
77 240
109 128
28 157
84 239
106 198
77 273
61 207
266 245
267 123
177 193
250 236
271 166
84 238
14 108
208 248
259 202
35 239
39 127
47 255
257 214
78 169
189 201
264 172
44 156
169 243
52 67
272 144
152 246
215 273
158 245
15 217
33 186
54 120
8 13
80 100
151 209
118 155
65 69
11 216
271 46
75 104
133 247
82 244
198 249
143 235
261 54
63 224
105 155
125 231
127 153
235 250
11 158
19 99
0 180
178 243
12 199
136 208
29 203
263 219
181 260
201 248
262 48
99 166
273 195
33 176
110 212
120 158
70 270
261 129
142 266
64 106
258 21
17 242
70 194
204 217
201 270
148 183
194 248
270 96
159 234
9 260
30 210
20 141
181 238
88 173
65 146
256 16
111 157
271 17
202 221
33 42
14 142
33 249
91 236
259 199
173 238
80 129
252 154
8 96
24 99
93 138
16 42
9 77
79 168
121 220
52 54
16 130
54 185
106 166
85 125
262 1
24 89
23 267
198 224
17 154
265 89
170 226
73 263
128 187
139 242
93 269
39 83
35 208
263 137
59 157
186 191
78 224
25 145
130 155
16 29
193 220
82 171
68 267
254 171
141 194
65 72
179 210
139 197
138 141
90 213
0 113
163 264
135 179
205 222
177 229
82 265
36 199
269 44
131 155
194 246
64 199
108 240
69 181
47 95
183 206
257 154
255 118
94 157
79 100
251 186
72 193
184 209
72 256
261 3
107 204
194 239
101 167
213 221
128 211
95 242
209 252
136 157
260 104
176 207
258 60
106 217
20 153
130 167
50 175
20 126
115 256
29 205
265 19
0 197
31 194
117 133
260 182
253 225
62 115
75 110
122 130
102 202
21 96
31 154
31 42
34 257
2 218
11 45
135 210
68 151
256 227
147 203
273 132
86 209
84 247
264 257
9 78
47 262
82 213
43 117
119 176
6 232
38 92
267 6
67 267
43 129
52 163
174 228
151 193
132 182
91 113
58 150
184 213
93 109
130 177
4 274
157 187
224 243
29 179
21 250
116 264
11 20
100 180
112 226
101 238
171 175
148 154
89 252
11 250
58 251
272 204
20 44
261 244
153 157
72 87
150 187
33 37
170 207
110 163
267 42
47 77
38 244
155 197
28 212
23 132
10 186
132 212
181 212
10 43
266 214
107 117
90 233
186 214
115 186
254 237
109 140
125 160
0 4
99 146
270 235
119 164
47 102
133 137
99 144
24 234
247 258
78 197
173 178
55 61
37 126
241 271
121 266
263 106
22 72
65 218
36 147
65 119
122 145
6 135
121 226
24 146
121 218
135 211
150 191
166 234
254 42
48 113
26 171
114 227
273 24
46 273
81 217
0 106
137 243
66 76
20 40
112 138
52 96
174 261
0 194
17 206
261 73
160 256
14 131
187 250
72 246
171 179
104 236
258 163
100 140
100 189
37 209
1 47
185 274
44 247
95 206
120 156
64 156
260 197
98 99
179 201
132 195
28 167
135 192
109 245
26 180
102 106
264 121
61 84
30 163
36 160
23 75
0 215
28 178
11 137
51 117
67 242
92 118
227 229
24 256
27 30
108 237
50 82
14 73
198 207
20 213
106 209
7 40
39 116
191 259
151 219
132 262
4 215
69 230
62 163
261 45
272 172
73 131
9 208
46 179
272 201
99 158
208 226
129 132
3 107
73 136
51 98
251 141
32 53
260 214
184 190
4 119
250 143
30 236
15 205
240 271
71 152
262 41
264 58
71 162
157 248
102 229
162 203
60 167
11 31
77 97
92 230
1 183
251 42
164 232
41 90
143 194
273 58
95 183
27 96
202 253
35 51
57 196
4 154
90 230
130 199
89 130
257 123
143 267
253 77
119 215
51 248
71 216
266 185
33 237
270 26
5 249
151 246
174 194
274 52
166 179
164 213
255 205
110 156
141 156
99 142
64 91
33 101
268 57
98 119
40 132
15 182
254 231
40 118
250 100
74 234
261 248
93 255
267 83
168 215
175 252
187 228
267 159
52 72
42 149
100 207
36 207
65 164
60 262
168 229
98 110
48 180
103 194
254 177
193 250
75 164
39 227
84 145
67 188
107 267
115 185
134 144
162 218
0 134
250 23
43 144
109 169
173 192
265 80
157 219
265 123
194 273
274 162
44 88
9 245
25 104
73 243
137 269
83 144
62 220
71 196
23 196
25 146
83 181
13 130
220 227
69 122
6 106
91 185
69 261
262 115
8 11
95 249
26 150
41 228
134 235
118 129
57 71
51 204
112 152
260 34
46 160
12 259
167 209
150 234
110 128
73 172
260 13
10 181
74 220
38 97
67 265
169 222
183 202
45 67
41 131
147 176
51 143
44 61
66 199
14 229
135 174
88 132
67 253
7 248
60 154
14 172
98 149
104 259
14 133
189 207
254 258
80 132
4 139
140 219
193 218
114 222
99 236
99 273
71 107
89 91
144 185
137 186
251 225
258 145
110 230
175 247
104 177
69 194
94 257
52 128
62 244
161 231
121 227
57 170
62 167
81 123
219 228
6 213
71 170
269 70
229 270
71 155
79 220
175 253
58 135
127 270
171 252
24 153
29 134
57 96
184 271
67 212
76 235
130 180
74 161
149 191
21 120
3 218
143 189
15 190
79 253
94 233
94 203
127 207
5 262
38 151
83 268
37 232
78 190
114 218
54 172
270 125
270 83
16 206
107 197
40 171
0 122
8 14
152 244
137 203
104 144
72 229
233 243
228 245
31 35
137 257
38 115
68 82
251 91
114 226
81 225
7 212
124 185
58 175
266 139
208 228
107 237
96 260
204 242
136 218
57 179
40 68
157 197
84 175
28 60
59 230
48 65
16 189
124 202
91 144
51 168
1 216
33 81
9 210
4 217
170 194
22 49
268 16
267 242
148 159
253 62
22 50
207 234
3 191
9 259
148 225
71 108
123 228
136 212
165 268
250 17
42 177
252 238
41 218
85 151
103 252
122 198
77 163
251 85
25 261
65 222
75 200
6 189
120 274
178 185
50 182
74 231
29 133
62 247
41 196
78 114
267 269
151 235
124 218
76 236
227 246
250 211
269 208
188 199
57 257
76 238
156 186
35 202
84 218
82 96
92 102
77 83
254 216
154 262
108 260
255 29
41 51
106 269
36 262
271 242
101 207
31 77
138 252
113 239
256 203
119 144
22 52
164 228
110 124
16 269
207 211
5 204
144 190
90 198
49 66
4 51
266 72
164 223
21 51
270 2
162 266
67 246
273 179
5 81
95 126
1 191
65 145
262 67
206 237
160 260
127 208
67 202
71 267
22 136
44 168
207 248
42 97
161 241
142 225
97 242
58 186
23 177
84 181
211 261
1 21
191 218
147 256
26 252
128 269
67 183
187 237
241 272
255 151
91 267
66 133
123 194
264 70
211 269
39 235
3 113
0 94
121 253
85 246
89 154
39 193
80 128
189 259
92 226
118 271
265 140
51 260
62 140
256 34
25 202
196 216
25 194
105 257
64 191
212 245
108 206
126 250
108 197
25 167
18 123
92 157
85 148
89 186
73 182
265 58
135 265
77 91
269 32
141 249
138 159
134 189
13 194
0 57
6 165
233 241
75 131
1 58
258 242
9 72
266 97
78 105
273 199
35 266
17 68
267 151
267 27
92 161
6 26
178 268
223 253
24 187
258 77
0 44
29 212
121 228
88 183
8 243
15 85
75 85
100 133
95 215
251 3
259 228
139 178
154 188
31 190
4 60
36 201
145 274
80 107
128 273
134 214
103 272
43 180
82 172
1 64
62 257
246 255
40 117
59 222
154 247
81 265
36 101
132 239
45 170
116 211
123 206
271 148
123 247
47 139
268 120
109 223
20 225
125 208
103 253
82 239
101 247
61 148
20 97
26 235
79 171
273 50
91 124
168 223
135 163
114 271
253 102
30 259
22 144
17 147
57 135
102 184
3 226
271 249
79 156
255 45
190 257
63 202
112 184
220 232
258 115
231 246
48 73
10 208
88 231
1 211
5 64
206 242
64 134
253 151
44 104
250 142
53 221
104 158
155 160
120 223
76 141
134 162
7 269
86 133
109 134
269 161
51 245
44 82
252 95
142 185
45 195
75 135
89 124
164 198
153 231
256 165
84 96
19 206
264 144
124 233
268 91
219 240
68 107
43 74
17 227
3 150
270 200
59 272
77 102
8 130
35 167
23 38
48 256
261 84
259 215
252 111
35 153
254 41
26 31
102 274
143 251
137 153
270 68
178 223
18 159
5 58
32 140
259 62
258 133
121 127
191 192
40 137
163 229
24 254
99 253
150 172
30 234
119 222
116 185
124 128
65 176
112 117
47 246
34 111
64 164
136 227
137 161
123 209
0 52
111 194
18 259
271 233
21 167
193 215
186 240
47 133
130 219
56 260
270 175
147 162
28 43
31 104
257 196
50 167
203 224
173 185
57 106
39 87
270 111
106 149
19 41
16 239
101 114
29 214
135 183
8 269
88 116
112 185
93 260
250 57
46 82
3 203
95 207
207 215
65 191
96 224
260 149
250 176
46 251
62 154
192 194
260 219
21 81
174 202
101 196
99 124
50 109
47 233
88 251
14 37
169 195
0 105
8 173
125 247
29 158
35 264
245 253
102 114
49 82
102 230
95 216
235 272
44 239
233 235
159 262
116 255
107 161
80 238
261 121
270 261
168 205
210 231
81 116
266 210
256 235
12 252
25 57
129 186
76 136
19 141
2 146
40 90
125 260
25 222
3 216
71 269
80 187
55 148
34 97
254 12
8 266
269 113
80 216
144 209
107 198
22 61
69 215
176 242
1 177
38 79
127 231
75 118
21 141
71 239
173 256
21 137
260 221
207 212
69 220
15 22
180 186
163 227
88 162
124 170
263 180
48 109
77 166
265 70
117 221
232 240
158 226
142 254
5 234
38 272
46 69
2 83
82 116
230 258
270 54
18 51
182 249
144 254
0 7
83 218
125 137
85 217
87 150
219 222
136 196
48 83
187 188
34 273
129 210
10 117
54 149
9 133
70 87
126 181
50 97
262 69
25 149
15 86
128 157
99 274
8 70
42 49
77 244
46 198
89 152
182 189
119 245
18 176
224 244
83 90
41 48
190 202
185 244
153 163
48 59
22 109
238 260
136 207
67 196
195 197
15 256
46 61
117 136
251 71
260 187
78 100
38 189
265 1
112 224
2 203
229 245
256 126
128 252
173 274
122 208
258 90
76 81
0 25
106 142
6 149
4 260
1 23
42 160
60 265
21 135
28 210
139 250
11 246
184 242
26 126
74 125
274 47
85 106
87 180
34 198
21 100
254 53
98 259
157 182
47 99
8 165
15 142
45 164
210 261
49 187
72 121
119 130
86 267
65 249
34 201
9 233
176 262
101 229
206 271
134 150
37 43
32 209
189 271
73 226
11 167
30 256
265 218
38 218
85 247
32 273
6 15
121 231
140 225
11 80
130 197
65 247
51 153
29 87
123 153
191 197
44 89
47 97
126 255
69 121
39 152
17 86
85 261
68 195
130 221
97 205
246 271
132 188
170 186
82 204
85 117
125 221
72 75
103 166
62 237
147 254
78 209
30 242
109 139
17 253
70 94
35 250
100 274
23 71
31 261
147 180
139 204
2 269
185 264
273 196
60 224
46 274
104 266
251 55
168 184
107 138
121 124
97 220
124 130
162 225
69 268
92 215
152 219
51 155
111 144
171 243
10 30
71 91
268 148
53 95
263 242
93 210
98 161
105 269
101 131
37 243
13 220
77 121
5 180
213 242
96 208
150 162
0 89
76 249
90 95
235 252
50 241
24 128
250 109
16 153
93 202
96 117
25 251
220 229
146 182
58 61
55 130
269 191
82 158
264 242
61 252
9 29
54 125
9 118
35 227
267 155
198 203
22 56
48 246
256 91
265 115
116 178
270 254
207 241
105 211
10 118
191 245
89 179
232 250
272 133
31 267
150 232
13 248
103 240
163 256
41 111
16 32
151 237
247 251
7 231
23 74
11 271
143 146
65 250
89 246
90 259
51 213
43 161
76 189
73 221
39 119
100 220
76 91
10 167
171 222
128 226
70 138
16 196
175 250
60 153
193 229
63 102
27 39
191 268
45 84
59 198
26 206
146 265
264 211
62 210
16 88
144 173
49 133
19 50
133 220
36 188
15 198
159 254
22 233
124 195
270 241
76 269
258 94
56 141
164 208
112 113
20 270
217 241
263 215
147 209
264 200
73 219
194 254
13 270
265 59
268 168
273 72
178 193
37 139
47 50
31 163
81 130
84 89
3 45
255 44
254 272
2 79
175 183
4 207
260 245
192 257
158 265
265 188
80 220
126 151
193 206
137 215
6 128
31 80
173 247
260 99
0 110
255 163
0 163
9 71
62 108
71 72
101 148
24 96
160 217
247 271
87 163
33 229
12 32
10 211
132 257
19 235
82 84
102 165
23 259
180 234
63 170
55 196
84 257
14 94
173 266
117 165
19 245
271 90
20 39
108 261
114 208
260 132
255 128
146 234
30 251
264 174
270 28
33 92
183 197
85 108
193 252
269 177
23 51
7 86
131 178
10 172
92 143
54 107
13 31
105 175
24 91
37 260
160 207
196 247
64 127
59 252
264 137
135 165
162 230
216 258
205 253
84 240
9 74
92 110
0 107
256 105
270 251
42 59
136 190
6 44
260 192
23 183
18 225
204 251
111 189
125 158
190 197
56 132
131 176
155 272
16 137
261 86
28 172
147 193
161 227
38 111
65 136
178 262
42 77
35 74
52 154
72 213
41 192
32 37
52 220
106 205
96 169
253 84
31 106
41 154
137 189
4 210
116 135
274 182
6 102
71 99
83 112
111 171
187 254
19 67
47 67
190 258
221 231
256 61
155 217
31 74
143 217
158 185
89 125
1 156
12 215
76 243
30 111
50 159
162 237
123 233
74 179
122 142
191 231
258 268
267 29
184 238
254 14
22 164
26 128
21 164
0 20
184 195
265 120
69 253
73 146
258 217
175 202
198 238
258 48
31 63
270 194
