14 44
9 47
50 44
1 28
30 43
35 55
25 59
45 59
35 59
54 15
13 15
57 3
10 20
23 32
40 42
48 43
9 28
59 2
18 47
51 2
3 48
26 43
31 34
49 39
51 32
50 38
23 54
46 33
13 58
0 52
41 49
45 21
19 58
39 58
14 56
52 7
45 44
17 40
1 6
56 34
20 34
52 36
45 35
48 33
29 55
58 29
29 31
12 56
24 38
0 22
11 33
54 11
58 45
37 57
51 36
47 59
57 18
7 31
17 51
58 35
13 29
50 7
27 28
10 13
46 20
6 52
56 25
11 31
21 52
15 39
48 20
56 1
29 33
48 44
37 56
43 52
48 16
7 38
58 11
10 22
38 45
20 44
50 31
15 32
14 38
4 15
46 16
50 42
15 20
5 34
57 42
14 58
31 58
11 14
4 32
0 36
7 23
50 58
1 52
59 9
23 39
55 23
25 58
49 19
51 44
46 28
1 12
31 43
38 56
36 45
39 57
19 33
22 56
59 5
0 42
18 46
2 36
56 7
41 51
0 49
10 11
27 40
37 45
53 44
11 16
57 13
9 12
56 20
3 42
45 15
0 21
32 56
23 47
51 59
29 49
55 28
4 18
47 25
0 19
58 16
11 27
45 39
9 43
0 45
51 24
0 8
33 42
9 37
2 10
53 20
46 2
50 54
15 57
51 37
54 6
50 34
40 50
51 15
37 50
57 11
7 32
13 53
55 14
12 58
13 34
14 25
29 53
38 57
22 27
17 30
18 43
27 36
53 59
54 22
40 41
16 40
40 59
7 35
1 31
27 46
39 59
45 17
27 50
27 52
55 33
37 43
47 31
8 20
28 34
56 27
23 57
21 35
3 45
57 30
26 30
4 19
3 38
48 22
16 43
34 48
32 50
21 38
48 4
56 40
39 54
0 4
56 44
6 34
35 50
26 40
4 16
8 22
53 19
57 9
25 49
14 47
50 10
30 47
23 27
39 50
39 41
51 52
5 13
11 46
24 48
6 59
