2 9
16 18
33 36
20 32
12 39
25 34
1 7
3 5
35 3
2 32
31 35
34 4
2 28
8 16
0 15
10 35
20 36
10 28
6 38
35 23
7 19
3 33
0 4
39 19
26 32
35 24
24 29
15 36
10 39
34 24
23 38
39 24
22 30
33 34
10 12
8 24
3 37
37 28
11 13
5 13
13 17
20 25
17 33
12 33
19 37
6 28
38 5
27 33
23 35
4 37
3 10
4 24
22 32
4 12
12 27
5 26
22 36
36 17
4 11
29 30
1 18
30 35
19 24
0 33
3 6
11 18
6 37
38 17
1 2
14 19
8 13
10 17
39 4
38 16
22 23
24 31
14 31
7 28
4 20
34 12
5 21
30 33
17 28
14 24
39 23
16 17
13 18
25 38
26 29
6 13
34 22
34 18
36 12
10 15
6 24
6 33
25 27
26 36
26 28
1 23
34 14
38 7
35 6
25 30
20 31
16 24
13 31
7 10
7 18
15 30
11 25
4 7
39 22
35 0
20 23
0 29
16 20
35 10
9 20
9 35
6 30
0 39
9 31
34 21
3 32
39 2
18 33
5 8
7 11
23 29
12 15
34 11
11 29
14 21
3 30
9 28
5 11
9 14
10 11
39 25
24 28
13 14
13 38
2 39
11 20
31 38
39 10
7 20
8 10
37 29
1 31
26 27
31 36
7 33
12 25
36 2
16 39
30 34
3 31
39 35
6 9
35 31
1 9
37 31
15 24
0 1
4 32
35 26
13 19
1 35
24 34
36 3
20 21
8 17
16 30
8 11
7 39
36 22
6 16
38 13
39 32
28 38
38 0
15 23
39 13
9 36
13 21
17 35
37 26
34 29
25 37
4 35
20 29
25 39
