29 74
97 135
125 206
153 234
16 145
9 90
10 86
19 230
9 39
140 258
134 232
123 161
129 247
156 196
159 173
71 127
163 250
2 154
82 197
235 261
237 251
69 73
19 176
165 231
73 235
73 251
13 203
165 234
64 186
3 141
269 5
273 181
136 239
6 191
18 144
268 273
200 256
115 145
4 261
142 215
24 247
186 220
106 201
56 177
92 191
62 71
137 244
245 256
147 267
24 94
235 260
82 108
9 144
3 94
188 201
56 105
251 258
52 120
138 155
133 256
74 265
118 146
0 171
61 272
13 255
9 102
4 274
24 58
239 243
7 186
89 178
198 225
172 176
137 241
58 107
74 187
72 274
85 188
270 157
135 211
166 237
66 109
79 204
41 261
66 212
26 157
109 205
101 153
84 231
162 169
11 207
93 238
41 218
157 193
24 274
57 145
147 175
101 114
161 176
26 186
274 228
139 232
269 22
260 270
62 229
64 266
137 273
3 28
129 223
69 156
40 57
63 66
183 217
94 144
58 152
26 168
32 56
274 10
255 257
269 253
91 164
130 173
91 116
148 191
62 97
134 192
45 182
234 238
156 188
126 219
117 132
17 64
162 183
148 226
194 222
158 254
17 136
96 104
141 155
249 263
66 237
155 225
5 117
270 102
137 168
272 52
78 88
91 197
69 259
235 255
53 133
159 166
146 190
45 180
178 198
192 234
51 230
124 266
100 208
272 220
26 153
214 217
12 84
32 153
14 17
121 157
68 91
159 234
87 108
63 98
119 274
39 166
30 97
108 224
100 241
33 72
98 146
118 255
176 234
120 185
50 224
33 66
51 150
56 59
76 96
203 218
273 140
80 201
42 124
53 231
26 176
219 222
36 67
6 233
31 173
43 208
274 116
147 244
185 235
9 117
193 264
11 174
57 61
140 268
5 85
229 235
197 200
42 87
20 186
35 94
152 227
72 92
47 76
93 245
25 72
147 159
158 211
246 252
18 202
83 176
14 21
192 237
222 262
51 178
262 270
45 72
60 151
47 204
74 114
166 190
11 147
6 64
216 253
70 85
177 212
147 241
26 214
110 177
100 266
158 212
123 177
73 135
60 270
19 161
25 89
62 66
273 216
185 195
68 189
218 222
139 202
54 97
31 39
37 226
200 240
105 272
43 233
23 169
113 266
137 159
144 259
22 205
34 269
132 252
80 249
31 235
160 224
177 259
176 242
52 165
233 252
104 152
155 208
139 169
165 246
37 242
22 124
123 147
201 240
12 189
26 249
273 253
194 213
121 264
12 194
5 70
89 126
92 163
33 89
120 228
39 127
29 51
87 214
104 259
204 232
140 221
45 78
2 193
2 117
147 216
65 147
85 155
20 67
3 70
271 172
58 125
151 165
273 85
142 233
71 114
97 246
23 53
39 68
74 168
124 256
48 188
103 143
4 15
68 225
21 173
154 197
3 247
95 252
25 177
10 23
12 232
101 263
180 227
54 217
11 18
54 159
17 196
53 238
161 193
124 157
188 269
47 80
40 171
170 178
103 248
40 129
177 266
14 268
194 246
272 118
55 88
43 242
59 74
134 159
81 253
274 74
97 146
0 220
170 211
24 254
209 257
4 89
167 273
26 144
127 150
5 142
58 221
6 220
225 251
1 119
5 33
44 136
134 212
104 244
150 223
10 157
27 33
174 230
19 153
91 250
145 202
126 128
59 269
120 247
0 75
23 161
60 195
69 224
8 57
13 209
70 118
5 222
176 201
93 242
118 131
45 201
2 93
155 156
206 267
188 217
221 255
8 80
254 258
232 257
101 144
42 273
119 154
56 151
15 88
274 93
21 141
110 151
142 169
22 215
67 235
155 228
113 223
105 195
92 240
144 193
148 192
236 260
11 129
127 272
70 204
45 87
43 103
50 61
77 105
41 64
117 212
74 133
14 205
82 217
138 212
75 250
114 270
67 82
22 134
48 84
5 8
57 83
248 256
84 268
69 111
37 224
3 80
17 153
208 216
124 265
22 56
87 116
142 234
53 252
22 121
28 74
36 219
58 243
6 248
99 101
43 74
174 240
152 156
95 239
13 105
273 68
84 266
46 215
40 43
193 227
78 257
24 31
143 244
170 245
66 86
10 61
241 244
99 133
124 177
24 76
142 151
39 223
34 87
22 81
274 27
72 233
135 198
78 270
104 149
92 146
81 174
185 220
26 193
147 246
82 248
42 115
23 137
90 199
20 26
173 262
68 102
9 101
92 195
170 209
54 214
113 264
221 225
230 248
241 248
45 184
57 203
20 224
50 173
155 244
232 238
35 138
106 183
79 160
193 247
4 43
72 164
50 209
119 230
27 102
140 228
9 42
77 218
127 210
269 97
50 130
129 169
181 230
28 133
143 237
29 155
183 256
74 262
99 240
0 247
125 245
137 150
93 153
121 254
223 256
255 267
60 212
42 204
27 188
49 248
217 219
85 213
274 206
158 173
34 212
97 160
152 155
5 200
55 209
52 248
151 212
58 252
20 160
122 245
59 90
148 209
106 135
57 93
93 157
93 206
50 165
188 240
150 233
67 123
0 148
141 159
11 227
39 263
185 206
132 243
110 163
211 269
49 82
34 122
96 171
22 149
147 180
29 161
67 220
37 172
168 240
82 236
179 230
132 228
108 153
220 257
158 184
137 178
122 141
46 173
272 83
141 227
34 245
155 233
249 250
221 267
50 220
158 200
131 239
39 206
222 256
8 168
149 263
7 239
267 269
114 262
59 137
113 116
11 213
35 126
226 261
10 211
178 266
49 223
2 59
68 266
10 96
136 230
119 125
87 177
30 75
130 246
185 208
109 270
33 92
230 250
59 227
183 266
206 212
85 143
126 273
0 263
167 269
52 267
107 259
78 111
74 163
8 121
139 204
2 91
18 221
22 225
24 73
34 60
136 138
100 224
8 202
76 183
188 249
202 261
52 136
26 65
119 182
67 133
31 255
126 208
74 153
20 212
146 200
38 47
52 247
24 259
72 187
96 214
66 188
147 273
78 246
136 189
31 178
27 199
24 268
165 174
128 131
154 218
17 226
95 140
31 137
86 162
152 173
33 218
115 184
143 219
119 143
104 137
272 183
143 154
120 189
125 158
113 188
11 23
25 204
219 233
272 11
169 220
274 222
4 106
95 261
107 211
100 139
6 28
128 261
64 151
153 269
79 111
39 162
174 250
8 60
23 195
98 263
44 150
9 123
14 208
3 110
95 217
124 142
46 198
66 90
127 191
100 227
138 208
200 252
46 266
172 183
155 218
196 224
120 258
236 261
69 269
4 177
37 205
22 27
104 125
0 35
59 193
58 160
0 213
3 182
75 174
43 72
94 211
266 269
11 224
126 224
274 88
116 146
96 114
207 245
42 186
168 180
180 242
168 221
70 109
64 211
119 177
114 137
171 250
8 143
3 219
16 33
30 194
39 243
139 221
35 165
209 213
177 193
54 261
77 124
274 202
273 218
129 175
27 260
138 231
90 254
4 70
75 238
154 228
69 237
25 167
184 223
83 172
70 138
99 270
32 131
84 247
10 269
115 261
172 257
117 203
92 255
271 187
254 255
3 246
65 269
1 256
187 251
43 82
140 164
143 236
113 117
126 159
55 159
62 240
62 194
18 237
71 198
81 184
89 237
61 72
102 103
34 248
81 85
191 193
114 217
115 171
23 234
131 217
134 143
158 224
54 104
94 105
172 174
134 267
54 230
14 160
92 157
176 209
43 56
60 93
119 189
38 256
43 272
125 255
3 114
67 249
51 62
49 153
70 169
130 139
62 233
37 267
103 272
65 154
153 210
73 85
23 84
26 248
66 159
32 187
79 135
30 172
180 257
124 154
144 224
74 229
12 105
14 30
164 182
11 168
145 156
97 140
80 99
116 138
150 210
175 198
184 272
10 178
44 137
103 179
28 97
196 267
164 238
11 71
69 145
102 147
126 205
60 223
106 236
54 179
48 228
51 206
107 212
128 135
274 114
35 187
274 243
7 242
61 173
273 165
7 206
57 205
28 80
66 244
145 211
179 244
84 96
47 255
132 193
270 49
28 203
9 234
20 219
270 256
148 165
164 221
274 198
34 172
222 257
128 215
273 264
5 189
97 216
115 154
87 99
236 250
70 268
7 38
90 258
22 181
272 0
9 98
271 52
42 223
124 244
132 139
71 235
60 156
17 76
5 203
177 183
63 124
26 109
16 42
33 190
36 192
7 34
18 77
145 230
149 251
108 249
132 180
40 71
64 254
74 146
270 81
73 264
174 184
57 257
50 110
108 133
81 181
183 202
26 202
105 188
16 179
6 262
6 57
88 233
32 79
21 108
133 201
54 64
129 213
12 135
101 202
103 201
143 159
51 115
207 211
151 168
75 216
155 216
135 156
35 142
118 274
1 95
55 125
198 218
35 80
75 205
217 220
4 134
162 254
115 186
273 242
91 157
8 41
11 61
5 250
44 159
192 247
51 97
47 97
122 215
48 121
86 263
141 219
183 255
178 252
33 206
208 270
136 199
38 101
94 142
97 113
12 140
1 3
96 177
5 37
23 45
192 242
81 246
62 80
56 129
6 117
4 179
12 181
181 232
165 266
77 233
163 263
14 210
30 268
66 180
6 126
36 255
85 198
143 181
121 189
48 57
40 46
159 214
73 103
52 178
197 236
42 85
91 102
170 200
161 192
214 253
57 164
76 89
83 137
215 236
17 39
59 71
18 96
122 171
4 193
181 231
67 229
140 200
210 212
18 171
17 122
90 151
21 33
274 28
164 189
43 267
23 101
227 266
30 261
119 139
45 103
166 233
146 258
8 21
84 263
153 235
26 198
39 152
59 267
203 215
112 173
107 127
27 111
61 117
175 199
64 75
101 190
18 130
182 212
59 231
120 273
105 202
120 224
162 192
271 23
94 118
119 212
94 200
81 271
22 77
95 102
12 174
44 177
103 209
96 179
49 88
73 215
150 187
79 271
272 44
112 130
197 258
108 247
18 46
208 256
122 167
113 191
58 273
28 221
93 148
9 223
138 207
83 110
114 185
193 220
43 55
86 186
72 246
174 183
75 165
130 235
12 31
269 171
96 236
97 255
94 271
271 259
244 245
110 189
244 262
110 207
118 231
55 85
118 201
1 31
26 187
9 77
271 265
115 207
118 209
3 206
36 52
160 232
48 269
43 100
179 259
34 237
79 148
132 141
50 124
189 250
123 265
27 118
41 44
141 262
50 159
18 20
128 157
273 99
63 179
132 234
15 207
28 112
99 197
5 219
8 218
191 259
22 107
22 58
75 87
186 214
84 248
39 164
34 85
271 22
144 253
33 159
45 240
143 250
105 134
53 74
179 258
128 154
51 256
120 137
52 270
26 172
192 194
204 224
26 66
33 184
48 238
93 233
77 96
165 201
41 262
55 69
105 209
3 214
24 256
113 206
33 110
44 129
17 43
274 149
37 91
45 66
27 109
34 147
176 236
258 269
22 158
123 183
39 184
77 206
14 121
77 257
167 249
54 61
197 247
189 249
115 119
56 87
101 239
170 180
94 204
99 155
75 86
168 181
155 260
79 234
77 231
120 217
145 185
110 162
234 240
63 267
131 183
180 212
65 226
68 224
53 163
270 97
140 152
95 164
44 149
126 220
48 86
13 191
80 188
179 217
81 125
52 261
161 237
6 95
139 231
80 252
133 232
5 260
148 235
123 195
91 181
9 214
175 228
236 268
111 123
86 124
113 190
189 214
72 122
52 273
113 198
55 59
47 168
79 218
16 110
62 129
122 256
101 142
1 245
93 144
26 148
0 254
264 266
18 156
103 133
36 119
17 61
170 186
16 257
80 90
33 126
181 182
166 219
91 105
29 172
181 186
42 146
132 174
81 116
82 106
34 222
168 170
97 251
123 231
87 95
8 32
69 155
100 136
79 117
35 149
80 167
103 273
22 164
117 177
45 265
92 205
45 233
51 145
134 201
47 190
6 138
86 205
166 191
68 186
160 274
171 206
216 222
0 174
58 71
20 227
79 107
134 186
156 193
110 205
62 173
70 213
0 113
41 161
74 169
45 101
25 36
19 142
140 224
34 157
246 268
35 143
173 188
42 127
47 48
78 117
53 232
114 215
117 185
22 178
141 195
180 207
66 96
102 206
43 178
65 241
46 264
244 246
105 154
114 121
73 174
157 242
151 157
10 217
81 245
62 152
95 101
31 105
113 197
169 177
149 186
154 272
179 225
22 150
105 229
9 232
102 126
11 27
85 201
198 216
99 261
68 71
11 57
93 220
133 186
51 217
102 186
49 162
124 250
36 38
173 239
51 264
19 68
10 81
85 228
94 208
100 177
10 132
272 74
10 201
62 181
51 168
98 121
135 194
43 63
36 261
9 53
77 259
3 252
55 174
95 190
7 247
98 136
23 226
269 81
100 202
60 238
124 191
2 110
142 152
105 210
217 242
139 274
28 155
27 69
85 169
84 213
141 147
270 13
135 262
236 251
70 190
9 271
237 273
93 261
230 270
10 64
251 264
11 84
127 148
109 156
1 134
35 150
163 268
54 122
121 271
130 175
242 267
120 164
38 259
30 179
16 58
138 142
158 245
148 268
21 22
270 237
55 203
82 152
143 178
180 266
43 145
115 193
99 104
8 103
57 229
26 219
33 98
215 222
63 169
135 144
102 135
19 81
274 259
59 143
125 227
87 184
4 226
82 115
200 213
18 267
1 71
71 160
182 273
21 130
8 252
5 195
58 196
61 221
116 118
116 182
71 236
154 181
208 271
66 199
43 98
83 126
208 224
24 63
42 215
31 159
93 213
38 122
34 77
36 238
107 110
93 143
137 146
271 75
27 93
127 219
8 173
52 255
157 188
113 160
56 168
69 131
10 202
20 154
38 62
13 117
38 226
15 222
43 223
9 137
92 183
14 157
136 246
167 237
5 173
176 220
87 115
186 223
104 193
154 163
87 199
23 47
182 267
83 213
26 36
24 240
8 162
53 138
29 45
130 234
3 36
13 36
31 191
46 196
90 112
79 258
3 197
119 167
61 147
255 256
127 134
39 75
24 51
213 246
29 189
30 64
106 125
87 224
230 264
38 117
119 136
173 245
271 261
148 183
91 133
188 222
211 243
122 177
111 176
17 261
62 65
64 241
183 241
118 197
49 137
112 136
87 113
140 177
69 213
144 166
97 116
144 157
109 264
47 154
22 111
50 86
35 267
43 221
244 271
27 137
65 146
121 235
153 185
134 252
62 74
6 74
27 173
155 267
95 272
20 90
20 184
119 211
82 171
16 148
55 81
96 225
70 218
129 220
108 124
108 199
66 236
149 229
208 243
273 56
76 220
14 61
0 232
271 134
21 52
31 145
71 257
41 238
128 203
183 265
44 50
130 197
202 216
90 272
269 9
62 206
74 137
26 178
9 63
8 159
190 196
93 162
94 98
49 256
0 119
75 83
144 149
66 71
53 78
146 227
138 226
6 256
115 230
17 142
32 43
47 93
91 183
31 268
168 230
221 265
165 191
73 97
210 259
70 248
10 168
230 265
23 242
45 193
213 234
145 252
212 215
65 181
20 32
9 82
157 238
87 261
154 192
64 67
232 258
139 158
89 272
235 269
78 151
121 133
131 166
269 257
39 238
236 266
90 235
36 223
106 253
0 246
212 266
93 129
204 274
53 181
81 218
27 136
60 206
188 239
21 46
139 250
256 272
60 242
71 144
170 266
24 167
12 75
197 266
87 142
21 67
191 269
8 62
238 274
17 219
118 268
124 196
78 138
80 161
52 137
195 266
158 169
118 219
67 271
49 85
47 122
72 80
127 247
50 53
208 223
49 168
179 203
211 232
161 214
271 201
154 256
274 34
121 224
238 240
30 219
79 93
62 166
274 203
102 107
37 235
101 247
15 233
62 105
36 76
31 101
243 266
164 232
191 198
109 224
26 62
11 111
271 160
16 271
143 144
115 240
145 169
88 199
59 84
0 212
168 241
273 0
84 181
152 199
120 127
40 223
5 61
31 183
34 176
55 132
90 252
28 258
59 73
142 266
41 240
3 251
231 260
49 118
215 242
21 265
82 243
159 202
165 274
38 110
39 155
200 219
214 246
72 214
269 94
87 272
84 214
109 230
71 177
24 68
63 231
22 221
7 171
100 112
168 247
58 158
190 263
116 147
115 153
228 232
158 258
245 255
77 180
79 177
145 263
134 194
50 170
19 35
189 205
71 109
7 17
48 158
76 111
66 164
49 263
70 230
44 75
264 274
113 148
93 230
65 190
271 182
176 227
227 240
32 127
120 131
71 251
161 240
113 250
69 108
63 229
60 122
104 142
105 214
43 195
25 221
14 263
0 271
112 210
83 128
9 151
270 252
158 250
213 243
26 105
142 180
7 191
52 167
29 112
233 262
113 140
42 177
157 219
272 209
125 153
1 143
3 233
221 246
6 78
114 186
170 265
20 178
102 187
270 135
5 206
258 262
125 242
9 242
72 267
124 139
8 83
14 273
90 190
86 125
27 142
34 108
96 173
66 227
109 144
183 219
129 226
4 229
83 112
171 222
117 210
71 258
58 199
43 226
87 230
22 176
41 69
45 249
3 104
31 88
144 177
98 185
19 100
270 18
233 243
91 206
4 150
271 171
57 144
76 98
4 13
86 240
134 181
133 253
109 124
34 51
57 137
127 227
109 244
121 262
46 274
176 210
111 244
151 178
93 211
8 58
133 185
97 186
147 211
131 141
15 151
55 261
73 162
98 195
84 183
15 85
44 104
83 124
76 272
8 139
0 224
168 257
49 244
66 145
15 38
145 181
110 166
14 192
175 187
20 180
178 269
18 229
44 57
97 249
78 140
137 221
215 251
178 232
271 125
144 223
162 175
251 271
59 70
31 98
0 144
213 247
233 249
139 244
1 140
57 129
54 125
98 229
36 200
57 193
97 168
136 242
92 241
78 137
84 191
182 198
159 237
19 219
213 226
21 97
270 30
101 157
204 263
89 191
40 52
31 76
119 124
49 201
88 273
28 205
48 232
57 160
149 172
22 240
92 187
60 115
51 84
92 243
122 124
236 262
118 242
111 218
67 120
75 252
61 81
44 122
66 216
34 146
143 264
119 206
134 170
85 89
69 76
91 120
108 181
269 18
168 266
136 219
14 162
142 239
191 246
0 109
39 247
116 263
40 134
195 208
25 73
10 28
23 97
69 172
103 160
70 219
9 139
127 155
30 34
50 178
102 189
223 274
175 226
12 101
154 250
247 260
23 183
8 49
39 159
126 218
212 263
146 274
33 171
48 111
189 201
64 268
52 201
154 180
34 216
90 127
191 210
156 192
120 153
42 95
61 84
273 255
10 66
86 128
128 153
181 250
72 221
151 198
179 195
23 167
271 112
11 198
23 235
43 161
105 252
16 21
91 95
191 236
128 219
4 235
231 243
178 203
113 271
12 72
118 206
108 159
10 111
78 157
37 269
37 65
23 28
158 264
126 263
23 32
138 179
135 237
71 86
229 259
5 62
122 164
153 230
53 191
100 131
43 87
84 177
68 190
31 153
92 123
9 100
274 120
34 272
228 239
58 269
272 236
31 130
41 101
202 214
158 222
96 261
241 266
142 259
122 170
240 264
81 207
25 222
84 100
31 166
126 177
54 126
156 230
26 250
160 203
66 195
237 259
132 238
50 200
24 151
101 258
94 115
61 211
86 245
88 243
116 191
172 253
35 65
8 10
68 228
25 195
272 77
177 204
77 264
53 203
74 115
39 248
1 240
26 222
269 70
81 227
50 253
38 75
147 197
104 106
49 123
190 230
22 72
77 232
169 266
38 260
157 198
37 61
9 251
17 44
47 246
139 153
104 233
47 226
76 178
2 157
270 245
87 126
179 227
193 209
172 195
205 260
137 208
91 192
91 229
54 201
0 137
17 68
51 221
26 199
92 93
274 261
17 69
118 257
126 146
9 129
39 91
182 186
27 54
85 105
54 252
23 119
99 268
252 256
34 208
84 94
152 192
14 105
189 244
52 114
262 263
115 253
173 219
141 242
58 230
165 208
197 248
194 199
85 182
116 165
131 260
108 261
4 91
34 194
13 159
98 214
22 231
57 246
62 256
172 230
38 83
44 232
0 129
222 240
96 160
131 149
31 254
84 240
143 175
4 90
85 112
100 203
29 235
76 160
69 217
9 12
57 91
239 256
63 123
26 149
57 256
34 155
33 91
8 167
63 122
55 183
31 85
137 180
200 207
91 123
83 121
149 226
122 179
12 149
197 273
12 182
120 254
10 41
72 184
138 233
51 175
49 56
32 255
50 121
56 252
93 218
227 241
177 216
53 146
253 272
120 179
158 219
122 264
265 270
139 228
21 69
140 267
56 111
48 239
110 178
120 162
70 258
188 220
68 82
21 140
105 191
159 187
62 268
103 148
17 140
127 137
92 111
16 93
116 200
89 210
84 113
194 195
82 158
119 153
215 230
0 125
272 230
70 239
93 98
139 198
156 215
45 128
40 262
1 127
220 238
271 142
231 266
39 137
25 197
158 260
84 174
148 261
38 181
84 163
53 79
23 243
70 224
101 206
93 252
101 200
34 36
36 239
0 165
89 181
187 227
59 124
27 48
106 118
198 240
119 134
114 143
23 122
48 254
270 147
67 69
56 122
57 227
196 260
67 101
45 144
17 239
154 225
54 127
114 182
6 66
7 193
35 207
180 195
69 196
13 141
199 211
27 230
0 189
67 80
161 229
56 191
208 264
111 142
207 263
62 93
140 210
49 151
33 227
90 210
59 67
88 270
122 246
221 238
153 184
43 175
50 256
37 135
149 150
87 267
89 120
215 231
95 193
109 248
106 143
18 266
40 241
27 264
9 59
107 141
207 235
138 144
269 162
107 176
21 222
5 261
10 21
3 238
151 161
96 139
130 272
1 50
18 234
7 95
35 260
29 221
10 29
102 196
202 209
46 232
29 250
76 255
112 234
274 155
112 125
34 182
41 185
3 192
27 153
1 192
84 99
48 150
105 264
184 192
56 125
133 182
86 110
132 247
27 71
74 164
68 235
140 270
182 195
81 221
6 203
19 193
13 38
55 82
56 198
115 215
82 151
16 190
174 189
177 233
139 240
56 91
129 138
144 216
45 86
27 123
58 175
149 199
9 245
54 164
49 257
237 250
64 231
121 222
272 125
87 181
151 196
234 271
209 228
78 132
6 251
68 136
72 130
86 131
145 158
181 254
135 149
1 132
86 193
31 260
184 213
105 142
4 272
114 146
112 161
138 189
23 181
71 189
55 196
76 250
83 214
48 113
112 215
88 230
61 148
31 207
11 65
227 270
60 88
156 223
271 211
52 262
104 253
13 205
264 271
45 212
79 209
186 208
114 211
107 194
135 242
62 257
37 158
63 251
34 244
28 71
31 107
70 127
150 265
155 162
200 229
190 217
183 251
209 255
238 250
122 176
98 243
180 267
172 177
46 79
253 263
161 179
55 241
23 72
112 230
32 100
51 194
135 177
100 142
44 256
97 244
210 269
51 98
104 206
270 21
162 215
134 162
130 163
148 159
271 5
123 215
15 44
15 74
164 192
21 239
35 85
32 171
104 246
58 130
42 151
120 259
39 129
107 112
52 266
181 229
39 233
56 66
213 274
105 270
220 240
67 73
52 180
51 170
109 197
115 228
232 262
39 94
42 154
46 251
59 158
21 113
76 258
61 162
130 198
104 213
227 242
82 176
148 210
154 202
232 260
217 238
95 105
153 168
95 271
13 194
17 45
19 170
61 252
73 149
179 212
4 236
87 100
14 184
162 266
31 52
274 195
6 35
150 237
124 168
22 265
46 184
200 267
18 32
27 249
88 142
113 164
31 187
5 38
173 217
21 124
158 240
79 188
39 176
8 51
59 224
34 247
6 99
137 234
111 264
75 176
159 269
36 62
150 162
83 85
29 129
5 98
98 184
22 256
62 113
145 274
2 195
225 254
272 144
76 253
100 244
23 267
271 273
86 182
7 149
21 143
135 217
150 267
246 271
48 141
83 271
16 19
7 217
117 176
12 132
16 203
13 57
46 81
15 69
20 261
89 187
7 60
103 224
130 186
271 248
199 240
47 238
254 263
100 258
112 124
174 260
269 142
29 107
77 182
59 241
66 75
179 193
10 207
21 194
6 171
269 55
23 252
138 162
3 159
117 174
124 233
89 205
93 100
29 188
27 87
4 244
130 147
88 209
0 225
16 246
174 217
41 61
133 272
213 225
10 140
120 149
16 94
77 253
65 142
73 199
47 68
26 141
39 108
214 272
47 51
115 241
179 257
47 62
48 153
31 133
77 265
109 186
169 253
52 238
26 226
21 158
273 117
77 222
49 92
137 200
38 212
129 155
18 24
103 220
146 273
21 268
96 264
2 176
162 247
221 264
17 110
57 81
130 177
200 260
47 170
7 218
108 256
39 205
76 122
15 255
117 161
125 216
68 231
44 194
68 212
107 217
105 236
48 256
72 239
55 168
20 85
106 220
263 265
188 238
219 250
75 229
99 188
36 171
99 252
49 101
53 119
85 132
38 272
92 252
55 83
194 200
18 76
195 257
4 202
207 270
213 214
270 9
118 233
65 153
89 207
69 220
7 46
34 240
153 165
170 250
34 189
68 226
25 86
50 85
47 90
149 231
18 184
81 87
157 175
231 254
53 100
177 211
7 45
23 78
20 170
166 236
203 222
12 152
63 217
85 119
41 244
269 192
124 270
19 178
165 270
11 77
145 273
112 256
236 271
218 267
72 163
160 253
102 262
182 259
53 248
71 125
158 225
243 264
37 215
8 236
174 218
56 62
14 70
36 83
6 67
187 213
196 231
80 112
31 176
105 169
18 163
49 182
4 118
214 223
5 184
68 145
16 252
85 168
2 208
23 216
170 192
176 239
33 181
197 203
18 54
118 120
128 250
167 235
109 204
165 230
67 139
178 195
42 100
153 222
130 261
170 247
59 133
94 264
10 212
59 144
121 171
210 255
173 194
91 259
94 224
107 167
269 243
12 106
214 222
53 94
118 124
1 172
187 222
13 108
0 25
128 194
35 84
75 118
122 194
46 172
269 53
135 268
158 270
163 271
175 257
180 209
17 135
19 256
53 224
128 137
113 211
145 178
100 267
181 216
42 259
72 178
70 223
25 258
233 246
111 230
76 176
25 93
92 256
158 243
88 160
98 168
126 198
47 274
35 259
74 224
273 143
185 246
77 146
49 131
77 191
123 252
48 198
53 143
274 251
77 104
67 78
20 185
104 181
123 126
80 198
99 203
28 53
47 245
152 241
33 245
195 250
123 149
73 252
107 215
94 173
14 248
119 175
171 236
23 35
128 225
116 257
214 218
133 171
23 166
171 214
191 239
56 73
21 98
101 268
123 192
12 28
103 251
154 201
66 240
112 253
103 115
90 154
74 230
212 221
23 258
270 246
38 274
28 31
8 158
153 188
8 191
63 163
157 184
112 209
95 247
159 181
170 173
27 166
74 80
45 136
24 156
80 160
11 265
142 183
28 119
148 172
92 108
270 34
76 189
4 71
9 181
8 82
162 253
8 37
163 227
28 148
7 127
241 256
63 146
6 129
270 199
226 245
75 140
186 255
61 121
134 242
197 206
60 97
31 257
66 101
117 118
41 199
186 265
89 257
187 193
253 264
96 141
272 204
4 154
49 147
18 19
272 162
39 216
7 133
80 245
9 218
166 232
83 96
25 29
52 218
2 118
39 130
86 154
169 189
132 212
52 106
40 86
57 215
163 262
26 85
173 203
62 85
28 144
63 170
146 250
48 85
131 250
214 251
112 143
111 190
37 131
89 193
78 213
201 270
48 119
136 162
53 176
24 141
256 258
102 171
112 202
173 253
133 240
36 117
272 241
272 134
176 198
97 253
8 66
38 200
51 197
125 126
15 210
27 47
132 168
115 196
137 199
156 245
113 141
67 72
17 81
32 89
142 189
167 248
201 234
124 179
0 183
42 258
92 97
106 164
17 218
229 242
131 212
163 270
272 158
83 274
60 231
47 69
3 148
272 82
115 187
44 224
32 250
135 138
85 262
93 163
9 177
56 147
68 260
194 259
12 21
193 208
77 164
23 228
269 152
72 238
14 34
56 250
86 155
41 128
114 214
269 249
107 180
25 212
45 175
10 147
273 211
27 154
128 223
21 176
210 213
92 173
9 205
127 270
153 247
271 252
120 268
2 37
257 261
58 202
168 250
25 198
23 85
1 24
272 249
52 207
41 269
141 156
273 178
42 252
168 207
101 172
141 180
92 215
33 112
110 123
195 242
23 232
149 218
132 172
55 187
72 218
72 265
146 220
195 238
18 35
3 203
183 184
219 232
181 217
21 41
271 238
94 274
205 230
125 205
18 86
11 167
87 89
189 235
13 89
230 262
3 58
52 223
60 147
56 143
101 240
141 212
55 243
142 261
126 240
167 241
152 210
55 248
218 270
31 216
219 265
165 253
157 260
67 162
14 138
97 200
39 115
7 241
12 104
112 272
274 219
26 78
62 218
247 249
240 259
91 200
88 159
157 251
169 197
24 61
1 55
231 263
236 269
71 80
59 212
1 125
270 54
162 179
44 92
16 204
108 170
130 146
269 116
172 251
5 265
166 257
184 185
4 156
110 120
85 151
83 211
19 24
202 265
172 224
273 169
83 108
169 244
45 176
187 243
26 158
151 209
55 180
82 147
35 194
21 215
72 186
40 128
10 152
166 171
85 109
36 151
44 63
77 86
81 189
39 41
142 212
18 119
148 173
152 255
68 239
142 225
119 171
20 133
65 234
39 59
157 243
81 104
271 44
30 192
97 258
30 107
61 157
86 176
105 243
176 270
111 120
21 152
73 201
180 272
123 141
8 222
83 156
209 236
5 176
5 67
76 158
107 120
28 47
136 145
214 269
100 188
64 265
164 237
213 222
112 168
10 260
54 117
78 177
149 166
21 155
134 174
138 218
194 256
44 182
20 207
28 52
152 207
35 68
136 151
38 124
76 145
8 197
236 247
42 77
4 258
112 178
231 242
138 271
20 217
61 215
22 115
33 117
157 247
32 188
82 232
77 266
86 195
213 255
213 262
143 184
78 162
92 171
27 268
72 106
41 194
89 138
29 109
108 146
85 195
12 16
137 149
129 160
112 204
195 261
120 132
40 147
33 250
194 201
190 225
192 216
47 218
72 140
168 263
48 87
84 155
77 133
25 105
59 172
25 148
156 208
81 138
79 196
16 95
89 235
144 169
84 126
167 186
28 51
63 135
45 174
27 195
22 125
115 170
254 274
133 227
5 231
5 255
212 243
73 171
18 271
135 151
118 210
109 137
38 195
91 179
80 97
86 223
32 199
1 202
185 213
7 100
68 87
201 256
21 170
6 158
201 260
64 112
271 116
133 222
15 211
83 260
30 136
97 193
65 104
35 223
72 96
20 274
125 228
29 90
86 251
135 169
270 193
69 118
16 70
259 266
56 172
5 146
45 76
29 245
77 79
13 44
63 185
4 65
76 180
28 201
12 55
198 256
15 34
119 162
135 161
124 236
170 251
50 230
67 142
188 253
150 234
19 20
176 186
125 152
68 222
237 255
72 268
165 228
67 214
98 191
27 243
11 218
31 70
133 223
188 225
108 117
196 248
1 37
164 177
183 192
61 259
45 110
1 99
170 191
45 105
195 214
153 180
75 154
107 265
85 247
32 217
93 239
160 204
28 159
25 182
97 208
17 194
73 216
136 153
106 194
34 41
3 242
122 220
271 254
40 80
270 156
38 198
31 149
42 190
164 202
54 130
21 60
191 195
31 114
169 242
69 105
141 176
83 136
205 232
15 249
5 202
2 26
271 40
274 161
63 88
45 263
71 83
108 197
143 206
194 232
54 264
171 219
60 196
38 116
55 255
30 113
86 109
269 115
249 271
269 228
60 228
225 229
205 245
32 267
26 185
49 190
135 192
6 234
138 164
108 252
159 212
59 170
40 48
11 108
269 239
18 238
0 50
182 225
77 81
25 136
32 261
17 55
28 35
114 157
144 247
152 229
35 72
88 186
110 134
29 262
31 220
122 142
94 102
1 246
78 269
71 259
159 186
23 200
205 228
101 259
32 35
19 274
75 92
274 194
164 217
15 227
91 269
243 259
88 166
82 168
171 257
132 204
140 263
269 241
204 241
21 210
36 233
30 32
161 272
5 36
95 170
274 174
12 46
55 250
38 244
48 202
25 163
14 75
7 70
84 104
129 190
74 136
49 246
152 180
76 224
189 263
180 205
44 80
120 170
1 93
62 212
105 128
36 81
93 160
111 234
174 242
17 147
0 248
49 138
75 246
11 143
51 260
37 152
62 126
19 108
185 253
90 217
40 251
117 230
48 212
217 256
70 216
10 228
169 192
215 239
87 109
146 239
156 211
180 216
146 272
2 183
72 177
81 251
43 94
49 91
30 31
72 135
39 170
63 203
37 218
24 144
166 260
44 201
44 78
63 266
135 265
101 112
62 149
47 110
57 101
198 227
60 221
89 136
47 250
196 250
149 270
35 209
142 165
27 171
138 241
114 165
7 175
60 162
230 249
15 175
13 39
273 184
57 88
44 151
43 215
151 158
62 239
136 215
196 225
37 151
131 254
31 47
39 120
201 213
28 138
229 249
17 227
83 95
207 274
46 247
249 260
45 198
98 205
241 271
118 199
147 201
269 271
182 188
270 37
84 196
62 70
58 63
221 241
145 238
17 99
75 97
22 132
80 274
272 93
132 250
112 206
6 228
30 232
155 187
36 201
167 174
138 261
28 268
0 27
60 204
69 103
88 215
152 171
79 237
12 141
270 168
94 238
159 231
98 254
131 273
53 237
236 239
50 193
108 212
115 141
2 61
25 127
62 145
69 254
40 112
89 204
118 234
9 94
75 88
269 160
202 223
62 192
14 40
45 149
270 50
15 31
32 254
164 193
83 247
77 157
126 137
152 170
12 24
273 171
55 126
4 30
85 86
107 165
179 183
15 103
74 201
152 261
110 153
2 115
8 56
60 170
46 222
48 52
77 155
16 91
271 68
51 94
194 258
30 74
143 222
218 232
56 80
61 83
241 270
259 260
123 263
172 272
274 250
22 36
124 138
183 186
68 135
97 225
33 73
186 216
67 110
63 73
110 221
15 239
24 26
29 140
38 74
130 152
104 230
67 109
103 113
74 219
132 195
71 79
61 94
84 131
194 273
42 73
136 154
16 81
6 184
128 237
33 267
3 44
96 153
189 272
129 249
124 264
190 264
8 55
123 232
28 224
35 189
114 240
261 265
18 94
35 91
128 262
7 219
134 205
16 65
117 138
138 243
45 56
21 74
33 95
28 225
188 245
125 259
35 109
44 187
4 130
94 131
225 248
15 57
106 188
97 183
244 265
274 177
18 84
55 64
180 214
173 192
97 169
155 158
215 253
71 107
8 257
88 118
171 187
28 259
144 183
13 22
128 134
271 117
200 246
67 208
9 127
13 16
139 211
53 186
75 94
1 148
215 244
106 140
144 227
65 267
34 119
1 84
10 82
111 153
16 141
57 200
19 23
157 246
65 139
86 247
45 59
21 139
66 231
123 226
117 141
177 235
37 191
150 256
127 143
72 111
107 190
2 11
272 175
204 214
77 185
135 139
76 159
103 175
55 169
49 272
24 189
3 115
198 242
64 65
34 231
48 77
181 236
122 243
58 185
69 120
193 243
16 158
61 264
13 135
147 188
115 152
90 181
269 29
209 249
123 238
271 66
129 148
87 202
141 170
114 265
6 25
88 226
145 162
20 70
28 211
123 134
6 97
179 201
111 224
20 165
193 211
75 103
271 57
103 114
22 168
85 218
99 131
210 258
69 234
121 169
63 190
269 21
71 134
134 154
101 274
183 189
240 252
6 236
142 253
134 183
13 190
43 250
80 181
21 261
179 218
155 205
169 209
138 153
92 201
258 270
106 177
36 263
66 220
40 51
271 221
88 114
38 56
34 188
67 246
70 220
25 54
68 143
9 78
3 184
18 239
47 67
240 261
10 227
115 121
133 247
12 188
57 62
195 258
52 111
154 185
93 120
103 225
87 183
36 207
54 66
180 254
21 64
41 57
138 201
274 267
106 217
146 237
61 99
8 124
24 120
50 64
4 233
119 262
137 184
109 122
140 218
29 105
59 127
4 33
25 262
7 99
208 268
6 127
198 209
131 204
12 271
27 190
28 103
68 167
181 191
183 187
142 249
100 235
7 145
4 58
128 222
173 273
175 183
246 273
2 136
130 161
118 259
121 265
62 265
270 107
27 85
272 97
115 179
273 192
62 68
15 65
56 130
58 144
46 108
240 253
201 266
83 236
100 174
99 165
54 148
168 210
174 204
22 30
37 185
45 171
162 171
130 224
111 245
117 159
28 98
83 254
19 159
31 117
139 215
121 221
40 212
4 137
80 114
12 125
110 150
107 142
36 159
70 130
26 253
179 197
116 140
63 223
113 237
118 208
201 222
36 55
234 250
39 122
236 237
30 240
145 187
217 266
92 188
137 155
49 80
144 153
19 96
51 128
19 187
209 244
36 89
113 209
12 29
119 194
36 147
63 201
271 11
195 253
33 237
197 207
101 150
7 160
181 209
38 166
272 159
76 130
81 144
170 241
272 47
106 214
141 203
70 95
29 34
120 160
48 264
209 269
170 256
236 244
183 207
41 157
164 267
273 141
153 237
60 207
147 193
163 213
274 23
38 201
97 198
49 157
49 71
137 253
5 232
70 178
15 240
128 221
147 210
63 160
78 170
214 258
164 249
88 134
117 211
89 92
51 106
56 108
30 101
74 100
147 185
107 168
87 155
87 257
16 25
51 223
191 251
15 92
78 175
116 188
27 116
80 116
67 117
109 252
125 148
100 178
151 247
49 150
161 212
269 194
24 39
273 234
90 106
5 54
100 247
272 120
86 101
40 243
196 244
129 159
101 178
66 253
33 211
209 253
32 92
2 170
201 253
67 234
35 172
118 265
12 69
130 137
65 197
140 225
83 239
132 202
273 256
118 216
98 104
64 126
32 271
4 248
10 118
0 136
37 104
272 1
24 48
56 189
52 179
113 205
12 27
270 161
26 59
73 116
170 261
41 215
237 240
38 153
73 87
21 154
54 116
60 274
13 48
165 265
220 273
232 250
10 137
60 209
60 263
125 200
60 121
90 195
69 125
128 204
34 220
45 168
9 37
269 174
194 236
38 245
88 107
50 155
97 229
228 247
171 232
46 153
88 172
49 173
22 147
212 271
27 248
48 195
152 160
39 246
82 183
99 158
142 237
63 113
167 193
83 170
134 236
263 274
103 109
238 247
193 213
168 174
99 227
49 87
0 28
83 166
45 141
117 224
110 164
271 100
11 157
21 237
105 239
143 157
0 82
185 221
272 21
187 257
12 142
134 152
104 200
52 162
171 208
10 53
18 207
2 221
96 166
145 197
131 233
166 253
12 164
20 270
51 143
55 100
120 196
79 260
127 264
211 248
259 268
37 265
26 138
190 207
177 185
17 143
141 213
117 266
64 149
215 263
38 59
10 149
74 243
131 151
202 242
143 241
116 130
10 54
35 241
228 272
182 218
119 225
108 201
216 248
8 251
246 253
152 233
112 120
27 131
12 154
166 265
44 119
71 234
151 213
16 169
106 198
23 80
111 194
157 178
214 244
29 271
269 98
103 106
120 150
9 128
31 194
67 132
185 250
30 61
273 104
123 129
42 105
124 127
139 241
134 206
7 236
63 253
243 249
62 143
136 218
48 53
83 210
80 211
32 110
63 114
90 117
91 254
270 185
119 170
131 163
180 213
106 171
4 210
93 142
28 139
104 256
72 98
151 179
95 256
32 97
221 262
153 211
37 88
22 138
194 219
81 115
224 235
68 185
57 244
11 135
189 254
269 157
2 6
5 21
125 249
66 178
144 270
273 239
48 134
14 136
181 201
80 104
132 154
10 209
16 265
131 175
16 137
139 249
57 242
137 152
39 48
165 212
116 149
143 151
161 210
245 246
174 176
61 119
136 247
110 246
211 242
52 195
53 85
32 158
130 267
270 196
191 240
69 161
183 210
18 27
58 155
113 171
60 72
105 131
0 6
9 140
64 264
228 270
14 255
174 248
68 103
222 273
100 155
125 190
12 128
54 196
211 241
67 160
45 154
272 212
52 118
136 263
128 132
17 235
103 121
65 250
1 138
57 252
241 263
30 126
120 200
230 253
39 231
44 185
82 153
96 217
75 259
53 247
86 98
249 256
159 244
29 114
55 249
271 115
271 56
87 92
6 55
93 141
87 225
144 213
97 194
37 133
137 242
14 256
48 157
182 243
67 237
14 152
60 167
11 113
99 146
94 159
207 265
139 208
65 213
180 229
43 135
189 234
271 173
42 266
27 263
51 120
73 155
9 65
130 254
2 203
84 225
40 185
14 211
39 126
272 266
124 231
174 234
184 254
73 254
97 157
101 193
272 261
50 109
0 200
93 122
269 64
51 246
12 256
35 134
116 174
121 267
195 221
128 178
18 52
37 250
68 201
247 274
60 269
155 258
170 213
17 230
66 250
104 223
68 124
22 49
33 251
117 148
25 146
150 220
91 96
72 159
122 181
78 159
50 123
29 231
159 267
130 252
269 161
31 233
230 269
4 151
161 173
65 100
30 150
120 144
144 148
76 197
65 164
119 157
130 245
54 118
1 133
41 174
17 245
159 177
44 248
125 147
76 77
18 110
2 97
273 226
36 101
63 111
32 75
91 168
21 114
152 260
4 129
168 216
270 259
274 103
61 253
126 269
37 57
69 243
271 149
83 202
114 178
143 209
131 169
187 204
102 161
101 139
38 168
87 98
237 263
225 234
28 269
203 228
274 144
23 171
207 247
36 144
31 97
170 272
81 233
87 96
49 213
33 165
161 196
53 107
16 109
23 56
111 150
14 133
194 272
120 159
193 215
42 203
88 219
153 216
193 249
186 251
102 176
45 108
56 170
96 135
4 168
154 179
15 90
75 106
55 165
17 207
26 27
103 110
100 249
244 253
221 235
82 250
29 234
269 75
149 227
36 100
272 264
103 105
145 220
4 264
23 92
100 246
37 64
25 69
161 222
103 137
62 172
165 194
68 177
168 175
52 146
156 178
117 142
160 217
109 176
154 223
50 199
168 256
129 173
94 202
3 174
112 162
159 163
32 190
104 272
3 250
272 3
50 156
271 84
26 70
240 265
122 147
125 181
53 182
37 234
183 230
190 259
141 178
79 191
73 271
93 126
56 193
92 230
19 156
154 238
60 66
45 132
12 238
130 264
173 207
171 181
96 169
49 64
13 110
68 162
3 259
80 95
136 258
136 226
32 185
58 104
26 51
52 159
28 173
166 197
212 239
5 130
42 44
151 274
144 206
127 230
91 154
33 186
6 68
24 267
129 204
120 201
103 253
137 258
48 154
54 171
11 64
156 174
205 225
22 242
136 139
56 192
237 248
1 216
56 188
0 55
21 187
21 148
31 158
126 189
71 214
238 255
152 204
70 245
262 268
40 142
148 251
73 186
42 263
58 78
107 113
147 226
61 116
136 143
75 196
36 242
128 254
51 195
61 183
104 174
29 229
63 159
84 149
192 209
74 121
69 184
29 78
39 81
102 198
23 132
111 240
274 240
15 102
198 263
117 261
107 181
106 215
88 111
175 203
5 273
270 0
73 249
146 207
273 92
5 125
110 190
183 242
111 247
202 253
1 25
274 111
120 248
273 215
274 35
29 30
173 268
31 196
139 216
146 240
156 272
184 232
86 208
12 198
189 222
186 191
74 176
7 105
43 269
6 269
214 228
39 118
57 152
69 195
101 235
165 175
4 160
127 177
158 178
114 159
36 222
10 142
37 141
22 35
141 151
81 165
158 174
127 223
3 151
48 92
8 255
8 214
110 160
271 10
73 113
8 267
75 93
193 256
253 270
86 127
140 199
56 200
147 207
22 92
41 153
39 269
10 263
131 271
193 254
111 248
24 88
9 20
94 141
21 157
126 164
76 185
32 66
219 239
11 194
229 241
113 173
35 132
272 131
27 83
6 168
239 250
30 241
50 87
37 58
16 237
6 232
5 41
47 71
238 253
271 143
44 229
133 211
147 265
61 178
19 272
78 119
132 189
152 158
47 96
59 264
175 214
25 243
223 251
14 156
12 119
27 183
111 202
52 128
38 164
106 204
118 138
56 88
101 134
79 132
80 253
151 159
167 221
78 147
32 155
67 106
10 252
82 240
145 172
103 193
76 184
182 235
125 270
133 267
145 271
106 241
95 168
119 264
33 125
44 172
122 127
151 230
28 64
79 129
273 209
77 236
41 248
66 200
53 171
81 191
98 235
64 103
123 216
243 252
74 129
179 221
45 71
8 122
96 262
149 174
153 195
49 247
13 178
214 255
69 173
51 266
53 135
108 196
47 268
66 106
22 40
272 263
72 264
58 244
148 204
35 179
49 112
43 105
51 100
54 267
5 63
153 191
231 233
185 271
118 157
0 219
77 261
77 167
68 254
127 154
25 40
81 232
272 32
158 199
43 97
170 201
43 196
130 218
59 173
133 175
111 225
30 95
56 150
185 263
28 78
23 106
91 159
6 88
120 177
220 260
62 273
43 147
109 259
28 99
72 242
119 255
48 72
93 135
131 207
39 252
54 139
95 143
35 176
90 111
34 49
82 135
139 155
137 230
73 88
184 264
56 165
97 248
19 110
182 207
162 188
211 251
1 236
46 119
274 48
81 140
10 144
124 156
84 116
96 204
159 208
78 258
155 197
5 112
238 246
94 259
134 138
90 142
127 152
169 271
16 214
33 239
213 220
87 204
6 53
38 247
50 67
172 181
129 235
153 223
225 232
273 34
97 102
196 219
131 159
80 207
271 255
67 242
23 162
16 31
73 220
73 138
85 91
85 108
154 224
164 206
76 125
148 160
132 144
14 266
50 232
95 169
59 261
123 139
2 99
187 249
81 186
175 253
229 261
121 176
27 152
190 201
272 163
56 233
148 262
6 42
119 250
179 249
3 16
25 186
168 232
82 145
66 181
232 269
98 144
19 244
126 140
51 89
80 85
69 202
43 50
140 181
121 209
105 153
86 273
198 273
101 216
67 232
157 161
61 227
46 148
13 239
81 266
0 197
3 239
83 244
61 269
127 196
60 192
51 141
16 176
118 165
21 209
23 174
27 41
17 85
48 51
105 226
210 267
211 272
242 270
23 203
74 149
15 230
17 141
4 167
56 194
23 81
14 134
42 60
119 142
15 171
50 94
91 210
80 174
110 264
4 54
15 165
159 261
57 248
31 81
271 28
163 242
78 160
102 250
9 36
142 270
0 191
140 253
116 166
20 200
58 65
149 198
226 227
2 178
186 264
272 257
13 118
55 224
103 107
125 221
190 213
36 41
74 158
217 255
30 190
185 192
20 56
64 222
47 106
73 173
94 198
191 223
149 162
186 219
4 103
197 202
11 33
174 198
51 248
41 208
160 180
21 122
41 123
75 189
172 200
158 181
69 201
5 115
269 262
273 217
104 226
151 172
84 250
66 242
49 269
104 126
85 274
100 154
50 167
210 241
125 151
53 267
168 252
8 221
41 217
89 171
117 169
58 200
110 193
75 241
133 135
118 249
2 76
65 88
149 249
232 237
167 260
65 232
177 258
2 45
206 229
81 90
68 191
274 229
24 38
185 264
196 261
18 175
116 201
63 198
72 269
16 206
165 229
83 201
273 227
140 168
207 260
270 217
133 268
146 184
230 232
93 197
62 201
54 93
189 271
13 265
92 122
12 224
134 139
182 236
104 150
114 173
58 138
87 88
166 169
270 247
159 207
53 160
3 69
201 227
127 261
169 228
95 121
102 229
141 274
243 244
66 274
132 165
143 248
27 43
7 154
53 118
166 238
71 141
13 267
26 61
45 113
149 221
78 229
119 196
50 180
81 96
54 144
87 203
121 198
247 252
117 120
181 211
3 103
272 33
7 14
16 55
156 253
36 257
121 259
143 204
186 232
89 97
185 199
26 99
19 192
140 249
212 237
16 69
224 252
51 148
179 245
36 245
195 204
146 198
68 244
29 88
61 223
202 237
141 229
221 236
174 212
65 192
165 207
159 196
16 26
143 196
25 87
75 227
64 167
108 204
79 163
8 195
59 217
195 267
212 245
52 150
131 138
156 190
89 144
38 148
9 150
273 25
72 249
17 216
49 75
193 239
66 204
153 174
168 239
164 225
125 204
197 256
26 231
128 259
19 26
68 157
212 218
46 82
116 245
36 96
4 69
185 226
88 148
34 196
118 181
18 129
81 214
14 234
160 270
76 274
12 108
29 146
23 214
119 173
91 150
46 51
274 96
78 198
142 174
0 155
47 146
96 146
52 183
23 251
10 243
13 23
83 237
273 189
7 108
45 62
62 271
68 147
227 248
6 230
31 242
60 145
43 257
261 273
93 259
41 266
203 242
111 246
2 199
58 150
80 135
1 197
74 165
69 140
22 86
205 250
272 216
34 124
121 216
79 179
5 245
47 136
47 200
177 208
110 254
4 112
43 95
4 175
240 248
29 48
45 258
11 91
28 134
126 271
34 95
148 196
63 64
270 202
162 220
172 227
27 222
81 111
91 264
38 183
116 252
63 129
106 132
20 174
48 220
85 116
30 54
33 173
134 264
205 242
73 263
3 122
53 61
153 228
120 139
166 259
18 194
112 200
71 196
207 210
64 111
159 179
173 224
61 224
15 160
197 231
25 214
123 269
131 267
109 250
122 266
120 214
98 111
78 102
20 28
47 179
88 184
67 248
110 202
0 169
141 162
116 239
13 251
57 192
151 152
66 76
42 192
274 51
47 152
249 267
37 184
34 52
60 191
69 157
6 103
123 174
78 172
34 132
79 216
92 225
176 221
180 265
164 173
67 138
47 172
240 260
24 45
52 187
140 217
78 254
26 175
132 155
223 235
130 213
0 252
40 113
102 158
212 223
269 102
79 240
61 242
16 149
126 229
63 214
123 254
270 27
226 271
153 240
165 247
99 212
232 240
36 163
79 202
74 256
4 60
23 103
68 181
91 147
72 230
12 151
119 151
74 238
180 255
204 249
96 158
269 189
172 187
77 114
189 219
75 153
78 131
16 87
20 135
6 130
17 37
173 201
269 203
97 203
30 59
115 235
30 85
20 30
6 241
115 225
2 209
57 190
43 217
55 178
88 187
157 200
201 248
48 148
138 157
135 226
16 138
26 115
9 136
1 74
63 165
91 140
63 243
152 208
149 158
51 187
149 253
25 203
58 201
143 171
3 20
25 274
223 257
190 234
56 132
136 274
16 20
33 263
96 143
24 222
142 158
35 188
121 201
11 133
49 200
237 274
20 106
23 86
4 181
100 150
6 32
162 207
6 86
174 241
7 227
81 248
28 101
143 254
48 79
155 210
76 210
227 239
6 267
77 194
184 188
29 206
98 202
61 76
201 262
12 137
56 261
20 149
110 112
89 232
177 252
206 271
30 205
65 229
107 158
16 224
65 203
95 187
250 251
10 31
190 215
271 122
80 127
47 231
107 207
113 134
12 136
114 141
84 97
52 57
80 241
82 172
4 40
131 165
213 263
137 191
188 232
79 223
43 122
22 136
44 239
95 224
127 153
43 220
64 160
45 165
81 224
110 184
263 270
14 48
136 174
45 177
133 137
161 207
133 248
4 164
36 218
48 236
157 264
32 244
4 17
62 133
64 69
50 150
270 257
136 244
27 56
66 77
216 232
68 96
86 267
107 204
8 213
268 274
67 154
194 230
87 157
42 142
71 210
204 220
172 259
76 188
205 259
28 102
13 244
17 73
137 160
161 263
29 101
62 216
117 209
35 184
71 162
224 244
19 177
148 222
11 153
97 126
187 188
220 225
186 229
37 103
79 175
37 80
209 231
269 40
28 267
22 230
143 149
1 62
191 222
1 145
110 222
41 225
7 176
95 147
246 257
73 234
54 215
155 227
105 255
124 240
4 201
23 123
1 257
70 201
203 221
249 266
29 40
15 71
0 265
118 137
11 41
92 238
41 70
88 154
101 146
125 178
138 193
34 81
199 261
141 193
173 231
172 233
67 128
41 50
49 76
162 205
153 261
193 258
32 141
240 266
225 268
105 113
2 231
78 232
153 203
43 139
18 149
240 251
102 131
21 45
174 244
103 131
117 175
9 114
41 124
273 59
77 143
17 121
191 265
142 150
142 230
269 183
118 237
30 237
3 132
154 189
101 115
40 126
19 31
152 240
160 195
14 221
271 177
117 134
10 95
56 146
215 223
220 252
113 261
192 205
97 124
55 116
9 159
39 192
98 159
1 215
117 237
155 220
103 172
107 267
124 173
31 57
58 124
69 70
70 246
17 190
145 150
43 107
36 90
40 203
193 246
22 109
192 212
17 77
142 182
77 85
2 189
12 145
211 257
38 233
119 247
127 265
53 173
34 123
62 102
59 268
271 209
43 162
202 266
34 239
150 167
31 112
34 139
270 10
177 237
40 244
4 265
36 79
124 252
204 212
253 261
20 251
59 130
223 267
11 217
137 260
186 240
48 97
108 239
13 269
104 116
150 180
82 142
87 273
130 157
38 185
74 120
87 161
2 5
8 244
213 266
81 106
67 157
100 245
14 250
57 243
89 221
6 30
64 263
119 238
35 141
7 170
48 70
24 152
36 184
65 112
26 50
274 235
141 223
12 150
5 78
164 180
192 240
161 233
45 162
64 194
167 199
60 248
274 115
19 132
27 192
110 133
271 137
22 264
143 195
4 183
45 53
156 216
90 264
84 172
124 158
30 193
17 138
269 204
192 217
40 143
144 246
163 209
40 139
230 266
3 199
43 153
16 223
38 207
263 266
7 199
66 262
108 113
149 247
3 37
1 223
274 107
7 53
123 197
135 142
0 83
37 40
273 79
24 230
215 235
17 144
42 265
237 244
33 45
136 156
80 243
39 135
88 151
62 135
117 241
49 163
101 109
11 228
17 132
27 76
109 134
35 210
43 165
16 258
51 203
146 152
39 72
121 151
62 92
161 251
23 66
40 116
109 132
235 236
62 197
144 170
67 264
33 86
23 134
78 158
274 62
195 269
107 234
143 156
45 210
67 147
62 120
185 201
111 227
189 196
265 273
80 183
16 140
168 259
150 205
36 109
212 241
109 200
37 39
23 261
125 207
150 183
31 168
19 114
7 64
14 119
26 238
116 226
5 12
227 249
98 190
67 259
72 194
25 28
42 150
37 137
26 266
66 183
17 79
218 221
36 270
127 185
6 163
248 252
147 157
137 140
71 271
110 215
37 55
110 236
162 234
130 228
107 263
107 236
70 257
15 127
154 155
117 272
6 161
86 87
147 199
68 139
146 160
70 120
45 73
98 153
31 148
227 228
15 263
271 25
191 219
58 82
43 234
104 160
156 195
16 259
271 7
63 216
13 211
9 79
56 247
68 69
77 131
89 233
6 271
115 231
76 80
90 148
61 169
269 120
79 272
62 137
141 177
145 175
12 239
117 257
158 253
40 238
33 81
77 111
17 115
238 268
141 253
9 19
179 187
144 273
221 273
145 253
2 30
13 177
114 183
219 245
147 235
39 266
186 225
44 252
209 251
171 237
187 221
15 48
18 68
107 261
59 95
124 224
14 252
193 231
66 127
31 195
17 94
90 241
274 157
140 159
5 174
132 245
66 233
24 260
114 241
141 264
12 153
80 261
129 272
61 64
270 73
76 234
29 42
48 173
51 135
194 211
93 189
73 256
6 27
20 77
193 262
150 188
62 161
43 109
164 212
100 236
38 180
89 229
124 137
247 265
39 207
69 189
13 142
143 197
62 115
10 51
33 209
81 244
182 264
24 233
142 219
226 246
50 153
21 273
58 217
62 224
53 198
87 233
34 167
149 163
8 172
14 240
273 153
270 172
125 239
129 233
94 106
43 51
218 257
218 245
105 159
167 271
91 104
27 170
187 232
109 242
121 247
99 258
103 173
68 188
43 83
84 179
174 178
126 196
25 81
69 211
112 123
113 123
122 226
116 259
222 263
81 151
198 202
157 159
127 172
274 262
8 26
188 250
87 103
16 99
40 98
269 170
104 175
133 148
67 118
137 235
58 272
150 195
113 270
6 239
68 245
80 192
8 79
145 155
1 63
53 71
197 269
118 226
40 144
42 126
34 46
103 192
123 228
162 212
7 166
269 147
32 236
22 117
208 233
205 243
4 208
200 261
142 161
163 203
77 169
227 244
240 255
5 236
51 263
108 182
4 92
141 215
273 57
58 101
145 193
21 25
17 264
77 255
266 270
8 178
116 247
143 224
13 152
159 182
221 266
82 94
159 197
43 108
0 117
109 258
269 92
11 193
15 192
49 126
107 133
9 134
13 124
10 265
27 224
102 137
128 244
30 147
66 74
13 233
13 64
75 146
52 212
83 94
165 255
6 115
18 226
19 131
165 236
57 216
64 224
19 207
26 101
188 262
15 136
125 219
16 47
147 150
86 258
173 246
101 233
36 232
53 211
142 260
97 268
117 262
78 221
33 119
41 95
121 126
8 20
162 197
12 233
79 246
39 181
122 174
273 142
33 65
66 154
127 164
194 202
175 180
199 255
37 134
47 113
109 181
228 255
39 244
84 189
117 158
70 174
274 90
238 248
82 113
83 248
75 253
111 209
23 239
74 160
139 203
227 255
86 177
17 200
272 157
25 140
123 244
76 174
2 29
89 158
99 238
115 205
144 249
58 167
151 154
8 203
62 147
37 109
5 11
71 174
120 221
93 136
75 135
40 174
12 231
41 232
170 175
189 264
147 261
37 253
226 236
87 263
1 233
107 196
140 165
47 139
20 249
55 73
15 248
231 250
40 50
103 186
44 184
26 60
106 228
17 72
158 274
185 244
116 215
173 258
111 170
37 260
163 261
14 267
106 145
119 201
93 177
62 249
40 198
93 217
157 190
124 228
18 201
67 247
122 233
224 273
52 258
118 143
173 257
121 234
99 138
74 193
0 131
103 171
48 193
77 217
38 151
39 239
78 207
214 237
149 230
62 142
51 235
158 171
35 60
14 122
49 114
33 120
217 244
218 228
129 273
145 229
190 256
180 250
118 215
38 269
143 186
110 142
71 171
217 233
23 128
91 205
14 215
163 225
135 224
73 81
90 149
55 138
134 208
79 170
30 214
188 206
218 259
10 59
104 121
166 198
204 267
270 198
10 108
27 180
4 35
112 250
216 237
96 183
47 177
187 205
76 112
49 67
50 90
10 72
99 253
37 108
248 272
45 117
163 193
171 194
43 62
27 200
196 226
11 98
86 225
88 183
38 40
10 87
112 266
27 120
18 126
273 53
118 153
54 163
104 265
74 196
42 68
28 182
174 270
46 167
91 190
9 71
19 126
92 133
110 225
219 228
8 171
1 209
79 166
194 212
119 192
9 233
270 28
157 168
155 200
142 177
174 210
270 223
132 216
22 28
59 255
221 242
72 247
29 148
92 164
177 234
84 204
6 38
107 175
123 127
56 265
173 196
82 227
50 184
20 71
151 252
164 210
6 134
27 65
38 273
174 238
16 118
66 137
75 219
271 164
13 32
17 48
166 170
110 119
38 243
141 239
196 200
145 241
60 200
104 252
74 232
108 270
138 204
22 130
82 137
47 253
271 111
102 255
9 174
19 262
46 179
217 248
2 254
274 226
120 146
60 68
233 274
30 103
84 239
91 121
73 261
88 101
7 88
23 188
26 154
69 253
135 259
111 196
97 237
57 175
18 153
5 87
90 161
10 113
28 237
80 138
134 269
94 175
128 239
14 261
63 232
38 91
52 235
26 155
38 49
150 165
77 78
18 274
140 142
29 89
186 210
41 130
271 194
7 136
38 87
133 249
138 165
145 258
76 87
260 266
70 116
168 200
130 248
83 225
27 32
10 193
90 138
106 147
0 234
31 258
76 116
36 188
57 191
87 198
131 142
50 57
91 109
105 180
64 168
33 70
102 106
177 242
219 268
153 227
110 273
43 67
20 40
93 198
18 127
209 245
10 163
84 145
117 171
18 37
148 267
10 33
128 271
19 223
96 133
105 232
64 221
2 27
151 248
82 206
58 62
10 267
8 254
59 179
13 88
9 69
139 187
47 235
156 240
14 171
110 132
158 166
58 210
23 244
52 173
101 127
213 267
39 156
142 206
5 239
182 238
94 239
56 114
81 262
154 227
96 145
33 182
111 254
228 261
178 260
67 267
118 128
91 186
124 189
17 238
22 229
36 115
45 135
5 274
145 240
164 178
130 255
269 184
18 213
270 95
57 64
25 79
23 79
37 183
97 153
83 232
84 110
121 217
121 161
39 230
63 78
271 8
65 185
109 269
221 243
101 174
56 113
148 224
103 215
274 100
17 201
46 56
45 80
97 147
92 150
60 160
175 227
95 266
123 130
116 265
242 244
6 54
0 194
228 235
21 236
102 237
14 180
86 166
105 248
77 237
85 147
55 109
117 239
18 93
85 229
17 78
69 141
82 214
117 178
50 259
119 213
55 87
102 268
227 235
78 179
82 170
123 181
70 160
8 177
85 257
215 218
144 158
75 257
132 169
18 174
37 156
139 226
256 257
6 247
2 146
118 261
14 224
53 262
30 165
269 186
38 165
27 175
9 208
38 48
7 103
71 228
243 247
75 99
269 175
11 55
77 198
115 213
77 139
112 262
105 249
2 270
123 143
97 166
234 237
55 188
60 224
269 226
70 237
148 211
184 252
34 201
216 217
154 204
12 127
11 116
90 270
29 243
9 142
120 176
123 250
157 170
32 123
70 71
9 28
52 75
34 80
79 150
142 186
49 154
201 252
41 172
63 237
101 215
24 265
41 233
18 254
118 156
110 170
154 171
127 146
271 161
119 120
200 222
46 201
46 204
80 257
156 264
59 78
94 216
17 166
156 248
139 165
132 244
62 111
109 272
41 110
133 176
106 151
167 215
115 251
198 233
67 99
129 227
79 254
190 237
59 230
38 86
69 74
17 71
26 203
101 273
48 175
71 137
127 244
117 186
35 58
104 192
118 244
49 105
45 93
42 137
77 98
97 219
87 242
117 221
52 234
210 266
104 227
97 137
36 56
204 244
120 204
86 123
136 200
157 214
98 249
4 145
19 209
239 251
15 149
99 194
152 239
119 254
68 218
113 174
97 265
1 2
0 203
132 264
124 218
0 102
13 143
53 168
167 181
174 222
116 131
222 234
200 242
51 138
53 229
38 66
174 182
88 99
44 262
79 264
43 207
199 226
120 155
209 220
37 159
124 211
66 118
183 240
11 19
155 224
8 35
97 242
169 227
7 33
109 261
79 124
162 231
96 202
97 130
22 128
97 214
23 160
116 235
160 222
100 212
45 192
64 227
92 200
29 64
29 200
88 178
115 136
135 252
41 63
154 160
69 87
194 245
15 231
146 179
159 169
77 142
90 96
39 222
141 200
62 198
91 113
131 143
13 254
35 43
273 138
111 183
90 143
273 9
98 239
100 122
32 237
53 67
17 182
22 166
104 209
180 246
274 197
81 112
152 172
126 262
56 201
87 120
173 269
164 186
102 143
47 252
22 263
7 22
55 246
0 237
201 214
25 201
98 110
14 83
118 260
16 274
81 258
28 49
202 236
159 171
160 218
215 256
18 61
67 122
28 244
73 245
269 0
128 217
7 96
160 162
25 62
202 267
136 171
192 241
88 244
60 185
138 260
22 200
273 112
271 233
27 122
153 212
3 82
114 174
42 163
37 125
38 118
49 204
57 89
78 227
16 107
19 69
208 229
83 253
192 266
48 159
81 263
57 199
65 128
98 238
8 106
200 220
14 206
102 245
117 268
130 155
50 95
16 117
6 246
48 190
15 228
41 155
134 165
101 226
33 258
31 100
103 257
110 187
116 250
152 244
133 160
66 117
116 222
135 180
52 55
235 272
27 30
219 259
25 70
150 274
60 62
34 268
184 207
6 16
173 206
15 77
98 125
96 235
29 179
38 64
8 43
271 31
3 118
81 145
10 151
70 272
126 135
91 148
77 106
13 188
111 169
76 115
78 80
5 119
198 228
82 271
87 249
206 247
44 205
66 160
50 273
202 272
5 259
92 235
72 136
28 91
32 70
76 123
160 215
16 234
119 131
105 216
126 163
17 271
273 249
69 192
98 219
6 112
59 113
87 105
0 30
102 134
79 239
92 244
36 47
32 142
55 65
62 136
97 273
186 193
175 245
18 39
205 241
23 100
4 216
36 272
132 218
24 112
100 120
135 195
110 256
69 190
145 272
158 176
220 259
48 215
113 156
133 255
72 127
101 160
83 116
73 191
105 274
179 247
50 111
120 260
26 179
168 223
81 222
66 100
51 251
113 139
32 124
21 188
197 215
196 209
67 155
68 221
61 267
11 138
39 138
273 27
54 131
125 191
114 172
100 240
75 141
22 167
84 141
6 202
83 187
14 202
10 249
19 184
168 244
44 263
71 182
55 70
87 250
169 210
35 151
121 225
94 101
47 115
4 198
80 230
258 260
29 77
254 261
22 184
51 214
79 101
155 226
49 175
39 202
114 246
56 152
37 231
96 161
237 258
21 175
17 229
56 106
274 22
99 182
81 149
183 235
111 250
174 196
66 189
140 187
213 273
27 232
1 32
109 268
12 196
172 216
270 188
74 183
59 183
6 151
97 199
6 219
33 100
270 209
138 156
36 252
38 255
273 185
164 235
113 193
16 34
83 180
32 101
17 254
60 125
146 255
13 40
10 17
77 118
225 237
109 183
19 134
67 179
119 121
170 187
9 131
62 264
48 266
58 187
161 265
100 213
19 99
83 261
54 145
213 253
104 170
90 167
87 167
24 121
208 241
272 151
225 258
270 192
165 189
175 248
177 188
130 214
134 155
202 227
75 169
42 271
68 175
53 58
7 89
27 88
60 208
100 180
14 216
99 106
25 253
56 141
251 263
0 37
27 225
200 209
117 227
167 183
34 156
4 197
269 17
184 274
137 209
95 219
11 105
63 118
81 204
43 198
272 124
32 269
60 89
128 233
104 145
220 234
73 95
104 166
80 152
79 229
114 228
44 221
160 237
134 177
169 252
64 123
39 264
81 92
91 169
162 251
74 228
97 163
85 260
69 164
77 102
5 59
96 238
28 84
175 197
172 262
106 209
54 158
60 261
3 190
12 195
193 245
86 248
93 114
197 255
53 194
99 130
18 112
171 204
28 108
94 220
201 232
25 239
98 156
59 174
218 260
86 163
71 231
158 252
116 192
139 179
65 80
133 254
53 62
201 221
76 170
153 258
38 135
7 66
138 139
43 88
173 208
90 220
120 250
17 116
36 208
47 57
34 215
61 240
10 200
23 112
132 162
274 41
54 74
94 150
107 182
59 222
0 216
11 180
175 184
38 133
269 140
72 109
73 112
54 133
3 109
243 246
226 228
78 81
116 151
207 232
185 230
210 236
172 238
57 261
271 34
272 18
37 200
198 226
87 197
203 211
98 137
15 109
67 98
208 265
127 205
30 138
15 110
272 252
110 199
56 72
120 184
42 45
151 270
78 150
70 147
1 114
1 129
252 262
123 260
68 171
32 226
11 43
125 184
57 148
209 239
162 242
9 122
274 84
107 162
79 235
152 197
147 154
20 84
9 45
175 258
115 143
0 214
164 262
102 202
87 243
270 159
109 179
211 238
33 41
126 241
73 204
50 96
4 96
62 207
231 272
47 263
205 271
171 190
38 240
13 234
40 183
67 272
4 255
69 98
96 228
116 241
169 176
133 190
15 23
31 126
134 169
3 133
25 261
112 261
4 102
171 268
68 261
26 134
14 111
24 228
159 218
86 218
47 187
259 264
101 168
168 253
53 270
257 265
182 229
140 194
83 103
112 148
272 66
31 141
215 261
176 204
44 269
21 92
79 203
14 95
182 183
191 224
118 149
120 208
214 234
113 124
177 210
85 255
43 189
230 267
197 204
37 149
9 17
9 35
123 219
95 138
126 243
43 231
76 153
180 260
52 68
94 248
209 256
15 238
45 145
177 181
40 195
59 160
229 238
148 266
203 226
54 240
9 38
149 213
103 217
272 258
38 119
1 122
167 240
65 83
271 93
145 216
92 239
270 184
44 261
14 198
170 231
26 189
78 115
133 225
205 254
80 200
18 262
147 266
103 162
270 152
139 201
27 179
74 190
21 123
138 197
199 213
143 238
216 230
216 231
104 112
1 191
82 246
182 241
174 203
26 197
114 209
56 79
183 268
130 131
47 75
124 159
82 143
14 174
196 212
22 172
148 205
16 181
19 233
16 263
77 115
273 186
35 271
95 257
59 211
149 205
129 200
57 187
47 64
113 210
16 128
270 15
171 215
59 239
121 178
85 269
23 196
47 209
145 161
60 265
26 122
32 134
95 148
82 259
108 160
2 253
129 174
115 129
90 212
0 146
74 139
207 272
34 68
97 149
156 214
231 257
216 249
181 199
37 197
217 250
38 188
111 198
198 232
271 224
139 255
54 105
21 36
72 253
178 184
120 121
172 202
205 235
53 111
24 83
30 52
95 259
106 255
65 270
121 253
11 201
2 274
109 131
124 202
10 238
136 182
245 257
50 88
88 216
119 135
170 217
110 139
57 173
83 241
49 229
62 253
88 227
73 239
118 263
198 257
87 244
72 141
0 110
85 234
27 269
107 219
73 255
56 207
256 266
1 247
196 258
208 255
33 37
154 184
84 203
26 42
13 167
81 247
53 101
41 271
78 255
197 209
109 187
195 240
69 268
65 131
78 206
57 139
124 183
20 92
86 113
70 151
234 262
53 180
76 222
42 96
135 221
112 227
271 154
245 261
273 259
89 206
14 201
48 192
25 206
34 195
46 58
105 119
8 74
21 240
139 162
41 105
13 133
64 166
70 77
10 112
91 226
98 141
138 170
72 196
270 79
209 235
169 237
