10 20
29 50
11 58
6 16
10 66
11 13
9 36
28 48
1 32
43 57
10 59
17 22
66 44
40 55
58 67
42 69
14 29
17 50
2 4
36 64
25 64
15 55
25 38
41 59
44 62
67 65
34 36
69 19
7 44
19 62
28 52
29 56
15 61
27 53
7 49
33 48
68 22
66 46
1 15
22 65
37 47
33 56
23 42
68 27
6 50
58 66
38 69
40 48
15 63
59 65
49 56
38 54
24 30
9 42
52 63
21 68
66 26
8 59
53 63
43 66
42 60
53 59
5 68
1 11
55 66
2 10
9 16
31 62
14 54
11 48
11 64
8 60
43 52
5 7
9 24
35 43
66 65
5 37
10 57
68 10
18 42
68 9
58 60
39 49
47 59
39 62
5 36
3 22
1 30
6 49
38 64
36 48
17 25
69 6
51 64
68 0
34 64
38 45
16 28
39 59
16 35
19 43
6 65
38 55
50 51
25 59
14 45
21 38
47 65
5 52
0 56
41 55
33 36
33 64
6 47
25 36
1 33
10 48
10 56
24 69
66 27
69 43
66 37
18 37
47 61
