196 7
46 194
122 123
163 196
193 195
42 55
26 47
29 178
12 179
64 168
199 169
10 187
88 184
67 173
11 67
10 135
63 195
17 172
77 199
74 171
79 156
90 170
2 109
74 79
47 72
60 177
45 116
11 99
116 120
11 170
37 106
107 194
2 42
199 197
50 87
95 194
65 135
53 161
76 116
32 44
102 136
198 59
89 148
148 175
7 45
13 170
71 105
114 146
6 186
57 61
62 169
93 115
2 43
27 190
55 84
32 41
81 151
73 125
89 96
23 113
156 175
39 99
75 79
73 181
3 179
49 193
89 149
53 174
27 137
160 167
71 158
10 82
120 125
156 159
105 110
6 184
1 139
43 99
76 89
41 147
12 130
83 179
19 88
106 117
21 47
40 96
162 181
66 91
97 177
117 130
34 144
0 104
83 90
17 149
18 165
8 30
140 176
3 136
198 46
21 127
140 194
94 104
68 80
23 41
63 165
74 181
14 124
0 167
136 184
79 153
146 151
69 86
100 184
77 104
109 171
177 184
82 190
11 197
82 158
146 182
17 106
127 138
5 184
28 189
153 157
8 74
38 62
128 163
179 199
44 153
6 76
24 91
197 76
126 128
108 115
65 79
160 165
28 121
16 103
122 158
31 155
17 135
8 41
74 90
58 96
84 120
76 117
41 52
27 184
73 75
66 109
14 198
177 183
74 151
97 141
12 105
198 193
112 139
95 160
98 124
102 123
6 140
30 99
123 168
72 163
127 139
22 121
109 192
140 187
37 190
55 86
113 120
7 180
49 194
85 120
107 167
95 176
72 161
78 148
13 148
138 189
43 191
54 112
162 189
1 192
7 83
77 144
3 50
120 129
11 193
43 185
109 139
23 196
95 158
81 124
101 190
24 32
53 134
27 57
11 189
34 174
40 51
77 138
29 138
71 113
137 159
42 74
199 187
75 105
1 11
6 188
12 109
12 148
18 107
16 120
9 80
43 119
36 59
35 140
25 173
42 120
164 183
114 150
145 194
24 98
111 159
11 24
175 184
32 192
0 120
20 119
18 128
188 189
125 136
45 53
146 147
76 139
90 177
57 70
1 39
156 177
198 175
83 134
66 110
65 129
199 109
54 131
132 148
67 77
43 144
136 164
173 184
101 177
33 116
197 175
130 166
42 159
46 111
32 143
125 130
71 143
27 133
65 187
19 114
88 136
92 135
2 181
139 173
36 69
35 80
28 104
11 181
15 56
25 101
58 100
92 149
5 185
20 131
9 47
6 63
4 49
67 130
36 128
5 83
92 127
115 168
66 189
31 153
4 91
54 155
199 122
91 172
55 155
48 198
33 193
132 156
75 94
36 53
127 194
42 57
1 109
45 89
46 154
2 39
166 191
18 134
55 115
54 105
196 143
162 184
84 163
74 190
106 167
7 190
68 194
74 101
66 154
62 76
117 184
30 172
39 182
77 185
5 66
118 182
53 184
2 38
63 93
8 140
147 151
161 165
26 114
39 138
180 188
197 192
84 156
164 192
74 83
50 54
5 186
91 155
83 109
48 118
49 199
124 170
132 140
36 85
31 135
19 168
71 196
4 171
35 147
124 165
116 184
32 78
57 120
17 185
60 198
74 156
36 55
198 22
128 162
131 153
61 116
140 185
21 111
9 150
111 166
133 164
47 51
148 163
42 191
47 160
109 185
11 104
118 138
22 86
168 185
109 131
26 119
94 111
70 196
38 65
113 170
27 58
44 112
48 105
196 99
114 131
71 119
3 20
196 75
117 164
12 84
89 193
119 168
108 172
154 190
6 119
14 164
158 163
186 194
43 128
26 189
94 147
153 175
70 169
172 189
17 158
58 82
51 133
82 144
37 39
59 115
139 198
88 137
130 181
80 105
103 156
13 138
44 85
139 147
19 182
59 141
60 134
43 45
149 181
11 33
58 163
104 151
21 24
16 125
86 114
138 178
94 125
28 99
198 80
85 89
15 46
129 133
197 65
9 175
124 179
76 102
77 113
17 147
30 168
72 176
9 149
31 61
19 178
126 180
52 185
46 100
137 139
198 190
6 55
107 144
199 181
26 28
18 122
125 142
88 163
17 168
90 171
35 145
70 175
134 154
55 118
116 137
71 177
2 6
55 126
103 191
1 26
88 193
5 199
23 46
119 129
61 104
41 83
21 144
161 184
23 149
2 66
54 58
145 160
39 194
137 166
129 191
60 181
110 119
21 132
150 188
32 102
159 169
128 187
184 198
6 196
41 157
52 110
60 175
117 144
4 79
37 155
167 174
196 148
13 90
105 117
22 161
51 122
125 195
30 155
38 150
44 93
29 194
50 129
15 156
11 192
36 64
2 159
108 122
49 61
32 76
51 167
135 141
15 169
197 19
56 196
124 159
93 134
51 156
71 80
157 166
6 108
16 188
98 163
19 69
94 114
60 161
22 120
85 126
7 169
86 115
74 80
56 157
0 53
109 151
168 170
1 76
48 165
21 89
135 148
101 163
12 31
94 177
6 27
149 188
94 117
14 40
181 183
24 73
38 108
113 138
23 27
181 187
119 178
61 162
157 197
5 180
10 31
49 92
62 124
72 110
51 76
196 64
56 188
120 127
49 96
93 199
18 78
135 191
18 155
102 181
30 109
38 120
137 162
92 159
16 20
18 87
92 170
12 190
196 3
90 151
61 150
20 159
134 185
73 87
161 166
12 104
54 146
30 138
125 159
45 49
50 62
41 76
181 194
142 148
5 157
161 174
149 152
88 118
94 174
46 196
19 103
109 153
100 169
1 146
120 150
14 43
109 168
109 152
39 193
58 140
12 99
58 141
62 107
108 191
8 137
134 144
78 129
92 100
140 158
31 75
95 125
198 128
129 130
27 85
46 169
35 163
197 23
61 83
58 113
44 115
62 83
148 198
61 165
198 56
31 94
119 140
37 154
19 146
15 168
14 179
140 149
78 193
10 190
135 163
150 168
55 198
25 118
12 120
92 110
62 188
63 151
162 197
197 129
12 114
131 186
29 50
7 97
75 165
83 129
105 125
23 121
23 118
44 98
95 142
68 75
196 100
32 181
20 180
17 33
75 97
17 22
89 116
7 170
78 99
4 62
146 148
179 183
119 141
136 179
122 148
110 180
33 60
91 93
16 165
62 116
154 185
5 112
36 91
79 199
12 123
87 155
90 198
77 183
79 155
140 199
23 179
41 45
83 116
72 89
31 99
10 132
105 116
93 162
59 130
60 93
67 142
130 178
12 141
79 194
75 146
55 187
66 127
99 194
78 145
53 96
105 188
32 158
89 94
121 124
165 192
114 182
125 131
198 39
59 164
18 116
118 150
99 113
43 170
58 186
38 69
65 193
46 51
68 180
53 138
11 130
37 80
115 121
90 174
123 144
16 133
24 52
122 175
197 152
62 166
44 99
128 134
176 191
6 69
49 71
57 130
8 93
89 141
179 192
0 92
69 108
74 172
63 135
86 193
124 180
76 100
62 87
72 160
22 72
30 118
110 115
197 85
93 160
17 29
26 127
31 55
106 183
143 195
28 32
50 108
91 197
61 92
9 194
44 84
31 32
104 176
56 120
156 193
148 172
12 56
54 77
104 179
28 108
165 188
111 116
177 198
46 93
2 19
74 152
55 104
98 174
32 190
57 106
87 129
25 190
29 92
104 114
84 175
74 167
48 99
10 123
17 46
0 55
44 156
17 76
177 185
44 117
52 169
58 172
171 183
19 136
2 90
53 84
50 149
9 28
29 154
66 84
131 170
1 36
136 171
197 92
43 86
165 175
70 90
92 192
59 91
96 174
145 158
172 179
40 49
4 76
101 115
3 182
196 26
56 144
78 98
77 89
21 31
164 186
2 130
127 128
56 88
6 39
133 138
111 143
100 124
92 126
102 158
97 122
95 130
19 68
119 164
60 121
149 160
116 142
97 137
35 113
141 184
24 29
46 144
80 85
36 142
39 141
143 199
66 173
199 12
27 197
84 108
12 169
54 69
51 155
9 133
17 53
43 164
71 132
60 163
80 118
149 173
24 126
25 99
102 144
150 151
2 151
38 94
25 174
157 186
143 157
107 156
42 99
15 95
197 70
86 90
197 63
123 156
197 51
132 166
1 30
112 121
75 139
93 132
10 198
78 159
125 139
122 135
87 98
47 57
12 47
1 97
64 136
84 87
54 122
4 175
32 74
76 142
105 166
11 157
95 184
56 130
27 153
0 178
197 1
36 177
65 114
9 195
100 140
21 46
139 171
32 139
6 92
128 165
8 191
0 133
7 63
133 157
4 151
2 4
99 149
153 198
101 147
97 139
8 161
198 18
22 197
73 198
13 185
46 63
1 184
45 184
56 135
48 168
22 169
59 157
27 72
22 181
103 148
20 84
12 126
45 55
20 126
8 48
48 115
113 178
30 170
107 170
118 154
104 133
32 109
6 162
65 146
91 179
129 171
3 47
59 110
198 0
40 126
28 154
152 182
46 145
139 196
84 154
8 13
140 172
41 183
20 165
11 45
161 199
70 81
122 197
31 90
69 88
26 104
21 149
42 173
103 114
172 197
103 182
70 160
94 102
21 56
69 193
6 155
69 114
48 89
67 139
30 171
11 75
98 140
127 158
133 180
29 144
176 177
106 198
25 89
93 167
57 89
141 149
45 161
42 156
70 111
40 188
10 38
39 172
162 196
8 175
20 176
34 191
47 112
20 108
62 149
56 101
89 131
100 164
65 107
137 182
6 78
41 196
8 82
71 109
45 128
14 145
108 155
53 80
36 129
105 153
11 172
83 89
8 143
38 111
197 26
107 183
85 131
33 174
76 101
102 187
181 189
37 112
9 99
35 108
106 159
82 127
96 143
131 195
41 146
39 143
41 127
103 181
28 55
9 132
113 166
199 135
55 170
98 145
43 167
161 183
88 166
34 110
120 185
33 47
8 170
196 124
0 48
113 161
71 86
12 57
16 73
159 189
33 55
19 156
143 162
196 93
97 170
27 199
45 52
20 166
26 95
43 123
44 113
1 117
22 128
5 30
32 60
193 194
19 48
86 98
59 137
26 92
65 162
196 65
138 157
32 118
114 130
33 95
149 155
81 89
90 196
148 179
163 174
38 183
106 149
4 144
132 177
142 199
19 181
45 75
24 186
103 143
22 188
15 66
150 198
83 142
94 127
46 135
26 147
178 197
115 137
29 127
87 105
125 175
60 194
196 134
29 111
120 170
8 193
98 107
82 150
41 44
47 102
5 48
18 108
78 168
121 129
64 146
18 67
117 158
82 86
26 54
71 93
170 193
23 62
27 180
79 137
43 82
166 185
55 195
25 91
52 140
143 190
111 172
34 166
113 119
50 139
78 115
79 122
35 111
15 186
17 26
105 136
2 82
53 186
37 93
33 83
3 173
100 125
74 88
48 169
71 87
135 194
0 154
65 80
113 124
91 157
97 127
30 149
89 190
71 161
52 99
64 115
130 186
75 106
9 105
197 191
136 165
82 184
144 165
65 178
13 32
118 186
196 178
22 168
86 142
79 92
56 74
106 123
197 35
182 186
32 36
0 81
117 166
42 113
24 164
143 148
128 131
27 163
88 156
12 151
168 175
65 74
179 197
40 192
90 194
135 158
14 161
3 34
56 66
37 78
109 195
142 174
13 168
99 166
37 186
8 42
105 145
105 165
150 185
87 126
132 155
0 131
14 21
125 167
166 170
51 96
89 182
198 96
166 179
22 74
129 193
11 145
9 102
8 84
32 126
11 150
155 169
66 69
44 79
29 132
105 163
4 199
137 160
22 69
127 174
10 166
61 175
83 108
16 88
128 185
70 136
76 131
163 192
30 152
35 42
120 162
93 95
63 199
44 198
199 84
198 166
31 147
19 75
60 165
81 195
105 184
4 95
9 193
124 132
53 136
93 129
112 117
90 140
24 199
65 138
50 181
116 182
89 167
75 195
75 108
11 120
37 133
100 122
57 80
63 132
29 134
128 175
154 188
5 171
22 119
42 78
10 19
45 193
116 118
177 182
72 168
46 128
125 181
101 152
133 149
102 126
48 78
90 106
30 102
32 50
155 195
80 104
41 123
102 171
139 189
37 196
20 80
198 176
52 175
90 163
122 162
51 103
110 161
71 107
47 177
198 72
64 86
77 99
55 152
11 83
9 78
35 173
118 168
40 60
7 112
196 69
92 119
49 52
150 178
124 146
1 169
52 135
67 146
3 154
93 112
43 57
161 163
35 58
172 181
59 93
34 179
73 109
99 148
79 181
28 115
59 195
53 182
56 71
77 110
37 161
26 129
40 169
164 168
50 69
9 111
0 194
53 100
108 119
53 152
30 33
112 186
29 174
18 113
102 146
79 147
13 190
82 129
93 188
16 168
138 145
28 184
49 160
23 56
146 154
62 178
16 22
120 178
142 196
14 121
113 154
133 186
77 119
110 150
110 182
13 187
0 59
8 101
33 153
37 169
105 127
73 180
83 181
2 122
84 189
2 177
46 181
72 92
113 187
60 145
148 178
29 104
47 113
38 199
42 189
73 77
186 190
191 195
127 162
119 154
33 96
27 50
28 101
68 185
169 186
12 89
125 191
97 128
52 158
155 165
72 174
84 171
121 156
68 195
124 137
131 188
92 154
75 193
148 190
199 157
44 109
54 79
22 178
62 171
99 135
52 73
115 155
98 191
90 155
16 152
37 103
57 132
8 124
93 197
145 168
23 130
4 139
45 84
28 191
5 156
161 192
74 138
69 135
74 85
185 188
144 178
7 19
20 30
59 182
136 166
23 116
10 37
135 150
63 80
51 83
3 13
8 23
65 88
82 95
44 167
148 182
87 140
135 168
80 83
3 166
70 144
140 144
66 90
64 68
26 57
108 114
21 182
111 121
79 178
123 189
62 127
63 76
14 156
41 106
52 103
22 87
81 88
135 156
17 98
132 152
98 158
59 127
70 170
136 176
175 177
85 118
30 158
1 14
26 179
93 171
2 193
11 178
135 178
107 115
51 193
67 108
77 133
16 121
198 71
51 150
36 118
64 134
24 54
60 150
104 152
199 43
122 188
46 170
92 98
198 98
28 67
16 104
71 77
27 110
25 146
38 90
137 192
1 10
64 76
138 144
17 18
35 74
148 164
68 161
16 171
49 195
68 77
120 161
75 197
64 129
184 185
31 81
22 99
68 169
20 127
18 156
121 126
47 126
134 173
21 130
54 163
53 118
21 48
106 189
110 134
36 47
104 157
6 157
138 180
2 85
87 161
131 197
18 115
73 151
125 176
2 47
60 97
45 168
199 126
6 98
9 191
10 52
27 170
144 185
120 154
98 154
174 178
98 106
174 183
4 142
96 176
11 151
88 127
29 61
61 86
41 46
6 79
11 93
31 166
25 33
29 148
15 59
23 111
72 102
11 132
147 154
118 176
199 133
111 151
7 158
59 103
73 81
29 39
31 45
30 128
17 68
99 164
46 132
18 192
163 166
43 156
196 10
6 126
46 96
33 92
12 127
131 150
24 105
83 187
75 140
58 99
13 25
129 138
74 184
135 195
110 135
13 105
197 107
8 113
93 124
122 163
104 144
7 16
29 35
39 184
49 192
66 184
4 108
48 124
45 162
14 25
10 178
49 197
38 155
28 58
54 190
38 176
143 149
185 199
0 86
74 139
188 197
68 118
89 117
130 155
76 165
81 95
61 149
30 112
13 140
143 177
30 41
51 58
9 60
10 101
45 179
102 194
137 184
196 121
156 166
55 89
1 134
66 195
163 170
96 135
99 103
9 172
111 180
99 108
44 187
107 171
53 90
99 180
48 171
124 151
1 124
52 92
8 14
177 193
29 91
20 99
13 89
108 120
188 194
37 192
34 173
57 95
83 199
197 176
26 153
101 113
72 122
56 95
21 78
62 155
53 68
78 126
4 73
31 74
105 142
146 160
100 189
92 139
17 38
4 52
22 139
1 127
37 101
73 118
79 165
12 191
25 125
57 190
26 101
116 143
24 112
7 44
17 39
123 176
43 178
21 36
196 188
32 117
114 190
38 85
18 166
10 144
11 92
75 170
92 134
170 186
37 94
1 102
27 47
97 179
166 186
39 90
65 96
197 18
138 183
70 104
150 155
156 181
89 120
2 154
31 71
11 139
18 64
87 136
56 106
19 105
28 138
104 154
36 68
13 120
106 153
20 115
19 184
33 58
26 41
87 158
27 122
30 44
4 100
3 51
37 90
45 195
71 187
100 102
30 195
121 192
44 133
105 120
8 85
97 165
65 130
15 114
9 54
17 28
9 118
45 118
148 169
97 109
165 189
172 175
13 106
64 100
126 134
65 152
27 148
109 115
25 85
97 136
146 155
40 137
155 183
54 144
101 130
95 183
14 90
163 188
53 63
172 199
72 101
59 143
39 49
27 38
19 127
147 186
21 154
49 59
104 141
19 98
127 166
199 36
11 79
80 166
170 187
2 21
127 145
43 68
34 190
145 154
107 192
49 175
27 77
118 169
5 34
113 125
53 163
8 49
51 120
150 162
32 185
145 164
54 191
11 163
109 125
50 162
71 163
88 183
199 150
85 105
86 160
54 110
109 179
127 192
10 28
32 151
69 79
59 132
28 196
38 95
154 196
10 158
65 133
2 192
132 162
20 158
92 133
54 135
112 148
58 129
199 170
109 127
107 193
54 141
19 22
129 148
33 132
159 164
189 199
1 165
0 174
90 124
6 12
8 171
1 7
167 193
187 192
91 166
26 192
26 69
45 87
97 140
181 196
90 128
79 139
29 48
86 185
107 120
122 127
4 44
59 75
47 150
18 30
57 114
41 113
29 188
95 133
100 150
14 94
5 82
49 72
0 65
4 122
1 70
63 196
17 60
1 47
18 190
37 110
45 74
158 162
74 182
30 55
18 150
153 159
108 192
89 169
22 33
75 190
72 74
69 89
151 197
167 179
197 53
131 135
62 141
86 124
75 144
21 27
116 139
122 141
13 49
40 82
9 119
32 66
1 79
31 39
68 98
97 133
73 106
140 197
51 138
27 41
77 116
125 196
60 187
10 176
96 126
132 134
15 158
180 181
138 170
14 30
23 94
80 92
40 98
92 94
61 184
50 136
196 157
107 109
0 28
12 74
50 60
32 85
61 119
27 156
143 192
164 180
152 178
29 69
91 141
55 161
150 195
20 160
88 107
132 196
111 175
18 163
19 187
88 162
130 132
133 154
6 8
64 192
85 125
95 147
29 193
86 179
70 194
61 124
42 108
9 86
27 51
197 58
96 158
17 86
60 157
12 108
78 143
92 125
25 149
22 27
67 141
197 30
86 146
9 46
69 168
1 64
125 177
88 191
108 175
28 188
103 141
112 150
61 78
50 177
6 54
111 158
72 185
144 194
5 51
105 190
0 57
89 109
3 8
36 135
20 53
23 107
130 136
5 116
45 48
72 140
4 81
114 176
69 191
199 32
10 64
6 139
1 132
159 188
109 112
30 89
115 184
94 135
125 162
49 156
41 192
145 198
147 187
140 195
110 192
15 39
115 146
3 114
46 168
75 199
88 142
196 12
116 141
80 161
70 157
76 161
167 173
56 192
96 182
25 175
39 158
199 141
6 156
24 143
60 80
50 155
198 29
27 131
26 156
57 197
122 186
115 157
107 175
76 138
9 84
47 132
3 152
22 171
187 189
25 29
86 149
24 70
4 186
21 58
16 182
101 117
47 142
120 195
87 147
21 79
21 194
32 86
3 151
66 190
17 136
36 106
54 56
169 177
84 94
68 172
66 160
18 54
91 116
29 36
21 87
106 158
126 164
159 172
55 179
49 91
32 57
24 121
66 70
137 164
123 161
69 169
39 126
115 126
100 183
19 50
114 192
62 157
79 158
97 199
110 164
91 101
29 191
88 91
52 194
107 157
96 178
91 138
4 33
136 175
86 140
76 83
101 127
10 134
95 132
20 43
116 180
62 106
8 76
13 101
198 136
37 157
8 174
37 84
24 196
87 94
153 180
65 143
40 99
132 135
59 100
25 67
106 116
18 133
196 89
80 194
6 107
62 109
16 136
50 135
1 120
22 46
146 164
105 135
40 133
59 70
9 20
130 172
53 162
14 85
32 82
22 25
26 85
65 165
3 187
77 96
11 66
32 198
67 151
165 186
51 124
2 98
80 159
61 173
2 57
77 160
56 158
67 187
42 71
47 195
30 106
68 102
93 194
78 93
134 184
88 174
1 52
142 158
54 178
172 182
137 143
99 199
27 101
45 66
178 193
196 156
105 178
61 114
19 62
83 113
116 160
106 185
176 190
139 194
57 153
118 120
38 98
16 199
24 28
74 114
159 171
4 45
98 113
14 79
79 138
145 195
69 147
160 179
65 78
172 194
13 158
33 196
43 145
47 100
79 132
179 188
49 116
59 68
84 111
36 67
151 177
177 199
109 155
29 145
103 149
29 124
7 87
70 121
31 106
196 106
14 194
29 54
19 73
126 195
41 179
14 106
53 133
33 86
6 160
2 76
104 180
136 142
47 169
20 76
128 171
65 127
73 124
156 163
138 160
37 86
42 75
4 12
199 76
45 119
92 141
41 68
70 94
12 93
43 49
13 160
140 177
32 173
19 66
48 131
25 162
17 90
3 71
40 65
33 41
30 192
98 115
23 141
15 44
57 64
87 116
18 19
162 172
17 177
101 128
80 120
37 97
6 95
90 189
71 131
66 164
130 168
14 196
53 143
182 198
156 169
35 92
19 47
73 127
21 150
33 75
3 138
80 187
125 180
2 13
73 115
17 19
145 152
56 90
41 67
72 157
71 134
199 35
179 191
119 177
107 128
158 190
101 186
113 177
85 155
27 56
111 140
19 143
197 167
99 134
66 99
75 81
51 70
71 190
129 166
23 159
14 58
71 102
23 126
44 196
3 19
54 129
99 188
94 154
10 16
116 172
56 148
7 138
198 23
64 169
14 38
26 164
0 103
74 155
197 109
105 196
46 152
99 127
174 184
87 99
101 123
13 191
47 186
164 188
61 185
62 94
26 103
60 184
141 167
8 108
20 77
95 164
60 148
64 66
81 98
114 140
133 160
16 173
93 184
92 147
58 190
51 126
140 175
80 199
101 134
96 98
105 133
198 179
104 182
135 196
140 142
66 175
24 68
18 61
3 101
3 12
54 173
114 143
32 34
199 152
13 166
129 196
130 149
12 79
20 88
146 152
77 187
16 110
102 180
118 125
154 198
86 163
37 183
54 73
34 188
56 168
197 103
79 129
111 182
32 100
112 137
196 74
99 114
82 139
105 140
64 164
42 132
46 49
115 153
3 15
85 148
127 160
21 38
52 95
160 178
9 184
54 74
63 182
15 38
11 13
127 176
21 140
79 176
52 58
57 79
82 124
103 117
4 107
80 123
63 65
61 74
113 114
161 181
108 145
60 95
60 142
87 183
28 145
114 152
22 107
5 87
67 168
35 183
17 191
36 58
68 120
114 187
196 115
55 65
14 49
13 97
20 98
142 179
82 152
68 86
159 196
99 120
116 156
166 175
69 81
38 45
47 87
44 155
87 145
68 146
20 123
103 104
81 150
70 122
128 149
91 181
61 144
120 167
120 179
89 105
20 161
82 196
95 172
120 151
87 91
97 180
39 187
39 197
95 107
171 198
130 157
59 174
161 170
72 113
66 102
117 161
15 63
82 192
33 97
113 121
16 17
36 79
12 121
6 179
11 48
55 133
2 61
38 71
33 61
97 124
39 96
75 145
10 33
125 137
48 91
59 102
9 13
2 84
123 148
8 25
6 18
23 124
99 142
110 140
69 138
82 191
30 136
32 91
73 99
11 81
4 156
10 186
20 97
58 123
81 146
48 136
197 68
35 76
30 198
196 88
109 132
55 59
84 145
34 113
2 9
7 92
3 178
7 199
183 190
15 122
48 114
114 122
90 115
15 79
2 35
64 184
48 54
77 120
28 123
51 67
51 100
156 188
92 153
141 161
108 173
31 62
10 91
109 162
26 65
52 159
180 185
196 107
13 51
5 165
55 88
119 153
196 97
115 116
42 139
99 179
40 103
143 176
58 77
148 189
41 53
43 78
117 152
36 165
197 121
120 188
52 178
81 182
116 127
69 185
97 105
96 195
56 115
188 199
117 119
8 73
41 136
88 124
0 90
29 197
5 89
148 157
75 173
106 134
6 164
47 80
28 88
125 187
19 109
4 127
29 115
108 174
122 192
132 161
24 197
35 181
70 182
199 30
37 151
84 138
7 157
25 111
97 185
132 171
67 96
70 171
10 157
45 196
50 148
80 98
97 193
60 128
152 171
23 66
78 82
73 174
80 189
196 13
55 106
10 133
144 187
46 127
54 97
165 167
78 127
102 148
43 168
35 119
75 117
138 190
146 179
37 114
39 61
56 125
109 114
15 108
21 192
79 166
43 162
104 191
62 173
23 142
38 180
76 145
18 95
40 88
7 23
46 130
92 101
39 123
31 43
83 114
86 139
10 168
80 107
96 108
6 66
89 174
70 123
11 190
88 126
83 146
8 149
6 151
67 90
119 192
32 142
11 71
117 124
61 99
87 165
138 199
13 92
87 137
8 69
121 187
54 101
3 79
118 129
58 165
54 59
87 151
77 179
24 179
15 109
10 130
101 144
39 109
170 194
46 55
111 164
62 179
12 171
35 139
11 116
3 160
50 132
28 199
15 117
20 45
32 153
83 153
132 137
20 32
74 140
7 161
99 129
30 83
61 117
82 120
113 118
46 179
17 167
25 185
150 179
166 190
75 143
126 142
48 121
4 11
14 75
9 123
15 55
109 121
144 145
96 122
125 133
67 114
64 156
56 163
98 195
71 90
101 197
76 84
35 143
149 170
109 124
2 41
65 140
0 76
98 116
45 167
53 176
75 95
60 68
33 108
21 49
97 167
42 142
84 172
88 99
95 134
72 137
16 167
10 159
58 167
50 98
39 93
2 54
111 120
1 101
13 60
195 196
47 115
7 120
69 82
123 169
80 84
11 37
51 152
51 127
5 102
7 114
62 197
61 159
8 61
114 126
35 81
85 137
31 115
154 192
24 181
13 88
47 183
51 140
69 199
26 90
35 132
157 184
43 101
65 113
67 138
16 54
8 66
197 34
2 144
62 150
65 155
27 65
66 103
169 170
196 198
54 159
18 81
72 183
89 198
139 154
65 117
67 129
18 26
6 146
56 61
4 193
90 188
31 40
117 136
47 101
23 174
18 145
31 52
109 133
135 189
33 146
85 140
118 193
23 58
32 87
98 105
103 146
32 136
18 42
27 107
39 89
78 177
2 37
103 159
146 191
57 149
10 36
143 182
32 150
27 79
16 34
135 140
198 35
36 123
146 186
77 115
196 43
40 124
71 199
64 145
93 138
199 81
83 180
60 182
57 105
178 187
93 118
22 23
32 134
174 190
59 158
112 135
22 190
123 191
96 159
15 53
83 152
43 96
141 191
127 157
4 22
73 103
132 160
199 3
32 138
18 44
25 103
11 113
34 171
28 35
60 71
25 68
164 182
68 69
48 85
108 141
123 194
55 96
19 152
111 131
65 194
38 81
8 51
95 117
34 40
101 196
86 119
60 162
77 163
25 172
4 66
62 98
8 150
74 92
199 194
8 167
100 131
31 190
113 192
36 104
33 134
126 179
45 178
82 143
4 102
4 94
112 136
37 162
14 24
129 162
36 187
101 192
0 111
22 189
106 113
50 193
111 125
41 186
69 189
25 156
52 165
90 102
8 31
11 187
0 95
8 9
80 139
41 115
6 80
136 158
48 191
56 179
21 102
1 53
76 124
198 118
130 189
160 168
43 97
196 158
102 184
42 119
9 43
41 161
99 186
70 133
146 187
111 181
60 94
112 149
94 190
10 81
82 180
125 198
50 107
16 48
79 97
69 149
32 38
95 156
41 117
33 188
67 98
98 149
20 57
143 184
180 189
196 67
19 40
72 94
166 194
144 181
55 192
90 176
130 198
63 179
16 111
107 135
32 130
49 125
131 158
77 139
71 186
43 150
16 140
47 93
1 188
35 176
74 143
96 139
54 172
180 184
100 115
65 103
47 97
36 124
129 181
133 158
71 144
22 91
43 147
8 19
82 125
60 117
90 100
69 120
63 90
6 144
7 149
25 150
27 149
7 154
8 176
94 187
176 195
91 133
59 138
112 134
45 63
8 169
38 153
33 93
33 160
2 131
104 195
57 193
88 148
65 95
98 111
111 187
9 10
1 83
85 159
22 82
96 150
50 91
98 173
91 104
111 157
44 161
157 159
85 102
14 104
37 119
185 193
75 171
34 49
134 187
132 186
124 178
172 176
89 191
71 111
50 89
166 168
199 59
34 172
38 149
7 155
153 160
96 131
42 85
45 65
56 133
79 82
20 86
63 178
147 162
113 127
39 72
59 108
99 172
9 79
134 192
79 184
0 127
25 171
159 167
81 90
21 184
22 89
36 77
28 181
18 39
21 110
119 132
97 144
116 147
37 92
56 112
142 149
55 81
47 144
4 7
36 82
34 54
4 128
97 143
91 165
50 130
6 48
43 151
11 166
32 177
85 156
30 174
58 69
28 185
142 186
198 81
90 146
29 90
34 170
8 188
77 107
17 64
26 27
35 98
199 85
31 185
43 122
38 41
94 166
56 122
3 23
51 94
144 146
24 141
27 186
48 56
49 133
5 188
38 121
10 75
96 184
168 190
64 87
82 136
14 140
12 23
115 187
61 123
38 167
33 151
41 155
78 171
111 139
78 104
117 142
56 162
5 54
113 164
51 182
91 198
28 98
8 89
8 131
73 161
137 195
5 11
160 164
64 153
56 173
88 170
15 184
45 50
139 186
169 181
49 53
133 171
14 103
127 177
143 191
5 129
31 181
30 50
129 151
57 140
98 152
24 163
52 59
72 128
160 196
52 102
117 183
196 191
107 111
55 176
16 26
44 71
199 23
5 192
63 94
61 153
82 117
28 83
58 83
14 185
11 175
25 53
147 188
152 160
89 192
69 104
21 80
139 166
138 164
11 121
0 171
75 127
30 63
36 108
87 193
88 153
130 173
92 157
58 72
24 26
89 113
115 130
94 185
10 156
43 177
120 155
101 138
85 113
57 119
59 181
104 127
19 191
13 197
64 120
75 92
67 144
141 178
94 143
3 150
28 89
0 23
78 192
42 121
4 153
21 173
46 72
120 146
39 129
41 168
4 80
92 171
199 156
65 86
29 95
189 197
49 163
61 75
59 66
88 131
16 42
154 155
70 128
22 147
10 125
22 60
110 169
86 180
67 122
72 79
75 157
84 181
97 114
133 140
98 129
18 105
45 188
74 131
120 141
104 105
69 158
114 132
4 133
184 191
64 98
1 73
153 169
77 105
29 105
80 101
61 115
137 146
7 59
54 90
64 183
168 178
28 85
37 177
59 99
134 165
197 38
157 177
25 144
9 127
174 191
22 122
45 97
90 168
98 180
78 196
83 131
1 114
97 154
32 64
15 155
196 116
155 179
16 21
28 46
2 162
29 99
74 103
52 147
122 194
178 182
23 52
131 147
196 126
28 157
24 152
15 58
5 167
32 105
52 183
199 45
52 180
40 196
36 166
50 143
42 63
100 176
13 65
36 145
102 186
68 131
36 41
34 56
83 191
67 70
29 47
151 159
75 189
24 36
91 164
45 76
105 152
159 162
25 123
61 186
40 44
9 11
10 140
14 34
49 113
3 9
148 150
106 190
20 49
11 38
57 156
14 182
66 128
31 123
58 154
33 87
65 159
21 190
114 134
83 163
76 159
21 100
73 126
88 98
119 144
120 196
29 59
48 197
37 67
19 117
198 75
78 107
151 163
53 122
88 182
35 72
134 163
74 157
161 162
89 166
116 162
168 195
26 112
54 151
29 181
28 105
40 42
70 105
49 148
120 193
58 92
50 93
61 71
36 151
9 16
170 173
35 49
92 137
8 164
92 124
17 43
49 80
36 40
97 107
35 96
11 15
5 28
107 116
196 79
30 75
86 169
26 169
16 74
79 145
44 186
197 14
22 154
12 138
61 141
6 86
9 145
29 123
36 164
127 164
17 62
116 199
24 100
86 148
25 187
159 191
196 112
26 34
54 125
12 28
113 171
105 143
47 59
59 96
164 171
12 37
55 150
96 116
89 108
134 140
67 172
4 70
24 40
155 189
28 71
129 180
171 194
14 126
48 63
98 121
69 194
127 197
106 152
27 144
74 133
65 198
21 50
145 199
23 86
8 190
78 150
83 130
23 80
109 123
173 193
25 46
12 41
101 116
43 89
149 151
68 137
39 142
20 75
8 27
83 123
37 139
126 152
24 185
60 197
59 149
144 192
125 174
95 179
16 131
62 130
75 104
136 191
31 144
187 190
74 100
57 158
152 176
2 89
95 188
49 165
67 131
131 165
86 129
71 150
112 115
78 189
2 194
132 168
8 146
2 67
80 167
4 87
36 131
57 129
42 130
84 95
116 169
43 92
78 185
151 155
104 106
51 86
97 191
47 96
32 52
11 129
73 135
106 118
115 158
84 99
71 145
72 187
65 161
7 70
6 183
65 124
22 172
166 197
67 104
7 75
94 132
92 178
104 149
114 178
43 141
75 119
2 68
55 184
72 116
80 171
52 195
127 170
0 35
129 175
38 44
23 132
69 163
44 191
59 88
13 40
1 194
66 186
124 187
30 173
142 159
99 193
12 91
89 170
50 84
116 166
17 105
66 112
106 186
91 191
86 116
62 108
0 187
118 189
20 29
19 74
14 62
18 104
22 67
34 109
68 110
121 146
54 88
0 109
158 179
1 159
124 191
21 75
84 105
164 175
137 187
21 59
63 185
68 76
136 141
23 175
54 149
7 48
186 199
71 75
27 179
40 84
132 151
182 189
2 86
67 183
82 121
89 194
59 147
72 124
32 195
76 170
24 94
35 37
13 83
168 182
140 171
174 192
117 182
197 156
80 93
17 23
25 199
97 142
79 89
93 133
17 42
166 167
14 56
6 190
34 86
16 78
45 95
71 127
15 138
117 162
0 105
97 110
47 103
64 83
23 165
26 124
144 184
13 15
76 103
196 144
10 183
172 195
22 37
71 153
182 195
79 102
44 189
133 176
23 106
32 179
198 21
5 68
18 77
29 73
76 148
42 69
39 149
109 172
0 78
80 115
48 133
146 188
67 91
19 151
198 101
22 130
17 170
197 17
4 141
5 191
73 189
15 85
44 95
35 106
77 101
72 129
9 82
22 173
174 189
56 142
198 100
44 131
20 112
12 167
64 163
101 182
69 165
122 176
12 29
64 141
197 95
92 172
78 135
63 158
112 165
158 160
85 147
108 139
10 151
41 47
97 195
14 96
58 105
161 178
6 64
101 136
80 113
46 159
135 183
49 83
47 114
79 154
24 144
56 185
66 71
98 170
44 177
77 83
139 163
15 25
118 164
88 181
20 54
21 188
141 147
138 167
8 54
157 192
20 164
67 121
22 111
118 192
102 108
150 154
122 131
50 90
106 135
29 87
28 87
73 196
20 38
62 133
30 77
85 117
130 176
96 120
123 126
3 11
175 193
78 120
7 94
116 186
73 187
33 122
103 163
176 183
40 158
7 47
46 161
59 85
48 184
15 94
11 28
197 25
14 108
56 193
33 161
29 110
33 49
93 102
93 189
197 66
2 199
133 184
56 94
83 186
31 87
25 109
166 192
2 78
116 187
198 36
44 92
9 183
64 128
24 67
23 87
96 177
30 69
23 35
143 170
98 104
29 119
0 68
98 181
7 11
3 87
197 83
41 134
198 41
64 159
67 127
31 51
16 38
41 194
52 116
100 194
23 183
198 129
121 164
113 188
96 112
55 110
75 113
77 91
26 122
110 144
29 31
19 29
60 91
19 183
13 193
38 145
180 194
165 198
12 107
132 158
7 32
101 166
196 19
73 141
44 180
128 148
66 198
81 113
89 176
162 183
41 63
114 135
4 60
138 152
69 198
40 113
34 121
79 120
64 151
61 90
23 102
170 179
42 76
68 72
74 192
125 158
2 58
53 115
51 72
20 52
36 101
154 172
10 22
102 131
5 166
112 155
58 132
54 184
83 178
1 65
25 120
37 145
98 128
81 143
12 170
122 183
39 108
57 82
124 136
13 184
16 60
57 163
32 54
87 170
17 92
17 123
29 94
15 178
199 155
70 180
36 159
24 195
72 125
0 149
13 82
54 118
148 149
32 127
76 189
147 173
94 146
149 178
2 71
0 2
88 90
109 154
90 131
56 62
27 171
138 175
198 99
98 141
57 68
42 167
7 141
87 190
197 43
85 138
152 168
192 193
38 163
166 188
134 180
150 187
104 119
50 171
80 132
18 106
58 71
92 143
20 96
56 64
89 152
87 128
191 194
107 142
58 181
0 71
61 77
170 180
3 148
19 108
17 87
28 79
14 27
60 66
119 150
170 182
9 174
57 150
19 37
118 175
48 69
92 113
199 125
83 192
50 104
20 184
91 195
66 170
27 124
43 118
51 188
94 149
82 111
153 174
61 87
136 168
18 181
84 164
22 85
7 119
53 147
21 174
108 197
84 153
22 144
27 147
42 68
36 126
132 167
83 133
136 139
66 151
143 178
129 190
155 180
88 154
38 88
17 80
0 184
45 70
22 77
0 126
51 198
44 59
27 70
27 68
165 190
31 128
59 64
42 86
0 137
104 155
148 193
34 169
39 68
15 52
