195 66
86 212
132 222
1 208
24 41
211 84
60 196
46 120
165 224
222 123
65 210
69 198
149 155
35 147
47 48
66 183
18 28
30 39
62 213
6 201
112 193
6 192
86 122
80 173
77 139
132 197
217 53
222 143
21 77
72 92
211 195
49 171
63 186
40 49
202 145
71 179
135 164
80 153
50 192
41 157
198 68
215 91
76 118
24 205
161 218
172 185
134 147
41 210
85 145
105 184
203 111
199 220
114 192
223 53
51 124
59 180
2 4
220 48
205 99
41 176
79 211
114 180
92 215
63 145
18 198
214 124
15 199
40 160
47 203
7 20
211 74
63 198
209 66
31 57
210 15
88 99
38 74
45 117
72 181
218 20
67 180
10 24
222 169
41 187
69 114
129 206
125 212
45 197
26 206
81 158
107 179
118 159
32 108
224 56
34 110
66 80
202 152
38 66
88 220
16 99
36 167
133 216
85 193
84 209
220 36
208 23
151 167
43 73
36 50
140 157
203 172
83 219
18 175
75 114
13 75
12 104
15 83
95 125
119 163
16 71
24 210
29 211
117 212
208 89
153 178
209 98
110 210
211 54
52 71
22 37
63 123
148 157
189 195
65 136
212 15
12 33
100 122
107 208
71 122
38 54
37 87
86 154
51 177
26 140
36 204
50 66
109 206
42 163
68 136
196 192
55 169
110 142
22 197
21 218
201 112
136 205
94 214
127 159
168 188
197 170
13 211
136 141
202 189
105 164
216 57
69 144
98 134
16 72
129 147
203 159
108 202
121 171
28 224
99 162
205 32
184 217
224 94
138 142
99 128
41 166
21 174
76 197
221 21
217 39
91 184
221 98
136 184
138 181
138 203
137 142
77 152
213 149
14 56
52 206
221 80
88 105
30 174
56 186
215 86
110 195
15 154
206 127
20 143
201 3
19 210
71 108
198 108
69 133
21 45
200 13
66 143
74 217
38 108
33 179
54 142
7 69
97 105
63 208
20 115
83 211
110 190
210 162
31 157
78 212
64 113
87 127
0 204
36 136
214 158
219 180
93 119
76 148
162 170
195 21
5 104
148 169
147 179
88 146
66 213
63 207
67 121
52 220
134 185
141 170
70 176
98 194
200 72
96 140
109 224
212 66
158 191
94 114
32 83
161 166
64 217
221 23
219 124
182 197
109 189
29 52
145 167
91 110
173 187
219 136
199 4
221 134
210 44
158 166
96 146
109 161
35 120
195 81
53 220
108 141
154 208
35 133
83 95
1 153
126 141
203 189
3 163
37 73
36 91
102 130
209 2
110 212
59 128
47 168
3 21
110 203
40 96
205 151
199 134
207 64
140 167
166 194
209 174
104 144
215 187
22 50
12 194
224 158
207 51
212 215
26 176
218 74
16 165
195 215
76 97
162 185
196 179
122 135
210 157
198 165
64 149
27 91
138 178
47 141
3 105
64 183
163 199
106 116
0 34
57 158
52 108
40 81
83 171
20 198
15 57
197 10
170 221
42 170
122 198
170 188
49 140
1 161
222 193
68 162
167 186
31 52
116 197
45 165
201 111
202 167
0 101
143 207
23 146
53 189
7 168
37 111
38 58
208 19
120 126
81 224
29 30
161 177
117 207
198 107
214 68
220 35
211 148
106 180
20 195
66 174
33 194
141 188
34 126
216 189
27 72
100 129
3 19
48 93
208 101
120 204
79 110
145 198
79 216
44 183
222 142
102 160
220 1
22 179
199 129
66 102
160 182
34 89
37 224
205 121
137 150
51 77
222 91
80 143
55 138
95 113
59 157
134 141
59 88
146 152
32 93
16 147
167 221
30 133
26 192
16 88
72 115
69 116
68 172
168 199
131 204
114 143
209 40
28 72
107 137
200 167
72 105
168 207
221 55
206 156
35 210
210 108
35 52
170 174
37 76
212 70
142 215
39 168
34 63
45 161
6 110
217 7
59 100
28 173
15 20
40 151
209 212
70 87
168 190
42 101
76 133
22 210
49 196
24 168
23 54
181 202
16 45
201 106
29 190
20 80
150 164
143 154
92 122
202 141
212 184
88 114
132 200
40 97
78 155
41 217
42 155
7 198
19 111
197 185
64 140
67 73
191 211
208 177
30 141
7 103
125 191
54 137
92 99
215 143
183 207
174 192
94 109
5 10
60 117
34 79
4 22
63 137
95 220
141 150
47 61
102 194
207 203
45 192
199 32
64 125
116 122
134 181
22 217
14 166
203 49
196 149
5 47
40 206
12 154
79 107
63 124
69 191
134 202
12 97
62 99
221 56
47 208
43 116
18 24
219 138
44 50
29 37
44 96
81 140
127 203
178 189
8 179
62 111
40 75
80 201
185 213
20 137
166 182
47 186
70 207
224 31
140 205
201 2
4 208
223 127
102 114
153 154
61 217
158 173
99 136
15 148
139 195
49 112
200 68
67 210
17 208
135 210
62 212
76 164
16 195
5 203
58 134
116 131
114 156
88 198
188 191
219 81
220 107
89 216
4 13
215 167
8 185
12 174
172 177
74 148
122 201
73 82
218 78
200 88
18 40
110 118
219 207
197 31
166 188
115 191
129 131
20 77
23 83
66 127
9 206
206 57
218 91
28 209
223 185
132 170
16 19
73 128
106 178
169 176
208 0
11 61
24 158
26 89
79 109
53 205
106 117
34 117
64 211
211 124
9 191
17 181
7 81
0 73
13 87
39 192
93 207
148 182
32 53
57 151
196 88
73 206
1 215
23 210
22 134
151 186
1 117
205 1
151 155
7 9
47 147
203 144
87 132
213 67
72 89
208 153
11 86
102 189
223 140
105 219
30 127
29 167
67 91
40 161
189 204
90 96
89 146
151 163
122 124
63 210
30 104
91 202
215 134
70 209
198 154
41 161
29 85
76 87
164 204
146 191
53 199
174 194
63 68
28 52
17 96
130 217
199 209
203 2
39 153
52 142
41 55
86 128
34 133
88 221
27 96
38 104
27 195
34 172
83 212
17 163
152 203
165 205
204 58
29 119
195 49
11 152
204 10
31 35
186 203
139 212
115 172
160 198
67 126
208 138
173 201
10 119
106 160
205 157
119 218
55 146
205 6
47 167
37 107
7 154
72 157
74 110
119 184
117 180
147 183
201 27
40 214
0 21
61 134
158 213
217 2
43 84
198 0
0 177
63 138
198 78
61 157
194 200
100 132
91 127
102 217
207 34
91 134
62 205
112 216
99 104
73 196
141 173
38 103
2 82
100 194
3 108
54 154
58 186
57 204
195 179
203 182
107 153
140 179
84 126
191 195
69 146
29 70
146 193
106 157
202 220
29 64
13 105
66 156
197 85
15 121
97 155
200 77
1 202
203 187
49 100
13 28
123 158
24 118
120 195
195 190
67 161
104 120
18 203
214 101
201 190
148 180
223 94
84 167
7 22
72 87
137 196
118 172
90 137
131 179
58 141
16 54
17 85
195 94
27 69
99 170
107 142
204 70
203 117
23 193
219 16
94 116
22 129
24 148
161 174
212 172
128 173
133 185
207 166
71 171
205 181
223 116
88 184
2 181
214 194
121 183
15 145
84 221
38 195
40 69
23 121
117 154
33 140
7 73
95 132
207 160
217 124
78 171
214 23
37 209
16 194
119 173
199 113
0 201
196 154
2 184
210 142
195 177
21 147
200 192
122 221
16 121
21 178
43 77
30 98
25 76
196 94
106 171
212 116
29 132
149 156
216 49
6 97
23 32
118 144
218 180
152 193
139 182
47 125
129 184
66 99
209 196
0 148
204 125
61 67
95 174
5 8
52 68
213 6
196 78
76 163
87 164
204 84
165 211
223 155
207 109
97 192
8 82
107 202
212 185
160 164
15 95
65 150
58 125
75 110
200 78
205 95
113 126
55 92
37 148
27 31
53 185
206 60
1 201
159 217
111 204
1 87
10 178
100 179
202 121
79 83
155 209
43 146
209 31
10 154
215 22
129 187
12 48
218 32
84 213
128 151
19 74
71 174
121 189
3 5
117 151
13 184
71 205
109 175
196 47
88 149
105 141
55 81
131 169
80 194
96 193
15 96
54 141
179 182
200 130
221 102
87 112
107 159
59 201
116 138
34 60
79 85
4 129
198 179
123 178
3 221
164 212
69 134
75 121
195 63
177 221
94 186
199 147
222 120
195 132
22 181
48 196
19 201
19 51
52 219
223 17
24 198
63 90
19 104
21 206
93 158
10 209
209 179
82 186
31 89
197 154
223 88
57 60
202 131
127 150
217 214
9 103
17 75
213 103
14 173
116 152
73 221
200 62
105 156
46 148
207 15
115 134
21 100
14 147
132 166
111 224
105 109
194 215
38 153
35 122
222 71
62 95
223 213
18 218
14 115
150 163
6 75
53 105
64 221
104 171
115 208
111 174
9 33
7 130
25 81
52 87
56 124
1 164
172 223
11 214
76 204
5 208
154 176
62 128
126 190
213 15
210 64
45 213
68 153
216 69
116 148
30 167
215 203
146 170
68 74
61 176
199 206
213 177
177 194
215 79
12 146
54 213
201 44
206 32
67 188
114 170
35 84
164 190
35 142
58 138
205 220
123 159
64 208
67 113
218 63
47 107
8 70
121 148
210 11
219 216
211 85
35 143
159 209
120 186
199 130
134 200
156 158
6 41
171 184
211 149
210 124
13 15
211 173
72 84
212 42
101 163
57 185
2 122
202 164
210 91
9 160
215 115
219 175
213 127
64 77
206 68
18 21
103 120
50 88
14 181
5 40
158 175
161 182
77 134
111 138
46 138
145 171
32 169
28 29
54 143
4 46
52 130
26 208
203 147
110 163
45 200
83 172
142 149
46 111
183 216
205 167
70 94
204 139
164 197
44 189
155 203
77 213
2 147
36 223
87 168
59 177
201 69
220 20
11 205
164 166
66 166
28 208
207 133
119 192
89 163
210 42
22 117
58 66
198 124
120 148
140 210
106 172
4 106
144 175
197 9
137 139
99 114
107 209
69 88
173 195
94 163
29 130
92 104
187 195
28 219
9 112
49 59
213 151
25 154
111 164
75 213
69 158
20 181
138 190
41 132
9 29
202 44
198 194
209 125
201 29
99 101
83 159
71 124
199 152
214 138
72 113
17 194
155 170
224 82
204 45
215 219
223 146
112 149
60 173
204 1
46 157
77 158
112 131
203 70
13 118
210 114
132 175
90 91
1 172
132 164
93 140
201 28
211 94
125 213
32 111
108 116
93 220
4 55
166 170
138 174
50 121
28 159
209 183
199 138
181 218
83 191
82 175
36 128
64 120
114 195
85 206
223 78
17 207
0 55
57 74
197 11
18 216
4 95
22 157
73 158
85 160
26 49
211 111
142 183
43 55
84 107
200 149
154 194
45 119
195 58
94 128
146 222
157 204
119 199
129 158
202 168
12 186
212 32
44 180
209 9
206 185
15 40
12 179
145 195
61 158
19 115
204 104
60 152
56 143
113 139
162 168
68 132
150 166
223 51
41 144
184 186
21 138
82 93
21 28
79 152
65 149
10 213
48 57
113 132
192 209
109 221
124 143
186 197
100 135
203 134
82 100
99 206
74 81
56 112
62 153
106 184
86 132
78 123
14 69
148 208
32 204
77 146
20 94
22 163
190 217
29 137
3 125
49 53
36 120
120 135
118 136
211 34
205 168
38 178
5 181
13 83
49 141
109 160
154 162
219 13
209 162
36 137
8 122
116 162
129 202
68 109
76 149
61 142
58 143
214 120
23 68
152 179
167 181
223 26
51 97
199 210
74 182
16 137
194 222
49 155
201 162
76 131
36 109
72 216
51 149
8 24
31 218
50 113
0 217
87 130
41 216
206 155
98 173
17 116
82 124
4 180
89 161
197 166
98 179
69 179
20 180
80 220
67 112
25 203
14 58
110 214
72 126
213 134
220 216
200 35
99 158
87 156
68 87
42 56
3 26
13 36
144 158
169 223
26 59
209 75
198 77
11 42
41 124
214 30
8 215
113 190
221 95
53 117
213 182
62 86
32 162
173 218
12 153
81 221
187 191
208 213
210 69
62 93
78 126
110 216
13 193
38 48
57 192
6 190
100 155
7 99
55 170
31 168
126 175
216 97
10 142
83 102
160 203
215 73
161 185
69 99
33 171
61 132
133 224
33 157
103 219
147 206
17 195
84 189
7 171
102 178
103 192
112 185
28 95
112 143
200 131
206 135
16 193
103 109
11 76
105 149
213 47
3 158
88 147
140 149
6 13
108 129
97 147
209 205
26 127
20 178
22 29
1 111
83 96
29 86
160 206
79 149
214 106
115 204
0 179
48 99
166 193
93 116
54 116
127 185
85 107
97 177
19 44
73 151
203 132
224 55
8 67
7 147
28 133
202 190
121 182
188 196
23 115
129 223
86 109
3 137
12 58
8 96
51 71
205 114
198 187
66 151
65 130
78 124
17 201
161 212
15 31
54 197
46 172
198 34
90 191
212 19
9 210
32 40
219 139
163 195
18 102
10 164
26 121
163 196
99 111
211 170
91 95
212 181
104 132
71 193
63 116
67 197
128 182
23 30
108 192
207 115
92 212
105 172
30 55
35 202
26 126
212 94
38 73
131 134
50 178
195 36
81 164
146 194
52 106
200 161
22 121
30 138
111 161
22 83
32 54
11 87
119 222
2 55
199 75
15 202
12 93
28 180
4 203
224 91
126 200
12 70
92 156
222 28
49 69
37 60
156 187
196 111
7 144
92 183
219 125
71 152
18 140
72 85
56 145
126 166
6 219
115 189
218 177
48 71
29 217
19 110
158 179
10 84
46 68
20 120
198 222
218 16
61 204
139 150
19 131
14 219
39 103
14 216
213 21
148 197
223 0
53 59
218 141
219 126
206 53
103 224
143 203
62 199
121 122
202 139
52 76
105 204
205 186
198 102
219 174
40 56
112 145
44 88
6 32
92 176
103 152
126 216
98 200
16 187
134 168
122 172
80 158
150 157
100 120
54 115
15 103
81 128
87 190
145 194
150 152
20 217
57 163
197 135
122 143
83 210
150 190
11 116
65 137
155 217
91 187
57 59
25 216
210 66
65 110
159 205
134 174
162 220
49 182
222 112
52 217
39 183
196 150
73 198
141 217
47 199
135 165
44 149
217 1
158 188
118 188
62 87
39 54
63 93
27 137
81 89
57 188
22 216
5 136
191 215
224 170
126 138
107 162
25 155
34 148
31 219
224 128
93 150
7 203
149 164
49 213
64 173
72 128
142 177
74 199
172 197
98 172
13 84
16 47
118 146
14 21
204 60
60 148
27 104
120 167
98 128
103 141
36 170
14 205
167 218
218 118
40 182
218 185
43 87
45 206
44 166
195 193
132 210
32 33
101 189
49 57
221 49
42 148
154 210
26 42
205 187
23 116
210 17
77 196
107 170
29 48
65 170
200 17
27 34
117 158
85 119
74 147
202 165
217 19
92 149
13 195
35 82
203 181
39 62
103 114
86 156
28 186
202 34
214 15
57 196
170 206
223 80
130 155
151 223
7 108
41 182
62 164
176 204
99 182
215 154
23 47
5 69
134 142
170 195
175 203
77 137
51 146
51 175
215 129
34 182
78 203
8 220
40 65
1 64
19 76
141 163
113 203
221 53
160 163
2 120
68 90
37 44
54 118
219 106
16 169
122 200
10 203
9 72
63 215
9 28
192 195
219 109
63 140
6 103
200 190
8 212
105 115
101 146
10 25
224 58
33 199
221 2
141 153
14 86
5 168
223 16
20 187
70 107
221 200
91 219
37 156
205 188
20 128
5 177
43 141
203 213
19 69
35 101
222 86
17 171
72 132
63 115
33 217
62 196
139 155
59 81
216 68
48 173
204 2
150 204
32 192
201 216
26 93
222 98
169 212
13 70
25 134
88 120
16 170
193 224
196 221
95 162
202 112
21 135
38 208
47 137
36 160
54 184
198 170
78 211
8 210
5 36
22 162
95 142
14 202
200 157
160 191
91 169
124 137
52 117
219 158
85 161
2 67
50 52
27 140
174 206
95 129
18 196
198 39
83 185
73 144
24 126
188 218
201 31
56 58
208 104
93 132
204 133
66 190
38 107
17 20
118 221
215 11
200 74
65 134
60 155
101 204
203 204
75 165
13 69
149 215
133 200
24 127
94 176
102 215
10 97
206 138
129 205
174 205
123 189
84 124
3 31
205 45
7 23
1 27
73 169
94 167
161 163
60 209
63 160
6 94
42 64
217 107
69 207
110 183
116 181
20 52
201 71
173 215
76 158
117 129
125 128
144 201
55 152
15 52
93 164
177 182
63 187
222 68
34 128
81 143
45 181
215 121
219 186
81 214
138 147
215 81
9 156
224 89
1 67
7 138
169 175
208 176
16 107
103 171
37 160
5 78
20 141
14 183
210 59
9 15
207 154
20 123
24 84
22 170
103 174
213 94
54 122
59 114
4 97
42 93
199 156
118 140
32 158
49 66
88 112
26 31
19 108
143 168
72 207
126 208
60 212
51 92
118 178
166 222
36 76
70 90
136 198
208 3
101 115
46 102
47 216
15 114
199 93
212 112
207 78
74 124
117 177
3 136
98 104
211 0
107 113
24 191
33 90
79 224
103 214
53 157
100 153
32 176
217 75
107 196
25 139
208 145
114 207
37 218
42 114
24 153
214 57
218 64
61 177
56 151
197 97
92 189
110 158
214 91
49 170
79 202
75 182
74 107
215 124
58 69
150 212
169 182
162 205
24 175
57 137
54 61
23 96
217 189
16 112
58 184
73 155
84 165
128 138
224 87
46 163
1 130
202 130
163 219
61 111
184 210
28 71
3 130
82 178
159 198
42 177
133 181
25 39
48 61
201 81
115 123
222 102
12 160
117 201
27 161
30 40
133 209
21 113
88 152
202 155
74 146
213 131
10 90
3 148
134 139
73 207
137 140
205 191
54 182
152 210
135 224
9 21
54 89
45 49
58 95
55 129
176 182
119 189
147 187
0 49
36 85
195 26
100 126
57 145
211 40
104 117
216 104
202 100
138 171
91 155
49 98
36 150
30 161
224 60
85 105
171 182
23 106
44 175
62 133
152 189
158 208
216 146
143 171
13 136
28 99
5 41
222 110
56 189
60 191
85 212
100 182
223 192
4 210
66 185
213 74
123 206
0 111
124 183
3 37
164 200
205 213
3 181
167 203
97 169
218 33
56 136
116 158
87 196
195 201
16 97
75 100
53 106
204 42
25 175
81 177
31 127
10 161
40 68
49 211
73 106
77 186
181 208
22 150
171 192
104 177
77 218
29 212
101 139
222 95
9 152
4 204
87 180
14 40
105 177
205 149
96 107
49 148
109 169
220 68
76 172
201 193
221 10
210 75
215 95
34 104
224 5
27 79
39 205
9 59
31 178
203 201
26 75
188 217
189 206
47 177
3 43
206 84
85 104
181 190
26 196
222 79
89 121
155 174
42 94
66 72
55 165
39 178
168 197
195 56
218 162
217 66
72 217
71 98
143 199
203 193
1 177
214 60
13 45
196 222
139 208
6 178
65 129
64 161
215 50
82 183
84 134
195 46
39 196
108 176
206 144
90 151
0 132
197 12
202 127
60 74
135 199
13 86
116 220
96 221
84 121
144 181
30 71
101 131
199 44
52 131
202 159
218 27
196 42
198 173
92 203
17 95
79 90
22 136
2 33
51 166
167 191
43 110
104 218
85 218
112 159
219 221
58 217
122 166
176 216
111 191
9 110
45 132
117 175
18 134
203 91
204 122
174 208
188 211
195 96
133 214
124 205
4 111
217 95
85 170
9 64
209 147
89 193
86 199
3 115
73 133
186 207
220 27
82 139
77 115
21 184
130 172
17 125
57 81
197 74
85 128
84 91
67 224
199 164
33 200
82 215
7 152
37 195
217 65
19 91
64 214
113 146
206 183
221 42
223 133
109 144
170 201
11 55
134 222
3 138
6 61
55 158
120 209
10 40
114 166
213 122
94 152
126 207
219 119
32 64
51 73
197 27
5 206
114 154
48 96
37 74
6 126
52 111
9 94
31 191
36 111
210 130
5 80
216 58
4 139
114 197
32 116
223 143
43 205
182 207
217 131
72 129
140 196
208 129
30 78
196 31
98 187
145 177
199 174
143 148
68 184
211 59
214 127
24 161
66 109
19 203
6 50
137 169
10 34
75 174
12 90
43 173
199 179
54 117
180 183
5 217
54 72
201 24
212 3
2 197
30 75
179 210
54 212
90 160
216 191
219 21
86 133
11 47
32 41
57 126
94 145
209 201
121 222
219 194
24 166
74 145
20 105
55 189
109 177
112 136
222 104
206 113
6 21
211 50
142 175
204 106
108 162
33 97
30 182
222 105
26 92
80 146
76 217
16 207
201 26
124 161
196 12
5 154
218 211
84 161
78 174
115 160
153 219
94 141
92 173
135 198
201 46
11 66
216 166
110 156
117 192
166 169
202 136
174 178
224 213
11 97
201 171
94 166
101 114
177 207
120 157
70 122
3 142
21 47
117 215
148 178
1 199
110 124
222 6
122 189
14 184
26 132
224 95
22 48
121 174
121 126
24 215
155 185
15 167
105 201
219 143
129 209
52 207
184 220
18 34
29 162
106 114
141 168
13 74
213 25
22 46
64 131
196 199
47 214
211 82
214 123
209 214
143 201
27 78
156 180
3 85
189 200
65 194
148 150
105 199
43 132
45 143
206 23
30 147
69 119
52 114
68 73
111 127
0 155
148 190
20 162
144 164
224 119
38 185
47 200
85 200
211 42
33 196
183 204
184 224
37 117
55 173
68 188
10 138
211 182
56 62
208 210
206 177
29 158
45 67
152 154
104 143
14 18
5 112
194 201
178 222
58 206
18 193
198 180
14 23
3 176
167 198
94 219
83 213
87 113
92 161
24 145
7 202
13 31
79 169
16 160
38 217
17 213
197 113
50 205
201 68
92 164
200 64
55 192
213 108
18 68
197 79
20 97
44 198
74 195
31 107
60 131
214 161
152 164
73 105
50 64
102 133
22 60
42 214
116 182
64 115
138 196
138 156
191 217
115 211
196 93
43 126
105 210
29 152
56 129
213 63
146 180
55 160
58 92
224 68
205 25
202 148
25 146
18 60
205 108
1 108
73 214
153 191
204 3
36 114
75 181
91 194
82 108
158 198
0 178
209 148
71 123
25 184
29 214
45 64
8 69
53 115
20 189
64 203
48 78
60 61
211 174
6 170
58 221
33 201
101 164
67 111
66 179
197 105
7 66
47 81
91 179
18 59
140 202
172 195
7 133
0 10
42 74
96 211
33 183
64 98
24 30
87 107
221 116
219 82
207 13
201 118
83 194
203 119
195 54
92 175
129 175
8 117
48 77
22 153
120 165
200 97
221 7
212 31
7 125
221 43
65 187
159 197
54 214
199 203
38 193
77 202
224 219
96 117
102 124
130 132
115 144
103 173
134 171
6 51
143 224
62 223
216 106
31 132
22 94
117 220
197 208
7 143
178 191
190 203
1 176
195 202
223 99
58 103
17 188
50 206
6 144
66 126
50 114
31 33
14 57
122 181
82 138
137 144
69 194
4 141
21 81
145 189
48 140
214 172
214 79
198 30
211 125
83 190
68 127
46 142
104 130
130 170
106 146
213 178
24 123
3 198
67 122
76 151
97 187
201 102
208 54
75 200
68 158
223 20
59 139
101 141
51 107
207 127
134 138
74 166
35 209
10 116
51 119
73 205
119 201
46 104
88 167
83 115
118 190
55 82
61 185
64 197
99 166
137 166
219 54
138 155
199 153
39 109
202 13
91 189
219 149
207 205
19 79
36 83
43 54
12 200
214 167
3 9
71 95
76 186
112 118
201 168
49 86
176 205
77 191
78 149
206 115
116 159
31 92
180 220
25 157
10 115
53 218
100 113
17 193
15 184
215 178
84 190
41 218
2 73
23 173
43 108
65 76
108 188
14 195
41 89
13 29
144 218
7 74
61 78
62 173
47 159
33 46
97 112
203 0
62 194
66 128
224 96
122 208
74 85
157 183
45 74
218 219
118 138
109 164
84 158
196 151
28 161
3 7
211 104
130 148
220 160
96 156
0 94
50 78
43 129
22 142
196 165
216 45
108 157
147 163
52 174
164 175
99 121
23 137
205 118
163 192
117 130
19 75
205 182
42 129
208 96
224 23
93 187
117 149
12 23
214 185
75 132
124 146
108 167
40 197
81 83
24 81
88 154
0 141
106 182
14 48
149 217
44 56
16 156
80 213
140 147
161 171
205 44
158 172
219 118
73 202
184 185
218 111
186 201
211 151
212 106
112 192
11 133
39 160
83 203
213 157
218 23
79 171
195 169
17 102
205 19
2 146
149 198
45 60
44 134
33 121
213 101
120 210
204 27
120 172
211 66
179 203
150 192
208 46
32 144
213 183
41 180
219 135
9 150
33 120
21 79
57 122
47 164
131 138
207 184
13 182
217 70
38 218
157 199
12 112
0 205
10 96
195 78
133 222
53 160
71 187
121 193
147 218
213 36
109 145
215 148
27 45
12 149
210 165
70 141
155 163
199 60
59 63
5 156
3 82
218 46
53 107
150 216
15 152
3 182
59 187
53 173
89 154
53 101
90 141
114 148
2 35
220 56
47 160
27 28
223 18
155 224
57 189
198 84
214 180
64 194
156 200
46 51
164 217
6 119
33 91
108 151
112 129
203 129
16 181
75 218
95 97
91 205
124 201
75 83
24 32
26 146
77 117
210 224
5 199
33 214
11 155
116 117
118 170
149 204
119 126
148 191
115 131
201 75
96 138
57 159
79 164
73 162
0 124
48 129
223 72
77 110
93 154
133 144
66 187
19 162
219 88
67 218
120 189
196 160
45 59
204 224
5 125
218 55
79 220
54 109
102 118
114 187
120 125
6 104
216 103
76 122
71 103
56 191
204 129
71 129
71 72
216 7
68 154
203 157
223 102
34 189
49 122
10 141
151 198
4 165
77 132
96 134
44 119
199 221
98 115
208 57
97 189
73 195
127 198
22 207
155 162
163 190
130 219
60 154
211 181
163 205
56 158
15 205
159 208
118 183
32 156
197 72
198 56
180 202
136 176
5 65
200 94
223 96
114 179
99 125
65 200
88 119
14 208
177 189
21 208
139 184
84 143
113 217
50 76
29 188
6 193
104 173
121 187
208 119
103 202
172 187
208 151
28 197
23 80
76 140
153 193
223 38
149 182
204 114
113 184
214 69
42 169
5 101
39 202
202 212
213 104
131 133
202 171
7 102
29 89
1 118
163 188
129 176
116 200
213 152
198 14
205 94
204 137
113 223
55 69
39 218
132 172
173 222
218 84
82 120
39 209
29 47
8 118
207 55
50 171
141 192
