8 58
2 49
4 18
57 0
54 24
29 47
18 22
6 32
56 41
3 11
39 55
45 51
1 44
56 28
1 41
5 13
58 9
44 54
20 22
44 53
15 39
21 31
29 40
16 28
59 21
17 48
57 37
2 54
23 43
12 46
0 5
15 24
58 23
56 18
56 7
55 49
4 23
4 17
59 36
52 53
30 31
57 8
56 1
46 50
51 54
15 31
6 30
16 43
42 51
49 50
54 11
42 49
2 48
52 54
20 52
11 41
16 58
21 22
43 51
22 47
58 34
20 28
7 54
21 51
5 23
9 40
57 33
3 41
3 16
22 24
11 12
10 31
22 34
59 35
35 49
4 37
9 41
22 33
6 54
41 57
7 46
2 56
42 43
28 39
56 55
12 44
54 19
38 51
8 12
17 32
10 14
30 35
29 45
34 52
12 39
11 28
2 26
14 18
33 53
15 20
57 50
14 57
25 42
21 24
22 40
25 28
26 42
15 16
5 30
17 21
20 56
30 50
1 49
54 37
18 47
10 57
9 24
29 43
7 58
22 55
55 18
54 34
6 59
40 50
3 56
30 42
5 16
56 22
54 15
57 18
11 52
50 56
27 59
13 29
12 40
43 57
56 30
10 43
9 14
1 35
57 46
3 33
7 23
30 52
58 11
14 33
23 53
35 42
14 49
5 54
9 57
0 41
14 36
24 34
14 50
7 30
54 45
1 15
59 37
4 24
30 45
25 35
6 14
59 7
6 19
31 41
0 49
12 51
17 30
15 40
0 36
31 49
13 24
41 42
20 46
17 49
17 51
38 47
44 55
17 39
59 38
31 58
55 46
58 45
20 32
6 39
33 41
31 36
42 48
4 48
28 33
25 43
12 57
58 41
6 50
29 46
26 44
5 21
9 22
11 22
54 42
7 26
23 51
48 53
58 30
18 33
23 25
9 18
33 58
3 12
59 32
31 33
10 46
9 49
20 27
1 58
14 26
17 20
21 44
57 22
19 57
15 32
