48 32
14 17
19 41
5 25
4 31
44 3
44 40
0 1
13 26
48 39
45 6
8 45
34 49
20 46
16 26
35 41
20 49
44 23
14 24
26 30
30 38
22 35
1 16
19 49
8 26
1 28
11 15
35 49
9 22
10 36
0 37
31 45
7 8
8 15
5 34
45 26
15 41
36 44
35 39
13 41
26 35
1 47
2 6
14 29
10 35
47 22
44 0
10 29
5 26
3 8
21 26
14 26
2 8
22 26
32 37
21 36
48 17
19 25
47 27
16 39
45 35
47 5
6 28
28 37
47 35
36 46
21 37
27 34
4 26
4 8
33 34
31 49
2 19
19 36
48 23
25 41
0 6
49 0
6 32
19 42
15 27
21 30
6 37
1 45
19 48
17 20
11 49
0 29
26 46
34 48
1 31
6 9
45 2
9 27
15 31
36 37
46 32
7 12
45 12
22 42
39 42
22 45
20 48
47 42
32 34
47 31
16 34
7 33
45 25
20 27
45 38
34 46
5 46
21 42
13 46
8 16
8 12
15 45
25 32
6 20
6 21
11 36
8 27
21 38
2 27
47 45
13 15
7 49
35 38
44 5
46 15
48 49
44 1
11 18
46 28
1 41
5 27
1 43
13 17
5 8
7 39
4 38
20 29
17 23
22 25
0 4
47 9
2 14
7 26
17 19
23 42
5 40
36 41
21 35
29 32
2 18
14 48
46 37
9 43
8 24
22 47
10 16
4 33
30 36
44 4
9 41
1 6
48 16
16 40
6 43
27 38
48 0
31 33
27 39
45 8
6 29
7 45
22 38
42 46
0 47
18 48
49 2
2 43
39 44
11 46
44 47
10 20
2 49
12 30
36 49
49 28
6 42
29 35
2 28
17 22
12 37
47 33
47 18
10 12
4 35
9 11
13 42
37 45
42 49
0 48
7 48
19 38
8 17
17 24
11 28
23 34
46 29
21 32
4 30
46 21
45 11
25 36
43 46
45 16
9 34
44 6
27 32
3 21
20 25
23 49
2 16
8 43
46 36
19 34
16 30
16 18
3 31
6 19
1 14
0 8
17 29
47 2
6 33
14 19
5 20
4 14
12 24
16 22
27 40
46 22
8 34
5 37
35 42
8 25
19 35
3 15
12 42
1 22
48 34
32 45
6 46
39 46
49 16
27 41
33 44
48 21
0 28
27 33
19 23
3 45
32 48
22 46
20 28
3 25
43 45
10 13
26 43
48 7
1 40
26 48
20 43
20 40
3 29
3 48
3 6
5 16
3 43
18 32
47 3
31 37
6 8
27 45
44 30
47 44
12 18
9 10
26 32
37 40
11 47
29 42
12 20
49 27
11 32
2 4
35 48
37 39
44 14
