8 55
2 47
23 91
92 18
74 75
29 30
2 5
65 89
98 22
49 82
41 73
53 58
21 53
16 75
50 71
21 54
14 70
17 65
26 50
85 90
8 13
99 45
5 43
51 99
53 92
50 52
12 91
3 69
95 11
94 12
39 82
17 18
90 94
63 94
4 74
39 97
14 27
29 32
34 44
41 68
10 50
66 91
4 13
65 81
23 61
60 81
92 71
15 24
7 79
22 96
53 85
14 80
25 47
34 43
21 30
12 46
9 41
12 65
12 79
5 86
11 84
11 43
59 84
54 74
11 29
13 52
32 34
35 71
47 81
25 65
18 86
27 82
51 66
20 77
99 88
42 69
65 94
24 88
0 25
15 82
56 68
21 71
24 69
97 49
77 94
30 60
33 48
1 68
72 77
36 42
96 93
97 91
91 93
95 73
41 63
16 34
29 38
40 61
23 93
94 34
98 82
31 94
19 25
56 98
38 47
61 91
73 83
1 77
8 79
25 91
33 47
94 51
19 21
28 37
55 64
54 89
35 42
12 27
98 52
41 85
8 74
98 13
11 19
1 6
12 37
33 35
3 56
3 52
11 47
78 80
12 43
85 89
28 91
67 92
31 61
19 38
94 9
21 70
28 83
18 73
23 99
25 52
2 63
20 47
28 70
2 21
21 75
60 84
23 78
39 75
77 89
14 32
23 39
20 46
11 61
66 89
92 2
20 30
70 91
5 88
95 1
3 59
37 41
67 86
92 45
3 18
34 64
21 98
72 92
5 75
11 32
94 30
94 60
23 30
71 91
1 43
35 43
0 98
41 76
54 72
50 80
39 89
89 94
60 80
8 46
41 84
53 98
99 47
8 73
56 85
33 67
12 19
8 71
37 81
15 65
8 94
17 26
67 68
95 59
3 75
40 49
25 85
4 87
16 36
0 60
6 28
26 82
31 89
69 92
87 88
69 80
96 87
17 70
68 88
34 68
18 41
76 81
73 75
59 83
57 85
99 50
97 59
10 98
31 65
23 51
96 43
94 20
61 80
30 71
34 54
96 0
11 46
45 82
65 71
26 46
4 75
95 2
13 84
30 70
7 77
30 46
17 23
69 96
21 63
23 24
22 45
97 83
87 89
42 61
33 79
54 56
2 40
3 94
3 6
76 83
93 34
23 95
97 1
77 78
66 68
40 63
64 79
84 91
16 91
8 25
10 49
34 36
37 98
24 57
85 88
12 63
77 88
62 68
3 92
28 76
16 86
18 68
41 53
63 78
35 53
31 87
5 34
7 13
14 57
32 98
17 80
18 21
76 93
72 81
13 19
35 84
60 73
18 29
42 67
92 61
74 76
19 45
37 58
92 81
16 96
30 43
4 66
33 66
25 94
5 12
65 68
68 89
29 79
10 30
28 41
16 93
19 52
20 58
33 83
57 78
19 85
9 52
93 74
33 94
0 15
50 51
63 98
3 12
61 93
97 6
42 56
25 93
3 34
33 81
44 92
41 80
13 31
8 40
15 89
93 69
3 67
10 20
60 65
29 85
51 67
18 52
73 84
33 59
77 93
48 89
20 68
20 69
24 61
63 99
35 68
22 58
4 86
10 71
45 71
51 52
26 97
22 79
29 83
0 21
93 65
60 96
34 75
22 28
29 46
59 80
94 29
66 83
76 89
26 86
3 25
54 70
59 60
12 20
78 93
11 23
21 93
67 80
26 40
99 89
52 81
96 13
42 84
52 62
29 75
36 68
44 91
24 53
67 91
72 87
28 66
17 45
32 36
20 28
25 71
5 94
16 67
27 75
32 76
21 92
10 33
71 99
99 9
93 18
72 83
95 7
31 58
92 99
15 39
95 46
6 37
95 76
64 99
92 74
11 58
99 3
35 76
78 97
7 90
16 45
4 56
12 38
93 10
64 81
51 75
34 62
18 50
5 61
8 75
28 92
68 95
85 91
45 63
54 76
9 33
17 64
10 97
11 49
92 22
3 85
5 44
25 89
1 54
12 16
19 20
4 91
84 95
11 92
3 8
5 55
51 56
35 49
24 60
95 37
30 87
92 33
18 91
43 92
80 92
12 23
43 57
19 62
24 92
18 88
13 87
5 78
26 52
20 27
81 82
54 93
10 48
49 77
34 58
17 66
0 57
80 85
33 34
63 73
22 64
30 40
12 64
32 90
97 86
99 56
30 52
73 93
26 84
41 70
21 51
48 90
98 18
4 84
15 22
7 49
36 75
90 96
42 87
36 44
35 41
14 41
33 43
62 85
67 77
14 85
98 28
26 56
1 19
30 33
96 36
24 75
76 85
89 95
95 67
5 72
25 30
98 87
2 13
35 73
96 71
8 35
96 83
75 85
14 26
51 73
12 47
95 14
42 76
57 82
30 99
94 43
7 48
13 57
96 12
93 60
72 94
23 27
20 84
1 37
38 57
46 54
35 61
5 11
57 74
30 73
10 94
94 83
27 69
32 84
50 76
20 48
26 76
15 91
69 98
9 79
24 40
14 69
45 70
2 41
96 79
14 83
46 87
25 36
15 80
35 62
32 54
26 36
4 76
23 67
32 47
38 52
0 88
25 40
22 31
63 85
9 88
36 93
8 98
95 77
97 30
22 67
39 77
1 91
29 31
27 86
36 37
77 85
19 76
14 49
44 68
95 80
5 8
5 49
5 36
1 8
1 62
14 84
70 87
2 38
26 99
30 88
57 72
46 59
23 82
11 55
35 55
17 75
79 84
97 93
92 1
70 81
48 64
95 60
64 73
0 20
21 91
63 76
32 80
63 82
5 20
11 13
92 36
56 70
94 86
6 99
64 70
2 96
39 44
46 79
43 54
9 17
93 79
27 73
81 93
92 79
46 86
29 67
34 71
16 42
28 51
0 78
38 98
97 50
73 76
94 22
34 99
14 73
20 73
93 9
24 95
25 39
31 77
97 65
37 77
20 98
11 39
15 92
19 74
31 96
26 34
30 36
63 91
66 82
9 21
29 81
57 75
95 28
0 52
11 68
99 76
18 87
95 30
81 88
9 47
6 60
48 58
38 46
41 49
86 98
34 39
91 92
65 74
3 42
11 12
37 66
5 99
24 89
48 52
45 94
50 68
75 82
5 80
44 61
54 85
98 9
94 61
97 44
6 7
98 30
96 76
6 13
99 7
27 60
78 81
16 95
68 81
28 46
62 79
48 51
36 83
38 73
99 74
38 65
28 87
0 62
98 48
23 57
32 79
37 67
27 68
48 76
19 84
24 59
34 56
99 24
13 28
9 84
47 96
17 96
11 42
3 65
5 17
46 71
13 26
73 87
18 40
48 96
24 94
9 67
6 32
0 30
0 18
93 13
50 53
50 82
18 55
13 82
54 55
61 71
23 75
41 72
24 82
51 58
63 86
34 89
96 7
96 61
2 94
8 62
16 80
41 45
15 32
15 19
6 24
70 98
12 51
2 56
97 28
7 86
17 94
9 64
45 61
47 85
95 22
60 67
42 71
78 84
27 50
47 61
6 8
96 9
3 30
3 4
43 91
95 32
73 77
36 52
92 34
32 38
95 62
9 10
7 27
25 45
34 70
5 28
96 38
6 80
0 74
93 95
73 90
6 91
15 66
93 1
81 89
73 82
96 27
98 78
36 51
1 47
4 55
47 63
7 36
64 69
98 65
50 84
57 68
44 71
26 47
35 60
35 93
3 98
98 33
19 36
12 90
45 69
1 66
85 97
65 79
29 72
14 65
17 62
38 87
6 12
32 67
38 68
44 81
54 79
97 75
43 62
17 43
56 84
22 55
96 53
21 79
4 92
60 62
92 58
92 76
16 77
32 55
59 98
96 81
5 53
14 46
39 67
72 74
4 93
92 35
21 73
67 81
2 84
14 71
1 7
11 72
4 83
43 90
7 28
67 71
98 19
14 23
95 34
62 86
32 65
9 91
3 60
60 97
17 27
56 74
30 56
65 69
94 47
14 40
29 89
94 49
3 50
52 91
6 27
80 84
32 73
82 88
38 55
36 69
22 68
54 87
7 11
24 34
33 95
17 21
11 53
26 94
45 59
82 84
70 84
96 59
19 77
2 67
50 96
8 65
27 66
43 99
63 64
45 78
6 76
59 92
21 57
97 24
21 55
96 8
54 95
6 65
63 69
20 82
20 88
98 60
24 30
73 88
31 46
93 62
67 76
22 69
11 26
26 80
96 88
98 17
17 73
6 54
23 92
27 80
34 85
16 92
23 98
9 82
45 75
70 99
37 85
57 61
35 36
40 64
36 80
7 47
60 74
10 67
21 88
45 73
26 66
18 23
73 96
40 96
5 31
68 69
94 59
28 64
8 15
39 92
10 69
60 72
18 59
2 76
98 73
70 79
48 66
43 81
24 58
19 92
22 75
70 93
43 71
95 53
64 71
97 18
51 81
93 30
27 94
70 97
5 70
78 94
19 44
99 81
7 14
29 95
92 10
18 42
93 80
94 14
73 85
28 49
32 53
8 11
29 40
38 78
21 94
37 75
30 69
49 98
54 94
87 94
4 57
7 69
94 71
80 99
10 82
95 0
45 80
83 90
93 20
17 55
5 10
52 61
80 86
56 93
10 63
2 6
64 94
97 5
10 84
14 25
98 43
62 87
38 71
99 48
23 32
20 63
39 76
40 72
49 91
26 93
0 3
98 61
9 24
39 78
1 23
54 96
5 22
19 97
35 98
42 90
62 75
31 71
1 4
4 20
56 83
62 80
45 54
25 48
99 73
31 57
4 25
29 82
39 66
98 74
1 76
4 72
27 91
53 70
41 67
13 30
4 51
75 99
31 36
37 86
27 95
41 99
12 92
0 97
93 57
61 95
19 53
25 76
75 77
49 66
4 44
94 75
96 70
21 39
5 32
40 45
33 56
28 78
70 73
9 34
1 80
38 50
30 44
63 96
26 78
88 91
93 86
3 45
36 74
71 85
22 61
98 72
31 54
13 72
95 3
49 69
21 80
49 96
29 56
21 52
20 21
85 96
3 74
5 84
7 22
36 39
79 86
1 48
49 58
49 93
42 52
