29 73
53 86
79 21
14 75
84 70
35 52
13 77
78 8
23 27
65 77
55 81
30 88
12 78
36 54
2 50
42 80
7 82
38 65
28 77
85 44
82 27
43 74
48 69
37 77
88 26
6 37
15 69
53 63
16 25
23 56
15 66
19 47
33 38
89 30
86 54
86 83
69 79
79 72
57 62
46 51
45 63
87 8
89 35
18 27
43 60
68 86
32 38
27 44
31 61
19 33
16 70
58 74
21 73
51 54
17 89
20 56
87 14
54 57
78 24
46 64
31 68
20 53
88 81
53 70
14 57
14 66
0 54
15 79
79 31
2 44
85 28
22 34
30 53
27 67
14 62
19 67
10 58
4 58
20 24
21 71
53 73
33 42
89 37
57 72
15 26
76 21
23 46
86 73
78 72
3 57
14 58
8 51
40 70
10 21
87 17
83 65
78 75
52 61
34 43
15 27
27 76
9 60
28 58
77 12
16 22
54 64
12 35
85 73
15 55
16 30
86 65
75 81
22 67
37 86
89 15
64 73
87 54
0 72
0 89
77 44
3 18
46 47
7 8
83 40
42 63
16 64
46 67
52 75
63 87
53 59
24 60
36 61
16 80
7 48
81 37
57 59
11 72
1 67
4 65
88 15
10 33
46 65
32 35
25 86
6 87
25 31
86 46
46 62
64 65
14 77
4 62
5 49
85 49
76 13
77 70
33 61
70 86
77 73
84 25
36 41
8 33
4 9
80 56
76 66
35 61
33 46
40 78
4 34
77 55
27 37
53 85
89 5
48 79
16 41
45 83
30 42
36 86
3 30
10 14
40 46
20 85
40 72
37 82
47 87
77 29
10 70
21 59
8 10
73 75
44 69
4 32
43 80
10 51
26 85
88 4
19 29
36 84
63 81
11 71
2 31
65 69
37 70
62 80
33 74
36 69
13 89
83 20
32 86
12 48
24 62
24 29
30 41
44 53
44 46
21 36
81 31
32 49
38 72
80 61
56 84
25 64
5 66
0 76
85 58
19 69
85 76
18 62
1 37
33 60
12 53
14 64
50 87
48 73
46 77
65 71
20 50
3 20
41 75
34 60
44 51
12 69
48 64
23 29
75 33
9 20
68 69
15 48
88 12
76 44
33 65
13 69
25 52
41 83
70 80
18 39
76 63
58 89
57 61
5 22
10 63
53 87
41 81
55 73
17 57
87 27
88 18
79 8
35 81
18 80
