1 11
0 23
3 6
29 17
10 14
29 12
22 28
14 16
12 25
27 6
15 17
27 19
3 20
4 18
10 12
13 27
3 8
17 23
7 8
23 3
12 29
14 28
13 23
19 21
22 1
4 9
11 22
27 13
0 24
1 6
13 21
6 15
28 8
25 18
28 6
10 15
0 13
4 16
26 0
28 9
3 27
29 9
27 5
25 20
1 21
17 24
18 21
7 13
11 27
1 18
1 16
9 10
1 9
23 10
9 19
6 16
29 28
8 23
6 25
2 19
27 4
23 12
1 3
28 18
8 16
12 20
3 29
1 27
16 26
5 7
4 27
8 26
3 14
10 29
25 21
9 29
0 29
4 8
22 4
21 23
28 24
21 25
24 9
28 11
5 14
9 24
12 13
8 28
14 15
3 15
27 7
3 19
3 18
12 22
6 14
23 0
2 5
10 28
29 15
4 5
9 27
1 22
13 24
1 5
26 9
26 13
17 20
4 12
4 26
10 22
8 25
