129 131
14 142
87 142
40 72
17 204
75 237
246 201
9 180
168 205
33 197
83 163
189 244
81 236
173 201
38 210
236 226
41 67
106 110
232 62
13 166
37 107
45 74
52 197
232 1
23 230
166 195
247 154
74 192
226 186
21 182
139 214
161 245
157 176
140 150
132 238
64 247
243 117
7 219
141 211
19 117
29 150
68 204
95 120
142 211
16 137
61 73
1 10
27 178
26 43
13 209
0 176
19 108
5 87
177 244
116 124
67 214
98 123
240 107
123 152
119 148
92 191
110 200
118 142
3 17
150 230
41 64
141 246
115 149
174 192
57 77
238 174
245 152
225 119
66 142
77 92
220 23
89 106
61 153
43 62
136 146
41 242
45 176
66 138
234 41
126 211
74 96
101 222
142 164
234 68
83 138
130 242
233 208
120 220
21 108
72 138
32 199
162 215
5 230
110 178
147 213
158 229
131 184
39 56
220 168
234 150
170 227
59 146
35 215
111 171
99 134
123 159
167 196
192 220
109 164
101 128
3 138
197 210
88 228
137 138
246 173
89 211
248 53
46 216
118 151
32 54
18 122
126 155
13 116
137 165
108 143
150 229
3 221
246 44
95 237
131 212
249 97
26 48
38 89
137 226
55 141
147 248
22 234
122 210
35 224
212 214
79 142
7 70
27 66
185 242
96 122
240 101
85 139
180 223
186 242
204 232
243 64
120 225
37 64
5 219
4 97
146 214
168 192
218 238
243 193
1 23
240 200
237 80
77 241
38 195
122 161
78 180
58 216
244 92
247 172
13 157
93 165
245 131
85 155
220 59
14 192
45 103
70 104
49 175
45 159
94 187
118 175
57 90
145 178
125 176
9 98
76 138
230 70
228 20
248 27
153 224
59 239
77 249
99 240
20 79
0 177
222 90
82 191
3 110
117 138
37 237
65 173
119 139
143 191
44 125
220 70
11 176
229 1
247 83
40 188
9 108
20 231
242 123
32 236
5 249
78 184
116 135
45 231
82 223
131 144
149 233
241 4
12 68
74 148
159 203
3 84
6 202
179 216
213 247
63 163
76 205
3 190
38 66
244 59
115 231
2 4
228 194
35 114
101 161
69 141
81 194
8 83
225 147
91 207
220 138
5 244
136 167
76 226
14 239
48 172
23 39
5 12
60 197
45 166
57 142
59 128
65 236
15 186
3 226
66 67
239 26
103 137
151 234
209 216
92 228
78 177
111 123
57 58
24 87
240 203
8 156
89 225
111 188
113 249
115 155
93 120
139 189
111 186
107 159
156 221
120 235
243 35
32 140
62 95
225 112
110 144
192 193
236 19
84 241
239 189
65 211
114 226
18 109
11 155
4 201
225 4
25 84
227 225
237 35
88 122
123 144
247 139
50 102
107 181
67 216
124 142
158 178
36 207
58 103
103 243
16 192
221 195
6 156
78 200
54 200
248 163
65 145
34 60
17 76
79 103
53 203
141 202
88 90
233 199
172 183
235 76
18 81
11 84
106 153
11 244
136 144
128 145
235 29
108 133
104 188
222 159
2 107
79 127
119 218
238 43
27 114
133 144
61 199
138 236
65 244
19 181
128 241
12 237
110 237
139 176
74 178
90 151
113 190
25 96
235 187
110 238
177 220
246 172
9 59
225 152
13 119
218 236
14 246
55 90
230 116
130 238
43 116
80 223
143 187
71 118
156 232
166 213
220 48
83 156
83 220
92 138
109 157
134 219
86 218
161 228
194 249
147 153
224 132
232 93
171 239
101 133
96 179
64 120
235 43
80 99
166 181
118 185
120 128
149 205
7 27
139 168
32 171
168 206
233 115
14 171
63 103
233 91
247 73
228 113
16 182
244 148
242 20
44 242
193 240
17 48
6 136
12 199
105 239
115 184
111 182
246 116
167 241
27 249
1 184
201 203
74 90
63 158
156 238
131 146
100 157
149 153
78 189
58 204
143 163
128 215
39 78
247 150
44 173
109 180
126 151
58 67
44 237
70 155
63 188
235 227
180 249
54 182
100 155
36 205
22 183
157 194
171 198
208 214
52 139
152 165
21 101
82 143
242 162
91 193
21 27
181 182
44 241
226 227
129 241
33 200
135 233
12 178
136 176
25 180
92 169
86 220
37 216
140 221
78 91
65 243
208 242
64 246
189 214
79 176
18 179
15 187
238 147
1 215
58 222
81 137
7 106
118 223
58 174
67 242
11 167
85 91
97 230
79 247
119 137
61 82
29 73
58 196
249 213
84 170
221 146
220 217
231 73
5 125
2 152
9 91
66 124
13 161
225 177
21 99
67 173
12 143
8 194
32 47
110 223
70 136
8 13
15 197
186 222
223 113
94 214
182 213
217 243
113 181
99 123
35 96
49 133
223 57
73 198
224 186
97 133
28 140
44 199
60 208
248 48
41 181
102 194
150 185
123 232
76 99
30 78
63 204
72 205
18 100
224 150
226 98
15 93
236 70
172 221
145 247
109 188
90 177
63 193
241 192
18 64
87 105
35 53
130 146
102 246
207 210
93 136
87 175
41 164
149 165
127 223
247 56
89 173
28 94
5 39
184 229
204 238
116 142
13 194
150 225
162 193
7 200
69 224
3 175
103 184
63 155
107 195
1 61
0 15
81 113
72 83
11 231
14 20
67 145
8 64
248 245
17 51
123 138
181 245
37 151
178 186
78 115
215 220
217 248
12 171
162 188
25 155
45 210
56 113
82 113
236 58
41 154
39 64
99 235
114 208
249 223
231 200
80 147
9 121
25 101
128 174
0 47
77 160
222 16
46 187
127 227
5 184
38 77
120 142
44 126
233 120
221 208
5 133
178 233
36 112
7 157
28 129
248 176
234 73
41 121
35 230
29 74
114 120
163 207
161 209
243 158
213 232
44 169
40 155
42 102
40 85
59 140
177 243
223 154
224 172
46 163
22 85
21 68
184 219
98 237
17 69
29 229
224 83
38 224
1 15
239 197
73 215
27 153
85 249
31 39
91 185
96 140
22 59
134 138
163 239
150 235
2 176
22 161
20 126
234 87
66 86
247 197
43 99
18 174
84 142
31 160
56 169
26 163
196 241
191 243
149 216
16 45
23 210
235 215
74 198
96 227
30 157
147 232
32 110
72 222
21 129
104 209
189 212
164 186
169 235
42 68
23 77
34 76
3 176
27 219
119 146
225 88
24 52
28 134
248 41
238 97
41 118
112 139
32 59
77 226
100 107
66 231
38 174
22 28
3 248
137 245
70 96
11 234
120 167
11 154
71 90
231 238
30 83
105 144
109 228
27 44
123 236
180 196
105 203
88 161
213 243
28 148
198 205
125 175
62 64
131 159
112 218
3 24
193 234
248 135
42 153
161 203
6 152
230 85
7 37
18 240
220 11
16 72
30 37
101 180
215 229
23 92
76 199
88 131
8 26
35 145
237 158
243 21
74 204
106 160
126 182
104 230
133 154
139 236
25 48
87 97
5 8
192 217
92 194
159 171
98 228
17 233
90 198
230 64
247 17
12 99
39 63
162 203
231 127
80 232
26 63
240 49
32 188
247 80
238 8
202 220
12 113
91 199
147 185
42 233
222 249
11 46
238 5
247 24
112 143
8 170
140 234
103 223
158 169
55 195
169 182
35 73
140 198
72 107
76 203
129 243
71 200
121 180
229 12
229 159
36 240
112 174
82 203
7 102
248 64
233 45
67 192
97 163
246 245
159 247
44 184
236 114
109 147
140 187
15 244
156 213
234 168
5 240
136 149
39 76
186 194
100 164
228 48
89 192
103 121
125 177
249 114
136 172
225 67
138 165
94 193
78 145
232 148
49 161
191 193
16 218
188 200
221 173
51 146
103 195
227 188
183 186
12 140
180 230
76 94
82 135
164 241
34 107
8 231
83 143
1 179
112 157
236 167
218 220
71 198
180 183
30 40
24 244
145 188
39 127
42 216
55 222
45 167
229 5
109 201
182 248
212 230
77 154
62 192
118 126
7 137
131 217
3 48
141 208
51 222
119 133
242 192
164 175
78 160
1 79
234 2
133 151
7 75
232 45
81 195
232 157
55 74
181 236
2 6
115 224
88 242
142 198
237 118
18 51
0 132
108 207
18 87
137 217
163 171
158 222
156 176
159 239
99 193
61 85
31 220
72 240
69 180
41 224
68 150
114 178
17 36
223 52
6 141
131 190
50 96
7 17
48 168
84 183
132 150
234 199
5 122
176 241
79 189
66 168
70 176
182 244
50 70
14 52
44 129
78 214
39 99
107 236
141 152
58 82
237 53
23 183
70 177
60 206
81 220
89 154
9 212
176 191
240 120
6 230
53 142
42 196
10 155
230 22
80 154
37 90
25 239
6 225
59 86
240 52
227 151
55 216
91 149
64 195
14 65
57 221
133 245
105 175
90 107
246 231
179 219
173 248
57 190
233 98
158 171
12 71
72 87
167 185
144 244
81 219
129 158
23 32
12 228
24 76
32 118
96 151
75 246
229 39
3 237
156 158
187 242
148 185
108 183
16 46
81 129
125 210
38 226
241 106
233 97
125 179
98 211
51 227
161 238
33 238
41 180
96 205
71 191
170 173
229 43
2 66
193 203
240 111
21 248
4 116
6 214
214 228
135 194
26 53
244 186
57 150
29 194
9 56
64 138
224 179
50 230
76 249
178 213
208 225
81 93
122 125
31 37
8 245
16 135
135 190
232 240
190 199
237 81
20 222
18 213
105 202
88 210
248 110
41 161
165 201
160 214
242 89
41 236
68 186
241 33
97 202
58 108
32 173
228 173
7 56
187 202
32 103
126 223
64 82
167 203
118 122
221 75
15 167
112 226
108 248
111 128
20 96
224 136
217 236
51 95
26 202
244 143
221 48
231 151
28 155
64 92
73 174
52 90
248 218
237 185
2 16
2 165
119 209
224 65
11 107
246 157
118 119
236 51
97 140
165 236
16 36
75 136
104 169
72 182
72 201
32 74
15 39
28 37
161 235
74 228
23 198
80 141
59 125
188 212
162 170
141 163
97 174
211 236
2 64
54 187
245 196
220 99
233 23
0 225
174 178
82 234
32 229
19 156
174 203
11 126
79 223
92 183
12 119
229 200
158 242
25 186
31 129
113 231
225 149
29 209
20 180
239 145
7 151
126 240
187 201
84 189
19 54
179 236
36 99
183 224
38 181
2 173
68 173
172 214
95 109
91 242
246 56
36 111
0 6
234 1
19 184
9 210
118 233
9 211
10 119
15 49
6 196
227 90
12 214
75 112
62 132
90 153
224 222
107 231
249 109
131 138
223 211
226 56
40 157
142 151
120 152
103 242
107 180
30 130
20 161
52 99
60 103
111 198
36 206
249 244
128 129
99 224
87 123
32 149
249 210
128 202
144 151
87 108
188 206
24 246
101 123
5 193
0 101
166 174
56 182
240 84
125 236
27 154
36 41
144 235
243 134
76 196
246 108
66 126
99 102
101 188
25 182
143 183
35 42
109 213
236 83
240 128
3 245
141 155
90 120
41 96
13 193
88 191
3 162
55 217
226 197
22 30
226 20
63 134
8 249
64 125
25 42
224 73
226 46
27 236
98 244
238 164
54 67
235 162
239 176
96 149
77 118
142 210
223 172
245 20
3 152
173 216
1 94
157 189
147 150
30 123
75 190
74 164
65 247
44 216
23 178
22 189
23 28
119 145
8 101
66 81
78 125
242 29
89 247
151 188
62 216
242 180
82 172
129 213
45 70
95 145
223 129
77 139
128 160
62 110
43 85
22 156
33 204
27 191
186 228
25 29
8 109
136 175
1 62
42 209
242 97
132 144
76 106
17 198
156 181
61 110
40 184
118 198
62 150
58 170
150 214
82 155
79 211
55 79
235 31
100 153
3 104
64 178
25 190
162 189
210 232
197 237
125 132
197 231
222 30
239 127
0 206
86 191
78 195
104 152
53 126
83 122
201 238
83 175
80 161
21 134
62 228
225 203
56 136
238 214
91 204
66 106
55 229
66 93
148 154
3 108
86 112
156 201
163 167
229 222
234 212
59 219
94 107
60 185
60 105
70 71
24 222
224 129
84 135
62 160
224 54
40 133
34 63
19 68
112 127
113 235
240 205
63 143
209 248
178 215
20 90
93 149
0 97
26 100
42 122
95 154
189 190
112 195
90 178
21 156
48 72
13 111
221 39
46 206
88 184
90 233
228 29
53 58
10 75
240 217
94 229
185 212
35 58
83 205
243 56
67 143
31 188
46 181
75 234
209 227
2 98
210 223
234 179
48 64
52 111
72 162
247 39
42 133
33 143
225 172
41 95
117 242
106 222
72 89
110 161
18 168
119 134
90 150
247 29
33 206
133 169
7 125
11 29
69 189
233 204
212 217
246 194
244 193
171 224
3 206
206 222
38 61
43 89
64 222
222 118
98 99
231 202
230 63
224 185
74 119
117 123
133 199
34 226
223 9
170 181
117 177
89 143
23 83
15 111
208 218
41 61
44 61
22 136
105 248
247 235
12 163
172 218
230 16
87 151
44 95
240 220
132 219
233 185
41 149
5 78
113 133
199 236
89 120
44 235
64 99
92 189
22 247
47 55
246 9
28 107
176 208
73 158
19 121
247 109
36 134
90 236
248 43
232 237
10 55
81 249
4 27
154 214
13 115
58 137
11 23
155 197
144 155
158 226
193 213
44 48
108 123
34 59
19 223
111 185
11 43
222 27
245 62
190 203
32 108
88 224
30 80
181 248
222 76
11 12
54 189
226 234
0 107
18 70
82 170
27 104
134 159
116 131
29 93
81 162
84 94
209 210
36 222
103 238
186 238
216 219
1 99
141 236
76 82
136 226
0 22
99 119
130 204
54 98
37 88
48 124
165 172
75 145
67 226
235 146
7 229
1 190
232 181
142 200
99 137
238 199
182 192
141 223
3 92
121 241
97 178
139 165
79 91
246 133
26 28
5 160
108 208
131 195
14 146
70 128
51 56
110 242
14 106
235 52
51 110
5 77
106 168
239 51
64 117
21 52
150 246
157 164
41 125
130 182
16 141
221 126
62 209
48 242
13 75
215 246
237 8
136 247
63 75
50 162
49 209
86 165
71 127
65 206
169 247
82 134
74 218
169 216
61 193
223 188
198 211
248 206
42 206
7 69
103 138
97 231
26 93
110 222
104 126
119 249
21 157
45 78
46 116
183 225
8 114
168 196
248 207
114 182
9 117
12 212
215 228
106 216
41 74
18 58
129 245
155 223
3 76
222 109
167 211
3 18
105 151
125 146
64 158
69 82
52 232
175 206
244 30
152 229
102 232
247 53
158 225
242 151
12 200
244 115
249 92
199 200
95 231
188 205
224 206
42 104
38 41
32 78
8 227
55 140
64 87
78 95
203 208
108 191
74 113
248 191
31 103
88 182
112 132
70 205
65 128
232 131
28 149
55 186
15 215
107 132
114 240
224 117
27 159
34 84
150 197
94 223
56 173
231 188
80 208
71 135
11 196
81 206
125 174
99 131
156 177
225 33
106 247
221 141
52 249
226 48
59 185
17 71
95 129
162 173
61 172
224 27
10 199
99 196
48 78
51 69
240 237
102 169
184 188
243 77
158 239
134 239
63 80
45 228
79 116
15 130
134 170
20 202
223 215
23 137
11 125
128 183
95 215
220 194
233 176
44 148
38 175
22 49
17 47
46 246
41 210
98 205
72 181
115 142
248 78
13 196
235 69
31 116
10 94
67 114
111 173
42 204
106 147
230 108
33 39
0 170
98 230
223 25
232 182
227 147
109 177
249 50
157 191
4 85
38 95
244 207
21 131
71 128
232 14
5 30
31 59
130 199
42 210
103 209
226 9
190 207
243 206
248 171
151 212
227 134
122 222
3 87
37 233
239 84
4 80
54 165
48 185
66 204
25 165
97 157
225 214
240 144
85 200
192 238
230 29
232 127
147 217
177 235
15 88
125 198
23 62
54 73
139 244
12 156
222 215
185 199
69 199
247 155
89 201
196 209
229 9
243 81
7 130
107 228
10 51
238 91
32 136
74 206
201 228
178 206
87 163
215 233
90 228
122 230
111 223
214 233
162 163
113 185
184 210
130 131
6 223
106 181
42 177
156 211
32 137
152 174
112 130
118 219
70 119
41 152
174 215
157 166
44 77
49 202
237 43
237 85
225 159
189 219
85 191
248 221
43 95
58 234
230 151
18 182
32 246
247 202
40 84
134 136
224 0
58 130
48 181
151 186
17 161
93 119
141 191
38 43
176 223
44 187
112 182
231 106
166 203
208 224
40 192
90 146
244 217
8 144
20 107
234 17
149 157
47 93
225 60
69 78
48 121
69 203
227 108
237 65
228 91
226 243
22 74
35 118
249 132
6 162
149 246
49 91
12 101
105 245
249 233
78 94
138 153
238 76
126 238
58 210
242 164
92 147
152 234
33 213
220 38
98 191
230 235
31 196
222 132
17 104
27 207
164 221
89 220
62 138
107 172
59 117
129 203
246 177
60 179
58 109
12 153
90 203
222 134
42 88
211 215
146 179
40 142
239 198
209 214
0 133
131 178
28 130
96 164
21 43
20 200
88 189
27 181
221 169
25 203
53 88
195 238
98 147
22 207
241 200
42 232
1 57
89 191
89 228
166 188
167 213
0 20
13 109
