6 66
58 24
10 40
42 51
16 45
57 8
68 41
5 62
67 15
37 38
37 60
64 20
53 24
43 53
49 1
7 60
51 24
22 34
23 51
63 40
37 67
45 32
12 47
64 23
16 34
3 16
61 8
50 34
5 56
15 22
68 16
59 3
54 32
66 8
0 58
24 46
3 41
8 36
13 21
0 4
7 28
42 53
66 21
57 16
20 29
40 62
18 62
15 60
59 8
61 25
7 35
58 25
7 62
48 11
29 40
53 54
25 27
47 50
42 62
40 66
57 39
8 30
61 37
65 18
17 58
2 51
65 2
31 48
25 33
36 47
17 60
45 23
45 1
10 54
37 44
31 60
24 45
65 16
63 2
64 35
15 62
38 49
28 33
57 32
20 69
14 27
46 59
24 44
64 30
7 21
18 30
7 66
19 56
28 37
35 39
4 62
69 6
1 65
60 55
17 25
68 30
12 21
35 43
67 40
0 59
23 28
55 10
22 31
57 38
1 5
40 51
23 59
27 64
18 45
44 48
58 36
11 60
7 15
17 63
63 8
26 58
8 15
49 42
65 60
1 63
51 38
64 15
49 7
35 68
63 29
50 30
59 11
29 66
7 50
60 25
47 33
65 21
43 52
3 23
63 62
53 32
16 47
59 28
52 15
56 35
46 67
6 28
29 68
19 62
1 12
52 1
59 24
69 26
1 67
13 50
40 68
52 5
49 47
0 60
11 29
24 64
52 26
66 23
11 45
24 56
9 10
14 23
7 30
21 45
6 22
30 53
3 54
55 44
8 50
51 0
2 24
41 54
63 37
69 51
6 56
