8 101
143 245
109 128
131 230
50 62
86 164
49 104
237 250
6 27
122 143
40 198
131 212
22 239
3 221
57 227
42 136
92 123
24 78
57 210
104 113
42 64
11 253
86 257
13 136
17 213
9 249
242 245
13 38
118 196
273 73
46 236
53 141
69 71
98 248
134 225
120 139
175 228
101 113
2 22
214 225
112 177
42 186
134 238
75 147
18 262
152 185
69 247
56 269
133 189
46 92
122 169
142 197
249 262
128 234
105 164
47 64
41 100
158 274
37 201
35 113
10 251
188 230
152 252
68 111
45 157
140 187
13 181
124 243
11 155
148 173
23 30
88 180
211 231
144 187
134 254
171 263
97 221
147 208
111 264
90 126
51 56
158 251
121 140
88 197
32 130
33 247
20 109
54 56
46 101
162 257
191 253
232 248
80 95
219 247
102 220
184 194
74 168
233 242
217 239
56 160
43 78
28 150
191 197
6 237
90 186
88 194
160 252
209 270
70 75
1 129
92 229
109 172
178 192
103 138
73 172
78 264
36 182
238 257
41 133
59 141
31 94
38 72
77 103
0 42
61 184
93 210
39 118
96 236
93 224
117 186
82 193
123 166
103 114
0 38
208 215
43 144
30 66
98 158
18 231
8 179
203 230
97 263
264 267
187 199
51 192
67 133
39 64
272 47
40 224
79 235
271 165
130 132
34 217
52 244
115 262
20 158
60 175
164 198
17 71
162 214
5 265
103 231
65 147
213 252
101 112
1 45
67 181
163 216
185 225
180 235
59 92
6 178
132 144
54 116
63 243
23 149
176 232
2 221
201 254
67 124
166 227
128 131
17 253
42 134
192 210
113 186
202 243
190 193
96 209
126 250
220 231
52 122
23 147
32 207
72 185
49 101
60 196
211 255
97 121
11 158
103 217
273 268
0 242
50 126
176 226
89 231
69 81
107 265
121 214
46 136
62 205
186 200
109 171
93 144
186 204
87 114
225 231
271 144
69 169
20 70
188 193
271 5
140 249
17 45
164 257
61 94
106 192
39 167
17 185
42 255
156 263
202 255
72 168
76 170
180 261
77 199
35 37
218 223
138 230
25 77
109 178
230 264
100 158
22 156
70 167
3 47
155 186
96 124
16 135
181 263
272 18
185 222
31 136
37 110
271 264
48 245
163 208
112 194
218 222
191 228
204 254
29 108
136 156
10 99
70 140
106 253
48 77
274 22
5 33
138 169
157 259
205 267
166 251
212 219
126 259
11 119
109 270
8 270
77 197
4 190
242 274
208 249
53 111
143 150
135 243
185 221
196 272
51 194
160 262
192 204
187 227
31 97
19 58
271 181
90 205
36 208
145 155
16 158
50 143
183 193
237 264
198 242
141 152
116 199
27 191
95 106
36 127
99 260
160 216
90 210
196 261
46 102
45 217
229 233
56 150
184 260
72 219
60 270
181 272
135 183
185 233
7 177
98 152
215 230
35 111
43 253
40 66
183 261
47 248
272 151
28 136
182 221
35 174
53 86
81 227
92 166
109 260
41 106
119 210
1 27
55 129
6 220
124 168
187 269
108 131
26 58
100 183
98 166
75 95
9 252
2 203
44 78
147 173
78 211
106 116
2 92
10 76
106 169
153 212
132 204
71 147
45 262
209 272
272 35
163 245
223 261
53 215
11 74
93 176
129 243
39 45
23 135
120 258
142 158
56 260
64 172
273 169
148 209
93 113
192 264
148 234
125 237
78 229
125 130
117 124
89 184
249 270
100 155
15 268
58 209
200 227
60 240
4 211
111 232
160 167
236 253
198 221
49 199
172 262
188 189
2 80
72 156
233 264
10 125
190 269
113 115
94 119
5 260
56 97
81 168
222 262
14 75
272 78
6 216
100 217
86 213
23 121
41 144
271 173
5 149
32 219
118 175
144 170
10 196
114 249
8 32
174 238
22 37
50 57
87 223
179 199
10 233
63 257
203 221
76 108
36 156
6 69
114 239
34 43
35 237
35 130
22 180
138 268
16 190
271 131
8 36
234 269
214 262
8 201
176 243
127 257
175 202
121 131
62 121
38 260
67 198
273 146
274 214
169 205
17 122
140 176
103 151
143 181
73 160
67 70
110 273
91 158
59 261
23 270
199 221
24 226
133 236
57 268
129 155
151 224
102 243
249 251
50 221
158 194
26 42
111 211
183 264
5 192
53 255
74 245
49 76
172 268
4 48
65 75
135 229
33 229
148 238
129 202
137 203
98 101
52 161
48 107
154 219
1 181
79 103
117 234
134 135
41 172
139 224
162 266
122 159
77 260
96 139
138 219
23 95
87 134
129 247
272 82
55 177
227 230
9 177
66 243
53 267
149 205
13 150
6 38
29 34
113 192
166 204
174 211
6 135
2 26
170 219
50 159
115 177
246 260
110 145
50 180
49 94
79 131
116 154
42 58
68 165
42 65
84 214
133 265
90 216
213 219
73 113
52 56
40 51
145 199
188 224
117 185
30 178
3 194
103 192
144 255
197 203
233 253
59 183
69 233
204 241
110 135
85 271
181 238
240 265
16 252
57 217
24 69
56 109
51 96
157 237
17 166
172 272
131 243
49 117
148 180
41 192
22 264
15 68
207 214
70 135
8 168
132 209
175 191
65 269
152 196
17 41
40 189
108 239
209 211
37 107
1 234
142 234
139 214
193 215
84 164
14 95
46 100
119 186
137 229
271 75
217 240
69 145
84 142
85 191
58 206
122 138
271 229
57 234
15 272
6 93
129 210
74 89
233 249
107 207
61 256
24 252
201 259
81 97
98 260
16 137
2 192
5 231
32 181
265 268
14 237
108 270
118 270
59 233
13 18
70 231
139 162
44 145
77 110
64 127
242 255
115 180
56 65
217 224
271 11
81 183
224 251
61 270
58 274
54 219
15 29
32 61
107 131
178 227
108 155
85 151
8 15
52 233
44 108
153 214
3 39
93 261
95 110
85 101
44 143
245 269
18 29
69 162
32 139
13 187
74 247
79 187
30 87
20 43
134 271
25 33
21 70
174 205
274 244
31 157
50 199
114 262
4 100
93 221
78 138
67 130
46 79
117 156
58 129
33 77
130 188
128 166
66 185
28 59
102 256
21 214
102 248
44 133
64 187
207 270
64 148
271 256
130 164
86 162
117 207
152 263
49 160
238 262
266 272
51 204
22 229
1 46
89 245
199 260
272 1
42 138
69 200
139 145
114 212
214 265
141 200
194 235
273 254
103 263
160 185
25 245
66 257
60 232
42 252
83 204
22 249
128 211
71 218
114 185
80 209
178 255
54 187
230 263
138 184
124 258
163 257
70 166
174 197
77 181
117 132
108 207
167 233
2 83
14 210
96 151
4 156
173 174
48 132
10 229
196 226
157 232
40 65
18 78
75 199
76 232
27 32
200 273
24 64
85 257
107 206
16 204
159 160
123 141
116 150
44 158
20 179
247 250
184 253
16 100
168 257
110 152
26 250
6 124
91 164
44 124
272 69
165 193
63 156
1 18
97 178
274 234
75 234
134 252
27 255
93 128
167 170
61 265
94 171
53 244
134 182
271 56
116 211
9 114
5 128
89 196
136 244
33 217
270 272
61 254
103 203
85 169
21 104
151 214
106 273
72 204
71 109
40 272
75 163
134 158
21 141
70 195
5 266
74 149
50 231
9 124
154 245
271 259
32 80
24 68
111 158
8 114
155 175
41 201
10 88
240 260
181 231
11 116
182 272
78 200
89 165
100 238
55 205
229 255
47 160
73 217
152 225
271 59
206 256
89 223
80 170
39 217
130 137
135 235
84 171
11 231
145 210
78 183
29 127
53 266
70 243
180 271
54 155
53 169
167 186
20 40
68 218
40 41
93 272
36 49
120 256
7 136
127 229
157 212
116 206
41 49
252 258
214 258
260 274
102 164
136 250
54 71
39 148
161 270
18 228
144 178
7 123
135 245
162 232
78 215
91 218
148 246
100 122
50 161
17 175
152 223
107 197
203 207
6 131
227 232
162 255
25 190
141 194
102 236
88 266
64 251
109 205
170 235
107 184
120 264
92 249
111 215
63 249
90 133
80 234
87 204
9 148
224 246
111 266
59 211
0 160
60 81
79 171
143 156
272 231
143 215
99 144
271 46
59 243
157 211
132 137
184 224
126 150
150 184
13 215
33 93
27 151
105 192
2 123
106 115
265 274
22 172
72 82
20 140
7 76
131 143
53 125
124 175
11 96
25 272
159 162
54 254
1 169
65 203
26 241
156 258
10 248
85 141
27 175
9 20
95 256
8 253
17 240
119 147
49 129
118 235
128 266
273 22
64 98
108 225
124 163
57 139
137 264
138 212
26 223
199 266
124 128
35 107
175 271
212 249
110 268
6 128
43 132
124 209
72 103
30 141
57 251
88 199
182 233
157 264
124 174
71 99
192 228
14 125
4 13
22 258
38 115
6 80
4 66
58 265
145 236
28 159
239 258
152 221
9 215
39 268
63 202
87 258
46 227
14 197
41 223
135 143
48 164
49 156
161 228
132 240
101 120
117 217
156 201
84 207
3 128
48 95
19 67
62 155
100 145
125 170
81 89
15 236
105 198
56 202
225 230
125 155
21 62
103 262
154 274
14 234
146 182
8 46
144 274
163 229
39 49
26 70
50 67
8 122
108 246
132 219
32 111
76 128
82 92
21 267
69 199
152 202
3 161
26 172
125 185
7 157
78 206
0 87
94 131
165 168
149 171
39 266
274 271
122 149
72 74
126 235
24 107
103 167
177 244
111 118
78 99
117 216
160 219
232 266
25 94
119 167
2 31
39 192
117 155
62 184
65 123
175 180
95 211
271 143
10 232
194 225
95 131
115 243
185 208
63 89
110 190
142 195
61 106
17 242
183 201
74 225
83 254
205 253
99 135
19 133
193 207
8 206
132 256
47 187
64 97
57 264
7 221
27 155
128 259
189 193
195 215
78 85
174 271
87 127
62 183
64 91
41 242
102 130
69 218
154 214
149 166
94 159
102 257
129 134
59 93
9 121
97 245
159 206
65 164
31 91
3 250
164 254
40 97
43 230
130 180
215 226
129 259
52 71
10 109
72 273
55 120
43 81
176 218
66 240
202 267
80 145
195 197
156 257
144 203
82 259
149 221
209 266
126 195
20 67
137 217
102 268
273 171
187 212
27 254
169 274
45 195
150 155
22 232
17 46
96 213
0 1
140 240
273 214
180 209
38 47
12 162
160 195
53 70
97 109
20 34
7 107
143 168
46 93
10 263
30 237
68 107
48 221
119 153
156 255
141 171
190 205
11 239
18 209
33 56
58 149
32 118
85 94
132 141
243 258
233 240
107 116
211 233
41 92
121 257
5 188
41 51
56 263
28 154
21 161
209 263
96 233
32 266
99 211
225 257
147 189
10 108
94 158
116 217
30 51
138 265
183 191
172 241
21 226
124 186
37 100
114 128
4 53
203 209
169 235
30 252
11 185
153 194
34 138
57 266
95 146
111 224
13 190
146 228
31 196
126 197
205 240
8 140
60 83
129 204
134 190
180 212
55 89
66 145
274 232
3 240
86 147
170 226
9 262
226 254
170 230
271 250
17 44
27 228
170 223
212 246
118 122
27 230
106 206
118 174
201 215
62 107
155 167
13 128
36 72
36 196
44 205
118 264
55 108
34 179
64 222
98 109
37 160
95 243
245 271
274 208
122 246
5 113
91 226
53 67
174 241
102 168
154 185
97 248
59 190
149 200
152 265
33 266
228 268
158 175
47 252
157 161
9 57
32 224
92 268
101 150
112 180
11 204
133 232
110 221
99 138
148 213
12 156
272 163
145 206
225 266
183 214
32 133
96 158
77 119
75 182
63 152
100 233
81 254
45 187
24 137
43 90
65 205
180 228
39 196
90 130
16 82
101 201
75 225
111 187
170 247
66 104
26 167
112 157
60 174
80 132
83 230
60 107
274 8
142 188
78 119
176 216
27 250
246 247
109 116
12 195
72 206
15 233
231 253
167 181
41 261
118 189
164 245
79 124
33 136
58 180
239 257
72 96
271 203
90 251
19 184
96 241
91 127
0 62
103 219
13 66
115 119
133 238
4 208
152 158
172 211
115 220
271 123
74 186
35 218
218 251
94 128
27 102
55 164
38 142
124 215
27 225
23 98
115 247
189 218
154 183
107 209
51 176
59 185
158 221
68 70
15 199
104 213
28 132
110 267
3 107
22 51
271 22
110 261
131 185
117 119
40 250
6 168
152 193
186 187
129 145
198 199
128 229
223 240
5 212
9 153
58 131
39 210
1 221
179 254
32 213
224 235
2 86
39 57
246 257
149 187
161 202
153 245
0 223
42 189
100 240
184 201
78 242
258 271
74 243
102 208
188 238
91 216
83 183
76 251
37 197
34 164
86 165
42 142
128 219
192 249
181 188
216 244
118 222
48 160
32 88
25 105
188 227
52 214
14 228
31 58
166 185
22 124
161 246
107 232
29 31
147 152
72 266
111 162
211 245
135 191
52 176
161 234
40 148
271 193
87 260
42 264
200 207
116 265
50 119
228 245
57 252
93 220
16 61
172 200
73 261
204 238
123 176
25 26
105 253
211 261
24 228
104 143
23 127
191 226
53 180
141 266
128 202
32 237
77 156
48 67
216 258
49 201
7 10
197 211
25 160
6 153
76 117
67 239
42 117
124 142
9 185
88 114
198 243
70 139
6 165
41 231
147 193
160 186
167 206
30 267
29 256
4 181
143 175
40 165
84 218
121 219
20 248
68 142
78 155
118 173
1 161
16 240
128 261
116 120
25 240
6 95
53 223
158 177
86 216
78 196
140 265
169 230
175 259
21 174
62 213
170 200
40 243
69 210
31 60
38 137
207 274
46 186
69 222
80 177
35 108
180 246
9 138
66 158
274 94
5 24
84 168
9 256
125 242
24 122
23 86
10 26
26 176
134 230
212 248
67 180
160 192
50 219
190 244
106 223
124 134
110 240
8 77
93 195
202 215
77 200
74 121
78 261
102 140
42 148
45 192
168 186
8 82
101 194
106 257
173 240
111 181
0 95
213 247
85 122
65 150
101 141
63 205
216 234
20 139
118 231
167 197
111 237
137 199
136 253
17 130
136 187
42 242
96 218
157 208
75 88
35 71
95 180
107 230
40 267
11 112
32 116
274 238
222 255
45 164
154 189
170 194
167 204
212 227
273 193
161 198
271 101
14 206
41 70
273 204
126 233
181 191
112 197
27 218
245 246
153 170
138 217
19 142
15 258
222 231
50 120
1 52
157 181
35 59
216 274
74 273
56 118
78 235
15 22
78 79
5 39
45 99
129 228
17 79
109 256
110 230
120 187
22 214
107 199
37 143
23 82
3 51
166 257
127 147
17 62
176 193
227 266
184 203
274 84
73 77
128 265
27 140
39 218
25 155
166 168
113 171
125 199
245 259
49 136
19 150
251 269
41 173
38 196
38 177
7 142
86 128
97 259
10 162
176 252
53 138
188 213
1 74
63 133
90 207
99 113
31 207
48 176
10 57
180 274
213 231
41 262
224 250
27 88
133 239
55 237
271 266
228 241
35 88
57 151
54 175
98 148
43 158
185 257
202 219
43 199
64 141
56 241
20 219
2 102
116 185
158 211
16 90
16 236
171 210
150 206
200 260
42 172
128 172
104 220
32 231
7 261
2 24
166 184
148 152
58 67
199 209
181 258
7 205
146 193
80 153
4 244
12 90
175 255
274 35
10 160
28 113
47 119
271 103
204 213
73 87
167 218
2 171
30 253
69 183
8 222
35 56
164 214
121 187
59 85
60 149
49 88
102 264
153 229
67 79
243 254
204 233
5 22
103 213
112 163
123 268
187 246
234 265
169 233
19 169
223 245
63 198
2 127
134 171
66 137
127 224
11 62
204 234
73 197
82 152
64 237
46 215
30 162
136 151
79 165
207 220
32 255
167 257
98 265
3 261
111 112
83 134
117 274
119 231
121 193
1 269
144 247
14 21
50 194
80 248
22 61
154 215
29 35
114 131
142 237
257 264
145 227
27 248
7 36
34 51
72 202
3 253
174 223
12 130
47 94
108 193
48 197
154 210
154 192
120 212
98 243
64 235
21 54
223 224
12 79
88 232
273 61
51 137
37 92
28 250
149 212
22 177
78 127
14 102
112 166
186 265
132 177
10 124
261 267
122 210
87 266
33 102
27 223
107 202
67 117
104 270
68 147
122 148
116 129
253 260
11 81
139 267
3 56
0 256
66 114
274 32
49 239
176 223
88 161
64 171
122 145
18 139
8 164
150 236
36 263
0 57
173 245
88 256
107 271
3 15
38 113
25 145
95 114
90 230
211 234
132 150
68 128
132 146
130 250
134 173
25 159
36 104
8 251
197 238
8 66
50 190
165 257
184 273
103 121
0 158
91 180
92 199
21 270
38 116
181 218
196 204
69 216
169 269
201 213
6 169
97 162
110 222
65 209
104 176
72 244
141 179
171 211
17 167
24 169
236 239
36 185
47 261
111 157
64 84
68 198
85 202
143 184
233 247
37 177
75 96
133 165
75 220
68 269
272 256
166 169
56 130
17 202
250 257
91 116
144 266
174 244
156 254
55 132
106 151
66 207
76 125
167 176
63 213
240 272
94 161
61 222
46 228
35 251
122 197
135 156
164 172
83 269
170 257
106 110
174 230
77 263
13 225
125 222
173 209
46 105
80 134
72 85
33 71
206 265
46 60
130 138
84 85
92 205
245 250
123 240
27 208
19 55
190 242
131 154
16 223
18 175
126 206
32 174
157 189
159 243
15 70
55 250
6 179
9 180
13 259
13 232
179 230
186 273
142 267
104 230
7 249
53 101
125 168
49 244
146 198
65 177
39 221
95 225
34 117
85 231
177 233
32 260
34 188
80 166
191 271
20 143
49 253
165 250
43 267
32 199
25 168
63 225
23 224
20 148
80 227
130 235
230 271
108 262
165 170
87 230
171 197
16 128
242 270
120 124
115 246
69 79
54 73
188 233
93 146
65 93
40 64
59 81
118 206
166 244
21 76
34 123
70 261
102 185
82 198
16 180
38 151
30 266
51 245
272 90
82 239
69 107
252 257
9 239
23 88
131 166
90 138
15 203
78 144
101 220
121 263
94 173
28 172
237 262
74 154
236 250
65 236
248 254
229 267
81 127
231 255
110 129
74 268
11 133
166 261
16 131
227 236
15 118
244 264
71 215
181 267
1 61
3 21
138 261
0 11
44 66
19 141
98 215
80 264
68 137
1 43
0 135
77 136
9 131
156 262
177 196
40 209
190 263
229 234
119 255
104 152
112 267
10 71
101 178
2 58
162 240
100 249
33 248
118 149
101 255
147 200
6 219
172 193
123 194
23 60
132 254
198 230
152 229
247 252
114 162
58 126
201 209
22 161
116 179
26 114
100 191
52 99
274 220
232 238
143 221
17 53
193 250
126 162
19 197
40 188
68 171
89 153
143 252
22 160
63 91
271 176
93 115
138 267
47 87
22 43
73 168
30 142
169 247
41 81
63 185
67 171
40 179
21 122
129 273
187 195
24 149
195 214
24 235
73 269
167 264
4 247
95 219
90 154
80 256
21 168
144 169
24 265
11 33
164 183
24 179
271 20
24 115
6 186
64 100
10 168
6 185
35 181
75 114
122 219
151 190
36 272
17 263
2 8
36 150
194 254
1 26
162 243
236 245
7 21
170 246
68 119
181 261
215 222
88 248
127 216
151 240
79 194
226 261
171 199
19 216
65 125
150 241
0 96
272 120
232 272
54 91
68 240
71 170
2 36
39 80
167 252
120 121
211 246
100 144
174 272
200 267
200 214
40 170
69 246
99 188
184 199
7 202
77 228
28 167
3 230
74 214
77 229
108 157
1 172
113 196
110 171
272 22
121 265
213 229
96 201
5 72
142 168
140 220
75 131
26 151
91 238
144 150
202 222
41 194
59 144
163 212
59 77
24 41
152 266
149 269
52 220
216 233
144 212
27 93
112 227
95 245
135 254
1 118
222 261
10 29
138 231
122 253
11 122
63 270
61 198
44 48
17 26
214 240
159 199
175 197
85 114
55 221
70 98
109 132
31 262
69 274
12 226
238 265
169 181
80 144
40 201
25 98
35 245
137 212
172 206
147 226
109 154
126 153
101 107
70 224
112 193
95 96
31 179
89 212
39 146
273 14
126 205
151 166
100 246
33 228
37 73
82 255
85 167
96 196
67 169
124 184
37 88
37 74
122 273
62 124
142 175
78 121
163 224
5 66
14 261
34 207
146 197
9 270
0 75
100 241
43 193
1 268
119 162
258 268
41 62
273 253
138 143
86 231
18 85
84 185
20 181
220 259
132 249
112 115
69 134
92 153
1 236
46 235
18 245
8 262
39 70
178 199
65 196
83 135
11 183
74 194
206 223
35 96
220 246
141 230
5 146
45 49
154 228
11 24
14 152
7 120
170 232
129 231
130 252
131 183
98 206
166 183
192 246
195 249
70 186
161 199
3 255
4 106
18 28
50 70
271 235
114 267
52 84
75 113
254 258
25 131
143 189
15 198
93 256
102 165
83 227
13 198
203 227
11 104
44 258
212 216
15 110
243 264
30 138
110 244
130 201
249 268
52 130
91 237
164 231
72 254
105 210
113 249
14 235
134 217
9 59
117 125
129 179
127 162
153 222
127 192
7 149
109 160
212 251
272 49
128 254
19 149
45 90
84 111
118 140
267 270
130 146
127 156
33 165
186 235
70 176
55 223
48 82
53 247
133 197
131 239
2 63
53 128
158 227
74 190
227 269
51 180
78 145
156 186
77 192
105 112
121 160
54 255
1 127
93 265
64 259
19 243
154 162
24 186
3 244
135 265
64 152
153 201
119 132
93 215
111 240
69 180
55 60
13 175
181 216
36 173
68 73
58 74
57 128
97 190
32 74
92 182
83 95
101 115
146 269
39 130
262 273
69 255
6 123
55 182
8 154
109 255
243 268
129 239
126 267
65 266
67 174
118 137
72 134
98 169
160 215
236 266
50 112
40 89
201 273
34 159
201 261
271 244
127 186
26 184
68 186
198 269
209 245
14 42
46 107
209 229
58 105
19 64
0 216
137 165
87 169
191 209
109 232
42 99
164 260
88 97
3 225
9 14
84 219
237 270
36 190
80 136
36 236
48 162
178 187
147 211
173 258
26 178
148 183
125 232
4 157
46 170
65 197
92 141
159 239
232 263
175 209
108 134
3 136
198 247
29 60
150 204
50 179
25 203
88 144
91 168
47 240
2 246
44 250
49 204
24 152
163 177
71 139
78 104
89 224
2 272
28 55
200 246
50 242
76 186
203 212
132 262
24 264
29 228
187 241
84 239
124 136
9 101
180 189
53 83
21 266
125 151
130 160
21 193
214 217
121 236
9 130
170 173
79 129
101 123
76 174
89 268
81 162
83 122
180 201
75 203
2 138
136 201
273 159
76 162
192 247
219 251
30 85
80 130
63 197
2 101
4 120
8 57
190 222
56 73
70 239
16 122
23 101
233 268
199 226
118 203
115 230
0 168
90 271
67 234
47 73
151 218
204 272
133 135
48 76
20 174
176 210
191 255
271 98
140 215
98 219
1 44
223 257
96 204
109 179
110 220
273 153
29 227
88 181
59 248
21 257
17 173
96 270
118 128
149 181
158 256
99 201
18 176
38 247
165 241
32 166
154 265
79 85
15 17
17 184
109 262
226 239
119 148
135 148
55 176
110 255
62 144
115 199
181 256
272 112
78 214
178 221
37 120
43 194
228 259
211 222
36 204
132 233
25 219
66 118
6 25
51 54
76 139
89 220
99 116
63 129
114 215
273 179
31 166
90 240
97 114
127 268
133 248
114 177
71 202
181 182
38 89
211 224
108 190
168 209
234 237
0 72
14 200
32 142
14 40
82 266
144 175
86 223
142 157
93 120
3 152
119 191
46 150
103 137
91 267
22 26
55 232
88 226
137 215
38 221
136 251
99 143
98 114
203 259
22 238
71 74
35 77
58 121
41 180
83 145
87 219
53 131
217 268
124 158
107 186
29 103
133 258
97 212
149 168
60 267
229 235
195 268
109 261
25 126
64 267
9 240
205 243
101 246
30 191
213 250
2 210
161 207
140 163
115 226
8 247
21 27
7 147
61 225
34 220
159 248
30 111
47 189
11 203
123 185
75 227
67 154
25 110
134 234
150 262
121 225
104 123
86 198
70 229
25 86
274 198
36 246
17 36
119 254
199 267
99 193
119 237
117 209
4 238
39 249
202 212
93 143
109 123
162 226
100 224
102 234
2 274
5 160
141 221
41 222
75 263
49 242
86 124
147 264
196 223
4 241
30 93
234 270
46 116
273 123
120 137
40 167
108 264
50 162
35 116
44 197
84 102
5 117
2 174
81 187
24 259
4 55
172 202
158 160
225 264
147 164
167 222
147 269
17 120
24 61
132 166
30 59
12 48
146 260
99 256
179 196
15 124
96 98
53 133
2 43
80 173
46 212
76 147
49 187
177 261
107 266
224 239
115 121
179 265
61 133
22 85
109 153
61 86
225 255
31 234
182 192
191 265
173 187
95 218
9 267
1 250
210 238
53 229
76 115
32 172
18 39
62 264
109 252
100 256
10 84
104 119
135 151
38 134
28 63
123 251
120 136
41 59
146 243
104 136
187 205
159 223
137 153
59 114
82 169
89 193
67 261
53 235
37 166
141 212
4 272
12 86
272 88
113 195
100 221
15 77
162 262
148 207
88 221
193 243
104 228
50 137
35 51
161 201
16 86
80 226
166 248
142 233
93 255
107 132
59 165
188 206
30 163
158 228
110 232
96 215
85 136
124 263
265 269
205 229
33 149
18 197
3 252
180 207
64 119
115 257
73 254
230 243
18 19
122 135
10 170
126 177
200 240
4 168
134 208
37 104
49 223
165 208
22 257
24 129
163 201
10 202
181 184
0 155
71 90
171 220
71 169
228 258
73 265
131 177
100 107
22 236
180 198
69 240
150 259
238 268
145 208
63 261
19 123
40 159
79 250
96 257
132 247
55 59
89 251
217 232
32 90
58 242
26 72
186 245
106 122
273 232
57 122
55 168
184 249
64 163
170 179
86 264
30 218
241 268
40 233
20 206
129 251
74 145
45 261
272 263
60 106
12 58
32 100
32 186
125 174
212 228
19 179
219 274
4 205
98 110
85 210
51 74
167 258
38 202
148 200
25 193
137 271
122 177
126 173
274 28
31 37
83 264
43 140
171 207
84 233
135 194
29 261
119 121
199 244
18 216
79 106
197 198
22 120
53 114
15 150
94 233
114 149
252 260
171 176
222 256
143 202
164 240
179 244
26 117
172 182
91 208
17 98
41 263
67 193
82 231
4 149
11 35
120 146
19 92
51 254
71 125
109 220
181 212
144 251
68 168
95 192
146 147
98 126
93 219
79 189
14 122
28 230
243 256
153 270
112 231
39 112
48 206
114 157
147 191
195 232
193 213
69 159
84 272
207 247
207 237
125 256
95 118
104 211
38 171
62 193
98 201
77 90
43 44
44 229
7 89
56 180
34 68
189 268
71 208
29 98
109 209
134 249
155 207
248 260
47 217
121 183
90 204
84 199
119 266
22 208
85 119
230 250
91 249
273 115
87 246
136 256
114 252
22 100
80 124
7 172
273 79
110 263
26 163
32 39
98 107
116 123
28 249
52 208
101 267
204 215
225 241
2 144
206 220
26 146
163 273
3 177
19 207
100 259
153 177
1 214
162 201
110 175
205 263
34 263
212 214
149 154
125 203
0 23
1 178
158 161
37 65
144 167
81 179
23 31
27 193
35 187
97 185
87 238
33 197
52 101
93 102
61 202
45 207
148 198
245 261
124 125
124 270
13 48
207 250
115 211
67 92
78 269
164 250
208 227
61 65
25 92
94 252
159 198
5 86
7 124
1 195
26 118
45 144
23 216
82 130
69 128
5 65
173 178
126 239
123 193
36 210
30 148
206 232
92 189
123 188
146 270
78 184
48 145
71 241
20 86
34 122
70 146
266 270
273 132
273 167
157 215
56 226
28 107
100 109
62 224
132 143
80 138
31 117
0 4
138 236
12 251
163 185
127 232
40 259
69 225
32 107
56 171
89 222
192 193
169 266
253 256
80 85
20 216
199 201
138 146
94 177
3 67
75 146
143 235
181 211
196 271
199 220
138 177
193 227
139 221
126 232
46 162
35 106
39 273
108 249
74 81
100 146
144 222
14 247
225 253
143 196
272 94
139 206
109 223
38 65
186 188
37 219
69 144
80 181
91 254
47 158
113 225
79 86
85 230
22 206
149 201
89 269
2 183
86 235
155 241
125 189
69 251
91 211
114 235
124 230
114 119
28 245
0 80
2 245
137 247
69 214
209 265
38 199
196 215
46 264
6 136
64 197
21 74
200 253
213 267
214 233
167 250
154 209
25 194
131 218
18 82
32 153
19 172
14 157
23 175
235 246
3 203
22 184
213 249
62 112
24 165
162 209
73 109
148 168
72 148
20 205
115 253
24 247
112 202
5 180
82 251
101 272
46 218
215 245
37 148
69 213
179 195
30 197
54 202
89 164
2 270
9 165
17 81
160 212
105 124
107 171
216 268
131 176
9 89
193 237
97 100
168 256
190 266
12 182
61 116
145 158
70 106
70 238
19 114
19 60
96 178
209 236
66 162
25 241
120 122
156 235
69 206
95 254
13 63
35 203
97 118
253 261
132 172
57 71
11 172
138 205
161 272
21 188
135 178
114 156
20 257
136 168
161 194
22 97
94 212
21 93
10 61
170 216
34 135
28 57
44 68
130 270
1 239
74 140
67 139
0 253
125 227
223 262
228 243
48 202
212 235
156 204
117 129
240 267
17 254
41 137
96 137
112 264
16 150
98 163
4 223
255 272
40 135
197 256
229 261
70 218
37 118
92 170
1 40
71 112
91 102
3 259
0 238
58 142
59 250
41 116
141 187
210 249
2 113
95 124
26 124
12 216
98 182
1 210
101 196
37 202
140 197
100 163
150 243
99 249
179 192
54 101
89 242
32 125
132 236
102 241
157 230
181 250
98 99
174 226
79 259
137 260
53 177
64 110
76 201
5 95
56 254
29 104
130 232
18 162
78 225
236 252
95 217
188 255
169 257
119 225
87 141
23 218
79 255
181 200
150 217
32 214
186 227
150 176
73 76
32 270
234 259
9 144
73 136
187 240
185 203
131 203
123 209
32 232
54 247
50 245
71 239
181 255
9 38
90 113
105 113
18 261
92 175
104 122
133 153
44 248
199 259
272 13
55 243
88 140
172 215
62 74
5 189
26 135
7 169
47 130
7 230
150 175
126 180
10 114
15 120
274 229
86 95
234 261
78 270
160 224
66 92
87 178
30 95
212 259
123 236
186 210
6 76
223 259
8 241
123 226
0 54
167 193
49 234
200 238
121 180
69 126
65 158
84 226
25 218
26 83
163 198
34 91
26 224
197 272
222 263
223 248
28 204
100 182
74 124
214 255
84 114
148 224
112 143
27 201
8 261
255 264
76 221
92 234
119 180
5 61
39 97
92 262
132 245
46 270
90 190
100 215
88 167
88 136
1 102
173 216
6 233
56 219
157 260
135 159
271 18
215 220
19 210
221 265
6 107
45 183
163 196
145 272
124 167
127 155
14 94
178 214
116 141
186 236
157 167
144 155
25 65
68 176
38 129
226 237
62 247
23 188
121 156
27 62
30 273
103 258
23 258
167 228
111 253
27 98
137 183
13 142
4 127
185 269
65 265
177 235
135 238
133 147
126 165
34 175
39 103
2 240
25 48
5 19
19 192
20 28
171 186
226 248
43 157
156 238
195 225
3 242
17 187
219 227
2 28
37 248
110 206
140 157
2 181
71 93
202 269
187 251
112 211
222 250
10 161
188 195
208 266
40 111
151 184
88 117
144 147
152 242
188 249
208 239
105 239
79 232
26 190
9 96
9 157
9 181
200 218
106 226
144 197
184 190
66 169
159 208
106 140
274 212
95 186
77 250
224 248
57 96
8 192
78 136
118 148
163 182
89 104
225 267
139 215
45 209
154 237
220 267
219 261
196 201
22 192
57 115
41 152
50 54
41 255
66 273
38 88
118 172
220 248
100 251
0 102
74 85
43 186
80 199
90 174
117 204
146 229
98 240
113 202
97 166
273 191
20 123
39 120
140 181
129 245
8 240
215 246
132 176
1 47
174 237
172 266
138 241
112 144
82 112
114 257
178 217
29 85
28 162
0 131
116 252
121 226
9 100
123 131
192 213
83 105
41 77
92 135
10 74
59 149
104 266
45 66
54 143
118 168
218 268
17 70
36 64
78 217
102 233
230 274
13 132
217 243
108 191
5 111
190 202
51 91
11 76
128 168
138 244
120 242
166 197
90 127
44 94
67 187
62 82
90 256
17 101
86 163
15 257
92 162
102 228
2 162
102 204
107 143
115 228
7 17
38 139
135 200
4 56
62 227
134 151
189 272
209 234
142 166
182 231
133 256
75 87
201 271
49 179
36 195
36 42
129 190
105 264
46 87
71 233
147 156
133 203
72 151
66 69
65 156
40 142
95 267
66 131
181 244
96 234
41 48
39 226
76 93
96 255
168 260
58 140
190 273
25 141
57 170
54 197
112 263
102 136
120 248
30 38
96 132
176 204
233 245
31 44
45 236
82 137
140 180
25 106
45 246
125 148
88 202
19 112
243 252
27 207
63 117
274 128
23 68
54 198
112 242
3 249
122 208
3 189
132 189
15 89
169 220
171 245
21 86
105 241
273 21
148 171
49 140
11 259
9 214
3 116
56 98
56 186
126 216
86 243
64 274
28 138
179 203
134 215
76 206
163 263
13 64
24 274
17 30
53 105
61 263
60 211
113 166
9 170
56 234
165 267
170 172
46 232
113 263
79 155
89 161
273 182
148 252
85 242
43 55
110 235
7 25
76 138
3 108
131 198
67 206
37 259
19 110
146 227
37 245
120 168
95 175
205 265
159 249
146 189
50 154
125 145
109 235
106 207
56 181
135 172
94 182
43 213
12 121
3 139
126 171
80 242
57 108
11 243
157 177
213 239
17 104
130 196
41 139
155 202
27 48
49 261
26 174
117 235
196 216
28 178
75 256
50 90
164 177
57 100
210 214
88 126
160 172
97 155
97 262
105 161
201 244
169 192
80 246
71 87
63 99
185 255
203 229
38 86
236 268
12 147
74 90
235 256
100 200
47 77
104 218
4 98
77 124
30 173
99 107
113 232
15 175
12 157
189 191
47 201
37 146
271 58
42 60
33 57
31 186
108 123
22 41
76 218
94 273
176 257
17 29
147 153
46 192
100 154
38 84
0 123
121 174
23 29
75 133
75 248
161 187
8 72
52 140
271 206
65 166
174 259
188 269
30 161
70 180
153 202
11 263
216 241
47 48
271 198
83 212
188 243
60 119
135 155
58 250
7 98
118 236
4 142
91 199
138 186
72 112
90 259
139 207
26 99
144 163
70 181
51 113
87 158
32 33
54 87
149 267
174 268
1 13
108 272
75 186
29 233
165 176
129 230
133 192
183 236
84 107
1 15
1 224
131 195
15 207
271 155
31 213
101 231
78 95
69 80
59 214
272 193
47 184
84 152
163 260
65 256
15 55
62 154
126 193
123 183
117 199
171 193
45 149
36 168
79 102
104 127
11 219
22 213
191 194
181 190
178 251
17 25
10 152
274 187
92 220
10 126
117 176
60 180
64 95
6 159
189 200
88 109
37 127
143 240
13 135
58 151
153 206
48 136
132 167
231 252
34 106
142 191
41 93
40 122
154 205
231 273
147 184
71 77
244 263
206 222
65 110
101 177
40 56
158 200
258 262
111 151
78 126
91 135
82 151
200 223
26 216
18 20
159 193
51 109
124 202
137 180
199 243
45 165
156 157
82 149
49 240
131 216
28 76
57 225
19 187
19 183
90 235
105 225
154 229
117 273
160 207
93 217
202 270
150 214
65 239
21 219
48 272
166 239
100 117
15 194
66 247
118 269
88 201
207 228
79 119
52 95
182 198
54 233
98 208
23 117
204 265
3 239
33 101
19 93
11 269
98 125
109 157
76 240
99 254
5 163
60 226
85 131
141 237
133 152
267 269
272 125
183 226
29 243
192 269
211 212
247 266
136 150
140 208
165 252
140 250
3 190
130 246
16 49
16 130
63 96
29 164
122 234
50 206
9 265
28 267
105 205
190 208
102 162
222 227
1 30
92 259
100 273
144 228
146 169
71 210
67 108
110 256
39 205
177 218
71 221
252 261
117 253
181 252
205 211
70 244
164 191
93 101
107 111
218 271
31 116
28 165
94 164
61 221
28 80
133 190
63 109
60 261
38 251
31 103
55 174
7 166
261 263
274 254
66 141
197 271
65 122
1 260
3 269
4 45
110 201
62 161
167 260
18 211
33 255
114 160
99 169
45 113
64 96
14 251
176 253
93 194
242 272
96 194
6 215
32 185
189 227
63 164
60 160
26 121
108 165
77 93
158 260
48 66
38 118
83 164
105 261
91 166
272 177
204 258
199 250
69 119
18 60
49 53
49 86
57 126
259 262
50 51
0 138
274 61
2 70
99 223
18 50
3 28
13 81
12 17
130 136
47 50
204 222
63 126
88 219
123 230
231 258
26 256
6 231
17 209
138 183
7 45
64 124
153 262
172 240
5 99
20 141
120 208
103 243
144 154
81 102
99 194
62 223
184 240
58 230
273 45
206 259
15 159
108 116
19 159
100 248
231 266
17 274
78 166
116 158
165 217
61 110
49 70
273 259
141 244
38 73
237 255
4 22
248 252
9 13
17 182
14 240
190 259
118 125
39 158
100 134
116 170
70 115
101 205
47 110
45 177
50 224
80 120
76 249
15 44
38 268
106 135
30 193
272 235
60 141
77 138
159 224
20 161
12 20
39 177
61 248
82 88
271 116
86 96
73 100
149 206
156 227
62 87
8 248
4 204
30 155
73 194
112 221
132 271
76 202
161 241
271 136
62 109
62 233
272 72
62 104
166 256
146 149
93 175
58 235
68 222
39 241
59 220
172 221
50 133
4 49
143 158
271 234
273 133
69 234
86 168
60 225
166 230
33 107
39 46
134 187
63 188
183 257
226 228
97 176
6 44
4 158
189 205
31 144
138 160
128 247
172 255
36 165
33 175
28 173
147 220
86 271
4 230
39 40
7 198
117 126
124 273
82 187
170 258
232 261
2 135
58 152
47 178
104 231
114 150
26 168
62 198
100 190
206 233
42 158
9 74
23 38
0 69
177 239
211 242
205 233
96 227
86 204
126 148
72 215
0 59
137 182
159 171
12 229
41 128
38 257
20 263
34 125
145 248
7 176
180 206
14 83
131 202
81 251
58 226
271 40
16 144
83 157
0 272
110 178
89 235
90 169
36 151
5 183
4 175
54 167
149 238
13 164
137 189
63 182
37 187
82 230
15 259
65 187
54 119
49 245
20 30
36 199
102 227
28 82
181 225
72 220
108 113
106 195
53 158
157 175
55 119
60 161
16 136
116 258
169 184
14 245
81 272
134 194
28 199
92 116
194 241
74 108
64 192
236 241
91 99
155 225
192 197
18 118
50 129
40 110
83 229
36 85
40 178
136 269
26 165
127 169
40 234
19 259
23 265
223 229
61 257
66 128
47 258
22 197
274 54
78 178
169 229
138 201
34 267
197 200
113 137
6 24
152 162
47 168
141 261
217 233
65 96
75 76
211 213
57 59
273 48
159 254
121 192
145 239
22 111
80 267
24 177
271 122
186 246
98 161
13 88
116 193
112 266
18 238
83 152
61 255
149 153
143 217
76 100
37 60
129 175
31 230
24 47
140 261
228 255
131 221
35 153
69 116
157 169
263 265
271 262
215 242
130 223
7 24
247 254
32 50
205 226
59 78
107 160
83 185
119 245
84 93
111 185
39 269
120 267
152 239
226 243
222 240
55 204
28 181
59 231
163 225
54 154
11 46
78 108
86 255
91 145
272 169
212 247
22 72
53 239
49 263
128 196
118 135
161 269
272 257
56 86
203 219
145 194
64 254
202 216
126 184
43 171
124 172
129 270
271 267
86 167
182 200
36 265
272 251
140 200
85 225
84 123
271 121
8 174
48 173
190 262
49 236
72 172
43 57
63 247
87 241
130 167
96 165
185 214
50 252
204 268
29 155
67 112
116 230
123 164
99 121
149 199
48 112
57 257
245 267
157 207
83 198
22 211
84 222
52 90
136 157
17 271
90 266
125 216
29 61
20 32
21 37
25 88
90 153
146 205
150 210
27 44
29 211
131 247
15 43
100 268
170 231
180 227
253 270
6 34
108 248
147 251
137 225
0 166
79 99
60 169
72 130
70 136
140 147
114 216
271 124
98 113
47 83
137 269
20 230
223 228
121 195
140 158
1 179
119 125
80 238
1 213
54 199
272 252
158 226
102 214
82 123
112 223
52 57
39 86
56 159
29 79
49 149
218 263
123 136
147 212
116 255
0 227
10 207
28 155
137 240
38 143
11 13
245 273
115 174
7 229
144 209
29 114
65 219
91 112
68 192
63 123
136 258
127 131
55 154
85 183
37 128
30 147
131 234
243 267
175 205
107 255
185 237
44 69
59 68
148 241
69 89
0 262
6 154
79 168
126 247
89 186
151 258
118 120
53 262
20 104
215 270
33 252
55 189
28 189
52 198
55 254
28 116
227 271
114 246
1 131
47 222
134 159
145 238
85 160
83 165
10 13
2 6
73 101
144 219
272 268
105 137
7 186
167 253
123 253
100 222
3 223
34 35
53 160
7 66
136 247
152 205
202 272
90 211
51 65
54 90
15 273
183 227
107 176
97 254
84 186
83 84
197 220
203 251
108 258
182 260
226 267
15 238
66 172
232 254
226 266
39 111
38 229
44 110
40 175
90 202
105 265
42 168
28 77
84 256
28 270
273 101
134 168
113 160
223 235
62 181
240 249
175 188
8 102
179 217
226 270
30 265
117 212
58 92
16 185
21 238
271 105
25 244
35 166
37 135
122 160
92 242
147 180
37 43
113 226
246 250
125 254
131 190
61 262
110 204
7 216
46 249
146 240
37 159
92 271
60 250
221 253
11 140
104 210
80 253
37 267
26 234
74 135
44 105
32 238
125 144
174 210
9 202
46 77
50 273
196 247
20 189
18 142
98 267
64 178
165 195
187 190
67 84
85 272
29 190
16 270
228 272
46 80
78 103
130 199
53 61
72 173
37 204
40 263
74 207
48 49
80 90
20 91
16 60
12 170
8 81
59 155
7 197
66 192
173 269
92 104
149 157
51 167
117 267
78 273
16 154
86 210
3 263
81 170
235 258
107 208
11 245
274 66
15 249
74 237
5 142
49 50
55 100
79 101
272 20
93 110
57 206
76 87
27 91
143 255
39 232
164 248
1 208
30 118
58 255
56 84
47 61
219 249
146 184
227 254
21 272
12 201
93 266
85 233
168 184
272 154
50 142
226 269
168 244
84 206
139 191
122 266
31 180
1 10
272 203
127 180
81 86
271 26
48 251
226 259
141 201
21 197
59 150
273 24
27 68
81 163
98 212
239 247
75 164
119 228
76 148
7 97
153 154
36 144
40 249
159 169
63 254
85 229
190 215
86 219
90 107
232 259
266 267
11 216
59 196
210 216
115 170
47 76
151 186
44 116
23 212
7 232
38 135
29 62
45 249
56 237
175 181
34 42
33 164
111 165
100 130
35 192
2 62
157 163
164 273
156 195
5 28
68 268
113 168
63 88
53 74
11 193
25 167
10 219
0 235
75 84
19 220
273 120
49 110
12 89
67 94
89 147
69 108
114 199
103 120
190 268
274 105
170 240
10 50
58 187
143 200
224 267
194 223
26 269
118 165
83 168
56 68
42 145
38 140
135 221
159 246
36 189
83 211
22 28
4 250
14 179
31 193
65 100
68 188
29 224
170 264
264 274
274 29
106 224
152 169
53 249
94 270
97 201
273 212
30 229
5 263
90 91
23 35
168 225
86 215
43 95
91 94
174 243
30 140
149 255
100 219
184 244
10 259
251 259
170 225
76 89
33 215
94 210
109 246
90 274
236 274
22 105
18 130
128 241
35 54
24 193
123 241
34 61
101 225
160 181
112 232
257 271
51 230
118 229
15 185
13 192
159 175
22 49
274 93
224 265
58 211
6 60
172 226
36 148
114 245
65 188
15 111
97 138
7 254
11 187
55 256
2 218
60 205
5 26
174 216
18 123
66 103
106 247
4 82
173 217
200 221
38 103
89 167
33 72
52 151
245 262
70 210
272 29
243 259
121 255
22 36
15 191
23 173
108 211
127 243
194 201
164 193
5 184
272 43
118 233
155 208
93 269
94 104
101 129
117 159
175 196
242 267
149 213
17 91
118 156
274 195
43 249
107 146
274 31
42 224
105 220
186 212
139 175
264 265
57 273
71 159
53 200
4 124
53 168
26 177
179 220
61 196
215 271
32 41
54 59
13 266
80 106
19 233
45 119
26 122
14 49
206 235
71 173
180 200
104 150
27 134
101 148
82 134
188 215
54 124
143 272
85 150
61 153
92 102
23 119
32 59
213 217
30 60
1 164
88 216
42 166
33 96
32 52
224 230
155 178
73 253
170 201
138 189
5 50
22 147
179 186
32 60
85 181
2 234
10 52
168 212
123 213
137 241
181 257
44 235
92 97
131 245
116 195
180 190
45 218
24 236
171 274
42 77
181 235
95 229
20 187
67 238
54 192
13 21
69 146
9 246
156 239
164 235
13 30
12 167
53 226
63 217
85 96
174 199
155 189
7 60
249 272
20 200
165 177
20 198
88 176
0 103
16 84
262 270
33 112
66 179
147 234
100 188
93 166
46 178
29 90
181 204
1 66
54 203
45 60
38 220
118 253
94 232
176 249
28 139
271 47
168 201
138 229
143 227
103 110
62 102
122 263
229 253
38 237
219 232
228 265
7 150
19 270
107 147
195 246
65 207
137 239
46 163
128 192
211 262
65 226
49 175
20 128
188 194
223 232
125 243
92 258
86 181
55 111
26 270
138 172
154 221
61 127
61 101
61 140
28 124
13 68
273 20
212 232
65 151
131 182
31 134
105 213
271 2
40 270
20 115
122 131
0 19
4 84
73 155
271 67
21 39
57 91
61 84
244 268
100 133
187 230
138 269
39 258
127 195
87 106
19 206
31 101
240 256
107 118
258 267
56 183
198 264
68 200
58 259
271 109
179 238
185 199
5 216
32 253
177 238
21 100
36 70
54 267
21 126
84 146
23 37
21 183
94 201
89 152
160 231
32 134
18 156
101 102
67 229
43 177
245 268
37 82
180 252
45 142
31 99
55 88
191 207
77 249
44 162
114 241
118 212
82 250
231 238
57 171
13 257
132 134
175 261
24 73
169 191
48 200
1 116
144 186
237 244
136 273
39 212
52 204
2 156
111 143
139 270
31 187
34 256
191 266
12 158
34 128
88 148
41 112
87 226
5 225
124 147
189 226
25 199
0 211
115 227
81 114
40 154
272 134
239 260
16 250
205 259
168 248
61 82
60 219
127 199
2 204
64 234
265 271
203 204
49 119
10 133
146 163
157 238
47 191
132 203
272 33
138 176
22 42
44 184
22 205
186 189
110 123
103 198
70 242
46 66
91 118
41 258
15 129
87 192
121 122
93 97
62 93
19 113
48 182
47 270
35 259
200 210
17 152
228 233
86 142
147 199
86 116
61 128
81 100
32 86
190 223
126 132
43 67
169 187
58 59
272 170
28 96
39 90
73 272
7 38
82 221
85 222
121 268
0 232
34 161
31 55
71 92
19 155
71 272
79 217
148 194
201 247
244 265
85 251
271 228
93 190
274 136
29 137
201 214
88 163
30 78
118 226
151 164
78 236
146 212
189 215
54 105
194 267
59 198
27 249
82 219
100 216
38 119
79 112
136 182
98 103
203 241
44 223
132 230
108 147
124 206
39 219
3 159
67 255
141 207
122 242
35 134
220 221
7 29
182 266
176 207
162 182
76 91
39 135
92 185
112 226
120 160
176 255
3 101
177 188
92 191
150 163
59 159
88 177
204 214
109 200
102 263
200 263
118 261
46 53
180 218
273 241
24 157
77 189
149 194
44 46
72 192
106 184
237 243
102 252
273 192
38 48
139 148
34 236
56 191
121 266
16 99
98 134
149 190
44 201
98 205
273 47
69 242
101 186
9 112
13 243
99 234
75 127
7 65
78 201
166 205
28 60
155 168
3 22
176 230
152 248
10 247
32 229
216 243
50 106
204 242
12 31
29 111
3 72
50 102
138 251
81 173
93 148
51 256
237 248
146 222
58 156
70 182
102 144
98 108
65 199
11 146
98 127
217 236
6 227
180 242
88 269
150 267
105 255
137 174
148 186
271 4
237 265
271 211
41 184
37 240
8 40
58 76
124 130
112 128
81 239
271 42
65 271
54 174
76 181
80 190
49 196
123 197
118 237
25 221
35 64
76 216
271 135
43 239
87 236
62 141
123 157
67 262
9 210
155 183
184 222
242 259
61 146
41 42
29 158
203 211
56 155
201 239
28 271
37 238
152 207
69 82
10 149
154 249
67 127
12 43
31 235
42 260
210 258
108 109
27 108
235 261
184 233
100 172
53 230
273 12
32 183
99 160
18 254
27 105
62 251
85 148
114 115
98 234
144 267
96 126
72 256
29 235
69 130
161 205
25 121
32 68
130 220
1 86
137 236
57 194
20 134
123 170
14 45
137 146
163 248
198 227
73 106
16 87
17 69
76 191
168 240
5 166
97 195
84 257
74 139
24 224
113 134
165 262
69 109
242 269
159 268
102 171
2 224
22 189
187 247
11 132
129 181
14 18
35 264
48 84
34 157
176 231
195 228
148 188
56 64
27 220
44 246
138 209
49 256
77 104
106 262
31 175
139 220
274 250
130 204
3 217
61 182
213 264
60 164
174 257
56 172
4 221
35 236
102 267
200 271
81 233
223 253
161 211
21 251
18 53
171 183
55 121
97 135
131 263
56 76
154 226
47 67
125 166
137 227
120 204
14 207
8 84
194 251
29 180
13 74
77 239
15 45
272 14
16 64
55 179
121 132
103 153
207 215
257 269
51 69
135 210
25 273
22 63
2 206
139 202
272 211
83 219
164 227
15 85
169 224
22 222
18 140
165 190
20 153
66 241
67 189
21 178
138 181
15 217
24 185
28 79
65 92
46 124
18 189
42 79
3 185
126 258
26 108
52 61
0 251
76 131
51 139
111 193
54 141
13 209
243 250
138 156
230 256
34 139
87 224
44 86
14 259
2 85
29 187
155 246
166 192
25 50
6 226
125 253
110 226
158 214
56 111
20 192
81 226
103 119
110 173
271 232
3 85
113 149
26 196
73 94
80 252
74 206
58 176
36 266
113 141
93 240
0 124
14 19
5 70
125 133
69 131
271 169
227 262
153 255
47 91
201 210
100 253
41 98
84 187
79 219
186 258
0 205
130 171
92 178
132 169
93 130
104 202
147 192
90 135
130 179
5 206
60 187
146 211
272 27
8 41
116 135
142 270
85 99
139 257
25 130
123 206
45 269
16 45
202 251
40 260
148 250
94 102
240 250
23 91
23 59
95 179
21 239
183 216
2 19
46 58
54 230
114 158
151 153
96 189
35 239
56 143
204 237
47 75
199 240
165 238
36 224
44 216
43 192
3 218
196 249
246 263
184 213
141 250
13 76
41 195
256 266
82 238
70 86
220 265
193 263
141 236
62 142
201 241
28 88
198 222
271 216
170 234
110 130
66 150
113 135
97 209
237 260
50 92
62 90
75 167
46 98
155 248
251 257
92 245
6 129
156 259
133 176
92 252
76 194
154 176
88 229
52 181
272 92
99 217
32 136
96 184
103 169
56 168
120 252
136 266
158 235
225 261
4 246
34 260
157 192
132 165
41 177
44 196
141 161
4 77
18 107
38 174
78 143
15 220
87 195
92 264
153 187
50 270
108 219
46 141
83 180
17 201
66 222
116 191
0 45
219 222
80 151
165 178
184 210
136 224
36 44
8 119
64 186
66 224
52 211
37 72
31 239
73 104
148 259
30 81
71 171
65 268
36 125
71 236
172 208
90 187
143 234
100 175
74 236
23 79
163 244
93 165
130 170
272 200
184 211
89 146
3 124
198 225
2 42
42 265
125 252
56 213
53 150
109 124
188 256
271 48
120 241
77 105
108 163
65 90
90 116
187 231
98 209
153 240
83 268
193 209
3 98
119 232
99 265
185 191
122 152
140 172
80 128
0 188
137 139
125 251
36 81
7 13
182 237
25 73
91 269
172 177
118 152
133 212
50 182
29 214
119 259
127 176
200 244
232 234
5 138
105 166
8 92
5 37
91 202
170 177
38 55
173 247
98 116
3 106
153 161
96 145
129 216
57 123
111 128
68 154
129 163
64 243
10 104
98 112
18 188
4 54
126 186
158 183
33 63
3 38
20 41
133 151
24 182
24 191
19 171
53 66
26 157
176 178
53 115
163 235
172 232
101 147
54 237
67 166
135 227
14 99
192 212
81 225
104 273
2 81
34 81
22 35
16 77
55 202
95 220
63 227
107 267
178 201
60 88
93 189
36 107
273 211
79 172
67 153
53 175
142 255
42 177
31 77
7 185
149 163
8 195
109 238
3 17
55 93
104 173
42 147
105 186
132 164
87 166
107 141
65 66
67 131
72 259
12 235
204 271
36 73
113 150
132 237
258 266
37 51
219 257
147 215
47 223
274 176
127 223
273 255
88 127
163 230
1 60
102 159
141 180
39 142
136 272
174 263
79 239
26 150
28 213
238 271
15 270
158 240
58 179
145 247
116 164
95 272
9 211
150 165
30 261
40 207
222 246
187 197
140 202
174 213
0 90
140 184
3 176
272 57
26 272
14 64
110 209
75 205
69 212
192 241
151 165
151 162
274 121
37 85
27 235
100 184
62 103
47 173
152 171
86 266
138 196
34 266
244 246
59 228
236 249
139 200
42 123
79 211
28 73
37 170
74 146
140 165
217 248
76 176
199 239
81 248
64 236
3 12
78 114
86 212
115 173
151 251
2 78
38 81
273 148
197 260
193 218
25 239
271 195
77 236
18 73
222 271
89 270
201 218
15 239
31 268
94 124
220 272
163 209
91 147
63 92
136 228
8 213
4 69
105 238
86 100
180 215
21 119
137 220
13 107
43 103
85 123
53 228
65 238
150 168
68 120
37 255
55 150
23 236
273 109
86 89
274 103
61 141
229 266
186 192
52 142
47 267
2 178
257 258
38 53
123 248
90 168
78 90
34 251
228 237
13 251
125 248
167 255
118 216
142 244
6 63
131 231
19 34
16 29
50 209
125 213
38 239
32 144
14 139
121 124
193 214
155 192
207 241
80 111
39 174
49 246
88 107
23 226
104 131
19 126
208 247
167 248
110 121
23 25
83 223
53 261
113 145
227 249
63 127
153 191
223 251
27 227
92 143
39 248
23 259
72 247
122 183
84 144
26 55
66 194
183 218
75 123
115 200
143 151
44 121
57 248
0 60
55 134
65 248
156 162
168 223
120 219
115 244
82 218
116 175
42 204
11 190
131 201
3 214
102 104
20 270
6 273
229 264
67 107
180 239
233 266
8 184
152 241
3 205
64 166
42 121
23 96
115 141
13 273
26 147
49 125
108 184
65 218
9 30
83 102
21 67
112 225
178 202
78 128
69 207
214 271
98 262
46 205
77 216
16 225
4 252
8 137
151 243
10 18
8 269
121 239
1 122
39 84
181 221
171 214
119 222
67 270
54 121
120 234
38 172
27 206
149 259
38 271
40 181
213 223
6 113
68 264
10 260
104 192
59 122
81 112
169 270
2 264
16 39
17 234
54 98
33 254
125 215
23 221
240 241
20 149
84 261
70 257
53 63
107 235
122 173
75 149
76 167
62 241
80 113
183 268
274 114
110 210
93 229
67 222
109 269
74 99
181 264
49 61
41 118
10 240
48 128
171 187
13 49
161 250
62 202
131 137
5 156
163 234
73 92
26 51
14 140
204 223
125 226
50 153
48 123
88 119
7 78
65 82
189 236
5 204
128 232
35 191
8 19
93 218
195 242
23 65
264 270
94 156
66 183
216 224
124 179
40 113
85 234
81 204
271 209
78 146
51 233
30 226
174 220
42 82
136 196
128 272
70 134
165 199
143 194
46 96
90 254
153 178
159 214
77 243
28 191
238 259
59 67
115 190
250 255
72 94
30 254
5 270
91 250
33 237
172 173
156 223
124 177
58 244
90 206
51 206
121 213
131 214
20 165
174 260
161 189
145 228
37 123
19 185
15 90
216 252
106 138
34 185
115 137
104 267
132 229
131 242
215 248
195 200
243 251
9 88
226 246
75 184
160 210
100 235
9 75
140 251
136 227
22 67
34 129
162 189
90 123
20 182
166 214
95 221
213 233
55 191
25 96
58 153
106 222
43 255
29 208
167 268
48 199
125 167
241 259
101 264
19 222
141 253
234 249
58 125
39 42
167 183
52 55
74 129
79 163
82 173
5 169
61 91
65 206
41 210
136 184
139 153
133 237
73 146
53 196
113 221
230 251
61 163
64 224
80 261
8 80
181 269
163 217
241 242
105 215
5 191
54 241
68 130
65 99
136 153
116 267
57 190
7 109
15 35
97 255
113 189
8 126
80 141
75 142
181 187
100 263
73 236
37 207
103 225
104 237
135 212
101 152
74 253
147 243
82 236
46 114
184 209
70 194
40 195
14 166
223 246
18 90
56 122
144 188
125 152
41 60
239 271
220 236
7 191
117 171
32 81
175 236
272 110
42 171
73 135
178 225
178 273
19 103
201 211
169 189
31 270
3 33
29 150
158 254
103 248
4 178
182 230
182 248
187 254
164 170
145 226
41 145
11 154
102 139
131 134
16 129
61 201
144 257
66 134
57 113
7 237
161 176
70 253
124 244
185 251
193 223
166 229
59 135
32 180
207 224
184 197
26 154
33 242
16 260
49 106
10 24
51 221
168 241
65 109
176 203
19 28
23 120
53 195
153 203
66 248
92 274
162 200
15 231
128 209
273 102
66 214
73 184
102 172
138 239
185 213
244 262
122 136
111 144
50 95
144 179
114 117
97 215
76 144
64 177
182 265
113 130
123 263
158 243
69 163
149 188
5 94
122 162
33 152
39 138
127 212
63 203
44 211
164 207
9 205
21 112
73 263
69 273
47 152
57 116
131 145
20 137
84 143
45 154
11 228
7 259
0 156
66 76
82 267
202 228
208 229
110 198
88 133
273 160
117 191
89 116
20 120
0 2
139 216
114 273
37 260
144 185
91 172
94 103
218 259
104 236
79 135
68 179
73 255
180 223
91 108
66 126
83 124
220 244
29 133
28 210
47 150
77 237
164 222
119 120
54 74
19 168
143 247
58 212
46 226
28 118
92 203
52 205
46 152
90 96
20 136
15 65
155 215
206 210
171 259
116 124
2 117
63 120
8 24
109 199
132 253
57 189
79 210
10 38
187 209
103 266
163 231
133 214
66 246
127 151
148 266
51 148
150 245
146 218
142 154
105 126
47 237
186 211
38 176
129 143
170 171
122 168
129 234
41 226
161 224
25 97
7 209
9 232
19 104
8 12
79 274
140 235
74 199
110 115
124 236
84 262
2 93
208 269
73 192
24 119
91 109
25 51
5 264
180 249
16 148
9 113
41 72
86 132
141 256
53 270
121 206
33 232
7 46
5 217
61 223
158 169
4 52
51 136
30 97
77 193
40 239
19 66
46 219
78 169
22 89
209 214
128 271
100 231
31 108
2 193
106 136
92 230
165 214
165 219
63 252
79 231
88 147
60 263
4 186
75 103
58 185
10 85
86 193
57 255
24 197
211 256
117 241
221 257
115 254
205 219
11 232
54 64
151 195
66 78
37 114
78 267
147 187
47 157
87 245
143 232
169 252
8 55
161 215
14 112
60 131
63 189
91 196
21 38
246 248
49 57
73 78
20 64
133 229
3 222
141 270
64 233
8 52
58 111
4 68
54 234
56 164
27 184
165 207
107 123
70 105
13 73
155 156
50 93
169 173
95 105
104 159
0 203
229 265
113 193
38 208
210 235
27 210
61 167
191 269
207 252
5 80
65 213
106 130
18 42
6 62
150 273
140 236
156 160
8 226
187 256
70 78
94 163
272 34
172 217
244 251
31 222
245 270
12 211
56 261
25 151
26 149
1 117
45 173
39 237
221 250
25 196
274 62
31 42
104 185
62 150
47 177
166 210
9 261
107 189
161 223
86 187
148 156
271 168
5 122
83 116
41 71
196 273
2 35
238 251
185 249
141 249
134 239
103 218
24 173
5 63
273 85
73 166
271 60
231 262
0 109
31 263
219 246
84 133
202 203
272 30
11 266
6 196
142 240
241 245
41 43
65 111
205 252
91 105
142 205
31 183
184 232
187 266
19 52
63 143
162 265
21 98
87 179
96 259
208 212
69 125
11 156
3 40
28 48
111 186
91 150
158 212
197 232
154 218
35 84
48 274
122 182
69 156
147 256
159 226
70 132
177 186
120 221
186 274
97 171
111 195
97 197
82 224
50 184
119 179
123 223
127 130
111 176
9 70
199 264
55 95
209 251
100 245
12 221
99 170
105 245
89 145
24 267
99 158
84 101
113 125
28 207
17 199
4 159
141 188
272 245
96 131
76 227
59 170
63 74
35 227
0 68
94 191
82 205
106 125
45 152
90 149
190 260
113 136
53 116
68 203
109 180
4 101
20 31
94 154
30 90
138 204
111 208
165 237
274 168
135 226
3 81
27 199
28 263
46 260
63 77
142 162
66 154
174 228
105 142
105 224
53 118
73 212
147 204
250 260
45 128
236 255
128 187
40 220
21 231
165 228
61 236
40 55
222 238
43 119
3 36
84 209
161 197
32 257
194 259
87 256
7 104
14 193
36 227
116 139
212 269
274 259
43 270
186 271
36 86
39 238
47 129
7 252
203 252
26 230
36 55
105 172
27 103
35 216
88 225
141 162
191 245
233 267
104 171
212 213
178 245
90 261
107 264
52 107
38 266
33 75
225 233
18 115
86 91
273 252
78 91
77 157
9 60
136 176
44 208
60 72
170 243
71 145
36 164
53 242
121 199
115 185
48 185
27 269
84 108
219 256
7 223
126 188
149 197
77 251
1 85
85 121
235 264
17 38
61 98
37 67
97 196
95 134
52 249
207 251
193 256
160 234
97 179
31 148
27 185
14 92
51 232
111 138
57 140
100 201
23 131
110 258
148 184
164 202
61 266
108 208
149 246
104 148
150 164
112 183
48 97
1 252
54 196
22 87
180 186
149 219
144 148
158 182
14 217
89 169
176 239
5 102
73 218
50 228
152 172
141 176
157 185
108 217
23 256
6 61
116 176
64 179
11 267
257 267
19 41
9 43
44 237
97 237
129 257
29 167
124 256
78 185
186 253
21 180
102 126
160 261
9 142
9 222
105 243
89 203
73 118
1 124
1 145
100 177
51 208
77 169
196 210
65 116
25 154
58 165
2 137
75 198
22 204
24 230
5 273
172 236
271 158
238 273
12 132
0 259
11 206
119 142
213 253
143 204
46 166
200 262
20 73
18 27
168 170
89 187
99 130
108 175
9 81
158 216
7 118
85 232
65 71
161 182
36 181
58 114
197 262
47 58
116 219
101 137
104 225
77 201
170 262
220 247
97 129
17 220
57 99
19 250
38 94
87 200
201 262
225 254
18 30
92 125
0 201
24 257
274 235
10 236
137 272
140 230
175 225
114 220
48 268
6 106
19 230
183 185
65 171
116 201
5 97
103 272
20 209
102 209
80 236
41 97
168 182
44 146
133 247
113 273
5 41
156 244
173 215
215 251
89 133
109 264
90 236
26 197
15 16
106 252
45 179
24 241
29 30
172 228
73 75
37 232
36 215
160 211
23 115
90 161
274 269
128 159
5 118
55 148
10 223
11 150
0 27
36 183
271 224
84 137
15 125
68 127
21 30
4 218
73 231
151 197
165 269
66 98
271 6
22 165
0 34
120 134
73 201
129 206
80 203
10 157
24 114
49 131
171 219
114 164
42 270
78 180
12 255
180 269
274 233
74 113
188 208
40 222
86 207
230 231
2 29
15 228
24 266
172 223
22 157
35 257
71 113
106 258
226 241
55 99
87 119
199 265
58 82
19 154
117 211
71 232
109 130
60 76
56 117
70 151
160 200
56 124
109 134
133 233
100 157
130 237
69 260
77 205
181 205
38 127
2 157
18 256
59 73
155 262
106 248
153 216
168 203
271 53
9 16
64 199
178 191
16 157
42 232
197 244
22 114
187 220
79 241
30 72
165 224
16 212
39 201
37 40
33 135
196 203
96 110
91 104
3 258
14 59
58 122
140 193
89 158
102 249
33 186
95 169
211 225
45 46
110 166
214 228
144 152
62 186
122 196
106 180
33 250
44 157
25 169
173 238
97 233
41 238
57 79
111 200
17 54
202 231
45 137
17 107
16 152
24 29
193 220
93 177
36 228
250 253
228 232
30 109
85 153
58 133
36 120
11 40
3 48
60 115
108 168
84 243
256 273
71 199
118 245
61 89
13 28
25 181
175 199
83 220
42 236
174 266
72 175
198 206
162 193
59 255
78 179
56 198
78 193
113 268
116 262
17 105
184 215
90 269
166 233
12 23
216 264
110 216
50 198
10 83
154 175
169 190
271 126
90 197
12 171
77 78
84 263
127 136
121 198
151 170
120 226
95 233
29 172
32 124
20 88
50 185
197 269
7 234
29 271
60 99
57 65
39 181
111 239
143 169
77 232
60 203
243 272
189 271
61 249
58 99
14 46
24 146
77 98
9 22
197 247
37 198
22 107
73 91
230 273
35 148
61 92
31 139
174 273
189 246
75 183
241 244
30 239
2 53
36 241
105 127
24 261
231 242
115 168
117 174
43 156
134 264
44 102
140 160
44 128
53 186
61 80
0 159
116 203
59 179
182 240
45 54
47 100
52 118
38 105
111 256
170 189
90 201
201 269
155 187
43 120
170 237
272 180
38 193
1 244
39 110
63 192
61 131
238 260
41 67
44 99
75 83
54 127
127 271
105 227
191 219
8 42
101 240
49 118
35 169
272 83
191 221
273 107
17 131
93 232
94 206
273 227
60 125
151 253
9 233
80 185
157 166
58 198
272 184
105 184
110 197
274 182
78 137
103 241
129 164
1 256
48 236
41 224
20 243
96 216
51 71
15 121
71 187
105 216
16 85
16 141
124 126
123 158
97 160
126 194
111 205
37 131
41 87
12 160
186 248
174 249
55 151
229 249
77 255
69 185
199 234
105 228
135 185
87 94
44 233
175 269
232 262
212 230
155 157
38 78
222 270
52 111
14 203
100 218
54 184
100 196
115 171
159 186
110 249
56 123
93 253
154 262
76 225
110 122
53 119
36 248
30 53
108 129
9 83
75 117
56 217
48 130
64 230
99 212
13 33
61 240
46 156
188 251
173 176
103 191
11 229
175 252
124 161
43 72
198 223
103 227
23 164
144 164
200 215
6 191
91 231
152 260
51 199
73 97
51 80
72 129
111 238
24 272
209 243
98 197
95 158
87 216
69 96
82 171
6 234
25 43
14 26
97 260
6 209
49 167
95 109
45 77
112 220
97 235
52 172
92 149
169 264
35 72
93 271
60 86
200 264
218 227
120 207
16 182
33 270
54 151
38 104
184 218
89 157
58 177
132 220
262 269
207 264
33 172
67 190
20 98
168 188
15 139
26 43
211 217
25 54
81 219
123 165
144 261
145 200
274 49
121 203
121 184
70 259
190 213
86 224
58 103
8 125
113 219
139 197
226 245
79 166
8 151
100 225
273 173
21 88
182 261
104 158
134 172
53 208
22 92
101 111
164 251
71 194
52 168
16 20
67 242
67 132
22 212
238 246
155 179
26 98
1 227
36 54
199 246
75 223
3 95
7 235
4 199
119 175
5 67
101 218
138 257
19 99
69 219
179 202
91 96
179 201
65 210
99 136
52 216
1 88
177 221
165 236
139 209
273 177
13 174
38 179
162 184
52 170
176 209
204 239
59 209
253 263
112 123
194 229
23 267
120 274
191 203
42 184
41 169
59 131
35 110
271 163
273 207
26 229
18 259
132 155
138 226
39 119
273 82
9 197
272 53
159 192
137 158
20 155
273 65
34 150
47 265
94 193
36 98
97 268
97 168
51 63
207 260
4 215
17 134
76 158
151 263
56 184
25 201
15 225
28 101
149 184
85 129
43 143
101 214
62 228
55 73
74 87
64 143
82 243
89 254
73 186
74 173
39 236
69 203
10 178
99 105
198 200
87 274
43 250
227 237
63 157
61 211
206 231
199 210
44 156
143 159
129 137
95 271
15 179
74 105
3 90
34 40
138 259
62 116
107 114
130 203
81 158
37 203
37 191
28 198
34 72
26 153
200 220
28 131
46 89
86 111
58 254
31 66
6 77
86 200
190 272
148 253
172 192
86 182
211 251
274 111
27 253
157 243
146 175
33 241
118 158
161 218
95 239
57 167
84 232
39 195
79 100
166 271
128 256
143 182
133 139
168 242
32 158
128 268
168 262
10 89
1 183
9 184
