23 69
21 59
52 65
23 30
26 60
46 68
77 8
3 60
32 34
53 61
30 53
76 69
35 50
2 29
77 39
9 66
18 30
4 38
17 32
16 55
41 63
0 73
77 50
1 49
20 44
10 21
57 66
23 68
78 4
17 28
18 37
11 62
28 69
67 70
36 52
4 67
22 23
16 52
36 72
7 27
38 58
20 23
18 58
42 75
28 63
66 79
60 74
3 46
26 30
9 25
76 36
16 68
20 65
19 22
16 75
43 54
66 69
9 72
37 43
77 10
20 41
77 66
20 56
30 61
21 27
78 37
26 41
76 46
20 78
62 69
42 64
36 37
7 21
69 79
67 69
47 60
6 62
45 74
20 57
6 50
43 47
29 45
9 41
6 33
7 35
6 39
69 70
38 50
24 68
77 75
45 66
24 35
17 48
19 35
0 58
8 72
59 66
8 75
47 70
24 61
5 37
36 47
68 73
36 63
15 31
62 75
23 63
26 71
8 14
13 18
2 4
8 31
49 72
12 63
28 72
36 44
77 51
78 28
0 37
21 29
15 39
33 50
9 26
3 78
38 66
17 20
48 55
30 63
3 32
69 72
58 79
17 22
54 68
23 64
39 76
40 72
17 63
11 66
18 53
27 71
41 66
4 19
26 61
46 73
23 47
2 59
42 54
51 59
20 48
5 21
38 75
11 35
45 67
3 75
31 64
15 25
59 60
13 36
11 63
39 68
11 52
19 31
22 37
48 76
23 37
9 36
48 77
50 60
68 79
36 65
