88 266
31 194
173 266
80 192
24 197
80 274
26 126
104 165
165 185
96 235
225 295
116 120
1 230
295 61
16 188
37 151
167 270
110 286
35 189
125 145
160 225
83 278
141 250
71 117
297 267
34 119
187 267
190 261
130 159
93 236
119 239
83 89
132 297
50 124
113 180
299 108
249 278
27 167
185 253
64 218
180 299
51 83
297 118
4 81
56 136
296 111
92 144
170 246
118 146
53 98
150 275
70 132
158 287
133 182
141 154
73 220
298 5
101 117
27 33
87 264
28 227
217 241
156 287
217 271
133 234
12 148
50 151
198 252
216 262
225 256
18 120
140 175
92 106
1 153
173 181
65 292
221 243
121 274
29 145
20 146
9 137
127 178
115 186
294 262
129 240
41 76
55 224
154 220
131 258
4 79
13 274
53 248
102 236
236 271
134 197
109 118
86 96
36 174
26 144
144 158
98 205
160 256
116 126
227 237
299 251
104 167
47 244
163 199
66 246
70 262
59 185
10 74
155 298
296 12
41 93
211 229
163 257
60 108
207 279
144 170
70 125
233 288
26 118
17 69
36 261
162 237
51 164
91 96
185 208
18 127
39 44
189 226
33 247
34 100
142 230
59 256
32 54
247 287
104 267
226 272
39 162
113 288
131 196
44 188
194 285
135 142
33 44
120 249
133 284
193 273
83 208
23 167
109 138
17 54
190 229
236 293
171 226
146 267
14 262
131 228
151 153
236 274
111 299
261 280
9 193
193 269
93 225
24 252
72 118
9 39
206 264
264 278
108 214
70 244
27 209
180 296
81 144
16 229
103 227
43 237
299 248
42 265
16 74
298 177
18 33
27 164
28 31
37 73
161 299
32 194
201 235
69 249
42 228
85 133
117 179
218 277
90 127
298 197
123 201
211 244
5 168
101 168
129 299
7 136
118 238
121 178
299 147
54 196
88 91
9 112
79 162
50 91
52 236
105 236
94 102
123 146
32 283
199 250
25 240
208 259
91 243
223 277
17 236
236 285
147 187
109 253
59 270
176 231
142 224
274 291
82 168
120 157
16 148
241 271
202 249
142 203
185 290
35 293
97 165
181 254
94 198
116 146
19 29
211 291
38 278
84 141
106 141
121 122
204 267
154 207
19 286
213 274
51 255
299 126
69 167
48 97
75 98
196 212
27 128
67 185
1 127
29 175
79 111
247 294
24 222
157 226
35 209
0 117
175 187
87 241
105 145
164 184
125 190
70 234
25 276
52 155
198 287
31 273
93 161
194 269
87 136
30 185
40 102
60 158
60 198
223 297
111 250
160 267
238 265
49 167
8 34
39 184
174 214
82 172
103 191
236 298
98 225
40 82
246 247
265 283
144 153
113 254
56 160
31 126
45 106
78 249
142 145
7 99
95 97
115 259
193 212
141 243
8 288
11 146
127 152
211 257
45 210
76 231
174 294
44 187
141 146
5 204
57 185
71 107
39 103
80 233
231 264
207 260
72 180
24 59
21 293
294 214
17 73
158 266
32 172
106 273
142 248
145 148
65 228
235 240
208 263
195 242
143 172
68 71
85 239
209 227
46 273
36 193
4 66
295 13
19 135
91 192
240 269
60 105
119 280
210 227
86 271
40 49
148 230
299 132
165 273
202 229
162 220
42 96
71 228
70 247
0 9
234 293
150 212
190 231
204 234
299 6
66 123
121 181
224 238
91 94
162 289
165 192
144 162
52 274
136 138
267 282
144 175
87 89
128 200
24 117
15 242
78 283
91 119
33 93
296 196
40 287
137 141
99 177
2 19
93 193
55 111
171 284
36 232
99 248
8 299
183 295
17 70
150 214
112 201
215 295
59 61
23 169
132 134
0 238
213 230
180 297
111 197
94 98
9 294
132 202
91 198
50 147
103 265
152 242
59 182
184 245
58 97
106 166
21 186
97 275
75 219
29 243
35 121
93 228
155 179
115 172
79 92
125 280
154 249
202 243
16 298
146 185
211 228
65 147
73 116
68 184
102 162
3 175
121 222
32 151
114 262
41 197
143 270
121 186
68 127
62 64
297 130
0 265
82 156
36 188
216 245
13 28
2 72
56 209
63 102
137 154
184 229
121 259
57 294
44 193
135 160
141 150
85 125
97 242
19 282
165 186
173 182
219 287
243 299
14 216
233 289
8 72
298 228
142 191
111 276
12 192
56 282
112 189
6 97
52 255
36 50
11 275
128 209
59 177
103 231
37 222
139 228
229 284
56 236
153 160
79 192
137 211
30 189
124 167
299 202
158 181
107 136
6 146
297 72
157 207
50 57
88 132
249 292
96 236
144 296
296 128
105 213
11 45
23 77
93 222
213 272
243 260
1 66
46 79
117 133
40 155
0 249
235 281
111 180
95 161
149 262
99 293
190 191
295 56
179 199
4 180
56 279
141 253
140 220
158 240
205 225
22 197
10 32
60 145
127 192
152 286
109 262
133 141
83 172
189 252
102 234
234 257
6 256
12 173
80 100
47 246
22 294
34 126
294 20
26 227
228 235
25 135
88 182
100 175
0 221
89 250
147 297
2 127
162 277
95 179
157 245
297 213
107 188
42 128
129 219
109 186
19 138
99 105
17 143
43 54
180 254
250 290
6 206
21 228
27 75
191 271
97 207
18 242
54 285
163 295
159 272
296 278
89 270
146 151
115 294
101 155
8 12
17 159
88 109
29 133
86 282
156 178
135 282
117 140
223 252
47 124
11 142
19 212
95 281
137 293
255 295
176 264
140 142
202 289
87 244
216 268
62 120
61 163
7 88
13 264
24 150
78 190
158 286
156 298
201 275
24 185
263 268
217 282
69 246
296 200
102 201
227 277
86 135
294 39
27 153
148 208
84 190
46 74
47 69
9 113
290 291
109 197
52 220
19 227
64 124
79 270
142 202
76 241
245 257
224 259
164 197
92 228
115 118
114 189
225 239
74 190
31 254
5 79
44 55
255 284
20 283
69 270
168 204
137 168
49 185
87 259
233 299
177 183
8 224
213 287
119 158
13 156
29 277
78 98
11 206
161 295
193 248
113 284
168 294
224 272
60 156
7 54
57 273
126 292
190 295
29 81
82 171
93 126
56 219
64 256
141 289
186 266
15 92
1 113
164 277
65 272
116 183
296 85
35 222
149 211
34 80
91 170
200 214
45 242
81 230
62 173
55 125
113 274
85 181
24 240
111 251
50 87
15 279
218 253
92 118
56 91
79 116
247 296
23 196
94 134
61 255
39 195
194 241
119 174
81 227
23 157
46 57
105 269
195 259
291 297
124 126
225 237
28 58
76 81
35 264
216 297
82 90
141 215
84 116
39 299
208 287
35 62
20 113
179 182
30 56
176 275
50 88
44 177
217 268
187 199
96 278
151 240
87 273
125 220
5 202
197 224
29 52
105 180
21 86
87 265
18 193
178 220
20 128
17 295
30 226
159 178
298 127
58 82
76 149
7 245
66 283
13 88
14 119
98 199
62 104
30 58
132 194
82 236
65 200
102 244
9 295
3 104
178 261
242 297
145 292
23 237
201 281
89 211
4 197
105 129
151 268
129 201
71 229
262 293
145 281
27 29
195 243
150 284
12 263
12 135
151 227
107 146
119 238
173 278
263 279
102 282
0 26
49 266
114 267
74 284
201 231
20 83
136 241
132 139
3 236
294 273
294 192
89 194
278 293
134 171
38 266
118 135
98 108
1 80
123 204
33 82
90 151
227 280
296 293
27 44
56 78
82 266
27 175
172 247
95 258
137 167
109 268
229 271
33 123
51 209
0 74
9 241
109 260
147 266
120 263
122 245
119 281
213 292
296 258
210 292
56 235
138 291
21 165
83 276
22 177
4 163
89 168
237 298
123 211
142 173
145 234
48 210
8 94
25 84
47 192
66 194
32 219
185 297
271 282
36 287
123 210
156 171
6 262
119 165
30 266
97 178
78 228
97 221
40 117
168 255
11 73
44 106
65 160
140 250
10 261
175 221
36 185
71 240
24 183
230 279
77 125
35 205
65 196
8 196
24 157
79 109
5 40
131 287
156 198
140 293
175 241
5 167
44 295
173 238
210 272
50 132
25 108
71 162
81 208
61 97
149 248
214 295
16 265
156 224
186 214
107 251
299 21
160 235
94 210
242 267
247 285
137 179
58 127
11 200
56 284
177 218
35 156
99 135
143 290
94 120
262 283
133 183
10 229
78 111
100 287
82 174
200 281
51 264
123 255
294 32
121 131
22 40
297 238
147 272
98 189
48 279
7 43
37 289
1 134
21 145
50 72
59 279
104 299
95 175
21 96
45 105
79 202
126 189
76 107
18 67
75 86
295 154
141 195
292 299
116 225
158 280
199 290
135 287
103 115
70 276
64 219
130 225
59 217
140 208
24 253
138 202
44 215
62 222
121 291
196 217
82 84
114 133
60 97
133 144
111 179
113 222
4 59
295 213
167 237
209 210
161 234
64 100
114 206
45 203
224 268
216 224
75 133
202 239
140 243
193 208
61 125
178 213
52 81
228 252
184 238
198 269
48 121
140 289
24 235
41 172
37 51
174 256
154 199
133 202
120 238
288 297
201 287
109 215
86 134
299 26
40 103
22 151
222 278
288 298
30 265
122 155
213 241
64 287
241 279
63 126
95 153
127 164
2 47
162 197
32 185
44 91
45 125
118 176
222 233
114 229
89 197
49 159
30 100
86 262
40 293
107 190
137 252
198 279
60 88
2 217
296 0
87 95
18 288
27 52
297 279
136 190
154 165
199 231
98 218
16 192
68 164
294 169
16 233
205 275
4 287
84 138
106 235
3 221
41 132
256 259
131 267
72 84
26 205
71 288
166 224
80 276
203 278
146 277
92 273
207 262
145 256
40 180
150 168
115 289
200 299
80 220
1 54
13 161
120 239
80 255
54 63
22 102
48 214
253 255
37 262
105 229
226 287
26 89
26 229
76 205
28 93
7 215
40 229
91 215
38 250
95 164
150 157
90 260
178 252
46 136
77 168
277 293
183 228
107 226
297 171
228 262
295 45
76 263
117 204
55 165
79 142
110 276
62 209
38 53
4 99
134 278
173 285
256 295
47 175
154 186
174 194
38 177
57 165
78 125
191 269
17 89
13 256
22 43
0 226
91 226
22 23
172 218
106 272
97 124
16 60
1 218
18 186
4 115
31 276
209 281
6 117
143 188
80 134
192 266
57 74
294 162
145 283
13 297
150 256
36 57
153 245
142 220
221 246
247 258
270 278
58 234
253 274
110 167
166 235
26 298
224 284
258 261
203 218
37 48
150 205
93 281
116 211
97 126
96 228
76 181
34 293
68 204
14 285
160 254
168 270
144 189
125 250
201 263
158 275
89 110
295 97
80 230
135 241
175 244
97 183
53 169
6 78
184 216
7 104
294 160
157 176
36 288
24 201
98 152
207 261
169 295
44 283
195 196
152 204
163 298
10 115
81 92
172 262
0 5
257 265
83 251
74 237
63 156
118 240
298 226
143 151
1 273
175 248
19 45
95 172
53 77
123 254
296 239
174 204
62 286
49 285
9 176
105 294
122 142
153 166
4 272
82 170
142 241
43 118
165 260
31 163
252 266
194 248
295 191
119 260
124 181
121 182
6 215
73 156
122 232
31 127
93 263
103 105
297 292
96 111
133 160
91 257
227 279
106 113
74 169
182 277
220 286
37 97
38 288
90 199
180 279
274 287
73 295
59 139
70 115
75 155
64 71
162 202
223 255
15 169
18 202
93 200
2 81
273 293
151 163
62 278
295 171
297 117
25 201
103 252
116 192
102 168
35 127
87 275
174 176
127 257
31 80
118 274
251 294
25 121
80 168
98 298
25 173
114 217
97 293
167 210
144 177
41 182
206 257
9 265
67 279
18 256
121 134
41 133
66 267
20 226
151 158
124 232
126 168
141 179
27 213
161 170
179 208
197 210
177 228
81 282
8 177
227 291
138 167
12 58
54 124
97 230
194 259
119 276
2 253
204 275
22 120
144 196
110 132
164 191
297 67
114 183
63 201
24 104
39 173
131 214
157 183
163 204
119 145
60 74
87 158
136 263
74 252
204 226
64 135
79 263
250 278
17 284
48 193
84 239
83 141
87 286
27 203
53 120
241 249
162 253
193 201
4 126
151 271
104 190
78 171
52 279
60 141
207 298
248 257
15 125
280 286
111 186
17 267
31 206
162 193
68 130
61 167
135 177
137 270
132 170
176 232
89 266
188 228
147 295
181 205
66 127
138 146
20 37
157 293
89 155
160 273
22 216
81 136
60 200
39 130
138 208
117 124
42 298
17 39
113 191
151 210
143 156
1 95
240 289
56 182
166 168
39 129
1 248
44 260
59 134
66 104
17 216
113 152
146 201
39 96
180 214
280 285
39 149
67 222
157 244
54 259
30 248
84 135
12 52
40 264
36 180
25 170
32 157
109 139
41 52
61 218
76 121
29 127
177 262
115 248
30 150
212 292
172 268
296 41
35 111
19 275
298 100
159 241
5 184
0 14
54 148
228 274
105 199
38 166
295 28
78 86
88 279
3 276
297 50
203 240
109 181
10 231
163 208
90 113
63 269
41 56
63 235
50 133
127 181
299 0
24 149
78 202
243 249
180 216
145 200
235 280
224 277
69 201
163 249
73 233
105 160
195 279
43 81
296 88
84 285
9 89
72 135
194 197
64 222
50 68
45 46
70 187
218 274
42 266
133 229
20 187
51 154
76 90
126 214
15 138
269 298
71 243
20 270
81 215
299 83
94 196
85 171
172 291
257 277
141 238
36 155
63 90
56 190
106 257
72 182
91 233
94 274
52 165
264 275
205 281
47 134
41 192
28 168
135 166
94 191
101 166
0 80
81 97
39 260
146 214
134 251
147 159
28 283
115 256
133 171
32 225
196 261
45 120
132 230
123 137
64 295
185 279
122 207
222 287
42 92
22 107
43 176
119 194
38 292
86 203
124 149
213 293
204 260
25 216
41 67
177 290
109 162
295 16
105 273
202 253
3 265
131 216
35 93
156 220
131 291
31 230
155 285
98 208
25 40
150 261
160 286
37 271
125 249
294 226
99 175
134 189
298 33
66 241
103 156
247 271
161 288
63 95
296 151
19 297
142 153
297 159
38 156
42 144
3 144
122 162
99 249
21 87
121 226
89 160
24 243
71 167
70 287
142 143
33 246
76 87
75 80
217 287
80 195
247 249
117 239
7 21
63 74
5 87
91 186
175 239
48 147
24 121
45 143
114 256
59 206
40 189
5 70
82 133
120 176
112 158
144 253
32 96
145 290
135 234
165 254
248 271
252 265
64 214
73 100
1 261
116 152
69 175
98 233
0 120
35 247
139 270
133 273
129 175
10 69
90 258
192 224
236 288
122 212
214 256
144 239
215 288
53 223
112 207
52 275
37 259
95 181
18 128
13 157
35 297
74 122
95 262
37 101
29 180
40 100
98 212
64 143
77 191
52 111
200 243
109 219
295 68
120 153
96 127
0 185
148 150
2 206
71 155
12 21
221 252
204 250
13 270
58 215
145 296
295 264
84 96
243 244
14 101
79 108
100 188
118 298
58 251
145 169
32 97
115 211
295 279
95 245
79 186
197 232
95 124
97 276
42 62
198 237
153 287
50 59
117 261
113 187
151 236
91 189
96 152
18 282
65 99
2 155
97 173
11 40
114 144
34 191
128 266
9 271
1 101
76 92
137 159
50 85
182 255
195 281
111 151
126 265
159 275
38 91
81 134
139 239
35 167
38 137
110 205
11 87
294 149
141 259
13 242
143 246
227 281
97 213
283 299
129 172
38 109
0 130
42 238
27 146
56 258
59 140
33 41
49 121
9 77
27 123
57 292
183 221
198 227
63 147
104 275
30 286
141 239
108 117
28 82
6 8
50 150
89 225
65 249
0 264
89 204
109 295
48 141
12 299
74 81
38 135
40 297
52 74
23 235
139 289
92 174
199 230
103 166
165 296
115 193
152 258
202 213
64 166
299 271
100 299
92 172
56 272
60 177
186 265
138 268
83 244
31 71
13 104
12 292
74 202
35 131
3 22
70 280
61 176
294 23
35 84
168 265
86 132
124 178
150 203
51 150
0 190
96 257
275 279
92 186
214 261
114 145
116 196
111 129
20 167
104 121
188 210
8 99
55 168
34 185
37 153
78 148
1 262
166 214
37 146
173 281
73 285
162 168
242 276
200 225
72 77
14 282
8 24
207 227
31 259
85 157
61 290
6 49
213 226
91 248
130 281
21 271
1 68
8 92
33 278
35 257
199 240
77 215
81 120
32 295
58 232
94 249
87 132
71 145
2 293
53 230
255 269
221 294
64 231
134 296
123 270
132 177
17 122
72 82
299 141
50 217
89 128
84 209
151 166
114 224
52 263
178 290
25 281
74 219
78 158
132 276
195 295
31 90
31 218
61 202
48 281
45 214
44 218
123 292
6 90
77 235
43 251
70 76
32 56
25 171
72 261
182 244
130 231
174 232
205 274
86 179
119 210
27 67
77 115
1 124
84 162
0 22
294 293
43 60
117 211
160 203
105 109
110 179
59 264
282 287
64 291
1 278
237 252
24 261
203 234
202 215
137 265
95 188
25 95
143 236
181 212
11 299
121 127
88 251
217 238
87 122
41 81
79 196
65 210
128 156
98 227
215 289
213 294
66 139
4 296
28 210
16 100
7 112
216 237
27 284
25 62
272 282
61 156
9 54
20 118
4 154
66 136
65 185
123 191
233 276
152 177
87 90
83 116
42 124
147 166
184 230
16 199
70 148
102 189
151 175
95 226
76 132
76 172
20 129
76 191
18 44
57 139
116 228
133 166
210 283
254 292
99 231
40 225
47 193
2 181
171 175
57 166
170 285
6 272
48 208
107 243
103 200
35 56
119 227
16 93
144 207
60 193
14 273
93 195
209 270
17 206
71 204
131 156
243 276
54 222
254 261
25 137
258 266
132 227
2 191
0 83
2 218
89 93
263 284
134 173
21 39
39 101
22 29
56 283
18 100
5 267
26 260
82 182
120 166
44 77
72 279
117 273
179 229
76 278
82 148
40 47
37 242
126 182
263 282
1 201
135 147
219 261
177 189
258 263
48 278
55 114
14 163
115 201
5 124
106 176
59 107
166 239
72 98
86 120
47 253
270 282
34 73
179 184
85 200
16 219
15 275
2 44
19 105
19 250
29 239
89 214
299 49
61 105
55 226
8 221
297 276
143 295
55 88
39 178
5 146
115 212
51 172
96 157
65 238
56 287
31 253
90 272
297 65
86 253
168 195
26 186
117 147
42 119
185 276
146 216
54 125
66 93
43 244
126 167
70 222
296 67
154 230
148 163
25 134
29 82
239 260
22 156
5 243
7 92
132 275
103 244
70 242
82 263
97 108
100 162
82 93
116 210
6 43
42 203
214 236
34 132
45 277
91 228
28 98
101 102
20 249
89 210
94 252
34 200
74 258
29 62
45 138
182 291
53 74
74 105
27 159
24 77
3 277
5 149
136 218
80 199
70 258
62 191
20 106
39 262
99 250
138 238
112 224
137 247
26 266
65 278
70 266
29 262
167 185
24 230
66 233
27 86
80 145
52 247
128 149
182 219
49 82
147 223
133 196
22 249
158 185
22 198
0 217
194 257
299 196
280 299
170 242
12 46
218 292
57 235
165 257
231 284
33 220
296 129
203 251
180 282
64 251
30 145
155 204
51 297
38 209
97 248
126 275
126 130
75 185
162 258
7 60
170 185
83 202
95 230
295 60
139 255
8 82
29 46
125 195
33 213
133 217
80 299
18 101
39 68
208 286
297 236
63 150
210 252
22 79
158 244
80 126
101 170
205 286
191 262
146 237
207 217
57 275
91 201
204 228
153 280
36 143
32 41
125 172
123 260
67 281
5 261
10 119
46 101
0 23
118 128
35 65
160 257
110 168
94 225
123 159
12 15
183 184
299 256
21 162
82 143
82 205
68 118
161 247
14 213
109 240
114 237
17 138
180 264
141 279
10 277
171 183
87 201
298 110
6 194
51 136
38 127
52 241
4 46
124 286
75 83
146 202
125 284
118 160
149 155
112 114
158 193
18 62
65 169
100 157
129 211
29 193
173 262
25 234
76 183
216 236
270 289
7 254
294 76
230 285
297 121
45 114
189 281
3 165
170 189
18 170
294 183
135 277
37 217
47 151
295 204
175 200
57 214
68 260
10 187
145 257
16 133
120 121
46 209
138 186
189 191
198 251
233 251
117 282
251 253
114 188
101 241
6 124
63 273
44 232
94 266
4 125
74 228
14 164
194 247
87 128
18 199
30 118
78 90
189 246
10 93
12 208
21 192
40 191
17 264
7 149
69 255
171 210
109 166
137 228
125 260
144 273
228 296
77 204
179 213
116 287
230 276
85 123
231 279
69 76
45 255
296 291
96 223
223 239
273 283
71 294
174 199
169 247
125 272
137 276
178 199
28 187
48 265
30 182
28 59
178 239
164 298
296 142
120 242
96 211
189 295
95 165
13 159
107 161
91 221
0 52
36 276
32 162
37 150
296 294
182 201
113 212
10 214
234 281
12 209
71 231
61 257
99 236
163 262
74 271
196 207
203 288
119 138
92 188
104 251
54 71
203 227
10 208
73 75
98 248
0 289
157 177
84 201
76 128
142 216
78 91
220 256
3 110
294 31
51 138
88 104
140 164
172 293
65 159
52 64
5 114
27 108
219 226
86 219
27 182
84 223
104 197
246 255
67 251
295 78
138 178
137 183
128 144
30 72
69 197
75 81
38 147
125 131
156 260
208 216
197 289
183 191
21 47
60 232
117 233
103 212
3 43
142 148
256 286
5 92
296 253
5 151
59 189
18 234
49 67
39 83
41 51
140 154
20 138
1 287
58 268
174 239
227 243
26 164
198 267
27 90
22 287
203 260
12 266
31 143
111 114
23 62
79 292
69 260
208 289
190 271
27 293
32 173
163 247
292 295
250 299
257 284
176 202
30 40
137 286
119 240
21 57
60 289
182 281
228 280
67 182
36 297
2 239
30 253
197 266
185 286
114 225
153 215
155 175
44 52
51 125
180 260
0 271
24 156
298 161
30 216
194 205
163 281
33 210
46 108
45 289
299 17
120 256
33 221
198 272
147 185
3 49
157 238
12 18
31 123
6 48
149 178
49 111
116 165
115 154
96 181
175 205
10 131
31 214
102 256
140 156
62 232
82 121
102 235
103 192
46 218
233 270
68 211
4 113
64 261
11 31
108 182
133 213
52 282
18 155
77 177
95 209
6 16
52 70
43 56
178 265
73 109
167 175
136 293
219 267
48 228
73 123
69 287
241 243
12 32
54 65
10 123
137 185
165 189
298 263
49 118
294 185
195 251
187 250
298 23
132 271
172 211
268 291
237 287
5 9
152 188
83 247
9 237
95 225
22 252
233 293
130 279
3 107
52 213
200 268
183 200
0 201
103 226
90 142
163 241
119 151
1 258
62 250
238 254
138 286
68 95
28 213
60 157
200 201
58 162
124 298
31 233
185 200
76 130
38 261
28 226
73 183
18 195
169 204
2 33
21 85
204 268
23 275
9 267
68 147
260 281
33 166
12 72
148 151
110 240
173 221
10 288
81 188
134 167
18 32
111 249
79 114
294 194
28 212
108 257
299 209
281 291
99 197
102 143
171 275
62 204
15 251
8 133
18 54
153 285
79 148
159 189
39 120
169 262
28 279
222 294
19 262
138 173
218 299
107 127
13 118
163 183
108 235
41 249
77 91
296 267
195 212
219 273
296 153
179 293
173 193
92 243
18 154
146 184
121 203
62 265
54 151
202 250
49 113
30 292
62 103
41 290
172 207
233 279
131 262
131 292
61 107
296 236
57 112
14 217
193 255
156 197
207 293
86 232
67 121
21 189
239 291
46 66
56 181
40 113
12 202
152 278
38 282
22 132
6 148
28 116
116 123
141 185
153 171
141 263
71 224
95 277
27 88
12 259
54 146
156 278
12 295
143 278
57 231
30 116
107 212
47 128
28 44
32 167
243 284
204 221
8 148
84 133
1 147
88 233
15 150
117 180
153 273
47 49
16 277
230 232
163 263
65 161
65 114
18 109
5 263
12 252
98 122
212 251
34 81
45 296
74 256
26 48
12 24
76 192
163 224
45 99
122 149
199 297
169 227
102 148
215 259
143 181
234 278
173 284
1 203
4 241
122 221
203 298
241 270
48 264
29 214
95 111
39 220
233 274
64 93
13 228
26 167
63 272
36 265
9 276
9 61
32 80
14 130
112 125
84 147
6 172
87 120
44 75
18 159
169 285
135 201
111 174
133 230
34 294
5 16
20 235
31 184
1 236
259 272
299 276
5 115
51 181
26 113
188 215
111 146
118 245
10 18
249 274
82 291
79 149
89 218
137 231
71 125
58 260
152 212
12 123
299 241
48 139
88 153
61 124
50 283
131 165
299 76
10 237
79 169
215 251
161 283
45 173
227 231
45 166
93 247
92 231
178 248
102 251
298 67
17 38
103 118
44 168
242 280
5 46
148 282
33 295
108 203
168 192
156 253
59 257
147 241
2 102
62 210
69 82
147 184
98 120
296 53
75 107
9 168
60 187
214 247
294 236
219 245
31 187
1 144
165 178
154 281
83 106
7 289
152 285
266 273
185 269
299 74
216 221
54 153
9 245
34 218
6 280
137 294
167 183
83 181
34 270
40 273
153 180
132 161
90 197
14 37
154 273
88 288
81 280
28 136
174 293
105 218
299 46
113 160
144 171
72 241
41 185
123 225
232 256
24 25
131 259
144 208
54 55
89 96
140 296
250 279
58 209
33 250
64 233
17 57
104 187
12 150
140 299
99 239
152 167
269 277
95 152
28 228
91 273
169 201
50 155
246 285
112 292
163 220
87 232
217 219
84 97
41 143
95 198
24 276
52 277
10 89
131 241
87 164
265 296
187 236
9 205
72 203
18 297
150 153
278 285
97 138
100 131
124 145
74 204
148 267
131 215
105 197
297 210
112 216
53 214
14 203
49 218
59 251
14 94
167 277
79 97
156 294
4 89
184 213
20 62
43 83
69 290
215 291
52 145
152 230
43 148
87 129
124 204
89 217
34 207
51 153
112 173
35 134
55 164
137 229
151 172
21 109
52 190
183 195
111 115
7 236
60 184
53 101
105 122
16 289
89 101
296 28
58 218
24 35
165 290
3 240
81 133
296 264
296 233
72 163
147 165
57 276
20 299
69 83
11 265
54 262
15 207
252 285
80 298
97 127
84 256
71 273
129 173
47 91
146 203
213 237
170 235
172 217
135 175
93 227
17 104
94 153
22 265
60 172
88 242
36 144
74 255
16 125
45 129
120 201
185 257
296 56
238 274
4 273
53 239
132 218
205 245
226 231
181 281
228 270
23 267
57 152
67 103
14 202
224 278
298 258
30 264
74 225
191 274
259 271
17 35
1 123
134 237
182 278
50 290
176 250
99 258
213 234
22 285
27 204
38 190
113 289
54 117
178 228
157 258
120 229
62 122
245 278
42 281
212 235
111 279
290 293
50 193
16 106
0 204
88 116
17 273
19 230
7 145
185 266
250 269
201 232
100 159
88 155
298 94
23 180
200 295
9 20
1 109
298 32
231 251
10 160
34 136
33 226
84 229
177 210
88 94
209 268
187 258
29 275
22 98
48 182
73 101
143 184
30 166
142 233
0 135
19 96
102 180
243 256
27 136
235 284
107 285
11 70
21 283
31 262
11 139
268 281
18 76
157 223
12 105
122 153
121 195
133 155
113 235
19 264
65 158
222 234
130 261
119 211
15 38
81 251
32 86
129 294
93 207
57 72
4 167
76 83
118 129
197 221
1 117
111 183
73 157
265 287
296 248
69 143
148 153
62 129
107 202
294 113
156 280
68 197
166 299
142 195
207 280
84 193
18 299
43 261
152 270
12 183
101 246
29 176
294 42
238 291
127 151
1 202
13 77
111 238
8 120
13 94
124 221
61 208
84 253
108 212
211 270
187 243
74 117
234 252
236 270
50 258
81 112
109 143
98 135
118 205
15 244
138 278
85 188
72 230
42 211
204 245
57 186
18 98
65 128
159 277
180 257
118 247
75 103
97 133
14 197
14 160
3 149
46 52
123 243
14 283
191 230
238 260
294 209
14 258
169 265
8 204
44 275
87 247
208 295
72 217
22 139
25 140
4 98
98 228
34 71
20 286
101 103
179 207
71 134
53 124
13 108
24 109
84 291
295 137
26 107
9 143
294 74
194 224
85 148
133 255
3 164
43 103
44 240
240 250
3 63
27 197
62 243
175 253
75 232
58 250
222 257
296 52
26 77
31 52
0 161
95 176
121 170
200 271
45 191
150 283
59 103
212 256
42 134
99 189
142 254
26 214
226 244
118 209
76 129
88 97
60 79
55 96
44 135
143 203
9 214
78 195
19 218
214 285
25 106
106 146
278 286
138 219
101 237
72 164
85 219
224 243
135 268
123 199
57 124
95 250
126 137
34 149
23 85
74 176
185 288
3 87
19 194
47 133
117 218
168 269
189 209
296 204
18 99
100 218
114 255
131 168
33 103
294 261
15 294
36 285
249 275
28 199
259 261
298 93
71 109
32 165
19 159
28 34
59 142
63 101
103 259
168 244
37 231
11 226
103 223
84 159
204 256
38 210
186 210
163 202
46 219
124 247
153 246
77 266
172 277
64 70
158 208
63 246
71 168
244 299
32 261
58 176
104 140
92 97
93 244
91 185
206 255
158 268
62 200
62 160
184 244
111 122
169 193
23 185
16 261
82 164
146 158
2 68
2 26
189 197
32 240
117 235
141 283
11 237
99 168
164 188
14 46
96 272
297 245
0 45
185 222
84 150
297 290
108 187
95 169
132 162
156 235
131 185
101 109
189 213
202 283
121 141
113 116
249 258
112 246
138 297
139 142
134 228
62 86
133 266
8 53
57 212
104 219
85 298
100 262
199 262
148 211
234 260
45 90
295 124
169 281
47 200
135 173
42 280
99 288
85 279
101 194
91 167
65 70
71 226
88 270
110 128
0 250
89 228
223 228
143 275
101 198
175 197
140 161
63 276
66 108
30 126
158 237
57 291
3 256
40 46
55 66
59 157
64 90
93 141
195 267
77 212
126 288
43 87
8 244
65 73
47 179
15 34
199 252
94 217
205 282
182 228
24 111
205 206
153 272
122 235
80 130
91 116
58 185
161 238
71 196
83 273
69 194
82 234
165 171
203 204
115 165
87 157
96 296
58 61
61 235
266 277
155 208
84 195
4 26
29 71
109 284
79 122
83 215
5 138
13 259
143 173
69 119
58 198
108 236
6 242
249 283
116 274
194 250
153 156
28 91
6 204
196 206
6 38
163 258
68 165
171 264
124 238
146 247
76 236
21 121
22 270
172 199
63 234
87 287
48 255
60 69
111 196
65 172
83 253
294 138
22 277
23 296
297 116
11 199
79 269
8 30
215 286
175 250
156 189
76 233
106 156
136 247
153 221
27 32
153 266
59 284
123 163
25 184
48 170
296 231
159 209
182 252
64 227
190 223
88 142
21 164
104 280
299 262
22 282
78 225
144 243
1 234
8 203
104 147
18 292
72 284
199 294
268 283
81 283
68 244
220 238
151 173
10 184
230 251
45 157
33 55
21 239
50 197
298 60
0 34
123 160
159 288
1 13
66 84
217 277
88 157
296 176
28 97
0 88
298 154
84 238
105 163
33 259
44 207
74 153
131 257
53 259
94 133
124 216
18 215
14 32
136 148
239 277
92 258
1 289
51 252
66 182
191 216
115 241
127 214
109 188
57 172
78 130
79 208
172 227
70 171
105 151
227 298
71 106
78 253
112 160
163 245
49 270
1 30
46 69
25 167
9 273
63 299
65 88
177 263
152 199
3 212
175 191
132 239
176 248
228 264
110 113
89 156
295 121
214 237
43 97
98 185
164 185
297 285
76 217
28 57
215 294
84 187
294 69
0 91
4 156
137 244
26 199
126 268
154 172
96 247
24 244
68 83
70 179
63 173
214 289
6 108
103 172
24 162
54 99
145 204
180 224
46 152
15 84
97 211
73 264
90 185
66 220
226 277
222 229
148 198
8 96
216 239
84 231
56 263
0 273
92 132
57 263
45 110
194 232
61 188
90 166
247 273
99 254
295 87
62 67
91 112
40 76
142 277
202 238
0 153
111 124
74 269
115 268
108 144
9 221
105 114
124 209
84 164
42 234
6 59
161 211
93 139
6 211
299 96
7 282
17 250
87 182
49 136
9 96
50 289
7 287
66 206
71 199
86 152
65 239
146 199
53 213
146 279
23 287
197 223
125 293
68 94
207 292
175 204
74 128
107 258
59 149
52 158
73 143
139 192
24 239
61 87
70 158
175 208
155 259
67 178
170 249
98 244
166 196
112 183
141 237
139 195
275 278
136 231
137 237
118 257
145 199
30 148
167 263
26 35
128 236
28 172
214 218
77 207
215 298
60 163
259 282
111 167
67 290
68 205
50 213
42 93
24 127
56 185
183 207
218 298
72 78
111 136
133 167
231 283
12 90
46 81
67 237
156 233
107 217
188 202
125 226
144 277
50 227
3 238
71 186
8 50
59 198
232 268
38 245
123 197
147 217
77 236
74 127
144 199
30 162
17 120
190 246
98 243
178 244
212 299
20 111
109 271
189 214
111 121
84 247
152 273
104 111
242 249
51 63
146 156
14 42
70 217
110 230
79 293
42 74
85 272
149 222
67 257
84 160
204 263
222 252
193 215
235 266
259 297
119 205
13 177
192 220
206 224
63 66
41 299
25 82
1 133
98 190
103 179
122 263
174 271
32 161
123 152
98 171
58 166
275 293
106 136
179 295
35 173
133 185
94 261
128 134
2 104
134 146
154 277
125 187
142 271
61 190
296 38
64 236
33 290
13 64
24 223
101 298
138 174
15 290
46 83
197 246
170 252
155 217
54 228
217 295
232 285
95 236
88 124
298 187
129 207
86 220
62 208
295 246
148 250
169 191
140 191
6 65
189 296
192 283
11 227
139 241
21 59
204 214
20 100
114 178
99 253
50 121
20 77
49 166
155 275
82 92
26 34
79 168
125 210
74 143
57 89
140 298
186 202
61 189
25 37
77 286
299 269
45 256
149 249
41 248
97 299
96 214
30 268
13 102
186 232
191 258
14 298
149 256
34 145
70 286
162 215
144 225
114 152
203 222
58 229
67 269
85 110
154 258
205 298
244 273
51 55
10 66
296 178
89 237
107 141
1 65
56 245
185 216
229 268
294 95
52 253
4 151
40 93
23 248
46 62
43 200
51 271
218 248
126 222
117 232
198 296
186 208
136 212
297 139
167 268
81 111
39 266
60 205
177 202
90 180
148 297
136 299
134 194
42 88
8 219
79 135
63 108
212 278
5 133
35 254
75 175
166 226
277 287
20 227
25 233
226 296
84 265
47 271
16 173
23 257
26 100
120 220
102 134
204 287
218 247
3 119
138 215
8 45
3 111
159 211
62 242
58 249
68 109
20 197
101 274
138 171
200 261
173 236
76 261
107 288
45 202
75 159
7 128
98 123
13 220
12 127
66 224
14 123
98 147
298 25
126 227
163 191
94 179
49 235
72 271
75 184
88 90
202 248
1 267
2 103
168 293
12 179
90 256
105 141
60 99
67 133
76 146
28 190
10 195
258 286
144 236
56 254
27 74
230 273
162 166
14 146
11 48
124 243
73 239
67 280
297 135
201 266
86 175
56 229
8 188
19 168
75 132
65 209
194 234
50 282
162 276
120 177
63 158
1 277
10 227
59 129
108 250
76 216
160 213
168 240
2 71
135 193
49 261
98 237
238 248
57 118
15 287
71 269
19 294
107 271
289 294
167 190
32 206
131 159
164 262
87 165
216 261
133 267
48 188
33 118
8 211
21 106
16 138
88 145
156 276
118 264
46 117
3 194
138 243
179 226
152 234
183 244
150 172
297 80
88 284
59 295
53 216
126 169
27 180
299 272
108 202
138 245
164 166
127 275
112 221
177 256
40 192
159 255
182 249
18 82
135 274
205 220
7 58
4 64
0 241
24 115
232 294
183 264
122 228
294 81
299 77
206 207
203 268
47 130
201 280
49 73
184 185
128 143
197 215
183 260
19 292
65 211
164 261
67 104
86 99
8 149
101 121
57 281
84 294
74 285
65 180
84 88
63 138
18 259
214 259
28 186
42 138
259 296
191 261
262 264
87 94
41 94
175 210
295 14
89 185
100 238
85 126
90 104
87 180
159 212
0 298
22 274
78 287
5 278
76 177
179 218
210 213
58 283
11 18
18 81
252 293
16 145
88 126
64 133
98 209
190 278
17 286
49 255
3 45
152 173
151 219
143 155
205 213
58 203
129 214
61 162
14 59
71 252
113 153
65 271
158 283
120 154
25 54
46 113
152 201
34 233
50 191
149 231
38 60
4 182
111 235
37 57
104 155
60 166
129 177
100 282
123 166
12 67
38 217
8 136
11 242
128 147
43 283
10 253
4 237
71 176
194 196
112 266
27 163
48 65
48 140
296 262
221 253
113 230
297 220
130 264
11 61
23 126
155 168
22 25
1 275
53 194
22 162
21 64
125 294
84 99
150 288
71 187
80 120
50 97
266 275
92 179
14 62
19 202
200 210
122 148
86 270
69 199
163 164
205 224
144 202
13 271
31 298
29 266
99 116
23 175
65 157
255 293
243 289
174 224
60 236
199 251
86 251
59 109
24 288
211 224
118 234
89 94
5 94
166 234
3 53
133 269
169 177
179 288
69 151
67 138
39 188
45 142
73 174
50 210
46 275
201 205
62 108
9 283
184 286
216 267
96 172
44 182
33 36
242 271
53 231
39 62
111 236
49 240
50 233
62 229
55 109
49 253
194 204
297 262
53 175
189 235
146 259
87 285
47 196
87 139
128 211
97 283
118 242
137 149
107 175
18 165
147 178
193 228
28 270
11 92
18 255
176 235
121 205
248 256
26 76
178 271
87 215
275 283
257 258
22 114
51 253
143 157
14 36
219 234
139 299
115 213
139 248
52 66
178 262
205 242
78 94
118 227
294 37
99 251
66 156
1 28
299 221
204 206
21 181
8 256
183 194
46 224
23 288
29 197
187 231
3 262
115 188
153 206
172 272
20 159
4 15
89 273
56 163
30 49
175 230
156 279
236 263
296 272
77 220
104 153
143 243
234 269
38 192
184 193
17 183
37 196
155 221
107 241
27 60
231 270
44 202
115 168
66 152
42 270
3 9
95 252
110 260
91 157
43 147
226 254
33 214
22 128
31 108
106 224
116 292
160 288
78 234
187 262
121 232
19 153
30 129
64 228
144 193
81 161
117 191
262 263
75 100
108 282
155 245
112 197
10 157
171 174
48 180
26 83
89 133
59 123
139 182
121 168
64 91
151 241
79 185
87 224
32 158
203 215
201 260
297 17
208 271
29 205
49 216
75 225
142 259
212 245
73 186
296 141
153 234
298 294
16 69
130 160
240 264
20 298
2 91
64 113
14 84
69 75
186 290
195 225
44 104
54 208
228 259
65 124
126 153
151 159
138 299
7 30
7 162
161 225
160 297
84 228
128 214
112 225
191 213
49 295
184 221
136 139
54 176
42 130
66 72
261 269
43 63
41 114
104 124
20 49
98 224
297 155
3 180
103 285
66 296
159 222
181 249
151 276
19 48
103 140
152 248
74 161
175 286
49 291
278 283
297 26
171 260
176 270
186 248
165 187
144 255
92 142
157 206
122 203
114 232
97 180
299 149
61 294
37 113
294 146
187 235
221 226
174 179
135 290
35 235
115 151
114 175
17 215
178 266
11 144
6 99
22 247
52 139
103 270
48 73
12 59
298 291
181 283
204 272
25 127
249 268
209 269
46 163
61 221
60 247
149 240
56 286
9 132
33 146
147 179
113 162
27 222
43 107
18 189
129 190
145 247
82 125
161 270
182 247
6 200
155 292
68 92
35 52
27 46
22 234
96 150
178 186
22 219
23 299
42 118
169 207
145 184
176 182
138 296
296 157
21 171
59 93
40 169
3 264
214 242
59 170
2 231
171 286
0 70
298 133
59 76
60 143
28 123
143 255
21 174
64 240
144 246
130 154
132 154
227 272
111 170
90 226
156 187
147 269
235 291
94 211
280 290
139 211
74 79
250 263
11 290
178 298
216 289
19 52
15 224
7 225
167 295
116 282
60 294
97 268
192 271
50 77
107 215
108 252
91 235
117 144
50 134
176 298
175 279
53 279
127 139
27 99
81 183
143 276
53 117
215 292
208 246
136 209
259 264
63 219
50 177
3 239
94 101
73 219
163 279
1 178
34 237
16 50
101 233
99 130
208 251
225 289
127 264
53 186
36 175
130 179
7 185
47 131
6 22
166 185
125 214
186 195
133 207
120 164
7 70
6 199
18 80
78 197
234 264
77 277
109 161
224 261
123 237
65 89
103 177
45 178
48 66
128 280
137 280
83 196
46 154
94 282
68 122
41 166
155 260
3 157
139 173
14 267
48 111
268 278
33 60
8 275
39 287
125 228
79 258
253 260
108 174
128 145
72 113
114 195
58 214
63 290
231 278
25 260
71 160
234 292
60 94
156 246
11 214
246 265
111 159
25 288
205 257
110 155
258 277
100 136
168 292
84 199
111 258
96 259
6 286
14 98
13 79
110 193
200 236
0 138
116 156
149 216
2 120
178 205
122 230
58 206
158 198
180 200
78 114
99 188
9 65
2 14
262 289
34 153
212 240
106 152
178 224
140 163
113 259
254 274
18 245
48 235
175 294
299 207
24 49
107 211
208 262
229 244
64 259
154 272
15 107
0 234
210 285
299 236
67 186
38 62
24 191
191 252
294 263
131 294
98 271
41 96
5 91
187 218
112 208
103 248
102 253
46 269
13 182
79 244
4 211
59 148
296 5
165 221
39 73
63 89
144 282
28 220
16 271
44 123
32 94
101 179
149 199
91 264
71 203
68 269
298 39
25 210
169 293
