13 28
9 18
67 64
7 61
53 69
10 12
12 15
21 56
2 29
25 33
22 28
38 39
51 59
16 21
3 14
14 56
10 18
13 69
43 51
19 45
25 39
3 65
15 27
69 23
69 30
44 45
51 52
27 40
24 49
6 10
7 16
20 43
1 36
17 55
69 63
55 56
1 61
69 39
2 19
42 68
8 20
9 64
62 66
6 16
35 56
6 26
20 35
22 34
48 60
30 59
47 67
37 47
50 59
35 36
69 8
33 37
16 17
55 64
39 44
17 25
8 18
39 47
16 32
69 45
37 42
17 45
8 56
4 33
14 31
43 59
21 52
12 57
17 61
36 43
16 52
19 50
19 48
47 66
41 61
18 61
59 60
53 67
16 65
68 38
28 49
8 37
1 12
21 53
46 54
5 18
17 37
50 51
7 14
29 41
44 64
10 33
18 31
0 9
11 37
23 59
38 50
40 66
66 41
66 35
8 40
27 47
13 30
62 63
18 44
18 59
65 66
66 42
5 60
12 50
19 28
69 21
0 55
17 53
11 27
5 41
3 23
58 60
21 39
1 67
66 30
13 47
24 55
8 26
30 48
50 54
20 33
36 60
29 62
61 64
31 69
14 41
23 45
48 49
10 46
4 9
21 63
10 15
0 52
7 54
24 68
69 12
67 60
1 13
9 46
13 23
14 46
28 39
69 40
2 59
41 52
10 49
21 66
22 62
11 44
0 26
47 68
67 29
16 57
24 32
30 41
3 26
41 45
4 14
3 53
7 60
38 60
24 29
9 66
11 48
0 68
41 59
21 49
7 21
7 40
14 62
8 27
1 39
44 59
33 53
28 62
62 68
46 48
29 34
48 63
26 48
10 40
0 58
67 54
0 56
42 65
23 55
0 17
15 44
11 15
1 53
8 42
12 35
36 51
62 64
69 61
22 65
41 50
47 48
29 39
68 53
33 34
24 27
20 45
35 42
18 26
37 51
1 55
6 62
12 29
15 48
28 57
29 37
27 43
66 51
14 26
15 41
34 49
27 46
14 20
66 31
12 42
1 32
33 49
69 17
57 58
44 67
67 48
56 57
30 64
8 14
14 16
46 58
6 53
15 51
38 63
51 63
12 51
53 65
4 32
11 13
26 53
61 63
67 65
10 57
30 50
46 68
14 38
13 32
45 63
15 60
53 60
49 54
0 2
10 59
17 26
14 36
8 35
35 50
3 56
14 45
3 34
8 24
49 50
54 64
