29 33
75 81
1 74
46 66
10 32
46 49
21 68
89 45
28 37
89 70
64 89
83 65
9 41
88 61
66 87
2 18
55 58
27 43
40 69
13 86
54 72
13 52
80 16
56 66
4 63
15 41
11 49
80 19
22 39
4 82
61 69
12 81
28 57
20 86
47 60
20 63
41 70
51 66
24 30
0 5
0 41
40 79
16 70
37 77
30 88
16 47
82 5
37 42
0 35
50 81
6 13
29 63
29 86
80 84
51 70
4 18
16 73
28 67
60 68
37 73
63 70
64 81
62 73
5 20
52 86
83 46
15 42
10 43
5 35
2 39
5 30
27 89
1 66
24 40
55 65
5 8
11 73
18 30
21 67
35 38
29 42
22 88
13 43
18 85
39 45
43 47
70 80
19 20
18 54
55 67
26 87
29 68
34 88
23 51
3 72
31 34
11 32
15 72
28 45
77 85
1 77
8 13
32 84
6 71
88 74
65 66
89 37
0 2
47 83
31 41
25 63
9 70
9 72
47 61
2 26
38 57
27 81
35 36
2 22
3 26
7 46
13 35
86 62
42 51
65 78
62 76
47 87
87 65
36 68
27 54
71 81
8 21
47 48
5 71
24 74
23 37
8 46
14 24
11 67
35 75
81 72
54 67
15 36
45 46
40 55
54 76
54 65
15 56
38 74
64 70
3 33
14 19
19 23
1 88
14 60
9 42
19 33
72 89
72 84
83 10
45 80
55 81
88 69
12 14
12 17
73 78
82 69
14 48
84 17
85 69
0 39
4 84
6 85
19 55
86 70
20 74
11 57
42 64
77 84
83 43
16 69
23 42
42 65
16 64
42 67
42 78
10 41
84 13
70 74
47 80
35 89
51 55
28 51
84 5
3 20
85 2
5 16
55 88
57 58
86 26
87 37
36 66
58 80
84 0
13 53
3 4
85 8
12 45
5 24
59 61
56 60
23 36
76 80
88 17
89 77
87 77
19 22
40 46
82 21
85 39
36 39
36 83
13 49
17 87
9 37
12 31
28 86
80 49
26 68
10 14
64 76
3 41
45 50
21 56
63 76
49 63
15 75
29 80
34 37
59 78
43 63
4 59
2 78
3 78
43 59
39 86
14 53
26 35
