20 72
73 78
56 73
25 53
49 82
17 33
89 5
16 75
64 81
82 88
34 65
28 48
22 36
15 75
24 30
0 72
24 46
25 74
86 45
24 27
78 80
24 82
34 82
89 12
13 61
8 71
24 63
79 85
52 69
18 85
27 48
1 34
23 29
1 80
57 72
79 88
61 75
10 61
60 63
36 70
14 47
85 67
60 83
25 84
52 55
58 81
86 19
1 50
48 56
16 58
60 89
30 47
30 73
74 82
43 62
8 39
47 50
0 43
2 49
83 50
15 70
47 60
84 88
41 74
32 46
53 60
40 84
63 71
1 38
56 63
89 69
17 73
37 79
52 68
16 33
29 88
54 59
52 54
15 23
82 5
6 75
28 84
15 21
18 69
80 83
54 73
19 61
43 78
27 39
21 22
17 58
11 54
7 88
20 88
80 82
13 85
3 26
88 48
20 76
16 65
15 77
38 62
11 88
51 63
60 77
83 3
88 60
4 36
10 73
15 65
29 36
17 88
4 72
66 73
15 78
64 72
25 44
15 43
10 66
63 82
34 69
12 88
86 59
2 64
15 46
8 46
14 22
70 85
45 80
39 69
87 32
12 25
40 64
87 17
24 43
38 76
11 66
82 81
9 36
18 84
84 24
44 48
89 81
32 73
37 46
88 81
84 8
59 60
84 1
83 13
11 44
45 70
64 79
1 79
26 79
34 43
82 40
2 72
23 89
35 78
24 70
46 54
19 44
52 89
4 54
83 8
33 36
15 81
61 62
11 47
0 9
7 23
31 85
2 5
44 86
84 26
22 75
2 76
56 88
88 72
18 76
74 81
27 33
5 56
22 57
72 77
86 31
14 43
43 56
4 79
77 83
4 16
47 84
37 87
16 60
41 89
10 58
15 82
84 2
28 85
14 66
59 65
70 87
56 58
7 42
28 64
89 22
25 34
37 62
24 55
18 50
89 0
36 57
82 66
