7 15
37 39
7 17
7 26
51 69
40 68
4 11
69 7
26 27
74 44
10 76
51 63
76 52
19 44
66 36
11 26
13 45
71 37
68 0
9 77
5 21
1 27
69 19
24 76
30 66
13 55
17 47
0 65
68 25
37 72
62 1
79 0
23 60
9 25
4 53
76 38
14 77
74 60
45 56
66 51
35 75
64 29
19 53
79 51
70 52
75 61
13 72
64 40
78 65
51 74
36 56
74 3
6 42
31 35
65 6
52 75
14 76
68 6
60 10
67 4
19 77
33 61
10 17
14 35
23 41
50 72
74 35
10 11
35 42
78 38
39 79
52 72
46 51
68 58
40 54
0 7
18 70
20 52
37 49
65 36
74 22
69 27
46 70
31 50
53 70
72 54
0 54
10 59
50 58
10 32
9 45
69 56
16 78
78 28
50 56
36 50
73 75
0 12
61 36
47 75
16 25
39 47
1 38
73 33
11 69
2 50
77 12
45 49
41 51
68 45
11 74
32 60
25 62
37 48
6 10
75 59
42 47
5 48
20 22
24 31
30 74
78 41
56 63
8 70
39 52
0 44
61 15
76 19
74 17
66 38
2 33
43 79
54 71
15 37
22 49
7 9
23 67
67 11
31 67
37 41
4 9
55 75
18 73
67 2
10 25
1 48
1 31
4 12
46 58
31 36
25 31
3 58
11 70
10 57
35 71
10 38
8 17
75 64
0 59
12 78
12 42
21 23
8 54
18 54
64 50
40 76
66 8
9 11
39 45
62 46
15 66
1 3
2 26
70 36
32 37
23 36
22 69
27 61
24 52
61 16
33 35
26 77
18 41
39 66
5 65
54 62
46 74
27 74
9 12
21 31
43 76
23 26
19 40
28 40
60 8
0 30
49 60
42 60
50 54
6 78
58 62
7 45
0 76
10 15
8 42
71 61
44 51
70 31
57 68
5 16
66 43
33 60
66 0
8 33
