40 76
18 64
26 96
145 36
42 135
94 97
37 129
33 83
15 35
148 88
45 46
58 122
24 133
92 94
155 118
51 159
63 76
71 73
34 38
29 89
54 128
44 119
39 48
69 145
8 44
146 100
93 114
92 104
152 12
78 124
11 126
50 70
37 132
60 131
7 50
61 111
32 72
88 123
148 107
19 36
57 147
45 144
25 151
10 77
117 123
6 16
71 100
48 111
34 66
36 82
119 150
51 143
155 83
39 126
0 139
7 115
20 80
64 127
40 154
159 134
0 159
16 82
149 137
74 103
33 52
27 52
56 101
45 114
27 139
1 155
78 140
6 22
78 113
72 92
13 127
10 86
98 144
66 151
49 82
146 48
121 129
82 131
5 159
59 116
38 43
39 129
4 63
21 134
23 56
77 91
153 14
132 145
133 150
153 121
27 74
9 104
40 131
150 123
62 112
155 87
7 118
55 83
7 159
43 159
149 121
86 113
69 87
60 107
70 131
25 27
67 124
9 146
31 145
31 52
25 127
150 4
152 47
98 147
28 53
151 83
92 118
92 147
45 142
34 35
15 44
52 116
101 120
149 125
30 79
147 21
148 63
96 138
91 125
65 109
80 85
110 131
29 159
155 101
49 154
74 76
143 147
111 146
59 143
0 32
49 79
150 6
30 40
3 109
30 146
152 38
7 157
8 32
122 137
75 111
151 78
16 130
36 97
59 113
11 36
97 155
0 24
66 158
16 46
1 146
81 117
67 157
43 46
4 21
89 95
127 139
48 125
56 130
22 141
99 119
150 111
28 140
19 50
36 87
52 86
4 78
21 101
25 29
106 139
123 127
31 61
54 159
20 99
20 45
68 115
2 125
86 125
50 104
9 91
4 129
95 118
23 37
6 127
7 137
4 83
154 29
11 69
158 124
82 108
28 151
14 150
70 156
28 154
25 51
20 134
149 88
69 154
36 99
136 146
21 152
1 45
67 153
152 93
129 142
131 147
112 158
58 125
76 123
121 133
99 145
72 86
26 68
105 113
109 112
49 53
7 9
147 79
31 77
82 135
143 156
24 93
27 60
134 156
29 44
87 141
39 90
11 145
150 66
53 58
126 155
30 37
32 82
14 88
65 67
158 46
47 138
107 136
68 101
67 141
116 136
154 26
147 146
10 60
134 144
28 88
131 145
16 80
1 111
68 121
30 67
107 113
67 127
24 56
16 157
62 116
76 111
76 140
9 154
92 133
68 86
9 128
2 134
133 153
67 95
151 1
84 94
40 105
157 93
15 132
61 127
28 41
42 62
30 118
40 44
148 1
52 119
97 126
72 79
57 99
6 147
33 49
132 138
21 93
10 103
94 144
57 69
17 30
13 85
68 152
18 38
76 99
11 19
72 95
46 78
17 49
4 76
145 54
135 157
107 133
43 69
149 30
92 107
15 79
125 137
145 44
88 137
51 83
21 124
71 80
29 113
21 77
157 103
82 111
158 99
145 149
5 143
8 38
21 64
86 108
75 124
22 58
152 85
2 99
88 146
24 55
54 96
25 137
104 115
9 59
69 125
56 86
23 82
58 138
46 142
2 98
91 128
117 137
158 64
45 128
158 19
10 29
87 107
124 130
10 44
159 20
38 101
7 101
17 132
148 113
19 61
155 56
102 104
145 152
157 2
20 88
115 136
147 37
19 91
151 144
71 138
38 78
75 150
156 36
133 152
66 115
6 139
5 117
2 93
152 129
45 65
94 107
80 110
22 60
151 97
54 156
21 121
156 25
6 91
5 57
61 92
4 89
158 25
55 135
52 150
85 89
23 148
91 141
10 118
105 130
32 87
4 62
69 78
147 5
38 151
1 89
75 151
60 105
87 93
61 138
58 60
156 1
1 46
99 124
153 41
122 123
11 25
68 137
7 44
47 58
101 107
123 132
25 113
73 76
68 156
151 98
111 112
88 151
133 136
69 71
40 63
1 6
2 85
2 81
4 97
37 138
15 51
146 65
4 151
83 108
20 29
116 156
54 56
115 121
99 153
25 146
82 145
156 90
26 49
147 133
158 74
35 78
30 89
66 111
158 20
24 43
14 94
76 77
63 137
2 92
60 98
78 107
26 29
153 18
88 97
31 90
66 148
73 142
114 127
16 45
79 124
66 88
53 65
19 68
115 118
13 19
155 45
10 63
31 102
150 28
129 156
146 154
41 134
88 118
148 98
10 110
155 53
32 128
22 107
2 133
7 133
111 121
15 71
2 41
41 87
157 110
54 150
145 147
18 143
118 136
32 121
27 124
15 72
135 154
145 118
32 125
158 90
35 62
46 134
154 88
16 23
79 95
129 138
151 15
69 116
31 115
130 141
32 56
29 49
10 59
9 22
120 128
156 83
121 131
85 145
63 75
95 121
53 89
12 55
19 44
20 110
137 146
19 34
87 100
4 81
146 27
19 129
9 36
153 63
95 145
49 89
83 102
151 141
149 95
95 134
43 76
28 130
23 94
28 149
10 67
14 146
58 103
45 92
28 39
102 110
121 156
0 25
93 101
14 24
88 99
27 89
4 107
33 81
60 106
23 87
50 89
67 97
2 46
12 45
101 159
34 48
24 139
45 63
46 151
66 112
86 145
39 98
153 9
112 144
48 137
5 60
105 118
116 121
60 111
96 126
42 115
28 141
37 80
8 51
123 139
46 150
79 156
8 48
147 69
80 101
108 129
79 116
144 147
156 41
3 46
153 40
101 149
116 130
89 90
42 125
79 131
28 85
101 110
137 159
66 102
94 138
34 156
95 124
44 70
123 144
65 96
152 56
41 158
155 136
102 129
131 150
97 111
80 134
74 125
135 152
54 64
6 120
18 151
40 74
75 86
16 158
113 119
52 94
23 141
54 93
74 97
62 151
15 27
32 132
16 125
30 32
103 130
154 19
29 52
106 138
146 117
35 87
5 79
26 55
34 141
3 50
51 91
157 70
5 21
24 32
34 79
152 23
64 88
94 128
22 154
68 100
69 81
157 61
11 42
35 84
63 98
54 106
64 115
45 84
10 109
127 145
86 94
21 119
53 78
158 137
49 61
31 62
1 110
91 122
157 129
96 118
154 74
17 67
49 120
21 122
33 70
62 99
69 91
51 127
56 113
43 94
32 106
22 101
77 127
138 145
49 130
46 113
48 91
7 134
85 134
37 108
108 122
145 6
25 150
145 10
145 76
159 114
119 127
2 111
154 58
158 21
82 112
131 134
159 67
21 133
71 98
147 70
28 155
41 152
119 136
35 49
5 80
91 105
76 103
53 113
30 84
23 122
54 107
37 145
117 121
45 127
127 130
54 125
60 63
28 132
154 65
59 84
3 85
68 159
121 127
72 94
17 114
24 82
