51 68
14 40
0 54
18 113
70 92
4 103
1 73
2 42
44 87
15 113
13 100
37 73
26 53
12 66
115 85
0 4
57 89
20 81
10 67
16 85
114 47
73 118
41 43
31 99
114 37
44 47
38 89
32 44
65 95
11 96
6 102
81 93
12 79
35 75
0 68
19 95
92 102
2 30
10 23
47 56
43 67
67 102
46 93
49 77
79 96
119 110
10 64
35 83
74 86
103 107
61 79
70 71
20 43
3 107
28 58
32 87
95 99
2 93
23 105
57 58
58 73
65 84
39 97
113 9
30 38
12 82
85 91
91 108
117 48
42 81
112 15
84 118
21 52
37 67
0 71
3 73
81 82
13 67
48 72
14 83
67 94
42 88
16 90
9 115
22 33
32 39
1 101
117 76
90 93
8 83
30 61
112 27
44 109
7 32
93 106
26 100
19 43
26 96
22 55
92 99
39 109
71 114
34 83
4 8
41 58
52 87
14 68
7 100
67 82
9 37
61 95
1 25
34 110
117 41
99 108
9 56
112 16
8 111
23 79
45 69
69 108
16 98
38 74
20 58
46 77
118 33
8 96
36 119
14 110
53 65
31 80
33 90
109 114
42 82
29 87
77 86
45 52
117 89
35 106
57 86
71 93
68 81
113 56
4 20
57 118
11 57
114 65
52 103
54 74
3 119
72 88
106 114
54 100
24 59
66 98
0 37
10 53
75 114
116 54
32 110
67 73
66 117
28 97
41 47
69 97
24 110
13 53
10 115
27 74
29 72
27 117
91 111
78 99
73 115
38 42
29 116
116 42
115 91
55 107
119 113
5 70
81 116
27 41
3 43
2 96
26 101
58 60
15 24
91 100
20 83
117 57
25 95
27 38
13 82
116 92
34 96
1 104
57 102
21 84
112 51
16 74
41 79
39 89
38 39
7 40
57 96
63 77
37 96
86 118
3 48
48 85
101 108
10 74
24 57
17 86
112 92
20 102
62 106
112 110
31 47
116 111
7 67
94 103
61 106
37 53
35 68
21 101
97 99
1 115
55 99
116 76
47 76
117 104
31 42
3 76
87 112
2 81
18 19
117 54
12 95
2 16
9 50
39 49
7 87
113 34
35 109
23 111
112 100
17 23
95 106
58 91
1 55
84 92
35 114
46 60
4 30
16 101
14 66
118 32
10 31
80 104
10 77
115 68
30 47
105 114
3 58
64 83
21 95
21 115
5 23
9 72
116 32
67 75
113 65
50 80
104 118
82 106
31 77
56 60
71 97
5 39
50 67
19 59
112 107
51 103
23 80
112 26
23 81
44 59
50 115
73 117
54 70
59 118
38 100
43 92
14 91
26 111
92 119
3 22
63 100
60 76
42 59
0 58
114 107
6 101
63 98
21 55
71 106
115 79
29 40
19 117
4 118
16 70
62 116
115 117
30 85
82 90
53 93
0 101
5 101
32 85
73 94
95 107
5 57
14 92
24 99
69 96
97 111
119 14
10 92
20 78
115 2
38 92
115 102
0 61
62 111
79 108
90 91
36 91
30 34
86 99
34 47
77 89
29 90
102 117
119 62
52 69
35 53
26 32
36 87
116 20
31 117
7 95
23 53
44 102
28 84
48 119
116 1
13 16
19 26
51 79
1 69
41 75
61 110
46 112
119 34
35 39
32 100
27 83
1 36
14 107
35 46
42 47
60 96
17 94
84 88
7 41
0 80
5 41
49 62
52 79
97 112
118 60
71 102
17 80
80 113
25 77
76 95
17 95
11 43
38 51
19 22
46 96
40 101
67 87
3 7
63 113
58 72
28 101
32 74
40 62
69 87
76 77
2 79
46 62
19 27
34 108
13 52
72 81
5 98
16 55
24 63
60 107
62 105
43 107
23 119
0 25
1 84
11 12
39 52
37 75
16 52
35 88
51 89
26 84
18 23
45 51
33 59
43 61
112 111
56 61
29 63
19 54
45 78
8 71
13 48
13 77
45 58
57 71
31 114
110 116
35 61
86 112
11 17
58 107
102 113
40 88
65 109
52 96
9 66
34 37
113 30
71 81
2 22
19 72
29 114
15 45
21 40
33 82
79 87
1 15
31 113
75 95
6 66
29 73
34 84
13 96
93 108
30 69
109 117
14 74
43 59
9 74
29 35
60 86
73 105
18 34
65 77
118 70
114 9
68 84
9 26
3 37
28 75
6 92
105 118
63 93
57 74
32 73
50 106
96 109
64 92
14 117
116 0
18 42
76 119
20 104
44 108
55 67
113 61
21 51
26 50
21 107
47 65
115 25
60 78
39 73
22 115
50 104
115 81
81 119
67 116
10 45
73 96
119 0
5 74
112 88
83 103
35 93
47 81
2 112
101 117
71 82
61 64
100 115
112 38
37 69
35 63
69 99
37 63
46 107
20 80
27 63
22 61
13 45
4 58
35 115
0 59
14 76
12 73
4 12
57 64
77 101
119 79
46 58
23 51
65 98
43 56
91 104
63 76
23 101
57 59
50 52
118 87
17 76
117 71
30 114
117 59
14 105
95 100
60 93
61 94
93 95
0 77
23 83
57 67
13 106
65 103
72 119
25 93
69 102
79 116
25 62
113 100
1 62
3 91
116 10
37 77
108 116
25 29
19 119
81 110
4 52
12 18
45 59
4 81
58 97
119 96
21 92
39 74
18 112
113 5
38 85
17 84
44 49
14 56
2 76
14 100
10 34
78 108
3 114
64 99
22 80
116 98
67 70
8 22
116 14
34 61
22 109
21 53
114 89
70 112
115 82
4 29
44 118
19 31
112 72
105 115
89 116
5 64
15 97
46 79
33 119
18 119
9 119
104 109
77 104
68 108
92 98
32 102
43 70
19 56
70 91
23 96
93 103
85 113
19 47
11 37
41 52
11 53
51 97
119 109
26 81
78 84
114 33
88 108
37 100
87 92
109 110
31 87
27 34
27 56
118 20
13 61
119 64
84 93
116 4
43 119
114 64
94 110
2 109
25 79
78 79
104 105
3 47
24 76
86 116
12 88
117 98
69 80
43 94
100 101
53 56
7 45
38 119
67 105
95 96
2 55
1 76
41 49
1 34
116 107
40 117
118 119
11 40
33 55
76 103
6 87
52 90
36 92
8 115
56 86
9 18
48 90
59 103
61 93
30 32
32 99
9 48
81 87
114 108
95 98
63 107
75 90
34 116
91 105
23 47
112 105
19 69
79 114
84 85
85 87
17 77
45 79
113 76
14 114
113 26
8 43
98 113
0 36
65 66
66 73
27 49
15 37
17 44
13 17
117 82
33 111
27 48
12 19
77 91
21 98
14 26
48 111
6 61
71 91
45 61
15 63
17 74
24 112
14 75
60 106
27 46
39 67
0 104
52 88
40 49
111 118
115 7
86 110
25 65
44 88
61 115
27 60
117 69
46 80
116 44
32 84
33 103
116 104
61 67
115 86
55 104
3 79
118 42
57 112
68 82
112 14
12 115
5 94
45 87
35 103
56 105
12 58
29 66
47 89
59 112
105 119
13 39
69 81
39 62
7 104
22 106
51 117
36 50
114 57
59 74
34 115
23 78
47 70
20 32
82 89
56 109
9 104
74 88
22 103
51 86
46 113
54 105
114 17
19 86
5 32
52 61
55 119
4 18
23 41
11 112
94 109
4 31
117 52
68 99
39 117
92 104
21 88
46 102
16 86
119 106
38 69
55 56
77 85
118 0
3 113
45 65
6 13
42 44
5 65
17 85
41 92
