90 68
9 50
39 75
4 111
14 75
33 89
2 27
110 87
63 104
114 21
102 87
65 73
67 74
97 58
29 61
12 118
60 112
7 37
46 51
24 47
27 36
26 52
59 89
11 99
94 46
49 92
41 56
118 52
56 115
109 9
119 36
11 34
2 96
26 77
20 23
37 89
82 97
15 60
99 86
21 56
20 24
26 36
3 98
33 72
15 51
1 11
29 76
33 68
96 37
8 103
62 111
36 38
97 68
89 97
114 87
112 58
82 98
113 26
107 26
14 103
90 46
11 14
40 93
19 47
5 86
114 45
93 60
116 0
37 53
99 87
20 114
99 58
4 108
5 40
110 74
12 108
49 116
48 56
102 88
79 102
21 22
10 68
43 80
80 116
95 62
85 91
30 46
51 69
109 101
118 37
32 103
15 24
15 67
12 26
16 70
102 12
8 69
24 32
18 49
60 67
95 114
29 62
22 23
59 82
91 47
81 91
102 5
95 68
108 5
35 109
4 30
1 40
3 74
10 64
98 76
103 16
109 20
21 94
65 91
28 60
71 118
31 51
99 0
38 61
97 75
39 81
26 82
9 82
19 77
116 72
118 81
21 47
61 97
70 80
32 62
45 117
97 87
48 54
114 71
14 26
59 115
81 87
55 113
79 111
23 114
84 104
6 53
111 36
109 51
110 85
23 29
102 30
30 81
63 98
36 67
90 65
8 32
81 110
116 64
108 39
12 80
39 45
103 31
106 12
20 33
60 91
111 74
78 103
101 62
61 77
60 103
37 119
68 79
57 71
16 21
119 25
119 51
102 31
93 17
6 100
16 17
71 116
59 116
46 71
85 105
119 30
106 103
7 35
75 81
114 64
93 77
104 29
90 62
11 119
99 34
31 98
28 37
85 102
105 92
119 19
117 2
119 78
99 22
67 75
63 76
112 35
110 17
58 84
107 22
26 29
30 107
64 78
112 46
92 75
38 109
11 102
113 78
20 79
72 89
90 98
119 118
102 17
102 23
95 51
69 80
95 60
112 88
57 118
109 64
7 59
32 54
46 68
36 59
79 84
104 17
44 56
17 84
111 15
91 100
13 40
116 65
4 115
1 106
119 38
22 103
81 96
100 72
114 88
93 50
10 18
110 92
70 105
12 20
34 59
7 17
31 39
24 58
74 89
20 25
8 45
68 82
117 49
90 19
94 73
92 68
105 115
45 74
88 100
90 37
70 91
26 108
74 103
4 68
7 28
61 75
22 73
117 37
11 115
117 34
8 99
2 68
94 68
63 107
33 38
104 48
119 45
62 106
63 78
71 77
102 72
22 68
102 67
4 35
0 83
92 119
108 62
103 68
90 82
100 47
32 36
3 105
62 98
3 119
17 38
54 73
103 5
3 15
92 17
118 67
95 116
94 118
39 50
69 84
9 114
94 27
111 27
10 77
39 117
92 72
14 78
8 73
111 90
117 109
27 61
48 115
2 77
4 39
9 22
105 36
35 79
11 61
21 30
8 50
66 118
114 118
93 71
99 20
111 60
43 58
97 23
99 30
28 56
54 92
118 2
108 81
62 112
29 64
43 93
119 15
103 48
91 46
12 47
53 110
14 88
39 116
106 102
51 86
72 76
108 75
26 80
39 58
102 8
119 88
41 54
17 18
1 22
111 77
79 100
19 109
104 38
96 59
8 9
89 113
15 106
64 72
7 43
5 81
26 92
107 74
112 70
25 63
81 89
44 81
22 39
36 98
7 96
104 93
19 42
119 12
3 52
16 114
34 95
62 118
106 37
41 97
101 29
93 102
115 16
66 86
18 75
71 103
26 90
106 3
19 29
60 63
90 12
32 46
104 46
0 102
70 72
47 110
51 61
14 105
40 63
27 80
108 25
64 80
9 27
4 71
37 87
71 111
85 108
38 40
23 98
95 109
48 59
16 56
10 117
34 53
50 53
73 103
93 103
3 8
107 48
103 56
95 12
16 105
40 45
105 88
2 82
114 29
1 31
100 67
26 76
23 105
13 51
105 11
105 12
0 81
33 80
114 33
96 12
52 101
38 74
0 95
70 116
94 99
112 36
7 56
50 117
104 18
8 17
115 30
88 95
22 32
13 38
10 88
23 62
90 6
118 9
67 71
113 11
57 111
44 104
40 80
65 67
98 35
117 81
44 115
107 83
33 65
111 112
6 63
61 99
88 90
112 2
116 31
2 85
80 84
17 75
14 119
37 45
30 108
113 1
33 108
11 76
81 90
46 95
21 23
51 97
88 115
4 9
16 108
99 70
103 94
78 89
62 94
26 71
11 64
111 88
17 47
63 67
112 17
49 68
54 118
108 24
47 101
12 50
37 66
92 70
8 81
96 41
79 81
34 64
1 112
98 15
96 75
30 40
74 114
20 69
49 69
71 87
83 104
9 55
110 0
20 30
101 23
22 35
50 73
113 104
26 51
17 109
4 110
20 78
108 68
95 92
95 98
9 26
103 75
116 16
117 11
116 41
3 81
118 113
92 36
99 116
93 10
31 44
25 74
65 103
10 57
9 89
36 86
13 14
102 26
65 108
42 103
78 84
68 110
39 44
97 44
13 20
9 91
69 74
67 117
97 5
24 39
37 95
21 108
37 107
110 109
35 57
116 38
106 88
30 69
69 86
32 105
109 2
11 83
39 67
110 50
19 108
3 25
20 48
98 47
15 116
30 92
95 17
16 110
105 68
110 15
16 95
54 103
98 6
31 76
76 86
110 95
82 115
66 95
116 36
34 80
45 68
80 99
27 29
91 104
104 3
27 35
98 84
56 114
91 2
117 5
119 90
46 83
32 101
58 75
86 110
10 115
72 85
97 67
56 108
111 85
5 69
35 47
11 30
48 90
87 116
74 79
97 47
20 28
24 46
98 27
8 68
114 19
58 85
92 16
23 75
8 59
32 109
69 88
20 82
10 86
92 20
74 83
19 97
82 106
48 55
73 104
112 44
117 18
36 114
107 77
12 109
116 75
116 1
103 43
17 67
58 74
77 89
85 96
37 84
22 34
116 27
99 64
76 118
115 43
100 19
84 110
0 117
100 82
15 38
7 70
9 79
56 89
1 95
35 90
88 113
17 74
106 16
51 82
111 37
39 90
59 80
42 49
85 112
102 112
47 84
116 110
18 94
47 113
106 32
26 105
86 94
7 61
74 81
70 103
95 25
52 85
110 78
42 58
106 101
45 105
79 97
65 101
95 96
37 62
98 71
82 108
116 93
10 21
94 119
51 105
21 106
11 24
49 86
106 7
16 60
17 108
100 65
106 11
3 71
15 32
118 5
103 28
106 109
15 66
19 57
75 91
110 57
80 105
114 28
38 69
30 94
94 59
34 42
97 99
2 15
13 70
105 102
98 26
58 110
37 74
50 68
109 34
60 98
43 114
17 61
103 52
51 52
103 72
40 107
112 78
24 51
89 107
110 113
76 91
0 14
27 106
36 89
67 87
48 79
64 105
16 43
103 101
116 56
98 1
98 111
41 81
61 105
10 46
41 105
33 79
8 72
28 65
42 97
21 63
55 91
90 22
85 100
91 73
57 98
95 7
0 49
118 90
10 72
3 91
117 20
1 13
16 49
106 92
39 114
114 55
18 29
0 79
105 5
98 83
93 85
116 79
93 49
9 69
116 61
18 79
84 106
6 59
96 104
35 93
5 50
32 37
106 105
26 84
63 117
16 18
30 39
116 103
53 84
91 45
58 108
68 86
95 63
104 92
7 29
4 5
28 100
33 69
12 64
102 35
52 73
114 85
74 119
37 108
30 72
58 72
103 13
48 78
75 78
86 93
6 58
29 39
38 71
53 54
117 61
40 115
92 8
118 22
34 35
55 83
91 8
49 85
102 39
91 21
34 106
63 100
15 47
19 48
3 28
86 107
90 73
63 91
33 96
111 42
91 24
18 39
95 50
95 82
15 22
39 119
35 62
66 113
46 50
76 92
93 22
2 67
114 92
47 116
114 26
29 84
32 58
1 89
3 90
67 92
47 81
4 66
5 23
29 112
97 52
63 85
22 115
71 76
112 81
70 88
61 83
118 61
10 33
76 110
33 53
60 104
106 55
13 26
72 94
49 109
71 102
26 59
25 47
42 102
90 7
118 27
0 111
10 52
103 63
34 114
111 8
115 109
20 55
33 86
85 118
106 41
68 112
94 36
15 78
4 75
102 6
62 100
33 94
28 104
3 82
15 55
