37 41
1 41
4 27
17 24
45 32
2 33
13 41
29 32
28 40
38 40
6 29
9 16
1 28
1 26
37 46
39 49
45 28
48 15
47 31
17 47
2 23
2 29
41 43
45 44
21 40
45 14
6 7
35 38
18 26
5 12
48 0
22 34
20 21
2 15
17 31
15 23
12 20
32 44
28 43
32 45
8 11
24 42
23 41
17 40
32 43
14 39
7 28
16 41
14 20
20 38
13 29
43 25
22 36
17 38
5 34
23 34
35 39
35 37
3 47
14 48
8 39
47 43
1 35
34 41
3 4
41 42
42 48
9 47
2 47
10 25
1 12
15 17
27 43
8 23
42 25
34 45
1 48
30 38
14 19
11 31
19 37
12 30
47 2
26 44
5 30
3 10
42 45
49 34
47 30
23 31
19 35
15 46
9 49
1 29
16 43
1 21
42 7
9 15
20 28
8 14
16 26
26 27
28 33
4 48
0 13
0 42
17 26
6 22
26 29
6 38
16 20
32 42
2 34
15 27
42 31
48 35
27 34
5 18
16 35
10 39
28 47
48 45
48 31
5 17
6 41
8 10
8 22
7 38
1 43
5 27
15 43
2 7
4 17
47 12
46 24
44 21
8 34
6 12
11 23
47 25
28 46
4 20
46 16
18 19
2 19
43 18
47 16
47 33
26 31
18 23
3 21
0 3
18 41
18 32
27 49
23 35
1 4
33 46
21 38
15 32
31 37
12 36
6 20
31 46
42 8
26 47
6 14
44 10
41 45
48 43
2 45
4 47
3 48
5 20
49 25
46 8
49 3
12 27
4 37
26 46
48 16
21 32
11 19
30 32
12 29
14 30
35 45
35 43
39 42
14 23
4 46
9 46
18 28
4 43
2 14
21 30
0 12
43 22
2 44
8 28
7 43
28 30
25 47
46 25
28 44
15 41
17 39
1 9
44 46
6 17
42 16
43 19
23 27
6 48
44 29
49 33
43 29
40 46
4 10
49 9
9 45
14 17
45 29
6 49
11 32
20 37
44 27
37 42
49 24
44 0
17 20
37 43
26 34
6 46
7 49
11 26
40 48
44 39
48 21
46 15
23 24
35 46
46 14
17 23
18 43
10 26
32 39
44 31
0 23
21 47
2 38
45 23
43 10
12 39
25 30
27 28
27 46
23 44
1 40
2 18
10 46
43 13
20 48
47 24
25 37
31 47
0 36
46 5
46 21
36 40
36 48
0 35
37 47
12 13
20 29
22 39
0 38
8 38
2 24
17 46
49 12
16 34
6 44
18 37
46 11
7 14
17 33
11 44
6 32
14 34
36 46
19 44
1 14
45 37
1 2
42 33
43 27
48 4
44 20
11 18
11 25
3 43
48 5
18 21
19 36
10 34
44 3
14 33
25 45
3 15
19 40
45 41
47 4
44 38
29 44
37 48
3 42
9 21
34 43
19 20
46 29
46 0
46 32
13 38
18 46
10 20
13 15
19 39
12 15
8 48
1 33
8 16
4 36
11 37
