8 50
8 31
8 48
19 37
13 17
16 45
58 41
11 31
26 54
40 55
4 35
12 50
10 52
4 21
31 33
2 12
12 42
0 37
52 58
50 52
58 42
4 44
30 32
16 19
16 57
13 39
48 57
9 52
7 46
47 59
5 8
26 29
23 49
16 23
32 50
14 49
17 59
7 12
39 52
46 55
26 52
23 57
43 49
0 40
22 45
23 46
3 53
59 5
0 7
32 46
1 30
0 51
2 44
17 51
1 42
23 38
4 7
34 42
41 50
4 13
0 34
10 53
42 51
2 5
3 9
22 34
47 58
10 19
37 45
59 45
9 48
31 49
30 33
26 47
12 32
12 31
40 42
9 47
30 48
0 54
3 25
24 48
51 55
24 58
4 51
7 42
26 38
17 49
25 36
15 25
20 35
29 53
48 55
53 54
31 37
31 36
14 34
18 59
42 45
5 48
35 50
6 10
32 40
9 23
16 46
5 36
3 20
4 40
6 19
59 40
