48 19
8 25
13 40
49 39
22 41
17 36
22 37
16 32
17 45
21 29
21 38
21 40
10 47
19 39
3 18
5 38
27 31
5 24
3 29
1 45
18 25
9 11
5 29
23 29
7 34
2 48
11 34
33 37
25 49
20 26
6 48
15 41
3 10
8 17
28 40
10 42
6 7
13 24
14 19
18 37
12 46
5 15
23 37
5 40
14 15
8 27
14 37
36 43
13 29
10 24
1 23
48 35
8 23
13 23
6 42
2 28
23 46
16 19
17 42
26 38
7 13
38 48
1 42
4 18
4 14
37 47
24 40
28 43
1 7
17 19
48 13
14 26
19 35
28 31
48 17
23 48
36 37
13 26
49 6
0 8
5 42
48 5
21 25
10 22
48 11
4 44
3 7
18 38
48 25
12 20
25 45
15 19
18 21
9 27
9 14
3 43
41 43
22 44
49 22
10 12
8 20
27 44
19 23
38 42
37 48
20 39
4 5
27 40
0 26
29 40
30 37
33 47
10 44
49 36
10 35
2 33
47 49
28 44
8 29
5 37
9 36
33 35
12 38
34 40
22 23
25 41
11 37
1 24
5 36
8 40
6 18
20 34
18 19
5 23
11 18
9 49
26 28
37 42
4 15
