70 148
162 154
4 148
15 81
96 174
130 161
42 64
33 81
45 166
35 75
77 168
21 175
72 88
116 142
12 164
88 137
97 167
179 98
116 131
154 178
47 62
14 16
4 20
13 162
7 172
49 161
108 159
101 172
98 131
5 110
170 108
34 170
43 127
6 119
168 61
75 168
17 95
110 169
44 116
41 179
57 122
177 60
24 160
41 96
161 171
24 153
177 133
179 167
148 178
74 138
14 49
48 165
76 179
92 154
146 166
17 40
163 1
25 49
85 106
172 80
90 142
28 146
100 104
30 83
8 76
54 137
168 119
21 34
28 50
13 33
40 41
13 28
14 142
76 136
25 149
160 26
40 53
44 124
59 60
178 124
38 136
134 143
163 22
122 178
54 112
161 57
109 169
10 33
7 141
63 113
19 35
21 178
164 1
15 109
24 173
166 151
94 118
28 100
169 138
62 70
170 169
109 148
38 145
168 56
155 174
30 145
70 110
24 131
0 171
45 56
55 161
24 41
168 129
88 106
36 37
151 153
42 122
95 142
166 52
91 173
138 163
34 72
81 100
4 133
171 77
8 75
156 173
89 143
54 142
86 105
127 147
157 171
32 45
9 154
17 48
81 105
127 172
119 161
107 113
55 72
89 118
14 31
39 139
173 123
18 157
118 128
81 91
11 20
95 156
24 54
91 113
103 144
162 56
19 64
12 144
2 175
40 164
68 148
123 153
30 113
121 133
59 84
10 118
67 76
67 144
179 119
36 150
98 154
176 30
161 38
24 73
84 161
39 40
70 131
16 173
164 89
15 164
31 144
15 53
111 124
80 124
56 133
124 160
67 154
10 104
1 114
27 60
15 52
111 154
54 111
17 165
165 108
42 118
67 133
86 179
33 138
163 8
148 179
28 92
82 166
79 123
167 58
34 120
37 179
36 91
104 115
176 71
9 121
85 176
97 145
25 156
16 49
91 132
2 117
4 7
115 128
23 46
95 111
0 138
175 73
4 96
178 80
60 65
11 49
179 77
11 146
73 141
126 142
73 178
17 73
67 69
11 162
179 50
171 14
169 162
163 93
42 134
58 156
175 138
34 51
18 128
10 125
124 135
70 141
117 153
23 82
165 110
82 163
39 166
104 124
0 82
8 104
42 97
122 160
21 113
10 41
53 142
93 121
0 151
66 174
28 121
46 134
2 51
39 147
114 135
65 117
72 95
48 166
47 114
47 167
74 75
177 82
50 127
10 139
35 151
22 149
132 153
11 98
178 161
75 125
24 137
97 101
174 157
179 110
170 7
54 77
125 134
8 106
112 120
115 144
23 35
42 138
27 173
161 165
77 156
82 151
179 140
111 165
161 3
8 58
148 161
179 131
11 44
178 171
1 13
98 133
78 162
179 18
166 32
10 157
15 174
89 90
167 150
7 164
17 76
18 151
107 115
2 111
20 73
127 145
160 39
95 106
25 112
72 100
13 166
145 159
160 20
145 152
148 177
46 90
120 171
161 162
62 80
161 114
43 174
5 87
9 26
15 89
172 44
58 97
87 125
109 139
3 19
31 61
52 71
157 170
172 74
60 130
144 165
73 160
153 158
12 31
39 62
29 41
165 171
17 170
95 160
119 152
60 140
23 125
137 168
179 109
9 113
0 88
91 130
39 138
62 82
42 119
165 120
85 121
13 59
131 160
99 135
106 173
161 105
16 63
161 46
162 69
52 82
12 92
2 13
15 128
36 177
10 36
11 35
170 127
44 144
134 174
93 127
17 54
13 168
177 132
77 99
173 60
86 138
21 41
20 25
53 131
128 150
153 162
10 30
111 161
60 62
15 40
60 111
61 69
44 178
65 175
76 117
54 127
62 119
179 114
41 42
38 124
109 162
157 167
97 103
177 2
35 87
4 8
163 139
103 140
90 100
135 158
168 94
102 127
173 58
99 157
79 94
36 154
144 178
7 16
177 67
163 159
49 124
33 169
20 77
89 110
52 151
168 163
125 179
5 178
129 160
175 13
52 120
5 173
28 40
30 97
99 151
170 130
64 107
28 60
61 176
117 135
29 89
49 121
173 33
52 165
25 78
122 151
2 33
99 154
51 137
97 170
70 91
160 67
167 127
4 62
69 150
14 124
13 110
80 129
132 160
4 152
62 88
46 91
13 45
164 135
16 101
5 84
40 166
24 127
6 163
19 90
16 84
159 173
66 128
59 94
34 52
61 148
151 165
100 106
6 52
39 100
103 156
179 42
20 43
45 137
26 152
72 98
33 168
16 83
101 149
99 132
57 142
12 168
53 154
173 155
176 160
20 164
178 135
107 178
17 167
133 160
139 175
4 146
162 99
151 158
72 158
170 46
68 127
7 14
6 142
124 139
58 154
9 170
0 158
66 97
73 97
94 171
12 29
27 133
96 117
30 54
134 160
34 178
63 68
20 55
49 165
92 143
171 140
164 6
57 167
48 92
10 19
16 124
30 167
13 145
3 162
6 166
40 57
177 91
29 177
28 75
56 175
53 137
147 176
32 170
165 6
105 149
4 163
6 97
174 18
164 78
139 154
86 169
69 173
3 137
57 93
42 146
23 100
64 165
59 138
11 48
42 56
13 99
166 131
79 92
103 131
63 110
177 8
62 175
52 86
68 79
174 42
74 117
0 25
80 179
69 167
86 114
116 130
47 125
122 167
166 118
162 136
23 54
176 29
60 151
32 49
31 172
8 60
115 134
42 85
72 170
49 137
7 102
10 112
74 167
146 154
31 166
8 162
4 48
0 71
126 173
60 164
71 85
178 159
170 91
91 165
107 151
23 93
176 23
4 104
130 163
75 76
9 132
165 96
65 161
81 114
8 178
97 111
172 35
68 139
27 116
109 152
141 165
163 57
88 124
163 28
28 149
25 46
89 115
69 128
53 57
18 111
68 138
172 116
23 55
44 179
108 163
107 139
178 96
25 93
90 161
6 22
172 90
31 100
70 71
90 113
8 119
43 132
67 105
91 163
29 38
166 26
13 66
117 132
90 95
111 136
176 8
60 61
76 177
16 139
30 66
88 149
106 112
172 41
20 46
121 153
175 102
174 144
42 126
4 103
36 142
42 88
178 78
137 171
72 78
173 166
52 74
52 116
9 56
176 80
161 73
172 82
38 108
79 97
45 149
171 139
153 155
171 17
111 128
164 38
81 95
32 47
42 172
74 136
50 79
18 75
98 135
171 138
27 81
107 148
172 24
56 59
48 133
69 117
1 44
69 124
35 111
18 34
10 43
84 126
79 133
64 135
28 82
97 171
32 140
36 178
100 101
119 140
73 135
86 153
27 51
72 92
164 107
18 96
1 104
165 102
33 152
49 126
175 22
8 54
30 154
131 170
48 156
32 156
143 178
160 11
162 16
121 136
22 60
40 48
84 141
18 144
43 94
168 153
63 67
28 62
24 178
16 111
131 171
19 76
25 158
127 176
76 160
129 131
68 137
35 44
1 81
36 82
152 171
119 146
168 51
6 67
178 160
34 107
33 115
168 67
32 118
16 30
6 72
28 164
24 90
90 106
168 132
56 79
6 129
2 66
43 118
139 172
56 73
176 27
7 140
142 172
171 28
5 147
147 151
5 135
49 148
52 155
29 126
35 60
49 176
42 58
18 156
75 122
0 146
4 169
162 55
96 136
61 129
177 48
30 131
22 74
15 45
3 113
108 176
160 55
100 162
145 153
61 162
95 114
70 139
25 161
33 34
8 20
8 151
110 124
57 125
10 64
76 89
51 74
83 157
54 89
32 162
67 134
177 49
1 87
173 3
64 83
83 122
13 63
170 18
164 29
165 133
161 113
178 6
176 47
34 144
163 32
171 93
150 161
14 110
160 44
126 144
46 144
40 109
167 101
178 119
120 177
21 48
111 133
137 167
153 156
39 153
28 123
178 13
4 173
161 99
136 169
176 87
77 138
83 149
98 166
165 164
23 84
33 96
51 165
43 54
103 148
30 58
88 169
55 147
81 120
160 174
162 178
19 129
46 163
170 41
107 144
54 131
75 103
172 174
74 104
88 117
39 75
14 50
129 138
55 85
162 106
95 166
70 73
59 162
159 161
49 174
63 136
43 95
168 59
63 88
172 2
119 156
163 111
63 140
169 127
8 94
120 157
175 15
57 73
81 155
54 73
179 101
41 138
58 109
71 107
98 130
55 133
3 117
19 92
16 141
38 91
172 75
92 162
70 134
19 153
7 21
13 138
50 130
24 36
71 158
47 88
8 9
165 30
100 163
150 163
0 97
46 125
169 105
11 47
179 34
45 84
39 73
68 159
172 28
72 94
47 147
73 89
93 159
120 169
141 146
29 63
120 153
74 147
54 84
51 72
176 98
3 94
82 155
130 142
161 36
76 109
76 101
3 50
7 43
130 147
51 97
21 30
28 99
166 107
36 61
78 135
10 89
80 157
164 120
95 145
127 149
36 40
23 34
67 101
54 65
5 40
63 108
70 164
53 130
19 51
167 95
175 93
55 139
41 77
97 158
16 130
65 163
167 110
57 99
147 172
64 123
40 89
25 42
18 44
15 80
163 98
108 112
100 178
80 96
16 60
13 111
162 150
72 123
107 141
32 113
79 120
99 138
43 91
38 146
108 125
8 146
126 139
30 36
79 82
178 66
7 158
178 88
177 155
15 41
117 175
166 89
36 87
40 71
44 114
60 103
166 128
98 109
25 135
174 141
79 114
57 158
126 165
113 143
5 169
172 125
163 123
109 118
179 120
77 177
55 144
176 70
15 129
65 91
55 100
74 159
96 176
34 44
131 177
28 152
171 130
128 135
100 152
29 71
170 140
14 72
111 140
64 156
143 176
6 39
102 121
92 116
0 10
1 142
56 122
5 32
110 136
1 174
57 67
49 123
59 74
104 112
7 135
77 112
106 172
151 159
73 174
7 17
166 178
160 21
18 135
16 125
177 159
142 171
80 131
72 117
166 161
63 115
157 163
90 167
4 119
22 131
100 171
24 150
117 171
90 126
24 125
76 125
120 154
141 152
23 169
13 94
116 122
121 151
143 175
65 111
39 91
83 147
75 131
82 117
72 165
31 49
26 154
19 145
92 144
101 178
52 173
33 72
43 70
39 173
78 131
163 115
106 113
163 45
66 109
31 175
9 123
165 80
27 57
56 118
111 174
14 41
16 62
111 156
137 150
32 114
15 90
16 129
13 125
175 167
40 169
20 24
3 54
129 153
52 112
2 10
4 140
51 108
87 157
165 79
60 138
12 136
79 177
72 134
170 71
37 113
27 175
155 160
157 175
178 48
178 84
3 41
112 140
29 122
38 53
82 147
174 78
128 179
16 164
7 83
173 115
42 116
159 169
167 61
172 141
155 159
7 157
21 137
156 158
15 176
139 177
95 153
26 178
95 133
56 111
32 98
76 130
6 84
90 107
17 115
5 15
18 172
10 154
70 103
56 103
130 144
11 99
163 151
178 33
20 154
139 165
48 67
89 126
91 157
13 158
131 146
33 50
55 124
108 113
99 102
63 138
36 137
56 112
30 164
145 177
151 161
93 96
98 175
147 159
48 112
17 58
16 26
114 120
177 78
163 107
127 159
167 26
47 86
170 56
92 174
0 83
34 162
23 138
170 6
169 85
162 155
27 142
105 155
33 129
27 141
76 112
90 160
40 102
165 136
13 18
32 141
155 169
101 121
176 90
26 62
34 131
100 173
30 103
146 148
138 165
45 57
85 155
98 173
74 155
49 147
175 125
120 138
88 159
94 178
160 53
45 103
62 149
36 125
79 146
11 76
46 50
94 138
34 43
119 124
127 177
4 147
30 174
3 51
82 83
42 98
169 57
56 63
125 163
164 86
37 72
162 46
15 69
17 121
22 32
60 87
69 120
128 167
176 52
29 77
94 148
119 137
166 64
4 81
35 47
71 84
100 160
156 165
3 83
0 15
110 147
4 142
30 166
19 120
85 94
71 86
39 83
33 56
175 11
44 80
178 31
4 143
172 118
169 62
45 98
168 0
24 61
34 111
67 156
176 25
8 53
47 158
25 101
75 151
29 91
128 176
34 128
165 47
111 155
13 92
44 59
172 151
23 56
69 175
143 156
10 12
77 144
94 153
46 109
169 171
110 150
170 16
48 118
174 177
25 99
90 120
23 36
37 122
54 80
158 169
175 14
104 159
2 174
17 69
32 164
5 104
103 133
115 148
81 151
15 122
84 123
27 86
17 159
177 156
163 67
38 45
73 80
2 81
101 104
120 137
171 99
178 127
17 148
16 57
37 116
169 153
65 170
175 19
20 83
171 32
16 131
62 106
31 150
19 146
56 125
142 176
77 89
4 42
64 164
39 54
91 118
74 79
76 156
32 94
92 122
79 159
10 82
131 152
6 18
49 67
171 69
10 175
27 54
128 142
40 45
91 167
82 113
115 177
39 165
173 37
53 133
25 120
163 39
161 132
166 56
48 80
165 86
6 49
71 117
108 139
55 131
35 69
98 134
55 75
176 60
174 116
19 40
39 154
7 165
3 121
50 122
12 21
3 170
84 140
35 84
145 168
173 157
113 137
48 102
110 127
11 78
83 169
51 86
37 166
168 89
91 144
134 147
88 94
61 118
49 102
77 93
57 113
5 42
76 97
52 100
38 153
174 57
64 100
87 177
23 65
119 139
163 49
141 145
41 65
17 24
53 135
62 138
19 83
31 101
160 162
178 147
177 96
172 176
160 119
11 22
74 154
35 153
31 165
70 166
175 59
89 117
124 145
133 153
175 32
164 143
173 62
135 167
7 49
68 111
173 2
164 145
66 81
166 68
60 129
88 114
175 84
95 152
58 71
69 146
38 179
50 139
27 75
30 62
21 110
172 137
119 155
105 166
16 113
169 55
94 176
65 76
178 62
93 141
15 92
39 69
175 67
171 45
22 124
39 107
76 131
25 40
14 46
21 134
66 140
59 69
52 131
80 142
59 75
0 124
1 16
178 53
133 156
164 44
93 178
135 175
101 108
64 96
7 8
137 177
107 121
87 151
0 21
161 61
9 50
6 63
20 107
126 177
2 12
148 149
33 123
17 39
100 119
108 117
85 120
9 58
100 165
162 0
35 121
10 134
7 88
36 134
49 133
47 109
174 50
69 121
57 153
70 130
142 147
165 83
64 151
63 124
175 131
52 108
168 22
50 152
28 36
168 16
147 157
19 52
15 20
108 131
58 87
44 81
11 92
103 154
164 77
177 11
29 33
135 144
25 90
13 160
166 55
156 176
79 116
165 59
81 176
29 128
48 104
176 125
3 172
43 124
56 164
41 99
26 119
8 12
69 153
75 154
80 167
55 67
5 98
123 168
170 27
132 140
170 145
175 99
35 138
162 72
105 107
39 46
103 118
115 142
6 31
41 155
122 177
79 153
140 153
163 174
176 144
166 36
38 172
83 133
51 109
11 141
37 94
4 145
139 176
167 114
155 179
24 132
4 77
79 161
102 115
175 148
142 152
16 70
86 120
111 168
98 138
86 102
96 175
21 59
108 147
62 94
176 5
166 75
173 19
122 173
178 63
95 172
2 92
20 158
8 93
79 124
3 10
86 144
161 5
38 109
36 56
5 12
28 132
21 95
7 25
165 34
36 53
47 149
31 136
70 97
178 72
126 179
109 138
166 106
67 99
98 139
47 112
171 164
40 176
82 144
162 139
79 147
38 121
55 176
169 76
73 113
54 167
92 93
35 164
81 132
22 92
28 73
19 47
92 160
1 96
56 120
29 113
0 14
88 96
21 86
59 166
29 140
52 113
163 136
27 69
19 154
129 154
101 161
26 34
7 46
161 89
74 115
176 115
176 118
40 159
42 152
72 90
89 154
8 165
18 176
53 139
71 121
7 86
168 96
1 42
169 30
6 61
25 137
54 61
54 121
93 161
50 110
30 37
78 96
45 113
62 171
14 103
84 124
10 136
131 133
112 161
23 170
89 114
89 102
6 60
61 98
28 74
5 126
101 177
20 63
160 157
39 99
165 132
58 83
62 73
55 119
26 75
160 49
45 168
33 55
80 93
110 128
44 83
105 151
102 157
134 176
128 148
54 162
64 172
34 89
159 170
25 163
116 153
15 134
26 55
166 20
147 164
25 50
122 147
149 155
15 21
14 102
83 85
4 9
158 178
113 175
5 37
148 164
104 138
89 153
12 171
22 117
37 176
79 87
67 86
94 131
26 27
102 131
42 115
55 113
51 158
41 60
47 175
127 165
17 78
54 156
140 165
34 86
80 91
178 61
0 96
2 89
164 144
164 146
84 132
35 176
11 168
79 104
53 152
83 153
149 164
9 68
20 165
139 143
6 9
48 82
73 91
158 159
39 177
175 51
36 100
163 51
76 170
178 99
5 46
165 13
50 155
154 169
34 109
164 127
11 161
16 98
96 141
176 131
25 148
74 124
62 152
161 44
85 126
162 58
104 130
54 168
82 138
133 173
176 46
90 175
26 85
3 169
24 97
163 90
149 165
44 64
140 154
10 150
69 166
19 100
179 20
167 75
76 173
57 176
110 153
73 128
21 78
175 122
21 102
163 143
178 11
64 150
134 138
118 160
150 159
109 115
104 151
57 177
33 101
5 45
160 38
1 69
100 138
161 131
82 131
160 116
177 144
179 122
114 146
11 84
176 107
50 158
138 146
46 56
0 159
165 92
10 74
178 12
42 61
67 153
45 133
167 34
121 154
38 82
39 52
72 171
174 142
45 147
34 164
32 126
4 144
178 41
138 179
17 172
12 141
178 54
164 133
19 140
178 169
168 7
77 175
49 73
167 35
141 155
161 48
58 120
21 106
169 39
74 149
122 174
3 73
162 29
72 160
38 174
17 120
3 166
112 116
