3 37
47 57
85 36
64 29
13 78
26 54
86 0
80 34
34 51
71 4
29 34
5 7
58 59
49 76
16 35
9 39
62 33
14 36
14 19
72 7
84 36
46 76
84 63
68 32
62 24
77 27
67 28
69 1
75 23
86 20
18 78
44 51
6 70
9 69
0 4
66 84
84 29
82 46
18 36
7 44
31 70
53 74
9 88
10 20
47 55
88 57
86 25
77 15
68 35
61 19
0 63
40 80
41 88
65 9
59 81
69 18
62 71
74 46
35 69
84 26
19 71
15 23
2 31
81 45
64 41
83 66
34 48
75 17
14 37
17 30
35 46
72 3
88 23
52 84
4 49
17 72
61 20
0 51
44 45
21 52
1 30
71 20
35 75
36 67
64 5
2 70
17 33
47 84
76 87
80 53
1 24
67 12
13 65
51 86
20 38
18 57
73 48
63 48
16 48
16 63
25 72
67 32
11 33
73 29
13 31
9 53
85 28
36 56
43 72
20 53
33 75
87 18
79 13
34 60
50 89
22 43
77 8
33 72
2 24
29 70
79 33
75 37
1 79
37 85
84 49
87 1
86 85
61 16
38 74
13 40
64 56
29 55
61 41
71 46
28 30
0 80
48 70
47 60
79 25
19 47
65 79
87 30
12 65
75 34
22 72
76 1
73 88
69 13
89 54
82 45
38 62
77 34
43 68
6 18
17 88
55 72
28 74
62 28
64 4
4 21
70 85
12 32
6 24
75 28
65 21
50 57
35 45
55 80
77 13
79 20
9 63
76 20
39 75
30 57
43 45
25 45
41 48
23 47
66 44
62 80
51 63
80 72
3 35
86 34
22 36
63 45
22 70
16 34
58 69
10 13
7 37
46 86
89 57
14 56
76 32
51 65
70 58
87 63
88 80
81 60
10 36
35 58
78 9
2 56
37 57
78 59
74 44
24 75
83 30
1 49
48 49
86 15
62 2
8 43
75 80
65 49
12 84
17 66
40 86
85 6
20 27
74 42
23 55
54 80
34 65
11 63
71 82
35 43
23 70
19 20
28 46
82 53
25 55
3 81
52 56
32 52
62 64
7 21
57 84
52 77
9 32
34 61
62 8
25 84
36 77
7 63
86 4
12 56
8 23
26 28
24 33
8 38
68 74
76 13
89 59
67 2
16 27
42 47
0 13
84 33
79 15
22 89
4 59
38 45
27 31
24 52
88 24
79 35
86 49
31 80
64 66
2 4
16 21
11 88
65 3
60 76
19 27
62 89
28 58
88 3
88 10
6 10
77 16
30 69
85 62
23 74
85 31
65 33
27 75
49 79
20 35
0 20
36 86
70 56
77 20
89 29
19 41
25 43
2 19
79 27
15 73
18 27
67 63
70 11
78 3
30 64
39 66
0 40
24 46
10 40
23 81
21 88
4 34
45 65
17 37
1 3
60 64
39 89
49 75
80 4
3 59
77 74
30 45
9 75
27 61
70 24
52 89
26 81
15 49
21 61
20 26
5 25
83 45
71 42
72 59
23 28
62 17
52 88
30 39
45 64
24 55
70 13
53 85
42 51
84 54
25 62
82 7
15 66
72 15
20 29
66 27
89 16
3 64
16 24
43 79
18 29
34 58
63 49
60 44
12 80
52 86
0 19
62 4
2 16
63 13
37 38
83 40
88 33
32 55
0 60
48 83
50 69
66 7
7 55
12 34
60 38
37 53
89 76
8 72
64 78
21 35
40 50
73 20
80 84
72 13
60 37
73 24
26 56
61 8
45 80
71 28
63 79
13 53
17 25
19 37
48 81
49 50
28 41
24 39
19 65
43 61
66 8
71 11
76 79
88 45
76 10
60 52
38 64
48 75
51 83
86 79
68 16
67 24
20 59
55 62
16 29
74 5
51 78
64 43
74 40
36 82
65 35
33 69
50 55
66 28
4 15
79 41
78 21
13 48
13 56
82 16
76 17
28 35
16 37
82 19
82 49
83 37
69 26
23 66
47 68
85 25
24 27
24 72
72 34
6 65
7 83
67 56
67 30
26 41
33 71
83 19
77 26
83 34
11 39
6 39
9 44
0 62
29 81
74 8
69 44
53 72
28 87
45 55
64 59
50 51
67 29
11 20
34 74
62 54
79 22
64 32
8 41
8 81
85 35
28 81
2 25
10 24
9 34
50 80
50 65
89 63
89 0
9 37
68 44
9 29
33 35
40 85
64 50
32 83
4 54
23 29
67 26
0 68
16 18
8 16
85 13
53 63
66 22
1 85
22 67
85 5
15 68
71 52
42 86
65 0
23 38
68 48
15 78
28 82
11 30
49 78
15 82
30 43
20 62
6 88
1 38
87 67
46 58
69 8
32 86
73 43
57 73
68 10
32 89
3 8
12 73
86 27
26 59
42 45
66 6
46 61
43 51
76 44
80 38
77 24
19 36
32 33
15 76
29 35
31 33
69 2
20 70
12 48
39 68
85 24
0 2
80 52
69 60
36 44
8 57
87 44
12 27
87 78
22 83
8 46
12 63
38 85
78 60
0 52
79 24
36 68
15 45
88 32
9 31
18 33
23 50
18 28
80 46
71 39
17 78
15 58
74 22
10 57
32 66
26 44
85 44
21 22
5 50
5 38
26 66
59 60
22 42
76 58
89 4
38 50
74 47
45 52
86 26
18 79
75 51
65 83
58 71
24 28
5 88
61 13
8 82
83 54
29 49
82 64
73 36
41 53
18 31
0 83
24 35
15 21
69 6
72 18
20 39
25 89
27 73
13 87
5 35
74 27
3 36
17 45
67 60
28 29
64 85
12 71
33 86
43 49
60 36
11 66
68 37
77 70
73 19
0 82
15 41
64 16
21 50
64 17
33 51
73 53
82 24
40 77
84 48
2 34
11 65
5 32
54 59
50 87
17 21
79 66
66 2
85 63
57 75
35 63
4 55
75 32
76 34
18 58
38 43
73 52
19 66
15 16
25 58
78 41
67 20
81 47
34 66
1 68
88 34
52 55
1 89
29 62
17 87
76 23
82 79
60 70
6 75
18 40
14 31
3 58
64 24
7 70
87 31
26 62
58 81
7 58
47 48
51 64
75 14
66 58
22 75
64 58
61 37
6 82
19 89
61 49
8 59
21 74
12 14
63 34
47 69
25 73
34 46
81 38
75 53
73 35
66 25
28 83
15 55
72 47
10 48
71 8
62 27
24 25
68 42
1 47
14 17
11 34
70 47
35 81
4 57
72 78
0 27
17 71
1 4
61 30
0 24
72 38
2 5
30 47
44 56
78 50
88 50
16 43
3 42
25 56
23 43
34 85
21 58
11 32
80 49
75 4
8 50
6 26
18 23
83 13
39 64
38 42
74 50
23 79
63 44
81 44
23 84
22 59
26 82
1 18
30 76
4 76
3 87
24 84
88 1
44 64
38 51
24 69
74 60
67 77
86 41
9 16
31 74
5 30
14 70
57 65
85 73
6 28
75 12
76 48
2 73
12 42
46 77
1 13
82 27
17 73
14 61
11 61
20 28
32 56
49 81
5 83
69 74
35 87
55 86
24 59
3 44
42 65
34 70
87 53
71 29
50 71
15 80
42 73
13 55
32 43
13 88
26 85
61 71
17 56
67 38
25 35
14 47
82 18
7 49
69 41
7 88
14 55
75 64
76 39
15 70
29 46
78 47
64 14
69 45
57 67
31 60
5 27
70 59
32 60
62 50
89 56
69 20
8 17
20 82
67 59
75 59
2 61
79 48
86 3
15 22
13 60
72 46
0 33
72 19
10 18
10 67
76 27
54 65
7 47
21 29
76 74
36 66
18 70
6 83
87 57
16 55
60 55
21 44
5 73
70 40
69 16
11 12
36 57
10 23
40 75
4 28
60 21
25 38
16 57
23 85
64 54
12 25
87 12
69 42
6 30
10 16
28 54
5 40
71 18
26 88
82 4
38 41
75 62
82 50
38 65
44 54
84 39
71 49
69 49
79 19
2 30
11 49
45 89
3 57
5 28
61 75
48 56
73 3
11 42
27 54
31 62
9 82
76 33
4 50
9 25
2 72
53 77
6 59
70 38
88 43
25 78
82 25
20 31
66 21
2 77
70 52
80 5
38 47
10 84
81 21
27 40
28 89
61 36
23 40
21 34
67 25
49 66
14 28
9 86
84 86
18 47
79 29
3 32
10 32
84 3
2 49
44 47
31 83
26 76
24 89
68 45
84 17
75 45
22 52
60 5
73 84
41 58
50 61
43 50
17 61
42 46
21 32
17 65
39 49
82 17
24 60
5 82
76 59
16 66
0 31
6 53
71 16
73 7
16 32
54 71
1 81
62 11
13 44
63 60
60 8
10 69
70 43
75 36
61 51
20 72
7 20
88 56
38 44
50 77
55 57
51 70
78 42
78 19
71 5
60 43
70 42
18 86
73 26
47 71
33 46
76 83
74 37
57 63
31 86
63 2
75 1
19 26
42 66
13 49
35 52
31 89
43 55
77 49
78 36
27 32
76 9
25 50
73 23
45 60
70 1
12 44
77 7
37 73
87 19
20 52
66 41
68 28
13 34
43 67
5 29
65 10
85 80
53 60
16 60
1 51
76 37
40 66
82 86
5 51
39 60
26 72
30 65
78 2
13 80
85 45
65 24
20 68
6 36
69 31
50 63
26 39
27 78
79 42
47 58
6 22
76 24
77 4
74 33
73 50
3 41
29 85
3 9
29 39
52 67
60 50
81 7
84 5
68 19
25 74
27 72
10 58
5 58
88 69
78 37
26 52
70 50
80 77
23 56
6 47
64 48
3 7
63 18
3 23
1 44
66 1
86 28
83 43
31 51
35 70
66 0
34 59
56 61
26 61
74 26
82 29
