26 38
26 41
7 43
24 47
49 16
24 39
3 32
4 36
45 0
49 8
42 15
39 22
11 16
49 6
31 36
6 25
7 9
25 42
10 46
17 21
13 41
13 37
42 34
17 23
43 22
41 34
16 30
41 12
5 27
49 35
2 12
35 27
18 34
10 14
22 34
4 28
48 9
46 24
48 33
9 27
48 23
12 23
0 43
2 49
15 36
5 49
18 35
41 16
38 42
36 33
1 38
5 22
49 37
8 20
49 33
37 44
36 22
3 12
47 6
30 43
25 34
12 16
22 39
40 30
17 33
24 33
37 33
28 41
23 44
22 25
45 15
35 30
29 49
29 36
12 49
44 26
41 33
41 45
47 35
36 27
1 24
42 23
2 8
13 35
31 41
35 26
33 37
29 43
17 24
2 38
4 30
42 10
44 31
2 30
8 46
11 43
18 21
17 48
39 20
46 31
23 27
31 47
19 34
42 8
36 35
4 41
49 18
1 30
3 44
48 6
30 42
15 38
4 39
39 41
3 40
46 15
5 46
3 45
11 49
9 19
26 43
7 47
48 13
4 46
37 11
25 35
37 31
13 23
40 49
7 48
14 33
9 32
21 23
15 39
45 1
0 48
5 35
34 38
34 43
22 45
39 32
42 5
12 29
17 26
48 47
26 40
1 41
22 42
35 3
38 15
48 34
16 25
3 29
45 28
32 42
44 49
14 16
37 14
34 46
8 44
45 38
41 29
5 43
40 42
41 39
2 23
24 46
21 22
7 20
4 31
17 44
21 34
49 2
38 20
15 49
0 5
3 11
35 29
30 37
42 11
3 5
33 41
0 41
9 42
3 15
48 14
36 42
4 34
14 35
10 12
16 40
26 47
8 24
38 7
13 39
