28 63
12 66
7 47
65 79
52 71
77 22
4 45
64 72
26 76
29 55
72 16
18 36
79 0
5 64
17 57
75 3
6 43
18 29
79 8
37 41
72 55
7 46
37 71
78 66
62 79
63 68
1 30
71 46
30 66
54 69
8 44
35 66
40 47
1 64
18 60
35 61
31 39
33 66
75 18
71 28
70 28
11 77
11 43
67 71
26 32
27 30
72 18
23 54
12 20
52 74
15 22
1 65
71 48
23 67
30 64
42 52
13 20
71 26
13 52
71 58
76 30
79 35
52 62
10 70
69 78
64 79
35 73
3 31
58 61
57 75
31 57
72 41
70 58
12 49
0 47
78 31
11 25
42 75
67 70
72 77
52 69
78 65
28 69
5 9
29 43
43 76
28 40
31 56
27 68
77 79
70 48
10 72
3 60
5 69
7 40
16 40
34 55
25 56
71 14
15 30
16 74
40 77
9 54
54 71
1 20
20 77
79 23
76 77
41 55
21 24
70 77
16 31
8 43
73 0
0 3
1 52
13 64
5 6
1 61
11 44
13 49
79 59
40 68
64 65
21 41
77 18
79 15
27 59
73 52
45 64
36 40
49 62
77 45
39 45
71 12
40 73
4 40
76 11
16 70
8 71
48 68
9 37
57 59
24 73
51 62
75 60
0 59
9 74
51 64
47 73
46 76
78 52
75 28
25 50
1 50
11 68
42 45
8 9
74 21
52 68
26 51
33 49
45 74
45 61
0 60
33 39
12 39
75 79
71 76
