84 168
19 172
46 135
52 103
66 80
19 121
35 173
51 105
114 117
61 142
110 169
2 59
31 140
135 171
74 118
155 169
169 173
133 143
134 176
54 86
62 173
17 52
3 142
134 161
165 177
52 122
60 147
87 111
120 122
81 152
87 149
33 76
44 54
124 162
4 98
64 170
174 178
125 141
109 163
16 67
93 146
10 133
120 123
1 97
39 79
18 151
12 134
39 135
111 114
7 105
82 141
119 161
23 58
91 115
37 133
129 134
11 131
41 145
178 133
39 118
23 129
22 51
88 165
137 161
111 158
59 67
96 132
47 165
43 65
3 103
71 137
98 159
136 146
158 178
3 30
15 37
116 175
31 94
12 89
15 71
84 131
118 159
49 63
111 138
79 107
7 101
78 150
35 60
19 124
31 76
26 90
3 35
0 66
178 58
42 125
27 109
114 176
51 131
42 102
21 85
66 92
25 55
179 30
2 96
66 112
47 106
88 171
30 68
89 117
79 177
72 88
23 86
82 120
67 102
35 65
28 104
48 118
178 164
49 69
103 148
128 175
96 176
74 163
70 102
42 78
41 137
31 36
134 141
23 103
145 165
16 35
43 128
50 171
120 165
23 143
28 143
26 114
15 49
54 87
114 156
117 132
8 168
18 137
9 133
32 52
58 121
49 61
5 97
30 59
103 128
14 130
18 152
51 122
148 169
2 118
13 33
19 39
41 143
118 124
67 163
38 71
122 148
149 165
73 153
113 124
29 43
52 116
52 161
62 109
42 123
16 107
66 68
95 164
55 126
132 160
140 151
11 154
124 155
121 147
0 68
58 72
73 157
13 59
56 143
78 80
85 101
139 143
138 156
25 95
117 162
179 39
115 131
115 156
63 111
28 168
116 143
67 81
44 169
24 30
57 142
79 88
9 49
4 176
18 159
18 40
46 84
41 120
9 170
76 79
4 38
64 94
26 43
87 141
6 130
63 81
86 114
11 28
22 159
123 141
71 129
82 137
28 68
139 157
58 100
114 122
20 56
4 30
7 126
40 138
7 115
117 126
170 175
84 104
70 167
58 126
57 77
51 106
25 119
30 34
63 151
50 121
27 166
85 90
86 166
59 94
109 122
59 112
78 120
97 128
3 104
77 81
154 179
28 156
1 156
65 126
37 132
30 112
87 153
68 97
78 116
132 148
34 126
8 32
20 111
2 155
25 81
99 171
51 108
50 167
100 120
71 127
164 174
49 139
30 176
1 168
149 153
122 139
8 55
36 124
8 37
24 96
94 177
66 120
26 157
51 104
17 54
71 179
4 137
143 148
18 25
18 143
34 117
100 113
23 126
135 164
15 145
123 139
128 132
65 100
121 148
162 176
9 174
55 138
95 110
79 121
41 150
106 142
45 168
16 82
3 31
178 7
74 78
28 84
48 173
88 164
114 138
121 136
70 104
75 128
48 156
128 151
15 26
80 168
113 120
123 138
119 150
72 179
14 91
5 179
45 75
61 155
101 112
31 110
0 124
54 153
131 146
18 26
47 170
42 179
14 61
72 162
82 175
29 166
72 136
69 86
77 151
50 55
48 134
44 145
14 118
120 172
81 94
132 179
4 143
48 113
25 111
14 50
6 98
64 175
0 174
88 97
87 119
61 82
40 168
34 65
56 87
170 171
73 98
3 4
33 39
77 118
15 79
98 124
48 136
11 149
99 117
78 140
141 156
90 164
81 130
158 163
60 61
15 150
89 124
76 167
149 179
25 34
4 96
1 82
45 98
50 74
23 152
44 71
18 115
41 172
37 43
19 153
74 83
128 168
17 146
37 164
61 139
133 161
114 132
48 100
5 121
59 145
87 145
70 86
32 172
142 171
13 148
21 112
81 93
151 178
93 162
99 160
86 130
39 66
23 122
95 149
10 88
77 106
7 11
46 58
158 162
34 103
106 172
68 102
134 168
70 125
39 170
133 167
76 109
124 171
12 163
120 126
44 167
12 160
59 140
106 121
17 176
92 133
36 128
25 84
103 159
45 147
168 177
60 148
38 41
12 72
9 38
66 98
58 96
2 19
60 131
0 59
122 135
91 135
39 153
90 152
156 172
34 114
39 55
87 118
0 110
92 155
35 90
6 60
50 176
108 120
115 145
11 167
2 63
115 129
88 118
1 14
92 172
144 148
61 76
94 162
87 175
64 93
7 167
132 143
143 153
24 76
38 108
102 124
42 122
27 135
145 168
26 170
47 63
179 50
33 118
17 154
30 79
23 117
27 163
45 100
53 148
72 110
107 163
36 171
26 139
87 115
178 4
104 143
46 89
126 141
78 170
124 138
65 140
14 122
44 170
12 143
112 154
11 23
36 160
139 179
179 90
46 147
9 27
7 81
15 97
116 168
27 139
37 171
86 127
87 160
9 94
79 87
105 107
137 164
112 173
42 127
28 77
178 84
104 115
36 130
21 140
126 175
80 138
44 83
23 178
5 141
17 27
5 120
0 97
28 128
84 135
90 146
67 123
104 178
42 130
15 176
30 86
10 179
50 87
100 121
79 105
59 77
68 138
9 71
92 107
8 121
46 53
69 148
0 62
12 18
16 74
21 60
27 53
9 149
106 128
96 107
8 149
130 163
79 132
92 113
137 179
73 169
61 175
13 35
37 90
78 173
3 133
4 14
7 175
123 153
60 112
90 122
4 21
20 38
64 96
131 139
60 160
93 149
58 62
71 101
34 87
108 178
129 158
51 117
14 62
127 158
99 137
108 155
41 53
178 159
39 80
9 100
18 176
22 147
82 130
6 84
65 175
75 171
152 164
48 123
37 69
49 171
80 120
82 158
79 145
11 145
179 98
6 172
55 120
9 74
3 45
55 78
98 176
149 160
53 174
53 64
95 177
58 141
179 126
68 164
149 177
54 88
145 156
31 71
101 165
14 156
58 165
1 56
62 89
55 67
10 91
112 157
9 37
22 47
57 117
171 174
71 87
122 152
68 104
70 74
0 6
69 82
71 108
133 137
86 137
113 115
13 43
7 18
162 172
122 166
13 49
12 42
13 82
51 133
126 171
16 37
103 122
70 81
44 130
40 68
77 164
61 147
159 162
42 87
46 118
61 97
111 170
68 167
14 150
25 160
76 85
3 167
156 177
94 109
13 113
134 175
73 96
76 81
178 147
87 170
52 173
18 164
126 165
31 47
79 165
64 100
140 156
65 99
19 66
111 115
46 141
47 115
11 116
27 67
128 173
132 163
135 138
106 155
54 64
27 171
54 171
89 110
48 83
149 167
78 110
26 98
102 135
7 86
1 54
60 68
30 52
175 178
61 136
101 147
113 123
109 128
63 138
131 141
68 137
73 175
53 126
102 151
69 90
2 122
118 146
0 171
99 124
40 113
38 165
84 90
17 71
127 170
46 146
37 77
56 130
32 154
23 53
105 115
36 135
67 136
14 90
15 112
6 136
71 73
62 112
19 36
9 142
8 129
111 119
46 150
30 83
35 158
22 96
14 112
80 156
46 75
102 170
3 33
92 169
36 97
40 169
72 149
29 175
14 45
52 145
87 131
33 72
14 129
28 87
143 164
143 151
20 165
108 132
58 80
89 161
11 176
53 54
56 151
84 114
32 127
15 160
62 158
42 151
2 129
38 88
77 124
19 118
14 178
53 62
40 144
96 121
104 116
93 156
127 174
135 156
4 55
86 146
60 155
94 179
8 68
101 106
40 63
49 81
95 143
54 85
50 111
37 47
78 156
90 167
13 23
73 110
79 123
91 112
15 148
24 111
52 65
140 174
150 176
100 172
19 26
29 60
87 166
103 141
10 36
169 177
107 164
42 56
164 173
32 72
108 111
68 171
18 118
120 134
100 106
27 51
95 141
39 150
37 109
157 177
62 115
62 125
10 80
24 138
102 122
61 168
100 124
54 158
100 161
98 110
16 162
67 83
96 158
47 160
23 59
11 177
85 147
122 157
70 121
111 129
43 119
27 133
0 86
95 156
28 50
50 56
122 130
39 90
6 126
123 152
24 70
4 168
4 149
116 136
62 113
40 156
100 139
16 114
71 176
160 165
84 119
8 50
38 135
6 123
104 129
35 169
130 159
94 144
72 124
39 60
117 136
56 161
115 141
73 160
37 71
125 165
75 135
28 125
11 42
43 89
34 58
100 142
32 141
4 5
117 174
10 159
108 144
11 142
88 179
74 174
92 170
61 120
26 104
12 58
45 88
34 128
4 24
101 160
20 89
43 112
124 137
65 115
54 150
36 96
145 175
52 93
101 167
94 141
34 163
110 126
17 98
11 50
75 90
89 101
22 132
110 171
125 164
52 64
113 159
3 106
96 103
91 162
99 134
1 117
30 126
126 138
21 164
28 127
62 123
72 83
0 141
71 116
40 136
23 112
111 142
90 165
14 157
98 170
10 170
48 129
37 126
32 33
40 170
64 109
128 131
1 80
12 113
2 4
65 108
81 136
40 44
13 70
41 44
134 137
4 78
59 125
71 139
1 166
8 166
69 73
12 26
76 147
59 175
8 154
75 80
110 136
4 136
104 174
4 75
10 116
61 91
2 110
103 173
45 164
48 117
40 175
18 136
20 63
109 159
69 83
20 29
34 96
18 98
30 154
179 84
80 97
53 67
50 148
126 164
89 94
104 179
130 167
93 171
49 91
143 156
66 167
159 171
70 97
87 168
14 127
5 150
30 108
179 161
7 54
58 93
16 169
91 168
61 129
24 106
105 173
70 73
103 127
40 47
40 101
21 171
16 154
55 99
35 57
64 128
59 142
124 153
30 111
21 83
2 42
10 93
179 174
1 49
81 135
77 98
4 174
3 19
120 171
32 35
57 159
44 90
69 106
4 52
91 92
105 118
133 175
42 142
38 43
66 129
178 35
27 28
76 149
122 147
79 163
127 149
36 43
72 89
93 131
28 139
27 93
33 93
27 113
108 136
137 168
33 166
87 136
56 71
68 81
41 128
73 90
71 164
61 73
139 178
76 124
111 145
44 124
30 71
81 173
28 126
69 97
59 105
103 139
26 143
178 44
39 178
33 55
22 158
178 65
26 97
25 135
84 111
64 179
52 100
18 108
59 104
60 80
113 144
88 148
49 121
76 156
38 83
83 88
21 64
121 156
80 106
53 70
25 76
18 132
96 141
1 126
104 107
15 21
105 170
57 157
4 6
67 105
15 83
57 72
124 160
65 179
98 178
22 161
9 165
112 179
31 96
19 174
30 65
114 147
117 157
67 138
64 90
51 63
75 103
20 161
9 172
111 143
69 152
22 126
108 169
47 94
178 47
91 167
3 113
170 179
118 132
82 94
112 167
140 158
3 156
41 177
102 137
130 171
131 162
115 146
24 149
34 151
13 21
21 138
136 166
8 98
41 95
10 73
127 173
155 156
27 36
49 112
66 116
95 114
25 109
149 175
32 47
34 43
89 137
159 170
117 149
35 176
16 101
110 178
160 168
86 176
20 167
20 127
38 171
62 91
20 59
54 134
43 77
10 123
52 111
104 117
17 31
47 71
102 127
41 60
9 155
9 140
53 123
37 51
179 131
79 161
121 128
10 30
15 17
29 158
65 95
29 105
63 172
12 55
98 163
29 72
85 99
49 64
53 120
46 113
68 73
51 74
40 77
82 133
56 113
57 160
35 84
82 150
157 172
100 117
8 128
30 63
64 66
17 162
37 50
4 57
0 2
148 173
52 147
1 167
178 165
62 179
80 178
65 133
11 96
51 71
88 147
6 37
50 112
75 82
74 165
5 174
105 133
36 45
57 118
19 101
33 116
125 152
2 133
28 67
106 141
17 147
55 73
137 140
16 72
98 158
49 74
3 18
79 141
7 132
11 48
10 145
41 58
9 14
23 148
79 103
52 168
44 66
51 101
85 119
115 175
49 146
32 63
49 120
53 167
156 158
2 86
36 53
3 28
58 115
99 125
7 22
3 72
54 172
95 179
12 166
84 113
33 151
86 119
137 151
38 93
97 117
24 136
85 146
25 176
46 101
17 116
16 68
78 152
34 108
18 101
116 178
36 47
104 157
32 130
128 161
6 87
61 102
53 129
61 157
98 175
21 31
7 107
41 138
41 50
74 88
60 154
4 138
30 46
83 175
179 24
179 63
46 138
137 147
17 167
113 148
7 12
61 87
31 135
18 175
164 168
26 156
94 97
23 166
178 60
7 136
21 54
57 177
6 150
179 21
118 134
4 147
61 74
59 148
71 72
61 151
1 149
37 166
107 122
53 113
0 26
68 177
167 179
147 161
126 155
12 68
104 161
9 130
57 107
20 158
34 59
52 63
85 128
57 139
24 35
23 107
0 157
179 110
88 113
87 114
134 150
106 122
179 28
107 160
119 128
132 165
13 158
76 121
95 137
19 154
50 93
79 115
141 160
178 32
11 157
36 39
88 89
40 87
44 93
22 133
32 62
54 147
47 124
121 177
73 83
41 43
53 87
84 117
14 120
8 46
20 155
2 76
26 35
178 172
36 59
128 153
63 67
148 178
178 129
92 109
179 114
129 142
73 133
63 103
128 170
76 153
1 159
37 157
178 163
19 132
72 84
10 154
89 162
82 118
24 158
139 141
19 47
29 77
100 154
179 15
155 160
11 121
129 144
48 137
46 73
55 147
24 44
14 153
61 81
8 156
92 122
10 60
49 84
178 177
27 88
17 18
57 151
153 175
86 148
34 177
102 161
22 54
42 89
15 123
39 157
109 152
42 172
23 98
20 66
12 53
0 168
37 124
98 123
61 123
0 156
74 154
130 175
1 177
2 179
129 130
87 171
77 155
51 164
31 86
38 167
22 45
90 149
49 95
107 152
22 149
7 78
28 60
31 173
68 103
34 101
47 77
5 7
2 158
12 86
7 65
11 128
25 64
5 56
75 98
149 154
138 155
94 125
65 104
121 146
21 88
7 112
7 99
60 150
85 150
27 126
111 152
94 163
53 153
74 149
22 41
5 28
64 69
13 114
2 64
21 78
102 104
59 172
75 127
125 175
84 147
48 132
104 148
91 154
47 168
7 172
67 128
132 137
52 121
24 89
46 163
4 17
10 25
32 83
77 95
69 174
99 154
144 150
70 117
59 109
29 115
81 164
76 126
65 114
96 167
150 151
38 176
45 67
64 164
1 92
50 142
13 118
15 170
6 101
42 107
168 175
86 121
50 57
3 175
60 165
33 34
24 41
123 127
64 123
164 176
146 164
19 91
178 109
179 130
139 166
65 161
36 38
104 175
50 169
47 126
15 134
2 46
77 156
63 107
57 100
66 139
91 146
45 99
119 172
72 129
33 59
91 136
2 160
92 165
1 48
140 153
97 135
75 138
80 174
43 46
112 145
165 167
35 85
150 162
123 158
6 81
135 170
105 155
64 124
59 161
113 170
54 67
76 92
59 72
26 60
20 140
74 98
2 176
16 163
137 162
72 140
0 24
92 127
131 145
110 133
100 158
107 148
139 162
73 102
3 34
31 84
151 171
10 40
59 71
179 51
74 133
74 102
52 153
36 120
6 137
129 140
135 147
19 173
14 25
107 151
0 44
111 173
103 104
30 84
96 108
0 169
4 9
52 143
103 126
8 42
37 112
117 175
3 173
39 105
22 123
8 138
76 89
22 103
35 144
91 108
152 169
56 154
65 122
29 152
178 107
17 94
27 148
13 84
57 60
79 120
61 90
129 176
12 94
26 88
32 121
56 172
83 116
0 14
51 154
53 83
15 93
76 162
105 153
18 29
6 169
12 39
2 89
97 149
39 82
114 170
42 44
64 147
69 103
83 86
75 165
178 142
49 131
60 134
40 100
43 104
6 140
100 105
179 152
11 55
36 146
124 136
161 170
0 123
32 106
60 125
133 142
24 143
62 86
37 103
85 145
80 137
37 107
125 170
36 79
47 135
34 167
116 176
62 84
8 118
111 127
87 124
30 143
40 53
16 170
106 127
42 134
6 64
97 165
4 90
111 163
33 89
0 143
123 136
74 100
37 84
135 136
47 91
52 70
77 139
43 173
11 64
41 136
53 73
106 123
121 149
54 107
56 122
179 102
48 88
82 152
58 87
119 134
68 110
133 139
16 52
178 82
37 64
26 72
37 60
60 172
29 79
9 79
87 167
10 131
82 163
74 85
56 139
48 138
4 105
20 150
121 122
33 64
30 61
35 41
59 99
171 177
66 128
84 108
4 171
178 25
35 175
32 115
3 54
22 170
67 174
16 108
80 166
75 159
88 119
88 176
17 45
78 93
2 106
5 138
15 96
24 43
108 173
52 169
87 174
97 146
141 150
37 110
87 163
83 124
115 179
11 12
68 123
38 90
110 139
93 113
35 167
140 170
179 133
102 171
87 99
66 158
74 128
107 168
2 85
32 80
4 123
45 96
80 101
6 71
31 164
85 156
39 127
105 137
18 117
118 127
60 122
0 43
17 56
33 80
132 146
134 158
135 141
31 123
48 81
75 122
77 88
68 84
53 80
6 62
115 124
26 103
43 169
78 132
6 95
42 140
123 159
42 76
73 91
42 57
61 144
36 109
101 177
30 132
12 148
3 39
2 146
25 132
53 86
65 127
25 91
66 70
16 128
40 174
5 80
122 154
84 160
64 161
39 134
43 174
99 128
34 88
98 155
106 154
37 138
69 169
87 92
75 131
68 88
100 148
95 170
56 128
6 129
145 146
31 89
22 28
49 58
19 59
66 155
86 96
17 156
63 171
56 118
136 172
47 152
21 145
41 161
21 117
51 124
15 111
72 143
69 138
97 136
87 128
84 115
121 127
140 157
15 108
91 158
30 72
17 20
99 110
35 112
53 117
43 149
178 88
27 168
89 141
35 129
28 51
78 97
98 102
89 160
135 165
140 179
53 172
82 115
3 41
114 166
99 103
75 118
18 140
45 57
25 97
17 95
77 104
3 154
57 67
76 113
38 149
163 174
105 112
86 88
135 151
64 74
41 168
45 95
46 165
25 41
44 79
119 158
160 173
99 165
32 53
17 114
30 125
75 112
27 152
84 146
178 43
85 151
31 43
3 131
68 173
11 31
106 171
38 154
11 137
48 78
19 72
31 62
70 164
74 109
0 111
104 139
98 136
38 143
151 175
145 162
20 55
4 134
179 120
95 165
28 31
39 76
16 118
50 75
17 87
178 12
109 131
179 46
19 81
68 156
1 121
14 177
57 116
4 157
105 163
61 179
21 33
179 91
31 90
47 76
125 137
16 112
52 134
69 131
62 79
17 145
35 132
65 124
118 145
178 91
73 179
78 87
136 154
10 52
41 47
47 107
120 137
19 67
33 132
25 117
6 7
81 157
41 115
90 113
20 99
84 123
35 67
55 136
50 154
125 176
61 173
17 159
36 113
11 105
8 92
112 133
64 107
26 120
76 131
6 143
86 179
24 130
30 167
178 17
6 51
55 175
96 106
69 75
0 75
75 160
15 174
67 68
30 31
10 167
179 52
119 140
145 147
37 74
93 122
107 175
89 135
46 157
0 106
73 151
59 154
32 61
35 137
3 157
109 112
43 63
92 98
61 107
108 118
105 141
24 90
33 158
108 141
142 166
28 157
85 96
92 96
71 177
146 160
0 93
32 86
109 170
46 114
45 138
35 70
142 151
37 140
35 160
157 158
55 161
82 166
114 128
89 109
10 172
85 104
34 73
33 176
40 69
47 88
71 124
101 134
10 50
57 153
23 69
7 77
23 137
108 142
28 153
29 132
81 116
152 173
24 37
41 46
42 162
119 148
7 127
19 57
5 137
73 104
49 141
18 129
29 101
44 72
17 161
76 105
2 177
28 71
56 72
40 79
52 177
5 96
79 150
18 90
141 167
1 5
79 131
7 14
13 107
20 82
6 89
66 110
112 119
103 140
39 113
14 73
67 106
118 171
84 98
15 137
42 133
72 139
37 174
13 93
2 25
11 168
162 167
4 116
83 160
52 175
116 128
6 102
84 157
91 175
126 130
57 122
93 127
61 169
131 167
21 22
40 142
94 101
2 14
43 72
26 116
36 153
114 123
109 117
89 173
97 114
34 119
81 168
97 170
43 80
107 120
38 85
130 151
64 174
44 139
56 167
12 13
72 125
92 131
12 57
98 147
68 99
159 177
11 46
53 143
70 118
26 65
26 173
114 131
1 24
16 125
43 44
111 179
72 154
76 119
29 44
45 136
55 118
22 74
167 172
70 143
18 138
50 168
73 95
116 153
119 124
15 138
179 156
24 54
105 164
63 118
13 119
7 88
74 169
45 71
136 149
0 51
86 163
47 130
28 88
61 116
61 148
3 27
36 145
78 113
27 149
72 113
43 51
53 91
59 106
64 121
63 174
37 163
75 139
33 87
2 161
126 136
50 82
54 179
90 132
4 129
179 41
62 133
67 84
23 133
48 65
36 75
73 86
56 97
37 89
111 160
26 61
29 61
62 96
92 116
35 86
13 97
12 133
48 119
15 63
70 154
19 140
41 97
15 58
83 178
152 154
55 97
48 69
70 114
53 96
82 160
41 90
27 78
152 178
161 167
117 177
77 119
36 107
56 165
4 39
9 61
11 108
66 95
24 161
72 99
113 166
10 66
64 157
30 48
67 87
0 103
59 134
45 80
79 129
127 171
132 159
3 12
61 159
3 73
13 109
13 54
16 44
53 75
38 87
4 29
111 162
24 147
139 173
40 145
39 40
86 105
48 164
61 75
47 163
8 64
44 157
66 96
81 154
24 93
52 158
80 154
96 136
8 48
30 81
103 105
93 117
93 97
72 142
72 121
1 154
18 174
14 85
24 42
178 153
9 65
95 122
146 153
70 85
49 177
18 39
144 155
102 163
21 32
36 179
33 105
92 173
174 176
2 172
29 56
85 127
77 114
60 168
65 111
67 125
125 158
9 160
50 178
179 33
51 59
21 147
59 177
43 146
154 169
0 7
78 162
44 177
69 146
45 48
150 178
46 129
32 176
29 160
87 116
64 80
4 10
41 144
39 158
101 146
150 161
46 50
1 170
77 161
57 145
9 131
126 148
76 99
8 142
71 136
137 171
20 96
51 165
24 51
36 118
1 60
78 81
119 147
151 173
44 115
23 27
55 83
7 140
70 94
97 115
53 74
11 118
31 133
104 118
37 111
88 105
139 151
78 85
1 143
99 153
30 109
3 96
51 139
19 31
179 56
55 148
48 161
104 108
35 93
66 169
20 139
78 153
84 163
65 70
15 139
62 68
38 163
32 55
131 175
30 45
24 26
47 121
65 147
131 155
62 88
100 164
26 148
27 94
65 98
18 165
32 95
36 156
9 168
8 85
21 104
75 86
71 161
43 171
105 161
4 25
75 92
171 173
70 91
46 108
7 29
44 179
12 71
30 129
136 176
13 36
82 149
71 114
93 139
21 134
1 131
26 80
92 94
49 127
155 170
69 72
0 9
36 105
20 61
12 97
94 140
21 50
28 76
75 141
57 175
179 76
103 130
110 176
6 24
6 149
75 174
102 132
69 88
35 64
17 103
10 175
58 131
25 167
100 151
86 110
14 108
87 110
43 62
5 128
17 143
12 52
74 175
3 60
141 163
86 153
98 145
18 20
78 104
28 57
15 119
94 159
18 63
11 79
170 174
139 144
40 50
93 170
97 113
77 179
23 135
3 146
15 57
14 163
7 154
24 108
93 142
35 92
69 92
3 152
18 43
37 48
143 174
38 114
9 12
140 148
32 85
37 144
53 65
81 83
30 107
91 116
89 156
80 87
111 155
64 131
70 130
30 117
104 155
8 126
3 139
6 8
4 12
53 119
116 158
37 70
31 85
91 121
21 24
44 58
30 53
32 39
34 115
102 173
50 58
51 56
142 179
59 163
54 84
111 136
136 157
58 67
116 124
1 158
37 95
0 45
57 66
54 61
104 106
82 112
22 168
93 99
73 123
162 170
56 147
14 89
21 165
36 103
61 84
26 179
40 95
59 110
61 128
56 144
40 62
2 159
60 89
161 176
119 176
72 94
74 132
64 154
14 55
110 175
43 172
56 129
10 135
19 120
6 58
13 108
48 73
38 139
18 100
55 114
82 136
109 121
111 153
73 174
98 125
134 145
18 111
91 127
58 176
28 75
24 31
18 67
67 70
33 43
56 60
94 111
96 153
124 176
8 139
61 156
32 157
104 177
34 129
62 137
57 102
22 111
88 166
13 85
72 107
135 158
51 162
79 96
66 146
93 174
75 158
73 132
71 151
61 153
60 77
44 141
12 90
117 123
20 115
24 113
134 151
13 144
1 119
26 145
25 40
78 123
36 129
179 124
84 122
43 134
89 148
108 145
73 81
55 94
114 155
10 63
63 175
118 155
131 163
19 175
57 123
36 136
60 114
102 144
43 76
18 106
87 88
117 154
44 133
77 150
38 147
1 106
73 152
112 164
36 50
36 61
91 105
79 80
58 83
16 176
100 108
105 166
75 154
1 42
30 147
109 113
3 140
5 46
15 143
168 178
60 121
99 172
126 162
84 95
29 39
33 149
136 173
53 106
136 142
63 159
55 129
9 127
10 72
3 87
178 124
19 105
99 114
88 137
40 41
131 158
36 74
11 127
23 84
25 67
179 103
134 170
97 130
115 130
63 148
138 144
112 138
83 159
179 157
53 110
179 105
44 159
62 106
49 109
51 73
94 160
37 81
15 149
57 132
129 175
141 158
32 105
81 141
13 71
6 151
62 172
85 115
103 131
179 176
145 148
43 168
14 63
30 131
24 66
26 85
57 110
18 103
65 68
32 150
137 159
101 172
124 154
110 115
12 125
69 145
26 74
65 75
13 79
102 146
132 140
119 177
37 42
14 126
18 116
103 134
85 154
112 115
54 118
78 138
12 75
38 73
81 129
96 175
114 150
8 78
139 172
26 150
26 54
72 166
8 69
54 160
11 70
24 178
15 70
20 80
7 149
92 144
1 62
141 168
67 114
54 79
179 125
71 158
117 156
106 136
25 26
139 164
108 168
141 145
64 139
84 166
41 99
47 155
133 159
116 135
98 133
114 174
82 86
25 61
17 48
68 158
17 67
1 165
32 132
67 146
43 50
159 173
117 134
32 84
15 169
40 59
15 172
179 177
49 77
40 104
111 167
110 160
54 138
44 70
45 77
116 173
105 154
14 51
112 158
70 166
8 172
84 137
18 173
154 171
116 130
44 128
178 16
50 129
57 152
66 72
23 153
112 150
90 127
15 131
9 42
126 137
27 175
15 130
32 112
178 34
77 146
71 171
20 124
59 114
27 167
66 168
160 169
51 152
3 91
79 100
64 79
35 107
41 160
5 48
14 171
142 168
1 140
143 177
157 167
55 156
83 177
12 93
9 29
35 106
39 144
125 128
5 6
178 169
79 160
22 100
40 103
179 96
31 59
70 105
43 91
13 69
78 151
38 69
37 162
37 139
12 145
114 134
92 139
100 168
8 105
137 139
41 107
58 60
5 132
8 123
56 92
29 114
18 125
54 152
65 84
2 16
63 137
78 82
51 118
55 134
8 75
77 87
48 92
86 116
44 142
80 176
179 97
19 133
107 124
15 126
0 8
9 36
41 139
40 86
92 163
22 50
16 98
14 64
88 152
73 79
55 141
133 162
53 93
105 168
63 91
46 128
95 105
16 149
69 171
2 154
90 103
19 87
178 113
119 155
62 156
141 176
64 105
103 168
67 166
26 131
40 65
74 110
20 53
20 102
179 119
146 148
24 173
19 119
12 43
12 127
45 91
106 165
9 56
22 175
142 159
178 37
40 160
124 174
28 69
48 151
22 169
46 143
32 108
38 133
64 177
81 125
69 144
46 120
5 47
108 179
155 166
50 170
87 151
72 114
28 49
110 174
28 79
73 165
126 177
47 122
25 53
81 120
40 119
29 116
73 171
19 48
3 5
53 130
133 145
28 33
62 145
21 39
73 138
51 54
4 28
67 103
35 56
17 141
97 148
63 116
7 47
28 123
6 152
101 109
17 62
76 90
76 142
42 101
23 177
49 92
58 86
14 145
59 108
23 151
8 95
27 179
48 162
178 126
2 167
43 85
16 131
13 176
20 62
105 127
41 162
40 115
33 62
102 156
16 76
163 169
32 81
123 161
178 119
4 142
18 82
13 72
9 60
7 129
178 93
115 118
56 85
115 151
117 124
96 155
50 116
67 177
55 65
77 115
30 135
25 130
59 174
71 82
55 110
3 29
12 23
120 143
69 110
38 116
0 39
91 137
37 172
34 165
74 140
55 127
52 76
44 59
99 158
71 157
124 129
52 54
91 149
37 106
11 26
52 79
86 109
22 66
22 139
94 138
109 148
29 126
84 151
53 163
21 133
111 148
9 105
42 110
96 174
2 165
25 63
119 144
53 169
25 154
41 147
4 20
94 151
71 133
94 123
28 105
32 103
78 131
18 147
5 92
48 175
41 146
1 46
3 17
6 112
2 108
116 140
40 139
27 47
67 155
71 126
96 120
85 114
136 170
95 108
125 144
154 176
178 18
29 128
72 159
23 52
65 144
28 169
22 136
65 123
40 107
13 128
47 65
94 107
44 64
118 164
90 107
35 39
69 93
28 124
74 138
51 79
48 74
58 99
15 121
146 150
98 116
29 73
43 155
60 65
131 149
21 105
1 100
