25 50
144 188
84 103
193 221
96 111
32 162
173 222
43 209
156 177
118 141
16 161
31 126
50 131
48 204
132 148
26 39
107 156
43 221
169 196
86 203
79 150
123 145
82 171
53 185
38 89
18 151
22 65
169 204
42 82
24 124
85 182
76 167
173 213
33 34
119 202
51 115
13 44
4 160
72 78
21 118
22 111
80 98
9 202
72 99
82 164
23 51
136 222
10 64
3 15
104 113
42 194
143 147
7 50
47 185
96 223
42 99
15 118
75 114
167 172
33 194
122 195
53 67
121 178
65 68
9 36
76 180
1 4
1 109
11 151
63 148
53 111
67 136
82 217
138 170
6 116
38 188
130 219
44 189
129 200
130 159
98 110
105 110
105 174
101 155
55 167
16 136
113 115
94 95
55 173
10 31
15 30
91 161
169 171
112 202
25 77
15 193
6 57
56 189
52 185
102 177
34 196
221 20
5 40
7 213
3 105
23 86
184 194
60 69
145 182
95 150
87 183
42 150
75 142
36 101
4 112
16 28
117 173
67 181
200 204
11 63
5 32
42 136
35 89
37 171
83 143
64 203
20 89
52 177
102 139
33 78
42 187
18 204
39 143
98 131
40 172
66 79
71 181
223 8
22 93
174 191
30 132
141 199
65 96
12 43
35 85
88 153
12 26
1 157
67 79
102 205
46 163
28 61
51 164
132 192
83 211
91 121
73 191
29 75
205 214
4 188
31 45
76 211
223 77
83 216
32 114
105 185
77 218
71 140
9 40
99 119
46 148
104 130
14 221
18 222
19 92
136 201
49 59
78 110
28 132
178 211
52 200
69 125
27 210
62 174
60 117
19 169
50 97
83 197
141 177
24 118
29 60
30 162
64 135
43 56
64 71
70 136
3 73
67 139
65 105
64 83
71 136
1 99
54 126
84 207
45 210
94 120
12 186
164 190
40 224
179 217
146 149
158 198
59 173
52 218
116 221
33 178
21 220
222 113
144 180
31 80
19 55
58 186
24 94
141 184
85 93
124 133
73 214
16 190
126 218
19 143
48 112
65 180
60 166
113 121
0 48
81 208
13 32
25 188
22 140
68 189
42 206
175 187
65 114
144 211
216 220
18 49
38 65
109 206
31 50
59 67
52 192
133 177
92 133
27 173
135 215
46 169
7 62
207 219
104 134
18 107
25 48
48 53
21 106
117 134
119 169
153 184
107 173
0 134
162 190
19 142
66 145
68 102
222 171
86 98
7 200
74 192
157 169
56 206
59 213
80 207
224 33
86 181
73 99
157 195
66 97
156 184
36 195
33 96
25 152
122 130
135 178
75 76
133 189
154 180
29 155
88 164
28 214
17 186
86 221
39 220
142 162
20 160
36 87
15 141
87 129
34 46
103 122
4 205
64 152
28 162
172 206
116 149
104 168
68 86
87 135
128 215
222 87
8 88
102 169
12 193
48 49
43 77
27 164
149 157
2 128
106 143
5 144
118 132
98 160
44 185
127 206
11 73
55 165
12 174
96 115
32 78
74 200
55 199
60 182
39 182
13 115
167 197
110 112
51 80
139 142
27 81
47 139
23 168
224 103
135 193
78 79
71 95
29 42
114 177
108 198
82 85
165 185
39 136
73 142
54 65
96 153
3 195
38 132
13 75
168 205
144 192
148 180
7 108
47 166
190 206
3 25
38 84
35 106
154 207
50 104
4 78
0 66
91 180
175 214
205 210
135 147
66 218
202 215
66 212
10 123
68 95
47 61
14 122
20 22
88 123
7 11
139 179
10 24
65 159
55 79
70 190
57 88
43 63
153 205
99 132
4 48
76 178
0 123
63 223
60 133
84 174
116 179
31 221
20 186
116 200
42 66
113 165
40 57
0 161
125 143
17 70
178 216
180 186
5 31
222 19
24 172
161 174
16 93
10 107
39 162
223 154
64 91
6 19
24 100
161 182
27 117
27 43
27 48
137 176
98 197
174 208
90 100
39 54
86 101
32 170
157 186
219 224
113 221
174 177
15 169
25 145
14 159
36 134
9 209
51 176
52 137
61 111
59 112
0 70
223 183
118 217
63 142
6 152
149 188
221 153
18 188
32 171
38 180
110 161
69 129
115 134
92 155
5 196
4 90
34 80
53 182
222 1
65 145
19 202
148 152
186 214
14 79
12 105
73 159
64 65
60 112
76 86
77 81
160 195
131 148
53 70
71 114
89 168
221 198
26 61
8 194
31 198
35 204
144 212
114 201
4 168
110 123
30 75
44 194
146 178
185 209
176 222
57 202
108 161
138 218
27 215
151 217
132 133
112 201
38 55
62 179
125 218
140 208
98 144
146 154
67 193
46 176
105 224
194 212
84 170
101 198
38 110
35 39
69 89
224 46
129 183
56 59
123 169
109 180
56 202
223 107
15 39
34 130
134 167
40 56
152 153
71 157
193 197
172 192
202 210
47 121
54 82
61 168
126 207
99 176
18 173
53 146
2 33
45 101
117 181
205 215
67 147
62 137
223 69
41 138
126 168
97 107
108 193
194 216
123 157
6 114
57 94
168 181
127 133
24 84
140 164
38 97
91 111
44 213
2 195
134 177
51 221
45 90
37 122
57 173
105 141
44 155
42 220
203 211
158 195
93 214
105 181
1 29
58 119
163 187
101 206
18 87
196 219
25 103
99 134
1 161
27 109
89 91
69 200
3 85
84 161
61 74
129 218
63 125
25 139
75 135
30 186
94 130
135 192
69 101
46 187
28 184
30 121
51 149
7 177
120 182
223 118
222 164
68 150
54 111
180 208
24 32
103 167
71 210
222 145
37 155
15 113
40 60
54 205
89 201
19 114
50 86
139 182
114 157
17 28
108 188
21 86
54 136
38 203
71 98
56 162
27 153
74 214
51 102
94 172
37 55
11 150
159 197
73 126
194 201
7 121
61 95
168 183
16 191
51 130
135 171
100 127
11 59
115 189
12 23
177 212
39 183
8 52
38 54
136 194
21 201
108 194
37 169
224 2
4 86
21 170
48 215
124 140
27 154
117 209
98 113
5 189
78 199
76 94
46 178
43 74
97 106
7 38
21 192
30 67
99 136
65 150
80 136
3 202
42 118
26 51
16 118
144 177
19 96
82 137
43 148
7 115
143 202
14 209
83 157
127 168
11 153
82 189
48 174
122 133
68 123
62 203
119 123
111 133
32 108
50 54
7 130
34 214
30 144
87 179
144 146
134 135
148 179
101 145
205 212
206 217
57 96
59 190
1 76
12 140
6 29
66 189
95 195
91 141
71 91
165 180
83 123
58 150
26 73
134 159
156 205
118 165
7 158
51 62
18 210
74 98
118 154
165 189
190 219
14 139
46 216
6 90
18 202
55 216
61 172
143 206
82 180
44 192
68 143
9 35
107 120
106 151
36 145
111 198
31 103
60 71
86 169
151 213
96 157
50 128
154 174
32 103
3 19
13 143
84 192
22 172
165 207
63 224
207 209
15 66
164 170
23 120
111 181
104 105
175 215
11 74
223 24
146 150
106 223
91 193
115 138
160 170
174 186
16 208
106 172
223 160
156 185
94 140
13 181
57 196
117 177
11 215
111 170
71 133
9 96
136 170
131 212
224 88
31 67
77 160
53 134
140 197
87 176
6 195
27 82
22 209
20 109
93 134
62 187
8 108
51 96
224 52
185 207
222 150
6 12
28 197
58 138
128 179
82 89
9 95
74 206
79 94
8 208
13 213
152 157
48 77
18 174
172 208
41 151
67 222
117 118
160 171
54 100
26 206
133 159
14 168
125 176
48 213
89 98
18 133
64 212
221 216
128 145
80 216
54 203
133 161
153 209
5 118
50 92
118 164
144 220
91 113
103 181
57 117
36 188
100 154
136 153
32 200
60 178
33 154
5 33
83 169
47 81
74 175
15 186
25 49
223 141
28 137
97 224
87 123
3 54
223 197
44 72
62 214
94 110
97 190
97 171
63 90
36 192
60 153
43 108
223 182
128 197
79 91
94 162
136 206
101 182
89 106
52 208
2 109
120 148
20 46
23 179
7 151
9 45
69 165
117 224
5 7
112 192
16 75
130 168
87 98
12 201
130 149
117 141
205 217
67 195
49 60
41 102
29 150
27 35
118 123
20 27
70 110
2 178
36 189
41 109
135 220
37 196
0 120
95 121
48 203
211 221
130 210
100 114
20 99
1 21
150 153
135 149
38 212
61 85
22 77
88 129
40 119
87 121
25 32
4 95
26 220
22 164
44 219
137 157
33 86
59 168
70 131
190 223
92 172
28 159
26 42
77 128
14 44
30 47
9 38
223 192
38 169
76 93
82 136
11 208
54 86
76 162
74 162
92 149
18 180
75 188
90 126
35 100
57 75
51 154
64 119
62 196
44 98
207 213
27 54
40 70
63 116
42 153
73 119
45 93
104 162
127 134
84 114
88 175
128 144
126 222
32 165
30 207
48 206
103 138
113 166
8 60
205 211
199 218
9 85
34 208
92 128
59 118
113 205
125 132
3 112
67 157
45 117
5 171
58 207
21 116
122 155
30 115
5 68
221 77
118 172
88 186
27 133
93 100
1 37
22 167
128 160
64 164
115 155
28 128
35 210
68 176
18 31
66 187
24 191
133 204
26 106
54 195
97 141
63 203
159 173
176 198
12 124
31 123
52 202
222 95
133 139
60 177
35 63
46 98
70 193
12 144
224 44
221 222
42 131
10 29
121 206
89 175
67 150
223 41
112 224
60 80
38 207
83 151
184 213
0 68
103 113
74 89
90 194
49 70
26 78
27 108
23 100
152 180
109 121
75 162
57 180
34 55
41 65
159 195
92 105
57 147
156 167
26 168
90 183
42 183
7 47
75 179
6 167
68 81
18 205
40 132
5 99
47 80
23 208
89 163
36 199
21 205
46 96
53 104
24 131
168 187
57 188
81 157
90 101
91 156
68 182
223 113
146 157
23 169
48 173
109 164
71 180
189 220
41 96
106 134
123 189
34 168
91 132
55 204
26 79
27 78
116 167
91 145
42 103
43 214
177 213
44 183
98 155
48 185
32 60
33 179
62 190
109 129
34 136
21 57
190 196
20 28
62 177
61 81
88 93
1 123
106 213
183 204
55 161
59 61
57 218
196 207
47 101
63 102
42 121
152 156
31 182
112 187
77 177
180 183
116 211
5 175
125 223
73 100
85 209
56 142
25 150
185 210
37 97
83 94
223 157
96 155
161 169
112 176
76 126
168 182
67 151
75 214
31 53
38 62
42 142
28 153
47 112
134 194
50 172
37 68
19 157
44 206
95 120
77 153
209 215
35 88
15 155
91 205
42 46
180 190
41 215
122 206
20 102
150 177
165 188
61 165
160 193
2 160
14 215
21 69
51 206
78 91
5 117
40 52
112 212
24 120
33 177
65 161
5 107
0 97
3 150
79 169
222 79
84 140
141 143
22 132
7 61
62 69
68 119
96 197
36 147
73 120
30 176
114 181
22 131
62 220
57 205
26 103
43 90
43 160
85 99
2 65
33 76
19 29
3 196
131 170
224 120
182 193
162 181
30 111
24 154
114 207
54 208
92 218
222 53
223 15
4 67
58 191
18 116
75 139
90 160
81 182
166 208
50 158
46 108
18 189
174 187
102 204
22 91
39 149
78 81
53 99
55 66
3 175
222 224
167 184
114 172
179 220
45 100
10 222
23 175
73 77
74 93
102 171
50 116
33 192
100 135
25 125
224 206
76 174
30 94
40 222
81 180
22 53
209 220
213 223
7 41
7 37
20 200
0 215
99 148
15 171
47 188
48 123
44 195
41 66
18 224
127 136
44 204
63 88
68 157
22 116
72 113
118 130
37 211
72 190
31 220
104 176
150 169
67 208
3 205
59 209
53 170
221 173
37 48
221 203
24 91
41 165
1 147
161 192
185 208
67 102
54 181
122 185
19 60
129 191
224 196
2 90
197 215
103 119
91 159
78 131
24 159
206 208
18 100
157 160
95 116
3 206
85 144
93 160
9 19
63 115
84 211
183 224
55 214
101 134
10 119
33 91
16 174
33 98
111 222
71 83
53 95
78 142
142 165
17 35
32 87
12 165
124 198
2 217
99 149
135 203
67 166
20 45
27 100
37 113
160 162
116 191
62 96
162 194
37 93
142 208
135 200
43 155
71 128
37 119
126 148
28 158
105 219
146 176
194 206
61 128
19 185
60 158
7 192
3 103
132 142
19 193
87 169
62 156
103 198
61 90
100 205
133 158
41 131
65 126
28 166
40 53
185 204
48 187
15 132
34 133
35 148
125 127
221 159
99 186
32 64
111 142
99 167
4 53
143 198
44 53
63 207
118 197
46 134
105 147
75 159
21 171
103 131
105 161
82 224
132 190
175 192
69 188
72 112
54 213
13 186
20 75
81 94
8 162
199 219
142 204
52 178
177 224
47 170
183 208
29 30
127 142
64 145
153 216
0 34
172 222
9 186
182 185
130 155
190 220
13 93
223 36
124 217
115 211
4 28
4 82
0 131
147 212
16 108
130 157
77 121
77 184
1 11
37 116
17 94
54 190
38 124
26 187
52 193
95 123
39 107
0 23
54 67
59 215
55 146
70 221
43 57
95 180
127 173
5 184
81 189
111 191
166 202
24 133
4 47
51 155
5 204
58 112
159 177
138 141
25 27
125 201
70 145
9 50
5 209
135 175
174 194
68 134
15 43
0 147
124 207
45 102
33 180
106 107
224 185
104 212
4 158
70 212
83 180
117 133
222 105
157 183
77 210
158 216
36 108
93 121
97 167
10 167
111 176
161 163
97 104
67 110
96 214
121 131
121 220
95 138
221 177
69 136
5 199
111 119
107 139
7 105
36 61
43 69
147 165
97 128
107 183
22 49
42 104
99 130
6 72
24 161
51 136
83 145
80 150
42 197
103 208
93 221
148 222
100 181
65 116
9 51
63 162
61 218
78 219
106 205
72 210
170 184
49 88
126 173
103 213
2 132
120 158
24 108
64 77
4 215
182 217
94 223
105 204
134 191
59 115
129 173
13 104
54 119
55 220
222 147
144 182
21 198
28 90
72 73
20 158
127 194
55 198
10 102
118 213
86 215
167 175
75 138
132 222
125 144
126 133
17 47
126 137
10 17
40 198
24 58
105 142
2 68
123 149
176 220
52 164
136 200
63 77
7 48
221 143
110 144
117 176
56 72
77 98
3 109
113 173
93 126
11 224
68 152
127 207
23 44
69 149
97 102
99 213
9 46
67 218
132 164
89 205
166 174
47 203
105 217
139 159
19 79
157 221
12 25
106 202
112 124
19 46
29 88
52 66
11 75
58 89
78 88
60 85
107 201
61 137
134 213
175 216
8 152
60 219
105 197
9 77
9 13
24 144
45 57
95 224
62 135
39 198
70 87
56 172
88 156
41 154
92 178
39 104
140 187
102 189
53 139
58 212
68 218
42 62
68 187
97 218
152 201
15 184
20 64
20 150
82 206
184 199
47 146
171 213
101 202
162 168
25 163
61 105
150 167
13 89
44 134
20 40
91 122
98 134
90 209
38 45
103 153
8 167
18 106
221 209
55 102
144 154
130 138
29 79
82 112
13 152
5 127
1 80
92 130
51 148
24 146
114 140
107 137
144 161
120 125
108 164
80 93
84 159
55 80
67 221
42 165
10 55
81 181
77 173
62 64
56 218
141 179
12 14
3 10
9 32
31 112
81 188
39 193
1 143
90 151
167 221
48 142
191 194
44 74
73 94
40 54
155 218
115 194
129 147
171 221
121 224
105 109
131 195
167 214
72 170
181 201
14 214
111 126
5 203
31 143
79 173
75 126
106 146
22 222
72 128
211 223
121 163
24 188
21 199
75 94
124 184
85 138
129 214
52 111
80 110
92 141
142 182
192 208
130 223
74 83
5 172
170 200
110 201
72 94
48 137
129 197
48 198
94 220
56 173
170 198
25 70
47 155
47 145
152 187
43 197
6 59
118 175
25 213
14 146
15 64
91 168
29 206
125 139
189 209
94 105
72 172
27 47
0 223
49 189
110 209
41 63
92 169
33 138
140 141
26 198
100 137
27 155
46 88
27 32
104 215
91 213
56 214
39 98
115 132
151 221
76 89
34 99
13 102
78 200
31 210
142 184
18 57
12 27
64 150
59 130
158 169
36 176
23 56
30 203
182 194
122 212
115 162
87 128
30 44
191 200
182 210
74 99
17 58
89 219
179 207
19 154
31 175
36 139
46 202
58 99
36 150
148 154
113 120
7 167
56 200
155 183
70 95
81 169
26 152
6 174
127 129
3 108
100 105
133 213
149 213
85 222
153 204
112 177
51 117
187 223
8 33
5 86
82 119
107 179
69 197
122 187
222 96
4 198
38 44
86 159
181 199
108 206
9 71
50 151
51 65
128 131
6 92
31 152
133 157
45 202
223 179
29 139
221 174
39 88
27 52
154 197
56 205
79 126
222 68
106 192
39 118
127 208
97 172
43 120
90 220
92 93
15 16
60 151
104 109
185 192
13 87
74 219
181 187
51 74
63 212
100 132
35 73
112 154
49 163
106 183
39 163
84 217
42 47
139 205
39 179
7 16
141 191
16 141
14 74
115 139
7 17
1 196
3 207
28 35
140 205
58 66
55 208
83 171
74 97
106 157
13 68
64 102
95 96
31 199
46 67
174 204
120 212
74 75
92 96
222 4
40 155
9 119
25 83
110 212
62 125
112 140
101 142
12 195
4 155
37 205
48 138
91 219
131 141
56 138
21 48
3 138
2 28
47 69
30 62
195 222
65 104
108 165
189 192
83 205
10 95
73 193
59 113
144 173
13 88
146 173
27 207
94 217
43 132
83 213
43 126
156 175
11 175
5 60
109 200
96 152
21 180
89 206
127 145
129 145
22 185
127 171
120 173
188 196
27 221
53 82
189 212
47 110
64 67
22 178
99 103
109 193
118 162
12 99
25 146
76 219
70 74
46 168
74 146
14 165
11 192
69 147
114 184
38 87
160 187
25 209
103 133
43 93
168 199
9 25
32 169
160 177
9 111
216 224
222 106
0 211
66 126
126 202
222 92
30 72
189 196
100 165
1 212
97 114
6 47
118 128
145 164
130 172
40 148
96 121
162 182
182 188
82 159
152 192
13 67
23 210
104 132
50 83
221 127
11 147
23 83
51 134
85 126
27 209
52 171
3 194
222 203
167 220
12 44
44 152
17 44
131 172
68 97
2 67
23 129
138 159
223 127
153 174
12 164
8 141
14 50
46 73
223 162
92 207
24 46
107 163
158 194
105 205
82 165
23 198
6 115
122 193
88 149
170 204
75 100
109 211
111 116
79 172
30 167
222 140
18 178
11 172
62 211
102 138
119 171
136 160
116 209
132 158
81 134
41 194
179 204
204 209
48 74
42 112
16 31
48 80
73 178
5 123
28 168
61 192
78 192
96 171
77 189
111 214
19 68
45 137
38 221
138 224
73 205
74 114
32 73
41 171
64 68
43 150
107 178
35 155
43 117
8 78
68 135
23 62
57 69
87 100
148 198
95 160
53 100
33 51
11 161
166 178
22 25
129 222
107 127
61 196
23 193
89 111
50 107
16 133
151 190
86 87
42 127
169 215
13 155
95 169
34 65
120 149
42 151
153 219
124 159
106 132
79 199
12 103
14 140
43 58
62 164
2 118
70 209
147 210
72 205
117 148
11 18
13 123
91 135
140 153
1 103
8 156
86 204
21 128
49 158
121 150
92 150
51 174
130 133
58 194
64 103
8 100
27 36
42 63
70 127
140 149
31 38
69 79
41 158
124 146
7 123
165 200
56 69
29 224
35 87
7 100
47 173
63 172
85 179
11 57
82 139
24 65
170 175
44 154
44 64
136 161
82 116
24 30
212 221
39 90
1 34
37 88
84 131
68 201
162 198
153 161
11 50
17 124
113 163
90 166
83 204
81 220
61 161
77 217
91 154
26 190
221 54
1 3
81 162
146 221
71 153
6 170
43 133
47 143
44 222
138 171
17 167
94 204
20 47
126 145
46 100
28 106
6 22
67 165
120 134
105 186
27 67
9 73
27 84
156 204
122 126
87 172
20 196
46 52
76 124
60 92
47 215
49 201
48 149
0 187
221 161
137 169
112 220
0 190
170 209
58 172
5 96
33 212
97 131
27 121
174 217
13 176
208 223
123 170
8 180
57 203
0 107
144 165
57 171
1 77
55 124
106 201
127 169
125 179
61 143
143 200
3 89
197 216
3 27
16 210
164 187
20 145
157 206
122 146
90 132
163 181
143 187
33 54
182 200
97 222
20 204
90 98
68 104
48 224
2 58
84 93
127 195
163 180
36 142
44 76
35 209
121 151
76 190
30 181
40 152
139 144
160 211
125 158
14 147
33 50
4 187
100 220
152 203
7 63
45 64
2 105
47 60
102 121
140 201
131 136
55 151
27 127
39 196
141 173
150 157
41 185
40 134
127 214
31 184
119 139
99 147
87 106
73 150
135 167
107 190
187 200
20 60
98 167
162 200
183 186
107 129
1 33
135 210
75 167
95 149
113 211
3 44
117 220
113 203
61 107
222 27
40 110
83 139
86 200
119 130
49 79
186 201
25 39
10 158
68 99
42 90
29 67
77 107
113 155
13 141
142 201
153 163
69 123
11 189
188 222
70 203
79 108
63 87
51 184
122 132
221 24
117 216
65 169
116 168
38 79
102 206
105 165
110 128
49 65
21 169
115 151
32 128
161 202
113 176
12 91
21 204
42 86
46 213
52 97
32 184
9 206
72 218
61 152
56 98
79 145
73 107
59 70
153 158
73 199
25 177
49 117
68 172
84 107
33 204
19 23
106 173
45 85
66 104
48 79
91 92
12 126
153 191
59 142
18 27
178 200
10 133
49 78
38 59
119 161
200 213
180 213
55 123
110 124
140 178
103 196
72 201
5 131
54 167
13 119
92 118
193 215
95 136
64 76
46 95
28 33
114 205
62 176
128 130
3 214
39 50
9 167
46 103
120 139
183 189
33 167
67 81
71 115
5 173
224 15
25 140
95 114
132 215
37 98
87 161
64 136
93 203
137 223
221 147
131 221
11 52
210 221
32 154
84 168
102 106
95 97
120 142
53 186
102 149
192 199
7 114
119 166
39 210
5 94
18 192
100 216
32 146
64 129
123 222
119 210
7 139
223 98
159 222
37 57
170 179
26 40
150 214
19 147
110 129
95 148
24 103
53 148
107 209
112 180
129 194
140 195
119 224
93 215
3 136
170 217
122 140
140 196
60 156
16 131
113 219
81 158
122 147
221 30
114 122
134 153
26 82
132 184
33 53
5 181
79 171
63 137
118 209
2 51
20 124
223 86
27 41
56 90
117 121
72 90
69 157
171 203
11 123
13 135
34 220
73 105
111 117
26 32
38 173
67 94
222 197
101 158
209 224
56 174
132 137
76 209
79 93
54 85
97 143
94 132
135 191
115 170
41 74
44 175
15 143
105 119
68 174
11 53
12 20
20 173
82 126
8 115
7 54
22 92
101 125
59 197
84 187
31 102
80 187
76 205
18 50
202 209
32 35
9 34
85 192
77 149
221 220
57 179
14 64
118 182
44 186
64 97
88 172
4 149
70 81
0 33
25 131
222 160
165 173
101 136
53 210
98 191
44 166
90 121
132 181
6 224
82 88
91 215
75 134
45 196
0 52
12 15
91 118
114 162
26 102
168 204
26 162
31 98
70 94
26 84
63 204
9 81
83 116
63 219
41 128
213 220
78 148
10 175
128 193
84 104
1 218
86 88
29 161
58 173
1 217
101 210
17 61
99 153
33 155
224 9
70 175
115 191
48 171
14 210
58 203
107 147
61 204
125 188
18 156
30 32
210 216
18 206
1 134
33 146
65 99
104 180
36 110
3 189
58 102
48 117
155 182
56 67
69 186
197 201
136 217
102 163
82 160
35 131
81 154
108 154
0 88
22 149
136 204
45 135
180 221
184 219
8 101
92 106
19 188
23 154
123 134
62 72
134 170
90 128
4 202
44 124
57 215
65 82
46 174
172 191
127 191
52 125
125 204
217 218
92 147
158 177
24 140
63 215
4 123
153 171
68 71
40 94
25 218
149 216
31 128
154 182
108 200
43 220
134 214
203 206
67 216
111 212
98 162
16 171
45 50
102 208
193 203
14 66
29 92
3 87
107 117
59 187
27 99
11 168
8 96
72 96
28 134
210 224
78 175
4 30
1 96
117 124
61 189
162 172
38 135
157 176
7 84
112 182
12 134
13 126
203 208
112 165
84 224
136 190
134 157
9 122
53 122
38 78
4 44
6 141
224 107
40 123
