70 94
3 73
99 112
53 94
18 44
25 32
9 44
0 69
68 108
119 41
25 107
44 96
63 65
27 112
73 76
16 43
116 115
72 102
43 99
39 59
106 114
116 101
94 104
2 4
119 90
73 80
26 101
67 87
3 24
46 64
104 105
2 3
1 52
34 40
20 66
44 47
104 117
23 31
97 118
2 48
25 113
2 57
3 8
78 97
81 92
6 58
45 58
35 91
56 84
50 69
67 95
44 71
60 102
58 95
52 112
7 119
28 49
2 108
73 113
7 27
42 60
13 32
79 92
5 61
12 19
11 39
7 56
9 98
6 70
42 99
56 108
27 79
5 89
43 96
72 108
49 52
37 91
13 107
31 116
43 75
33 45
27 118
34 62
116 88
26 64
2 102
27 100
11 50
65 92
19 116
16 31
118 9
22 84
27 30
31 86
105 108
33 119
45 102
65 73
27 64
19 35
13 37
30 41
7 15
94 119
77 118
117 36
78 104
24 37
55 64
31 71
39 62
44 61
67 109
30 104
104 110
23 46
3 93
116 39
46 85
116 29
5 58
62 88
119 84
24 45
32 51
25 93
64 119
13 100
93 115
39 54
2 39
45 113
31 38
29 101
67 90
82 106
118 89
90 98
13 36
38 111
28 38
1 75
118 40
29 31
57 77
24 59
45 86
53 104
14 29
25 29
22 74
1 110
27 65
50 91
14 21
12 17
88 112
105 113
41 114
37 71
14 34
5 99
20 94
49 119
45 56
97 109
20 71
17 69
116 0
98 114
46 103
100 113
116 40
71 113
47 64
119 29
7 102
32 79
23 78
14 57
63 114
63 88
17 43
0 57
49 55
87 90
116 100
13 88
24 54
40 95
119 38
17 31
0 25
9 88
11 52
79 110
44 107
17 33
73 107
30 92
49 88
37 40
33 55
25 95
4 111
51 84
54 73
19 99
62 115
64 105
107 110
2 84
57 81
32 67
82 91
9 53
48 93
116 48
8 66
48 66
50 74
29 57
37 98
26 40
21 50
55 75
19 93
34 90
65 83
55 79
6 42
116 17
36 72
17 62
54 112
19 62
42 86
8 54
117 80
10 16
30 106
39 51
12 52
41 64
119 97
46 101
30 71
18 39
73 82
17 53
24 79
48 114
2 54
118 101
58 67
69 114
92 102
36 95
15 73
13 52
74 82
60 114
52 110
58 79
86 102
1 45
15 61
60 98
38 81
21 64
118 36
25 46
65 110
44 112
116 27
12 41
31 111
32 83
26 63
73 97
43 73
70 71
36 107
8 76
13 105
53 91
68 101
70 118
26 110
29 83
24 111
43 112
14 68
17 92
5 31
20 115
63 76
95 115
57 86
35 53
9 116
61 77
4 37
100 105
22 75
34 93
29 54
8 53
71 90
1 22
50 95
65 100
23 25
118 33
36 45
0 50
18 54
87 104
11 81
55 60
46 102
33 47
11 40
34 78
21 81
119 101
32 89
108 114
24 35
41 76
72 85
86 98
3 40
10 33
91 109
27 57
42 44
76 117
2 52
53 114
62 101
25 62
35 44
17 115
95 112
8 106
94 116
88 103
58 98
116 59
10 103
18 22
20 80
46 79
87 106
0 98
4 13
70 106
33 104
34 113
52 60
11 114
14 27
1 83
2 15
44 51
13 54
117 41
52 100
9 81
0 41
