29 106
119 90
111 23
8 58
34 60
16 90
21 104
114 84
11 89
80 92
22 58
35 87
112 18
34 57
51 75
106 64
78 91
106 7
41 47
1 83
20 94
90 98
80 89
20 93
7 82
30 112
41 89
57 107
23 83
115 114
77 87
9 117
26 70
51 77
11 18
102 22
73 83
2 75
10 74
51 89
111 52
34 106
27 64
46 105
113 91
84 107
59 69
6 95
118 50
101 0
22 81
115 64
0 31
49 90
70 112
111 104
69 110
24 41
38 113
58 105
101 98
20 41
45 114
106 58
28 111
3 75
39 54
114 54
41 92
36 85
22 45
28 41
115 3
91 94
75 79
72 108
102 3
100 91
58 93
7 37
13 53
104 28
7 67
14 28
79 109
111 60
41 59
60 114
20 82
37 57
119 107
114 1
119 68
87 114
17 34
112 68
101 92
11 100
75 105
5 42
18 80
9 74
57 96
24 92
45 111
39 61
12 84
113 79
2 119
94 104
73 82
66 78
11 22
118 51
4 79
13 77
109 83
26 92
46 112
6 94
15 24
16 102
1 55
100 75
0 73
58 101
110 85
76 98
10 114
14 37
37 53
50 71
4 39
22 83
87 95
31 89
85 87
100 102
119 96
15 114
105 67
49 109
6 65
32 112
113 115
112 6
73 77
58 104
2 59
39 68
42 45
11 35
105 49
31 43
103 117
48 100
57 65
10 118
110 19
106 63
112 26
78 110
0 87
108 66
15 73
111 31
14 46
25 65
110 12
100 64
25 96
113 36
19 74
62 74
93 94
40 60
53 81
9 49
44 71
50 106
24 82
12 114
107 37
114 50
34 107
9 25
103 93
79 86
27 87
115 107
22 90
100 17
69 96
4 106
60 94
15 40
10 78
13 103
106 62
9 39
29 65
44 118
14 111
102 53
116 11
46 82
52 119
4 95
5 95
25 99
85 88
74 113
45 65
118 82
24 51
75 110
78 112
7 22
81 115
24 115
114 65
48 89
1 41
68 69
105 5
43 66
49 91
79 106
51 60
115 60
12 31
8 87
23 94
67 115
5 24
70 77
48 68
82 101
55 61
2 89
119 89
35 91
109 48
104 82
38 84
7 93
38 97
100 35
19 88
38 106
50 67
35 94
50 100
12 56
28 115
3 31
21 96
100 83
104 61
20 42
54 115
44 62
100 107
3 38
108 34
93 100
49 84
86 98
23 26
51 96
101 38
39 81
110 79
30 107
33 95
25 85
44 66
6 62
64 92
44 108
22 29
20 71
105 92
45 47
83 88
107 29
2 42
24 108
5 58
111 78
1 56
114 20
105 48
17 90
17 63
53 110
56 99
6 115
8 27
33 62
21 87
64 113
69 88
117 24
5 80
100 0
117 70
119 20
108 50
100 115
59 111
106 6
106 51
62 97
16 54
100 27
45 96
6 25
61 113
4 99
57 59
8 13
65 89
57 71
22 118
30 96
56 90
72 82
55 92
37 60
107 35
119 23
18 32
106 100
112 41
118 25
52 56
24 49
8 45
15 101
117 111
37 117
100 57
18 113
25 73
30 83
32 77
38 43
27 30
109 23
40 118
49 116
37 73
15 90
101 68
21 102
103 50
1 82
40 71
5 32
115 55
89 115
110 23
20 96
7 10
112 27
28 101
21 107
59 76
17 42
4 19
104 24
10 94
68 86
74 90
2 115
100 14
101 89
42 48
78 87
14 40
99 111
30 73
107 3
109 38
12 79
32 87
27 97
64 75
42 102
35 71
47 107
50 83
21 52
6 83
20 44
62 92
71 97
109 103
98 119
12 82
105 80
34 86
20 37
91 110
38 105
102 88
38 64
105 95
56 111
30 56
13 40
110 64
12 45
25 75
51 114
118 43
94 117
35 101
24 106
23 43
8 74
18 106
117 59
106 80
5 26
87 91
38 59
37 59
34 68
50 119
53 79
47 74
63 81
111 73
16 89
50 102
2 30
54 117
115 94
110 80
108 117
24 71
71 74
110 63
100 54
10 111
10 63
14 34
12 33
65 116
28 59
102 76
65 110
117 73
9 76
74 94
79 95
13 50
23 93
16 25
4 47
52 64
45 53
97 113
109 77
26 34
56 105
56 65
118 28
110 81
107 2
57 76
112 15
60 98
25 100
116 2
54 93
15 19
77 111
20 99
19 23
108 49
22 114
12 49
27 105
8 86
4 24
2 51
74 109
33 114
7 65
102 36
79 117
60 77
41 46
59 82
4 30
57 103
25 47
21 77
119 35
26 79
113 88
12 101
26 41
15 107
41 91
43 50
72 111
79 84
14 74
40 82
3 113
30 95
26 96
11 103
64 78
60 74
38 55
26 37
85 108
48 103
5 15
109 31
70 72
14 99
36 68
118 81
79 94
95 119
93 104
72 98
47 80
14 78
102 23
102 12
115 21
42 53
54 112
95 110
82 89
33 81
46 72
61 69
51 58
74 81
62 103
39 92
53 91
116 85
57 95
33 116
50 65
1 28
117 1
14 18
5 50
3 80
55 81
47 104
34 109
104 0
64 84
91 119
118 94
53 67
27 43
68 70
3 55
7 117
118 84
38 94
108 65
102 37
9 115
28 46
39 43
20 28
51 74
24 84
104 10
17 30
22 74
32 106
2 25
104 6
70 110
109 6
22 80
60 100
110 68
54 108
16 43
54 116
46 87
53 56
107 44
41 94
5 104
41 67
16 108
107 27
59 65
36 101
46 89
75 98
0 65
14 104
20 68
25 67
8 119
25 117
116 63
104 92
18 101
100 46
76 119
9 80
24 118
38 90
31 95
109 21
37 97
118 49
50 117
39 80
103 71
111 93
3 5
3 58
112 99
65 99
17 111
6 61
111 21
29 112
107 4
83 95
106 21
102 83
63 79
68 98
59 71
111 9
57 85
0 113
113 1
49 107
60 79
38 65
4 97
18 75
9 29
69 106
100 3
38 60
64 116
112 31
64 87
88 114
68 76
18 72
110 77
28 74
20 85
60 63
114 56
7 34
47 94
45 59
27 95
42 77
63 70
8 79
117 43
63 101
76 97
0 86
103 33
38 70
58 111
32 115
26 60
84 113
16 116
38 111
111 37
16 56
12 106
105 113
2 50
40 99
115 7
113 57
106 45
8 109
29 86
72 101
1 6
19 31
107 23
76 87
98 116
39 75
10 62
101 42
74 119
116 14
60 75
28 57
40 90
48 92
71 88
14 29
106 42
14 84
110 100
19 70
104 31
22 36
42 81
39 115
113 44
115 17
8 41
44 80
4 34
25 63
108 36
114 72
51 65
57 86
106 77
48 74
12 59
80 87
85 100
117 34
65 92
66 115
10 27
60 92
15 88
75 89
53 69
43 57
34 71
61 102
101 100
115 11
42 93
21 49
35 68
104 53
11 108
100 99
18 92
100 29
4 73
4 100
112 45
0 59
26 43
1 88
38 75
25 106
45 69
44 64
18 117
110 90
24 66
110 96
0 29
49 93
102 49
114 76
56 116
107 117
13 114
115 97
37 82
58 67
27 86
108 6
0 91
9 47
112 34
12 99
26 38
34 83
68 96
113 86
4 85
46 61
9 77
51 70
51 66
34 62
14 117
16 51
15 97
10 33
111 25
11 26
2 77
14 77
26 72
38 110
51 99
114 111
8 56
78 80
69 119
76 86
4 45
6 72
106 2
39 70
0 54
27 41
36 105
15 62
20 69
22 97
22 113
98 112
62 86
114 53
61 105
18 76
54 61
48 52
30 88
116 89
29 53
18 56
36 60
33 76
5 29
105 44
119 19
9 17
30 38
101 79
23 27
6 87
21 65
27 58
11 61
26 113
21 31
45 62
107 58
9 99
19 79
10 81
13 94
6 74
119 11
62 65
79 102
101 80
107 68
108 46
119 10
97 103
55 95
21 82
39 45
6 47
101 95
16 29
32 101
94 107
12 62
69 98
104 80
16 86
20 73
26 93
115 98
17 36
51 103
113 60
10 59
90 107
99 118
109 118
88 95
63 67
29 91
55 107
1 110
6 63
20 103
32 72
25 81
18 67
113 67
104 26
107 83
39 90
37 49
106 92
6 24
55 114
40 98
56 71
5 99
112 56
15 61
113 5
54 89
37 90
105 35
55 87
102 109
53 66
12 50
18 65
14 110
42 85
104 69
111 84
22 31
103 19
11 16
42 78
77 108
20 101
68 116
49 78
17 60
20 88
119 16
62 94
13 45
28 65
58 60
8 65
70 109
91 92
18 26
65 95
45 57
21 25
10 47
33 53
106 55
