75 47
13 66
48 72
73 34
36 72
12 46
6 28
38 51
1 25
76 32
63 42
64 26
14 32
64 47
76 10
2 65
77 42
70 60
8 10
8 26
65 35
13 35
4 45
26 71
17 19
7 58
20 77
67 23
69 49
61 43
6 75
58 77
35 48
16 22
10 12
11 78
63 43
18 41
20 47
24 67
52 46
6 30
61 55
13 20
34 55
76 26
3 63
1 74
1 24
77 41
22 42
58 18
10 73
12 30
31 64
67 44
62 9
24 72
4 32
33 40
74 45
76 6
26 45
57 50
15 79
11 42
11 15
43 47
31 77
75 13
64 24
6 33
35 57
1 14
77 40
19 47
10 35
57 22
19 60
48 74
55 2
71 48
41 52
67 45
53 42
58 28
28 79
51 67
17 40
31 36
79 32
60 71
67 5
25 43
0 19
11 50
0 13
24 74
65 34
24 60
44 52
62 12
45 56
41 67
1 64
37 49
30 52
12 51
58 32
48 57
14 49
6 61
57 3
51 64
72 16
1 54
1 70
43 78
26 51
67 29
69 19
39 71
35 39
26 57
19 35
24 33
51 45
45 66
62 35
24 50
2 63
21 50
0 35
9 17
64 15
67 43
60 59
21 63
42 68
41 48
45 64
50 18
15 59
39 62
11 69
41 59
68 57
18 72
18 70
2 32
76 25
73 29
69 27
52 72
5 34
14 31
65 9
60 7
19 33
16 75
46 65
32 69
55 49
6 48
2 14
76 33
1 30
0 67
3 78
70 22
68 73
8 38
6 44
56 40
59 42
66 48
30 70
33 72
73 27
62 27
61 45
8 34
41 78
8 9
54 32
71 1
22 62
23 27
63 79
21 57
27 78
24 63
17 31
4 25
2 24
17 71
59 34
59 51
40 74
67 77
16 45
58 21
39 73
5 33
50 46
55 8
25 54
75 46
9 60
40 70
62 13
70 6
0 42
41 70
59 76
25 72
54 5
0 43
25 73
12 45
55 21
58 15
73 57
23 66
73 64
12 48
13 48
60 39
59 67
33 36
18 49
31 79
64 50
13 37
68 23
52 68
73 32
37 59
78 5
53 22
65 74
11 22
19 27
5 8
78 8
15 19
60 40
72 65
6 8
5 18
37 51
4 67
11 64
29 59
32 52
34 68
75 23
13 44
78 1
66 10
73 70
52 0
27 66
27 67
64 52
63 30
71 27
10 19
18 22
5 26
19 22
38 75
26 73
77 2
51 75
68 14
57 17
26 62
27 28
7 61
64 46
18 74
22 41
67 54
30 48
57 14
59 49
25 77
34 64
70 62
45 60
17 36
2 9
19 20
23 50
64 37
76 22
62 14
72 20
62 57
4 27
17 32
70 61
13 53
79 42
42 72
49 57
36 77
20 79
3 72
0 16
46 48
35 52
79 5
56 44
63 45
19 29
6 38
0 47
19 40
10 42
22 52
57 42
27 74
77 33
43 68
33 48
37 60
39 78
63 5
59 58
50 8
79 35
30 73
54 51
24 68
59 78
31 37
75 28
21 33
19 21
6 31
73 55
28 76
10 58
6 43
27 56
52 58
33 68
1 75
18 71
22 75
74 10
16 46
25 39
25 26
14 28
62 19
19 46
42 62
38 58
70 26
19 48
65 0
75 67
56 20
54 22
0 39
4 16
17 51
15 18
39 79
68 20
65 1
0 46
51 47
64 58
77 43
68 4
42 64
27 51
73 3
41 54
22 66
1 67
5 14
5 52
44 79
54 7
58 4
55 23
43 74
18 40
11 61
34 76
24 58
45 49
20 59
74 49
42 65
74 57
14 20
67 31
27 65
50 42
67 12
13 26
53 41
23 76
22 67
31 54
12 44
25 33
56 77
61 41
57 0
74 35
16 28
1 62
7 79
61 0
17 55
20 69
30 77
24 70
3 5
27 70
76 43
68 21
5 19
67 36
13 76
20 53
68 45
61 32
62 5
48 73
8 57
30 51
11 19
67 9
2 12
51 16
8 52
35 71
53 64
2 19
20 23
31 65
68 13
69 4
1 46
29 75
6 52
8 24
76 73
7 38
45 48
31 33
40 49
38 50
60 78
24 52
29 38
11 53
25 59
79 46
11 35
64 9
56 31
13 72
65 14
9 70
79 16
55 40
10 72
9 37
14 26
11 47
13 14
13 15
63 75
64 43
