28 46
11 22
44 62
0 24
60 12
43 60
2 67
24 51
64 12
21 57
14 54
14 26
15 44
23 40
64 21
15 55
7 43
2 57
9 36
28 69
10 36
7 46
21 28
33 40
11 14
25 62
64 8
26 43
62 7
14 45
3 44
2 49
68 4
18 43
66 65
14 36
26 44
15 53
67 56
61 35
40 57
2 15
4 29
47 55
27 36
22 27
13 24
5 15
58 60
5 65
5 35
61 2
22 53
1 41
60 39
49 57
19 38
39 43
24 50
32 59
35 49
1 64
10 52
60 0
22 25
16 48
5 58
69 37
26 55
18 59
68 27
1 32
69 32
17 37
0 40
37 64
18 34
5 53
67 65
67 6
6 61
35 42
41 54
62 34
15 22
66 36
67 25
67 50
37 56
20 69
17 59
30 63
40 54
3 31
43 59
14 46
68 6
41 49
34 57
42 60
15 63
1 6
62 30
21 45
61 34
44 60
18 61
30 52
24 48
12 47
50 54
9 41
62 18
63 1
5 6
27 42
40 51
53 63
49 63
14 32
24 38
39 56
32 57
6 53
32 42
7 38
35 54
66 42
19 47
60 56
5 55
61 49
3 20
19 39
13 59
69 54
6 31
7 36
24 30
53 68
10 64
24 41
28 33
62 16
16 18
32 56
62 19
34 53
61 11
47 61
19 33
23 50
60 61
17 28
9 20
44 54
65 19
6 38
1 30
43 62
4 33
0 56
13 39
6 26
13 69
29 69
19 67
3 17
8 34
8 9
23 24
9 56
64 28
3 21
17 31
26 48
14 42
6 45
24 47
2 9
37 44
51 61
6 62
20 25
68 18
38 55
8 26
18 69
69 25
68 20
14 35
67 0
11 64
40 44
25 51
62 5
48 64
1 39
7 18
64 54
13 32
50 60
29 58
61 30
69 35
25 38
13 23
66 28
2 6
30 34
56 61
37 49
43 61
7 51
6 42
20 37
51 52
17 68
8 22
7 21
6 41
61 17
42 67
65 61
21 56
66 55
52 62
37 46
37 54
5 49
9 16
1 60
3 11
12 63
62 69
64 0
43 67
46 60
27 61
0 8
23 26
10 16
7 20
23 45
3 24
2 51
16 49
1 17
64 7
7 66
15 57
48 66
38 49
33 59
27 59
33 63
41 45
5 7
4 36
17 18
2 42
29 56
13 44
68 39
57 63
3 39
2 59
58 64
16 36
28 44
11 32
66 45
10 24
54 59
68 36
60 29
7 29
69 52
21 43
1 8
47 64
13 26
49 68
6 44
31 69
2 25
40 43
15 21
22 63
15 17
51 53
5 8
65 36
62 64
41 52
20 60
17 35
25 57
4 55
13 67
11 34
67 18
8 24
37 66
14 34
2 47
31 55
54 60
68 32
26 50
65 0
62 28
69 10
60 3
27 29
64 50
6 60
15 60
64 40
3 47
22 64
15 23
68 46
27 41
60 21
42 52
20 49
40 45
22 30
51 63
63 35
8 59
2 54
1 55
69 41
6 30
32 36
68 29
3 18
3 58
30 47
68 67
4 14
4 26
48 57
12 38
44 57
37 59
16 20
2 38
8 28
13 20
39 45
4 18
36 41
43 52
18 36
60 36
25 50
1 65
33 44
52 65
13 57
62 31
26 41
28 38
66 69
69 45
56 68
29 36
63 13
11 31
67 28
6 21
42 57
20 44
66 41
44 49
26 64
4 46
9 66
5 10
34 68
63 4
20 63
66 13
68 35
12 41
7 59
9 10
24 68
4 30
23 58
0 12
63 39
6 50
11 12
65 21
1 21
64 34
25 35
37 43
67 40
18 35
22 26
57 68
9 37
8 51
53 67
1 46
22 68
32 61
30 66
18 20
53 58
9 14
12 43
20 30
27 49
10 56
63 24
68 0
68 25
44 47
38 44
64 25
32 49
45 51
32 33
5 42
10 68
15 59
60 4
21 27
43 49
20 21
63 48
24 33
25 43
35 51
68 12
22 61
65 37
65 49
1 59
29 66
25 28
67 12
35 37
25 56
20 28
17 20
69 12
26 62
34 38
47 68
19 44
21 50
53 60
21 30
42 55
0 11
66 1
64 13
23 48
4 13
65 42
16 60
51 57
66 17
4 16
42 54
66 21
52 59
33 45
67 34
19 53
60 24
0 49
35 43
11 33
41 47
19 45
7 60
25 31
4 61
24 55
63 65
0 2
21 59
26 38
0 51
69 43
10 55
65 43
12 28
9 39
22 29
46 62
67 39
31 39
11 63
55 57
19 50
19 40
67 47
7 53
8 60
61 21
0 7
8 30
67 24
28 52
23 63
30 48
8 53
64 57
68 31
17 26
33 56
69 26
65 12
30 55
9 25
69 23
13 50
62 54
41 61
27 43
64 32
69 36
16 45
17 62
15 46
35 38
18 52
39 57
7 42
15 31
59 69
10 47
16 41
47 51
26 53
66 56
31 36
20 64
22 50
2 28
67 41
67 1
2 43
65 35
14 51
15 64
13 38
17 40
2 55
31 67
12 45
