11 52
2 40
28 58
28 31
28 48
65 54
66 37
2 42
9 50
45 78
1 73
19 66
21 36
7 14
26 40
64 73
49 62
72 9
66 26
51 61
19 78
16 23
9 56
11 37
22 45
36 63
34 41
64 77
57 60
65 41
66 44
72 71
11 79
68 50
49 58
47 79
21 64
66 2
79 27
0 48
9 59
71 57
65 33
10 55
17 31
30 59
79 35
50 74
7 55
72 56
5 55
52 56
56 66
27 30
61 75
8 42
68 57
37 56
7 46
6 12
18 69
8 76
37 60
78 62
33 58
19 31
15 69
65 20
0 14
46 76
51 73
70 57
19 20
75 15
50 51
20 49
57 74
70 31
69 56
37 61
52 66
7 62
4 61
71 4
30 65
33 72
13 44
70 20
28 76
9 21
15 36
35 46
6 36
18 56
29 52
70 2
60 79
69 7
36 38
38 62
13 43
44 53
34 49
1 61
42 65
26 53
78 57
32 37
72 24
12 78
76 70
77 54
50 54
66 28
77 43
55 63
12 40
28 63
15 47
55 57
40 68
70 24
32 33
20 66
10 22
2 56
26 51
4 40
29 60
26 71
66 64
77 32
22 39
18 64
21 66
70 18
0 38
34 68
24 45
33 59
77 9
1 55
35 58
56 58
36 75
11 41
39 59
30 66
14 54
8 50
16 20
74 17
39 42
25 44
50 79
36 54
5 9
29 42
65 32
75 11
68 14
25 30
76 47
56 61
38 60
60 70
39 46
4 45
74 12
76 38
11 39
22 58
14 31
73 31
33 44
24 51
27 54
17 46
60 77
40 51
17 48
67 17
12 47
64 71
19 21
73 76
1 44
23 51
38 54
39 62
39 64
33 40
8 20
14 23
13 22
39 45
49 75
8 24
46 50
2 57
3 53
69 1
72 51
2 14
72 57
29 71
21 40
19 68
76 22
67 13
70 64
8 63
1 50
71 20
74 55
14 36
67 21
32 41
48 75
53 57
8 16
27 45
76 4
51 62
31 54
24 66
11 43
71 73
79 8
60 78
36 50
7 30
19 51
50 65
43 72
15 29
44 79
77 40
38 78
39 69
8 65
67 15
16 52
29 50
37 77
74 30
46 55
26 76
31 50
9 16
43 51
74 60
46 65
70 72
4 79
50 71
44 50
23 57
21 78
74 16
25 49
43 73
70 19
10 19
72 23
3 49
21 29
12 27
50 58
27 77
5 58
20 60
30 48
35 38
75 17
66 25
73 38
32 51
18 61
75 37
21 28
36 72
32 45
23 37
62 71
47 69
22 23
27 36
70 44
62 63
18 32
24 68
55 70
65 23
5 76
70 10
30 35
18 38
67 60
6 60
6 27
0 12
77 25
36 66
71 0
76 35
35 57
33 74
29 57
53 67
19 46
2 74
35 61
3 79
41 43
15 18
6 68
17 53
44 67
39 78
8 23
10 57
46 66
35 78
30 40
55 78
45 77
55 71
34 63
8 47
74 44
6 28
53 73
71 51
47 75
19 72
53 76
78 30
10 66
32 43
10 51
9 28
2 67
78 0
35 52
16 65
62 67
78 43
17 41
72 68
73 5
31 68
16 31
0 13
22 56
16 71
71 75
67 9
66 18
1 5
70 4
14 32
26 60
23 42
14 18
25 51
39 73
67 43
70 13
21 32
33 57
37 42
0 6
66 4
72 40
68 70
73 77
23 41
77 14
18 23
31 39
14 15
21 50
46 64
4 64
23 55
78 40
8 31
69 67
61 71
68 1
14 16
21 70
37 76
31 57
43 68
50 52
79 70
2 18
44 61
15 53
0 69
14 71
21 48
6 24
61 65
71 54
18 48
46 58
48 51
41 73
2 4
14 66
10 41
6 9
32 63
31 37
0 30
66 29
26 31
11 45
71 44
12 25
18 52
19 64
69 64
70 27
38 66
12 61
20 59
78 44
70 53
74 1
65 77
47 77
27 41
10 49
71 30
75 24
28 68
9 27
77 23
75 1
21 49
7 11
78 23
7 31
65 56
15 30
69 31
40 52
11 71
23 53
36 60
7 74
11 38
0 11
58 60
0 55
6 34
75 35
59 65
7 22
69 43
75 57
78 42
75 42
33 79
19 25
22 74
24 64
33 46
50 66
5 50
60 64
1 26
74 53
69 6
68 62
74 62
53 78
49 52
68 27
43 48
33 37
55 68
77 39
3 22
17 30
25 46
4 7
26 62
38 56
28 44
1 46
45 52
6 22
67 30
39 61
46 67
44 65
32 61
73 24
70 39
7 64
76 31
39 63
37 64
29 40
25 34
55 77
29 35
4 31
54 63
29 79
40 58
8 70
3 76
67 57
25 60
38 63
27 65
2 3
3 42
15 32
79 41
14 25
20 48
10 47
30 55
30 75
78 51
8 56
9 32
19 63
22 34
75 0
75 59
72 55
17 28
72 49
10 56
46 63
29 38
4 25
43 47
70 15
68 5
22 64
76 44
27 69
71 24
70 36
71 38
34 71
6 11
65 75
25 69
5 40
23 40
7 76
4 53
13 31
77 57
78 77
69 4
59 70
8 68
78 2
72 35
19 44
66 49
45 46
6 45
43 62
55 56
22 65
79 0
13 54
9 38
73 16
1 39
63 76
38 41
23 29
15 45
71 42
14 62
39 54
48 49
79 25
73 45
41 78
74 10
3 74
29 41
71 67
69 76
65 13
76 52
4 6
2 19
78 27
22 44
7 23
71 32
50 72
1 59
5 19
41 42
7 42
25 39
44 72
49 64
24 48
47 64
79 46
52 71
9 35
76 36
6 63
15 26
16 51
49 63
71 10
41 70
19 65
47 63
10 13
70 40
48 60
75 72
72 62
71 21
77 53
28 34
55 66
31 79
38 40
16 41
31 75
3 19
6 62
73 30
10 31
6 59
66 70
11 53
66 62
5 53
3 24
25 47
40 61
20 45
57 65
21 45
70 52
66 40
71 12
0 20
15 61
1 31
68 41
74 28
72 18
59 72
77 21
69 19
44 52
45 61
66 61
28 52
73 60
1 27
74 76
0 64
45 56
19 23
17 43
11 13
14 64
26 56
47 57
14 27
74 49
28 51
3 25
2 55
79 54
75 78
30 77
8 27
58 70
34 56
58 68
73 68
41 60
11 54
5 31
2 68
38 51
79 20
11 17
33 55
44 57
52 57
64 68
5 52
30 51
30 42
38 49
32 47
16 68
66 31
47 55
32 34
23 35
30 68
36 73
18 71
58 66
9 52
75 34
2 76
72 2
65 58
38 52
37 71
57 69
26 57
14 57
30 32
56 62
20 61
52 78
10 18
4 62
53 58
20 64
53 60
46 47
57 63
49 54
25 56
16 60
37 57
7 45
69 35
31 49
5 6
63 73
74 0
79 37
19 27
68 11
0 62
15 64
34 79
73 34
10 73
77 42
5 66
6 10
74 36
35 68
77 48
37 72
29 58
27 72
7 73
72 0
21 41
2 27
11 56
13 20
63 79
75 5
65 11
75 18
41 55
22 37
69 26
38 42
7 26
16 66
73 79
39 50
5 70
18 47
24 30
79 24
15 72
74 13
58 73
9 26
76 58
2 5
14 29
27 50
17 33
70 37
0 27
75 13
1 29
22 55
10 60
29 32
71 2
67 5
32 54
72 17
73 50
50 75
4 18
29 73
2 22
8 37
6 74
