129 147
128 205
92 197
220 239
58 126
18 274
62 180
146 258
66 73
65 209
33 43
129 160
200 230
114 208
101 257
187 212
55 184
12 30
147 240
118 218
105 191
228 248
69 251
214 242
96 100
53 239
129 188
152 194
7 232
74 121
165 254
86 259
58 160
47 72
37 198
116 146
19 196
2 61
68 211
14 227
101 171
226 259
100 255
35 192
244 258
210 230
36 225
179 216
239 252
177 191
162 180
61 104
155 208
23 207
69 245
102 220
45 92
190 197
28 146
50 193
20 59
3 54
44 131
27 69
182 274
163 207
42 64
84 97
7 213
126 218
41 45
12 88
63 184
37 103
82 215
132 259
64 103
12 63
212 271
69 202
49 231
30 171
133 141
175 263
102 127
179 240
24 180
141 270
41 241
5 68
218 264
210 224
179 207
179 212
145 274
99 243
95 234
82 123
274 120
74 203
6 100
63 112
222 274
196 260
12 60
68 120
32 192
131 169
99 134
108 161
22 96
39 52
230 255
80 247
16 69
111 217
226 234
162 185
20 91
212 269
30 147
68 191
9 24
132 133
11 60
26 195
103 212
262 269
4 129
48 93
48 273
150 273
43 160
167 265
3 245
12 94
183 272
95 199
89 265
221 255
94 148
170 217
64 99
41 160
107 230
250 264
233 266
71 212
1 229
112 188
76 189
170 220
122 175
50 262
32 211
39 144
189 230
273 241
28 153
176 201
131 262
215 268
44 202
7 70
64 65
1 196
115 133
273 133
58 261
131 193
104 214
118 131
72 113
67 132
32 254
220 227
66 147
14 152
8 266
102 112
104 116
25 187
31 272
118 201
85 214
58 106
85 274
5 58
44 88
33 262
5 243
89 203
114 141
167 262
140 270
33 52
34 158
29 148
94 109
47 78
210 256
44 126
21 124
34 235
167 271
15 116
137 233
211 242
12 100
118 227
94 218
199 237
69 96
43 82
50 268
95 134
74 169
177 193
34 112
13 99
9 226
126 161
89 183
36 83
34 43
87 123
96 226
61 260
236 257
222 266
154 216
136 198
46 273
197 215
89 242
94 206
176 200
40 103
17 31
124 262
43 135
262 270
1 111
51 161
6 138
145 246
110 216
160 251
170 173
107 244
274 39
120 262
140 180
102 227
145 171
166 212
110 212
199 272
38 60
107 206
112 267
136 231
273 40
10 152
143 226
135 212
8 60
54 235
69 158
118 264
209 262
157 175
125 201
30 152
151 267
75 153
247 255
23 242
154 239
130 143
26 39
35 227
274 197
141 220
42 243
48 88
159 250
114 152
59 116
194 274
72 176
15 185
163 266
30 59
42 269
38 178
169 205
182 231
10 192
46 192
264 273
27 28
38 86
172 239
130 131
60 80
51 135
54 198
11 206
174 192
129 187
42 150
85 103
185 235
39 41
49 63
4 72
110 181
114 156
39 90
95 188
76 132
90 133
13 213
180 266
81 163
38 108
61 223
97 192
128 259
87 98
11 180
132 260
130 170
7 85
17 226
135 147
273 7
273 102
40 211
32 129
32 45
42 135
44 209
30 145
59 95
182 252
209 235
102 117
3 40
219 244
21 258
250 268
198 244
16 30
28 216
144 198
133 228
223 237
121 258
46 178
13 91
69 256
119 124
8 210
189 191
48 212
73 80
114 216
226 247
43 92
39 181
196 274
25 27
247 256
82 207
101 120
91 200
201 234
74 85
48 235
4 37
106 145
102 119
175 226
172 181
104 213
119 191
2 147
40 210
104 120
213 234
237 242
145 208
169 216
6 258
213 273
104 127
195 202
166 200
134 260
14 81
48 194
111 222
4 101
61 79
17 203
0 153
207 247
48 233
53 202
248 272
116 261
34 204
42 55
7 237
33 255
37 254
75 186
75 161
32 73
175 272
110 267
78 211
217 274
92 212
92 136
112 116
17 204
21 94
46 49
109 169
73 106
64 192
85 259
19 146
12 130
168 250
0 162
138 156
104 195
174 201
22 76
14 44
242 251
37 108
69 117
100 162
31 108
216 220
100 155
23 123
194 209
183 212
13 132
76 219
46 122
41 145
86 137
135 202
63 252
66 259
69 140
168 218
124 129
77 117
9 155
48 257
38 51
5 255
40 67
38 143
40 56
71 205
50 137
26 127
36 86
101 249
40 162
2 272
75 108
78 213
196 214
26 62
58 115
79 87
262 273
50 56
184 274
54 63
117 257
1 50
88 269
37 206
127 136
4 164
44 255
62 160
92 210
38 122
158 236
14 272
7 192
64 120
118 271
85 94
66 213
134 195
11 211
4 13
13 256
42 45
238 267
43 220
84 161
87 237
49 147
85 260
113 168
136 257
249 267
19 194
274 231
111 161
61 258
160 212
85 258
239 267
154 214
103 251
123 198
99 251
4 76
10 113
143 178
273 79
82 85
29 112
25 108
138 247
24 85
78 104
22 85
79 144
126 156
201 248
104 179
258 263
61 82
131 254
73 214
72 164
78 79
29 171
181 209
132 273
91 104
48 187
89 236
152 258
55 268
91 215
37 53
191 229
27 58
197 261
274 237
94 204
153 227
62 141
127 198
219 250
51 98
126 215
33 240
53 238
144 264
243 253
75 257
124 253
120 264
50 98
1 29
152 265
89 134
198 212
28 229
165 174
130 187
67 102
274 8
57 133
36 251
81 191
107 231
67 183
30 56
84 112
47 63
119 203
52 163
37 170
33 217
49 157
1 18
100 274
0 123
35 181
42 231
79 203
146 270
47 50
24 147
46 227
9 217
55 97
92 209
25 158
94 123
188 222
56 68
90 151
245 270
166 263
147 226
102 218
94 273
36 88
4 229
90 250
67 75
39 86
167 241
73 99
48 202
7 56
54 124
118 166
214 234
207 210
197 208
59 87
42 140
35 115
203 204
78 106
13 180
138 172
41 142
17 272
149 179
69 147
105 254
254 263
178 258
74 134
9 270
159 241
143 189
80 262
31 188
81 141
23 268
94 201
78 192
42 251
134 182
249 255
141 207
137 272
44 264
40 160
96 182
115 149
48 85
84 249
198 232
12 160
7 161
130 158
133 155
187 199
84 268
273 221
23 269
38 182
51 170
245 249
40 237
45 64
155 166
76 213
74 265
11 227
2 226
25 89
166 214
10 22
29 165
68 274
137 140
191 218
108 203
4 144
128 135
68 72
81 101
151 266
183 244
21 212
50 217
20 268
38 259
70 164
64 263
201 226
27 150
155 213
11 89
131 225
103 200
71 190
76 175
25 234
274 110
47 237
203 268
110 215
146 199
163 244
51 155
139 190
26 159
10 194
1 6
210 239
84 210
52 112
63 103
173 269
87 166
22 31
60 265
111 243
202 250
6 10
231 239
21 183
63 133
131 220
157 242
44 176
106 123
166 189
244 254
193 210
68 238
194 243
73 137
159 231
18 110
149 257
144 151
189 245
133 212
7 256
105 211
14 189
273 204
65 208
57 179
65 178
14 117
127 148
273 130
25 83
47 131
34 113
24 243
86 260
222 243
89 163
59 164
161 204
71 211
78 138
131 187
103 193
140 208
171 175
191 235
60 159
6 99
218 221
159 256
6 237
37 199
242 267
3 14
147 230
66 272
85 104
53 222
189 250
13 237
112 201
5 132
171 220
154 180
30 248
75 152
33 146
125 245
24 184
65 241
155 212
191 227
29 202
18 89
98 99
166 171
48 92
227 241
0 272
61 67
45 93
273 165
164 248
12 186
231 260
133 229
187 229
99 133
21 196
140 171
223 251
180 237
41 267
45 63
129 268
57 240
186 204
57 58
81 109
118 186
9 161
24 203
3 262
274 169
139 210
115 147
145 228
190 229
173 205
46 71
245 260
44 54
59 177
35 163
155 272
97 215
63 227
106 193
163 221
134 165
20 61
55 116
98 214
95 121
61 75
174 187
176 191
5 215
226 256
111 192
159 181
99 127
40 107
68 228
37 146
115 164
110 198
16 230
24 182
38 181
28 259
12 42
132 218
102 263
102 173
148 150
144 239
54 82
102 144
90 248
0 74
73 227
171 245
211 268
196 215
196 264
135 268
115 197
60 187
119 226
153 228
97 195
52 219
146 154
54 80
3 103
21 123
14 209
156 209
0 170
68 79
174 273
274 159
89 170
237 272
84 105
37 149
48 56
63 100
57 91
25 193
65 124
18 240
114 209
73 271
274 107
79 140
122 196
137 198
7 241
150 231
57 216
168 180
59 149
94 238
138 200
152 250
178 235
273 144
273 178
57 200
95 252
9 129
72 231
246 265
68 203
211 224
52 237
273 171
111 237
48 52
11 262
14 106
157 213
134 193
122 256
104 180
129 227
201 245
122 187
94 145
161 257
117 152
82 225
118 231
55 160
273 0
49 239
72 263
119 168
180 202
122 153
88 133
134 209
274 42
22 178
28 89
191 195
3 116
8 75
113 162
240 270
151 273
8 115
140 237
273 199
140 181
140 168
32 145
128 199
9 184
176 253
15 51
80 166
156 163
7 238
154 179
27 164
162 181
19 212
51 143
143 172
113 139
87 125
115 138
44 154
40 70
100 121
17 250
0 222
17 78
99 158
0 177
80 159
82 88
164 259
56 134
8 110
99 258
49 54
100 105
43 68
173 181
48 82
74 128
95 178
22 24
14 171
65 166
195 196
68 224
112 124
127 234
274 195
27 45
97 199
50 136
138 197
226 254
48 221
196 219
100 259
58 237
123 164
150 193
186 221
225 258
232 264
115 142
114 260
62 118
170 231
62 151
96 225
115 249
102 163
189 201
5 226
169 262
70 221
179 254
273 152
210 251
91 228
105 179
46 214
26 193
160 165
134 141
75 218
21 192
228 236
135 200
36 109
39 253
273 36
74 130
237 266
21 112
1 200
6 270
47 115
65 96
51 139
43 205
194 208
53 185
162 166
79 267
185 233
5 144
30 252
57 100
85 86
50 158
25 82
75 222
67 262
34 57
149 219
267 273
153 211
73 81
182 250
161 229
194 241
10 23
197 220
14 99
89 114
99 198
72 80
228 249
132 211
148 251
111 202
102 210
97 117
105 135
72 236
255 269
147 219
102 168
21 260
143 230
115 171
76 139
4 49
36 41
24 220
94 171
18 209
4 31
8 38
60 79
274 48
100 231
4 166
122 124
118 232
60 78
143 168
59 64
0 139
49 148
169 227
3 128
73 102
33 98
132 177
91 161
100 119
27 202
232 233
114 142
151 198
201 236
221 262
190 199
67 107
209 216
23 187
10 234
61 272
30 118
0 83
61 269
11 109
98 150
18 200
5 111
119 205
123 186
132 193
17 242
40 125
22 204
109 258
96 214
134 227
64 272
17 60
36 230
11 221
103 182
31 44
166 238
0 94
132 258
123 124
55 231
24 61
209 249
206 245
116 192
184 196
128 263
78 144
9 227
74 106
80 180
66 252
127 156
50 131
170 259
21 87
55 195
86 94
94 269
150 215
21 109
171 250
115 123
136 207
29 222
149 259
181 207
98 157
141 250
274 242
25 218
46 182
152 200
80 220
4 91
67 163
66 143
132 155
181 210
0 202
149 165
57 257
175 213
38 270
97 250
34 201
96 192
37 239
173 195
167 195
42 191
64 114
114 148
67 182
36 39
99 248
1 177
54 196
97 113
32 113
122 182
70 219
110 134
16 116
137 254
165 211
32 214
103 157
120 138
208 215
5 51
56 273
34 47
76 244
66 189
65 120
133 238
11 163
88 108
51 191
202 238
214 263
23 168
48 119
5 21
36 252
192 244
50 141
162 261
83 184
174 228
72 224
42 52
104 226
75 250
74 110
95 235
83 84
274 239
84 238
71 76
9 99
96 142
148 225
95 124
129 172
74 145
168 224
215 227
1 137
124 264
95 241
7 16
128 198
158 203
273 105
234 254
105 202
99 178
116 198
34 231
57 204
43 243
118 193
23 26
175 205
147 218
46 171
71 210
149 240
91 159
76 156
51 116
182 235
128 232
165 169
19 45
97 231
36 56
179 246
63 206
13 208
64 167
136 241
20 174
5 92
32 197
12 77
145 180
61 119
92 106
159 191
22 111
21 235
6 117
179 186
156 213
30 117
102 193
77 81
70 158
73 146
37 259
44 122
127 185
55 93
17 181
79 161
8 265
139 271
2 172
93 129
126 196
57 121
63 168
140 143
82 224
50 59
75 116
117 175
78 97
82 154
96 174
63 185
10 64
68 141
233 271
28 175
73 128
14 80
222 271
8 219
49 262
57 247
66 80
23 128
80 251
30 212
98 136
228 233
95 180
13 137
142 232
132 149
208 230
86 226
13 100
24 129
7 139
8 225
89 211
78 232
84 147
48 177
34 230
8 51
12 184
31 71
48 97
95 201
16 71
177 185
32 235
47 132
19 242
65 235
63 72
68 163
30 96
0 37
81 145
28 166
42 248
125 180
10 43
18 262
98 163
72 184
12 234
175 214
261 270
173 236
58 116
39 130
152 263
25 262
274 88
38 129
274 96
80 194
85 188
17 19
273 211
67 186
42 241
209 238
145 164
133 140
45 185
90 217
23 70
51 207
178 204
14 68
124 195
171 190
182 266
56 160
2 151
8 11
158 201
40 110
27 165
82 265
123 127
11 219
65 141
93 180
13 110
16 89
88 217
26 153
9 49
22 47
36 130
75 187
14 62
143 181
0 242
19 265
155 163
41 135
164 250
217 251
274 141
27 221
6 29
203 246
2 39
1 4
145 249
219 255
47 216
7 102
75 86
160 253
158 177
28 52
59 102
53 152
59 85
157 185
84 214
61 163
3 157
119 149
78 115
68 130
51 204
248 255
106 133
171 197
29 176
84 185
67 233
78 195
248 260
225 256
93 131
64 115
73 120
205 220
89 94
214 262
6 101
95 102
43 149
100 129
112 244
244 247
105 139
45 101
163 243
187 262
91 204
27 130
54 251
189 243
56 181
76 104
51 263
50 77
56 265
11 249
95 169
177 250
188 205
115 184
69 144
220 222
224 232
170 195
104 185
141 210
65 240
209 219
76 84
190 249
183 206
26 67
76 127
182 253
93 187
100 235
26 245
81 193
73 189
16 78
85 108
24 234
124 265
38 237
93 113
46 151
176 242
122 149
103 252
6 190
95 146
92 167
55 236
59 75
40 216
2 111
38 125
79 243
34 212
159 267
161 197
23 179
36 142
71 123
39 78
81 85
140 185
31 167
70 253
51 203
4 175
24 163
64 121
180 263
9 121
37 70
28 62
195 229
20 200
273 83
122 222
63 137
238 266
77 88
68 216
142 178
146 169
100 232
45 166
59 158
69 86
41 109
59 219
203 248
35 54
41 71
39 257
74 167
54 162
201 237
80 142
99 269
80 123
18 241
170 262
36 72
11 66
20 66
14 232
111 208
155 224
74 183
71 178
75 83
101 124
9 38
159 198
88 127
13 164
58 257
32 186
78 237
94 188
44 193
22 105
120 247
53 219
96 104
133 154
116 118
20 210
18 214
251 271
140 212
274 271
1 176
26 100
237 254
164 249
170 246
134 191
93 207
170 177
145 261
35 184
232 260
125 251
93 177
85 100
232 255
2 229
18 251
150 179
72 259
169 255
57 141
28 186
4 66
92 234
109 192
76 224
32 272
109 250
72 162
7 143
117 241
11 38
14 217
9 34
135 164
4 252
151 206
132 183
117 225
154 188
59 179
125 258
53 188
10 147
123 160
20 242
244 267
65 242
217 270
8 27
58 137
6 154
33 89
13 175
47 123
146 235
4 243
64 105
26 169
37 94
48 91
60 115
185 266
26 52
112 270
74 241
39 140
27 144
40 81
71 138
83 259
274 232
32 157
228 251
153 261
56 250
44 182
96 205
115 221
186 209
101 251
274 151
95 259
90 237
103 199
101 256
60 174
133 239
215 274
1 89
12 165
177 189
59 114
123 168
129 246
23 108
160 170
3 266
175 209
69 168
194 220
239 257
104 139
273 89
42 97
164 168
236 245
207 215
130 201
194 203
19 234
135 210
67 171
68 252
30 132
33 74
10 69
111 268
46 138
200 249
79 272
198 259
62 176
77 225
22 67
136 271
157 211
18 49
36 101
109 235
13 152
41 213
37 49
23 139
4 179
154 197
9 15
149 151
100 136
72 152
29 240
33 132
187 244
4 204
79 121
2 161
180 190
228 237
66 238
6 105
29 242
11 140
182 223
34 181
59 153
27 203
178 234
91 262
66 227
74 180
68 269
168 195
13 197
22 171
85 130
101 208
30 66
175 199
204 257
219 262
51 252
212 241
134 143
40 213
20 147
35 179
144 268
32 161
165 274
9 53
34 118
179 257
242 256
30 220
11 130
177 227
49 176
8 66
273 185
85 177
1 139
17 23
8 40
167 243
114 158
35 229
22 74
124 273
23 92
216 219
6 257
3 20
0 219
189 211
232 262
58 105
116 151
115 266
174 205
55 214
44 172
185 209
34 216
123 144
93 233
251 265
7 89
34 88
9 252
49 265
215 240
179 189
23 56
87 234
46 237
88 263
177 252
186 227
0 87
26 196
94 221
161 251
148 256
154 249
218 241
47 58
33 97
68 196
158 255
4 133
122 129
4 216
163 192
146 206
29 273
80 97
36 190
136 187
60 76
59 104
14 163
20 178
69 234
24 191
9 254
99 125
50 82
7 230
148 180
129 144
110 129
52 66
35 176
33 57
273 116
117 194
110 236
163 242
48 49
107 170
181 257
226 265
201 264
78 226
64 264
58 139
8 52
220 232
50 171
69 230
70 231
143 164
114 155
83 154
26 28
25 224
114 236
57 180
121 268
167 215
153 218
23 136
4 136
0 49
53 244
109 125
9 241
131 214
98 273
2 113
164 182
103 237
68 213
66 94
192 240
170 214
257 264
107 167
176 184
273 172
154 259
10 63
59 124
4 176
116 159
63 154
77 112
113 177
120 250
27 113
65 173
64 84
86 88
134 250
92 213
7 39
63 81
100 131
173 210
210 223
48 66
71 222
178 215
17 202
6 58
195 239
26 231
82 130
110 263
6 147
47 263
128 158
273 179
177 269
221 265
12 237
127 195
45 260
120 199
5 93
20 67
149 265
34 266
66 183
67 181
194 196
50 55
73 75
127 205
167 254
86 89
40 263
93 216
106 269
9 194
43 176
74 131
97 106
50 191
196 231
215 262
200 264
209 252
88 250
83 131
204 256
165 173
17 240
26 36
206 241
125 190
33 180
130 206
116 226
63 78
6 83
34 97
2 245
162 272
69 170
83 270
273 20
13 60
53 146
55 163
81 208
11 265
116 137
168 179
140 175
89 123
142 246
74 266
142 151
8 70
152 270
13 201
194 251
131 168
273 128
0 92
84 240
86 160
153 263
143 240
14 158
45 177
210 228
99 104
70 205
68 114
103 254
80 215
27 83
10 14
192 224
79 265
118 120
37 102
28 95
130 211
20 41
60 129
32 37
173 196
56 79
75 88
11 174
127 165
87 90
87 165
61 121
21 27
16 106
90 257
21 137
115 242
230 254
114 176
169 254
202 207
56 227
84 205
96 266
187 230
141 231
24 31
23 154
57 112
1 247
50 113
176 245
68 214
164 252
193 253
122 135
147 252
22 121
65 221
52 100
6 203
131 183
181 269
160 226
5 94
124 137
13 225
209 225
77 131
73 260
3 63
183 234
32 83
136 171
58 118
25 133
3 261
56 240
8 12
135 189
6 75
40 248
140 176
43 90
274 185
160 229
57 243
149 195
77 160
41 202
10 235
131 243
128 252
56 165
12 144
204 228
39 254
4 228
49 212
83 178
57 268
74 247
126 250
241 268
152 254
116 246
5 104
13 263
138 196
104 240
49 101
12 183
49 256
16 129
54 69
134 203
143 163
77 252
119 228
180 264
27 157
15 158
76 176
111 138
73 139
21 25
132 153
33 56
15 36
18 211
98 223
28 151
81 242
19 238
53 130
11 69
1 261
13 162
55 77
138 139
0 109
38 162
91 93
29 39
3 126
93 256
44 199
48 157
132 195
129 171
1 186
86 132
119 246
165 245
44 50
169 192
29 271
197 260
88 259
7 191
58 210
69 272
57 69
163 274
155 190
64 96
10 217
7 123
146 205
13 85
91 251
175 219
139 232
52 228
1 145
50 231
175 222
90 188
247 267
48 58
175 253
145 162
82 270
75 155
7 136
160 195
148 149
17 113
24 26
74 111
219 267
133 158
60 233
66 127
74 216
154 237
9 16
14 224
56 188
44 156
95 160
81 164
4 147
7 77
167 194
206 248
98 235
100 270
31 178
34 110
169 267
52 89
72 85
96 194
45 209
223 249
185 205
85 150
94 164
97 201
228 267
42 236
138 274
70 147
149 166
2 19
212 220
40 119
151 222
150 178
112 271
30 270
36 124
14 213
22 79
132 242
17 255
113 215
24 141
232 258
120 239
195 254
181 229
73 254
48 143
69 123
132 168
92 228
16 232
100 227
41 140
186 195
43 148
30 42
176 230
62 248
55 90
87 117
48 96
14 157
17 207
19 130
6 93
66 170
5 254
129 151
253 269
72 178
30 38
124 228
92 196
28 225
24 225
61 143
7 146
5 170
184 222
141 187
223 246
90 105
143 174
182 268
107 207
62 157
123 155
235 257
150 271
21 229
41 170
63 243
130 254
135 166
22 164
44 178
142 268
52 244
4 260
0 55
26 139
114 135
90 123
103 122
140 192
137 223
274 174
167 179
117 131
214 261
273 84
65 149
26 256
45 133
13 114
27 204
51 87
43 58
17 109
16 191
68 202
60 180
40 43
36 232
4 11
20 185
105 140
3 171
213 224
25 175
34 223
3 88
146 200
121 137
124 274
190 250
221 229
52 90
180 241
138 219
210 231
113 132
265 273
119 213
44 159
67 143
24 245
169 178
40 53
128 230
56 174
15 24
29 270
21 47
61 100
39 150
49 102
141 188
67 155
114 248
147 179
176 234
122 169
91 260
63 212
89 140
86 223
87 148
104 158
77 186
57 80
16 163
274 54
18 34
101 211
70 155
158 241
72 230
21 237
194 266
212 265
82 263
86 204
169 188
137 266
82 159
55 70
53 118
10 214
72 131
169 232
127 175
83 93
91 97
248 269
101 265
80 245
219 261
18 265
149 171
138 146
204 264
127 132
108 181
89 181
20 29
59 250
90 126
76 126
0 243
219 257
195 258
260 272
1 2
176 198
196 248
52 54
164 237
20 236
81 262
54 259
13 214
155 259
182 195
47 258
94 133
60 172
138 161
220 251
60 240
143 263
13 111
65 101
143 190
26 255
177 204
84 208
171 241
15 159
65 224
4 177
56 186
28 57
201 244
57 122
2 177
63 65
58 60
203 250
218 247
117 231
57 137
3 188
126 227
165 215
171 229
28 101
63 270
81 233
105 209
31 239
46 76
32 248
29 43
103 227
68 129
131 261
133 161
207 272
109 115
184 248
44 68
214 249
5 114
54 58
47 170
2 95
33 81
274 108
147 243
43 262
170 255
108 121
194 225
190 228
179 203
58 244
181 197
122 236
27 237
27 115
15 156
52 138
8 223
21 71
144 269
22 116
178 188
6 128
241 257
44 52
165 184
121 127
99 140
66 180
45 225
226 245
40 76
54 239
81 209
5 54
41 138
202 239
95 232
41 128
9 179
273 183
42 250
89 208
3 225
101 163
78 89
151 178
68 124
170 176
155 196
99 249
6 78
48 67
112 172
51 231
187 236
93 228
40 150
13 215
178 201
91 108
42 264
42 262
89 200
162 263
97 112
79 139
9 231
45 60
221 237
56 150
151 228
104 153
219 263
155 267
188 252
0 131
86 274
199 269
108 146
107 137
126 207
64 138
134 258
123 248
48 120
100 198
1 27
56 65
146 263
54 265
6 214
136 167
75 77
10 273
139 167
141 215
94 165
130 221
224 258
71 143
164 222
104 255
79 154
139 218
114 128
109 259
79 220
103 190
1 168
56 193
178 185
46 175
124 192
59 215
44 231
89 135
1 12
111 207
134 220
119 158
128 270
38 258
48 55
34 174
102 205
167 221
61 218
113 189
31 163
59 71
73 78
33 231
141 219
180 185
112 181
102 124
274 173
233 260
216 267
39 123
184 258
34 177
92 108
48 192
102 221
236 265
171 262
78 164
197 258
90 114
26 53
1 19
57 177
89 124
8 83
78 214
57 188
163 256
110 114
10 66
188 202
63 88
37 57
55 261
144 149
179 243
274 77
219 272
60 152
19 272
214 257
14 255
165 265
185 202
9 142
32 244
61 191
263 271
215 232
75 94
3 204
135 261
17 30
112 221
37 65
105 118
78 166
43 188
51 266
20 188
11 226
60 139
83 183
72 209
68 239
12 142
29 145
187 264
24 207
101 269
216 269
75 182
163 252
64 76
5 47
20 196
7 132
120 237
52 222
6 229
98 251
147 159
2 182
228 242
159 204
63 67
39 266
144 221
5 249
10 25
19 87
100 161
138 177
170 228
16 41
19 142
39 124
41 188
163 254
22 243
143 155
92 110
91 225
91 132
180 221
130 225
175 231
142 157
97 119
82 93
0 67
49 85
72 253
137 232
57 206
68 194
108 127
7 24
115 120
24 218
156 185
7 176
152 187
18 178
158 163
110 112
20 252
273 13
221 235
52 120
110 184
182 207
118 253
66 145
161 258
249 262
274 11
10 170
78 238
14 248
88 222
48 220
11 48
16 242
122 258
15 129
125 217
90 256
268 272
33 91
167 217
152 251
27 128
56 119
74 213
161 256
164 256
172 267
142 147
99 122
106 231
125 188
47 214
89 138
75 103
98 116
61 222
78 206
41 56
91 185
101 272
133 222
68 201
27 161
146 236
98 266
139 240
117 153
87 259
24 72
73 208
157 168
72 104
3 214
133 218
172 258
147 268
30 60
1 21
222 245
15 172
220 249
4 29
47 189
188 200
82 230
152 188
243 252
65 105
15 176
203 255
104 209
25 139
14 183
273 58
139 257
129 256
245 264
234 243
93 193
55 119
195 199
129 198
66 156
74 118
23 60
2 129
29 224
19 35
72 114
53 208
178 268
63 210
62 199
183 269
105 152
108 269
59 84
47 141
74 269
202 257
59 112
129 221
104 134
6 42
273 170
15 232
42 124
142 195
178 231
25 168
54 246
188 198
200 235
42 44
66 135
175 252
13 141
188 224
6 221
28 54
85 218
234 237
27 159
25 173
190 217
215 234
70 269
202 252
78 96
91 154
39 186
50 139
50 207
88 208
172 241
94 104
209 230
129 234
126 135
2 28
175 249
120 251
223 252
5 35
112 191
15 212
154 190
129 177
176 241
47 145
104 188
122 148
6 197
208 253
102 262
109 200
42 67
30 183
38 231
64 210
25 265
27 227
207 227
15 248
136 216
51 251
163 246
196 243
25 39
125 242
106 163
51 144
131 204
26 90
31 64
201 232
4 220
34 182
91 239
125 253
252 269
139 205
173 248
68 164
56 223
40 205
225 250
118 133
72 204
8 95
7 26
113 191
13 67
39 175
129 258
128 137
160 236
84 98
172 226
113 125
16 168
35 37
99 101
93 238
97 118
64 142
154 192
0 9
1 107
227 234
89 178
54 146
203 213
23 213
189 233
182 221
91 258
109 227
66 234
67 141
230 261
96 229
11 150
23 44
141 156
190 215
5 197
48 206
20 52
26 220
193 271
16 213
67 97
156 219
18 261
231 251
146 208
12 34
107 179
21 68
85 116
20 73
16 250
95 249
56 209
86 195
190 219
158 269
151 213
5 34
273 95
121 265
32 171
40 89
34 51
178 250
180 238
67 84
112 229
87 239
71 86
61 243
146 271
15 256
188 270
167 197
0 118
195 248
106 198
60 270
195 238
14 27
100 185
33 198
16 134
10 97
33 92
110 120
135 138
15 31
231 263
4 81
74 139
105 212
116 222
204 208
22 161
46 198
21 106
34 229
214 250
192 255
105 143
79 128
234 267
79 146
17 116
82 120
3 67
203 235
126 245
11 129
68 153
165 234
146 185
94 257
143 269
78 207
165 259
7 193
46 196
104 208
82 150
134 236
41 231
6 84
146 170
73 158
225 271
50 222
69 77
10 243
30 116
38 63
70 230
4 131
15 206
60 95
4 174
215 238
76 106
116 203
208 236
60 88
4 57
35 239
7 248
222 270
97 193
101 178
40 116
66 76
178 274
138 195
159 244
32 240
78 124
21 99
32 60
24 166
16 132
115 233
86 233
27 240
42 221
17 245
92 162
61 255
96 263
116 131
53 108
25 219
95 168
47 138
206 264
127 221
119 210
107 188
184 232
130 164
73 131
103 261
83 124
102 108
122 183
91 148
13 54
189 266
26 68
2 11
274 230
164 229
131 209
88 163
99 215
21 81
3 17
219 236
137 179
58 134
0 89
7 264
47 133
72 149
66 103
61 123
70 250
56 184
38 198
70 214
112 128
112 258
155 193
53 182
49 246
17 54
120 123
0 212
111 256
14 242
40 144
80 89
57 231
109 231
10 150
65 175
59 225
12 274
48 219
55 270
273 208
177 245
74 208
33 183
4 172
101 228
38 146
15 123
171 267
53 91
128 181
175 244
179 194
72 201
156 203
135 158
93 212
220 231
239 272
87 164
71 121
121 138
81 86
64 81
213 229
81 227
71 155
8 84
198 252
138 239
35 42
76 111
82 222
155 175
273 44
13 125
155 216
8 113
21 86
84 99
10 123
33 39
92 254
97 153
22 175
177 182
147 167
29 122
83 230
14 25
31 208
101 206
149 214
92 101
101 180
161 233
135 154
57 178
72 179
29 238
212 225
93 122
83 265
66 222
108 239
19 231
50 73
21 122
239 262
125 126
208 257
36 158
51 216
25 205
44 192
206 256
106 226
116 243
93 213
7 31
166 213
61 135
177 241
75 171
53 193
164 217
115 177
182 269
97 204
22 205
69 233
53 101
21 69
185 247
79 176
51 119
43 126
18 249
86 110
60 82
43 227
84 230
13 25
2 191
68 245
33 131
62 81
128 215
59 255
223 265
18 105
65 228
67 190
41 141
120 244
105 183
14 150
49 219
88 175
3 247
35 225
104 220
23 37
72 89
7 20
135 146
154 164
77 245
54 205
4 249
17 213
51 63
181 191
95 170
46 77
22 213
17 124
201 259
53 204
77 92
201 221
59 191
4 106
64 171
28 161
177 233
12 19
37 218
218 228
215 263
21 147
87 107
109 265
46 121
96 247
56 103
57 244
218 242
155 180
17 243
73 245
104 263
65 116
80 115
274 2
215 258
107 143
274 67
33 120
33 152
233 243
49 271
113 236
15 216
39 163
165 252
195 252
54 195
202 205
193 202
145 184
113 217
91 175
128 149
164 199
25 146
9 212
104 199
9 255
147 224
42 219
86 179
78 193
11 73
59 146
184 231
29 196
190 269
242 244
53 224
135 259
4 148
254 273
43 147
104 198
152 182
198 233
62 145
125 248
18 39
14 155
86 144
161 221
7 134
197 224
79 237
145 149
13 253
1 39
194 255
137 175
190 256
1 208
11 23
93 161
35 147
137 170
50 249
109 137
221 239
109 245
98 143
104 207
82 143
14 153
49 192
21 168
273 145
103 188
85 241
107 271
134 229
155 171
190 270
274 206
9 147
94 214
96 144
209 234
152 224
64 111
147 272
138 248
78 208
67 197
78 178
74 129
63 87
101 230
146 177
216 226
78 252
98 196
28 200
126 205
144 215
94 230
23 121
234 265
180 218
65 265
2 121
13 65
38 212
64 260
109 138
53 157
43 139
119 259
221 223
2 254
115 173
47 75
14 90
35 128
115 194
9 151
4 77
36 183
74 114
79 214
44 152
38 96
37 227
183 263
149 206
37 52
151 224
80 203
44 244
190 212
202 262
55 171
14 23
84 118
189 229
187 266
29 267
113 134
84 125
86 209
6 142
161 203
144 197
243 265
64 166
163 171
33 40
17 165
94 157
140 157
76 124
142 226
23 234
179 182
14 233
35 256
35 123
273 64
88 185
74 109
131 224
75 221
20 152
64 177
174 260
209 264
205 230
249 260
171 227
148 214
79 192
113 235
148 226
65 183
2 68
45 147
157 236
121 143
20 250
118 214
151 196
198 269
116 197
8 28
56 228
15 83
104 244
26 248
273 140
93 169
178 256
9 40
71 150
5 222
140 210
42 177
105 196
163 263
10 236
41 53
4 205
128 133
43 100
16 40
3 30
17 51
88 154
22 200
156 197
95 197
11 97
12 20
131 256
82 127
55 71
73 144
157 199
123 251
52 134
135 206
34 251
119 160
51 201
178 214
2 4
76 221
12 13
145 227
60 209
151 236
7 61
184 266
43 50
109 148
34 240
146 178
64 213
60 202
159 222
206 216
9 61
4 154
92 103
24 262
224 266
23 254
88 239
185 212
4 53
0 247
151 207
1 207
29 34
45 131
74 268
223 241
185 231
8 167
163 177
17 182
219 240
53 96
101 156
67 106
53 172
35 144
8 85
184 194
59 193
78 239
41 59
157 158
37 58
12 143
273 8
115 134
144 147
92 204
9 249
238 251
123 126
11 25
30 63
81 157
55 130
64 242
52 154
237 240
27 140
42 211
130 202
206 261
114 157
43 75
184 235
110 182
1 204
180 187
176 250
64 214
23 156
55 137
108 253
141 228
24 136
78 120
39 157
100 124
30 146
51 238
184 240
84 246
26 155
8 37
14 118
170 270
274 259
63 192
29 63
41 165
104 169
35 180
57 113
12 105
22 37
81 258
82 189
16 60
68 147
25 138
10 174
76 97
57 258
226 241
68 84
125 237
152 209
31 65
71 146
62 168
201 262
30 202
54 241
82 231
187 268
101 218
259 264
52 150
8 149
131 162
0 119
77 79
155 271
20 148
30 61
193 226
85 235
273 169
109 219
102 152
94 105
38 154
14 225
56 180
4 207
273 227
82 232
12 193
112 149
212 254
136 243
135 239
46 84
134 257
6 207
13 26
146 203
11 231
1 227
1 3
82 191
59 180
171 248
85 189
46 152
64 134
34 142
58 241
36 201
139 211
14 202
177 183
17 270
231 233
66 266
2 257
193 254
154 176
26 191
226 228
166 224
123 235
1 241
