69 133
364 247
324 76
117 180
168 218
301 191
52 308
254 195
37 281
333 166
88 214
381 147
387 159
342 361
376 289
160 239
361 195
280 63
29 211
273 147
220 308
67 226
335 181
284 40
317 346
263 121
189 390
343 360
374 138
82 143
259 25
329 162
4 294
309 71
264 94
81 305
132 208
0 185
395 307
299 340
209 220
61 281
385 170
376 325
176 219
87 127
141 283
363 226
267 121
360 239
231 380
324 142
131 359
332 80
7 321
152 349
388 166
318 14
291 47
396 261
25 353
280 249
95 387
87 240
119 132
385 285
317 234
54 319
172 267
80 302
212 279
178 347
186 342
391 330
34 308
209 253
183 351
31 73
7 294
380 197
352 86
20 372
315 47
251 336
267 7
89 181
372 73
262 10
337 61
32 384
354 4
122 348
270 369
15 343
333 190
17 110
298 198
297 167
393 156
34 155
292 153
97 357
68 174
383 267
18 313
271 391
165 178
305 227
355 11
175 390
385 21
384 124
273 149
30 140
285 109
277 241
162 247
371 158
392 222
370 157
387 61
51 277
60 155
302 365
23 229
379 244
358 206
53 337
126 142
106 186
326 1
105 147
254 361
25 394
133 326
20 306
4 119
3 233
29 388
319 302
66 74
304 30
335 6
9 186
398 140
330 123
399 275
32 80
265 235
185 258
321 301
276 218
29 289
397 160
372 227
20 390
101 272
48 103
244 344
110 173
195 278
156 394
31 305
288 61
363 171
397 116
304 31
60 393
28 224
378 374
306 12
226 368
370 99
5 230
325 106
332 55
359 226
66 298
18 393
154 185
212 316
195 267
97 234
148 372
198 332
133 151
189 288
383 102
62 256
301 120
377 93
23 227
305 337
382 3
296 339
303 198
216 390
116 170
232 314
62 285
70 98
277 122
262 367
380 4
314 196
377 237
217 383
345 173
36 323
267 289
270 336
395 226
218 394
296 311
4 228
43 337
78 212
300 145
111 120
68 153
48 272
22 117
254 147
230 299
255 157
314 102
394 191
103 225
4 383
354 119
365 82
372 136
335 189
15 380
65 239
25 235
109 164
9 201
397 289
40 200
378 158
266 184
16 92
342 355
346 216
387 227
93 272
351 128
234 379
91 150
68 289
342 150
372 112
83 172
9 299
326 132
135 377
238 343
305 41
278 295
145 341
296 186
347 315
79 217
261 43
55 359
239 391
62 393
2 91
208 291
383 97
16 102
237 362
310 118
346 294
203 236
202 374
127 339
14 21
217 261
302 285
251 232
275 108
363 221
354 336
91 305
168 375
381 182
317 296
159 357
26 107
3 130
338 193
348 22
67 150
377 280
48 359
354 188
275 287
239 258
278 142
308 86
290 158
379 358
287 33
72 285
11 344
229 288
299 112
158 272
111 314
147 151
254 200
116 359
39 125
59 160
253 178
196 316
266 252
131 346
27 36
315 232
396 186
94 348
152 318
391 292
129 190
206 234
340 139
336 2
1 299
276 283
12 290
374 203
350 302
212 381
1 233
228 371
308 196
206 241
20 152
62 93
250 15
14 219
58 108
168 357
12 324
319 48
146 153
11 40
224 296
374 88
180 387
102 152
314 186
59 224
250 389
5 40
290 107
113 387
287 138
70 360
198 354
280 217
269 201
236 264
118 370
30 295
287 152
360 103
317 116
320 349
211 383
377 193
375 28
131 164
73 290
369 40
157 268
160 272
112 375
255 110
119 348
360 12
178 234
346 239
35 333
326 163
78 128
331 103
353 386
372 91
263 253
1 3
290 157
211 230
201 264
200 372
120 241
342 16
88 315
341 26
231 367
26 334
113 294
31 102
42 286
66 81
319 152
33 53
48 261
40 135
184 325
345 97
323 37
41 309
105 190
183 235
76 133
60 261
380 51
44 223
312 202
28 137
71 250
198 325
363 92
27 53
4 22
21 308
57 74
209 304
82 313
7 134
96 104
274 32
111 242
289 3
345 39
14 42
230 344
395 350
124 284
350 21
102 351
172 366
227 263
204 380
315 76
287 14
16 195
317 187
84 230
376 94
98 259
395 237
194 323
204 270
9 302
200 308
137 363
340 395
388 375
27 92
281 384
344 107
281 285
79 95
2 300
39 188
288 42
366 80
315 29
379 181
287 197
179 319
319 82
323 134
278 99
276 182
33 358
9 21
296 125
191 242
273 328
44 93
312 126
39 73
158 368
191 310
68 370
80 322
315 104
112 389
281 305
257 194
363 75
29 362
272 156
130 310
330 281
50 280
269 193
179 330
124 290
386 23
58 331
126 254
191 387
132 209
274 176
225 363
146 207
295 33
1 179
325 64
182 243
163 329
231 369
380 47
58 278
110 328
352 225
0 2
369 247
375 83
23 100
192 338
360 352
398 20
327 374
172 244
77 80
328 160
389 132
379 32
91 318
280 227
43 355
267 251
119 229
343 142
62 347
242 392
106 223
384 207
136 305
11 81
59 118
76 189
226 286
10 296
262 156
362 70
200 243
130 257
13 53
13 21
110 250
191 294
65 74
31 357
125 160
218 274
165 378
228 275
72 363
88 204
338 84
75 302
204 317
189 247
273 167
16 178
251 205
107 138
110 351
304 215
78 204
324 249
45 333
343 392
335 191
52 214
1 277
389 171
4 284
269 227
64 130
82 113
1 241
316 85
17 194
266 10
298 129
125 292
395 206
42 92
255 168
88 127
92 201
128 301
348 99
101 175
51 288
268 12
337 189
72 204
39 297
39 259
328 158
367 55
271 32
347 336
345 174
97 281
397 90
250 102
14 141
120 221
11 152
9 143
58 351
273 166
24 158
100 352
33 165
3 273
31 42
115 337
132 383
190 356
332 205
1 283
64 266
130 198
47 377
1 211
149 153
114 388
336 116
290 126
264 1
40 393
20 23
261 259
27 156
81 151
64 207
262 30
87 153
160 282
80 316
173 190
18 39
67 235
313 13
34 338
388 209
167 370
49 373
160 318
299 138
253 215
44 198
351 18
399 36
295 217
255 28
225 348
114 398
14 317
247 320
394 37
384 204
39 136
285 208
89 230
8 358
288 195
89 371
155 246
143 168
138 150
172 294
41 226
18 256
144 316
58 316
307 57
280 245
301 102
278 65
166 301
384 269
119 120
383 12
87 276
23 353
38 154
368 250
251 270
283 169
166 219
108 276
48 100
2 105
172 350
372 80
52 229
109 132
69 185
253 160
19 199
398 96
7 167
77 145
129 258
302 244
385 169
372 309
336 58
282 214
11 82
319 216
382 173
305 175
110 169
154 398
101 204
340 38
29 314
350 166
132 218
149 282
50 118
7 174
311 111
316 323
177 219
378 334
331 239
17 148
41 314
179 238
113 254
90 123
312 327
268 146
221 351
378 283
270 199
122 141
358 84
359 206
165 308
21 299
176 281
124 229
161 292
371 375
291 68
118 271
351 243
69 98
257 47
360 8
109 158
17 388
150 250
351 249
348 373
266 109
260 290
337 88
264 328
64 90
352 175
336 51
324 280
333 79
217 360
294 390
82 175
124 391
163 344
66 103
79 303
389 157
316 112
8 78
367 296
223 365
203 304
155 368
120 249
6 138
16 367
140 207
186 244
369 114
331 156
270 229
260 248
300 222
11 358
8 129
36 295
45 64
126 387
177 355
52 205
74 253
270 258
152 309
300 81
294 396
177 374
8 101
28 75
303 295
344 126
293 160
76 200
370 168
250 361
355 97
273 155
357 106
24 148
112 378
391 50
99 271
304 170
33 299
334 174
12 184
341 177
2 70
309 56
25 135
287 82
185 272
76 97
344 373
100 120
53 122
151 292
373 92
39 357
88 211
223 285
266 397
58 77
334 356
356 39
354 189
125 380
279 3
124 312
24 25
51 208
85 314
258 155
219 264
343 133
115 281
58 242
74 234
230 392
160 183
141 157
119 190
56 119
56 103
175 379
47 316
175 193
92 341
333 31
394 82
276 248
6 350
392 241
1 99
320 8
265 110
255 23
34 301
96 181
15 29
341 358
266 119
128 140
86 214
246 359
199 345
384 50
66 325
229 238
72 209
281 253
242 263
178 376
275 301
271 54
33 59
146 345
272 199
71 322
44 176
92 159
114 237
245 269
345 66
79 248
133 285
394 213
278 100
233 288
173 197
164 372
232 373
24 198
73 144
281 182
113 301
120 160
126 172
98 335
377 214
145 347
154 316
222 280
398 222
275 196
60 220
272 249
177 232
331 116
35 79
6 55
221 259
87 181
123 336
23 222
287 270
251 15
397 11
84 241
277 144
28 214
251 314
14 380
132 217
280 165
394 85
236 273
9 56
47 233
374 45
122 360
28 89
117 341
149 217
287 169
330 244
286 233
349 81
59 170
195 333
265 329
322 375
113 175
317 80
351 169
83 122
282 11
353 130
287 50
81 172
99 120
215 216
71 210
299 387
219 393
371 186
372 224
65 255
220 378
90 331
43 54
345 14
124 295
252 172
307 199
301 104
251 104
137 226
46 71
112 219
173 202
52 153
390 265
6 263
311 231
83 156
146 248
209 240
26 339
369 14
106 115
293 53
219 303
379 114
389 161
162 334
264 365
296 189
392 6
213 273
331 23
230 295
8 341
239 280
324 393
147 195
215 217
85 256
329 126
43 119
80 124
4 85
88 324
203 397
211 345
43 55
80 225
65 346
22 354
103 258
264 247
74 311
135 176
55 137
165 359
0 212
116 193
249 364
218 281
327 71
116 327
372 188
16 123
386 44
372 30
76 208
46 164
195 362
212 353
265 190
278 1
101 185
340 353
66 228
157 272
71 223
73 109
22 215
13 139
287 144
30 44
258 69
8 52
17 52
223 318
274 183
86 97
238 320
22 219
35 245
209 328
54 158
42 189
91 182
325 165
137 146
114 299
318 281
218 298
111 200
160 356
325 32
70 392
0 258
52 262
381 186
25 389
82 261
387 84
156 372
196 328
6 291
398 226
260 35
337 9
81 152
103 334
292 224
151 293
54 181
21 239
116 140
260 47
350 182
80 352
360 224
285 148
100 163
269 8
333 6
180 210
306 27
1 136
50 389
284 210
311 70
175 177
316 150
350 345
157 383
367 174
290 25
7 39
379 72
349 149
137 387
1 184
333 114
44 308
26 328
6 234
376 199
350 200
306 76
83 238
8 57
307 231
266 67
356 387
137 337
350 123
260 57
0 328
321 138
246 333
102 374
367 224
157 280
232 391
76 95
9 339
284 80
168 264
164 310
95 282
153 201
205 232
327 46
76 287
125 392
101 186
230 368
283 133
307 109
157 240
137 319
109 258
390 331
229 286
108 271
241 316
163 310
30 285
47 187
80 203
136 259
314 66
355 114
197 309
39 321
378 77
65 128
235 247
386 186
185 307
147 280
253 136
51 109
376 145
29 68
271 163
142 156
52 339
122 221
367 69
379 133
65 244
327 253
360 44
90 210
153 185
2 64
262 29
389 145
66 285
243 355
75 374
380 205
384 167
310 64
180 188
319 75
35 359
391 11
11 99
361 231
377 7
294 391
186 210
289 8
343 255
353 9
309 228
52 377
215 237
166 321
210 337
352 270
243 259
144 212
141 232
71 118
292 58
11 107
28 319
101 263
156 362
12 30
367 294
201 343
380 155
256 213
218 381
39 326
169 180
378 132
354 183
273 123
356 199
35 154
376 255
93 349
378 375
28 63
53 178
97 120
340 200
308 227
353 163
352 74
131 267
52 372
83 203
223 265
50 90
252 106
399 85
193 226
36 266
312 236
191 389
134 346
397 175
162 260
5 315
395 114
78 255
21 93
280 389
20 63
333 175
364 232
351 141
7 192
339 198
385 168
385 30
35 289
8 10
397 113
391 158
291 305
217 333
52 340
62 366
296 202
18 242
295 321
259 102
125 139
24 365
266 63
78 138
333 67
289 118
15 328
214 316
130 138
348 138
51 388
338 232
302 184
128 364
378 224
200 345
63 316
351 247
66 105
130 319
81 394
88 111
7 193
159 347
340 196
353 332
18 117
135 152
189 312
271 53
343 152
271 388
380 316
293 30
283 325
382 102
385 104
39 261
257 58
28 179
367 246
378 353
351 48
143 265
303 58
293 38
181 224
170 307
386 176
306 156
158 162
122 188
66 109
53 278
168 210
114 348
349 319
79 383
226 293
45 366
317 110
298 52
225 290
75 227
377 191
319 399
254 3
227 395
129 274
287 120
192 261
48 215
306 233
321 93
208 213
32 328
307 90
143 268
355 8
385 290
352 130
43 177
16 34
72 236
92 133
323 54
288 196
215 356
343 234
92 178
13 312
14 101
279 356
370 376
378 26
11 239
360 66
57 138
133 242
386 363
5 141
284 205
138 171
205 369
275 98
70 177
39 147
129 243
334 84
185 236
34 313
313 189
326 227
29 220
241 339
129 143
133 267
256 59
192 237
282 300
356 79
134 302
72 142
321 80
107 359
231 318
13 79
110 358
196 225
164 244
43 202
308 234
2 283
398 207
326 188
366 196
183 236
304 93
305 84
349 170
142 282
234 249
20 358
168 248
29 328
364 277
345 176
100 159
332 326
289 398
180 357
324 136
364 194
20 324
121 194
311 252
138 308
342 243
372 84
290 332
324 172
353 4
21 282
93 395
36 335
129 233
218 380
114 361
198 306
151 205
88 225
180 198
376 390
397 336
339 11
154 267
166 323
138 164
86 340
282 169
19 107
16 235
396 263
394 72
55 301
68 261
379 33
205 238
249 276
76 99
342 260
129 294
269 103
235 254
218 360
314 160
34 115
0 337
11 26
93 244
283 65
367 223
378 292
199 388
265 325
117 279
150 263
44 203
112 223
39 99
108 285
87 212
356 368
356 85
379 64
71 333
175 250
217 263
57 318
90 135
302 160
317 29
189 382
312 214
320 364
365 58
36 275
128 226
24 283
349 86
355 234
67 75
164 278
38 248
55 113
202 231
104 333
312 42
147 342
162 287
333 230
29 283
0 58
21 133
110 248
54 381
385 144
382 171
139 199
115 299
154 367
276 46
310 111
298 252
10 378
126 376
387 46
330 120
224 370
45 217
386 103
180 197
342 297
238 358
293 326
11 328
45 325
352 115
40 360
282 112
262 261
57 309
131 150
328 221
117 195
271 66
389 31
235 311
330 393
84 154
51 181
300 49
32 245
283 340
43 154
326 383
370 187
123 387
395 172
93 117
367 129
319 244
189 205
362 283
307 355
229 380
59 214
361 1
22 331
157 251
92 200
63 175
187 199
15 391
388 192
252 18
194 198
168 386
224 245
87 280
17 325
195 287
183 357
97 328
261 148
146 348
121 304
29 64
67 130
34 226
85 387
258 160
331 56
260 282
163 220
377 57
267 143
38 90
275 220
370 379
196 287
100 189
13 68
243 363
9 236
17 105
257 305
304 15
36 134
68 282
374 295
268 194
23 125
51 138
79 125
242 306
37 132
49 199
262 176
136 213
142 146
350 114
197 282
63 225
13 221
282 346
333 186
2 208
291 327
118 336
174 208
267 339
133 263
50 343
159 173
144 389
106 351
284 68
86 135
23 60
259 36
167 388
288 147
329 223
336 13
105 313
315 34
278 169
254 185
214 263
5 276
92 101
228 306
397 176
75 294
390 367
274 39
265 203
356 89
12 21
43 238
52 61
274 145
382 207
252 294
269 36
22 330
234 348
205 340
253 353
37 85
55 393
32 153
341 176
189 208
15 74
62 391
47 125
152 272
84 239
292 41
141 144
198 328
31 111
169 238
99 182
295 42
39 100
80 245
1 230
261 112
240 250
377 18
118 167
389 4
319 74
220 269
57 289
36 311
9 108
388 69
231 278
279 103
68 257
117 232
153 212
257 6
30 124
333 206
201 392
380 23
149 344
309 114
368 335
21 383
136 191
204 265
3 54
156 186
205 329
87 283
391 12
61 256
22 318
266 80
4 231
107 321
108 133
348 49
346 341
329 149
75 220
329 342
399 175
283 43
385 161
3 284
176 187
70 185
60 147
48 112
8 109
329 374
342 13
351 56
311 1
25 225
20 39
3 35
15 21
73 379
312 242
198 330
62 113
264 148
150 260
294 239
184 280
120 150
282 115
117 183
69 218
254 54
4 227
382 90
396 306
181 196
97 103
129 197
139 191
276 85
54 244
121 312
368 182
304 16
270 3
310 172
115 185
314 110
178 243
353 161
45 394
170 201
278 227
114 200
17 59
122 314
152 255
262 106
17 131
175 210
32 65
336 19
69 97
335 317
69 111
32 155
318 77
388 257
314 181
286 174
332 275
290 371
12 107
184 202
287 151
383 300
48 108
291 55
28 105
252 123
40 61
102 103
319 272
335 85
194 354
137 391
328 302
44 202
117 191
90 117
302 383
332 155
47 367
146 341
195 279
376 194
272 82
18 215
367 91
61 231
251 151
164 199
13 367
70 100
51 289
276 14
74 179
111 292
43 61
114 150
94 247
312 311
59 257
162 394
291 46
331 59
75 185
59 315
399 164
52 201
68 391
371 365
306 300
354 87
142 312
188 227
263 182
31 191
357 6
79 368
125 251
143 145
52 325
110 315
88 350
276 58
9 136
27 289
385 19
110 121
129 303
130 364
339 33
253 302
85 186
121 193
333 288
301 207
211 336
343 215
61 186
190 325
318 48
29 387
32 312
47 263
77 214
228 248
294 24
177 366
301 81
142 264
334 168
87 179
240 325
114 262
364 229
256 14
120 152
364 222
318 271
119 396
265 108
333 248
228 236
159 184
6 326
18 315
290 216
150 200
308 161
335 290
48 229
335 74
84 380
153 363
99 279
226 333
392 173
218 369
82 178
320 157
394 193
60 370
155 197
364 131
254 52
56 267
126 247
372 163
44 240
144 328
69 338
313 156
395 150
232 238
219 371
325 89
169 363
150 366
83 289
308 191
157 220
22 109
32 132
65 270
119 152
38 74
373 193
321 241
90 374
176 308
4 330
4 134
252 54
390 0
25 245
51 211
159 179
128 305
333 34
374 84
215 363
55 331
135 184
373 155
318 334
364 124
169 320
347 182
336 390
335 194
72 201
16 40
136 300
195 348
75 101
262 375
97 98
105 167
347 155
383 45
80 91
39 313
192 322
310 98
323 161
12 353
257 241
83 378
365 27
385 98
216 249
217 300
27 113
51 131
164 321
382 140
118 166
368 387
37 92
93 170
132 292
33 353
349 241
370 100
158 231
305 116
246 255
35 387
378 314
3 63
13 357
313 314
3 184
314 379
112 277
115 216
276 109
108 362
268 121
313 393
8 327
21 86
36 380
280 246
148 250
136 152
294 175
113 238
75 296
323 235
165 195
367 88
244 321
77 258
126 393
358 374
308 170
370 164
3 336
75 90
397 100
218 275
78 322
389 241
300 16
0 296
204 286
332 170
274 286
141 364
74 375
173 281
128 369
232 382
253 98
70 318
122 374
268 34
317 371
379 247
133 148
345 138
229 301
336 135
85 338
50 323
327 49
27 367
257 84
239 256
359 341
150 287
138 329
342 127
94 193
82 95
277 177
271 70
46 270
136 389
93 199
288 170
9 103
334 304
143 195
352 296
365 64
306 362
6 278
256 74
108 273
370 178
93 182
260 396
331 197
197 357
318 176
295 83
125 155
251 129
300 234
23 27
217 387
53 62
309 217
399 239
82 243
78 215
116 361
348 257
117 185
94 180
333 75
315 109
79 286
7 311
103 370
302 53
269 128
60 279
327 159
287 117
366 126
67 225
98 206
319 6
331 385
365 120
252 274
367 10
77 313
347 393
296 324
36 162
278 217
265 176
363 159
197 398
363 158
178 291
70 195
108 266
62 350
50 234
313 241
336 14
244 390
52 179
329 25
104 396
1 248
56 288
46 247
69 143
30 144
380 10
347 120
98 194
131 234
397 212
283 42
359 216
74 106
89 99
89 367
145 288
132 377
333 276
355 207
73 124
306 50
29 336
152 350
16 180
271 82
69 147
179 315
261 164
177 344
151 183
327 121
349 3
293 19
359 292
282 150
219 227
231 370
352 164
390 218
83 285
197 244
370 16
83 199
64 219
74 385
32 374
366 36
71 391
183 314
73 167
160 341
319 49
343 218
104 323
19 184
365 133
352 45
109 200
53 387
186 214
290 210
289 70
365 305
31 123
206 230
345 60
52 285
315 124
52 397
258 115
333 24
87 290
55 217
341 84
13 24
230 267
338 75
142 204
295 232
19 80
372 13
250 260
282 38
61 152
311 216
54 260
355 49
293 213
290 159
177 178
290 302
375 79
377 386
389 242
130 207
271 164
14 344
325 235
50 58
24 63
6 229
122 322
167 168
247 350
25 229
291 86
126 211
90 212
355 385
144 327
254 65
280 340
57 156
171 319
330 203
74 363
348 33
74 206
350 50
382 44
101 149
208 267
273 286
391 132
137 357
269 175
359 175
229 346
41 265
107 233
374 171
77 84
239 398
127 340
251 78
381 251
100 355
249 277
311 221
38 171
378 208
133 245
57 167
106 395
390 112
130 258
120 332
125 204
327 0
347 237
51 97
388 38
359 97
134 235
205 356
276 11
79 337
252 267
236 349
360 240
291 127
248 347
347 190
94 371
5 342
316 222
310 210
53 75
304 66
116 121
43 130
7 79
321 153
376 111
109 223
54 235
85 268
60 81
45 131
281 68
316 12
289 46
345 155
386 91
300 220
217 221
172 377
386 48
5 227
349 121
50 93
165 208
363 114
163 397
214 352
18 34
26 389
358 310
24 62
295 233
87 117
103 125
83 246
256 122
384 303
379 345
378 244
38 343
375 155
108 139
5 354
359 240
299 137
49 204
82 301
123 228
92 387
172 333
284 51
102 261
17 251
238 255
346 133
197 367
152 274
216 251
11 129
172 237
189 215
274 278
68 227
49 67
236 386
203 375
134 371
45 396
174 356
6 146
193 342
327 142
121 174
379 213
22 304
346 224
178 210
311 247
162 338
162 246
33 395
14 147
44 267
216 332
48 322
25 119
316 242
19 394
70 79
181 369
137 360
180 187
353 90
303 325
97 396
11 170
90 132
93 339
186 238
331 165
243 258
124 288
273 234
31 46
339 284
185 277
0 200
240 358
259 141
1 150
59 246
313 203
342 171
210 338
171 313
52 193
271 259
369 318
391 134
377 174
0 12
356 103
396 65
363 19
302 341
32 124
115 347
156 204
35 313
16 214
39 40
376 203
36 244
180 216
18 305
109 177
227 360
372 206
384 389
354 48
103 186
352 106
167 171
163 265
74 174
176 365
372 44
270 171
208 397
192 281
381 45
186 231
141 313
125 158
49 245
130 143
265 187
398 90
99 247
394 252
5 108
269 149
345 366
36 312
29 192
256 369
366 121
290 201
323 131
319 85
131 196
92 150
92 285
373 131
36 72
17 367
238 313
170 379
85 307
17 327
90 113
76 105
39 74
170 297
379 171
134 168
331 208
246 350
49 309
140 288
311 3
103 366
57 363
121 186
339 170
387 248
340 275
380 193
95 314
64 309
48 183
375 257
161 330
227 345
136 335
23 236
308 118
269 69
287 45
260 30
277 11
303 190
157 352
145 160
35 294
307 0
48 341
351 125
60 257
30 186
307 63
267 341
219 257
339 178
176 193
260 46
23 226
325 148
327 228
285 319
25 28
272 133
15 149
123 240
48 379
270 243
357 1
61 364
375 266
103 357
371 252
76 358
392 20
14 305
255 180
323 101
322 229
209 213
99 220
40 248
88 247
314 5
117 187
108 210
300 3
3 152
343 86
275 18
31 379
250 244
325 188
113 313
343 299
243 324
399 113
338 97
135 203
353 72
367 211
107 387
255 263
71 177
158 187
338 189
351 91
19 294
258 164
202 396
143 191
37 325
59 296
169 341
270 25
349 67
349 309
100 168
150 374
44 130
286 196
167 223
265 57
302 137
357 290
87 337
80 135
194 248
280 219
43 111
209 214
335 124
374 51
83 290
399 140
253 45
388 272
355 162
355 105
211 385
301 60
159 201
329 180
149 154
45 193
44 117
34 184
180 219
378 9
149 234
283 232
20 218
217 384
377 242
238 385
343 268
346 171
35 328
9 121
108 352
97 329
188 304
351 181
91 177
50 357
185 314
308 2
168 314
119 344
57 353
279 189
144 329
370 220
290 304
1 175
296 368
231 340
38 209
285 39
50 273
101 377
7 89
255 256
350 346
174 393
236 388
123 393
114 322
257 221
2 213
313 367
276 103
83 394
161 345
356 121
372 165
90 91
252 80
348 392
278 192
203 267
91 209
258 13
267 130
384 31
125 228
257 286
125 159
365 83
255 328
300 137
225 388
16 96
166 331
272 144
392 275
298 179
230 235
267 24
7 350
325 245
361 296
33 180
305 3
91 103
64 338
171 302
17 359
7 243
103 243
62 160
257 232
362 135
112 252
304 77
319 27
376 275
285 236
221 269
22 96
353 234
65 256
114 179
363 376
113 235
216 283
50 83
369 24
82 127
256 232
222 362
342 98
12 41
302 197
375 345
51 334
206 322
84 164
156 244
398 25
16 22
356 64
72 213
210 239
82 290
394 378
178 351
317 301
226 294
251 131
152 171
265 234
379 236
257 395
119 287
10 152
56 71
316 168
358 114
63 394
78 158
237 364
105 173
339 157
255 52
10 138
37 158
306 100
301 85
115 398
145 261
215 289
47 183
236 342
62 127
12 90
345 132
174 193
75 315
34 220
7 281
68 328
342 39
126 289
161 165
2 200
156 227
72 362
122 336
108 176
214 382
129 263
49 76
211 231
110 188
6 67
366 29
10 62
235 286
256 359
375 62
22 307
273 212
108 205
6 176
141 158
159 389
257 23
270 377
296 61
40 133
193 256
350 31
212 286
10 93
384 317
103 220
97 248
365 243
367 209
94 311
152 295
61 125
395 124
93 187
228 380
374 280
16 275
171 387
280 141
87 325
100 160
53 112
107 393
398 116
289 190
113 355
368 90
139 369
195 251
374 269
250 159
397 111
242 334
59 213
253 318
304 172
119 193
350 79
271 314
249 352
235 357
285 130
393 234
278 232
295 3
379 233
394 106
32 378
251 166
355 126
16 228
65 232
47 383
137 324
183 372
75 358
112 156
362 114
307 43
123 218
108 144
371 41
54 79
47 220
136 216
305 92
10 201
187 373
11 334
138 332
372 202
105 287
56 264
338 108
219 356
256 179
313 7
302 55
324 209
108 311
273 294
81 157
384 332
75 212
276 80
330 110
335 217
305 277
278 181
327 120
16 329
330 75
39 197
170 277
339 223
353 156
370 35
95 171
281 186
41 367
184 313
290 227
373 46
161 240
382 49
358 356
91 194
323 76
279 21
22 374
222 343
83 366
350 181
344 267
260 13
107 264
106 392
53 124
205 385
378 298
0 74
381 202
241 317
187 243
388 110
336 155
164 317
258 158
351 84
338 74
299 19
247 326
92 248
56 278
51 116
227 334
176 280
293 352
158 359
92 385
1 279
331 61
310 20
72 239
393 129
99 280
173 258
247 314
45 345
366 246
307 70
274 304
149 334
136 282
364 195
300 67
264 163
296 57
56 329
381 233
33 291
49 170
8 272
168 390
133 301
115 298
267 395
320 287
207 342
29 339
397 66
385 235
1 276
165 210
231 270
247 285
116 275
139 160
288 253
280 116
353 290
102 349
185 233
45 278
72 183
83 325
35 176
28 327
365 50
123 374
337 24
193 230
18 276
176 394
397 269
7 388
274 219
79 190
158 200
327 354
176 267
292 380
225 334
250 241
378 44
25 381
365 240
41 183
140 271
55 362
218 345
321 38
2 330
383 117
8 224
313 60
35 254
64 395
30 248
87 389
183 260
283 35
362 374
9 13
207 210
178 255
244 389
147 245
335 77
19 322
171 275
330 235
305 184
386 122
223 310
21 229
70 275
244 299
377 238
63 222
76 310
83 94
76 362
242 398
214 293
331 236
45 143
375 224
331 368
313 126
130 221
37 207
156 283
372 260
99 303
133 225
68 271
212 310
251 13
5 288
230 387
126 239
170 286
71 302
52 330
150 249
70 198
372 189
92 364
371 263
302 262
243 322
63 121
13 54
96 348
87 169
284 204
397 95
392 346
329 174
32 181
164 340
267 191
161 226
105 292
288 54
180 300
309 243
104 175
105 317
307 216
367 206
326 298
142 149
348 197
349 366
87 231
354 201
356 67
132 251
111 240
74 181
188 320
29 256
82 328
182 334
42 57
15 257
291 135
115 395
195 373
113 118
286 99
122 195
24 161
10 188
397 386
97 249
23 142
17 302
277 160
330 193
287 133
246 360
305 313
327 39
40 183
306 148
331 234
46 154
39 163
369 392
294 12
92 226
263 344
104 182
364 202
22 135
71 380
58 153
156 358
355 164
10 11
139 382
32 199
45 109
68 243
368 47
26 253
390 389
382 177
238 365
120 385
244 261
336 305
368 268
49 89
190 306
244 365
66 329
45 357
377 249
224 280
56 263
138 351
388 245
6 251
382 362
204 219
75 279
126 223
378 221
178 259
217 392
239 302
278 249
165 243
157 322
346 113
279 67
201 367
311 93
288 341
107 354
176 222
89 172
220 282
363 188
112 163
7 29
231 248
94 182
69 205
195 228
223 231
374 384
147 221
184 344
165 283
241 348
76 160
276 206
49 241
315 112
346 116
263 11
287 290
129 270
35 305
13 314
0 277
255 143
47 310
361 279
44 330
386 37
2 71
322 11
104 263
18 152
175 239
324 65
180 362
356 187
283 139
33 276
251 202
38 63
78 362
25 174
395 35
263 289
12 240
389 275
40 269
178 345
250 324
336 225
297 2
251 65
300 27
141 201
36 228
383 176
78 282
307 253
368 236
129 332
279 303
26 213
24 247
315 122
271 237
345 134
85 183
375 131
118 346
34 148
280 373
300 119
325 4
392 89
18 309
109 311
171 322
281 131
270 247
250 11
341 125
237 379
262 337
383 243
111 130
89 380
384 49
221 256
67 323
23 396
84 205
342 215
71 93
194 297
87 180
128 139
198 349
98 376
298 118
321 104
83 137
318 166
334 383
273 119
114 360
293 31
110 120
342 238
116 223
267 281
368 70
378 194
102 118
96 117
71 242
90 338
178 188
316 193
354 151
76 211
233 337
28 283
91 342
6 170
45 117
82 230
127 132
367 232
261 32
18 80
383 80
262 328
80 165
40 251
94 164
20 204
107 143
397 42
252 76
383 240
175 353
7 81
321 363
280 95
22 206
380 188
120 354
82 159
22 366
135 339
323 102
335 359
110 223
47 199
9 346
4 173
69 280
363 275
192 380
110 278
213 349
261 260
352 363
319 83
339 381
23 350
336 105
52 399
39 307
182 216
375 109
335 144
221 329
394 236
344 27
45 235
260 320
379 71
136 225
257 173
268 195
165 172
251 88
381 243
106 333
389 151
231 242
113 128
291 54
224 282
52 258
30 283
289 80
257 114
319 336
254 354
360 87
67 272
265 309
359 191
316 240
277 219
72 255
43 157
365 256
33 344
2 153
364 75
48 348
33 387
145 351
140 240
344 338
397 177
280 214
23 112
98 234
253 269
271 268
204 333
119 326
201 256
39 399
357 135
220 333
43 75
366 77
345 283
350 195
274 100
100 220
157 199
391 7
120 243
260 105
120 218
7 133
341 45
226 278
377 181
36 249
43 45
336 83
193 275
9 107
73 113
303 244
212 389
227 273
154 308
250 16
102 312
0 347
27 99
107 134
361 355
285 175
134 170
40 375
378 245
243 391
319 17
122 217
309 176
161 230
195 248
290 259
305 341
314 33
128 161
339 138
111 208
41 187
293 238
284 335
256 28
261 44
35 120
259 205
168 287
203 292
354 170
355 281
75 98
87 344
399 192
260 181
390 243
138 294
207 339
272 13
293 144
286 43
121 235
309 227
169 335
30 134
222 366
358 321
329 8
3 205
64 362
262 131
258 274
365 156
168 186
14 86
362 43
268 233
354 343
357 33
381 226
2 358
10 37
8 291
133 394
25 169
19 159
248 324
272 376
357 231
285 121
295 107
358 79
330 153
57 276
290 288
4 54
57 158
388 48
389 301
373 61
7 168
34 161
359 161
195 264
39 97
359 360
282 162
328 202
296 119
257 226
192 349
248 346
43 195
190 293
152 280
272 397
144 248
226 372
254 57
191 325
333 229
220 297
227 298
204 247
16 216
183 220
12 171
22 317
358 91
135 144
343 219
82 172
222 308
9 18
20 263
292 235
179 338
394 88
214 245
221 367
16 210
294 105
127 208
9 170
83 231
6 156
309 65
313 65
296 242
157 375
198 221
8 22
199 258
218 223
71 116
233 375
35 123
360 61
1 236
122 233
189 308
259 87
301 149
26 219
309 331
300 314
332 228
262 35
275 7
310 292
63 154
300 294
58 287
264 90
289 174
343 212
298 29
276 116
6 393
393 260
138 165
305 159
339 382
93 319
147 353
345 259
80 287
322 156
335 145
35 311
53 309
370 8
328 39
53 250
192 375
389 162
353 97
211 263
23 244
272 338
130 389
26 93
228 283
60 113
132 159
268 5
233 326
312 52
322 207
370 156
388 198
86 94
11 326
104 185
331 118
316 60
374 133
119 169
22 390
36 52
285 170
346 393
333 376
388 221
87 351
45 75
288 271
165 295
174 192
348 47
95 175
78 383
202 356
47 255
296 272
34 343
111 330
131 322
141 300
319 124
359 379
265 362
85 355
350 236
157 305
87 160
9 51
289 380
281 198
102 376
345 209
372 55
39 157
48 377
398 68
37 113
252 50
13 155
227 264
295 314
59 295
23 354
363 375
114 365
359 73
62 202
102 229
104 230
1 306
160 232
293 137
50 288
252 321
124 129
3 106
5 204
0 198
273 208
81 244
274 6
190 381
88 221
32 176
139 189
246 347
249 374
246 263
70 370
336 294
90 255
308 388
282 122
283 121
63 357
348 244
288 111
376 31
105 372
125 314
113 119
50 80
119 160
158 383
103 217
54 223
277 153
273 126
282 278
146 332
223 240
141 142
55 121
166 182
212 292
350 213
120 177
328 134
314 241
137 277
354 157
23 235
191 327
159 375
79 384
126 231
203 263
294 109
161 383
170 224
364 179
381 382
283 19
148 349
148 245
368 187
74 281
235 256
128 271
80 398
198 392
314 352
74 238
187 351
31 356
321 378
238 259
277 211
0 122
347 340
327 383
216 323
93 341
372 247
204 343
80 272
166 299
42 200
96 257
10 208
18 176
250 39
388 372
219 254
376 24
377 268
370 34
123 216
17 282
295 384
365 32
87 311
327 91
393 170
321 189
390 254
394 174
14 57
351 95
319 23
334 343
161 280
378 281
333 94
167 320
251 289
158 241
393 140
21 44
252 29
363 139
318 49
246 306
18 63
129 323
362 45
84 323
58 109
57 151
78 181
172 238
133 206
371 169
80 367
262 175
272 381
37 157
102 155
317 37
160 388
315 237
117 251
341 74
267 316
148 234
48 206
24 295
140 367
136 167
21 74
256 136
315 219
58 275
90 299
42 171
399 227
323 38
204 213
53 97
277 103
264 234
76 142
141 260
138 218
375 67
40 210
43 167
1 223
355 21
116 377
303 38
230 323
354 291
344 125
312 337
2 349
314 166
288 41
343 177
316 189
114 169
285 226
33 72
112 381
19 118
65 238
245 288
112 353
267 312
375 325
358 14
142 188
380 122
6 238
192 306
333 379
8 230
142 306
177 350
144 317
265 94
80 267
176 326
233 274
184 201
371 184
41 69
296 80
392 34
344 23
25 170
286 349
354 225
155 340
315 114
167 309
257 11
312 326
6 137
151 288
280 177
28 187
70 286
296 38
324 116
86 206
291 257
182 280
375 240
42 93
294 350
379 116
50 299
308 240
288 286
378 186
210 387
394 188
352 37
290 326
75 211
41 146
201 307
6 195
346 255
288 186
122 279
205 372
332 137
305 88
240 387
389 57
339 144
149 242
59 393
106 362
352 256
305 137
278 202
141 274
130 291
398 87
149 372
327 194
165 328
119 391
329 323
294 223
179 199
73 318
373 67
234 236
314 84
254 234
261 98
382 245
3 160
20 130
197 258
205 333
217 378
195 312
337 298
25 356
264 396
117 203
311 20
72 105
143 344
316 55
367 304
187 214
244 291
169 330
177 295
3 41
150 276
234 235
316 204
387 60
243 374
250 117
107 246
94 136
314 104
331 115
134 251
163 224
15 176
309 355
219 330
27 271
11 149
120 331
187 289
18 30
74 81
128 381
349 128
105 106
130 312
250 179
301 260
288 208
343 115
94 390
384 333
188 194
271 45
259 222
3 116
14 29
39 94
293 157
315 30
84 85
81 322
123 127
386 33
260 117
324 255
201 389
163 211
139 256
212 342
293 165
15 284
90 195
47 355
365 15
350 90
159 380
290 63
24 227
78 393
185 192
347 226
288 109
397 9
217 322
87 387
344 213
339 91
264 381
172 326
27 331
281 86
311 294
177 376
4 174
120 213
142 227
358 248
395 333
7 238
253 37
69 326
259 40
124 136
147 208
85 347
142 392
294 21
288 117
25 200
169 348
225 365
107 323
352 197
16 29
18 106
4 246
149 224
275 219
203 278
143 351
70 181
387 73
297 379
325 21
86 174
117 319
257 148
345 136
10 373
66 118
275 157
176 307
272 169
59 258
159 225
277 243
4 337
26 338
72 166
1 287
325 121
43 204
30 310
251 140
335 373
124 343
158 207
254 36
33 174
149 258
85 117
202 217
165 289
356 139
100 303
287 63
89 261
50 177
222 237
6 41
136 138
276 78
250 8
57 231
118 147
141 166
320 265
52 218
57 368
105 110
310 326
135 264
362 59
317 4
382 41
29 249
54 206
232 344
94 386
71 321
93 228
108 289
233 276
103 340
361 371
218 267
14 343
379 321
272 299
20 194
253 108
266 3
27 362
78 366
319 234
283 305
26 58
373 309
27 310
329 132
225 283
7 210
184 191
369 343
139 196
77 148
338 247
85 99
6 373
56 138
368 3
227 297
258 364
94 249
245 389
318 186
78 180
222 231
40 254
159 379
152 277
120 126
187 221
6 201
324 29
357 46
167 381
328 334
391 103
117 399
332 81
303 240
313 16
59 378
114 181
100 230
71 115
269 345
287 211
28 302
4 372
394 141
44 385
386 102
173 266
47 186
64 205
187 313
187 231
387 255
317 124
11 243
253 188
271 49
101 102
230 324
357 228
1 64
40 192
113 291
352 356
339 76
34 302
284 297
245 333
32 138
132 142
385 345
259 200
64 209
173 263
67 377
245 297
111 276
339 86
352 192
57 142
271 190
64 173
267 238
24 61
149 368
132 373
335 102
90 324
300 175
398 2
359 264
212 341
266 136
182 209
313 136
225 335
282 332
164 288
8 156
259 231
129 304
189 389
395 102
277 260
318 146
115 202
319 92
36 81
28 65
383 241
122 226
87 163
57 230
151 370
131 363
296 205
388 119
397 215
239 261
359 250
312 336
55 166
383 160
13 99
357 120
386 260
359 219
120 240
66 84
199 340
270 301
128 291
61 85
79 255
179 236
102 128
17 290
123 291
260 369
168 297
111 263
69 389
140 254
302 289
303 39
7 382
374 16
211 253
31 162
376 263
35 321
52 96
75 96
281 75
3 58
26 113
166 308
76 290
260 22
35 112
163 324
146 212
176 190
258 207
271 172
358 264
50 157
12 235
286 69
304 156
204 354
94 189
312 391
158 204
200 215
37 397
373 5
89 376
335 230
382 78
100 347
160 170
89 197
54 377
305 145
4 40
316 137
93 210
396 142
236 239
252 244
149 186
256 39
256 125
327 141
397 63
155 284
76 281
83 205
324 310
40 386
279 137
199 319
160 218
189 373
302 193
374 111
252 139
53 96
7 218
85 185
26 183
207 253
165 374
107 108
139 294
168 195
119 392
249 311
31 217
286 277
369 175
360 333
219 360
367 40
7 183
148 381
339 128
45 335
9 88
178 307
29 197
62 336
20 382
109 148
359 197
337 50
395 76
310 24
294 179
294 3
148 309
333 128
228 330
339 292
105 154
309 226
386 391
252 25
381 137
103 373
137 247
302 49
102 245
80 188
23 159
348 60
210 373
153 329
51 106
29 149
128 222
261 211
186 192
41 152
390 307
128 324
14 298
97 111
39 391
365 78
281 144
273 281
390 81
97 370
124 353
104 141
345 249
269 337
49 158
289 85
110 221
53 372
346 321
323 168
130 372
5 171
245 321
83 258
389 240
158 299
384 59
7 329
373 178
275 246
378 81
64 77
26 274
194 370
145 380
27 334
163 202
305 80
353 243
3 261
324 115
139 257
279 59
336 92
297 319
378 37
259 262
316 64
16 116
304 238
349 62
366 39
296 177
197 382
123 270
287 157
79 129
93 298
33 158
57 191
147 200
397 47
70 323
208 361
13 48
31 203
285 382
35 297
131 239
8 338
38 86
375 116
262 65
87 294
107 261
294 55
389 305
68 394
69 91
289 340
91 382
44 89
208 290
393 392
332 195
187 343
137 210
29 131
4 301
334 226
115 244
377 178
312 243
44 115
235 328
62 308
376 347
4 66
327 248
32 229
4 27
279 305
82 125
283 78
272 124
230 307
349 59
51 77
331 127
315 7
388 159
315 42
16 91
44 154
81 309
153 302
160 189
135 136
100 148
244 367
250 149
264 37
150 189
171 308
100 180
55 276
57 125
276 207
20 187
204 362
124 210
27 303
356 129
109 356
319 18
86 316
60 164
311 67
385 123
330 194
274 207
271 96
41 355
163 374
63 188
30 222
276 324
173 284
156 269
275 181
268 51
389 234
383 288
73 285
149 173
291 226
213 234
229 304
157 361
122 250
291 231
396 203
67 327
68 169
87 203
11 327
110 183
298 200
349 227
167 363
383 319
109 171
318 121
187 381
312 27
20 292
25 392
317 177
35 158
25 76
86 229
327 184
65 173
75 171
253 390
151 215
27 61
36 325
321 272
303 229
8 144
333 62
27 160
359 71
78 193
278 106
115 252
337 155
156 367
176 368
345 64
198 275
88 313
28 123
93 368
381 115
295 347
73 231
198 239
126 210
204 225
395 51
382 194
123 154
10 364
339 394
138 284
236 296
395 7
65 175
124 208
117 175
70 197
23 274
316 0
96 214
344 56
51 203
274 108
265 26
263 64
33 110
334 372
149 252
48 156
271 25
165 182
4 257
225 231
71 107
173 241
130 318
319 376
354 226
33 120
387 341
64 120
9 134
59 129
259 272
383 3
38 128
92 147
20 178
87 147
310 29
261 222
146 367
158 165
303 318
91 265
262 107
61 332
171 216
78 84
193 292
350 142
361 28
7 115
382 209
97 197
88 307
47 166
276 42
358 285
325 65
30 263
197 198
146 325
277 278
333 47
235 313
273 354
394 150
326 109
371 168
91 392
35 148
154 260
95 113
309 195
217 385
97 267
110 357
104 398
33 160
338 175
110 116
296 71
128 248
337 238
215 385
22 35
337 392
2 17
336 103
55 76
321 296
298 176
0 29
79 105
232 318
268 206
171 186
155 390
218 235
291 344
272 2
394 237
346 21
67 73
70 383
17 378
45 232
389 224
126 185
174 260
72 330
150 247
312 3
256 116
109 391
356 361
52 391
250 243
153 264
192 219
134 257
5 178
183 287
46 94
373 127
51 249
206 319
307 125
289 140
233 314
139 266
142 152
149 353
31 271
384 375
322 204
8 393
173 376
312 167
165 288
304 374
39 359
228 246
293 16
231 251
31 299
205 325
8 142
358 49
275 52
328 179
114 268
242 360
283 186
71 381
318 376
382 15
66 227
313 62
49 362
179 379
337 249
33 213
63 398
112 357
68 129
74 273
186 398
27 317
343 117
79 278
256 13
294 77
153 253
370 148
226 267
91 313
99 360
338 29
313 219
390 113
373 58
91 139
30 261
348 309
123 161
374 128
185 208
300 98
269 170
126 399
180 213
242 346
289 230
9 348
153 206
244 338
20 216
307 243
203 215
277 206
394 186
201 364
329 350
308 305
251 39
277 60
330 380
3 83
387 22
311 327
123 292
385 396
15 155
93 348
123 201
274 363
102 183
140 252
339 219
101 341
313 140
37 151
389 131
240 279
77 285
42 221
335 293
188 309
85 231
96 152
4 299
125 142
56 134
67 193
120 296
182 314
256 128
164 314
105 185
282 29
340 88
96 203
269 55
250 80
374 196
24 241
191 268
303 143
396 129
271 178
238 243
373 28
84 346
329 190
286 75
148 187
58 314
49 214
52 291
106 131
232 317
143 144
128 134
169 288
290 172
315 72
210 257
340 241
300 94
146 389
370 43
272 326
397 138
25 133
222 377
282 268
58 379
245 396
278 208
286 29
269 13
116 194
136 359
28 395
248 332
206 363
170 336
352 119
141 293
68 312
54 369
301 238
399 5
263 50
369 164
379 218
146 287
62 361
83 385
2 111
52 364
356 101
259 237
316 270
307 168
22 362
351 5
314 1
117 374
331 369
356 28
10 140
329 30
127 347
266 331
136 318
374 39
302 60
110 238
13 330
348 162
76 206
375 140
93 390
202 221
148 273
39 200
306 280
327 333
345 334
135 267
177 186
76 275
102 258
375 75
397 108
152 377
354 221
326 77
26 261
296 5
69 77
375 160
75 124
128 285
145 356
266 127
393 353
249 356
379 163
75 168
328 392
11 109
46 323
88 288
273 363
168 254
83 286
375 56
310 87
361 239
121 269
26 214
344 100
58 262
14 354
44 263
279 194
169 279
364 216
345 254
364 145
325 50
22 339
197 221
284 156
350 223
372 306
293 224
254 84
275 369
341 156
258 142
259 248
6 161
239 334
262 246
62 192
395 163
227 369
113 333
353 94
332 262
17 361
359 178
129 239
28 223
328 132
111 326
86 382
299 125
141 234
109 115
268 184
321 341
294 284
8 115
177 395
273 88
326 255
212 282
322 170
171 203
368 134
24 145
320 316
71 120
313 247
43 166
399 166
14 213
361 3
128 382
230 362
21 311
160 163
8 367
334 68
52 75
73 277
245 324
84 288
331 373
68 69
61 197
175 176
252 221
310 7
33 275
334 90
183 345
310 169
99 149
209 308
378 249
186 301
323 223
130 260
114 119
324 218
170 197
365 169
104 160
63 182
310 85
59 269
179 365
270 70
269 335
53 137
14 138
18 381
190 248
62 143
6 112
96 143
125 313
249 263
52 55
13 393
325 203
262 45
55 383
10 163
92 377
204 238
290 139
102 104
156 263
166 232
347 104
346 92
10 95
269 223
167 200
340 204
282 202
27 342
8 61
127 395
281 81
78 206
359 290
234 314
299 379
6 121
211 388
294 6
284 349
203 261
2 187
11 28
248 254
1 39
141 206
99 153
356 167
92 330
330 5
11 144
299 362
309 184
142 360
78 309
147 307
398 233
52 390
65 293
262 188
189 341
283 22
63 114
281 141
345 100
13 266
384 241
265 242
86 379
282 338
83 222
119 341
12 144
380 40
21 364
288 65
365 144
338 98
22 395
296 245
278 326
144 309
370 138
361 129
284 389
198 260
143 306
165 176
339 384
24 359
282 191
342 169
293 134
6 45
308 18
7 117
338 4
77 262
49 58
93 292
290 393
197 290
26 387
4 69
68 193
144 222
251 261
298 92
1 243
96 399
32 246
75 123
322 190
67 345
60 273
151 360
1 123
303 360
10 284
302 356
38 210
341 334
263 12
196 276
384 177
263 241
376 218
393 342
107 370
361 142
72 259
389 82
22 150
98 381
21 123
384 53
90 265
43 162
83 190
255 29
120 377
280 281
290 169
319 377
333 174
261 332
169 392
372 15
145 152
398 85
259 73
279 130
311 162
314 228
107 388
25 55
105 291
35 353
130 315
177 307
274 148
334 18
174 240
310 332
61 287
24 324
198 253
203 327
326 356
80 129
178 194
258 123
363 53
65 104
395 85
111 115
255 304
263 360
162 177
118 372
130 182
26 373
143 246
18 161
67 364
290 136
330 135
131 394
398 250
365 235
291 163
202 398
274 175
287 206
371 70
307 130
206 379
262 27
213 352
216 389
369 81
391 151
326 148
30 301
312 232
327 306
173 208
1 399
327 209
393 226
67 312
395 78
18 350
380 63
225 250
29 372
292 305
286 131
174 255
165 386
286 28
292 225
0 305
264 81
1 201
336 143
388 42
81 234
369 62
260 23
242 357
343 180
291 204
278 222
363 127
325 271
397 65
345 368
392 54
387 81
88 248
11 394
391 168
159 187
194 276
271 372
362 5
46 108
28 66
306 255
329 63
54 251
112 306
206 284
147 220
338 228
233 346
194 386
269 34
305 26
240 286
326 243
336 351
17 169
320 27
321 393
319 139
13 27
147 390
18 126
58 192
368 214
260 89
104 397
88 176
73 347
280 368
335 213
135 164
26 43
396 249
50 224
307 66
389 33
112 366
225 271
397 16
57 174
0 263
383 105
314 219
94 105
240 281
371 124
74 90
342 293
205 286
181 363
57 145
397 115
386 366
208 219
318 190
21 291
192 250
192 243
164 239
161 249
65 297
364 26
90 217
297 21
102 131
44 196
19 338
234 303
307 37
61 242
85 89
45 165
324 293
28 127
333 189
151 275
387 43
343 220
34 327
296 194
20 170
284 126
47 196
358 314
39 266
365 13
19 362
166 303
37 128
321 340
2 212
72 395
211 271
0 209
348 352
259 217
158 164
237 380
314 153
362 353
22 241
368 89
177 187
316 14
12 196
30 225
42 139
335 237
217 287
286 149
389 293
265 8
35 62
258 242
12 63
41 254
113 168
12 60
333 137
290 5
28 268
377 382
109 370
223 235
75 321
28 135
337 144
187 325
167 237
158 306
302 247
69 293
154 277
309 262
389 94
295 144
252 13
3 36
73 309
177 228
287 134
46 180
24 126
177 205
337 177
39 203
253 66
43 300
269 71
53 349
297 25
305 372
257 19
125 245
340 99
162 335
301 61
73 353
168 356
135 274
290 77
393 98
305 203
294 185
49 189
236 302
311 375
3 81
21 353
127 334
64 270
204 369
284 2
183 197
327 324
389 238
70 75
300 6
63 238
215 326
158 341
284 170
280 170
321 81
100 239
114 145
221 338
33 363
395 23
296 217
47 322
179 231
271 186
3 319
359 223
262 21
343 232
279 311
142 159
175 304
363 177
75 283
33 279
349 101
261 104
315 194
304 389
283 120
260 399
187 344
20 217
348 50
233 298
385 240
139 281
16 139
325 142
239 272
153 173
384 246
311 287
392 236
128 322
378 30
288 235
259 223
20 224
343 68
99 157
232 378
321 339
193 259
77 305
131 342
142 186
188 390
9 391
323 222
319 88
76 193
391 189
91 370
366 247
246 289
54 73
216 335
63 174
227 270
167 243
95 253
341 214
75 304
87 356
281 156
298 61
229 271
298 27
269 130
200 293
319 169
37 183
91 110
128 210
382 250
212 351
97 263
334 2
268 277
290 235
383 210
43 91
323 178
155 396
94 151
228 239
98 305
295 136
297 53
378 342
45 145
291 4
102 208
66 353
247 388
70 367
238 397
265 157
391 1
340 300
361 38
219 329
368 196
272 212
331 39
138 156
267 244
123 246
52 309
72 110
84 216
111 327
356 325
41 256
312 285
371 231
371 142
122 151
39 182
14 364
22 39
18 300
171 221
150 183
29 346
78 335
364 60
316 279
267 367
252 201
213 285
34 97
373 102
104 257
64 248
59 111
32 140
72 290
396 49
271 78
33 131
385 158
285 74
2 191
198 242
367 263
16 372
93 124
386 188
298 247
196 295
368 341
303 269
27 72
238 393
262 81
261 1
259 185
257 32
213 392
147 310
396 167
343 40
121 272
122 238
342 229
58 341
59 327
12 247
335 31
227 381
363 135
384 121
252 282
44 87
79 106
92 314
270 94
109 212
299 24
79 387
349 238
7 365
68 336
259 168
161 279
200 318
265 225
398 138
191 280
184 362
17 112
71 375
199 392
209 344
175 347
374 283
151 283
89 233
285 164
0 16
20 272
357 73
48 279
99 115
322 244
336 4
74 257
35 193
14 37
102 149
303 330
200 295
373 353
108 302
96 163
342 85
222 260
117 333
148 162
134 190
346 150
196 348
361 186
77 315
158 396
206 384
157 278
125 390
397 199
364 359
139 222
236 335
100 145
136 272
324 226
50 72
255 56
365 63
207 373
7 36
152 163
291 89
208 258
26 223
297 129
338 191
22 396
308 123
278 114
1 269
137 152
232 241
259 319
303 49
302 107
173 251
29 102
261 354
307 218
325 6
385 128
221 349
252 27
302 230
114 138
203 268
129 379
379 363
239 339
275 174
2 21
156 239
370 149
222 386
292 39
85 97
37 330
26 224
394 164
38 55
80 264
124 137
397 39
391 107
150 155
121 209
331 240
318 67
33 139
165 252
9 204
138 215
385 105
392 364
349 253
334 286
143 211
214 255
270 246
356 22
137 368
100 366
304 279
77 235
140 333
97 161
368 112
239 355
20 40
90 106
202 270
388 228
271 160
137 141
238 290
48 123
286 372
316 8
312 360
8 138
317 135
36 287
38 378
139 210
334 85
41 53
250 19
270 240
272 117
72 191
34 167
7 31
297 60
216 388
53 361
344 65
338 173
204 240
104 269
171 249
317 201
296 105
394 9
392 309
262 344
202 365
169 346
22 71
264 183
3 359
309 276
241 356
202 289
86 393
111 250
95 200
71 124
208 286
86 365
264 262
38 399
108 221
69 226
141 358
122 131
290 241
332 52
98 237
323 354
377 30
55 242
31 182
385 93
54 212
267 217
73 382
66 129
63 143
384 165
262 369
109 146
50 225
0 138
62 235
111 345
206 227
326 181
323 119
305 6
320 345
145 155
159 255
254 149
39 277
253 3
193 284
35 171
46 287
105 305
348 156
350 4
262 389
57 385
53 237
197 322
79 380
308 139
91 344
56 171
392 11
289 37
297 135
314 38
330 182
70 164
398 211
62 122
262 321
1 89
56 62
327 123
307 257
153 348
14 306
376 116
63 132
152 211
259 35
21 204
324 222
151 330
131 212
24 392
256 368
346 340
318 59
293 219
241 280
227 303
133 296
42 282
301 45
51 74
165 345
397 106
283 247
130 229
178 366
349 302
307 346
280 22
173 359
158 185
134 143
167 392
132 227
266 345
288 141
380 305
32 340
342 333
70 273
156 208
319 95
215 290
216 278
121 392
34 188
382 48
11 114
253 127
73 295
237 247
95 169
5 237
8 160
97 133
228 355
278 337
387 312
67 98
174 398
65 83
49 79
32 313
314 209
21 82
137 335
66 138
228 249
366 192
386 338
322 13
158 215
94 103
270 170
258 41
124 198
156 340
394 31
97 258
24 318
74 214
226 338
319 173
113 222
345 86
80 263
255 69
393 232
192 215
23 88
160 359
83 351
102 204
173 325
113 218
313 135
271 102
309 381
59 110
369 91
86 157
288 174
0 221
387 234
256 163
70 358
395 42
25 106
79 121
335 204
80 138
378 188
81 192
166 278
154 176
102 221
19 241
396 390
269 208
290 209
290 55
392 280
73 157
145 382
117 275
99 292
359 232
235 299
140 210
16 373
377 97
85 295
306 303
95 184
131 237
73 93
32 102
157 299
83 119
22 157
340 80
387 105
355 53
375 126
72 352
31 279
168 327
164 169
101 224
335 172
254 139
281 189
371 282
345 123
332 107
185 316
243 382
6 14
41 49
170 195
205 221
61 225
386 147
321 171
148 284
330 376
289 333
100 375
293 162
77 160
318 187
78 123
257 17
366 128
17 170
325 249
181 193
19 175
170 192
255 252
139 156
128 204
130 288
298 328
335 396
121 257
257 218
393 164
190 370
353 20
194 238
357 22
15 327
125 170
33 384
118 329
291 14
293 186
343 137
216 328
32 263
0 357
366 74
353 170
396 382
265 207
235 367
196 279
311 27
81 383
354 106
221 348
256 196
3 199
333 179
91 113
179 248
316 53
333 286
238 371
261 40
8 157
79 101
339 153
310 5
4 377
30 180
20 247
88 354
8 363
43 312
297 193
346 148
357 149
167 266
313 315
349 233
36 353
2 119
47 86
265 180
55 87
346 236
257 229
382 255
242 374
348 288
328 173
397 222
33 310
339 131
96 97
193 370
306 54
237 389
271 331
21 90
170 399
269 49
261 29
79 364
34 305
327 362
108 272
125 347
318 242
148 302
295 181
164 354
314 45
305 75
254 153
377 166
348 232
300 56
74 381
8 282
220 379
329 239
346 204
295 387
291 139
52 184
28 185
36 68
187 230
247 375
280 7
373 76
16 157
318 339
6 21
232 394
165 306
328 105
80 169
200 381
218 240
295 322
57 140
193 217
311 85
61 187
275 149
56 100
273 308
68 213
354 309
274 58
353 327
268 117
390 72
81 90
95 201
126 392
356 172
112 193
300 369
371 273
179 192
28 86
60 150
15 334
209 252
39 185
111 170
301 341
345 74
350 87
42 375
29 398
157 277
274 5
364 99
370 378
288 228
326 13
37 342
300 22
354 82
57 104
250 262
12 266
310 236
131 306
291 39
205 237
398 260
167 316
360 204
257 181
41 389
263 239
333 46
343 196
293 86
370 356
291 359
335 306
268 72
77 81
300 62
260 93
18 352
333 105
114 180
396 178
69 387
133 147
160 284
296 92
253 200
173 395
118 211
250 170
389 45
93 180
363 302
270 239
366 168
16 323
144 396
86 136
108 200
27 335
279 127
399 178
96 394
12 67
266 325
356 90
379 113
31 184
6 173
90 140
20 215
14 228
209 233
201 291
230 240
313 379
111 150
353 242
348 83
338 194
79 262
183 369
149 363
67 367
40 338
377 124
156 220
274 328
212 352
114 267
196 223
291 298
129 388
96 119
26 244
47 124
107 373
376 65
373 261
356 156
87 211
89 227
319 160
270 111
0 92
112 254
377 42
323 267
184 216
54 395
220 326
144 324
238 350
112 148
150 234
143 222
66 94
95 394
85 248
398 137
369 46
61 62
74 217
339 361
279 0
336 317
366 8
270 242
9 224
170 316
292 249
329 80
42 193
230 252
264 30
299 392
12 370
3 391
316 126
296 327
396 181
354 255
261 224
18 322
382 342
385 340
148 337
82 161
217 314
315 225
1 298
135 242
256 148
111 248
373 72
118 380
290 66
43 318
105 233
322 221
398 304
151 165
130 174
350 330
56 146
355 78
56 121
276 396
335 97
110 292
257 190
185 350
53 161
379 82
368 136
162 170
375 339
327 335
52 268
201 347
36 171
293 94
298 181
382 151
346 369
15 39
369 119
109 224
116 175
364 332
156 352
95 223
264 12
90 105
340 49
368 263
54 308
399 51
233 303
342 132
192 309
34 172
345 337
317 218
197 381
43 372
284 32
219 321
55 387
291 58
268 142
233 334
380 30
365 298
12 376
1 104
333 93
133 331
169 328
389 116
276 134
136 311
306 18
263 319
379 219
379 6
124 214
145 165
118 303
151 154
58 225
274 220
268 94
172 175
367 318
358 217
271 127
22 168
279 186
99 326
222 295
344 172
372 72
69 223
364 88
307 81
341 314
129 306
39 283
3 5
242 288
285 231
110 382
124 346
335 187
347 80
330 332
46 172
6 245
46 392
105 115
334 170
393 239
268 342
359 40
368 169
49 121
390 37
56 394
395 174
64 163
161 370
388 168
389 140
120 381
24 240
310 192
25 362
119 180
67 184
35 307
306 290
284 24
39 229
42 367
283 332
0 128
257 319
172 239
251 22
152 201
46 228
281 213
159 298
127 236
283 241
265 232
162 299
85 304
203 220
97 350
161 374
33 265
290 202
342 290
102 313
362 209
152 232
292 198
40 158
310 14
244 394
125 217
25 213
118 187
303 177
386 50
22 265
373 293
114 244
52 209
127 321
361 33
54 313
46 91
340 120
96 108
197 286
22 379
48 182
361 230
203 367
337 218
92 218
16 353
108 119
27 169
341 221
271 149
333 367
3 224
69 229
320 252
87 182
27 195
379 146
200 371
168 228
27 399
51 343
35 246
374 198
119 204
351 96
18 124
328 124
4 106
222 382
391 14
380 142
298 192
377 279
107 167
6 273
308 229
320 23
294 211
66 210
25 79
39 278
332 100
358 5
80 100
181 197
249 252
198 340
339 320
168 353
182 359
189 274
49 134
119 233
173 298
108 115
288 177
286 39
119 372
280 225
321 146
48 225
70 344
17 24
104 297
57 357
250 12
388 146
90 355
110 280
4 95
61 349
394 29
127 197
30 361
282 133
185 273
279 238
5 225
329 177
30 217
62 321
22 213
158 331
43 331
389 330
268 370
23 155
231 363
347 271
55 307
311 50
354 60
71 235
366 167
76 234
249 307
352 53
356 54
348 171
4 59
226 271
32 185
132 343
86 387
290 363
350 125
314 94
352 27
370 284
325 34
263 154
343 185
5 233
190 330
61 111
123 165
314 277
83 318
391 202
233 370
375 300
167 351
191 250
302 368
253 245
301 11
160 208
268 295
325 96
314 50
10 269
381 110
79 193
188 342
394 314
249 398
178 190
178 332
288 3
327 164
384 152
17 326
389 243
380 130
69 221
46 170
189 272
103 295
232 235
241 272
79 399
292 66
14 49
194 240
3 43
298 376
228 353
6 310
254 156
22 229
10 63
265 40
122 289
263 83
61 374
59 100
29 117
363 230
20 137
342 1
338 149
42 241
328 108
284 88
126 365
23 33
129 309
280 332
60 247
298 44
202 339
395 388
273 242
262 108
20 56
399 212
256 33
203 245
64 127
241 350
361 7
276 321
356 389
331 29
280 47
129 162
360 362
185 221
192 317
275 298
198 217
305 25
183 201
374 275
96 122
223 260
3 313
254 146
368 87
309 146
147 196
95 180
397 31
98 182
43 393
399 185
62 399
71 364
148 181
300 41
342 216
131 399
22 149
216 281
29 154
77 120
197 364
291 166
59 63
9 216
145 253
51 310
105 206
379 369
351 55
213 319
371 327
290 64
371 157
14 52
123 125
379 226
63 331
36 384
264 303
327 58
153 305
90 111
37 53
307 17
369 180
289 4
201 234
94 185
270 220
264 27
27 396
17 35
217 395
130 154
14 202
116 134
216 379
268 200
129 319
42 120
359 222
136 242
156 396
88 320
327 109
53 60
243 285
259 211
372 39
50 298
224 300
205 231
206 356
10 243
205 302
335 135
321 48
244 336
173 322
70 347
295 220
98 344
36 224
332 277
205 349
49 247
264 172
74 77
182 313
372 108
281 207
376 60
214 399
369 199
81 274
276 160
305 301
110 396
280 301
119 353
257 379
213 230
294 96
65 284
153 381
257 30
371 13
46 152
295 199
310 367
288 317
80 365
137 346
104 392
220 354
162 352
299 122
284 130
286 93
138 166
298 212
265 206
170 254
127 326
193 268
78 113
26 184
297 322
273 275
158 386
305 164
164 376
55 160
56 179
72 229
295 160
284 149
385 49
276 45
247 300
376 136
54 114
386 178
99 139
155 199
102 398
33 114
25 90
348 41
118 349
391 167
371 197
205 378
263 125
374 42
283 122
381 111
131 193
315 280
251 48
370 176
301 237
175 385
120 206
135 246
363 174
103 114
282 127
144 387
251 338
162 163
380 344
221 315
384 242
183 211
252 268
319 62
16 53
26 358
133 336
179 332
283 303
70 366
9 226
115 292
143 218
372 378
274 110
40 225
244 296
291 35
11 72
375 73
7 224
119 364
91 99
315 100
314 0
297 224
17 150
313 83
360 225
252 211
29 219
229 262
350 218
283 67
305 249
289 192
66 297
297 238
50 368
261 216
224 286
370 117
89 159
95 122
258 278
280 11
63 165
146 351
38 198
197 205
114 332
91 371
9 271
159 189
373 217
24 119
41 229
180 239
202 266
333 83
271 59
10 238
1 251
385 23
370 225
221 242
281 59
87 260
257 299
387 168
270 342
360 213
61 138
331 38
187 302
18 247
327 218
381 346
292 266
289 9
297 180
255 298
270 12
362 40
13 250
200 346
19 333
254 243
110 356
184 373
304 198
255 284
84 397
287 227
159 302
148 318
126 331
124 362
303 397
66 296
237 345
361 365
291 122
22 270
34 90
10 51
13 166
256 106
11 214
36 317
42 69
47 212
378 206
27 45
280 231
278 28
276 269
324 77
178 250
354 298
147 384
338 61
46 200
141 346
116 162
175 340
23 51
265 64
141 360
115 394
239 352
265 135
64 393
394 194
176 186
132 171
364 120
86 302
191 356
256 186
113 244
26 210
179 237
91 215
107 375
242 344
234 358
353 220
375 317
249 281
350 174
227 356
54 388
150 206
196 254
112 158
87 90
263 184
266 42
391 185
353 122
10 342
60 187
11 124
82 310
136 390
196 230
373 56
250 21
56 266
168 380
63 81
10 263
250 70
188 396
130 190
291 107
255 207
157 259
102 225
390 231
107 235
316 51
3 117
266 162
101 190
340 176
131 354
15 296
328 199
386 58
367 196
255 184
352 1
304 200
279 193
398 133
114 202
291 322
127 284
396 16
369 304
285 338
39 207
43 100
99 263
202 243
62 191
351 82
32 368
235 262
340 224
221 353
181 221
262 110
61 83
186 348
106 218
259 99
19 354
62 316
68 233
364 295
371 189
103 346
155 367
147 188
313 40
80 339
58 172
257 231
151 153
245 344
269 72
26 124
82 270
46 351
97 260
140 141
68 262
31 169
298 96
80 218
389 291
122 252
116 259
344 89
69 123
38 357
108 360
162 208
394 98
117 257
319 120
97 105
65 225
130 270
196 333
337 11
292 282
229 287
354 171
192 391
278 354
244 374
32 52
358 251
375 32
242 354
315 37
324 107
170 173
310 353
300 46
175 187
101 335
42 73
245 385
59 72
378 27
164 260
316 157
254 53
38 140
324 1
398 73
44 274
222 253
258 66
210 231
315 148
29 213
38 267
203 380
40 263
308 201
393 169
350 116
10 15
176 297
373 139
152 224
280 290
57 193
281 137
317 396
22 104
90 247
46 337
43 399
276 156
106 275
163 214
158 199
381 224
306 235
242 330
357 391
59 352
260 344
147 377
154 342
332 67
319 159
43 276
99 163
389 74
16 99
330 285
281 197
345 367
268 232
327 1
68 229
253 13
319 225
351 157
387 156
313 344
318 128
97 395
79 212
99 353
174 392
280 118
357 60
304 149
329 10
185 285
49 100
209 364
35 386
42 387
278 267
257 178
399 241
383 310
162 220
0 398
50 182
237 254
223 348
280 173
151 282
1 307
230 242
264 189
156 164
219 366
399 30
8 298
279 233
358 102
271 47
46 278
296 112
151 334
84 225
124 221
0 359
124 235
326 265
9 180
77 352
75 378
48 334
163 370
6 365
207 369
71 105
15 358
378 176
18 232
1 210
73 294
395 46
368 4
314 40
321 259
352 46
218 251
372 101
18 62
102 343
214 287
289 166
368 310
354 65
286 141
292 231
87 314
42 79
140 327
348 239
154 159
340 373
157 247
355 158
3 8
135 382
286 72
324 85
344 200
4 266
73 126
92 249
345 294
340 46
79 341
280 17
75 240
388 155
383 19
1 328
168 267
360 63
354 233
300 271
341 248
271 26
355 32
360 150
0 181
52 84
41 114
357 298
284 316
327 37
356 385
251 31
166 391
396 5
353 15
308 69
310 88
57 212
19 181
48 73
218 371
25 100
35 273
59 288
111 247
316 313
14 250
181 242
253 91
333 122
316 46
124 341
154 382
254 129
337 111
329 31
87 229
120 314
91 224
332 376
274 33
289 105
68 366
399 215
281 65
389 143
114 227
267 356
30 48
113 121
133 275
8 304
42 281
221 366
396 90
310 146
41 80
305 19
52 136
327 127
133 240
11 365
283 27
327 32
197 234
280 143
37 313
254 77
347 262
26 101
30 148
320 116
329 77
131 197
67 122
57 162
302 143
336 69
137 269
258 316
380 223
368 85
148 352
139 324
393 356
138 145
388 77
337 112
364 48
73 288
331 311
44 138
133 214
70 218
127 187
367 236
23 247
263 358
90 243
165 260
106 165
212 293
104 106
271 297
74 225
15 362
28 53
8 386
65 375
43 289
369 57
18 218
164 318
70 219
209 215
304 221
299 354
65 171
314 334
353 235
352 339
105 363
170 183
275 191
386 175
53 327
245 312
20 203
18 379
318 233
109 340
113 287
354 187
29 265
87 121
243 362
0 392
120 324
50 75
84 183
253 242
338 224
92 160
250 204
23 379
91 268
334 264
236 249
180 289
178 220
239 293
79 260
137 355
124 285
267 227
132 202
166 373
28 190
84 348
129 324
309 128
393 29
168 395
333 91
36 192
94 236
282 207
188 306
307 371
225 285
76 303
76 230
101 296
332 131
306 53
230 243
264 220
377 108
183 221
142 205
148 283
222 357
40 157
99 178
342 360
281 311
377 177
265 262
144 374
103 192
86 328
368 118
222 262
66 137
156 197
75 228
25 359
134 203
137 182
20 138
140 217
240 314
308 373
1 343
28 72
342 200
172 320
319 102
331 312
316 149
384 168
237 299
385 162
392 96
34 42
256 6
35 61
285 173
105 125
363 316
46 378
43 382
237 369
140 311
79 147
392 79
0 318
45 139
383 354
278 318
282 307
12 355
314 12
73 111
63 256
108 319
246 324
342 66
299 96
172 280
60 303
295 284
340 249
81 348
49 207
28 254
51 344
74 301
75 193
301 330
30 306
144 289
330 8
47 297
56 249
11 285
318 237
84 234
384 195
334 113
390 232
349 231
344 212
125 197
38 120
358 147
81 347
133 345
353 134
171 197
391 45
365 14
369 123
259 22
62 365
228 292
342 245
262 123
291 51
108 188
3 369
69 165
77 332
60 290
179 340
243 393
99 354
40 65
57 90
149 251
301 185
377 282
351 205
295 193
36 277
261 205
344 372
307 89
124 279
12 218
390 246
365 269
273 170
122 170
201 382
215 383
143 173
316 111
129 195
158 397
15 175
314 21
194 303
182 329
6 265
301 105
0 6
10 151
289 72
133 277
322 283
283 245
13 83
133 325
55 239
170 298
39 184
359 257
64 236
328 295
272 131
296 168
65 249
77 87
159 246
309 84
4 141
194 329
21 318
140 142
136 148
259 257
191 347
4 102
17 260
91 123
299 212
33 298
277 183
185 337
182 388
328 294
25 117
257 193
11 308
301 188
145 349
176 245
130 202
42 55
168 354
217 351
164 363
79 393
337 135
370 170
132 360
108 312
379 148
132 366
205 313
360 37
194 319
12 115
183 185
18 271
343 356
54 278
314 114
129 374
362 369
5 232
137 196
198 283
344 18
384 201
1 205
86 146
393 180
389 326
316 23
191 259
125 180
169 232
38 225
31 206
380 158
174 331
223 368
391 349
53 141
72 350
386 202
150 387
188 305
318 116
370 33
120 303
227 350
97 269
41 147
198 223
357 93
110 163
106 119
292 318
9 192
389 109
79 183
61 236
329 154
326 86
254 245
156 343
7 40
374 31
267 171
13 179
291 197
2 104
55 182
36 201
385 70
346 52
399 128
129 138
243 296
168 293
42 99
219 223
294 137
74 321
14 290
74 210
294 251
33 237
13 117
81 121
387 7
302 200
316 123
170 208
14 371
49 296
196 211
276 159
367 171
55 220
253 201
258 99
354 154
344 109
8 55
366 169
82 355
29 327
38 305
328 245
113 226
135 156
374 140
275 155
158 296
337 241
259 75
371 20
58 136
69 72
254 246
249 262
73 223
384 107
70 303
165 330
251 343
122 167
49 323
56 239
248 305
388 240
376 240
204 239
136 245
85 94
110 159
98 122
99 236
92 215
280 278
191 399
118 174
140 163
170 378
385 99
205 361
128 199
273 374
33 198
272 176
9 135
118 198
79 329
93 216
65 191
328 259
391 90
61 354
137 139
140 354
197 273
266 242
50 284
192 240
129 308
131 292
91 144
384 169
179 243
61 208
88 89
96 275
49 306
333 294
278 243
357 360
16 111
227 340
327 63
200 249
292 145
91 154
101 283
226 331
330 59
335 33
83 293
14 194
166 361
10 197
376 66
185 323
73 311
210 227
358 6
132 226
156 163
370 166
277 121
263 26
167 169
346 94
172 186
78 116
151 175
142 274
224 362
87 144
25 37
254 252
376 37
48 282
350 128
258 169
31 48
181 308
29 395
209 261
139 355
342 97
353 71
56 188
197 387
83 185
358 111
69 345
141 150
276 131
16 241
104 197
321 20
127 153
375 137
308 258
55 194
355 1
306 189
45 52
293 61
375 164
63 207
4 46
325 23
123 359
31 141
375 180
313 202
382 378
156 357
375 225
313 108
374 44
303 163
199 256
214 325
112 120
381 188
143 243
196 322
257 199
353 218
299 40
392 313
347 187
269 6
43 390
137 251
167 247
331 347
47 185
373 33
68 214
140 314
295 260
67 70
74 204
39 215
7 153
56 130
345 92
227 383
199 312
161 322
250 50
343 357
288 340
259 42
396 384
339 104
316 159
347 160
281 1
115 354
254 397
341 195
373 62
354 205
254 216
187 228
162 333
94 95
311 245
376 53
67 299
16 119
120 222
47 48
302 26
368 91
77 299
74 397
136 183
14 78
85 277
341 232
3 236
292 220
310 109
29 145
357 152
88 258
0 126
283 37
54 372
152 283
91 160
369 35
60 378
118 266
254 375
296 151
296 143
8 376
4 382
13 29
93 175
141 396
319 328
90 104
139 321
347 129
302 104
101 380
103 388
389 251
305 385
132 187
56 297
394 71
98 375
198 246
374 21
100 346
220 283
358 180
120 275
142 200
297 216
257 122
261 42
345 85
57 183
216 301
183 389
372 58
254 76
48 357
379 241
90 192
68 161
156 167
363 39
128 223
268 307
386 218
50 77
267 99
274 246
269 256
280 21
254 92
158 230
368 51
324 113
383 149
52 148
82 212
322 51
319 214
282 221
295 158
52 110
17 153
331 145
81 392
338 78
329 232
57 223
179 271
21 99
128 298
96 308
225 258
15 192
258 48
299 105
90 267
292 135
45 378
63 332
368 190
389 36
304 112
265 241
395 381
111 351
318 10
307 335
32 141
236 347
206 355
196 376
199 200
45 380
92 184
321 41
354 127
74 229
97 204
326 128
93 128
363 191
110 242
332 12
309 318
343 131
94 135
312 15
39 351
395 372
250 231
43 332
384 197
365 197
253 373
373 174
288 85
114 143
59 104
179 197
5 331
327 313
133 371
67 91
248 264
24 192
263 21
200 275
93 188
386 63
100 298
283 73
344 231
65 236
312 347
207 389
340 123
54 176
383 317
249 399
123 317
384 38
169 249
197 350
252 391
264 232
338 55
311 207
357 107
155 290
6 192
16 387
379 149
155 208
323 371
283 299
10 392
336 290
331 167
268 164
68 393
42 256
310 321
191 277
134 178
381 39
45 212
151 234
108 282
114 214
289 11
252 205
250 316
62 121
97 208
45 245
391 340
202 277
92 145
184 390
336 175
5 355
171 181
380 86
395 26
359 213
94 214
118 193
256 150
321 49
330 192
392 189
225 359
386 150
358 86
41 101
174 226
382 233
198 348
15 260
266 161
195 236
392 63
12 241
64 288
392 32
37 108
20 145
148 160
333 348
40 55
353 56
148 219
93 132
44 337
313 118
249 334
296 298
272 115
120 338
329 128
282 170
225 357
126 160
294 379
336 24
107 349
282 165
54 256
43 228
75 203
123 386
41 245
85 107
66 73
260 236
58 362
38 313
270 72
235 263
330 212
167 377
154 237
318 52
294 180
70 222
310 162
120 192
375 108
289 227
272 98
344 115
55 128
77 398
40 222
147 387
336 66
225 349
309 29
57 347
383 67
167 300
92 186
141 397
163 383
69 113
191 293
182 237
228 359
185 228
109 124
231 295
393 89
32 292
82 337
53 216
349 153
344 59
294 193
14 59
374 156
360 31
65 127
177 220
137 164
357 47
107 166
145 285
207 242
295 13
365 137
324 72
72 325
75 238
88 96
271 154
96 235
87 385
98 339
285 299
336 301
338 123
195 202
330 246
210 371
339 195
137 140
262 87
149 285
285 117
72 241
313 268
167 259
345 179
107 120
156 344
360 186
276 317
150 289
233 366
368 219
21 397
148 313
202 317
44 79
181 328
290 123
59 237
63 356
14 363
157 356
318 221
67 94
300 230
16 164
367 59
375 210
348 32
99 272
228 366
356 3
18 369
139 345
347 209
348 23
214 219
71 207
115 373
219 349
54 69
269 323
118 286
58 156
75 174
261 88
98 307
41 392
101 171
48 99
13 187
372 38
157 186
218 291
371 264
38 280
35 332
309 297
82 297
230 384
70 276
207 349
358 303
250 86
41 359
332 143
194 283
149 360
116 191
59 69
271 233
397 73
133 136
311 110
108 222
120 394
176 196
67 79
357 153
205 295
322 178
310 305
80 396
354 132
61 397
101 399
381 64
64 155
22 25
86 344
382 127
398 128
321 142
319 355
315 333
68 137
269 70
337 232
120 212
82 142
51 206
21 131
362 315
262 129
255 277
10 223
77 384
9 219
140 267
271 144
170 375
140 246
278 194
295 23
60 70
168 252
64 275
106 283
128 145
257 256
157 350
195 281
280 154
44 258
115 225
291 236
73 148
32 105
351 31
177 199
350 188
122 181
259 389
328 49
269 399
40 148
377 133
155 188
144 376
327 302
359 367
205 288
320 241
61 314
328 208
348 154
141 245
344 285
117 331
201 339
329 98
250 88
367 268
384 93
319 60
263 106
365 254
49 197
273 96
26 125
346 107
88 133
288 9
352 120
302 179
21 307
166 284
295 9
61 353
309 22
345 390
93 255
324 109
255 151
152 308
184 209
105 146
328 172
211 396
266 305
289 33
68 365
379 90
22 248
399 193
30 61
213 236
263 143
146 208
6 246
312 176
325 77
311 62
284 43
395 77
282 92
58 224
1 161
310 231
231 233
322 54
351 123
297 246
303 189
378 13
44 125
88 230
267 157
329 96
380 214
15 190
70 238
283 161
290 376
4 395
362 155
344 304
323 260
310 62
169 219
116 204
32 302
196 313
334 216
170 303
1 323
197 299
332 185
253 377
271 232
330 341
126 327
44 162
198 289
320 164
179 264
304 393
321 58
285 200
150 308
359 14
34 298
286 119
297 79
224 329
155 303
398 143
131 189
224 232
45 268
45 171
35 174
345 125
154 261
14 216
146 244
146 161
147 266
255 7
108 340
324 62
317 213
41 220
260 179
219 298
285 369
170 313
286 278
346 281
344 108
55 164
77 246
381 33
80 379
103 320
244 247
276 239
330 82
170 306
8 96
314 230
16 299
104 202
247 305
102 317
172 209
78 339
245 369
290 219
214 285
375 165
90 179
78 163
157 330
323 264
301 51
195 237
28 376
20 24
122 199
364 282
42 366
378 94
263 164
175 235
36 53
279 87
54 207
23 329
379 127
368 221
32 154
368 154
87 248
221 272
163 238
65 399
30 316
115 162
104 162
235 327
365 188
35 160
46 193
13 93
363 59
244 345
134 369
352 208
88 381
306 70
38 178
120 196
270 101
348 6
55 179
0 177
89 134
123 198
388 11
349 289
28 201
21 179
265 274
9 340
350 141
254 109
107 173
76 90
300 148
357 55
291 151
271 221
297 136
387 308
89 323
220 349
262 206
116 355
90 183
126 265
274 78
4 29
134 316
392 33
75 195
86 162
373 359
250 247
170 382
268 20
272 17
176 284
281 393
112 138
304 228
72 319
88 185
56 322
43 258
394 178
73 257
14 230
317 237
374 65
326 84
392 384
104 206
182 183
320 78
173 350
111 202
7 104
256 51
123 248
29 84
61 183
319 147
363 168
284 252
309 215
279 142
350 154
231 298
317 163
307 135
132 308
48 124
298 59
112 139
92 271
100 266
71 289
255 226
211 395
26 359
387 241
53 212
85 294
332 71
89 189
361 196
163 295
180 376
117 283
40 201
367 152
160 229
39 235
398 179
4 277
312 351
94 301
315 242
272 43
365 200
45 127
44 167
25 202
318 27
366 291
235 395
138 237
52 168
199 336
298 130
195 219
344 49
376 357
306 325
102 252
296 198
258 153
198 309
163 227
27 48
349 140
97 232
267 183
131 142
117 327
18 185
268 97
371 84
355 212
330 229
378 53
102 206
49 275
295 55
256 118
97 337
159 218
173 206
104 394
31 193
135 150
395 182
278 63
395 205
158 253
124 385
348 42
336 10
252 376
331 192
366 277
56 159
329 387
393 190
284 49
197 276
338 105
81 118
365 145
26 77
141 168
179 325
134 286
0 119
57 337
62 346
195 372
134 383
54 232
386 246
80 239
34 354
157 234
185 329
61 229
105 257
35 41
178 196
260 59
67 348
9 142
74 102
283 201
347 31
96 335
325 236
43 330
339 27
282 237
325 392
45 121
274 217
316 210
96 130
231 359
145 238
220 318
114 276
182 189
147 324
179 281
343 387
393 201
32 113
147 304
52 114
248 294
330 25
244 392
312 207
32 186
44 284
350 162
40 95
339 37
385 269
9 379
285 96
310 38
51 294
79 340
47 394
348 351
387 231
216 279
353 91
39 276
290 102
110 199
345 196
337 182
337 20
51 162
259 34
383 177
261 245
164 177
287 116
253 268
272 217
348 368
397 324
3 75
316 65
171 292
172 182
376 228
75 135
11 178
375 130
341 82
355 322
37 205
257 189
9 384
68 324
11 316
12 155
291 149
141 337
131 145
126 299
291 187
256 274
68 311
230 369
151 245
305 309
329 85
288 389
290 361
342 122
157 312
109 287
281 126
96 362
218 270
55 122
11 39
56 220
67 326
289 0
299 44
155 315
126 370
41 390
280 343
300 142
157 237
101 275
134 366
4 37
308 178
327 367
172 309
3 335
233 267
336 396
46 59
65 360
393 322
68 385
330 300
364 357
215 241
126 163
116 271
4 72
136 287
163 248
16 346
350 55
327 175
322 15
126 270
169 295
348 100
239 288
283 330
180 227
86 385
259 142
397 374
18 387
11 71
323 259
389 373
85 349
389 391
175 240
113 306
46 70
31 228
223 284
242 323
366 46
50 192
192 254
228 230
74 290
36 176
101 367
85 220
268 186
26 357
17 295
213 372
230 271
330 124
164 204
43 388
342 30
196 371
369 126
105 270
355 50
143 146
105 144
321 348
64 293
335 113
279 210
274 165
92 120
238 307
13 167
367 208
271 104
61 64
261 97
280 80
293 127
81 128
137 254
351 142
34 164
190 358
30 340
364 281
390 357
298 249
379 121
58 91
10 270
20 76
243 380
358 361
192 260
326 358
396 231
289 301
147 318
363 68
396 2
372 25
83 121
390 105
301 88
399 88
117 297
256 242
391 108
259 166
211 295
360 207
140 385
337 174
251 176
393 192
276 208
126 143
127 190
191 243
181 391
337 83
299 210
341 90
39 123
115 254
37 353
342 38
320 73
69 276
37 94
320 11
48 221
314 146
40 368
349 63
190 255
76 221
15 222
204 222
49 75
34 371
392 178
108 175
42 294
271 135
350 13
162 255
141 184
46 303
94 168
28 98
362 181
326 260
149 390
376 51
126 258
274 178
306 61
200 312
308 207
301 259
220 336
315 266
390 116
169 191
293 117
155 240
86 153
167 359
324 80
340 328
354 72
285 211
24 34
395 111
79 301
307 229
330 264
385 258
51 205
149 246
39 348
371 241
305 42
71 139
186 255
260 155
172 370
299 127
45 65
0 211
89 250
8 391
290 279
273 314
91 231
53 261
81 263
44 158
70 261
307 399
266 198
203 208
200 245
322 230
181 375
228 285
355 118
325 86
2 188
305 163
110 222
237 281
363 248
253 121
372 179
213 370
22 27
82 216
191 194
18 134
144 187
186 357
315 348
144 370
348 335
229 336
250 125
356 98
340 215
67 132
19 48
267 51
4 124
144 201
371 73
57 399
52 116
193 319
323 338
131 395
92 374
48 78
351 99
388 185
310 327
347 141
253 243
394 17
27 59
342 246
367 337
274 337
260 161
24 300
64 136
259 253
376 43
241 284
38 299
248 295
304 183
53 228
28 374
369 197
281 172
23 317
118 127
69 354
200 343
333 167
310 220
159 193
46 192
304 41
328 360
35 221
312 169
110 187
350 156
366 127
284 163
316 59
60 87
132 291
28 291
257 213
201 340
202 369
101 115
106 332
53 217
169 245
382 200
270 166
297 50
260 82
245 395
383 226
372 146
343 326
298 327
377 211
30 63
386 54
258 57
31 316
213 248
211 308
209 371
47 365
194 252
362 187
40 318
257 126
319 369
238 283
192 239
139 190
67 261
320 115
124 292
188 272
350 286
334 163
364 101
200 384
390 242
236 283
80 323
127 215
20 322
313 207
274 160
26 83
370 333
327 101
97 177
383 356
203 390
399 125
365 210
20 104
91 229
282 253
116 130
89 140
202 252
150 353
24 107
161 342
40 190
389 37
85 189
4 196
218 322
340 186
19 128
168 341
77 216
65 348
181 192
178 301
54 337
107 307
390 95
305 318
302 68
391 347
13 297
305 198
45 147
308 84
295 214
305 29
321 99
333 61
361 181
10 236
73 103
347 279
20 366
292 269
274 341
331 292
209 374
274 209
251 152
254 292
244 304
366 193
314 242
119 356
12 280
8 365
256 267
60 208
227 366
365 43
368 212
386 89
66 207
274 59
375 173
172 198
9 364
129 372
81 282
220 290
125 364
27 253
157 204
122 206
145 262
104 343
262 133
349 66
394 249
70 242
230 340
197 325
109 137
362 293
394 340
349 22
137 347
24 395
0 335
183 395
89 256
382 333
293 20
78 299
314 68
122 236
252 16
13 77
74 215
249 353
36 88
345 33
295 355
151 210
364 186
161 346
399 392
270 59
90 330
149 287
126 165
366 387
378 89
198 324
309 2
306 199
85 130
46 78
326 136
316 114
343 240
1 9
142 247
74 197
79 270
4 70
303 181
221 251
298 12
347 105
126 170
1 218
125 232
15 347
306 224
234 280
270 291
133 388
224 309
328 242
255 242
65 205
338 303
233 378
145 345
339 330
272 191
115 273
6 7
327 25
378 28
159 385
140 321
344 58
31 178
265 148
239 257
277 84
65 264
9 39
44 119
344 141
276 210
267 9
296 375
7 96
72 177
206 324
332 314
208 368
336 86
389 353
16 249
39 231
166 342
295 141
358 115
298 117
186 359
15 297
62 66
6 324
58 266
191 251
57 264
316 89
29 92
230 397
12 55
374 208
341 50
122 150
209 291
67 293
348 95
238 288
12 267
19 62
200 326
79 94
328 83
272 132
259 158
119 248
322 22
283 306
396 215
100 215
117 131
11 96
6 388
43 102
311 71
363 372
9 72
166 334
44 364
363 152
26 333
336 15
68 133
41 399
275 234
66 111
349 89
366 69
310 227
92 102
314 206
354 186
339 319
290 394
305 197
287 153
338 348
23 321
298 139
12 362
196 305
246 308
1 393
8 252
26 165
191 340
379 184
260 203
345 256
347 180
397 174
35 292
339 190
289 102
129 352
336 207
336 361
4 311
275 394
106 200
54 156
179 277
87 306
32 49
43 391
45 62
291 112
155 227
41 60
73 152
252 204
385 64
47 224
163 393
294 91
286 84
64 347
284 150
46 47
334 277
4 39
11 195
364 383
145 192
369 338
371 132
149 261
107 131
144 311
269 210
168 330
55 159
298 214
74 318
204 264
341 225
122 381
61 93
301 212
5 94
93 215
121 329
349 392
120 236
51 287
78 248
348 134
185 230
233 302
344 158
310 58
93 129
251 108
181 336
61 351
307 74
284 214
186 207
39 237
302 177
129 231
83 304
57 105
136 177
183 343
143 315
251 391
228 308
269 172
384 87
382 205
229 358
29 263
326 234
64 176
11 306
244 309
268 161
10 250
140 268
304 2
396 185
259 161
335 227
250 67
352 13
333 42
64 271
79 264
83 219
71 162
9 234
397 2
251 182
171 393
270 14
246 318
302 386
100 329
180 249
321 21
100 184
54 93
397 345
393 135
235 258
342 340
156 299
126 382
356 115
17 93
282 349
66 328
52 88
98 203
151 157
165 209
114 152
283 199
87 172
352 337
271 80
163 355
48 205
365 203
328 241
392 17
279 307
264 111
154 180
310 166
32 40
399 393
39 48
77 184
320 14
267 231
253 272
15 133
105 123
55 388
64 84
299 79
241 388
349 139
129 223
251 285
356 143
152 299
302 112
118 148
254 44
5 247
297 360
94 210
253 206
253 177
397 135
276 176
361 277
106 326
12 219
242 319
337 128
165 214
86 390
19 389
388 233
378 312
307 331
390 2
387 294
36 276
165 319
159 320
380 328
27 274
219 373
308 87
139 289
302 61
218 302
90 320
345 68
147 211
365 334
372 11
364 148
195 393
19 146
139 275
377 175
277 43
101 366
261 120
251 192
369 6
185 375
55 127
393 81
240 247
105 396
6 61
382 213
76 274
21 75
330 384
193 293
30 241
220 240
181 395
334 209
280 136
31 107
5 328
59 68
11 268
92 94
34 294
338 45
53 202
273 95
330 326
78 295
116 228
281 200
239 396
101 317
123 254
108 361
71 320
112 398
280 211
139 169
258 89
316 347
179 384
266 83
148 360
1 63
303 263
369 225
64 105
134 388
176 314
77 249
17 389
50 181
387 116
369 190
361 321
102 246
23 389
137 326
206 334
328 157
215 223
362 197
391 310
10 117
335 190
381 20
295 383
133 298
96 228
286 328
68 382
52 118
22 73
45 216
265 54
368 160
199 266
313 176
312 7
277 72
132 357
52 98
342 144
347 7
267 13
389 364
93 256
89 130
51 370
44 141
95 177
163 167
261 136
17 87
286 130
78 107
358 189
82 303
104 344
389 375
276 306
66 134
34 93
358 192
343 105
238 275
181 182
215 378
69 339
317 185
293 82
319 321
202 294
341 111
316 42
209 298
108 399
159 162
60 204
395 260
99 106
35 278
80 199
202 260
136 178
150 172
368 30
113 345
90 375
145 395
179 240
364 181
123 376
334 123
172 227
26 314
391 113
10 379
253 4
308 104
219 364
199 237
156 399
305 160
262 135
335 139
390 150
133 177
34 256
0 366
368 82
84 109
239 338
2 150
313 267
162 395
326 222
358 38
256 192
375 6
264 31
267 109
293 159
104 285
107 327
46 204
112 292
319 343
125 211
87 397
285 131
50 335
372 154
247 353
176 395
87 158
70 373
314 195
315 40
28 398
304 0
269 110
361 136
347 71
50 114
68 381
255 378
259 207
308 22
391 87
201 268
97 190
286 45
113 153
41 111
274 130
113 126
64 305
364 199
388 170
376 239
44 376
132 315
97 256
385 155
349 33
247 295
258 228
359 44
366 38
346 309
280 355
317 205
316 32
376 185
396 201
64 372
127 156
173 225
293 210
252 72
290 151
254 29
96 220
220 314
255 127
49 369
380 352
244 286
263 90
340 326
114 140
232 370
7 8
203 317
56 358
61 316
276 2
386 203
182 238
252 19
362 145
370 133
53 379
192 335
353 28
182 356
309 14
158 227
201 330
379 380
53 383
298 51
309 10
58 307
116 153
354 248
270 372
51 349
143 239
49 135
15 108
254 42
362 159
303 203
296 166
71 282
27 242
279 45
383 198
6 299
36 142
357 165
139 163
274 18
317 340
382 279
39 170
63 162
319 224
146 338
348 187
98 231
34 317
74 382
23 250
34 367
82 329
140 347
18 202
136 141
336 129
344 243
172 199
337 63
8 73
19 203
9 387
14 156
335 72
242 399
41 217
43 305
5 380
78 122
375 245
113 326
359 172
82 245
262 209
308 359
296 22
138 200
33 74
107 319
350 312
238 369
318 135
12 337
365 399
49 140
278 316
196 364
54 143
61 206
120 313
149 175
45 173
109 325
242 341
262 346
184 270
116 161
128 292
335 257
316 52
334 43
258 174
132 385
17 127
83 341
42 226
12 119
282 58
212 289
240 295
360 162
281 79
68 286
64 71
11 293
81 315
385 147
315 293
319 237
379 55
175 388
123 320
103 233
350 136
396 222
286 87
364 32
63 293
87 100
9 145
83 188
148 353
300 264
129 284
7 70
297 273
321 227
313 0
322 237
323 87
368 191
122 345
168 268
281 232
308 55
358 354
51 330
223 261
275 233
308 235
129 175
33 102
292 202
258 125
190 344
265 141
292 236
35 214
23 75
106 166
9 240
77 221
120 323
355 13
297 33
311 61
154 188
109 372
121 169
278 7
28 390
10 99
15 97
39 221
313 80
91 220
13 320
388 291
355 260
151 209
220 247
343 228
367 396
256 222
102 153
277 194
345 192
290 367
309 55
256 388
81 249
138 216
139 184
304 169
126 224
388 120
42 329
98 395
232 284
325 68
148 260
153 275
9 196
219 325
308 119
241 372
329 110
358 144
203 358
254 317
335 42
31 283
85 200
130 365
335 201
296 210
58 126
39 191
86 360
18 386
169 225
154 254
214 334
234 394
197 316
291 282
227 393
274 57
219 268
140 286
50 360
175 325
45 251
16 143
14 44
164 390
25 80
398 120
393 295
280 333
159 322
333 228
100 244
67 313
237 372
281 371
371 114
24 93
50 55
390 163
161 215
30 110
391 0
63 145
393 246
296 215
180 184
364 35
19 345
264 29
265 364
210 240
66 318
17 178
162 331
106 298
252 188
350 29
188 376
283 335
363 189
358 339
230 334
372 81
159 274
339 186
59 301
123 339
393 52
182 254
139 279
360 33
77 198
38 191
349 74
154 189
287 298
136 250
186 346
10 90
214 241
177 267
74 200
342 298
195 359
287 3
95 198
330 292
69 398
14 244
250 211
2 227
277 61
389 122
196 321
2 223
22 186
103 287
99 129
135 171
313 320
291 5
250 218
271 224
276 51
37 292
263 136
182 305
226 246
169 270
122 148
368 142
356 154
8 132
11 314
88 275
65 298
349 313
43 308
7 67
100 318
270 213
268 144
195 318
6 79
106 226
316 390
279 39
35 46
6 133
334 10
105 288
22 301
222 393
303 342
106 309
181 286
229 338
307 10
174 210
252 69
142 385
70 76
284 228
156 181
184 252
314 194
177 300
92 229
283 233
385 28
31 170
211 303
121 250
75 248
329 52
295 246
36 383
224 386
79 143
82 265
313 221
373 399
139 295
17 221
308 29
377 304
118 330
171 291
317 118
271 156
366 335
28 249
399 114
198 399
64 314
30 352
256 238
298 152
136 316
136 358
299 202
334 146
338 42
158 373
26 163
5 44
366 155
8 145
380 129
277 389
275 99
317 270
176 287
239 394
199 227
275 209
40 353
283 10
2 68
46 265
380 104
336 27
285 55
52 305
14 282
134 250
252 119
97 217
375 176
324 33
302 58
233 265
308 126
361 206
164 233
98 232
85 126
54 95
332 135
82 240
356 140
385 149
48 270
42 252
173 314
94 393
299 89
29 208
12 45
179 212
4 390
283 49
166 398
98 176
97 149
257 303
367 23
121 287
53 204
80 177
301 230
188 264
322 392
71 186
276 240
355 356
381 44
55 172
354 288
281 171
248 321
385 95
396 50
222 367
169 389
193 290
80 209
339 15
340 185
183 300
48 84
35 57
285 264
115 304
343 181
62 158
261 309
12 98
330 216
46 79
364 322
333 125
15 280
22 327
296 322
316 194
58 60
308 45
83 223
377 209
280 347
61 369
57 269
120 124
174 176
6 47
258 45
80 156
48 355
307 122
335 166
324 173
104 114
55 399
269 273
181 233
284 375
321 44
383 98
19 260
37 58
254 99
302 256
165 297
258 128
25 263
117 164
75 270
92 252
352 6
381 76
93 300
29 120
296 9
78 289
183 259
398 86
72 317
375 228
340 82
185 261
1 199
270 140
263 191
7 340
267 94
133 170
283 297
47 312
113 229
126 275
305 190
387 63
305 232
222 328
309 237
4 340
78 102
341 16
301 80
272 254
294 233
85 177
169 204
5 321
369 337
217 294
250 386
253 398
0 287
351 265
110 304
387 130
285 154
352 132
360 311
345 210
150 331
393 96
177 390
87 191
29 106
56 367
63 370
51 96
348 226
0 325
154 193
362 207
100 372
29 113
292 54
101 180
307 292
236 241
60 223
268 243
103 121
299 167
306 77
398 136
339 107
322 395
116 132
289 205
16 108
336 74
135 396
285 47
28 277
277 88
337 3
4 207
265 49
109 218
375 312
103 118
306 345
345 154
80 376
89 145
280 18
372 167
368 204
42 161
339 182
133 259
100 310
398 262
190 291
360 55
256 66
51 252
391 69
215 259
361 66
223 247
68 315
282 155
385 89
328 213
355 209
300 326
266 244
135 178
331 392
23 31
101 215
355 56
301 193
325 196
6 171
251 219
329 244
80 150
354 62
37 62
133 239
328 20
337 176
127 246
65 147
13 108
45 46
185 352
314 142
107 202
297 205
267 102
206 240
47 299
268 371
103 308
48 144
360 370
206 357
77 361
92 384
57 352
300 244
178 330
372 272
261 69
267 146
130 236
370 154
98 276
83 395
149 213
111 126
51 117
85 285
396 217
279 213
101 345
254 9
62 249
273 186
106 118
117 380
375 237
102 311
206 256
395 208
107 347
162 257
198 280
242 391
58 135
48 317
181 279
89 342
162 262
301 64
58 320
20 267
326 217
373 124
26 287
91 303
37 82
10 96
210 330
13 65
136 165
173 252
253 326
18 113
13 170
279 339
358 177
97 102
52 180
308 146
89 129
136 333
299 228
341 246
247 290
18 254
151 267
319 111
27 379
202 373
397 183
15 298
179 200
41 59
57 69
168 276
122 242
209 330
81 275
189 277
309 9
278 168
329 325
354 334
280 137
215 336
168 309
91 173
278 276
44 207
396 223
122 340
79 346
301 29
197 262
309 96
389 255
319 198
171 190
136 399
254 108
60 384
340 362
236 274
75 312
36 199
304 280
146 250
262 260
382 108
311 318
189 345
101 134
128 247
363 370
392 329
363 235
7 242
97 265
161 254
19 372
74 299
37 392
47 279
250 254
38 215
349 41
200 358
95 259
180 291
373 175
133 350
276 81
149 374
311 28
283 33
315 120
344 255
302 162
304 11
333 97
88 243
23 64
90 231
13 71
8 342
42 43
283 172
359 171
285 43
312 89
289 173
57 178
171 285
296 185
131 132
163 207
34 200
343 236
20 245
321 314
140 350
212 215
77 357
245 370
397 148
179 344
301 175
62 332
393 386
324 98
115 330
64 277
312 112
252 236
92 321
12 13
322 55
160 247
49 286
166 325
211 310
86 300
353 10
264 86
344 1
348 375
351 298
290 42
271 184
20 288
256 112
49 210
159 370
3 164
281 394
143 210
155 392
368 20
70 199
71 225
67 185
362 247
133 216
283 124
129 339
2 171
340 143
374 135
263 114
79 254
281 234
130 324
287 359
129 164
60 373
155 318
11 315
101 206
337 153
397 50
134 197
41 358
347 369
56 280
387 352
130 231
318 304
302 103
356 367
280 120
376 189
8 141
26 371
315 360
118 373
79 312
288 122
391 81
193 335
263 238
23 251
29 77
66 217
272 344
352 88
200 203
44 165
288 19
77 372
224 357
132 262
374 350
333 13
309 394
124 184
245 275
0 345
56 312
246 248
336 165
197 263
329 288
361 396
57 317
395 207
57 216
42 342
212 339
331 253
358 128
268 171
38 45
83 100
278 170
150 274
101 116
59 158
273 38
71 318
110 298
286 223
49 78
366 55
371 199
320 394
58 394
45 83
55 341
362 281
85 234
361 26
374 241
357 4
24 246
69 225
132 303
335 122
343 379
157 221
301 299
206 226
92 353
26 85
76 110
106 201
181 229
211 305
79 231
250 95
391 74
127 383
173 316
360 159
48 232
26 268
291 90
115 370
209 268
107 353
124 253
44 185
271 142
331 246
37 351
26 290
34 177
33 34
232 255
382 187
274 153
96 305
317 146
179 226
252 199
14 122
310 45
83 146
327 99
31 254
290 245
325 305
197 335
146 279
118 269
54 321
311 230
5 376
104 180
40 217
30 125
354 159
378 380
283 52
34 109
31 227
63 320
300 318
137 159
39 139
179 232
111 303
305 253
326 338
265 109
25 281
245 302
96 156
165 373
320 259
275 168
260 348
96 182
50 98
38 170
219 327
315 138
80 95
293 128
280 272
379 180
108 326
141 197
82 284
140 196
395 185
49 308
257 87
353 80
113 171
242 337
273 112
228 342
93 342
316 232
240 259
76 175
84 176
259 19
385 136
20 240
272 289
364 244
9 326
122 275
153 378
151 201
258 209
228 398
39 70
394 144
82 345
156 320
11 86
377 173
399 80
161 392
63 115
15 50
154 204
397 140
80 160
41 380
98 388
265 112
192 214
373 249
327 87
223 271
363 10
202 344
346 338
14 265
292 17
87 251
385 278
138 163
0 94
257 381
333 197
373 140
169 218
245 260
161 391
143 288
358 21
73 247
42 291
388 341
230 380
224 382
245 308
308 323
24 181
340 44
160 259
260 332
31 155
285 240
19 371
192 397
104 215
282 387
185 204
397 152
152 257
379 34
272 27
33 55
75 349
324 49
201 388
369 372
181 330
352 50
275 112
40 271
305 13
32 231
9 144
69 356
149 283
185 305
41 66
100 249
54 199
146 354
20 316
209 251
209 303
41 205
302 115
173 212
31 153
31 146
30 294
312 279
305 220
162 206
163 316
100 203
28 383
36 351
56 253
50 249
386 62
340 171
196 307
266 84
229 394
104 253
53 270
258 145
57 92
316 73
36 90
284 191
117 309
91 323
77 250
352 223
110 279
201 306
348 317
101 188
157 222
280 24
313 73
287 118
345 257
258 319
345 61
279 100
208 277
139 361
37 136
118 150
210 389
26 128
266 383
266 230
57 176
102 163
345 18
91 346
390 27
95 98
353 363
161 207
263 162
325 288
362 171
93 164
305 140
325 209
343 247
283 178
184 307
95 155
69 329
328 140
278 241
227 243
58 81
198 271
27 124
397 302
10 215
102 224
15 390
370 101
57 291
332 3
19 96
187 211
147 253
341 308
141 251
301 292
7 324
324 41
347 67
291 87
187 385
292 75
376 56
50 255
98 167
174 254
110 258
341 215
98 347
281 181
8 152
135 388
264 297
306 394
159 208
179 223
9 284
277 237
201 222
248 307
399 211
130 343
332 371
134 352
382 76
331 151
390 288
309 74
215 284
273 280
50 153
149 398
81 209
40 175
45 190
192 216
150 379
327 226
0 68
95 325
207 350
10 82
154 325
55 236
1 216
53 198
66 197
139 379
210 396
324 227
253 60
333 68
114 273
210 224
217 283
290 0
185 331
14 352
125 231
286 125
328 12
365 289
4 6
72 282
198 227
135 308
99 201
47 231
311 112
385 78
97 398
366 268
83 376
360 14
174 242
150 156
97 367
37 93
362 125
357 266
277 193
257 101
