161 120
172 34
124 147
141 57
159 95
164 183
148 174
124 162
109 116
19 109
71 164
9 26
72 150
58 67
135 148
146 8
165 147
174 4
145 105
130 13
57 128
107 143
84 199
35 142
162 119
141 10
3 97
53 120
12 72
41 92
60 123
143 8
46 158
65 106
86 96
94 174
193 76
60 198
23 90
162 40
55 181
2 174
184 121
195 87
128 182
171 87
140 30
44 147
157 44
142 135
27 148
21 99
140 25
176 41
129 145
37 180
141 137
53 180
117 174
103 113
145 64
47 138
65 71
191 12
149 138
12 148
129 189
154 83
188 176
145 172
125 150
175 21
97 122
43 191
190 139
40 179
194 105
79 123
37 96
167 115
36 90
164 67
94 100
77 117
3 19
108 190
73 129
47 86
155 11
160 165
139 152
152 54
192 25
7 105
55 89
180 97
61 66
80 133
92 145
17 166
78 187
197 77
61 85
193 14
189 101
90 192
77 79
122 140
168 122
113 169
58 84
106 170
99 116
150 59
6 88
113 121
98 157
113 166
144 45
27 199
22 180
18 157
131 53
51 197
7 54
171 22
76 122
157 43
57 174
173 169
82 142
149 9
11 12
167 111
57 181
41 199
58 78
10 73
190 48
146 68
44 145
52 140
15 192
135 66
176 2
6 31
69 111
181 132
180 119
48 120
195 67
191 189
58 148
37 190
156 128
141 159
20 110
192 185
165 63
74 144
74 179
114 122
158 66
139 120
118 153
22 24
198 133
182 32
124 135
26 73
5 47
9 20
0 8
180 131
173 187
67 94
8 29
29 98
190 135
33 190
18 53
160 88
178 22
183 72
188 126
73 185
138 96
148 23
53 190
130 16
130 112
188 99
25 113
4 114
37 47
190 59
70 194
152 4
8 63
48 188
166 120
186 22
21 88
92 119
168 53
181 91
151 168
84 95
180 4
178 141
170 1
7 89
17 114
40 169
162 67
68 91
166 186
183 181
60 92
38 192
95 189
150 118
141 31
21 147
112 139
146 65
128 148
14 139
50 168
57 193
197 18
143 15
82 121
159 120
24 121
103 132
122 138
10 93
111 191
46 66
2 93
15 39
31 53
198 50
143 48
197 184
147 181
64 174
167 34
68 80
102 148
146 199
180 107
61 164
96 167
56 111
34 54
137 127
152 39
65 131
131 35
12 175
132 107
21 63
32 59
1 38
163 39
82 194
12 75
28 115
143 43
51 96
148 46
145 149
53 176
192 4
155 33
71 90
68 199
97 100
72 119
150 193
173 56
56 69
193 118
102 130
145 141
6 170
139 50
171 193
166 75
138 67
190 84
155 161
195 97
37 97
27 31
188 25
43 71
141 128
12 137
36 99
35 187
41 195
175 8
154 97
110 171
189 102
9 71
177 112
22 145
117 154
77 169
35 198
10 11
71 159
68 124
181 176
191 76
49 81
147 183
29 75
139 114
149 179
102 136
44 191
45 198
115 139
93 97
44 123
40 125
84 109
36 110
0 116
42 81
53 198
192 103
122 160
115 166
37 189
17 24
185 83
19 84
2 53
113 175
41 51
169 96
142 129
176 33
95 132
151 25
188 11
102 194
1 74
134 53
169 64
198 185
186 130
3 18
191 67
133 116
57 152
48 147
189 98
79 126
64 167
150 68
36 162
92 170
182 160
142 12
6 164
59 84
182 60
130 101
174 103
169 45
199 179
35 117
34 152
161 36
144 191
46 47
169 32
36 176
157 76
49 120
112 132
19 90
187 59
72 73
174 181
56 119
154 119
188 32
181 126
17 86
138 110
183 114
172 31
108 141
194 92
0 82
62 82
176 31
172 89
99 181
130 147
153 28
146 59
103 166
180 124
167 23
153 183
64 138
7 42
140 81
37 196
14 17
101 195
157 31
30 173
175 25
19 43
187 89
7 155
131 9
51 196
39 178
155 122
142 76
13 167
78 199
72 103
155 126
100 152
193 158
104 197
133 153
16 26
197 140
152 97
44 47
39 135
176 146
5 197
115 127
79 106
45 115
12 125
178 112
30 79
132 128
178 16
27 75
16 37
135 117
195 150
19 39
151 8
178 71
117 138
153 5
178 129
7 24
173 177
101 197
35 38
53 194
148 189
48 131
162 111
3 115
188 20
8 10
171 80
136 107
199 8
183 29
198 39
8 65
195 76
188 76
20 192
32 68
15 108
118 125
169 174
62 111
9 136
66 157
138 106
9 59
122 137
86 117
193 127
188 45
101 121
154 92
154 28
106 159
79 152
169 118
5 87
198 97
151 99
156 157
152 20
110 160
134 90
37 55
31 118
149 91
169 190
52 54
116 158
29 146
188 33
66 103
149 22
172 90
13 139
127 172
156 118
11 59
154 110
86 149
20 136
74 83
71 191
147 63
20 39
57 191
1 46
147 2
164 52
153 161
151 189
141 80
199 11
17 191
28 127
76 141
39 70
190 19
109 131
70 93
160 48
31 158
165 41
140 75
190 163
49 107
154 77
121 148
16 53
182 15
194 60
166 195
187 51
44 111
77 189
20 89
5 7
150 96
182 9
104 154
2 175
30 130
37 173
162 195
103 117
10 96
143 105
184 96
151 59
138 3
192 155
18 199
31 64
110 147
112 159
151 24
40 51
155 66
28 49
8 92
137 42
197 43
112 167
143 141
56 103
33 92
39 82
90 94
136 50
73 182
4 35
29 194
179 191
139 65
168 196
45 111
116 138
117 160
96 125
141 1
145 35
60 111
140 72
4 59
15 187
76 84
147 84
144 52
172 138
153 71
38 145
10 42
54 144
1 5
170 196
60 192
15 76
134 93
122 183
45 165
136 126
48 68
163 43
63 75
149 129
175 58
100 137
74 104
176 175
87 173
132 68
171 47
3 140
66 76
128 192
124 142
58 187
184 125
12 124
105 186
33 66
101 177
32 121
34 45
178 35
39 126
181 123
9 53
16 185
173 80
155 165
23 46
40 165
140 11
194 100
183 0
18 146
60 122
9 22
101 113
170 93
145 15
127 161
68 153
1 26
196 90
189 106
141 66
12 92
186 25
147 65
143 125
177 7
136 53
28 50
182 164
71 157
177 56
114 162
112 128
176 16
99 196
113 181
26 181
192 194
49 133
161 65
183 10
113 116
110 132
26 166
37 125
149 70
60 173
30 166
161 22
96 191
46 87
196 70
22 95
174 121
105 168
41 63
182 41
1 111
115 177
167 80
53 153
138 84
183 78
25 78
191 98
75 159
192 83
157 165
166 40
7 16
45 114
90 169
101 111
128 159
198 32
174 3
169 119
151 77
159 169
132 122
167 29
16 144
173 103
14 37
41 154
133 174
44 119
185 9
136 117
189 10
98 142
154 12
21 164
195 34
53 128
199 22
17 100
143 31
19 198
183 2
180 55
108 183
186 36
93 113
13 120
63 120
6 116
2 127
12 27
60 188
193 128
188 139
170 109
45 109
95 197
199 117
48 138
87 95
186 72
51 135
113 161
178 195
86 147
102 159
34 169
12 199
54 121
198 178
155 49
133 10
60 102
137 115
154 48
87 137
188 85
106 190
29 122
94 109
49 57
106 112
49 166
49 130
55 106
189 122
30 63
121 158
136 74
170 46
106 171
61 155
99 164
59 92
6 104
127 173
128 155
63 93
5 58
170 13
102 195
50 193
198 24
41 67
7 38
167 95
88 137
164 58
49 89
74 124
161 96
6 93
152 164
37 42
8 81
133 117
81 95
174 54
181 104
7 90
167 14
159 41
195 84
144 138
122 195
7 75
96 98
101 150
68 197
184 92
30 58
10 61
150 42
13 123
0 9
193 22
98 103
58 144
176 98
180 174
90 112
10 179
8 164
185 53
55 169
43 108
44 110
90 129
61 146
10 44
151 142
116 183
26 46
2 126
149 13
180 120
70 108
41 88
56 76
9 160
139 69
42 120
74 97
169 41
130 59
4 23
39 60
111 113
135 98
151 52
70 78
109 196
63 100
78 91
176 22
133 8
76 110
44 141
5 140
156 122
150 95
97 126
72 181
135 156
71 125
66 93
184 123
15 184
40 132
181 119
197 66
159 36
12 93
89 192
147 169
17 115
192 92
6 163
158 53
98 182
29 160
119 140
164 141
188 189
3 199
102 193
182 107
135 15
68 172
103 177
20 82
112 176
72 76
134 27
82 181
120 156
39 71
158 95
139 68
47 177
174 72
83 112
24 77
127 175
50 109
199 19
24 48
96 183
91 156
152 129
114 138
83 160
17 147
112 166
177 55
1 75
49 126
105 170
6 49
27 155
178 103
19 120
134 102
77 178
131 177
94 167
55 178
199 82
23 50
27 54
94 102
181 67
100 133
52 104
191 61
73 89
186 44
24 196
105 124
69 74
131 89
143 184
140 49
35 83
14 21
51 104
82 106
133 125
168 99
14 181
175 27
130 194
175 168
168 62
54 62
131 83
55 67
4 9
195 117
24 159
18 43
27 153
110 183
54 81
39 112
17 109
193 66
57 99
23 42
195 94
35 132
12 64
74 88
170 58
159 17
31 100
29 133
25 37
83 132
162 24
144 81
4 106
88 188
174 52
98 104
89 123
36 130
26 35
83 153
6 126
170 51
44 61
33 191
26 156
32 36
56 162
180 161
8 96
96 194
54 142
185 122
111 179
65 101
143 79
21 47
153 164
98 156
178 122
149 131
140 167
59 120
157 99
198 151
92 126
140 12
104 129
184 102
145 60
133 189
137 51
96 132
32 193
166 91
154 123
175 143
56 159
175 121
40 93
176 59
129 151
9 190
16 70
161 48
171 58
195 129
42 76
64 157
80 117
122 133
51 93
18 158
179 139
137 81
198 103
172 3
168 33
138 194
136 153
33 96
24 101
53 193
23 67
54 63
18 151
185 70
68 92
161 170
17 193
176 118
3 94
35 144
192 40
114 167
25 139
167 86
199 25
83 97
64 168
25 85
183 25
163 123
91 160
35 76
32 153
177 33
134 13
44 164
98 131
2 42
163 138
114 135
86 123
99 161
163 76
15 104
11 110
11 121
82 154
193 15
169 92
154 126
21 185
21 116
168 178
23 172
66 148
20 155
10 27
103 116
187 16
142 88
21 36
50 77
111 180
154 173
106 130
164 47
182 28
93 179
19 68
154 57
44 65
27 100
198 120
62 85
41 179
86 108
194 93
183 23
52 56
53 196
122 187
143 104
178 26
64 164
164 53
161 19
65 151
131 166
121 131
90 122
198 77
185 156
52 136
0 192
179 173
28 75
24 96
15 142
165 22
52 122
3 28
1 96
59 62
155 80
77 131
19 35
70 127
15 81
65 77
193 48
141 13
13 190
197 179
140 155
164 68
42 63
95 107
190 97
148 3
187 6
180 47
176 92
109 188
22 48
176 90
28 76
2 185
192 118
185 82
180 54
105 189
193 49
41 91
38 176
158 185
1 156
93 185
11 150
77 94
146 72
105 150
15 152
130 52
164 171
102 144
1 94
77 135
20 37
199 110
60 86
131 87
40 57
25 42
9 120
7 67
71 100
4 92
146 119
78 165
159 16
155 88
151 147
25 137
196 175
60 199
89 133
32 112
65 176
128 157
198 63
138 44
153 125
154 88
60 134
171 130
188 132
57 137
118 136
0 35
139 94
179 47
153 144
172 115
26 134
65 107
91 151
6 199
64 133
151 85
117 183
51 179
139 2
99 114
64 165
196 86
198 75
85 145
146 145
193 104
80 130
25 30
0 102
145 54
180 132
18 186
47 199
199 36
65 79
46 117
184 24
94 131
137 184
61 181
174 140
186 38
166 171
41 145
171 101
60 85
11 49
148 138
3 79
163 14
24 136
131 46
11 96
187 81
89 101
21 100
3 146
182 14
101 169
104 114
49 105
39 129
66 119
136 189
79 192
158 23
69 95
3 112
89 154
159 92
46 58
52 61
199 70
59 124
93 133
72 85
159 38
5 103
109 127
86 164
174 67
191 72
106 145
16 126
9 147
59 141
176 83
148 193
79 169
135 194
89 165
72 131
31 194
94 194
58 166
75 120
174 78
34 138
132 58
34 197
143 87
73 116
198 7
194 39
80 132
43 60
0 23
21 178
64 163
98 183
153 73
158 170
43 192
98 117
169 71
4 73
156 92
77 145
170 21
141 150
144 2
82 125
81 102
193 71
108 113
41 102
12 73
22 150
147 105
186 80
131 62
154 94
38 60
159 90
150 102
1 10
30 101
14 35
96 172
51 185
25 89
49 151
100 123
170 43
110 169
3 127
175 1
154 103
37 83
72 144
93 106
108 115
50 107
34 182
4 24
133 1
137 21
164 98
87 162
116 118
76 85
44 83
169 68
163 62
163 0
169 5
70 114
145 39
199 89
69 170
199 62
14 113
66 83
118 138
24 187
120 172
133 83
89 134
134 118
7 148
158 98
193 81
160 4
51 143
67 92
159 113
137 10
63 67
171 66
198 68
4 107
3 193
188 52
41 125
36 133
112 157
42 123
163 8
44 120
199 103
182 89
59 101
35 179
53 89
25 63
198 28
171 10
16 64
4 194
9 159
171 23
130 72
12 149
176 54
28 131
196 173
137 54
50 73
84 171
3 113
73 128
3 59
139 186
171 61
36 165
150 64
165 139
38 53
176 168
49 174
82 89
8 53
100 119
59 171
176 72
137 55
23 165
10 88
31 186
142 175
42 127
37 45
2 184
157 49
82 165
126 167
113 128
165 25
127 174
18 182
50 78
148 98
182 8
196 9
11 113
142 23
191 119
8 167
194 149
100 166
118 174
186 29
24 99
196 1
197 38
33 183
149 2
10 94
62 187
139 72
132 174
182 5
5 107
56 124
5 35
155 39
154 59
136 51
132 129
102 124
51 134
37 115
34 110
11 56
183 7
56 87
171 35
135 91
15 114
80 107
32 184
126 180
132 89
188 56
15 43
24 29
179 134
14 120
37 54
52 163
144 149
97 116
63 167
178 127
126 153
155 117
47 175
162 41
70 76
135 121
40 170
111 164
140 181
88 152
26 27
43 123
4 39
125 158
50 167
107 134
197 11
11 132
158 86
131 60
11 108
17 40
172 114
17 134
178 121
158 97
42 191
186 12
51 142
57 86
198 118
53 191
17 81
95 116
33 195
172 51
5 138
178 41
145 125
42 172
168 72
149 64
36 143
103 158
69 180
91 197
32 99
50 69
156 43
163 11
62 172
160 77
86 171
44 86
179 29
91 123
163 37
122 146
124 155
73 132
23 192
117 164
96 182
6 79
6 78
180 7
50 129
77 149
98 175
12 32
176 77
11 83
95 127
58 86
68 84
179 84
165 112
33 118
182 67
98 114
185 164
151 155
39 44
34 157
150 113
62 115
68 142
159 5
79 121
53 172
75 154
10 16
195 14
20 115
11 124
52 58
73 122
171 104
31 109
32 177
159 82
15 63
107 110
187 104
67 194
36 144
35 176
26 195
135 85
158 101
183 27
53 91
43 152
193 44
172 10
162 152
24 110
57 87
106 129
135 64
137 193
70 96
184 134
55 158
184 189
166 137
73 78
151 109
20 27
67 179
133 19
109 154
8 26
178 167
176 47
83 102
27 109
104 119
33 41
31 166
196 64
163 171
15 106
55 57
59 105
148 57
2 109
133 169
137 93
40 197
83 173
30 108
117 158
184 94
149 43
74 84
56 186
190 18
166 133
157 81
136 109
138 124
90 102
4 30
161 111
43 168
108 169
128 183
133 14
164 10
3 133
3 41
83 116
149 165
40 114
185 180
161 3
36 138
102 143
22 25
136 125
185 110
165 96
5 128
166 116
41 172
12 78
125 164
31 191
40 152
22 120
91 125
5 6
23 32
0 64
63 135
123 177
77 132
157 103
68 195
18 105
118 177
196 198
96 197
149 76
50 59
171 44
47 78
131 14
180 74
78 122
44 52
21 45
189 54
170 126
163 115
146 116
15 136
184 0
31 38
166 70
83 159
69 154
179 21
4 145
29 196
173 188
94 190
132 66
148 197
130 77
158 81
164 120
6 39
161 190
14 126
145 62
54 170
35 118
127 134
121 140
143 97
35 94
128 162
81 162
104 109
66 186
45 96
141 85
8 196
178 49
13 91
14 80
97 168
141 118
190 117
65 69
105 148
38 57
109 181
101 110
77 104
83 196
41 114
159 144
175 79
60 155
132 156
165 129
93 114
64 89
185 92
183 85
88 198
161 31
36 124
45 197
64 161
63 83
92 103
178 94
129 144
158 165
71 97
117 186
49 176
168 121
87 88
107 149
6 80
17 152
23 141
24 165
145 140
176 23
101 165
23 69
67 175
78 100
136 40
141 27
199 128
43 175
195 22
158 47
122 147
55 100
51 91
95 190
73 127
192 75
7 61
164 79
174 120
21 106
54 99
145 8
10 55
126 127
55 76
158 88
144 90
55 162
75 153
166 19
20 183
25 193
37 73
195 140
178 65
52 126
181 5
32 155
163 109
2 189
49 162
30 88
11 146
38 107
66 183
57 194
195 185
114 166
64 65
165 105
187 44
56 156
186 45
96 178
185 197
96 133
89 169
35 188
17 77
89 156
169 109
194 54
156 106
51 127
0 169
21 64
87 150
55 59
80 163
198 85
65 193
51 144
183 14
199 141
113 151
190 160
96 152
53 189
71 183
194 10
114 120
12 51
186 111
63 190
139 70
169 115
124 146
22 129
194 89
55 152
162 60
51 180
22 66
197 23
117 128
138 187
125 127
145 117
20 80
73 124
44 129
154 162
38 156
31 144
182 139
154 115
20 107
45 160
5 31
147 180
112 163
56 105
20 171
141 9
33 153
146 42
190 157
134 193
152 92
160 111
195 60
16 140
18 118
171 132
169 94
146 22
120 125
49 138
195 90
8 152
164 116
34 137
33 62
42 130
20 198
48 108
49 149
178 4
9 97
192 27
39 47
167 75
198 130
145 87
161 183
70 184
61 84
78 156
60 125
180 135
72 167
111 146
162 76
18 193
69 178
181 185
149 63
53 103
183 70
144 55
82 183
141 104
182 66
2 27
64 84
0 127
96 101
169 28
130 37
130 169
33 108
20 114
18 140
45 103
54 92
53 83
104 178
59 88
50 132
157 137
25 103
166 87
184 45
133 131
31 83
73 138
169 57
195 51
132 2
144 170
68 184
58 72
31 86
11 145
8 87
37 113
146 52
55 176
43 64
85 89
166 56
50 140
1 71
102 192
57 114
23 65
139 21
172 148
53 119
124 158
76 139
30 116
62 173
26 118
139 83
66 178
77 119
161 54
16 92
11 172
172 137
9 67
145 25
6 67
52 100
17 21
161 14
197 58
95 182
136 111
63 197
167 89
160 127
157 87
57 163
142 71
1 189
188 66
34 144
20 193
75 169
2 56
187 153
20 26
78 115
174 114
197 158
196 91
0 29
139 192
127 165
153 74
183 119
147 114
186 113
156 179
152 12
134 188
45 104
139 100
6 12
30 76
28 135
29 67
130 179
58 124
153 81
80 83
105 132
137 199
32 157
4 118
161 138
187 196
150 137
158 156
167 119
140 29
23 92
44 102
43 93
176 161
86 95
44 170
3 107
78 88
143 63
84 193
136 46
162 160
45 182
137 58
9 47
80 123
170 31
42 65
14 114
127 188
99 175
46 130
14 145
47 99
47 181
9 57
130 4
132 29
132 12
155 97
135 198
4 104
154 18
140 17
156 10
73 123
30 155
56 198
62 116
52 114
196 19
69 182
147 12
123 146
177 54
79 166
199 30
72 165
183 123
91 134
54 56
178 83
13 189
111 177
186 155
48 197
50 114
28 128
139 48
83 91
137 177
67 134
102 164
105 116
145 37
17 39
183 11
169 2
39 68
133 144
102 156
29 39
166 67
21 33
156 87
29 71
9 135
128 176
8 117
165 90
80 122
192 46
198 101
133 103
163 167
146 117
59 108
23 103
32 75
17 122
47 110
181 35
156 16
14 23
83 162
40 164
127 141
143 114
81 169
132 8
155 177
106 188
191 172
111 133
9 79
183 120
144 79
5 100
180 117
198 92
10 63
71 197
55 170
8 194
41 168
21 127
155 35
13 42
75 148
163 68
92 125
64 117
120 152
165 195
26 172
172 93
68 176
185 63
116 151
61 199
40 46
69 194
109 152
60 190
159 54
62 68
135 136
91 92
123 194
67 171
46 97
149 73
47 198
25 116
62 100
35 65
15 102
188 89
153 91
144 136
85 114
71 188
174 11
9 199
185 41
33 73
55 156
12 31
19 92
185 55
162 92
8 197
162 23
49 175
189 187
25 122
104 145
16 93
0 198
25 107
179 55
0 97
16 146
71 155
67 139
27 38
135 83
157 101
77 139
194 136
81 106
4 15
25 135
150 24
36 197
69 167
42 64
44 124
195 108
183 24
77 153
75 152
174 40
26 50
178 15
125 163
26 83
140 83
75 175
50 55
50 192
21 71
63 66
16 100
39 41
130 105
70 161
69 151
155 76
162 64
138 26
47 106
175 60
23 178
84 104
172 158
189 113
43 182
138 126
177 138
63 171
189 73
3 29
105 120
195 19
146 108
49 124
75 76
67 133
62 196
123 130
26 107
30 125
27 70
3 32
127 162
174 15
190 80
1 197
56 73
55 74
6 33
117 172
73 181
17 102
38 46
27 185
89 96
0 38
23 136
199 100
126 143
142 110
62 66
195 154
58 120
166 4
167 37
53 114
22 50
3 152
73 85
18 138
122 152
101 104
1 51
75 196
137 16
132 182
123 198
12 182
76 112
76 147
42 132
188 19
51 124
138 120
16 98
32 116
50 86
136 142
26 52
136 39
59 111
34 155
6 86
19 141
82 92
115 132
61 175
195 107
107 194
186 69
105 164
84 106
125 169
173 15
123 169
1 167
184 83
195 30
186 95
151 66
25 43
138 15
152 180
43 69
45 55
194 38
67 93
198 96
59 98
197 42
44 49
170 190
193 56
87 135
69 77
154 31
172 79
148 86
43 127
199 46
85 147
189 62
43 138
36 101
97 197
45 69
149 58
29 152
159 3
73 75
61 86
89 136
16 88
163 50
23 102
165 67
159 179
134 23
82 91
81 192
107 183
150 189
73 119
52 199
123 182
55 163
57 107
3 52
7 144
9 110
196 44
38 150
87 94
143 100
191 36
141 109
21 69
54 90
192 107
32 43
28 71
101 139
149 1
141 185
8 108
36 187
169 74
148 97
136 82
13 151
139 193
112 183
15 128
180 93
173 94
86 141
1 81
5 37
29 134
184 67
71 161
89 121
24 93
169 95
199 59
183 55
192 3
30 57
37 78
179 137
184 9
83 165
95 102
163 188
163 198
192 35
42 131
88 129
30 159
167 103
136 178
27 91
27 190
181 111
36 156
82 158
43 155
63 138
76 196
130 17
30 68
65 142
117 159
185 49
16 76
62 188
144 182
162 173
186 93
160 25
68 82
55 95
166 95
151 37
22 110
6 172
54 80
174 106
59 96
162 156
28 142
175 30
42 134
47 128
94 162
114 187
170 41
144 109
39 111
121 187
108 172
164 30
166 45
26 185
67 77
184 22
82 182
4 167
53 126
154 61
187 46
39 156
93 191
160 17
124 137
37 41
77 127
50 85
187 69
40 148
110 196
32 120
43 159
166 181
144 23
65 105
77 100
146 78
138 89
139 142
83 199
36 155
184 87
190 175
195 56
182 153
95 110
128 166
113 142
104 147
131 90
147 138
141 197
166 111
130 89
162 57
94 192
162 30
111 122
175 128
158 38
138 68
69 168
133 7
24 72
24 37
147 3
73 143
4 26
104 190
150 17
73 157
141 46
23 29
7 81
184 1
155 148
48 198
183 189
56 61
196 181
9 62
89 164
152 60
94 197
73 159
55 127
181 171
119 123
195 124
138 115
12 43
27 97
161 109
42 94
149 56
96 120
1 152
11 153
142 94
54 175
169 14
10 188
76 180
156 19
41 198
63 195
29 64
5 91
163 81
151 184
167 118
46 152
159 86
21 151
79 163
64 172
48 98
183 39
189 3
122 150
180 108
0 83
13 194
196 112
127 159
148 61
119 196
135 104
16 20
129 136
89 144
153 169
19 193
170 45
167 127
27 176
77 81
15 83
62 64
156 70
73 135
155 189
114 141
141 161
199 26
114 186
177 97
87 190
93 163
188 121
153 63
39 166
58 112
103 105
104 150
27 139
61 179
154 134
109 185
7 175
39 199
110 116
39 175
84 168
195 86
148 60
62 128
168 89
5 38
20 91
31 163
26 78
127 199
29 43
1 33
128 129
90 125
148 129
143 65
3 110
38 64
10 48
4 74
89 186
21 113
141 107
131 25
140 123
108 155
45 113
33 65
188 90
36 123
17 78
12 28
28 180
39 53
186 48
7 82
36 42
86 178
193 122
93 144
156 95
58 183
69 196
14 67
89 119
149 85
9 55
147 10
72 92
76 198
77 85
163 92
