434 436
494 404
421 427
7 36
119 315
56 344
283 301
105 213
58 304
327 368
135 311
8 230
370 422
2 263
179 410
302 405
167 184
121 394
96 242
91 414
189 210
93 192
63 240
271 320
191 375
77 339
93 362
47 440
160 331
270 318
323 431
484 272
344 384
54 409
217 420
205 300
105 367
219 480
71 267
6 263
266 439
26 267
268 328
181 404
407 442
230 462
108 261
20 364
220 478
272 361
29 110
161 352
381 476
348 437
220 291
481 43
109 411
248 289
133 279
441 478
499 306
134 297
184 190
223 484
71 272
489 116
69 235
166 256
53 424
361 479
223 363
308 496
167 171
492 400
93 415
149 160
170 334
39 180
259 277
37 234
359 361
230 353
198 282
14 15
34 408
36 346
155 186
251 488
25 371
5 421
382 435
339 482
88 127
191 334
68 233
176 495
335 418
375 438
162 487
36 476
175 278
65 80
55 213
496 283
81 204
113 150
208 364
89 361
246 311
278 440
90 283
136 236
337 418
498 194
234 257
114 439
59 269
116 219
100 489
146 173
69 376
58 340
186 344
201 239
157 228
53 298
270 358
25 116
491 337
79 343
147 246
255 289
118 381
329 455
368 376
10 45
154 347
423 428
24 170
22 176
270 278
20 407
41 176
23 379
289 467
47 323
63 324
280 452
6 289
228 351
262 291
59 417
35 289
187 333
335 478
202 389
386 486
245 291
322 340
107 448
254 429
40 282
94 483
314 394
14 108
23 143
197 481
162 270
182 420
40 331
380 425
493 70
9 225
294 391
209 475
119 322
11 490
12 196
250 473
99 487
9 52
303 498
91 337
252 439
183 351
97 379
492 209
351 374
3 282
10 163
389 421
46 127
193 368
40 328
55 447
125 237
109 242
79 117
152 309
28 78
8 40
29 469
232 384
230 302
19 166
129 463
374 477
417 474
56 291
287 293
279 364
125 132
150 462
42 365
87 404
52 211
312 478
56 378
56 151
316 456
58 464
19 447
240 438
1 472
57 302
35 472
182 238
396 412
211 240
181 268
87 358
124 313
368 489
270 486
215 493
50 370
20 329
63 294
357 445
100 163
132 235
247 266
198 350
494 276
178 491
104 152
416 489
292 408
320 348
129 295
40 74
180 261
498 369
98 386
335 384
21 102
54 184
187 188
498 141
102 450
229 416
307 498
329 372
23 451
65 435
82 451
94 456
428 460
36 295
59 255
284 338
155 260
12 195
488 306
190 370
494 90
151 357
356 492
494 24
150 382
493 471
35 480
147 480
330 449
118 247
148 254
337 447
283 365
17 267
281 416
374 383
217 313
26 129
162 338
492 349
209 465
26 204
321 362
157 262
3 278
244 379
183 324
130 475
484 171
216 222
7 316
77 293
401 415
491 398
261 332
119 496
49 328
182 398
192 468
177 446
8 429
22 241
499 327
99 454
103 401
72 476
166 383
69 270
215 358
147 172
37 472
206 227
169 196
223 481
196 401
202 460
77 405
115 132
307 316
114 337
153 320
100 255
81 468
141 386
10 362
83 424
253 347
3 373
262 336
224 411
115 246
436 451
27 270
0 183
368 467
482 293
498 65
403 417
382 397
148 406
4 34
175 472
129 276
24 119
77 422
52 59
48 261
272 348
372 466
140 233
76 408
195 269
4 189
132 325
209 240
330 373
350 426
68 95
304 469
10 422
103 497
320 449
111 140
202 346
243 384
214 320
259 357
61 399
67 332
325 457
76 372
62 492
218 251
258 459
198 394
186 241
116 357
497 200
45 69
129 242
70 127
5 164
259 278
363 465
144 257
105 458
128 332
182 316
141 189
237 422
20 403
342 467
258 428
148 289
249 305
201 278
208 426
356 400
157 458
21 211
153 372
112 353
69 440
82 240
106 347
48 288
401 424
7 131
169 392
417 493
36 308
107 414
223 463
127 289
282 492
95 159
142 406
52 303
68 104
223 430
372 399
27 241
226 351
356 486
228 356
50 432
88 197
78 441
97 454
481 122
344 494
1 196
488 170
323 464
7 234
209 371
57 383
480 81
49 423
335 431
262 383
146 363
354 465
77 186
53 260
483 400
257 396
72 352
404 473
42 68
136 216
24 376
191 443
256 468
169 393
34 341
290 381
39 441
51 281
493 153
138 245
486 256
50 346
31 76
241 279
7 60
161 472
210 476
84 227
137 465
203 381
319 444
495 460
32 293
488 384
120 402
10 166
70 110
497 263
209 338
188 330
94 371
129 363
139 244
53 212
43 387
405 431
144 260
367 416
54 157
192 372
109 129
219 293
138 413
1 247
355 382
188 307
491 427
242 443
20 92
229 268
92 432
105 282
401 497
176 344
3 242
42 494
498 476
206 244
239 254
241 493
341 472
215 356
393 470
62 107
249 474
496 354
140 287
382 489
137 184
138 297
14 40
3 103
285 309
167 211
345 449
418 496
82 196
102 157
160 370
379 480
155 219
37 103
80 331
242 376
199 294
29 468
65 430
202 323
47 137
47 402
17 127
132 291
326 331
193 437
217 268
342 411
172 173
170 340
119 208
135 154
18 357
485 230
159 165
289 299
91 196
70 287
22 297
486 18
184 489
23 55
310 359
236 350
166 457
65 181
69 290
307 367
457 480
496 4
394 416
193 413
226 327
112 448
348 369
122 255
103 201
108 168
183 359
495 202
144 184
481 243
202 262
156 285
491 489
210 241
301 382
54 453
86 132
80 188
174 286
484 420
87 214
397 399
63 342
292 466
87 352
38 81
174 255
39 410
200 412
484 84
153 389
138 438
129 174
46 144
33 485
25 282
229 331
112 226
298 378
274 417
47 468
172 415
170 244
244 434
194 466
162 478
26 203
23 433
323 340
62 206
498 105
169 239
101 325
76 378
326 474
331 495
2 449
327 418
313 476
206 288
73 269
181 196
71 235
45 466
364 410
43 57
71 337
88 496
79 215
232 253
31 433
216 438
38 465
306 400
154 276
64 205
9 148
390 465
353 474
146 175
136 263
29 339
118 225
34 194
21 134
356 448
247 416
54 188
227 254
128 257
116 258
490 238
138 471
20 408
87 269
182 371
331 398
343 362
180 345
111 445
48 132
227 318
295 491
57 418
61 72
491 14
301 389
197 243
301 464
145 452
335 454
14 85
146 323
252 440
64 154
488 33
222 321
143 421
474 482
335 402
117 196
482 369
281 332
196 276
488 148
49 224
127 301
387 465
326 357
83 386
121 172
149 309
23 444
50 326
167 329
144 490
196 354
308 460
11 52
34 390
294 445
264 374
135 282
350 497
93 132
20 50
129 173
321 360
273 498
132 229
14 341
43 422
34 280
60 431
78 295
54 215
10 330
201 317
296 387
14 222
67 348
129 186
30 345
289 351
343 365
160 450
27 484
377 498
176 441
494 381
181 379
65 264
108 279
234 306
375 427
406 442
103 330
75 167
33 248
33 445
252 385
28 116
99 202
18 68
24 61
228 230
162 407
134 164
269 490
22 237
486 438
30 343
159 323
37 451
164 415
316 376
490 268
129 394
27 438
480 406
46 89
89 265
236 260
250 301
26 456
58 334
223 409
186 231
492 166
413 433
349 445
106 409
320 416
118 380
212 466
206 314
87 140
272 305
360 405
357 424
497 340
58 173
499 361
157 454
11 266
38 143
105 178
370 492
47 327
5 55
486 122
301 329
132 322
241 491
26 214
158 398
94 419
90 369
135 197
311 319
365 494
304 320
150 305
140 429
184 303
53 359
445 492
14 226
209 352
13 37
45 72
181 423
496 245
21 480
223 312
157 340
147 284
222 390
323 363
117 238
3 301
43 378
344 448
27 92
491 214
80 109
344 393
496 368
140 270
170 459
367 457
57 447
266 497
497 316
43 406
298 467
26 143
24 403
184 336
163 425
32 474
114 430
28 196
488 467
145 235
250 458
219 433
105 488
105 162
49 367
145 468
74 411
275 456
1 255
161 223
219 371
106 464
64 265
225 366
431 465
96 200
60 409
300 364
210 374
492 267
189 367
203 346
480 313
387 408
94 319
75 464
359 486
361 400
24 344
498 382
21 165
272 299
293 345
158 308
181 395
168 372
142 271
67 407
94 233
83 453
98 414
173 291
19 184
328 481
121 302
467 492
320 438
7 139
233 255
38 253
250 282
5 471
17 496
354 458
166 306
34 315
274 319
34 130
105 156
92 174
8 79
293 321
353 399
233 288
104 424
11 103
39 339
156 386
175 410
143 295
161 266
265 325
16 356
318 389
169 211
493 245
133 203
196 417
213 487
52 347
46 234
321 351
89 146
111 489
120 179
227 474
237 484
276 405
135 202
143 486
159 391
145 477
388 395
199 303
367 377
116 127
15 442
482 140
274 486
25 45
295 300
181 350
13 324
44 79
129 160
200 435
486 49
191 329
207 220
220 221
3 73
19 272
25 255
172 296
59 410
366 476
307 389
270 444
59 445
147 372
487 207
280 456
13 78
147 320
235 318
1 354
61 325
147 369
121 128
292 384
109 310
343 472
292 417
262 400
35 433
67 188
221 432
23 354
213 343
370 407
363 396
294 462
92 377
0 231
253 281
352 417
7 366
14 249
422 427
25 91
90 93
496 89
187 394
52 266
450 474
203 318
174 422
95 256
114 340
484 137
383 456
64 425
44 137
147 427
394 454
120 160
428 441
103 180
483 208
23 198
137 337
493 119
46 105
30 155
20 494
40 448
197 377
487 96
49 311
325 434
293 385
153 290
135 330
137 235
121 471
266 444
191 243
492 127
87 343
252 442
285 477
29 319
287 384
127 352
83 343
142 394
405 410
186 434
248 338
255 387
7 328
432 439
151 346
16 482
169 376
169 446
212 280
205 315
143 448
75 223
97 170
183 240
420 422
63 290
8 88
259 292
75 109
323 481
0 287
10 160
327 422
185 400
65 133
130 317
486 307
236 439
60 65
120 381
60 172
9 266
259 264
65 216
486 146
99 161
118 434
180 425
488 212
497 273
48 124
375 463
18 98
58 473
179 295
80 209
263 395
168 453
335 493
483 179
92 176
113 480
332 404
137 348
1 358
167 283
94 316
105 307
148 152
254 392
79 469
0 178
213 461
14 317
90 256
204 307
435 468
178 202
91 369
130 373
437 497
284 419
34 475
259 422
128 484
158 408
312 363
35 128
485 433
179 227
269 303
32 92
331 378
52 323
50 383
32 154
306 356
49 203
217 342
98 462
54 280
109 404
16 165
32 169
167 377
116 245
314 461
485 56
237 348
197 492
69 348
65 452
214 296
140 150
16 203
276 340
108 375
312 491
332 333
327 403
20 287
401 452
289 331
226 388
210 233
9 448
37 188
61 274
61 118
213 278
47 381
271 288
234 349
32 281
13 205
35 415
492 171
498 299
21 172
225 283
23 288
246 394
107 220
373 386
97 177
22 229
266 384
62 260
247 494
267 423
51 263
486 154
94 280
303 418
16 73
291 412
172 484
452 482
224 442
36 162
79 290
181 476
203 248
490 402
125 371
164 371
18 54
311 324
170 237
150 425
219 455
13 387
350 453
201 350
140 303
65 114
290 390
88 278
15 96
85 289
191 455
346 361
16 411
70 105
6 489
76 480
227 370
64 400
17 265
1 429
89 151
186 317
149 155
84 128
260 302
104 389
216 388
358 438
49 345
213 304
468 475
482 245
248 381
38 77
260 404
137 216
246 312
302 451
131 214
272 399
232 456
354 409
227 245
352 483
125 412
436 449
12 379
97 194
311 400
300 464
429 488
294 385
35 59
84 477
70 118
127 234
49 206
286 358
222 458
373 487
48 128
254 442
72 128
18 270
33 408
170 365
145 351
110 144
37 348
129 395
127 147
291 417
219 353
183 428
101 270
95 99
288 366
30 164
216 279
146 322
3 223
176 371
480 59
399 464
2 300
490 314
206 257
146 369
24 340
193 326
137 435
56 391
275 305
491 182
41 71
58 212
224 449
157 382
120 164
356 480
443 461
474 498
32 240
489 276
21 273
76 325
8 24
284 293
267 367
478 480
487 325
216 495
487 317
23 434
48 376
72 422
255 495
15 410
206 222
129 303
127 472
489 492
351 489
112 480
215 399
42 297
34 343
484 467
481 254
215 256
494 322
298 304
73 102
23 279
107 315
246 453
75 395
493 334
28 189
328 405
142 240
61 311
83 138
5 433
21 477
315 487
174 434
87 105
123 182
52 452
202 225
141 186
101 338
240 252
43 71
29 466
494 88
263 296
23 56
142 268
483 345
285 370
205 261
245 289
26 27
43 279
306 396
43 370
7 55
212 362
498 403
431 443
64 459
41 332
46 412
295 466
66 149
55 154
314 377
126 130
192 298
96 108
127 239
433 449
425 445
402 480
119 356
117 311
249 307
42 193
34 178
295 471
113 499
124 344
34 470
272 285
460 499
218 392
197 449
288 341
104 426
494 378
103 166
183 447
81 91
419 434
344 416
69 431
156 451
185 252
495 228
19 351
50 144
101 388
336 355
101 353
344 395
219 334
2 178
115 406
314 325
219 438
134 420
3 326
324 423
101 263
127 362
95 314
89 136
102 172
10 317
235 428
347 387
38 287
392 460
337 373
145 348
307 328
397 398
26 189
197 267
325 396
14 367
172 383
162 461
484 107
27 449
176 400
272 298
232 383
286 299
286 333
223 308
330 424
59 136
107 133
75 355
316 444
354 359
7 442
117 407
262 290
260 348
497 172
383 414
338 455
255 328
238 338
85 398
336 499
38 497
444 445
487 323
41 284
129 393
42 146
52 226
252 479
310 464
428 465
229 453
270 307
133 280
19 382
381 403
193 240
48 84
53 112
233 386
140 366
494 388
157 231
415 422
487 186
22 205
243 465
257 479
64 367
248 398
316 498
150 275
133 318
247 321
0 156
45 399
61 65
325 399
368 448
336 435
56 348
364 376
245 440
59 75
5 54
173 417
85 422
496 262
174 414
214 389
381 425
158 422
141 239
98 321
122 125
147 478
396 469
36 161
130 187
181 183
331 436
100 384
100 164
256 496
170 435
263 459
14 25
64 447
316 339
266 452
160 301
456 492
82 332
245 403
82 453
325 350
20 476
143 496
220 261
100 226
360 407
77 183
179 399
482 417
56 78
343 351
140 440
85 219
85 342
122 150
282 399
120 232
220 410
48 443
26 311
257 339
96 259
73 430
334 405
274 455
481 161
447 469
51 393
76 77
158 476
75 475
146 392
16 430
414 451
0 445
254 431
495 76
167 454
178 196
141 335
37 75
235 456
134 350
204 475
20 252
482 393
22 168
412 437
17 185
109 367
94 460
68 270
172 354
29 149
424 488
480 174
102 376
208 471
63 65
405 466
64 466
81 85
81 263
172 499
66 99
229 434
84 269
278 405
15 133
484 139
241 429
65 471
109 396
134 304
103 197
383 465
1 66
68 383
39 119
475 481
39 160
95 268
126 375
9 353
449 499
107 444
159 266
493 48
425 498
488 71
39 274
91 493
1 153
339 383
317 492
101 235
144 177
240 487
67 140
56 419
274 421
12 239
453 496
40 104
85 327
112 115
128 233
111 483
150 483
320 477
138 301
3 181
76 255
233 300
73 100
387 440
109 220
167 260
288 488
368 369
154 399
81 335
78 421
43 259
186 432
100 392
96 296
11 281
329 453
310 425
239 493
217 353
26 97
170 375
128 285
39 497
143 172
1 349
43 247
119 472
267 299
159 193
107 218
270 314
40 160
272 355
317 484
31 238
378 391
364 470
54 323
164 224
284 315
26 281
48 157
433 472
135 219
300 301
71 332
203 251
116 391
4 457
209 373
113 144
49 429
16 40
121 445
179 424
260 496
309 420
115 393
1 165
489 437
484 34
120 301
202 221
4 155
327 345
21 337
206 271
496 29
292 489
277 319
19 428
111 308
253 475
295 408
272 314
481 255
438 444
341 390
215 317
98 195
281 412
37 283
249 336
42 446
72 245
22 135
197 354
147 188
59 476
333 413
152 248
30 46
128 167
367 476
173 428
365 373
181 468
152 268
81 142
242 330
390 490
15 229
69 156
252 258
367 433
93 469
493 207
114 428
36 67
150 328
132 173
181 323
157 290
196 373
140 220
289 345
63 259
73 388
295 306
31 319
212 412
241 448
166 431
327 453
265 364
128 497
377 482
467 491
137 406
128 224
102 346
229 482
106 202
272 473
133 215
47 93
47 465
256 357
139 348
82 334
265 305
457 479
41 289
119 450
31 494
264 359
113 115
375 426
260 326
32 378
175 215
385 387
155 302
131 306
484 339
102 407
347 446
29 290
259 466
179 237
152 320
373 493
115 134
488 36
149 478
92 246
119 277
161 473
76 267
492 145
352 394
19 299
299 466
245 418
379 441
192 443
321 494
97 242
18 99
51 158
89 492
121 366
74 239
342 362
209 255
26 167
108 110
20 257
84 177
472 473
114 122
304 360
0 122
99 189
368 432
270 439
42 345
294 422
281 361
284 344
116 286
413 437
170 490
206 414
77 403
119 447
345 347
265 342
457 460
293 467
51 416
17 80
37 488
325 392
130 179
377 420
249 457
498 198
31 42
251 434
64 256
13 394
455 469
242 431
238 435
497 182
317 485
252 283
200 349
204 306
255 482
294 368
126 397
63 459
159 276
264 297
18 202
145 153
66 409
159 285
406 464
356 392
323 424
215 382
262 367
71 87
302 311
487 419
397 436
333 385
148 295
53 106
247 344
81 490
407 436
166 445
303 325
222 356
50 116
114 167
114 360
69 232
164 417
298 454
286 311
20 475
165 310
61 270
313 434
336 404
136 176
193 254
297 485
241 292
299 367
73 222
200 410
169 244
100 427
10 420
49 434
42 455
497 251
137 498
149 444
191 446
126 237
188 354
238 353
229 491
146 456
230 384
182 232
229 304
133 390
38 452
29 397
139 349
316 380
485 251
499 31
306 435
24 248
49 63
440 451
119 411
196 252
312 410
118 177
52 428
253 427
237 332
125 389
173 491
57 399
15 200
318 326
208 277
51 237
211 250
307 417
24 129
95 97
495 39
65 91
155 184
86 434
184 321
21 433
159 195
379 443
43 116
61 287
13 207
161 233
346 432
44 428
105 173
105 358
185 281
481 146
201 216
307 418
119 358
315 431
243 350
57 372
30 162
143 187
485 20
163 333
363 375
173 435
107 416
102 269
21 451
113 454
46 413
279 359
138 183
52 192
147 324
208 415
347 388
47 335
45 205
201 472
136 484
496 381
49 67
34 361
341 348
163 489
14 268
151 204
235 404
64 109
239 390
104 176
65 247
483 307
15 308
282 439
156 160
302 439
38 206
211 260
69 292
257 437
226 306
149 345
62 450
80 487
123 450
182 195
238 316
145 211
341 493
7 268
188 198
12 82
256 492
160 433
484 388
469 470
72 284
342 446
483 134
290 498
26 368
253 392
193 369
7 271
93 148
207 334
334 460
407 459
277 451
83 396
306 461
132 288
18 55
490 472
152 223
23 430
255 367
329 361
95 277
393 461
349 350
126 134
425 454
416 496
97 426
432 496
157 362
25 334
372 456
293 357
120 201
189 211
81 339
290 375
11 156
146 441
427 437
327 495
144 154
20 111
7 339
38 152
335 432
205 386
328 424
161 193
283 311
88 310
245 260
73 414
119 362
30 119
120 248
129 179
135 378
166 187
264 329
128 376
127 217
54 138
41 226
61 310
182 403
418 457
348 440
32 400
421 453
176 240
417 489
149 404
383 403
35 168
2 434
189 196
482 14
56 447
119 445
52 480
414 479
341 475
207 458
174 245
32 379
1 134
16 167
338 416
346 374
246 467
180 411
70 197
99 374
0 453
285 287
22 443
324 454
13 189
43 301
379 390
452 488
331 347
90 175
145 329
72 268
482 211
235 249
7 354
198 306
485 139
349 362
58 198
185 342
232 323
67 257
111 446
190 472
134 396
110 228
117 224
381 410
69 338
73 424
183 213
412 415
239 340
110 471
55 68
490 307
480 277
198 359
209 274
110 129
230 336
179 420
87 103
46 72
350 378
194 206
45 415
105 211
108 119
494 356
58 132
198 370
67 162
359 481
483 71
493 250
491 296
310 472
36 247
90 290
48 323
412 439
354 449
92 126
6 130
54 491
492 203
10 461
412 462
209 350
487 202
303 451
257 358
4 205
198 467
264 299
395 461
129 247
144 463
455 456
17 466
184 468
308 317
14 296
351 384
152 318
451 481
79 167
6 463
49 353
83 340
377 477
71 343
229 391
79 274
199 415
483 382
55 289
14 94
206 382
239 400
83 416
72 421
230 476
13 276
165 259
132 266
7 44
207 363
113 156
472 488
98 251
398 435
26 253
72 78
330 450
36 193
59 143
185 498
152 358
12 68
298 425
496 242
41 129
46 271
246 391
174 349
103 216
48 436
20 227
225 453
80 387
115 340
175 376
49 414
231 393
73 179
50 183
96 367
51 406
155 180
238 245
104 178
225 479
5 114
219 325
145 374
332 419
167 383
24 324
140 381
25 425
156 487
24 53
407 440
118 277
48 393
196 421
177 303
429 457
60 451
134 405
299 402
54 332
278 356
14 84
235 333
78 212
336 439
198 230
74 309
128 147
219 482
293 328
362 434
25 304
274 313
139 257
130 447
482 281
495 53
26 353
185 245
68 302
266 323
26 422
110 434
182 485
192 480
237 386
152 277
253 287
359 388
85 436
47 286
189 439
92 287
120 360
98 210
171 322
3 315
491 28
114 298
359 377
17 70
7 68
217 391
156 492
51 135
349 361
323 450
59 312
323 439
143 180
225 289
178 231
28 192
32 291
36 423
7 114
23 248
149 290
225 318
465 493
29 150
377 472
252 480
293 306
8 128
119 476
61 458
330 442
238 282
404 425
287 388
173 398
498 321
390 434
362 411
39 248
399 446
8 220
47 405
244 440
86 159
351 360
75 494
297 362
45 496
11 358
368 490
123 390
69 369
29 123
111 421
111 255
178 347
39 283
482 57
9 63
171 177
222 358
62 135
157 447
139 358
257 411
168 400
472 483
168 399
490 383
266 309
490 464
114 444
148 201
123 413
95 395
186 464
267 341
96 482
377 417
136 153
269 475
30 344
147 327
480 190
51 277
17 199
241 312
93 395
116 330
410 433
123 329
6 116
202 483
17 38
87 91
62 259
151 331
5 266
43 462
498 492
153 306
306 421
145 203
227 330
142 221
484 125
75 398
284 494
348 359
77 336
152 301
333 362
214 358
186 468
109 141
172 257
78 464
486 383
376 405
92 230
491 24
64 411
190 403
244 492
126 184
189 353
5 260
184 447
138 186
83 146
307 318
275 438
178 187
304 405
264 423
189 400
244 320
11 489
230 270
128 211
213 453
15 248
208 387
40 475
112 212
205 295
59 98
164 312
364 392
82 91
318 420
93 497
160 223
108 400
124 498
36 313
77 406
161 288
110 418
286 453
137 323
45 218
273 366
112 367
165 444
110 236
200 395
79 376
72 331
315 497
496 10
258 385
483 410
72 222
258 461
70 482
131 480
62 161
107 330
100 418
289 344
161 322
176 320
247 462
245 492
62 381
152 196
239 474
398 399
107 256
26 79
34 306
362 377
282 394
179 419
138 179
80 463
318 435
28 61
162 281
269 292
480 323
140 351
257 291
242 276
482 316
67 199
10 442
34 230
307 476
20 143
4 391
293 375
38 208
29 282
19 177
126 211
122 461
72 457
337 471
324 485
218 416
226 370
253 268
226 372
495 413
118 458
152 220
497 388
8 184
387 444
83 478
498 91
139 415
6 299
347 400
178 306
6 155
344 484
268 470
248 448
237 287
100 491
13 437
285 360
487 417
147 168
211 353
270 285
11 228
108 323
88 188
74 322
107 477
44 77
169 207
494 399
489 464
198 318
160 469
189 328
480 274
277 327
44 298
190 254
29 247
14 485
13 445
51 372
143 474
106 426
91 437
143 346
28 110
212 364
124 331
360 453
109 397
391 487
493 228
358 435
14 83
221 498
223 323
121 163
448 454
49 365
256 454
37 414
133 183
105 209
284 384
10 98
142 313
211 222
124 424
73 200
312 424
118 235
121 138
480 6
90 346
215 279
445 478
278 393
101 383
160 359
289 419
167 388
352 406
296 365
151 278
194 228
259 469
282 317
207 406
213 449
99 407
126 368
239 342
2 55
266 293
85 118
310 374
49 409
101 354
297 473
245 461
267 318
21 74
19 385
120 186
42 324
488 171
377 489
169 351
151 206
97 412
241 262
271 354
90 462
182 311
217 250
57 252
166 291
225 327
21 71
222 489
231 320
358 382
127 195
219 461
128 472
255 445
495 360
217 413
399 485
80 274
54 68
324 365
62 134
270 300
254 343
83 473
281 390
70 152
38 474
229 353
54 350
257 366
493 134
125 223
128 422
390 427
117 366
115 401
163 454
273 296
7 158
34 440
102 405
102 400
21 125
105 492
197 331
169 357
287 436
315 396
51 449
274 346
95 307
193 370
45 392
97 181
371 409
112 228
164 262
38 160
164 334
116 491
464 488
491 0
219 467
176 199
15 172
233 257
337 341
29 292
389 417
490 165
345 348
312 390
210 363
93 145
182 416
330 486
97 245
342 441
2 456
310 443
394 449
208 253
491 286
372 429
22 450
280 386
35 313
64 142
184 470
164 323
0 184
38 173
153 386
84 472
62 354
245 372
236 405
289 413
176 314
115 487
274 281
90 495
194 232
99 111
99 259
83 277
180 491
60 444
237 306
389 425
423 445
0 362
147 216
82 254
492 226
132 488
40 155
0 418
330 345
217 238
361 472
154 464
50 60
270 312
14 293
133 443
90 345
208 394
125 202
214 251
297 397
471 476
204 265
51 466
152 202
85 213
118 486
239 296
59 462
267 362
77 488
12 351
44 202
242 473
147 462
84 213
100 142
488 396
432 497
112 357
127 444
220 284
130 464
48 496
52 436
118 371
313 384
480 226
488 129
297 433
490 438
66 239
479 484
179 285
280 402
116 447
234 279
140 428
86 217
99 365
480 37
248 321
393 412
15 43
44 52
299 450
34 71
21 359
320 425
489 465
101 421
208 321
177 226
189 253
102 479
27 223
325 465
50 366
264 283
473 488
231 396
326 366
44 452
65 112
287 325
491 451
494 341
121 136
14 167
83 335
232 421
53 94
260 282
66 328
61 331
12 362
287 465
60 461
330 425
347 483
14 22
165 265
103 450
178 203
66 267
16 204
391 399
130 220
47 150
232 486
95 489
70 204
165 275
453 477
78 270
148 441
142 340
39 153
191 198
475 498
45 133
151 152
130 289
10 447
159 179
296 407
117 445
6 29
50 457
135 196
198 408
412 497
38 118
492 124
300 419
56 471
488 375
283 299
118 255
196 372
68 158
302 464
406 483
144 393
19 86
150 252
203 393
31 166
15 212
165 352
484 477
155 439
244 286
393 467
400 419
346 497
68 477
69 278
290 475
335 350
53 238
71 485
324 411
118 450
218 312
272 387
118 274
480 489
480 88
25 347
57 78
210 474
216 371
294 497
149 163
88 99
495 264
112 255
81 208
419 421
487 179
63 269
210 216
384 433
285 427
199 213
494 3
291 426
198 267
90 421
169 283
89 411
96 417
9 382
26 350
195 278
29 87
120 340
299 419
285 288
270 463
44 127
491 383
91 431
300 388
167 380
194 354
52 141
102 105
26 103
26 458
198 330
151 345
69 96
68 154
73 158
37 394
323 325
126 137
30 272
298 329
433 478
234 295
110 264
335 359
31 273
204 286
449 474
423 460
308 436
200 246
445 456
349 463
213 447
174 417
296 475
22 452
121 275
164 230
0 159
496 18
243 272
148 257
487 454
166 184
37 461
240 294
62 460
152 190
225 447
26 379
391 405
181 192
292 482
307 374
82 369
152 242
374 388
82 149
93 182
411 447
481 171
7 352
498 99
98 483
177 438
165 319
117 426
484 217
39 54
253 293
246 456
9 328
52 462
143 430
61 253
195 211
42 245
59 304
257 367
19 346
73 130
201 372
137 273
177 476
246 272
38 334
251 404
102 390
126 361
456 475
79 455
190 380
197 326
19 192
281 355
25 89
73 118
96 485
264 327
172 294
480 441
482 160
91 118
41 281
6 178
250 254
345 353
13 496
108 451
53 343
208 357
484 285
79 313
66 103
180 318
11 94
496 303
167 205
103 145
29 464
65 385
182 402
137 185
50 365
196 412
125 355
150 410
35 80
332 398
66 183
425 471
309 337
73 80
160 283
170 284
110 167
369 383
255 266
274 488
3 221
45 429
390 401
141 282
34 235
3 143
328 332
231 330
59 267
39 280
48 277
157 441
200 285
196 474
125 380
330 400
149 446
56 430
291 319
79 386
288 332
257 264
273 373
260 285
89 269
305 461
312 417
71 271
34 371
481 336
206 326
151 497
49 122
137 242
179 314
0 340
1 245
238 297
169 306
10 136
483 244
92 300
177 252
180 270
58 382
136 465
263 393
5 218
361 462
492 392
359 383
57 391
160 426
483 369
93 289
104 468
165 264
169 230
152 349
215 320
241 360
4 223
254 360
89 286
40 289
482 352
312 443
301 471
403 441
231 474
59 277
33 444
282 485
53 218
300 391
398 436
287 402
65 145
15 423
167 257
163 335
12 431
115 209
499 208
56 428
248 443
221 369
364 377
23 329
124 419
42 130
170 397
491 428
3 400
9 231
132 469
274 307
427 478
22 74
88 353
26 333
78 387
66 272
236 486
275 477
49 394
409 421
166 225
5 461
226 285
15 480
229 271
490 70
143 296
191 359
88 170
305 486
77 428
178 330
119 305
482 111
97 345
14 476
56 265
364 394
356 472
23 476
276 429
75 140
76 179
253 441
234 369
38 344
246 273
112 443
127 498
101 326
385 447
272 300
105 158
323 390
93 368
21 343
109 408
65 438
94 309
46 372
193 303
185 301
1 209
354 434
64 486
275 403
236 259
31 369
71 384
334 383
49 398
60 320
462 494
130 349
227 264
166 479
24 224
70 463
496 158
128 362
94 276
0 494
7 117
124 309
4 282
33 265
96 192
278 289
182 399
491 361
63 133
306 366
266 417
113 430
66 339
128 479
430 445
182 186
483 159
417 435
150 354
304 305
428 486
126 448
96 395
97 142
84 110
324 363
496 114
317 479
26 140
300 348
12 48
414 491
142 288
140 175
211 487
101 472
298 352
373 416
69 254
181 337
135 434
436 456
277 326
6 201
142 215
121 377
17 457
110 232
199 327
39 466
146 222
240 444
377 458
221 245
214 282
165 495
10 360
386 478
488 470
261 478
218 499
162 260
325 364
6 45
384 486
18 217
180 255
46 241
486 211
40 300
293 301
140 475
176 397
488 10
3 192
72 413
208 262
190 434
42 214
9 89
199 414
24 316
289 375
173 403
164 324
244 261
163 389
28 315
347 464
363 494
226 395
48 226
185 374
250 482
17 90
327 330
179 457
340 499
497 125
294 315
371 476
298 434
28 440
279 329
188 356
67 244
361 403
391 476
44 492
491 284
65 175
36 238
157 358
77 249
34 331
56 264
206 311
81 474
242 338
91 260
232 315
89 469
107 116
223 282
265 402
73 490
131 201
489 428
12 259
77 203
282 491
76 246
166 204
219 304
105 257
10 251
188 193
154 160
380 406
77 107
122 203
242 299
306 326
77 115
106 193
93 454
111 231
74 294
374 417
67 195
107 350
340 467
325 413
107 347
70 327
213 477
237 399
142 305
194 389
88 270
21 229
48 471
174 243
329 407
273 495
124 287
136 359
187 403
307 338
88 244
259 362
239 405
486 89
262 452
296 320
128 313
366 368
490 316
117 422
212 471
374 463
201 257
148 214
3 427
231 241
411 413
36 231
176 247
275 454
182 482
242 441
27 194
230 491
55 296
125 360
429 498
311 397
292 376
29 350
41 305
38 297
260 272
264 451
215 387
381 471
349 440
28 245
67 346
21 470
224 401
144 458
194 252
190 395
178 396
265 391
104 455
216 273
153 234
113 386
192 312
191 475
176 182
16 259
29 270
398 489
37 40
5 231
148 153
11 91
398 474
50 430
109 323
313 314
430 481
80 326
234 316
419 478
20 275
245 393
303 329
19 462
209 241
136 331
303 345
282 418
330 343
153 249
378 433
212 279
71 321
162 368
133 284
200 476
280 453
92 357
28 384
404 466
52 92
60 495
166 251
88 245
7 88
351 483
137 436
21 322
496 254
489 271
85 399
298 326
363 383
285 292
143 166
488 461
272 428
484 239
203 274
40 458
80 456
217 223
198 255
166 398
210 490
81 385
486 93
26 251
171 334
137 389
426 456
205 299
188 320
435 498
118 167
334 430
85 483
8 222
99 340
186 443
292 445
82 260
376 424
32 457
344 467
140 479
133 187
360 404
221 235
499 246
276 347
82 117
145 298
7 277
117 400
219 425
2 105
156 480
298 453
104 447
24 58
499 432
448 496
143 250
296 492
109 347
154 378
131 239
89 199
200 319
315 387
109 280
63 161
3 338
482 249
278 406
6 118
16 402
25 438
184 333
297 367
309 460
331 346
232 428
32 488
161 393
118 495
445 476
107 198
485 147
12 437
299 371
210 338
177 453
297 392
141 264
301 354
284 299
372 479
150 155
187 338
172 225
154 349
169 184
70 428
497 445
102 313
20 394
102 270
92 326
236 351
207 396
386 410
52 441
491 448
51 148
247 316
495 248
28 438
70 492
217 492
233 469
154 243
177 306
79 250
56 163
330 342
297 460
21 201
142 329
60 479
91 200
13 386
195 460
178 307
130 274
89 273
47 83
4 307
21 251
400 477
247 269
95 481
73 257
41 234
131 375
108 140
41 365
105 247
150 437
366 446
37 407
79 211
287 468
399 498
310 337
37 243
37 297
333 463
218 393
33 164
270 290
151 391
153 339
487 378
5 393
87 314
359 478
48 145
130 253
193 312
26 475
99 130
286 290
496 252
239 399
495 166
358 467
217 222
498 272
117 399
236 398
379 415
383 396
94 426
284 465
273 499
74 318
29 310
171 327
59 382
144 172
132 161
168 384
176 385
88 271
109 260
140 199
331 431
291 427
35 252
199 341
15 56
305 364
326 491
282 490
13 371
30 69
91 489
165 467
340 433
298 488
47 155
43 217
250 426
492 71
498 421
109 268
300 340
483 46
63 349
0 141
62 140
98 141
322 414
496 214
232 284
317 345
300 490
35 385
147 481
256 263
145 223
129 499
69 334
2 291
6 215
336 351
103 339
230 497
1 93
117 142
252 305
11 336
206 397
84 389
102 402
78 423
57 235
59 68
452 463
353 377
146 394
424 431
290 377
392 428
337 370
197 282
32 212
11 158
171 361
144 150
116 351
156 448
8 318
246 491
485 168
72 117
112 202
134 431
494 417
87 377
145 422
400 456
424 439
25 42
36 190
269 420
196 356
489 229
262 343
73 143
410 489
23 110
67 493
76 102
128 305
97 397
113 464
62 277
166 242
56 143
493 350
32 247
210 330
1 83
94 496
221 345
313 445
225 359
200 352
209 307
233 436
218 268
280 393
224 453
278 310
266 317
315 406
68 172
28 412
164 277
127 447
482 276
199 400
100 204
91 499
226 398
90 446
417 426
205 208
375 498
256 436
382 399
185 256
259 396
100 337
81 391
388 435
50 121
72 446
433 480
218 397
78 380
161 328
129 446
115 271
124 397
280 323
218 337
260 396
461 467
358 372
0 295
489 35
221 460
482 398
20 445
146 367
20 126
57 89
397 473
115 372
62 282
178 228
57 489
80 345
154 392
71 427
172 229
68 475
398 424
235 408
194 415
481 282
131 165
428 435
99 348
25 172
158 212
101 298
240 415
249 259
480 239
164 458
359 467
27 178
237 396
3 387
5 10
41 303
200 269
129 495
106 361
485 108
109 119
109 156
186 251
72 409
170 456
458 473
125 374
6 234
211 291
493 44
62 392
32 275
29 338
10 427
292 379
31 288
105 405
106 160
44 171
494 414
73 480
190 364
22 223
226 494
414 472
1 460
159 451
52 109
262 338
106 250
7 414
70 117
30 213
214 415
118 492
8 319
215 282
325 339
59 79
176 192
65 427
31 400
66 150
166 349
13 255
62 208
88 199
328 330
34 44
89 349
402 442
480 200
160 356
399 407
367 378
64 327
86 161
444 470
485 271
64 99
51 481
412 413
290 349
121 455
91 243
492 436
121 329
312 381
102 306
6 256
84 441
184 268
107 182
272 347
331 390
0 219
40 161
76 247
55 267
200 471
50 178
91 374
64 368
269 478
65 129
491 177
167 292
119 297
7 243
175 200
422 453
155 231
480 215
11 253
366 418
45 125
432 494
132 496
355 481
65 336
231 331
484 393
175 348
159 171
191 492
136 348
238 483
49 296
219 316
205 391
221 388
52 222
88 141
116 453
199 388
181 225
317 472
314 339
64 373
106 235
107 176
140 312
160 459
492 375
280 463
85 319
59 284
243 466
144 441
194 401
90 191
237 475
235 350
72 450
47 266
37 168
234 495
365 390
219 327
485 29
129 325
83 325
474 480
27 315
158 416
487 254
432 467
216 254
11 326
68 206
489 205
396 443
494 228
84 217
211 316
223 442
199 437
383 468
484 301
101 480
25 324
16 347
18 29
308 476
110 398
24 143
490 272
26 466
208 338
278 419
212 216
490 256
57 332
58 141
78 79
124 310
340 415
452 472
155 242
71 324
50 258
151 375
388 443
242 474
8 55
0 350
378 450
74 145
137 208
84 171
491 249
149 412
209 248
215 296
330 464
195 399
263 359
371 458
108 434
161 177
169 240
9 365
163 348
40 490
68 450
498 362
229 397
390 464
291 331
54 348
49 239
123 365
176 310
10 189
109 166
189 278
311 469
488 101
25 75
236 305
44 480
251 391
125 419
78 258
108 120
87 248
47 471
42 359
160 336
43 474
80 415
2 96
193 390
195 391
111 339
373 480
159 252
4 63
178 184
254 435
52 292
213 397
310 364
30 262
113 194
171 264
288 476
73 186
496 91
164 366
84 180
281 389
25 81
164 472
12 271
111 357
88 237
243 479
21 418
130 197
61 449
131 393
495 330
139 184
46 283
3 368
22 471
38 257
62 292
80 380
273 332
72 350
57 63
45 287
52 68
277 278
320 453
284 460
376 388
31 211
284 449
59 203
55 62
95 166
170 442
20 207
153 484
491 328
105 342
118 140
111 450
48 149
313 469
42 263
89 430
492 96
191 382
209 294
126 346
124 240
482 215
46 68
40 424
123 415
103 139
216 265
35 47
317 330
97 171
64 344
90 293
138 149
82 483
129 386
77 173
498 182
163 394
265 383
179 307
98 460
310 453
96 346
110 479
230 303
244 446
160 309
82 436
237 443
248 424
21 161
90 226
185 259
142 374
305 342
14 352
162 311
46 455
5 424
63 172
197 249
494 249
127 155
41 356
482 153
279 429
14 70
69 155
393 442
50 375
67 492
236 386
367 370
488 95
313 427
483 12
97 445
88 333
482 473
58 357
39 104
190 414
26 355
195 301
498 422
243 388
211 305
323 400
151 298
257 465
320 357
15 443
57 450
41 324
36 86
352 357
366 398
42 179
168 496
290 403
26 278
49 404
71 381
16 381
243 459
366 472
26 104
480 169
140 435
35 492
273 320
339 478
113 271
294 360
422 447
136 488
141 437
107 267
300 394
332 357
229 250
284 472
258 334
217 483
258 325
186 471
147 202
266 368
58 486
264 373
354 441
86 103
246 265
127 491
238 259
65 69
11 143
47 207
284 416
494 267
61 400
73 313
16 471
81 427
228 490
445 455
362 398
86 186
136 231
429 487
45 306
297 497
139 238
210 416
251 275
264 497
123 318
405 452
483 416
282 416
2 30
226 320
24 487
103 470
390 466
284 311
151 266
189 377
110 344
168 464
314 472
130 160
388 468
22 356
46 376
109 361
222 287
9 201
96 381
290 457
497 386
131 244
327 357
292 440
7 22
97 226
234 283
259 378
235 410
95 439
124 387
193 232
311 439
163 258
38 470
159 361
142 325
416 429
383 420
134 282
67 446
53 354
40 200
94 147
20 464
178 206
328 403
121 232
375 459
89 153
145 345
313 347
121 130
220 425
494 387
56 473
40 142
12 263
198 414
150 234
413 465
252 329
337 488
89 366
414 477
60 223
239 397
6 142
148 305
282 478
134 435
398 426
65 218
138 262
40 411
261 398
288 461
180 229
71 472
110 159
69 403
471 485
19 204
286 408
94 255
402 469
11 283
485 21
452 480
382 384
98 424
112 276
149 217
187 494
180 442
173 455
1 241
188 326
227 344
245 283
43 432
130 485
33 72
344 441
124 210
485 93
195 472
103 423
114 156
32 109
281 449
158 468
38 66
185 445
14 188
495 50
29 438
104 484
243 441
324 330
171 247
104 353
57 226
369 404
7 219
115 140
499 286
59 351
187 383
104 116
193 392
88 156
42 227
386 434
68 394
276 354
11 274
262 428
185 302
142 367
14 106
376 400
50 338
100 315
150 327
375 439
69 323
150 444
484 366
114 299
257 361
62 372
367 448
137 183
492 174
71 124
306 425
3 424
154 231
244 486
37 129
175 265
79 323
341 425
390 496
150 295
376 488
131 206
92 167
290 422
305 456
145 307
10 183
375 411
36 306
261 278
280 432
26 382
498 325
396 398
224 251
99 243
5 352
72 144
119 124
131 412
498 256
218 391
101 152
364 471
87 398
381 447
119 197
51 136
124 251
293 346
339 349
186 217
240 481
191 255
38 473
275 330
21 327
484 494
25 316
248 294
268 405
495 34
24 123
26 36
137 362
135 319
169 339
18 163
230 352
221 419
182 219
227 466
279 291
84 133
221 354
390 454
73 139
39 161
223 335
191 202
6 490
27 221
14 177
16 55
58 319
22 133
348 385
107 136
257 471
360 398
38 148
193 375
10 49
132 375
152 470
51 287
332 394
487 180
38 476
52 330
228 378
99 288
7 75
156 180
493 267
272 488
341 346
307 488
79 398
58 488
486 352
30 110
41 457
89 107
3 378
162 367
210 428
49 150
1 492
201 206
142 440
367 450
115 177
89 144
94 333
118 493
204 404
340 457
493 356
19 185
106 393
41 387
203 352
200 313
205 284
324 445
232 445
23 101
11 258
79 249
377 412
28 464
64 381
483 302
74 397
245 401
48 74
488 102
269 391
178 243
348 401
414 446
172 314
136 444
113 230
407 416
79 392
23 316
20 450
486 412
272 350
86 131
374 491
128 238
121 448
180 307
215 489
354 423
141 247
237 383
480 146
115 435
84 152
198 450
495 5
166 416
63 454
494 138
84 113
209 291
328 369
273 477
147 361
209 254
135 213
138 152
75 187
256 350
337 480
139 474
50 73
252 286
274 442
395 490
215 455
76 332
347 457
52 396
256 425
210 404
16 220
420 491
425 494
73 199
55 201
197 440
122 287
202 434
164 336
375 437
349 412
16 247
235 378
206 451
495 261
34 468
136 144
32 346
486 379
72 176
92 222
191 279
207 326
9 314
247 478
54 249
246 461
78 350
9 409
192 435
14 225
237 310
267 321
116 229
79 253
228 416
2 174
141 328
159 282
473 484
314 489
33 49
105 202
483 275
482 38
489 232
13 474
329 384
38 194
427 461
186 277
55 388
495 439
134 364
280 322
47 239
488 252
169 450
483 93
90 399
237 457
123 163
493 286
80 330
485 345
165 316
261 309
30 223
126 354
143 462
7 319
9 189
220 351
40 219
105 197
60 169
193 439
357 389
445 451
67 148
152 335
200 312
276 366
323 393
142 205
297 332
81 259
30 458
463 484
362 486
49 83
484 352
417 476
73 77
225 349
22 442
478 481
488 420
30 135
84 97
189 449
493 177
120 152
159 278
488 366
145 355
31 102
101 335
11 102
386 475
240 306
482 135
12 445
174 313
206 285
226 318
290 328
194 270
140 379
367 431
491 216
46 423
25 420
144 271
55 102
178 276
34 406
379 458
261 265
493 35
173 201
11 463
116 450
425 465
142 154
30 72
298 448
52 440
379 489
92 302
487 83
253 380
484 409
281 475
114 283
93 108
63 263
84 412
128 442
224 488
47 383
0 50
229 312
4 398
329 438
118 150
266 295
215 462
157 380
82 234
44 267
300 495
58 138
58 92
266 360
199 210
387 434
480 351
51 475
81 342
171 478
21 132
16 190
128 267
11 62
159 490
232 407
361 375
271 460
49 254
325 405
161 437
64 366
209 442
250 366
172 357
469 485
496 232
356 361
67 139
239 257
227 427
495 221
315 454
35 319
247 301
58 353
191 208
176 290
43 348
145 439
151 313
491 260
124 129
89 340
187 488
433 470
66 446
424 459
272 445
32 390
428 438
67 395
93 388
498 126
180 454
221 490
336 415
106 310
308 352
14 221
263 280
292 409
19 254
279 374
316 411
58 436
98 481
278 345
240 409
219 464
67 231
211 312
322 413
319 329
262 442
215 365
283 366
18 122
276 346
147 207
72 182
67 389
488 15
7 353
283 335
483 25
491 109
313 402
28 32
57 236
376 406
193 253
66 447
233 239
348 497
362 433
298 493
41 207
113 422
172 280
240 290
320 366
61 357
211 311
32 239
2 478
94 249
493 408
152 472
256 420
63 438
49 79
66 205
23 165
64 224
73 162
493 5
258 374
363 445
90 156
48 364
13 135
375 496
101 432
251 337
186 295
324 496
55 233
102 382
353 390
129 383
235 270
334 372
111 393
135 153
49 403
62 251
125 414
316 454
305 309
48 72
173 423
33 238
337 343
9 188
110 160
58 459
61 162
30 166
171 357
493 276
144 299
221 406
310 395
61 210
102 401
33 251
458 499
228 467
166 315
397 449
89 105
151 250
39 273
159 496
407 461
495 274
183 282
7 252
42 314
487 206
311 365
6 385
12 151
189 335
159 430
218 488
94 378
302 358
499 176
10 466
159 283
491 79
355 438
150 459
91 142
139 408
185 219
261 399
55 498
0 411
94 373
6 491
101 320
200 321
362 492
195 324
495 152
489 330
492 380
124 326
22 198
236 299
221 276
229 279
11 294
50 136
13 294
94 453
193 367
485 267
168 193
48 159
117 205
139 381
152 180
333 440
252 397
492 329
185 482
179 464
6 53
53 454
41 198
347 433
0 244
143 313
62 238
28 276
190 334
228 350
319 387
250 280
483 492
254 351
14 205
185 334
133 422
289 475
308 468
285 488
141 436
40 444
474 488
106 209
76 329
364 491
222 307
179 449
233 295
128 448
87 183
203 234
482 455
304 426
495 35
5 143
406 467
118 295
16 280
113 275
207 260
108 318
30 245
249 274
149 266
160 231
10 83
391 442
82 486
276 446
303 476
119 244
103 146
168 271
36 249
101 389
198 442
24 334
243 263
81 291
69 304
87 429
27 266
137 161
84 352
195 316
35 400
335 495
86 111
201 437
299 401
295 364
52 219
138 151
112 234
56 337
17 124
11 293
256 408
309 419
32 147
31 324
49 467
327 399
236 357
170 232
141 497
261 440
242 486
272 430
484 54
87 295
120 167
306 427
173 276
497 430
112 317
39 62
242 398
188 260
229 350
301 490
15 116
87 380
148 476
117 202
171 487
98 129
165 224
454 474
23 154
283 478
121 472
252 400
6 453
15 441
255 371
126 148
90 474
83 451
0 399
409 446
393 480
78 333
242 389
138 397
229 330
56 98
221 416
135 201
228 472
243 417
278 367
89 131
246 263
63 194
5 318
164 474
117 179
483 261
243 461
0 37
488 353
51 185
39 378
42 438
42 210
219 340
39 369
269 405
132 143
19 490
72 204
7 34
239 442
52 341
124 150
157 226
70 414
119 150
156 226
207 348
71 437
142 398
129 419
69 339
124 431
498 101
32 79
168 440
344 415
209 397
210 384
109 457
488 177
306 442
39 322
10 157
480 423
8 41
255 442
486 427
34 256
61 241
491 465
252 255
276 465
483 286
55 242
392 477
196 491
10 432
146 417
133 263
242 320
116 488
437 462
117 151
183 305
485 401
104 398
303 391
45 299
102 435
278 282
364 373
498 62
387 493
107 496
314 418
162 421
197 319
61 408
486 177
127 144
276 430
163 167
452 473
250 300
186 285
399 497
282 373
44 430
276 406
52 336
250 437
185 260
14 422
242 260
27 129
64 295
165 299
485 63
340 477
78 499
24 159
157 214
108 418
239 455
208 306
306 424
57 461
38 191
494 312
33 423
5 230
211 466
224 425
352 488
84 280
119 267
249 463
25 406
170 188
265 398
102 462
40 271
174 244
121 134
79 188
206 468
166 309
175 337
290 319
37 279
375 450
62 367
74 81
207 291
492 69
130 213
178 440
35 412
248 483
495 391
262 455
283 357
197 234
27 381
90 367
326 493
35 226
32 150
165 435
234 480
496 102
191 429
148 435
179 247
78 474
260 472
4 190
168 251
371 426
26 133
95 266
210 454
394 401
3 120
493 419
231 371
400 461
411 476
90 327
68 344
403 437
295 376
52 310
218 479
84 369
356 445
138 178
486 167
446 492
6 148
207 494
111 476
248 460
97 325
80 213
495 163
215 468
82 424
9 474
205 447
66 95
158 242
248 299
169 237
268 399
167 492
235 364
490 387
34 83
38 284
117 341
211 414
40 287
314 433
124 370
74 153
169 441
64 479
28 256
261 382
153 329
197 279
190 416
18 402
239 278
42 102
38 428
39 304
226 341
52 339
71 156
208 282
55 400
74 446
221 333
75 99
141 292
358 374
164 297
307 429
178 406
146 162
137 274
67 307
169 245
242 493
319 395
366 460
154 382
68 378
202 436
155 304
20 171
73 448
433 444
54 326
212 473
86 253
50 441
114 248
161 448
29 30
137 499
79 354
31 306
332 364
98 382
34 334
114 312
313 454
185 215
409 479
92 348
125 370
211 282
73 248
19 171
191 327
37 347
24 216
494 313
334 454
492 371
47 135
102 217
153 288
204 300
19 465
50 320
1 386
50 107
105 476
98 175
332 447
34 202
385 429
121 156
378 404
24 270
260 265
131 315
360 378
123 131
76 82
16 213
289 401
227 429
266 401
135 423
24 378
267 405
69 159
257 287
156 197
57 132
498 149
22 394
346 389
146 168
4 330
480 80
321 407
128 435
112 183
378 414
96 418
183 430
405 470
74 190
117 215
26 237
5 499
1 280
392 430
31 458
483 224
86 375
403 489
486 50
329 351
145 274
71 213
168 254
143 446
295 368
166 175
27 398
164 357
100 406
1 419
275 476
260 287
62 415
88 98
62 479
116 240
34 483
488 385
110 293
264 338
172 228
482 381
246 393
3 497
117 150
340 453
188 414
208 421
7 64
155 182
482 177
36 443
57 274
103 338
77 104
121 412
493 221
257 466
12 490
100 285
86 226
9 121
33 183
13 262
105 393
109 153
197 218
238 372
107 403
154 341
268 312
111 135
2 465
100 187
480 304
80 180
427 480
245 311
30 101
17 183
3 499
484 103
143 289
76 281
292 360
272 333
32 211
466 473
340 369
192 357
492 76
349 466
215 389
341 466
46 343
120 132
170 228
193 264
286 419
99 190
163 253
236 347
108 266
157 266
41 217
60 253
9 492
184 342
260 418
187 446
220 250
409 482
394 411
89 140
135 387
494 287
145 311
494 15
152 448
353 466
329 340
149 198
410 414
259 444
251 349
378 481
177 331
183 238
484 326
69 442
221 267
140 344
275 386
53 434
0 406
499 415
491 53
94 393
100 114
480 477
50 389
38 373
252 276
364 455
301 306
482 456
118 416
353 394
149 314
111 356
153 218
199 219
41 424
316 462
170 185
256 370
25 205
23 482
227 424
32 487
274 290
133 219
483 390
488 155
171 218
330 334
196 353
29 471
329 396
89 497
25 178
197 309
2 398
20 278
132 306
288 318
126 408
373 385
401 420
121 465
447 473
39 349
484 487
296 457
404 429
290 311
16 125
147 345
13 423
291 343
341 368
34 307
179 191
100 229
334 353
218 332
257 391
86 379
385 451
14 145
250 430
117 385
37 294
18 403
270 381
138 486
26 283
40 199
92 316
73 236
102 439
286 317
119 263
71 249
191 389
56 220
482 388
150 400
356 383
89 168
81 491
41 119
106 145
353 460
498 133
94 411
165 407
267 347
160 340
94 203
64 415
254 310
489 474
158 165
60 432
121 122
91 114
65 99
31 395
498 371
193 380
225 457
481 6
228 294
80 187
41 174
17 152
16 303
81 138
45 100
238 325
22 245
101 327
398 498
177 332
490 240
326 382
158 354
346 428
308 367
290 295
15 128
41 323
9 288
171 444
125 158
21 425
2 297
86 416
207 339
332 452
141 171
16 188
189 399
354 419
17 120
110 158
306 410
38 240
59 301
61 189
183 258
182 408
319 467
93 170
57 437
297 340
186 225
295 481
492 88
42 184
244 441
300 468
41 170
117 186
434 466
314 345
84 356
169 362
83 308
128 449
58 222
480 185
77 170
198 210
268 466
218 387
40 139
494 17
259 296
388 438
151 257
185 419
394 460
32 104
324 451
103 433
262 494
250 402
68 346
119 242
313 329
185 352
50 224
48 476
104 490
141 299
243 362
12 275
116 264
21 348
499 298
180 321
203 275
10 364
92 310
204 304
261 329
450 487
10 72
242 479
91 287
74 495
495 235
373 415
405 472
36 330
283 375
55 325
87 161
355 494
285 301
38 236
347 352
166 189
107 109
22 225
226 412
42 185
169 396
152 401
267 483
497 153
357 414
28 420
56 401
125 480
421 490
56 88
57 348
238 496
167 488
193 334
192 487
168 180
98 289
161 461
204 452
5 149
116 145
29 74
104 256
191 442
4 347
480 105
309 392
311 349
118 246
206 325
460 482
413 492
101 337
284 295
134 229
101 155
23 348
57 326
266 432
157 436
147 293
91 230
137 279
199 304
10 111
425 483
210 219
137 456
166 260
255 329
98 114
276 427
175 296
76 486
294 345
6 85
486 48
492 298
172 344
228 286
250 453
147 195
385 392
25 279
179 301
114 295
122 443
174 430
38 377
26 447
103 360
263 422
175 305
219 411
327 490
96 160
198 310
39 419
75 165
130 284
271 391
297 461
56 288
303 367
84 200
463 488
278 435
16 309
315 369
155 403
50 196
255 425
267 356
80 453
0 325
282 374
35 468
365 450
350 400
232 236
290 451
71 85
262 369
70 390
220 426
80 383
76 135
67 110
5 208
127 376
118 444
254 381
230 320
150 490
30 239
491 170
498 19
31 182
488 258
96 427
281 492
19 55
195 493
339 425
249 296
20 202
218 346
493 190
144 498
71 296
487 174
107 262
362 368
45 185
485 125
248 395
374 464
204 271
104 251
295 389
270 490
306 407
484 123
116 432
128 174
486 19
99 431
401 453
80 344
63 325
22 413
308 344
86 137
258 352
352 493
62 262
499 410
410 484
297 346
41 436
480 372
61 486
287 329
293 439
300 414
103 469
59 174
145 148
301 397
486 173
44 294
14 227
107 184
347 466
66 211
97 176
150 263
78 306
489 360
107 286
7 203
40 435
484 72
213 420
343 442
358 430
480 247
182 211
155 248
274 385
279 415
42 110
32 458
90 375
302 380
232 243
245 371
107 269
45 141
131 242
129 172
182 248
223 253
63 310
307 416
83 174
161 192
167 378
58 133
144 411
279 361
89 475
329 373
286 433
20 291
203 379
69 388
13 51
101 321
144 277
176 275
366 474
306 468
129 333
127 409
30 71
123 139
490 183
212 472
41 409
148 225
390 455
481 367
360 472
27 56
494 464
87 93
97 401
422 493
485 336
208 493
189 362
133 404
308 382
139 486
247 406
295 388
131 454
141 431
287 429
485 208
45 246
155 418
39 73
202 284
483 5
137 480
491 426
21 344
197 325
151 181
317 494
144 387
490 313
257 304
231 251
212 229
111 167
6 497
44 122
82 191
212 287
239 265
43 353
115 143
318 491
7 361
13 263
78 329
186 448
123 412
147 160
77 295
230 419
101 382
398 448
39 92
351 444
292 343
227 347
340 366
230 475
32 395
487 336
22 155
144 492
387 453
112 351
307 312
37 275
95 201
499 7
487 110
96 155
114 470
197 330
218 289
59 200
177 319
144 181
250 380
53 412
201 433
322 432
43 452
246 308
13 407
1 175
16 109
95 270
198 396
169 484
113 149
343 374
324 429
485 80
38 394
210 340
85 492
133 405
217 332
239 453
60 261
325 375
101 162
328 444
387 406
4 152
495 384
251 451
262 313
79 459
109 328
215 407
256 431
33 43
341 438
120 373
394 485
25 78
90 409
209 363
420 444
62 390
49 214
116 425
83 103
73 123
287 393
82 136
254 329
11 381
191 297
314 334
80 117
45 78
480 25
168 474
184 379
50 74
7 392
252 371
225 499
101 304
375 478
235 282
371 375
492 300
107 120
429 435
494 491
364 445
6 336
167 335
195 372
313 449
149 282
7 257
33 96
451 487
32 434
47 337
138 218
156 296
10 182
114 481
194 262
115 142
484 324
139 353
17 74
125 240
242 300
182 346
282 482
99 324
7 171
464 495
241 409
232 250
168 194
25 235
165 447
31 326
386 395
159 316
5 104
256 377
69 352
190 301
405 483
102 268
70 374
189 352
105 193
55 391
81 215
253 309
80 295
112 389
56 246
70 216
291 361
317 350
430 469
111 230
152 155
146 260
34 407
115 145
112 263
263 306
136 447
359 435
327 420
108 481
123 304
5 187
137 332
481 55
100 135
257 261
497 155
104 480
335 371
98 154
75 102
65 174
58 427
253 499
452 489
14 417
38 494
55 269
79 227
233 337
80 368
313 417
17 344
13 497
449 495
56 374
265 290
62 209
251 347
397 483
249 289
0 23
347 364
6 123
100 339
484 115
498 313
279 418
226 378
283 344
231 446
106 144
23 294
92 161
17 364
113 401
57 271
147 319
492 150
253 313
305 389
92 232
224 293
127 436
48 181
108 136
221 341
241 272
176 231
169 303
271 355
51 201
495 14
4 99
282 322
73 292
290 372
7 376
246 285
276 311
195 207
375 412
283 397
214 449
74 140
101 184
41 339
286 454
4 440
491 113
208 247
260 471
46 160
151 423
147 468
80 191
221 404
283 363
120 176
114 175
151 408
246 473
51 446
487 290
385 418
121 310
257 372
264 395
496 136
491 479
112 208
228 246
42 47
142 302
80 414
487 235
137 310
123 478
145 443
203 220
338 486
252 437
124 163
380 402
108 146
446 499
221 309
212 497
14 295
449 468
282 318
210 322
203 437
306 307
2 247
92 168
309 446
163 462
98 445
221 405
205 252
298 332
150 206
147 469
3 189
64 127
183 210
57 460
186 286
14 400
57 314
175 331
161 239
145 437
42 304
439 458
357 489
384 432
326 498
51 108
154 372
117 351
149 229
336 450
249 373
37 122
326 391
47 439
150 334
93 389
25 93
230 396
33 309
151 153
92 498
90 133
222 256
125 309
68 471
75 394
433 473
22 193
9 411
72 191
137 363
128 293
289 408
22 431
182 363
2 253
253 435
4 442
243 398
2 46
275 390
496 41
494 311
195 373
286 451
257 400
211 473
448 453
149 403
488 390
90 479
228 438
487 407
87 122
154 270
231 256
6 17
136 485
209 293
17 399
9 207
277 334
8 360
483 467
290 350
298 428
455 489
11 473
65 368
78 213
85 463
488 9
12 138
353 362
351 476
197 320
489 46
40 446
7 220
0 251
38 98
104 485
450 480
106 289
135 490
43 433
100 312
22 406
221 304
260 371
107 348
57 361
495 204
102 158
63 177
28 496
9 279
164 367
149 334
46 140
283 368
150 405
366 408
208 215
335 366
7 239
7 175
334 448
234 252
334 483
169 492
165 238
136 449
173 360
23 107
174 445
153 244
12 480
376 447
126 489
483 228
123 212
343 394
469 482
59 377
4 399
175 336
314 441
10 266
311 415
56 184
310 441
190 242
96 483
211 444
191 200
354 481
233 298
206 366
12 192
286 353
123 267
209 246
204 427
164 408
486 84
366 482
109 308
394 424
153 277
95 234
487 154
19 65
344 496
26 273
299 340
313 437
348 445
495 98
14 47
163 455
499 326
52 184
263 428
151 311
10 79
23 425
243 278
29 382
277 288
142 214
164 237
193 448
186 395
33 150
38 99
115 438
82 479
111 408
147 493
86 194
191 453
338 346
417 421
173 297
110 284
414 415
98 295
187 463
137 331
218 475
355 357
71 244
149 346
163 248
229 452
258 377
494 324
194 239
122 464
88 212
72 267
142 419
55 265
397 439
128 324
208 356
173 298
13 126
483 403
492 291
24 127
138 204
34 84
71 334
58 406
36 166
92 437
24 458
168 368
143 450
303 384
23 458
404 470
50 487
199 424
79 247
487 255
200 469
114 383
327 483
24 91
30 441
30 297
244 257
254 316
167 182
96 278
43 276
394 427
3 227
116 469
24 67
92 485
279 307
148 234
7 188
43 168
209 360
60 75
199 465
80 357
113 192
97 248
184 443
18 43
262 324
22 294
413 453
216 384
229 244
90 441
29 56
67 186
31 287
499 226
15 247
143 277
489 110
357 449
178 237
135 455
230 439
298 382
129 460
70 496
335 462
162 362
264 476
259 477
110 274
218 351
391 436
185 384
147 496
61 387
323 402
40 425
48 472
212 406
157 203
196 282
186 453
151 328
279 377
422 471
117 497
88 186
141 476
379 410
72 417
104 259
26 228
49 215
498 223
61 193
219 238
23 175
22 433
135 246
437 456
3 419
235 314
304 384
228 260
60 481
1 40
184 249
459 479
59 286
251 327
5 423
235 451
152 213
486 341
244 321
160 410
24 356
329 480
480 120
37 259
34 454
5 344
213 464
149 349
134 264
48 467
76 442
96 314
115 321
208 402
225 352
112 260
79 184
290 368
117 197
16 295
482 128
8 299
494 98
104 223
1 384
160 447
362 453
389 391
141 184
88 340
