16 61
37 50
51 65
88 65
7 53
22 74
86 62
2 24
39 80
73 7
21 39
96 80
12 26
95 26
85 37
85 28
5 27
44 84
4 25
21 87
70 37
98 31
99 17
70 61
34 52
0 38
99 19
15 51
64 67
66 81
0 62
4 30
64 69
79 32
62 77
95 77
12 84
17 39
77 96
76 77
86 0
94 32
10 79
49 50
95 40
3 93
95 41
87 13
35 43
50 93
53 70
18 61
17 24
86 8
44 85
77 13
70 29
10 46
91 92
3 39
30 68
73 54
18 37
11 19
4 23
12 19
16 68
6 63
94 5
22 43
73 33
2 14
44 64
28 54
92 59
96 83
65 86
0 46
88 3
32 90
79 12
79 1
21 55
85 50
38 95
48 88
50 95
90 13
82 23
89 36
30 31
11 25
86 37
41 89
4 71
75 74
9 71
14 55
16 60
36 70
82 26
23 28
46 87
3 43
71 46
21 28
29 81
86 23
56 89
51 56
22 39
82 84
96 41
27 50
94 30
26 55
71 87
57 72
81 17
4 82
4 47
99 21
29 74
7 89
83 81
75 2
85 23
0 7
17 89
75 72
74 27
58 72
28 49
81 72
94 29
75 91
71 26
81 11
10 36
95 18
90 79
41 44
95 87
62 84
83 67
55 59
73 36
25 59
12 70
88 8
70 15
65 93
12 39
5 38
6 29
37 76
11 92
3 19
43 78
34 74
29 39
35 92
56 96
93 4
90 12
5 83
50 70
46 55
6 42
19 56
61 95
21 25
25 66
42 43
49 89
1 11
31 82
57 68
44 81
20 78
4 50
67 98
3 44
83 6
64 86
17 79
40 87
36 46
5 62
51 72
54 72
5 23
20 33
43 97
77 22
92 9
0 55
95 48
21 95
26 98
98 87
31 64
86 26
52 72
1 73
92 1
10 97
23 54
45 82
96 20
99 37
82 5
81 96
12 67
93 41
30 49
45 68
70 78
96 7
99 97
5 90
33 46
70 79
81 45
16 23
29 86
7 97
11 60
91 13
17 67
75 14
73 3
66 93
42 82
61 67
24 46
2 93
8 42
33 99
38 97
25 56
64 76
43 66
90 4
49 57
85 97
83 85
84 11
5 10
6 56
52 92
19 73
11 87
66 95
87 4
53 72
4 24
71 67
30 50
7 49
28 60
73 6
87 85
35 97
2 13
63 95
6 68
63 66
35 41
94 55
37 74
16 91
74 13
55 67
23 79
0 42
35 79
18 63
95 90
5 73
2 79
71 22
33 45
84 33
65 67
97 77
82 65
16 17
17 57
83 19
58 81
92 4
32 86
46 75
75 35
16 22
98 81
92 32
63 79
86 57
6 15
43 64
33 36
6 53
62 74
44 66
36 65
19 28
50 97
2 63
13 96
29 72
99 41
73 97
1 5
8 35
9 42
22 97
84 77
21 85
25 39
54 87
35 99
15 65
75 18
70 22
84 8
75 53
77 56
47 65
10 18
63 85
21 82
8 92
81 9
16 52
