9 248
6 168
11 114
93 190
288 10
107 212
51 138
6 193
207 281
107 108
5 196
231 258
21 113
13 72
32 107
219 256
100 208
225 248
127 230
16 64
125 141
297 178
82 250
24 102
66 180
154 220
12 161
201 299
7 149
135 139
87 142
128 218
13 52
98 214
17 296
8 206
234 291
145 182
231 289
211 289
201 269
222 267
223 275
50 234
38 78
292 88
127 201
31 196
242 271
11 51
125 216
98 212
41 220
162 225
84 205
37 238
140 238
115 256
57 166
146 247
117 220
296 182
177 247
0 219
39 94
199 246
283 289
77 149
210 264
140 244
21 281
164 214
38 72
56 198
79 219
98 108
299 114
298 35
27 32
146 156
20 198
28 201
23 88
153 280
0 281
212 274
103 239
233 298
296 134
71 273
24 222
43 158
24 237
74 146
227 295
10 172
72 276
108 264
23 92
147 268
75 162
23 224
42 184
118 191
9 263
135 203
41 250
38 44
37 143
134 294
100 121
115 132
56 142
6 51
11 129
177 181
141 192
52 204
61 140
290 46
79 291
53 233
133 165
33 118
216 299
143 152
29 75
32 224
208 210
137 184
184 296
112 167
84 111
46 293
57 87
8 145
109 198
101 242
148 195
289 124
226 246
52 258
136 194
203 273
290 22
15 205
254 285
161 258
43 105
110 221
89 219
53 267
148 279
129 205
289 210
2 77
48 198
71 255
13 99
49 159
29 140
51 130
27 146
15 24
132 187
33 75
19 158
13 215
0 220
124 245
28 203
12 187
137 162
23 169
91 174
1 195
45 118
51 189
50 296
153 165
152 204
5 54
259 279
164 211
291 6
102 284
52 263
58 241
52 205
91 298
7 137
30 126
28 86
87 199
112 263
255 296
40 152
73 132
70 154
287 207
69 146
113 193
12 126
87 279
9 203
96 167
29 60
123 191
142 241
125 213
290 281
143 217
288 81
138 150
109 173
296 218
3 293
85 102
30 170
49 170
286 12
135 260
111 113
147 187
146 216
296 271
295 19
87 100
297 48
1 96
119 269
94 151
273 285
163 177
5 157
46 134
84 247
240 270
69 106
49 237
12 90
58 216
174 273
297 257
9 80
117 240
299 101
0 21
140 252
273 286
203 214
39 155
104 235
32 230
106 237
163 288
63 219
60 135
211 241
9 256
285 50
181 241
25 124
48 105
131 235
75 193
161 281
294 266
50 262
106 107
133 296
152 280
37 162
24 52
7 58
292 61
72 133
152 298
206 294
27 37
49 121
154 198
287 233
193 212
27 203
194 226
82 291
33 214
80 164
214 269
285 16
6 287
26 119
55 213
31 248
113 154
13 251
53 130
22 241
79 124
290 75
153 258
249 283
149 207
7 160
195 260
282 296
116 266
86 282
20 70
299 219
23 150
218 270
1 173
93 286
40 176
191 196
183 195
5 85
267 282
85 119
12 97
257 286
44 236
2 63
152 181
115 253
297 44
51 177
88 238
103 291
155 250
215 218
84 212
82 166
175 268
93 266
138 182
205 219
139 235
297 87
99 158
8 160
107 163
289 93
150 266
60 109
160 244
171 265
152 186
66 173
100 235
297 160
81 174
15 34
76 184
223 227
172 282
67 211
61 201
100 261
126 132
148 232
294 161
88 154
43 94
3 177
285 55
33 291
289 294
289 77
0 36
138 177
142 166
237 285
61 236
80 214
51 109
109 209
158 240
23 51
145 238
19 225
4 20
155 238
288 36
156 271
291 121
6 211
39 196
59 99
109 212
47 133
112 253
121 225
252 295
296 249
2 166
77 213
294 169
80 125
41 45
141 168
75 198
153 226
98 289
168 172
159 252
299 39
60 138
266 268
126 289
174 276
33 132
100 160
245 277
297 165
115 137
17 238
126 152
191 255
196 198
298 135
60 136
158 257
23 259
23 162
293 57
115 125
19 138
7 178
129 139
53 272
81 234
112 245
52 215
226 248
132 216
218 268
45 280
51 225
12 111
138 232
156 183
94 299
27 161
299 124
107 273
8 51
48 275
11 259
285 1
54 118
145 172
1 41
48 94
24 184
249 276
29 175
29 53
167 191
175 266
279 280
164 244
36 38
16 108
240 245
137 266
37 144
3 184
39 103
27 282
10 246
135 240
151 263
81 213
79 141
145 161
141 173
25 252
1 82
290 40
18 63
47 86
20 113
95 274
291 35
141 188
59 269
46 222
42 156
209 279
63 132
175 285
53 245
131 132
158 287
43 99
111 280
187 244
144 146
176 273
58 225
87 200
14 44
71 229
287 262
126 261
83 141
35 203
108 205
297 37
37 283
154 168
57 68
59 130
298 230
168 289
44 173
79 118
162 224
198 231
123 211
112 173
2 43
155 181
190 215
150 230
187 298
23 30
125 227
56 179
64 257
193 268
28 193
109 227
113 124
179 228
106 219
82 253
111 172
285 204
285 230
202 241
19 184
270 275
192 266
275 276
77 263
245 272
30 227
293 190
97 285
34 244
50 109
123 153
113 280
108 114
166 167
286 35
32 106
33 69
58 135
3 38
92 189
293 100
128 283
34 192
13 76
223 265
5 202
75 159
4 166
148 235
101 115
41 171
151 161
129 145
27 108
194 275
54 76
54 299
100 176
198 296
100 218
5 29
222 274
23 81
70 75
88 297
23 293
56 193
3 126
15 138
14 201
202 227
94 249
98 248
24 234
26 202
177 289
287 38
43 257
295 228
32 192
299 112
72 197
144 226
35 82
292 112
129 181
63 200
72 134
293 288
33 292
51 235
172 233
24 233
133 136
108 217
133 286
122 161
148 259
102 207
175 273
63 263
285 192
33 59
143 182
106 175
293 178
79 255
144 183
143 146
18 236
229 231
186 238
23 193
143 221
170 247
25 105
10 264
150 215
108 110
97 214
132 212
44 114
182 233
162 261
12 63
158 266
88 108
40 268
87 191
61 65
137 246
30 40
243 246
139 170
4 273
110 197
65 234
9 26
200 251
59 265
32 183
89 272
16 146
48 73
31 203
56 254
33 138
140 259
53 261
289 118
112 236
128 203
55 118
231 283
13 279
171 203
288 200
228 259
15 71
109 178
74 260
29 80
83 123
4 246
85 164
58 71
51 175
33 175
71 192
96 194
10 193
58 222
46 273
147 191
68 151
238 251
15 94
241 283
250 271
8 105
28 252
98 213
294 225
89 176
10 190
85 296
39 83
7 35
131 295
56 184
157 204
150 186
146 238
105 222
90 164
193 222
57 256
49 222
22 96
1 50
33 177
11 278
239 259
122 177
49 272
170 273
164 273
6 223
120 145
127 205
114 207
224 240
290 214
22 89
287 86
179 288
160 202
187 280
40 65
291 16
238 243
31 155
40 207
195 209
10 149
97 142
29 95
103 180
254 280
9 138
218 249
69 264
3 8
290 263
200 227
183 203
69 193
217 253
124 204
260 283
131 200
182 277
76 177
22 147
135 196
189 264
12 44
140 174
39 183
43 125
98 193
76 99
295 60
65 191
92 226
14 64
57 104
25 122
1 87
101 237
55 128
61 90
27 122
146 150
52 212
123 142
136 162
134 179
91 257
100 118
72 73
17 90
61 271
120 154
164 227
61 88
140 246
68 94
112 285
15 20
99 190
82 121
59 176
92 197
121 257
16 198
249 282
11 31
228 270
96 193
45 150
120 247
64 216
31 122
125 217
113 156
134 211
139 190
6 132
289 184
161 184
127 185
33 92
87 229
66 97
291 70
182 203
50 61
44 59
85 194
107 229
215 290
3 158
116 162
52 77
165 197
68 198
16 268
101 229
287 94
273 289
297 81
86 194
232 246
287 75
28 276
31 193
258 291
27 252
26 71
38 215
26 239
253 297
140 173
119 261
67 195
290 208
285 139
24 165
134 171
58 165
78 261
71 272
5 213
34 119
144 233
242 279
49 71
42 151
48 51
179 221
68 184
6 117
33 86
70 168
260 297
44 189
298 195
132 220
51 277
184 204
153 221
215 278
263 285
46 235
34 275
294 232
14 182
287 159
17 98
51 159
289 22
116 287
65 174
168 270
68 273
116 289
17 94
82 287
268 286
166 200
1 223
33 99
175 195
25 273
280 294
51 174
73 231
58 180
65 164
200 218
32 207
91 110
121 270
136 284
92 268
255 297
297 110
287 28
297 195
62 188
46 257
44 204
48 50
20 65
21 288
178 214
298 214
12 190
139 168
23 24
288 228
28 80
63 127
285 53
12 186
17 205
88 294
46 64
31 118
144 148
206 267
13 178
167 264
35 216
162 223
295 188
233 262
222 288
115 207
160 259
239 260
190 285
52 214
133 138
181 267
54 115
219 297
31 189
67 87
56 175
30 102
92 191
51 172
169 236
101 132
117 152
199 208
62 69
104 183
15 246
153 205
26 293
288 268
73 103
186 239
233 243
206 218
182 228
139 155
16 177
4 293
92 143
226 272
183 226
26 65
133 292
62 224
143 270
243 278
158 275
71 274
296 71
175 188
65 69
297 221
171 285
227 282
100 183
55 186
125 221
66 210
196 237
138 275
127 150
8 23
14 172
47 125
104 154
120 279
69 154
15 295
101 165
148 217
43 214
190 275
15 42
228 274
27 266
72 294
288 139
49 180
191 249
12 229
297 264
134 286
41 297
213 223
54 193
178 212
3 15
47 135
69 94
70 207
128 185
223 284
292 139
83 92
87 193
285 262
40 144
30 109
105 267
49 51
146 282
110 184
92 128
4 131
115 206
73 96
49 114
93 142
48 241
28 99
85 259
179 272
104 293
298 111
45 131
185 209
91 221
51 280
77 169
61 101
59 92
188 299
147 282
164 291
104 121
38 177
218 253
103 241
24 95
159 228
128 223
138 190
241 243
92 178
168 287
90 122
117 235
232 291
74 216
261 264
12 225
3 19
46 125
47 232
98 129
36 40
5 14
158 192
75 104
96 110
70 77
296 6
85 258
80 120
299 211
102 126
85 276
176 200
173 222
182 284
54 242
111 239
172 223
18 39
66 269
3 229
289 158
158 171
29 289
30 210
23 244
184 202
23 161
91 261
289 161
22 233
288 90
188 281
155 291
104 270
31 289
110 139
287 78
75 109
51 267
75 213
21 293
13 210
200 268
133 150
51 66
263 272
59 101
7 157
179 185
32 178
286 206
93 280
7 97
116 247
170 282
139 200
237 239
11 238
163 298
293 36
121 254
77 180
97 130
89 238
82 146
55 206
145 236
217 283
176 263
128 209
94 256
55 88
211 276
110 164
43 238
139 280
293 27
5 276
76 285
214 277
23 236
34 67
25 96
76 103
35 240
237 276
18 92
108 191
169 199
207 296
136 250
80 263
132 277
105 268
131 272
69 296
5 60
30 150
184 219
23 54
193 281
83 269
142 145
298 171
181 278
92 151
20 297
287 3
49 207
290 139
15 218
61 66
190 290
90 175
87 257
117 289
58 199
9 60
58 175
50 163
119 159
104 265
74 107
182 278
18 265
89 144
60 214
145 272
34 250
148 213
147 154
297 72
115 283
94 110
256 282
56 253
168 240
7 140
288 247
209 276
14 173
129 131
30 146
118 222
182 241
291 196
63 155
84 277
110 201
143 186
106 293
194 271
36 188
286 131
104 123
174 215
59 185
30 258
106 151
207 257
169 223
292 63
17 203
13 284
12 220
64 259
13 209
54 131
64 115
166 209
10 272
181 262
158 264
291 222
77 138
47 85
95 259
13 262
253 267
83 289
136 240
115 161
25 161
100 141
41 53
99 134
176 297
67 160
136 200
170 223
111 130
95 288
108 285
88 258
48 125
100 220
57 134
29 253
104 267
224 280
141 164
231 251
164 298
188 243
189 280
85 266
43 71
298 278
72 185
117 144
103 280
56 146
102 281
111 198
34 259
42 171
14 79
130 230
107 147
31 156
63 68
162 227
163 246
75 256
254 260
103 205
75 113
105 119
40 49
30 115
83 233
130 221
190 245
87 121
163 256
0 37
48 215
162 280
3 174
145 284
46 67
14 31
148 224
46 68
86 254
27 233
165 224
134 180
215 255
54 254
289 68
71 245
7 260
85 246
44 103
157 202
38 271
179 223
162 275
19 178
124 195
94 118
133 178
21 178
20 78
73 85
44 101
109 132
184 278
91 134
296 135
125 154
23 296
94 290
265 276
212 280
186 208
17 142
295 53
57 217
56 66
17 263
74 215
183 209
48 182
143 275
92 273
142 245
5 64
4 235
41 144
12 159
164 297
61 170
293 43
157 230
156 273
74 76
225 252
143 291
53 65
44 134
298 158
74 169
176 270
57 176
78 97
150 255
41 236
288 189
27 198
73 245
27 195
141 167
119 124
151 280
93 157
191 252
34 195
22 238
94 205
286 189
41 201
123 284
299 109
212 231
96 255
33 108
149 269
190 213
122 239
34 45
0 265
45 269
155 188
148 156
136 236
294 254
37 196
16 121
106 167
39 128
149 251
172 181
51 156
28 119
159 172
23 48
108 171
111 284
5 17
7 218
162 259
33 80
223 251
154 233
242 280
169 221
100 112
22 243
34 237
60 157
143 161
286 16
210 286
78 297
113 233
0 53
54 168
23 62
137 174
11 71
209 249
79 157
28 175
3 50
194 277
81 215
24 247
56 134
159 177
104 212
4 234
34 117
51 141
143 233
145 147
114 254
34 281
21 102
17 286
15 250
157 265
34 247
126 172
18 94
32 159
72 285
32 238
0 268
96 159
65 233
161 222
51 93
28 152
184 295
286 160
2 299
162 245
46 278
52 291
17 115
97 126
163 216
84 267
175 202
96 242
36 180
291 61
238 282
146 203
22 88
106 157
85 292
79 202
24 279
132 153
191 285
10 158
37 92
21 231
285 261
162 286
16 113
2 172
188 254
166 271
191 259
167 271
171 225
299 199
291 182
257 284
286 247
29 37
144 230
168 291
220 237
299 113
64 159
60 67
120 196
31 115
40 279
288 298
208 237
91 253
1 102
296 60
150 200
8 31
205 218
36 83
39 195
113 254
33 140
58 189
123 223
299 141
84 208
296 44
292 111
191 222
174 257
95 192
164 255
17 185
288 7
86 154
158 251
158 242
190 229
36 262
118 221
47 100
55 272
33 129
210 213
138 229
39 78
33 105
104 190
50 64
15 262
188 268
52 251
151 185
150 248
162 174
40 150
15 228
21 253
36 159
60 93
20 261
289 193
205 233
24 219
171 191
14 38
57 132
147 169
217 271
76 208
126 236
63 284
126 249
138 254
159 181
10 63
20 235
40 239
38 181
105 161
102 136
154 217
129 293
33 194
72 142
103 177
16 26
113 187
79 223
104 199
110 196
1 239
289 148
115 157
292 53
199 256
293 81
152 260
295 285
193 288
69 155
296 179
86 135
6 23
0 165
0 252
167 240
77 170
130 185
141 216
177 212
290 74
178 261
43 103
174 262
235 249
57 78
28 226
115 254
58 247
177 191
286 54
124 229
285 276
70 233
169 171
196 273
34 183
179 186
44 290
31 180
245 273
46 89
80 111
0 276
11 170
288 92
145 239
56 237
203 252
43 179
130 194
56 151
54 129
108 120
81 258
71 218
168 245
149 209
175 204
7 282
15 274
191 233
68 86
295 2
99 127
10 95
40 280
21 194
253 257
234 244
115 182
163 211
0 69
128 287
80 254
93 281
148 276
62 144
151 226
144 147
296 163
235 255
18 232
35 105
187 262
21 32
41 75
127 193
169 268
185 273
295 134
60 100
153 297
291 24
101 248
124 255
70 273
176 278
33 159
59 257
66 259
9 160
199 258
60 286
296 96
101 196
14 124
4 72
58 163
293 197
290 118
76 89
184 234
98 99
90 199
148 225
115 244
41 147
34 122
53 80
68 236
41 158
59 154
139 254
132 201
10 137
150 278
100 258
164 175
224 259
6 259
2 197
69 213
5 240
30 241
2 22
144 194
41 273
189 291
166 284
291 253
207 272
155 299
21 238
139 251
25 166
124 259
63 260
33 219
117 228
179 238
77 104
259 292
29 147
169 264
99 249
223 228
104 239
242 281
258 259
185 275
219 241
6 263
92 140
218 245
288 42
19 41
41 188
221 283
206 250
293 78
254 276
61 276
113 200
231 260
85 175
55 267
86 289
108 297
220 267
71 128
290 82
3 282
133 155
7 241
175 258
17 281
145 261
118 218
76 197
177 287
61 93
93 112
117 121
134 254
14 105
61 200
35 234
10 282
116 181
44 144
229 281
37 56
12 141
140 277
88 175
35 41
79 231
108 158
67 169
94 119
75 112
3 281
95 145
57 278
7 47
161 249
125 253
207 293
124 218
98 195
64 78
56 220
166 292
174 240
271 293
56 121
71 177
49 194
81 287
152 221
296 223
43 60
31 177
39 173
14 277
287 289
64 266
136 169
125 277
93 252
297 59
81 276
190 195
37 272
141 224
1 98
32 96
237 266
43 220
81 245
18 242
120 180
206 268
78 137
148 177
290 173
105 193
291 80
6 8
298 1
54 126
242 292
117 257
14 222
229 263
44 155
296 235
195 240
16 90
291 178
41 54
5 295
237 260
6 138
123 267
37 219
46 276
86 234
132 253
116 129
3 275
68 143
99 297
177 265
298 109
55 282
200 264
30 168
231 269
21 133
212 291
87 153
101 261
149 239
162 217
85 141
18 122
43 273
293 183
6 118
292 281
143 257
178 256
129 256
64 146
38 239
143 285
175 228
8 226
35 196
120 168
253 276
3 56
151 269
150 236
83 237
11 254
5 227
154 190
56 269
140 185
27 289
21 118
206 278
81 195
132 159
292 12
139 272
215 229
195 228
65 80
139 225
153 175
74 245
49 65
5 174
76 171
75 264
219 245
243 248
0 161
4 291
141 251
98 109
1 160
266 279
110 204
10 299
216 296
293 266
21 121
211 256
204 208
68 192
84 170
87 237
71 99
88 117
50 152
91 177
44 250
112 182
21 202
292 202
228 271
9 202
4 60
14 151
291 113
23 294
18 77
23 118
71 90
218 265
133 235
66 178
59 233
203 295
17 197
182 288
169 227
6 288
179 236
42 256
127 134
290 166
20 179
290 67
106 137
13 246
117 226
115 242
21 297
69 78
69 231
114 158
205 217
224 271
243 298
169 215
237 290
113 173
53 62
34 40
150 171
57 272
11 298
81 181
48 211
286 251
69 144
14 262
113 211
286 153
32 34
66 152
288 264
42 237
244 282
196 275
120 204
162 291
135 184
295 49
151 290
16 260
186 263
57 167
103 153
101 117
149 248
293 236
21 139
96 299
209 272
141 263
113 145
19 97
151 257
11 125
26 184
195 201
42 225
176 185
182 183
40 73
41 196
80 193
131 264
109 112
149 187
155 294
41 142
293 198
149 286
76 295
8 109
125 264
141 258
22 209
147 218
108 117
92 156
17 189
58 221
112 288
296 106
7 268
43 229
219 259
291 181
56 224
83 181
294 27
194 268
133 282
5 257
148 241
10 110
123 204
189 211
3 171
148 244
245 276
170 268
50 86
209 247
222 234
151 215
88 111
42 105
21 70
154 160
100 275
39 296
291 211
99 180
85 272
114 164
166 274
161 245
51 223
195 263
142 176
61 115
28 216
68 175
16 20
67 236
33 276
157 247
125 207
128 294
72 200
66 132
170 210
20 268
199 230
213 255
94 137
41 136
41 205
63 195
17 25
18 209
44 156
136 275
78 240
131 296
96 113
110 254
211 244
3 225
69 175
34 107
114 287
78 145
254 282
126 260
185 217
16 250
194 247
176 254
299 195
24 178
43 146
128 267
248 270
43 82
49 95
102 260
296 236
19 249
297 148
56 154
298 267
72 113
37 152
73 98
150 259
4 252
161 224
224 263
239 255
8 69
146 276
25 110
3 133
88 235
109 273
51 90
211 218
121 149
21 140
198 297
49 234
2 282
175 277
169 204
128 244
195 248
114 153
91 250
269 280
155 298
77 130
208 222
2 89
119 225
3 62
213 299
60 228
95 299
149 178
62 296
59 177
89 292
76 270
16 103
119 224
4 232
51 259
139 277
83 255
70 240
32 155
18 40
55 122
5 124
103 179
100 116
66 165
73 162
131 195
15 179
151 214
291 262
295 180
131 208
54 273
246 290
103 190
184 286
100 107
190 257
260 265
68 263
222 230
97 114
180 217
147 271
91 173
13 130
166 224
92 216
298 247
7 155
285 114
49 142
172 285
153 295
249 280
36 289
62 285
23 253
71 224
141 271
110 293
167 232
210 277
92 149
134 202
196 266
133 209
181 253
122 181
236 264
131 142
172 196
76 98
191 237
19 198
83 250
193 221
191 289
121 154
152 237
19 281
28 184
159 269
22 244
298 269
285 3
296 18
33 131
67 223
87 272
54 130
285 210
211 225
106 270
30 76
298 107
298 5
116 126
38 263
210 229
75 80
82 299
192 252
57 76
10 151
78 295
192 249
245 280
130 188
13 234
190 198
244 280
88 129
104 182
57 241
97 295
291 198
94 138
6 256
106 292
176 258
27 117
129 249
10 221
137 272
25 205
22 99
51 184
13 23
185 245
257 266
47 149
112 181
31 265
154 164
89 221
183 296
118 245
121 166
116 296
291 272
129 178
180 285
224 284
15 87
76 170
143 232
73 256
8 235
296 55
1 18
132 162
48 270
58 295
116 152
