11 131
152 377
10 66
221 311
22 58
115 325
193 215
114 286
250 383
172 229
222 234
4 348
80 305
237 377
98 227
88 132
340 250
113 308
263 336
59 126
71 131
186 317
255 352
140 208
89 93
94 302
376 257
288 97
300 213
42 245
198 339
298 228
361 143
294 267
328 69
164 282
208 379
132 321
336 19
189 219
33 59
348 126
7 74
29 334
303 398
388 298
13 355
198 398
149 199
247 308
139 350
173 218
273 366
195 367
379 122
290 278
259 327
389 41
361 244
87 194
163 361
315 119
69 304
372 37
381 20
387 138
378 177
43 265
368 190
347 139
338 182
177 244
393 34
186 340
348 84
371 4
176 315
12 72
39 277
0 357
0 228
205 235
70 306
109 117
159 327
114 178
30 340
235 367
3 261
80 140
50 186
36 223
369 11
239 240
322 251
280 323
277 357
117 243
106 252
215 364
379 354
155 196
9 267
397 15
290 124
289 201
46 50
155 158
107 198
94 224
338 38
147 355
10 124
28 276
64 191
389 243
104 327
215 286
305 205
316 354
59 76
305 140
198 225
200 267
36 175
66 101
19 240
88 337
124 370
142 192
382 88
190 206
159 361
349 185
333 37
361 173
378 269
232 352
13 166
368 0
188 214
20 311
9 192
17 335
377 90
354 17
40 342
16 396
392 55
314 182
389 200
292 262
182 347
19 261
7 361
106 290
381 95
86 196
72 143
54 145
239 290
34 171
293 265
215 247
363 260
365 225
216 316
363 155
369 162
386 36
379 360
312 24
45 283
102 357
350 94
151 288
292 274
328 116
396 248
29 312
122 324
358 212
64 181
360 86
321 41
396 226
264 340
388 103
356 10
243 288
26 393
225 303
267 323
112 124
323 230
213 399
324 101
124 293
229 367
254 290
171 338
153 158
301 20
251 270
229 366
202 330
82 169
348 17
21 158
91 275
118 292
219 360
133 238
348 298
328 134
138 227
138 253
51 81
80 90
349 43
355 302
345 271
95 126
119 144
386 67
39 193
45 168
330 37
210 281
299 372
12 242
146 150
17 393
66 263
381 131
253 255
11 387
368 309
323 268
44 352
66 135
54 384
38 341
394 127
185 327
275 295
189 211
181 376
283 166
232 282
322 209
113 178
309 99
258 289
92 365
19 88
95 216
150 152
267 338
195 238
59 118
38 68
166 296
397 148
38 259
344 121
250 257
153 369
156 296
321 280
146 178
280 143
26 27
181 238
297 201
198 305
302 105
376 172
357 251
383 339
393 39
287 275
153 219
1 310
80 291
281 31
191 342
353 38
201 354
59 238
326 195
236 238
333 219
119 236
324 104
362 225
202 276
184 371
140 233
264 348
300 95
38 329
100 306
52 69
265 269
108 179
304 193
323 157
378 136
330 92
56 246
338 93
380 137
277 361
50 242
251 397
79 381
326 243
292 205
163 347
78 185
74 385
244 315
0 103
77 209
116 366
315 156
356 167
338 12
302 6
172 353
204 226
116 294
253 348
24 397
368 262
109 264
0 241
73 155
295 384
286 173
14 289
159 324
311 116
82 129
197 373
374 315
290 224
156 376
61 330
182 309
88 260
159 321
0 310
114 284
58 359
371 163
301 57
107 316
165 335
20 276
385 31
231 353
219 332
123 256
386 93
96 227
340 282
141 145
364 113
230 379
274 376
3 328
300 335
40 266
311 382
390 6
197 355
138 206
210 257
233 350
331 216
229 256
284 91
292 0
394 215
188 208
24 105
298 197
4 207
388 283
296 131
28 346
138 275
53 373
282 5
9 111
319 31
324 85
136 308
169 249
254 286
295 162
347 37
348 338
134 299
126 235
316 321
12 357
285 271
82 243
353 129
333 236
322 325
41 257
232 275
306 263
31 235
395 184
61 150
287 214
26 230
157 283
106 214
398 186
188 264
306 205
310 112
346 96
270 395
369 244
353 271
290 354
50 394
128 154
351 155
350 187
133 274
352 70
120 233
392 228
321 147
301 105
241 344
151 164
261 332
11 397
196 289
363 284
121 393
68 69
30 64
258 326
117 178
242 398
272 285
114 192
53 165
53 389
83 189
49 308
314 110
200 368
328 318
20 272
14 193
13 195
27 308
108 318
9 298
167 257
362 277
330 145
309 245
100 339
29 46
259 371
58 231
313 265
393 308
81 333
296 266
40 100
91 175
313 190
38 89
115 349
6 128
234 356
64 228
391 250
72 291
38 343
177 269
20 33
106 171
38 249
339 206
39 340
378 9
90 369
104 231
196 211
316 80
175 297
12 43
63 235
46 122
170 300
310 190
167 169
306 208
38 173
72 345
92 294
349 67
41 284
336 244
378 90
354 187
376 254
298 83
356 231
322 257
125 206
143 184
7 372
216 370
70 250
65 151
99 270
286 54
284 309
222 232
119 210
193 228
141 183
350 342
371 192
198 228
5 331
18 93
302 108
378 161
79 111
324 266
360 89
76 366
233 284
58 395
172 390
215 226
312 107
319 115
327 103
124 398
295 96
55 87
398 47
289 109
189 297
399 115
319 180
131 339
367 144
378 76
119 179
68 186
19 90
379 22
14 331
116 137
26 305
119 312
293 203
100 190
4 333
363 128
2 113
107 382
31 123
362 304
311 10
103 200
248 269
125 249
385 127
25 291
21 235
306 140
59 97
186 326
200 281
390 89
378 354
263 275
327 33
27 287
16 59
210 225
363 238
105 295
84 195
313 174
5 269
97 347
65 236
9 54
154 350
2 380
380 156
48 119
182 227
62 184
74 175
158 302
99 381
383 314
286 198
373 44
320 72
187 382
101 230
180 341
58 157
124 133
374 182
225 241
327 157
72 85
159 198
277 311
332 35
205 322
397 97
71 185
296 237
69 311
369 78
119 360
136 257
5 349
376 125
13 255
311 82
328 149
1 185
114 234
152 336
66 317
382 252
48 268
326 48
104 389
164 195
255 394
230 233
107 125
94 318
86 182
72 181
321 4
274 318
235 236
50 57
122 170
310 313
392 317
35 371
115 332
154 307
135 307
40 155
326 230
382 360
57 180
81 348
314 358
312 376
396 120
291 141
302 80
312 390
144 277
155 214
83 171
44 124
193 385
382 185
92 159
244 377
100 170
149 270
12 326
391 81
44 311
192 257
185 212
351 183
40 208
291 186
10 168
132 226
176 264
331 249
248 355
62 120
329 81
14 63
329 171
335 121
139 231
276 297
326 132
323 209
236 245
332 103
301 261
269 285
10 176
322 119
63 142
397 147
324 5
105 111
114 336
8 77
106 228
293 193
213 388
103 185
10 390
189 363
94 324
347 66
4 142
131 174
17 190
369 346
173 244
184 259
237 300
169 218
286 281
300 220
397 369
45 347
16 284
303 60
365 227
49 356
56 145
369 304
281 270
300 202
399 163
92 344
328 124
335 74
387 120
311 265
116 126
326 204
110 308
296 9
175 295
385 142
238 366
373 210
312 216
9 38
211 389
315 30
53 163
69 395
366 77
51 314
297 232
392 268
361 62
383 186
116 278
391 108
300 244
363 139
140 221
216 260
1 266
13 72
348 24
31 86
34 275
202 221
296 32
10 92
153 358
307 353
331 154
44 114
43 203
357 187
163 355
48 252
171 358
298 158
339 90
293 78
293 118
30 329
323 15
104 270
171 362
21 179
63 170
236 373
367 2
60 301
49 259
120 181
270 340
380 149
221 257
323 20
292 89
355 66
221 240
209 244
328 232
43 241
22 380
377 273
350 305
292 372
328 222
97 116
389 57
221 394
236 279
282 226
32 254
122 209
396 212
96 206
363 56
137 193
24 230
116 307
0 265
163 211
153 190
41 244
216 235
300 32
358 110
387 330
338 120
198 259
380 115
26 251
24 257
3 205
272 276
174 357
150 357
271 277
46 65
276 330
307 319
307 238
61 384
385 107
377 119
282 194
392 104
92 317
336 43
319 86
350 155
353 241
393 212
151 209
98 297
219 388
327 147
4 45
136 304
5 329
140 143
1 113
251 335
147 148
147 310
371 124
394 260
243 321
319 157
46 280
64 77
178 387
13 138
144 219
75 283
254 267
231 398
300 255
106 227
129 356
142 249
62 214
244 270
112 227
82 151
168 212
338 277
96 300
158 371
125 164
231 241
348 254
342 50
188 331
357 163
307 46
396 64
104 162
245 269
326 231
183 379
1 8
283 235
290 35
42 44
28 157
291 36
332 225
26 273
329 325
329 100
2 4
327 244
229 237
334 97
374 13
20 119
103 311
394 104
21 257
284 213
83 224
108 291
321 100
177 389
79 184
384 23
95 102
98 196
368 289
363 8
60 178
370 22
9 331
297 41
389 230
328 309
251 300
318 205
237 369
341 167
292 146
90 117
160 373
33 273
59 87
321 300
389 140
49 314
9 60
79 289
28 57
137 278
293 226
24 253
156 294
396 77
384 158
367 114
125 254
143 388
61 78
109 250
276 333
13 144
203 333
8 27
152 158
65 238
373 110
137 176
262 336
225 271
76 340
148 317
276 287
37 213
17 289
358 25
95 357
294 204
188 191
9 36
313 75
366 277
286 126
56 101
95 178
65 307
115 382
277 354
379 374
290 46
2 215
223 329
1 162
99 224
10 397
25 252
39 355
141 363
50 136
95 227
295 197
316 143
198 267
0 364
281 221
229 361
22 122
149 290
86 308
314 375
237 389
349 383
69 171
316 45
328 170
375 129
319 392
290 154
15 320
128 264
297 97
42 218
354 264
76 194
57 163
159 394
59 142
359 148
286 210
395 251
28 103
39 257
348 301
81 337
28 151
87 367
89 109
273 298
367 13
96 365
54 185
169 293
88 299
3 198
36 337
343 47
75 312
109 146
64 104
127 322
257 294
186 393
308 202
20 166
101 161
169 394
23 73
46 383
318 151
283 311
328 355
5 328
106 244
352 144
177 199
350 315
17 253
252 288
263 339
56 352
398 120
172 264
359 183
330 110
76 77
311 37
226 350
140 158
48 54
165 364
226 252
215 242
383 269
323 376
355 54
350 10
219 277
177 241
164 265
47 307
196 276
142 390
321 239
282 159
32 41
170 388
289 361
4 318
391 192
256 389
2 22
150 228
84 299
28 161
69 294
67 226
104 366
383 305
308 97
335 75
327 272
130 185
111 157
15 171
368 81
361 209
32 34
348 99
349 230
228 276
354 12
81 245
44 150
174 259
353 33
321 172
7 359
213 315
318 287
119 206
286 336
298 78
19 62
37 284
156 218
149 361
275 369
195 322
1 261
259 392
259 385
39 361
0 25
188 200
86 174
197 335
371 108
392 134
320 388
29 386
271 293
7 290
132 246
118 120
368 197
391 178
294 329
167 382
284 387
383 101
292 313
324 148
372 32
387 25
284 175
12 137
326 106
392 118
101 301
236 250
90 337
190 282
205 251
81 358
398 287
92 221
336 82
21 74
95 248
308 161
28 394
32 289
22 112
395 9
91 174
20 92
156 209
21 197
255 332
137 386
36 394
2 317
81 349
297 31
398 22
303 250
77 283
60 118
317 140
303 130
319 120
289 262
33 264
3 378
42 102
160 371
66 225
147 363
21 133
300 142
384 311
195 217
351 156
391 33
159 228
398 71
118 230
103 345
59 182
127 370
71 216
357 147
68 285
343 54
398 191
292 141
39 109
156 306
296 236
375 41
315 385
149 308
50 138
393 89
382 234
44 343
63 90
39 74
323 222
283 393
331 78
43 355
87 185
371 252
161 220
98 131
173 238
342 229
283 172
364 246
57 398
390 186
137 166
332 78
317 247
293 127
100 290
41 226
280 346
217 390
385 153
303 202
338 71
121 211
194 375
50 82
306 282
285 141
17 33
376 238
170 183
335 364
96 197
184 388
290 29
364 9
335 288
380 183
312 91
95 108
369 212
167 318
163 384
147 210
152 301
112 201
179 210
340 24
0 77
225 394
112 302
92 352
116 186
46 54
101 205
150 296
121 250
92 106
17 178
325 29
169 216
368 172
388 63
11 232
344 225
359 21
324 213
21 215
83 115
7 340
82 166
12 96
111 258
197 216
54 253
135 180
327 281
267 373
352 107
64 281
44 166
304 194
333 392
327 137
87 236
111 345
221 277
136 173
9 362
33 351
355 180
21 324
72 283
316 243
287 213
307 242
66 221
379 343
143 346
145 343
77 256
287 334
390 128
332 192
39 345
320 207
81 181
262 343
147 211
387 204
208 227
313 194
130 284
354 109
142 247
374 288
153 163
284 80
105 293
87 218
145 213
292 253
48 228
128 200
356 197
345 355
262 341
100 131
310 222
375 34
207 251
74 304
91 160
102 140
200 391
241 395
120 299
130 196
209 324
11 239
62 147
113 253
141 352
314 247
7 185
337 256
346 132
382 258
343 12
160 201
312 322
384 71
351 186
388 206
71 91
293 352
343 372
0 161
281 243
389 246
114 217
219 373
80 169
346 266
190 379
94 172
290 98
183 399
287 172
44 325
87 242
276 394
78 322
373 86
70 116
364 262
385 111
310 194
326 393
22 297
323 262
112 119
292 240
80 135
302 229
399 98
184 372
149 150
180 381
374 137
386 194
8 161
106 388
1 208
360 76
302 145
185 266
339 259
12 143
287 61
239 359
384 45
161 341
281 0
11 375
214 235
0 39
183 297
4 232
74 218
296 110
305 141
104 282
119 355
127 393
1 74
299 240
76 377
94 232
13 289
16 254
280 223
72 338
54 177
80 294
315 27
210 346
46 260
21 63
80 266
45 257
33 153
351 196
72 99
172 347
147 209
281 176
305 152
78 163
105 327
397 27
294 10
374 153
360 252
73 199
72 210
85 92
11 324
163 238
129 368
121 205
169 277
21 316
16 171
310 396
37 65
31 39
171 365
69 259
0 276
56 182
127 136
385 92
160 364
206 340
77 162
326 117
39 126
323 232
215 233
320 224
331 26
72 171
1 386
336 84
240 307
74 280
9 70
264 329
70 341
353 380
329 98
373 309
231 385
33 80
339 98
132 162
104 294
234 283
350 191
387 15
280 168
386 111
45 391
47 213
8 106
157 359
164 289
340 205
283 227
275 302
314 20
334 271
139 296
136 275
398 157
146 260
71 184
382 96
28 308
153 210
147 151
4 21
294 176
251 342
45 55
112 399
100 299
2 163
399 185
27 200
164 321
141 360
13 287
29 150
241 388
40 220
323 199
388 104
87 299
22 119
127 139
285 222
26 374
399 257
364 357
58 345
333 71
22 44
295 121
367 277
60 93
58 187
305 90
42 347
86 274
385 132
134 263
122 279
318 51
104 142
41 262
33 50
381 129
81 285
102 329
116 393
31 66
265 371
156 251
315 257
397 36
65 92
180 338
387 36
139 158
385 44
249 366
341 80
90 261
73 129
1 384
212 266
318 156
34 146
12 347
25 153
11 16
330 331
60 117
276 298
351 238
91 127
291 131
343 57
10 385
303 198
195 213
389 252
75 397
206 356
318 235
122 256
363 94
99 344
67 332
368 351
157 159
199 317
93 190
351 153
381 90
58 144
89 106
111 321
34 294
370 273
295 62
114 242
132 141
341 171
89 239
300 197
315 234
47 261
373 15
344 50
183 373
215 290
34 61
323 271
100 242
315 384
57 71
109 120
313 316
6 16
55 291
12 181
52 215
317 274
182 357
304 156
18 185
280 102
281 234
386 347
255 347
186 369
175 240
16 248
349 133
34 68
182 233
306 40
257 378
112 143
3 182
4 399
192 256
38 349
105 143
350 114
262 348
313 205
3 60
375 166
376 123
291 334
45 311
184 378
350 241
339 313
8 290
134 185
347 218
171 391
150 239
380 172
118 344
356 123
386 148
344 21
388 35
198 261
85 288
41 280
282 94
15 272
173 231
155 243
259 380
97 196
176 204
55 239
132 303
35 191
101 135
239 346
291 196
32 398
326 196
68 125
181 196
343 251
384 275
248 320
165 379
393 269
310 140
310 89
284 131
352 240
352 339
134 375
191 386
282 161
315 61
64 169
62 349
67 194
103 195
182 238
390 374
157 236
30 375
4 115
372 96
341 385
371 135
114 357
73 360
360 259
46 279
353 141
20 186
154 157
294 347
21 247
331 7
222 393
392 112
349 265
305 82
185 193
319 13
352 186
47 246
152 179
75 161
335 98
5 151
133 153
197 247
40 278
147 208
272 357
109 110
96 204
119 308
181 336
24 319
240 287
47 221
260 271
252 261
93 273
53 289
200 358
354 381
67 317
309 94
148 220
238 324
360 213
15 59
376 399
98 102
67 127
134 179
11 200
397 223
5 375
380 17
169 325
299 77
356 355
288 88
115 250
156 253
43 104
374 216
325 340
17 263
357 61
376 107
1 4
115 266
0 120
96 253
289 308
352 335
269 291
8 350
309 392
73 225
206 392
325 74
205 326
108 365
88 333
284 160
17 395
111 326
261 269
68 113
115 360
152 375
367 258
287 393
370 94
284 230
22 244
341 231
89 380
359 190
50 301
338 272
47 210
20 107
85 210
175 264
388 256
13 391
100 162
331 279
360 336
62 130
315 258
367 329
357 179
261 322
320 282
100 392
34 175
80 223
83 339
364 255
197 304
374 143
390 74
217 347
367 186
132 344
285 121
286 16
106 232
339 365
14 266
12 278
318 335
36 203
113 156
254 273
129 252
76 170
32 57
361 278
115 190
283 109
348 48
133 313
175 373
163 388
19 34
313 115
312 33
75 302
26 35
61 355
346 175
298 266
373 205
158 224
368 57
115 379
307 22
110 137
22 193
291 104
285 76
133 294
151 235
351 241
8 164
317 364
331 270
18 377
361 57
91 106
388 321
347 106
323 11
45 191
243 259
1 43
8 125
33 232
395 265
129 262
287 113
26 284
81 346
343 365
244 278
213 252
339 354
372 89
126 311
353 81
96 243
60 354
142 329
147 276
195 396
321 61
11 116
127 236
31 41
385 145
333 327
316 385
84 134
225 297
117 317
111 303
67 372
392 163
1 54
8 62
79 286
295 273
25 80
92 194
323 0
32 381
136 190
24 73
114 239
398 65
338 189
77 135
78 335
383 129
348 165
382 205
215 329
193 224
389 162
50 206
76 134
191 359
17 23
26 127
261 370
342 207
92 104
129 222
393 189
74 126
371 171
385 89
320 275
13 89
47 354
160 374
10 366
230 234
57 284
323 94
207 346
140 188
216 226
201 346
392 72
165 319
342 75
114 303
318 305
242 308
312 1
107 310
280 97
72 386
377 345
287 14
317 221
366 177
87 173
159 186
315 75
257 377
347 17
218 324
119 184
2 290
298 352
124 399
57 306
142 189
345 17
145 227
379 207
375 313
338 242
165 191
77 258
22 120
117 219
326 202
336 323
326 89
343 95
364 236
53 220
307 21
398 41
134 367
390 38
3 260
171 208
319 105
213 239
256 281
160 218
94 247
378 212
389 8
341 399
383 249
199 258
135 384
59 112
113 146
34 44
14 250
54 225
87 148
331 285
275 361
141 209
353 202
32 141
28 129
343 162
337 46
51 247
354 74
207 396
376 42
344 321
362 48
50 399
85 325
250 399
328 88
346 185
328 15
217 249
372 17
234 369
387 168
201 233
41 176
203 218
86 385
116 287
342 53
108 232
132 245
244 399
142 387
293 37
236 284
219 341
111 241
362 57
364 200
148 328
273 376
80 303
202 264
49 180
152 241
7 15
25 220
364 148
339 40
192 328
394 40
374 77
24 281
96 284
79 392
129 370
314 213
109 287
167 283
64 168
321 135
259 294
69 240
17 177
162 179
386 247
322 399
9 150
344 43
52 91
177 356
120 317
59 124
378 53
274 394
293 184
151 261
364 133
29 88
5 93
99 241
156 399
122 339
18 129
380 144
375 276
19 114
239 385
152 245
67 355
374 183
399 62
17 187
393 256
13 140
163 398
392 205
342 23
28 222
195 310
185 218
141 273
286 31
16 150
349 399
254 269
34 219
239 393
349 203
243 320
338 207
87 187
244 374
162 368
307 253
297 200
36 307
182 200
143 396
291 77
196 228
306 22
99 370
186 281
102 127
64 217
205 375
283 165
34 60
307 349
92 135
356 232
14 247
52 345
370 141
32 399
207 213
185 264
13 262
397 242
170 335
149 242
57 289
81 376
144 348
36 253
82 261
314 36
162 250
259 361
81 167
105 248
132 235
142 366
62 202
84 341
46 388
42 101
337 94
139 343
392 9
194 395
4 247
21 177
44 262
353 386
288 10
334 154
227 314
369 80
10 203
15 205
26 302
38 125
93 168
170 372
374 171
255 362
352 274
395 281
390 278
338 262
375 258
321 63
75 170
194 298
96 169
11 175
124 390
25 296
341 71
173 326
320 250
290 225
191 273
356 182
285 50
126 325
42 382
173 315
333 101
348 232
12 168
186 376
394 272
140 337
75 179
220 249
108 300
74 102
310 58
246 293
316 52
53 245
359 106
354 169
288 170
250 353
177 347
307 44
94 211
21 100
154 184
34 114
165 171
52 394
333 191
24 292
14 95
288 219
39 328
2 301
6 274
383 128
208 235
104 149
150 282
47 312
289 2
18 299
388 272
121 233
122 308
6 18
204 395
295 206
71 265
103 283
291 2
31 247
135 380
143 219
2 237
239 276
245 311
304 180
152 392
79 221
31 325
148 274
41 147
297 231
49 319
384 228
77 126
146 184
298 174
297 7
163 200
367 210
227 366
16 94
23 389
134 194
352 329
76 163
146 179
131 165
388 275
186 204
347 102
112 237
23 270
177 249
13 153
87 397
109 245
8 26
128 228
228 394
329 274
363 380
64 172
20 133
177 299
38 273
127 280
291 119
159 256
251 344
120 178
197 316
255 324
228 387
297 135
316 122
210 309
21 103
159 257
4 183
275 372
334 185
367 66
367 44
115 299
347 390
92 187
210 307
88 233
239 319
68 237
385 345
95 380
150 237
10 245
96 176
49 329
19 45
341 132
363 95
62 274
30 333
301 262
115 317
325 190
108 344
117 392
87 159
78 246
214 294
352 80
108 398
48 158
314 29
109 209
306 88
109 353
149 231
123 349
385 198
389 285
156 346
11 322
387 150
85 372
141 294
281 94
75 372
98 180
231 319
107 273
319 26
324 1
373 90
25 103
339 46
270 358
3 120
331 22
356 39
349 85
270 365
243 268
42 317
349 111
186 241
39 251
153 319
75 215
101 384
336 116
209 274
322 177
56 390
260 295
339 53
399 157
19 104
47 215
39 82
40 145
32 218
9 371
310 106
266 352
334 231
214 252
92 370
27 345
288 386
98 212
396 176
94 141
19 269
395 60
285 105
87 340
18 111
199 393
50 217
60 280
237 278
249 326
27 49
10 45
226 246
358 66
86 105
60 260
332 39
331 376
343 98
244 364
128 332
80 315
53 262
104 199
126 289
222 244
309 168
171 381
354 117
78 356
140 266
376 293
115 243
374 11
352 333
156 281
141 190
8 174
118 324
80 153
191 373
368 31
150 283
344 169
366 13
48 300
40 269
37 173
144 298
67 306
282 264
172 292
77 156
44 169
254 328
316 358
386 86
226 356
152 213
43 335
334 93
299 19
228 261
70 286
214 379
296 242
288 123
373 262
366 105
70 256
174 309
27 177
294 233
188 274
60 337
146 203
388 148
397 96
14 342
143 309
147 251
26 294
229 360
364 239
96 256
140 157
384 3
114 399
118 300
289 153
167 211
94 221
351 77
387 119
215 220
8 267
248 285
52 300
320 278
19 21
59 64
126 168
77 102
332 277
117 245
135 211
49 391
25 77
362 339
86 181
374 227
373 248
339 124
204 333
65 362
10 62
275 314
39 225
316 15
276 302
321 204
162 329
346 71
338 108
51 208
143 164
315 41
75 259
1 296
309 161
125 305
6 255
345 129
248 361
171 342
311 377
130 376
35 330
112 132
318 60
162 217
58 184
339 29
268 339
6 331
134 323
344 234
303 137
19 117
162 331
219 380
366 182
224 328
103 163
212 327
18 218
182 317
153 226
335 167
60 287
42 280
314 2
258 267
32 199
110 309
229 355
97 125
299 20
343 73
172 296
341 261
88 375
141 227
127 248
65 379
148 168
77 246
90 231
342 138
153 332
327 239
167 251
174 359
147 205
364 23
53 64
292 99
161 185
246 322
340 140
139 232
150 216
85 111
117 149
389 147
285 282
364 267
50 219
101 247
162 249
305 282
256 295
110 179
65 140
332 265
109 137
14 71
313 7
41 240
1 271
286 93
340 123
26 373
151 317
295 6
132 261
49 239
191 257
384 108
213 382
380 187
291 160
162 308
346 248
238 295
358 84
63 128
108 118
12 397
54 91
42 324
109 113
200 252
102 230
44 195
34 46
291 378
48 296
308 12
59 357
186 225
330 147
64 319
165 383
135 245
112 208
200 203
186 346
95 303
212 353
54 317
333 230
94 138
74 222
144 278
91 229
109 130
316 56
368 25
368 93
70 169
62 393
35 130
182 283
87 124
358 143
90 347
338 151
362 167
122 216
76 326
85 106
338 181
375 126
25 285
38 160
102 319
375 154
141 267
374 235
342 106
41 92
160 242
34 134
293 266
110 134
193 294
398 89
228 390
271 349
116 298
387 216
328 221
96 266
24 286
9 109
336 67
256 386
351 47
318 327
21 245
58 348
108 190
211 303
272 356
398 263
139 155
4 39
77 274
355 162
1 84
384 106
128 243
7 316
188 322
52 241
284 59
87 178
213 283
71 183
301 8
64 153
337 200
294 289
73 108
28 215
319 121
167 268
333 354
376 171
83 163
36 216
19 251
375 220
124 223
344 151
172 340
51 131
54 383
26 217
393 47
107 165
3 283
146 269
153 235
70 251
218 290
330 232
73 359
361 198
358 244
151 213
324 163
237 360
308 22
51 359
251 268
7 121
357 125
193 358
148 209
66 329
289 60
52 368
354 20
317 176
399 245
24 84
316 12
61 356
367 341
94 241
272 359
61 336
101 274
377 248
20 326
374 63
176 309
47 150
350 57
315 98
28 316
258 300
51 212
301 117
241 361
69 333
51 74
390 209
346 332
189 204
110 265
30 269
41 179
372 271
205 270
113 250
191 318
146 251
111 142
373 274
289 363
376 25
35 269
26 349
293 327
81 321
345 109
174 339
172 173
37 39
123 322
32 133
169 317
393 272
301 349
363 245
32 123
264 376
30 271
305 332
350 194
301 54
95 272
93 289
2 121
285 87
28 328
249 260
325 379
323 243
168 342
326 260
319 215
137 154
11 345
216 336
290 292
115 128
141 232
360 82
367 33
58 256
98 390
255 340
332 237
388 218
321 133
371 144
63 244
26 32
68 97
358 245
169 297
133 264
138 315
96 172
16 81
310 105
115 215
5 110
4 373
38 169
81 324
37 304
375 338
292 52
24 270
71 217
318 140
303 233
300 310
100 122
122 353
170 217
81 373
351 387
152 378
68 222
341 13
68 110
309 63
198 363
63 122
281 108
1 347
73 269
48 379
191 251
147 200
32 255
148 156
24 139
87 107
76 160
319 28
107 399
45 354
34 35
329 55
24 180
269 330
280 16
374 65
29 52
328 132
347 308
306 153
14 62
339 135
183 322
222 226
212 341
38 44
399 170
209 330
134 291
332 138
54 200
36 270
62 307
218 245
52 354
312 38
29 272
138 348
165 310
99 164
318 87
9 244
391 169
313 76
303 171
52 107
325 189
307 83
364 79
281 149
286 322
382 66
160 381
380 162
197 271
112 146
59 178
96 289
296 69
299 384
350 240
135 282
383 153
152 282
116 192
348 269
134 305
76 124
172 174
36 292
267 397
53 183
24 184
288 215
161 389
320 29
85 387
300 164
340 262
139 330
20 290
365 156
291 319
306 103
44 122
317 1
301 37
111 227
12 173
397 53
111 261
365 361
368 42
135 281
154 299
87 368
6 33
251 259
324 258
358 181
44 236
271 328
268 360
135 177
28 396
97 234
325 149
16 295
171 311
51 108
59 369
107 183
84 116
342 48
81 334
87 354
353 148
20 70
186 338
122 214
283 180
310 149
344 277
8 15
16 164
89 366
93 258
194 246
384 190
6 398
191 292
15 129
21 157
350 244
40 133
317 243
325 226
205 293
298 166
149 337
312 42
366 235
69 157
390 133
398 194
151 305
329 254
94 259
121 317
172 289
45 212
269 328
155 383
90 333
44 178
206 264
57 387
361 238
102 323
146 317
28 237
352 238
215 219
21 334
211 235
338 110
128 321
97 323
369 158
236 339
81 230
301 166
101 102
318 28
302 221
169 172
148 222
331 174
185 361
189 203
86 393
155 156
317 328
17 38
199 378
262 311
40 223
90 142
99 273
315 228
104 205
170 310
20 375
164 329
351 246
168 266
338 259
200 320
77 178
214 368
337 143
375 174
31 138
41 59
23 45
92 165
77 87
61 265
180 246
364 341
37 268
289 305
55 128
295 154
342 30
205 294
301 56
64 97
371 151
285 228
203 279
281 353
297 239
30 132
170 381
264 302
319 50
2 98
299 78
313 35
100 110
246 280
194 378
51 219
346 276
49 195
242 352
110 393
4 51
1 76
9 141
105 244
379 245
105 119
59 157
398 192
287 66
257 306
120 154
305 185
5 54
286 179
394 152
134 310
313 336
278 370
124 161
159 371
334 66
368 242
41 80
81 222
372 195
200 290
159 248
78 300
42 98
358 65
232 301
340 50
121 368
306 151
353 131
350 222
41 138
27 235
321 250
79 237
34 97
148 265
326 210
87 125
288 248
2 170
391 26
125 333
192 296
185 258
391 27
395 6
374 292
103 229
321 156
393 154
393 244
181 221
357 229
65 195
9 157
357 97
2 357
9 151
369 181
174 234
29 388
111 251
33 195
67 381
365 17
281 246
251 381
267 269
247 344
29 93
0 155
362 3
52 94
73 385
170 282
13 284
87 306
390 16
177 180
308 148
43 255
241 339
381 273
363 108
287 248
271 379
383 58
89 343
339 5
7 256
56 360
324 394
335 189
125 134
87 399
329 191
11 98
87 213
170 252
155 281
8 204
168 178
45 272
204 230
193 288
208 213
5 315
86 94
108 390
57 221
84 360
124 332
28 205
41 303
154 223
250 354
349 98
392 178
392 340
364 269
378 36
84 185
110 169
393 118
241 333
162 199
98 277
348 67
272 343
308 43
351 210
328 91
276 304
297 283
353 104
224 329
321 259
193 302
59 218
365 61
342 61
105 269
28 368
253 259
23 223
316 127
150 167
191 256
346 72
89 153
159 313
204 339
368 176
46 262
366 163
326 94
385 218
78 381
363 251
343 29
343 195
54 219
114 328
392 342
393 169
3 295
396 385
5 319
90 157
60 324
109 138
48 196
98 211
398 392
80 205
344 89
165 226
105 399
291 33
98 162
385 320
61 116
330 89
132 305
196 317
144 315
143 272
122 202
144 198
219 387
270 309
62 376
55 245
90 289
67 165
62 319
7 41
335 37
166 262
224 341
103 119
394 167
187 240
252 293
155 297
389 188
144 280
93 300
302 200
304 54
285 144
159 398
25 33
136 351
241 244
349 87
118 350
391 388
310 197
328 338
8 272
215 399
10 88
176 191
294 187
82 215
303 147
386 226
351 220
313 9
365 287
270 278
395 266
323 202
386 276
28 260
272 307
49 232
13 189
294 118
74 135
368 256
333 186
79 318
166 272
362 41
93 398
68 191
299 265
337 321
87 208
348 29
126 134
96 104
136 312
323 33
309 271
0 94
308 287
173 248
60 135
83 371
2 74
88 151
322 393
398 246
352 276
106 189
99 133
9 33
319 261
79 105
349 132
17 321
281 244
65 203
97 261
365 326
219 354
195 228
397 90
156 199
195 361
147 170
71 187
26 390
9 28
344 209
95 199
56 58
16 212
22 362
319 52
91 304
143 189
294 85
202 321
283 139
113 237
90 398
134 195
17 224
314 69
65 296
76 154
87 366
356 165
373 17
339 270
305 246
212 349
147 316
171 254
40 97
8 105
237 352
281 314
366 154
397 212
180 309
354 92
341 4
95 295
338 302
378 8
26 269
115 117
346 99
194 264
319 216
95 179
282 127
377 16
311 293
173 285
72 188
103 352
395 33
276 356
161 284
109 162
69 82
214 349
82 201
97 398
98 233
167 188
267 385
9 284
21 29
198 215
366 367
23 87
321 108
32 125
280 185
91 395
18 41
72 339
353 125
377 73
32 63
3 105
70 135
59 385
294 46
80 164
183 398
73 97
175 220
162 247
3 359
19 100
238 242
220 308
62 359
314 197
326 98
339 68
396 83
384 94
174 317
151 383
215 264
72 287
82 348
390 301
393 3
357 54
22 395
315 49
367 132
17 264
158 200
38 217
211 219
366 263
242 378
337 216
47 217
328 97
280 51
295 182
189 321
122 180
143 186
24 72
7 264
369 168
311 185
372 144
233 389
375 131
318 184
40 99
336 269
8 178
252 315
50 152
351 71
285 117
131 377
288 125
32 75
168 358
345 236
148 186
35 368
361 297
24 99
301 355
9 79
43 114
292 266
390 59
338 48
198 240
41 346
150 205
15 298
122 193
378 6
110 299
294 59
120 238
117 373
172 377
63 101
158 382
150 323
216 359
4 5
107 173
349 76
40 247
323 119
308 309
324 192
53 122
7 163
267 334
120 213
154 219
151 327
375 344
78 101
10 26
8 311
38 79
207 397
339 74
305 250
294 21
152 169
228 328
9 92
360 258
194 373
20 195
49 112
29 125
172 393
297 223
227 318
207 265
130 205
393 14
209 301
204 205
70 380
364 235
43 342
368 24
147 177
20 128
264 321
103 360
370 226
293 204
373 295
324 262
349 134
163 176
377 72
67 297
313 242
91 203
136 272
360 198
238 289
217 292
42 125
311 66
288 221
149 239
364 247
218 271
153 286
389 299
161 170
95 161
68 392
23 186
394 201
200 352
11 111
383 120
12 342
398 197
281 175
8 148
158 284
320 328
68 212
47 349
104 105
38 193
54 247
69 161
102 132
276 291
384 246
90 127
36 366
101 287
92 316
115 254
120 311
326 206
84 123
192 224
19 124
191 320
305 103
105 396
311 358
75 228
354 55
3 119
15 144
313 169
264 327
300 298
297 271
154 292
362 217
319 136
331 171
5 342
65 257
377 7
366 241
124 375
398 8
31 172
116 275
122 168
51 278
262 307
395 122
233 371
155 211
120 255
97 335
96 387
284 120
372 61
170 291
6 249
207 269
298 398
165 380
92 107
25 360
151 169
42 172
69 332
252 336
293 320
13 209
366 80
177 239
315 79
364 54
130 165
108 222
133 358
371 182
72 310
227 321
370 219
11 44
49 297
32 238
349 357
290 65
314 364
220 306
301 120
138 367
293 23
96 219
325 181
55 79
147 188
333 224
286 26
393 69
183 204
100 174
233 313
367 239
157 165
373 225
20 262
297 112
121 133
396 15
397 48
43 135
330 275
200 327
212 261
57 367
43 311
176 296
163 269
309 267
93 234
341 156
196 305
73 322
310 138
194 334
298 146
114 309
9 64
176 398
101 137
16 73
285 130
101 136
157 352
63 232
323 36
127 154
346 200
329 63
140 193
82 90
281 53
399 274
231 289
380 276
49 213
325 211
5 46
127 281
118 201
176 194
164 186
3 286
348 183
280 85
325 276
201 286
100 387
44 394
36 297
256 259
186 192
246 252
114 307
34 177
384 270
311 163
99 374
298 302
128 134
92 124
351 228
273 386
132 398
83 281
343 386
64 118
175 398
349 172
233 287
47 160
289 391
273 328
389 136
346 168
244 299
156 305
110 390
282 72
163 191
92 110
50 129
2 156
380 9
318 40
46 264
362 108
272 371
61 389
340 150
174 385
290 279
349 109
59 198
56 322
380 213
37 177
25 159
211 323
302 11
19 325
109 325
36 340
219 284
357 64
9 45
174 348
367 225
49 371
187 309
31 264
76 213
253 287
132 239
330 103
68 127
23 354
192 215
230 358
379 212
128 267
79 303
50 198
223 345
56 197
5 267
332 66
348 343
177 229
162 311
55 155
365 249
28 335
152 164
41 302
39 105
101 141
33 283
74 282
49 127
170 292
373 155
340 121
218 294
62 374
173 321
281 48
374 58
126 227
84 212
191 242
211 315
312 244
338 192
334 31
374 284
151 218
57 158
357 100
9 307
76 136
281 99
363 25
374 304
27 392
310 3
173 338
87 314
162 201
96 228
307 109
9 78
41 313
130 309
34 358
55 177
216 396
391 100
61 194
390 277
93 366
390 135
308 177
190 217
331 284
20 21
193 252
59 78
233 261
258 263
340 129
226 387
345 91
194 369
336 199
24 224
385 173
390 258
16 196
265 295
52 79
291 330
208 371
49 192
182 272
142 213
72 133
10 12
377 142
137 396
341 253
53 298
102 109
72 265
284 214
72 160
21 396
142 336
333 79
189 207
356 357
116 273
196 295
133 341
325 124
190 319
310 30
38 331
183 200
389 106
361 261
70 276
110 291
89 232
6 154
45 305
125 326
81 325
184 278
105 287
120 241
24 121
79 336
314 292
322 148
123 165
132 268
14 392
69 295
39 267
102 361
339 323
368 293
290 267
360 19
345 267
127 133
100 261
254 271
280 12
121 254
19 234
382 316
117 319
256 327
129 193
319 84
56 209
124 265
54 122
93 231
196 236
286 71
175 236
325 273
19 334
358 67
289 186
366 131
318 255
40 338
45 105
344 228
283 8
288 393
55 382
102 212
222 330
21 180
349 72
323 331
140 165
26 206
287 11
18 230
90 278
248 354
349 114
135 286
235 242
20 91
36 185
211 240
329 273
11 396
369 152
33 288
9 56
137 155
162 378
352 188
361 17
144 176
78 157
160 231
21 146
380 173
190 360
66 95
372 305
151 320
45 235
338 121
312 356
176 373
290 233
153 260
352 136
196 223
145 277
27 86
346 111
23 303
78 186
355 137
375 184
15 179
93 372
276 277
70 313
10 50
28 388
391 21
251 359
362 29
137 364
318 137
80 358
173 232
69 337
105 374
47 262
321 395
341 135
5 330
345 248
295 37
141 271
345 221
200 355
352 38
289 174
67 140
196 329
290 16
12 329
212 281
292 88
288 181
367 162
245 288
23 261
157 294
379 217
381 306
120 155
4 10
286 88
366 196
365 109
266 336
100 191
2 264
143 333
364 115
164 368
309 122
199 213
175 274
38 254
370 207
363 154
174 257
27 241
137 198
102 138
175 358
15 131
233 278
350 368
65 311
82 232
291 96
351 48
340 144
14 370
26 99
331 309
395 320
143 195
382 353
396 258
1 86
368 83
339 366
127 214
158 396
167 391
47 152
219 233
335 324
331 89
105 304
337 344
287 127
41 371
15 322
48 121
165 322
50 395
94 303
393 267
89 262
379 244
219 379
115 218
261 394
212 291
358 233
34 136
107 239
19 221
193 242
180 299
352 49
6 46
161 310
15 354
15 51
122 383
168 260
337 21
312 235
321 319
339 20
393 163
385 23
399 265
358 132
372 118
321 354
288 228
209 327
331 140
104 274
259 384
173 287
330 185
111 178
183 368
237 313
150 348
29 121
364 156
371 47
322 309
357 171
138 366
30 308
210 260
215 350
295 73
374 186
141 192
51 369
295 109
399 78
306 173
106 231
14 212
326 284
199 264
325 155
295 54
345 245
92 287
1 379
52 266
290 376
344 63
67 213
153 287
86 293
96 168
158 227
38 328
345 78
290 1
27 275
298 339
374 71
344 187
157 266
153 221
27 313
171 344
197 375
324 229
222 313
315 251
295 165
257 388
58 393
184 207
64 349
365 207
47 170
329 204
313 150
43 275
196 290
321 192
103 225
145 167
265 317
66 316
73 345
0 207
280 43
82 321
304 221
287 6
263 308
93 144
387 8
219 368
392 314
324 96
267 337
61 108
355 50
288 160
108 331
15 225
45 262
310 278
285 33
163 177
158 322
37 398
288 164
182 219
380 128
184 291
217 220
289 222
62 329
255 397
390 326
324 166
294 175
373 351
107 377
301 1
31 252
27 373
84 291
296 106
29 253
282 354
183 282
179 306
53 67
344 141
132 299
94 203
290 169
73 75
4 140
181 368
341 230
43 370
282 254
324 169
378 156
32 122
283 193
348 132
220 368
343 10
374 102
70 226
105 168
84 395
154 249
115 192
340 41
366 169
319 212
99 293
377 357
326 270
20 193
70 117
174 286
378 284
149 166
386 228
179 372
318 301
39 137
339 94
366 121
388 121
340 271
180 202
292 275
52 85
99 352
337 188
318 254
352 246
319 22
28 34
253 315
288 291
394 89
305 123
345 288
336 50
285 88
59 367
66 134
326 155
103 130
303 73
345 268
54 342
328 47
398 369
143 217
217 309
206 236
3 202
207 305
317 59
192 310
241 274
275 396
28 351
282 80
68 235
342 247
211 297
16 233
334 371
87 136
36 296
53 236
55 62
334 255
269 279
256 335
17 293
214 257
79 305
159 202
204 305
137 258
193 251
344 65
324 129
79 343
292 186
21 51
168 315
103 398
294 155
288 271
97 105
138 236
328 156
194 292
174 293
246 366
198 296
368 128
293 180
220 265
149 244
303 48
381 23
14 304
15 207
211 223
328 293
303 207
234 341
84 136
366 22
77 249
66 168
25 311
224 257
339 254
167 364
182 277
13 53
320 148
123 196
337 137
299 184
253 391
99 134
16 50
310 329
180 290
399 71
385 342
208 245
0 306
334 127
306 160
82 354
71 323
304 169
263 375
316 291
142 320
165 262
340 125
338 278
376 328
298 220
84 252
214 388
392 186
160 289
151 372
59 229
329 155
64 328
14 78
229 394
11 214
150 286
16 259
368 232
350 151
387 240
17 108
6 362
297 171
370 114
394 70
27 118
22 326
47 362
328 178
129 391
231 238
10 335
36 137
327 61
365 66
388 85
307 283
174 324
99 358
390 109
386 140
293 241
138 238
251 253
373 144
365 222
370 335
280 252
142 224
26 113
45 198
151 225
15 303
153 280
74 382
32 293
23 31
377 21
143 305
148 357
314 82
297 322
174 278
73 258
397 216
306 279
51 124
48 393
329 75
367 288
376 168
66 82
94 397
214 393
54 70
39 88
41 382
7 246
125 302
132 183
385 148
209 388
179 245
303 54
397 100
165 215
8 225
289 137
326 29
339 12
371 34
332 33
131 277
141 334
354 384
136 236
61 255
22 333
244 386
18 211
351 146
220 366
137 320
366 258
297 21
116 173
338 91
225 313
327 32
295 235
308 41
324 38
311 175
313 201
308 95
131 200
60 159
367 124
300 58
350 272
386 40
161 277
320 175
66 399
251 325
102 187
60 358
266 288
298 227
10 150
71 111
389 239
197 266
307 48
316 78
69 204
289 223
130 341
174 398
387 187
10 40
347 104
65 386
304 308
154 239
58 159
348 248
59 193
147 207
41 367
188 217
390 4
3 258
26 389
214 218
48 85
196 338
51 378
279 380
398 210
335 290
85 375
8 155
174 369
301 130
335 166
148 190
280 92
127 221
291 274
173 368
56 216
3 122
397 236
53 217
75 178
158 167
381 235
347 173
162 190
396 233
142 174
308 4
187 212
161 336
26 368
146 329
175 221
218 286
155 227
378 101
318 89
330 217
84 112
179 249
299 98
66 336
171 222
127 300
367 39
263 377
216 321
51 194
371 391
366 7
380 7
242 390
197 258
91 235
133 189
355 34
15 83
357 291
374 88
141 206
10 183
133 166
10 379
61 220
319 21
313 195
98 254
281 12
187 379
22 294
98 397
19 304
172 175
304 182
45 267
341 48
5 248
41 190
138 376
38 320
265 320
244 267
163 208
78 283
351 58
45 320
31 87
43 47
296 39
282 90
188 259
212 311
234 321
35 281
314 54
116 165
27 310
201 343
172 329
387 361
16 250
37 167
234 383
53 155
68 257
6 347
349 196
136 299
13 25
233 331
93 165
84 262
283 13
314 10
368 68
169 360
250 269
32 382
267 310
58 292
110 143
396 119
84 102
154 156
69 163
363 162
355 260
14 257
14 73
85 371
327 138
312 139
169 369
39 213
26 386
392 298
367 391
356 145
112 280
358 76
153 174
35 295
366 346
307 297
386 382
301 28
10 147
203 221
178 295
276 305
80 212
39 59
319 251
342 268
49 183
28 265
101 149
279 395
215 317
249 357
323 58
282 77
115 327
102 225
179 219
202 318
293 93
72 109
274 371
59 186
389 166
24 141
163 270
341 8
11 67
399 221
366 233
104 179
14 129
389 71
399 381
289 244
332 235
30 275
49 119
1 10
325 249
80 122
108 151
219 310
345 112
284 178
250 378
152 264
100 266
111 347
182 197
69 257
83 349
377 304
1 58
103 266
343 248
211 399
38 206
137 232
310 91
315 196
353 189
65 168
287 89
76 98
328 205
143 269
57 220
38 97
303 381
150 383
32 270
217 375
171 320
391 236
43 111
366 207
166 184
123 293
218 389
5 15
128 378
368 134
0 258
46 60
102 295
334 88
72 126
283 268
167 294
66 314
91 351
351 70
164 259
33 290
102 348
315 273
52 98
59 333
359 114
149 248
7 183
187 277
139 275
379 68
328 6
138 225
334 258
91 207
215 304
79 225
47 75
344 23
372 108
305 75
107 135
370 15
2 126
278 304
175 241
126 136
284 313
27 286
137 365
130 270
353 157
255 331
351 331
338 117
372 228
31 296
30 220
146 240
195 351
298 39
3 121
379 157
325 237
122 317
69 392
53 142
376 226
357 223
362 364
10 370
73 248
119 192
267 285
130 396
321 313
348 104
308 234
46 212
392 249
85 196
149 307
388 370
17 128
331 167
60 341
186 332
393 363
22 80
78 388
394 352
150 225
147 336
245 259
252 283
6 260
144 156
48 388
317 52
360 11
391 370
308 80
27 330
208 266
374 127
72 382
105 130
147 318
292 21
108 383
354 78
278 333
70 225
101 174
188 329
367 269
287 146
93 246
301 208
332 162
374 368
49 189
110 128
249 398
279 308
300 166
27 128
326 287
59 378
349 33
330 133
328 65
161 303
233 365
361 135
1 300
283 94
299 350
146 185
55 145
114 254
133 220
221 367
50 371
302 162
74 129
271 298
9 52
345 165
117 350
370 0
23 96
386 240
293 240
163 282
73 92
99 104
297 63
45 97
130 227
282 220
39 268
292 45
293 222
33 337
288 107
365 29
56 315
58 166
214 398
367 176
144 230
172 337
36 147
60 281
16 17
357 15
315 222
81 210
363 163
28 134
241 371
329 2
390 249
230 393
284 332
293 183
73 154
0 81
6 112
153 279
177 344
286 111
169 226
138 350
25 258
126 285
157 224
153 261
72 252
8 39
20 243
147 392
380 35
167 378
328 241
373 327
130 147
374 200
78 392
97 122
121 158
372 269
183 323
354 352
243 352
134 336
145 272
97 388
159 259
78 384
347 18
65 262
87 370
281 124
365 362
229 382
39 236
270 370
9 276
290 86
208 273
342 42
340 353
261 267
265 286
54 332
380 330
352 12
212 300
134 202
112 212
40 214
57 93
153 321
75 291
151 395
249 342
310 393
386 164
76 329
289 275
369 249
185 238
398 223
394 114
343 241
45 184
253 345
380 24
41 327
195 362
63 237
112 329
230 310
277 393
339 34
297 186
4 130
206 260
396 33
383 202
43 330
178 345
37 349
76 369
310 372
107 299
163 235
327 210
154 272
42 120
114 187
250 376
367 175
225 287
95 156
201 369
39 48
217 370
63 209
44 187
334 130
235 264
23 149
33 88
352 106
318 5
136 322
304 250
51 292
10 257
226 326
377 70
37 289
81 128
83 175
273 375
15 359
210 234
322 97
354 151
284 189
7 76
286 60
374 243
138 212
397 274
386 97
291 194
326 346
325 84
290 336
295 374
398 239
175 333
354 7
328 353
31 278
83 274
385 102
325 68
314 165
296 308
15 34
75 326
16 216
131 234
44 58
387 86
66 170
95 144
274 312
314 181
80 218
385 68
315 105
202 373
392 233
213 343
356 164
310 256
105 138
345 260
183 201
25 155
157 216
384 214
296 127
321 68
357 98
1 350
26 185
336 182
376 221
323 348
44 339
343 235
342 216
88 316
386 190
101 386
347 204
215 342
264 388
74 380
71 224
151 374
97 199
8 59
153 320
286 255
125 397
316 175
301 32
297 207
365 389
45 66
22 84
342 124
94 396
48 216
334 369
371 114
133 355
309 212
48 310
386 224
289 35
0 254
193 291
360 240
168 222
394 14
191 202
32 363
231 321
50 159
23 98
310 32
70 358
208 370
16 197
305 78
119 375
168 209
357 48
3 264
398 34
37 257
329 86
352 241
216 279
298 231
340 25
80 216
298 384
179 367
392 192
299 245
305 60
4 343
131 278
351 233
376 336
237 350
266 271
107 341
145 259
367 395
305 49
390 350
347 208
374 250
337 134
127 233
377 117
38 344
288 173
63 94
110 334
374 194
346 122
385 130
17 288
188 211
399 146
75 237
362 228
21 123
108 334
340 21
318 295
305 199
384 219
323 38
257 383
33 105
237 307
354 252
120 144
331 238
362 182
345 117
65 264
45 230
181 207
53 395
3 169
171 189
148 243
369 44
377 82
270 316
33 142
153 364
305 189
345 391
336 128
353 308
330 195
372 127
141 258
83 324
291 296
363 18
52 358
370 97
201 202
210 395
87 296
93 113
352 72
102 184
369 5
103 210
288 278
99 105
338 50
216 274
133 186
156 191
259 390
58 200
88 242
167 326
366 375
379 106
316 222
18 94
299 51
204 372
255 399
204 314
230 313
301 55
355 81
44 257
394 175
315 85
286 14
318 95
12 365
41 97
202 394
79 331
153 391
46 108
326 392
9 117
336 7
8 90
339 255
121 288
92 179
59 151
274 287
328 378
203 225
138 278
40 284
204 256
120 127
154 265
325 213
71 301
297 304
356 196
99 305
362 116
395 257
355 37
32 90
368 175
309 239
364 27
185 328
362 15
143 285
26 257
135 163
130 182
63 194
205 242
22 103
18 399
315 188
214 228
44 272
295 125
327 184
187 202
199 355
86 289
226 393
385 28
76 302
141 309
75 153
177 314
309 104
135 200
383 372
137 259
67 382
317 326
385 349
78 325
208 260
298 265
71 214
297 60
367 236
155 183
352 125
383 48
20 288
39 87
237 248
172 255
341 315
396 254
211 369
346 348
342 116
188 380
20 271
371 399
285 69
102 169
297 107
15 318
362 42
208 230
312 337
185 357
35 41
101 257
36 97
374 240
141 333
388 398
74 346
247 322
58 106
153 356
358 115
240 371
303 0
292 305
66 196
141 385
58 111
334 378
378 336
98 272
299 170
383 239
177 250
340 223
200 261
382 348
389 148
71 378
15 306
338 230
236 253
106 328
188 349
19 252
94 328
195 283
6 155
69 321
154 333
263 388
331 104
31 390
24 63
393 362
100 207
145 314
8 191
110 175
6 76
136 298
19 29
396 68
9 221
72 247
33 392
285 23
36 353
0 391
136 373
304 337
134 142
62 322
190 194
49 129
49 156
317 63
80 199
201 339
380 87
133 320
289 139
296 77
48 225
227 382
148 154
90 296
346 93
14 340
199 222
188 345
170 263
385 139
100 101
377 272
85 275
47 220
145 252
5 164
97 290
57 174
289 274
286 38
364 49
358 96
8 241
328 209
281 158
64 399
147 183
17 107
1 291
360 380
381 125
118 175
6 284
299 311
149 218
340 151
150 266
211 288
298 46
334 367
359 59
37 105
368 269
154 367
358 194
134 378
318 104
17 279
50 99
271 390
370 183
317 80
287 224
228 299
396 7
196 368
68 370
239 377
365 279
314 131
343 278
285 89
326 165
252 273
82 361
377 137
288 61
224 359
322 86
166 297
97 152
72 364
166 280
332 110
343 115
286 391
22 289
104 383
46 199
81 235
92 340
84 194
95 379
202 313
231 313
352 168
82 88
6 272
25 280
192 308
289 107
18 160
109 132
121 230
173 197
293 228
288 267
76 252
101 318
101 382
152 203
290 25
380 58
187 276
193 256
372 97
386 61
64 86
3 104
117 272
128 287
36 380
10 251
32 69
335 63
352 364
304 49
125 204
191 225
189 213
353 188
287 115
87 262
367 215
15 305
52 143
115 252
164 254
335 311
45 366
284 356
342 273
114 352
14 248
70 127
159 175
298 86
29 151
156 255
368 119
107 184
76 283
270 297
356 148
248 368
152 251
345 79
390 119
49 178
129 398
94 234
114 184
31 387
50 366
338 360
49 60
7 317
273 305
30 204
212 227
148 298
299 341
285 108
334 261
305 64
78 367
93 323
59 70
109 148
144 221
388 146
124 363
336 163
303 3
235 285
318 33
315 7
3 154
209 253
49 240
290 15
317 331
122 166
180 311
177 326
44 54
3 313
111 126
135 191
172 180
376 188
27 217
145 251
319 250
54 165
197 351
234 395
392 171
389 102
21 220
114 132
322 234
11 303
34 229
239 257
15 234
12 301
144 150
75 81
344 55
201 366
34 289
150 202
284 220
17 186
160 200
62 177
68 363
35 277
244 347
91 372
95 115
394 134
69 290
226 291
371 89
384 24
293 251
377 383
399 75
41 104
374 357
353 297
146 341
107 327
74 103
9 42
210 244
280 77
8 10
140 360
283 24
309 43
110 190
334 10
366 209
9 291
353 63
288 109
112 376
309 294
321 223
298 202
254 392
112 166
365 130
390 395
126 240
17 356
343 271
344 223
351 31
313 38
71 306
147 240
191 345
4 52
130 174
47 65
143 356
82 205
310 273
153 337
70 278
382 341
116 210
88 111
362 346
156 219
30 80
14 206
66 390
84 242
174 364
58 244
295 103
121 330
129 234
296 250
391 368
380 41
375 143
59 355
368 168
122 236
376 4
218 309
308 123
23 248
368 257
356 70
289 56
93 152
366 81
157 280
131 333
340 112
398 38
398 144
303 159
50 385
38 380
361 171
246 297
164 384
1 388
61 124
31 185
84 232
57 198
7 164
44 360
318 1
254 352
135 261
55 107
206 293
294 51
337 222
316 62
319 328
134 242
4 384
373 147
1 398
277 334
296 254
108 353
9 214
233 388
153 292
168 320
2 95
324 150
385 161
375 9
2 125
105 211
137 148
11 24
360 66
119 189
318 70
19 247
311 181
333 51
317 361
289 193
382 204
166 327
345 359
275 286
361 60
397 229
72 380
45 271
248 332
56 108
302 261
392 354
248 250
90 350
39 263
358 14
305 304
324 214
352 263
79 132
135 159
105 391
194 245
170 215
64 214
239 251
340 40
370 192
3 77
119 264
340 274
312 279
394 209
126 159
226 362
74 352
91 352
315 148
361 190
13 113
56 160
63 239
162 372
186 349
284 269
152 153
103 194
48 321
13 98
314 332
43 327
20 88
130 347
117 183
332 243
383 214
388 183
131 135
221 355
300 67
184 193
0 275
309 377
16 24
105 352
147 262
224 382
159 185
63 139
321 168
109 339
346 208
173 331
338 252
211 290
223 320
43 112
284 224
200 239
122 349
379 194
80 268
101 245
336 196
249 299
236 254
16 45
308 106
33 369
38 131
31 120
371 188
394 11
13 337
320 12
390 160
94 167
106 182
366 15
232 337
290 187
396 157
101 221
109 131
324 363
155 274
85 247
40 253
89 159
178 286
62 79
55 152
392 277
396 290
199 362
295 186
354 149
18 220
298 42
369 177
296 83
345 33
193 314
188 373
313 395
220 248
43 375
76 301
23 234
47 249
98 376
293 185
327 113
317 206
156 190
377 337
42 142
96 113
356 104
85 355
163 171
65 157
205 271
341 206
189 265
284 93
169 268
290 66
179 369
371 297
352 295
371 175
126 377
162 168
39 363
53 87
366 274
123 189
298 68
399 277
70 210
121 196
302 303
189 243
283 186
14 88
89 391
356 161
298 151
108 177
27 218
209 242
333 61
118 213
151 227
267 347
121 303
69 284
242 335
314 22
29 80
47 172
174 344
182 331
262 361
43 302
205 385
58 152
196 320
120 173
62 286
288 180
332 83
131 217
368 154
142 240
320 65
363 371
252 393
35 271
73 207
125 329
344 86
292 40
6 355
74 336
295 57
101 394
82 365
339 91
24 385
346 21
392 17
294 223
188 275
2 194
163 379
280 145
226 389
211 259
333 100
235 275
359 388
25 186
307 15
355 223
367 103
49 318
32 107
336 83
58 183
28 167
96 205
2 321
252 262
387 396
238 320
265 394
21 186
303 208
383 206
1 330
281 172
388 291
384 75
344 348
213 386
285 64
238 264
49 219
28 41
292 388
115 132
23 194
250 288
252 364
393 395
129 385
210 270
41 215
124 152
250 379
103 341
115 146
33 360
52 114
199 235
302 69
51 315
166 167
67 325
23 350
58 290
104 133
126 350
140 284
242 350
288 112
82 97
297 359
295 255
135 210
132 260
107 203
125 138
17 234
6 286
108 339
37 375
397 84
324 183
326 221
321 57
60 270
72 391
38 123
142 384
46 55
233 347
127 312
46 127
177 328
44 82
102 380
151 270
363 308
96 210
134 331
93 148
375 394
31 374
180 280
27 126
397 354
358 328
102 147
170 309
81 256
368 217
187 331
147 216
61 115
83 86
105 166
106 111
165 312
82 172
373 48
209 216
150 277
56 183
95 362
223 362
31 32
55 310
190 395
20 156
2 368
20 359
195 380
278 303
340 32
76 287
99 335
127 178
55 140
152 192
335 264
62 372
38 86
281 62
59 281
121 125
253 310
40 127
75 267
105 239
42 329
304 244
49 251
344 186
393 318
192 377
339 85
132 253
122 263
80 285
48 356
180 284
264 341
358 158
308 130
157 373
394 349
244 303
365 208
172 391
98 265
31 212
346 236
190 304
106 170
144 222
118 348
157 265
381 117
391 224
256 333
63 385
124 391
316 266
372 264
140 299
171 322
212 335
120 257
105 282
19 33
120 179
160 384
252 365
337 265
263 305
228 253
63 308
77 281
0 6
68 178
376 139
124 233
11 386
196 399
33 126
379 333
313 376
364 194
130 280
305 94
41 199
281 368
311 174
342 266
316 200
342 47
295 116
34 143
385 367
133 335
346 255
342 117
28 37
83 230
2 24
124 289
32 97
196 367
371 106
36 92
73 168
200 292
305 226
33 387
160 363
166 322
297 16
134 251
370 384
222 225
327 6
393 78
115 330
224 372
75 374
200 268
346 234
147 380
68 256
70 295
251 388
207 224
218 266
66 121
295 251
163 173
373 302
193 287
139 235
8 212
225 270
335 112
299 214
11 228
259 306
54 249
19 387
48 337
389 35
183 396
87 358
199 249
81 201
112 139
323 23
204 340
83 288
177 211
328 336
0 255
371 339
352 315
350 81
153 371
40 56
148 172
380 155
298 211
22 35
244 330
369 255
325 2
217 264
29 146
11 315
315 284
399 52
26 211
101 258
336 203
337 116
31 135
369 299
158 178
173 274
60 242
230 356
285 258
68 305
108 245
18 382
363 49
20 34
113 225
24 347
14 319
206 287
137 326
65 132
34 348
253 370
49 330
212 274
246 358
388 72
30 335
281 93
379 341
381 211
399 2
11 219
284 53
39 323
34 254
315 316
138 377
345 108
86 228
61 293
212 360
118 284
34 365
335 216
28 60
333 196
252 380
7 116
184 384
387 303
391 387
346 219
98 137
67 154
199 263
354 160
4 337
20 324
362 354
111 257
146 322
201 322
309 41
31 178
10 270
392 54
45 242
205 299
132 276
129 145
5 24
1 14
70 185
30 382
58 215
2 238
30 129
32 265
9 222
387 151
57 171
29 292
18 290
311 18
375 312
376 164
125 181
42 358
74 77
344 360
74 136
310 277
157 312
306 254
37 70
315 23
312 71
59 159
107 293
396 391
158 185
374 147
295 7
146 228
0 129
198 330
362 84
113 160
96 237
58 100
242 301
384 109
128 198
336 37
15 369
30 232
155 221
59 208
370 267
386 253
84 155
44 294
396 99
117 137
212 352
289 356
363 156
126 288
33 100
23 193
319 262
40 142
352 178
97 256
284 132
289 112
384 238
190 223
337 262
203 211
326 280
280 227
358 91
183 232
194 265
347 4
189 362
186 223
105 294
356 79
57 374
356 244
126 316
36 42
138 217
48 151
379 134
305 366
295 181
29 195
364 237
17 149
75 379
20 261
180 374
137 179
345 187
235 396
333 210
158 159
142 346
333 19
63 299
3 208
76 347
127 212
36 371
347 142
374 92
155 182
106 110
154 281
55 206
293 21
15 49
4 43
20 384
36 110
16 120
384 242
39 113
354 59
138 316
336 320
72 384
106 193
312 255
369 79
337 358
383 358
172 397
351 67
35 110
68 287
328 238
78 240
229 246
88 218
23 229
329 33
98 263
61 311
36 317
130 268
25 170
4 15
138 180
333 44
377 168
43 312
333 269
2 79
62 273
101 312
207 354
29 235
14 325
356 237
297 213
63 217
232 372
143 200
369 138
347 220
2 31
18 80
92 257
209 292
380 389
397 124
55 397
99 190
296 64
150 180
172 202
318 358
239 381
58 381
30 307
21 282
40 383
93 166
23 26
296 133
11 186
329 58
272 337
391 47
256 357
103 218
392 263
15 158
61 236
318 36
3 176
390 162
289 161
306 46
42 99
222 268
311 220
56 89
244 245
101 144
372 145
195 335
122 269
332 101
233 298
356 389
381 109
18 54
64 340
23 210
267 395
362 213
44 395
37 186
215 245
265 393
54 120
168 274
86 193
394 348
115 122
361 6
12 100
166 295
349 328
254 336
386 76
236 281
333 48
146 274
14 312
37 383
302 16
349 353
328 244
47 97
399 86
188 344
15 351
208 344
299 116
343 150
383 142
252 269
9 31
77 311
369 25
294 252
229 265
286 191
138 165
56 180
280 279
133 309
127 191
34 120
358 191
206 387
282 140
245 252
339 127
381 224
15 136
102 245
180 195
344 53
377 101
43 332
82 153
177 383
3 171
362 49
317 170
142 255
0 113
359 10
7 216
118 255
12 77
22 145
19 219
25 86
312 202
164 276
327 140
100 282
87 214
355 213
268 334
330 397
178 336
395 221
42 226
336 311
282 111
211 349
94 332
105 200
308 398
173 224
128 167
392 350
228 396
385 46
55 209
26 54
333 171
105 123
246 321
342 142
59 254
380 388
128 159
174 217
207 210
89 341
115 119
197 228
232 304
276 387
100 280
349 137
347 178
259 394
386 251
317 113
245 248
268 287
394 158
38 342
6 319
344 97
118 210
140 197
199 231
366 134
147 241
152 266
376 103
113 181
204 397
281 28
158 317
86 318
346 163
357 177
258 337
135 357
338 243
72 389
139 233
30 258
207 235
335 238
364 170
289 85
99 178
12 303
287 87
153 222
12 105
220 280
193 240
365 180
113 386
279 385
6 218
345 26
363 255
43 196
393 107
231 296
395 249
328 63
265 297
192 343
372 373
18 95
175 181
99 222
128 239
154 384
15 202
234 399
71 93
47 119
151 236
140 325
97 127
17 379
219 389
100 362
391 234
40 248
352 109
74 399
26 347
17 320
83 290
337 156
25 105
200 258
169 334
6 279
329 132
227 267
35 359
20 263
358 324
23 273
58 210
103 203
309 13
296 240
149 228
313 105
175 192
21 66
90 195
229 258
311 80
217 274
12 392
21 352
243 379
113 281
358 61
95 307
45 202
337 42
235 306
265 366
293 129
171 308
316 373
306 60
32 329
204 394
338 36
139 325
335 178
389 160
341 102
327 192
248 282
63 229
343 210
315 25
138 172
68 226
76 280
9 29
373 128
378 18
387 154
20 167
381 221
135 302
271 391
95 142
137 247
343 21
132 272
304 361
343 331
12 55
393 167
10 192
90 232
104 289
62 308
121 237
283 196
229 312
296 52
31 202
215 323
321 109
26 355
201 349
87 286
288 281
6 192
70 393
64 186
28 144
204 254
27 359
186 221
95 143
299 67
104 258
278 389
19 233
396 243
283 231
330 182
331 146
334 235
26 202
178 339
183 228
51 272
33 210
359 30
371 92
55 288
314 104
276 363
151 186
92 222
256 316
12 67
127 387
214 356
112 169
377 28
376 261
51 243
86 110
213 375
163 397
91 367
167 267
310 399
210 223
16 201
148 230
350 276
49 246
137 169
190 314
336 71
67 279
327 164
124 206
66 143
389 173
229 233
326 31
164 167
355 113
231 264
42 354
297 87
116 369
22 376
83 383
399 92
151 165
53 329
378 140
340 5
33 159
138 207
30 112
380 101
376 143
84 246
200 256
388 225
0 266
33 85
309 266
154 258
346 104
0 367
12 341
64 151
10 35
381 114
232 241
5 316
389 17
358 187
294 5
377 134
297 278
93 345
212 224
65 391
244 305
324 186
53 350
114 147
51 332
351 120
377 5
65 363
322 196
73 91
298 205
266 284
88 279
300 161
368 157
150 256
37 56
353 30
7 369
227 243
189 310
300 4
312 181
155 169
13 243
57 346
109 194
108 394
59 270
253 277
58 153
335 115
375 186
141 373
138 183
114 369
6 38
22 254
241 331
50 247
279 285
158 228
152 274
14 322
116 227
159 274
32 187
292 176
335 35
99 162
33 55
88 329
1 263
327 123
152 259
368 75
7 229
192 390
382 201
57 206
359 270
106 365
4 312
155 224
199 287
74 81
102 197
5 214
341 1
185 306
89 378
131 215
78 87
389 385
260 304
336 140
46 391
398 55
359 372
350 131
241 295
332 142
335 266
101 302
241 354
399 116
205 345
220 359
345 295
46 324
394 363
1 320
374 238
23 309
47 53
36 207
360 96
396 13
310 34
304 196
233 361
74 201
181 188
113 126
364 238
77 263
102 293
352 25
393 63
398 16
216 341
36 272
46 195
317 154
165 172
205 396
175 247
223 263
360 38
16 126
101 139
30 248
215 268
186 356
358 71
269 332
310 118
62 168
265 396
263 279
319 80
61 370
64 98
267 295
389 123
119 389
321 118
142 399
374 349
167 390
25 60
134 172
114 304
319 89
85 228
37 308
92 392
102 250
36 217
383 192
355 106
48 398
66 98
274 323
87 369
81 395
126 275
44 372
381 219
394 113
287 176
18 71
362 10
84 322
215 349
300 109
118 231
71 101
232 308
109 218
371 244
53 381
91 265
32 205
351 278
132 254
308 223
283 264
79 394
399 202
66 104
280 64
398 154
4 374
267 353
391 357
78 204
160 309
16 331
236 311
151 299
6 31
64 96
33 207
127 299
294 58
9 391
102 168
204 348
83 393
281 278
61 173
31 77
44 216
235 278
212 359
339 103
55 332
12 300
300 139
19 128
82 147
88 215
149 163
370 117
325 157
285 31
362 126
316 204
363 227
37 262
330 32
27 48
53 274
45 355
94 178
330 186
309 40
58 85
351 191
378 139
18 252
219 300
121 197
164 260
265 270
55 144
37 245
37 192
320 62
251 283
354 179
263 349
282 328
322 192
365 253
163 225
337 10
385 181
337 363
148 377
337 212
335 27
220 389
335 141
45 221
284 139
247 337
239 281
387 30
299 329
298 54
371 150
323 29
291 86
314 374
156 360
56 198
289 133
385 113
92 279
77 160
141 228
288 200
178 281
53 79
23 386
381 13
248 265
140 288
193 233
292 84
209 302
131 151
310 46
158 291
18 56
256 298
15 251
122 325
290 223
291 47
42 275
343 197
238 323
23 250
371 394
229 389
398 266
374 73
395 96
390 211
165 321
82 387
379 77
147 176
75 132
292 220
44 185
212 324
8 131
370 144
122 289
118 171
148 244
12 88
137 182
266 388
42 264
85 161
182 225
199 218
187 326
371 206
129 363
294 113
208 269
374 187
246 313
84 108
283 203
36 149
215 271
15 148
305 48
253 347
82 253
294 160
326 2
49 205
38 188
1 59
86 394
319 53
285 293
48 213
358 16
55 170
293 26
174 177
8 291
66 68
41 384
36 78
374 378
327 19
291 135
340 133
56 291
185 292
222 312
287 183
119 298
325 108
332 234
225 369
66 188
67 114
384 130
254 265
14 30
109 182
290 39
152 371
200 227
86 232
391 187
266 365
307 186
55 171
288 158
10 319
326 120
267 273
337 9
255 294
207 362
159 170
71 310
301 310
3 109
343 112
63 136
191 321
176 192
89 384
58 112
90 269
120 378
202 282
303 104
355 92
304 184
38 63
195 302
186 308
157 241
291 126
322 353
132 335
322 141
66 162
381 387
7 211
27 43
318 132
31 139
20 140
34 382
316 53
389 307
44 199
322 336
358 69
11 49
227 396
183 184
67 96
49 191
329 272
300 130
66 331
90 312
333 96
311 154
127 239
390 165
172 388
314 287
52 265
223 237
191 287
109 243
300 158
353 96
162 316
289 105
173 247
51 226
8 361
87 189
290 186
233 266
305 11
381 206
245 265
64 288
352 118
133 277
94 267
122 248
56 270
309 72
233 269
360 189
159 356
359 269
297 11
210 328
63 185
166 173
284 206
386 318
30 117
257 282
138 326
182 278
361 112
184 276
252 326
66 264
58 67
224 277
3 367
64 310
252 304
68 238
351 337
157 249
301 26
141 151
285 231
318 206
135 136
327 195
320 16
303 107
278 345
284 207
390 95
163 327
107 145
9 37
302 270
386 161
340 143
338 34
55 263
167 203
225 374
28 116
312 128
201 260
311 197
52 211
328 122
197 353
9 394
38 150
313 122
55 303
361 20
80 148
62 146
255 271
333 130
149 369
101 251
6 230
115 269
208 366
196 214
142 212
53 225
365 47
291 197
194 202
336 73
158 183
341 178
27 323
149 353
371 210
317 5
383 0
14 235
141 397
303 22
63 228
234 243
87 229
330 75
322 243
205 279
162 301
312 129
292 26
391 35
145 190
328 248
345 327
76 233
87 282
300 43
301 271
27 297
66 186
365 90
105 187
21 399
394 301
399 165
385 88
16 397
150 352
72 128
386 203
332 47
138 303
324 179
167 376
100 209
117 260
22 229
181 305
307 143
98 166
139 320
375 243
305 42
184 245
109 388
235 245
57 94
308 233
312 306
1 187
183 364
162 366
382 226
29 341
267 381
32 253
82 325
249 284
318 6
1 329
67 146
283 272
27 382
360 239
372 323
19 110
331 30
144 289
74 205
281 360
393 65
93 316
320 31
94 376
237 339
3 163
70 266
399 147
287 170
96 254
14 292
336 111
56 84
392 227
210 368
106 181
236 261
395 293
239 336
79 123
6 271
396 192
346 169
309 103
100 312
8 115
113 337
321 123
27 91
384 321
12 76
371 179
1 47
61 76
206 208
290 242
203 226
271 292
64 83
381 104
296 183
179 342
284 296
48 301
77 95
377 196
78 315
326 56
4 188
1 194
4 165
138 390
391 325
193 246
244 323
341 145
383 69
206 352
102 104
295 212
306 136
7 155
258 261
320 392
317 48
79 116
388 191
158 257
102 213
257 291
303 273
242 393
149 269
359 381
383 4
81 383
382 54
1 9
327 63
66 344
368 395
15 82
277 278
335 237
176 275
156 260
90 361
386 169
212 308
307 104
315 160
85 141
326 43
112 328
50 256
202 207
300 210
315 150
73 370
118 311
198 209
289 226
11 187
314 162
81 221
297 398
235 340
87 162
327 197
109 203
304 82
242 263
117 130
333 270
24 299
151 308
102 303
268 381
243 249
267 319
264 330
177 201
289 217
314 99
114 137
104 343
100 176
233 251
284 216
397 191
362 99
72 328
14 382
245 353
1 116
22 358
373 159
323 4
169 364
1 15
291 101
338 104
376 26
21 181
299 185
146 380
386 132
210 316
148 204
22 168
234 256
93 254
12 359
248 306
233 309
54 252
225 285
36 75
137 394
138 295
159 333
178 203
64 293
293 29
306 102
337 218
56 393
226 285
69 317
102 131
102 331
7 333
83 140
140 312
81 151
50 281
76 119
288 24
170 262
357 81
293 131
185 377
43 258
350 59
113 141
264 288
286 177
333 128
221 397
391 313
224 334
132 151
176 341
81 226
363 28
361 239
36 310
214 247
158 168
81 286
90 133
103 189
0 19
116 138
81 101
323 250
223 240
323 56
355 136
117 358
9 326
216 249
274 383
219 223
399 232
45 122
345 341
125 171
269 399
369 269
96 115
182 221
224 286
121 214
383 109
3 398
19 263
382 95
79 148
287 71
329 319
393 208
265 309
326 108
282 261
45 255
347 184
308 273
368 377
9 278
229 379
368 5
18 45
351 144
374 17
21 48
215 294
233 299
137 378
214 260
18 85
255 354
214 366
305 214
240 260
104 140
360 273
166 399
11 257
384 254
391 338
140 329
7 16
69 221
152 374
114 294
391 233
79 313
65 231
67 150
131 226
150 333
238 306
43 44
88 319
96 107
396 314
317 254
1 269
109 346
23 131
24 315
384 250
295 395
9 226
328 371
285 336
200 313
7 111
12 45
72 367
146 283
81 331
175 328
95 225
328 57
284 162
112 174
94 194
56 207
67 191
75 103
61 83
384 52
281 170
5 23
164 279
8 379
356 166
270 324
50 310
55 67
151 339
75 99
54 211
329 221
188 366
105 184
65 357
76 159
92 234
373 200
336 226
336 173
121 348
190 381
384 187
310 77
317 212
52 89
386 27
299 397
386 2
394 0
329 130
360 309
132 135
71 218
86 180
9 259
363 126
92 382
109 206
331 229
324 396
172 195
359 145
125 323
16 99
117 300
179 390
139 202
375 334
342 258
22 249
320 173
287 244
89 270
164 324
100 279
144 154
134 177
25 281
156 243
294 31
249 391
317 132
232 305
375 51
27 94
156 285
19 364
384 102
287 39
284 181
331 60
366 252
254 341
36 129
120 374
292 326
42 233
140 148
310 212
22 286
212 373
40 159
112 388
107 205
341 214
6 177
42 81
394 107
238 269
271 358
304 281
252 298
81 207
287 17
74 268
321 217
108 218
322 48
286 163
95 393
375 113
315 133
264 316
305 162
37 89
120 367
43 360
232 373
5 157
261 372
279 399
127 295
44 322
301 148
373 275
18 36
392 23
55 220
388 168
114 216
50 130
33 79
115 336
152 220
21 57
236 275
121 325
318 264
255 260
64 312
94 393
339 24
322 265
344 48
48 339
330 39
52 275
256 296
3 390
132 281
252 351
224 392
360 69
27 255
9 282
57 272
139 322
30 135
290 155
234 393
301 241
118 387
152 267
346 11
155 265
138 248
380 249
298 332
287 303
184 196
196 250
368 335
222 394
50 351
337 264
44 340
244 381
278 314
22 106
382 220
154 206
1 128
129 374
68 225
253 290
70 314
354 267
284 306
9 322
343 110
108 206
82 268
169 341
188 379
285 178
257 366
383 127
48 164
373 21
118 223
31 159
39 114
110 198
340 221
309 53
324 131
138 394
359 19
138 313
40 267
165 288
30 152
308 264
224 235
120 376
354 197
170 174
289 190
206 248
44 207
212 312
20 255
54 212
26 330
318 289
395 198
193 327
43 113
68 345
369 155
50 204
287 140
49 91
382 93
5 379
92 272
301 115
307 191
115 351
135 323
248 356
107 108
317 183
380 153
341 131
133 324
283 226
312 98
396 236
73 201
52 206
146 219
305 319
177 335
136 309
366 143
5 231
32 337
117 169
366 41
303 182
287 272
340 384
98 189
362 130
308 213
103 241
310 185
392 185
310 90
197 241
304 290
24 301
141 399
146 387
390 346
256 307
386 350
196 327
179 270
130 160
179 180
36 294
129 295
115 144
64 256
46 328
66 139
214 376
110 116
376 19
336 143
89 346
99 115
389 75
56 73
332 13
255 291
84 369
359 144
381 216
257 317
114 243
41 229
235 347
62 220
135 208
94 245
51 185
56 214
339 140
299 342
115 275
172 362
168 343
67 267
114 205
173 392
199 306
62 122
200 237
287 310
237 363
101 177
331 72
372 43
334 55
370 182
362 254
348 358
305 47
181 349
161 249
64 207
11 169
26 253
34 241
285 107
204 307
156 277
62 88
66 222
45 236
348 153
76 292
383 143
201 274
40 114
362 343
312 185
110 389
22 230
348 225
34 82
331 114
222 269
375 167
372 51
309 19
67 214
215 376
181 245
5 281
37 181
368 166
65 249
82 144
342 242
118 157
39 265
45 317
9 295
384 29
365 1
264 377
107 381
379 74
394 271
239 324
122 181
308 47
40 274
162 371
54 393
309 46
213 269
81 254
48 129
86 280
107 256
388 307
40 123
396 180
382 127
39 196
10 70
86 382
380 357
19 136
163 168
63 256
97 98
133 182
119 208
37 205
101 222
8 114
91 104
9 292
144 255
319 156
179 237
126 386
44 48
88 230
218 257
31 148
46 291
219 347
316 181
50 283
329 154
93 369
68 251
399 58
113 288
324 325
310 79
154 187
25 188
340 224
174 338
16 127
56 362
202 255
174 332
376 228
288 205
180 270
148 269
296 55
132 241
333 280
120 372
285 135
59 327
216 349
202 335
18 300
287 126
309 144
81 86
346 397
78 313
308 88
366 376
293 67
50 257
41 188
98 178
83 369
339 123
227 292
394 181
110 224
46 345
27 81
361 122
129 290
99 207
4 315
180 229
146 303
159 266
202 322
290 190
354 269
47 396
124 162
333 332
152 321
55 230
372 69
15 271
194 286
6 247
36 57
133 350
376 104
199 388
353 319
254 380
109 115
108 225
46 189
86 161
4 134
168 398
266 287
4 42
363 296
72 158
21 387
179 198
187 284
42 319
42 71
70 354
282 250
62 203
326 90
183 300
325 125
63 109
177 358
202 395
14 306
117 259
243 360
198 229
14 265
91 356
43 53
11 196
333 229
200 251
345 285
63 381
81 268
105 140
74 156
196 389
268 292
338 291
359 123
343 108
79 375
116 255
329 153
288 188
100 267
359 353
333 237
203 265
338 255
179 391
44 210
35 282
360 264
8 34
53 260
19 215
114 240
10 320
317 98
214 216
47 232
39 135
51 126
317 162
315 248
204 337
123 193
85 213
205 259
179 209
278 280
314 207
378 196
359 32
204 325
65 204
59 386
362 289
360 110
287 195
364 296
328 187
46 240
149 285
141 241
142 261
355 108
317 131
190 295
96 167
390 71
55 153
351 160
203 269
173 391
183 219
190 390
352 14
230 275
113 313
170 380
287 236
102 392
373 126
305 59
0 199
159 194
376 184
312 160
355 370
378 259
356 308
2 245
144 204
77 171
295 65
214 278
311 250
83 118
134 361
3 332
23 196
355 246
338 251
318 190
246 393
95 277
108 203
367 167
6 139
31 376
332 26
25 372
307 227
57 261
371 270
33 188
129 313
263 268
28 99
301 252
369 261
199 243
101 191
125 318
321 257
1 307
396 148
42 199
292 193
230 308
379 285
373 192
88 225
364 383
243 350
114 282
222 388
227 324
137 266
393 40
291 143
330 188
17 27
390 338
88 317
97 194
75 200
94 160
183 266
24 36
363 168
102 261
1 225
333 43
43 181
92 192
147 290
305 324
267 394
81 298
158 218
191 211
74 238
111 205
93 157
274 357
93 295
128 318
239 265
18 224
188 293
315 393
299 193
81 223
311 96
13 305
182 211
193 316
147 277
390 53
318 212
115 214
13 213
110 235
145 325
31 143
55 346
167 284
19 354
43 126
261 284
114 247
189 314
164 382
180 297
251 370
302 277
341 54
301 109
104 153
380 100
123 239
296 93
77 132
40 244
348 49
12 275
53 321
324 293
389 113
382 381
102 152
284 112
280 61
57 68
286 47
3 157
114 122
367 267
24 233
11 224
45 136
4 356
314 257
119 205
355 265
246 291
399 76
336 167
142 182
246 349
319 357
380 136
121 258
330 3
157 306
233 312
55 351
398 131
276 341
103 242
59 190
391 6
183 345
20 227
290 230
114 308
261 354
154 262
69 158
258 268
12 314
376 192
178 386
62 191
381 294
141 161
363 319
322 39
185 262
384 48
321 28
87 312
316 1
172 187
168 253
286 131
32 66
115 329
32 62
314 39
265 359
361 269
3 204
323 315
63 350
22 321
86 101
281 251
52 304
396 185
48 145
302 28
19 306
274 327
84 301
299 271
37 79
81 163
367 237
81 237
293 279
359 361
346 357
136 233
104 238
35 207
70 305
44 233
153 271
44 242
113 151
218 283
361 240
7 220
275 306
105 236
239 354
5 30
341 203
357 3
194 340
40 82
13 156
278 292
324 236
97 160
297 54
135 322
209 211
32 101
162 291
13 109
315 15
133 214
218 242
90 360
63 242
219 319
105 258
185 289
395 381
335 222
40 268
10 162
373 244
299 251
387 47
67 240
296 366
291 34
117 238
291 229
340 18
130 349
77 193
321 236
67 337
164 398
323 256
158 202
23 249
56 199
182 271
220 396
136 279
377 118
93 127
240 337
360 27
73 233
213 243
35 377
29 366
337 190
198 242
11 120
138 393
98 252
341 30
192 259
186 190
370 104
285 238
318 310
213 262
63 370
369 323
121 189
14 333
79 215
393 247
78 278
46 216
179 359
116 246
17 172
301 178
149 185
365 352
293 147
105 183
112 385
98 222
17 364
384 126
339 304
359 200
13 281
146 151
203 324
382 363
35 163
98 360
391 230
312 68
320 56
58 369
307 34
195 215
327 92
66 235
306 384
254 302
111 230
260 318
281 76
135 265
195 317
398 276
281 249
11 30
374 168
35 336
102 308
326 191
252 376
298 178
305 44
268 299
353 275
307 105
302 79
6 227
373 196
25 123
64 348
344 124
202 252
369 120
114 180
139 270
12 219
270 291
57 337
199 340
217 225
105 328
280 287
194 244
67 318
160 209
201 236
26 112
374 15
159 293
173 384
394 191
105 125
108 356
8 396
140 361
83 88
199 276
382 37
325 170
317 34
388 202
101 171
183 257
194 195
335 344
177 266
356 233
112 332
397 110
293 316
234 362
25 124
354 145
75 113
391 268
246 295
111 273
44 269
314 382
343 254
24 196
165 258
364 33
119 330
308 57
116 211
297 129
283 15
313 114
249 336
362 180
275 315
188 278
229 282
129 213
92 320
126 293
177 230
355 306
311 268
3 215
199 332
366 114
104 176
39 368
80 116
327 233
210 250
201 206
82 286
368 165
69 222
313 127
15 76
261 349
38 307
69 280
66 96
173 215
312 59
97 337
72 343
281 40
208 312
39 142
107 228
398 318
172 245
77 297
13 125
133 211
197 320
28 267
100 224
24 373
389 141
62 378
197 243
41 335
391 194
324 180
188 223
383 34
393 355
249 389
369 128
88 390
305 86
113 117
357 128
301 240
372 245
301 334
129 305
59 77
127 378
115 255
77 363
234 240
365 240
170 370
103 148
54 335
298 66
359 341
91 269
106 141
80 198
312 32
65 135
236 265
215 352
398 241
341 40
192 233
53 149
40 101
215 328
88 311
109 338
195 291
244 337
386 43
167 333
1 295
166 258
329 3
101 388
116 380
210 374
85 129
275 303
228 264
186 366
228 230
264 271
21 228
28 84
8 86
230 398
161 292
44 220
324 362
278 335
36 316
74 127
147 160
340 73
342 362
80 320
376 179
27 201
125 150
4 167
145 183
366 72
332 62
316 55
73 319
133 287
298 97
68 278
200 229
59 393
395 283
227 303
206 250
82 117
302 130
368 160
396 230
31 38
289 325
114 115
74 347
149 273
36 170
94 365
117 168
130 331
396 186
49 107
27 92
192 231
157 179
60 142
302 37
49 56
70 191
104 354
280 210
374 177
6 311
72 376
351 328
285 307
149 386
301 249
33 237
135 290
71 326
370 150
16 39
373 57
389 42
398 254
335 19
349 136
120 250
33 282
216 237
7 375
123 182
126 339
208 319
93 97
345 210
56 338
238 265
212 246
299 6
322 245
114 393
57 377
395 187
349 152
371 331
132 379
14 57
306 148
177 279
49 310
7 277
161 236
381 86
213 369
352 152
18 86
117 210
185 261
73 170
8 142
386 285
109 161
146 207
202 205
166 374
218 278
88 369
5 98
93 265
351 311
96 171
191 198
9 43
371 84
51 222
60 320
138 325
371 111
84 152
226 243
155 185
392 66
105 124
25 134
198 204
289 166
92 217
174 337
375 251
391 16
322 137
287 263
97 384
64 114
293 207
305 397
384 383
388 279
20 320
394 292
30 63
53 185
45 170
223 295
331 217
336 276
100 262
396 232
307 164
132 203
354 63
399 91
21 192
80 251
367 219
244 307
396 69
106 108
140 269
62 257
221 237
379 39
20 144
165 318
382 377
174 291
318 208
141 303
66 138
231 246
39 104
328 393
357 382
315 147
36 69
313 50
351 187
244 360
195 201
284 95
337 396
295 134
362 68
336 31
231 300
301 200
365 132
23 156
179 207
295 106
327 98
87 221
322 115
62 149
89 222
164 381
376 51
28 295
24 273
216 241
2 129
100 153
292 162
322 306
388 274
167 379
47 153
392 193
296 395
3 320
393 200
64 252
362 91
341 239
203 282
210 330
196 209
67 389
294 173
367 268
308 370
315 96
314 291
287 362
24 114
315 274
254 262
25 38
157 344
104 308
374 229
114 263
211 364
249 368
245 342
29 267
317 35
17 101
200 386
396 111
304 390
205 266
372 218
295 135
176 301
309 213
146 296
65 395
49 168
72 379
392 93
78 200
11 255
287 215
376 65
36 352
399 70
128 384
392 198
13 294
285 249
333 299
92 99
25 196
291 90
41 243
64 225
291 240
93 188
156 231
87 104
12 367
131 182
300 179
17 199
22 281
376 296
120 368
254 283
316 190
101 105
368 246
144 208
156 396
371 221
23 77
39 238
379 24
237 342
241 356
85 207
190 216
381 49
318 66
346 244
181 301
158 272
76 321
312 290
104 257
11 114
99 394
219 289
377 78
374 12
396 173
140 390
32 370
97 360
11 337
74 192
347 227
353 83
270 352
56 225
378 217
105 241
388 16
15 289
306 80
267 369
146 323
275 307
211 242
106 126
382 159
309 249
35 364
22 276
111 215
171 270
230 368
220 391
69 343
180 291
186 345
80 178
358 248
283 102
151 185
91 94
365 131
391 111
381 256
308 303
10 177
74 124
253 261
288 45
32 126
97 164
347 134
396 317
50 76
241 368
333 190
337 136
259 376
389 87
271 378
88 234
132 244
287 174
49 376
220 358
377 68
136 192
143 181
282 221
208 378
216 355
37 166
360 395
223 377
339 80
150 221
64 335
187 262
356 136
115 185
298 7
106 137
60 325
21 271
287 83
183 216
203 383
64 324
101 284
83 123
154 210
317 29
261 298
352 147
325 143
338 232
141 283
342 85
77 121
340 354
303 157
96 163
0 52
112 296
320 104
309 27
49 53
384 194
94 170
353 49
97 350
169 321
299 129
64 187
346 282
312 209
121 293
111 133
344 44
1 241
354 119
266 399
0 334
40 329
359 175
55 91
34 174
89 181
292 226
367 343
15 195
172 301
307 179
345 90
41 70
396 375
142 306
306 283
280 128
247 358
399 184
346 65
35 205
67 69
6 294
28 108
338 61
366 236
207 375
172 354
137 328
306 7
199 294
130 369
300 162
284 89
291 128
231 323
356 132
395 178
330 41
307 303
53 222
289 210
194 294
194 275
282 148
155 177
176 224
166 171
290 177
312 176
16 161
243 264
260 313
362 82
147 313
24 44
377 277
199 286
398 73
62 298
16 147
331 248
302 246
132 351
329 121
301 197
69 344
196 263
19 148
48 295
306 302
245 264
95 286
84 184
361 127
162 399
38 124
356 21
31 254
254 310
68 79
191 370
5 275
125 335
302 366
181 351
334 348
184 353
32 334
73 184
394 177
131 319
324 107
211 307
383 66
105 254
71 77
33 66
12 257
381 34
316 230
61 394
326 151
263 316
108 324
79 149
182 383
374 178
280 37
362 38
313 30
14 118
247 283
189 198
28 375
375 304
32 333
363 204
124 389
293 59
63 141
300 280
332 141
35 49
171 173
310 42
207 264
32 147
194 367
180 233
389 199
41 167
126 209
356 376
306 329
280 239
132 274
299 155
229 386
343 282
396 108
190 298
51 168
149 363
118 287
4 297
185 386
330 104
117 205
47 310
111 295
150 335
323 51
363 10
327 252
16 209
301 250
263 277
386 385
349 277
50 187
312 236
115 350
92 305
11 164
364 131
201 270
291 188
81 228
104 260
43 253
47 149
253 266
85 191
325 302
344 156
10 367
292 171
115 121
57 207
206 225
146 371
129 371
328 261
384 150
343 233
26 280
324 79
397 252
347 96
263 300
347 269
163 309
118 193
1 121
4 246
99 174
187 347
389 232
316 352
8 332
341 269
392 20
354 83
70 172
179 343
378 96
346 194
391 390
23 62
74 118
140 373
103 314
43 133
142 209
16 27
93 171
2 36
380 26
92 244
297 152
380 171
306 320
19 167
294 213
64 137
193 220
233 301
191 300
394 156
84 150
387 259
84 365
121 180
310 92
322 31
285 100
356 124
128 232
335 61
375 192
338 178
31 174
143 314
99 320
56 373
380 56
276 281
9 17
354 25
327 160
298 214
79 226
389 145
248 326
35 252
86 170
2 261
17 97
151 309
235 397
68 116
79 288
187 208
367 11
0 270
91 289
369 296
29 197
239 362
310 249
64 382
315 243
284 151
12 296
350 17
389 64
64 360
154 378
52 312
104 107
381 9
109 173
197 251
115 163
131 141
119 167
316 277
73 301
137 234
161 211
333 8
87 156
354 62
37 58
325 241
144 263
362 386
395 278
86 310
316 152
378 79
392 145
107 282
310 148
9 302
75 376
385 47
330 173
287 375
334 119
156 178
37 241
197 358
19 171
39 281
58 354
55 172
35 305
240 385
374 231
137 215
112 179
365 267
328 14
294 376
384 199
396 153
126 315
247 399
21 31
39 77
223 307
3 130
327 393
224 301
136 160
86 134
26 274
283 229
365 89
297 78
369 105
35 253
316 159
26 108
88 148
293 345
324 39
193 333
360 42
37 175
282 175
103 226
386 31
139 268
72 278
250 396
340 232
289 278
182 384
391 206
103 243
85 185
275 356
67 329
59 207
190 196
357 145
399 254
375 391
129 187
321 161
25 267
48 243
76 268
145 336
30 267
329 85
28 223
334 153
336 234
369 309
362 109
296 187
399 150
88 219
125 283
126 195
224 266
394 126
69 79
369 271
194 344
153 302
84 207
100 109
9 107
335 104
42 378
395 170
313 208
84 147
26 129
306 383
383 25
132 229
63 149
187 383
271 286
395 232
70 163
15 26
312 288
338 162
88 239
366 175
6 250
253 357
4 105
21 50
351 64
345 4
365 220
376 210
345 202
39 162
305 7
110 394
374 294
379 103
290 145
286 185
386 116
65 268
92 120
68 244
395 352
21 325
136 259
387 64
109 187
310 74
263 374
276 372
238 359
182 285
327 189
319 47
279 390
390 387
265 268
32 79
219 279
286 259
352 325
332 159
18 248
306 126
332 209
93 303
100 116
55 376
223 282
145 197
89 322
10 106
174 209
368 144
8 399
396 23
345 20
180 275
322 331
221 291
242 318
243 366
336 325
321 59
144 377
362 236
178 274
15 360
57 243
48 52
323 189
374 257
83 143
372 250
97 240
69 176
93 364
174 176
57 188
19 204
224 226
2 234
329 50
340 147
55 190
203 237
285 304
141 170
158 342
94 163
244 295
289 218
260 314
206 288
59 387
130 278
322 378
368 122
231 370
122 221
39 384
161 230
142 227
94 343
148 304
9 41
217 373
172 213
106 190
52 264
359 180
370 151
142 398
311 34
52 149
166 252
392 184
190 207
356 379
395 87
21 46
373 42
68 241
44 83
75 359
213 303
356 121
24 285
112 247
125 158
288 22
100 248
102 342
222 301
88 125
375 187
320 314
322 69
296 165
280 104
384 35
52 192
375 161
8 74
289 44
38 67
317 84
22 94
148 272
218 332
234 247
42 112
91 107
370 25
28 255
155 159
49 280
365 327
129 150
300 66
303 378
68 266
27 166
304 284
218 281
206 327
39 90
120 293
170 256
397 232
282 122
84 287
160 278
252 350
360 122
330 155
299 187
10 387
47 315
88 169
157 189
100 390
237 295
303 144
144 234
80 391
381 17
331 106
225 336
184 309
89 105
84 86
15 358
79 281
334 160
29 393
317 3
57 335
138 296
311 137
9 323
64 245
310 196
273 392
10 246
273 289
74 311
247 309
50 262
34 180
371 121
3 200
152 272
35 236
307 68
67 83
347 160
19 47
1 44
290 26
226 230
375 108
216 334
157 208
378 292
65 186
155 296
395 377
390 69
37 158
22 327
367 9
330 254
194 351
329 93
335 119
182 350
138 276
145 162
283 118
332 108
387 367
1 193
179 194
34 305
283 1
359 245
23 174
376 353
397 157
15 99
278 350
282 92
58 165
294 226
32 342
106 382
7 223
3 145
303 285
330 344
38 75
345 77
348 355
329 399
120 192
342 272
312 80
157 177
127 311
291 199
318 232
333 18
48 93
51 255
356 181
346 267
110 363
3 138
311 89
97 282
381 246
328 258
43 314
146 361
20 249
243 260
317 349
370 204
129 347
384 241
312 18
181 247
84 148
337 383
13 239
153 381
376 24
128 316
151 394
340 43
10 42
392 138
351 75
286 193
41 47
342 240
93 375
365 203
265 350
257 361
227 239
208 281
111 301
45 253
62 89
366 197
79 329
245 302
271 330
165 298
195 399
356 154
311 71
153 363
304 58
389 205
334 326
1 19
184 185
30 61
196 255
74 147
333 315
164 190
396 383
182 264
192 337
343 124
303 169
324 243
23 394
27 320
306 264
217 393
87 114
199 260
20 162
146 245
34 321
96 306
167 249
167 377
20 65
254 378
97 305
371 370
92 210
390 61
322 300
328 219
19 52
294 266
152 166
304 51
388 250
333 387
145 146
154 155
47 273
309 207
265 357
45 59
41 278
62 210
75 93
52 392
308 315
134 302
356 242
111 360
162 178
60 193
308 268
396 36
105 226
33 138
36 95
320 269
7 173
395 274
216 262
342 70
336 223
385 49
45 321
312 324
168 202
257 339
198 370
302 128
51 63
229 300
240 254
1 200
372 202
81 158
267 280
275 376
70 150
344 254
141 342
399 178
261 271
52 68
28 58
288 124
18 144
352 26
218 303
148 155
357 44
0 251
351 134
47 132
73 131
235 281
180 187
385 135
289 0
306 367
65 258
317 50
110 151
117 275
332 227
35 284
169 176
232 394
8 330
51 283
246 383
142 381
226 314
360 132
97 217
377 65
303 30
303 139
76 83
263 312
98 228
291 201
34 183
11 71
128 284
335 12
294 242
176 234
226 317
124 188
394 207
397 117
261 266
341 244
191 336
212 371
386 162
186 209
316 39
328 367
59 315
140 145
25 59
316 73
197 380
341 386
388 65
158 206
79 93
285 211
75 318
376 220
108 220
25 211
298 154
42 67
144 242
54 135
184 266
286 159
301 230
7 166
363 215
81 197
189 370
393 174
4 346
96 373
232 343
209 221
10 140
67 392
347 32
74 167
124 149
333 11
392 81
143 231
64 313
299 234
338 299
22 172
151 300
278 385
84 244
324 69
18 396
26 270
115 141
200 259
93 161
282 151
363 339
254 383
362 333
263 329
169 246
7 152
186 244
43 378
362 120
23 70
386 279
333 155
178 388
351 180
283 81
45 356
159 261
10 128
293 214
278 375
381 65
103 302
13 20
234 314
2 361
77 195
340 200
376 145
330 11
363 58
200 312
70 158
378 308
320 81
14 365
97 166
336 274
364 315
313 18
284 106
297 372
110 212
81 112
45 301
334 335
169 377
237 269
293 0
244 353
165 254
4 119
220 367
338 350
264 396
97 368
1 321
150 217
342 7
377 22
342 21
49 220
32 374
157 276
379 263
299 71
214 291
201 222
86 147
105 218
300 88
90 163
225 357
115 345
135 178
225 341
49 366
38 255
104 269
125 363
299 126
246 272
8 185
86 141
399 320
248 324
286 45
69 74
342 235
146 288
135 362
153 231
361 196
307 81
33 281
385 254
35 111
317 10
395 263
385 150
386 136
309 178
86 327
363 89
325 215
308 7
208 220
292 12
180 216
214 337
87 258
333 250
395 71
295 148
311 381
82 397
316 179
315 399
120 248
363 205
398 63
368 46
146 202
318 114
181 366
316 32
38 102
303 160
55 358
39 230
170 247
120 339
340 394
111 208
95 195
192 237
306 64
48 60
1 279
33 154
130 211
340 337
67 231
36 324
153 345
123 350
220 370
6 309
132 157
9 196
337 35
320 91
235 243
44 208
362 229
219 251
134 318
4 92
311 257
366 183
330 266
145 226
277 314
270 289
34 333
294 88
133 162
393 166
377 121
228 250
74 389
129 380
127 213
107 295
98 103
46 353
184 397
280 270
397 38
81 240
190 262
135 204
372 242
98 321
313 95
76 193
376 342
315 241
320 326
263 381
158 172
158 248
138 218
290 43
353 266
128 317
27 66
330 28
388 188
365 59
41 298
294 353
315 10
396 98
24 160
337 279
66 260
393 181
101 358
227 296
104 209
376 106
179 273
23 68
21 389
334 264
136 338
40 326
346 262
352 167
42 143
385 0
301 324
361 63
101 341
208 392
290 269
37 361
352 94
148 150
63 191
376 12
137 356
295 32
36 347
349 75
377 254
390 232
132 147
102 259
317 76
389 201
397 44
351 273
12 120
58 211
355 241
190 375
52 276
87 220
270 374
320 259
294 122
242 309
96 325
184 369
18 296
48 57
288 49
113 239
120 344
335 55
64 370
34 288
85 277
283 190
161 332
358 185
130 305
260 376
374 394
235 388
155 340
325 195
394 41
290 144
208 350
135 277
10 376
34 259
20 168
94 108
32 110
318 18
225 255
311 206
205 338
326 39
179 337
146 335
308 337
310 370
156 383
46 334
313 323
369 277
394 136
256 367
331 368
267 387
40 66
353 249
296 196
157 279
295 225
4 91
81 261
396 127
199 251
14 89
47 105
349 195
189 240
97 219
322 182
183 340
323 26
385 264
30 88
