19 106
149 23
70 145
0 110
4 46
9 90
44 60
0 47
47 136
75 83
134 121
23 57
134 28
146 29
66 68
29 38
142 60
23 37
114 142
40 129
73 149
43 46
132 2
38 115
67 138
41 122
102 125
41 99
2 34
30 143
143 57
101 102
40 93
49 51
13 55
135 58
6 89
19 55
64 82
30 110
4 103
137 115
25 41
77 98
22 128
130 18
88 108
149 35
133 114
17 49
63 102
6 85
81 83
87 142
56 145
135 72
19 116
90 96
54 57
97 132
135 37
61 101
86 139
91 140
51 70
87 137
5 46
38 135
67 110
113 117
52 125
30 106
139 110
78 124
65 71
2 134
20 25
149 15
105 134
148 29
22 74
29 54
132 147
28 145
55 119
148 58
8 53
133 140
131 64
80 128
8 123
32 127
13 69
47 80
24 49
130 123
85 102
42 59
44 141
26 90
141 70
55 81
20 57
9 57
133 17
103 145
135 96
3 57
9 110
42 109
131 109
133 85
68 142
11 125
131 78
132 31
11 88
30 62
83 111
99 145
25 48
20 67
34 59
48 108
24 114
104 106
146 89
70 93
115 133
127 129
18 81
3 7
130 108
124 125
61 148
68 72
15 18
25 93
78 97
87 143
37 81
148 110
47 91
147 19
75 88
106 110
19 50
148 62
78 111
57 136
53 85
2 79
115 134
61 117
147 34
133 80
108 119
50 130
17 18
59 96
130 117
104 131
131 48
138 52
3 133
50 96
40 54
39 131
40 149
51 95
111 114
59 137
88 130
143 55
10 98
0 128
146 62
67 128
34 146
56 110
39 69
26 102
73 127
144 30
135 85
102 141
83 122
19 86
58 123
32 89
18 58
30 99
147 16
27 39
16 35
59 115
15 110
54 122
53 130
8 94
17 79
20 138
101 107
9 129
68 119
7 70
125 126
24 115
130 110
142 104
6 47
142 107
139 126
34 80
76 113
83 133
54 148
36 136
81 118
16 125
26 149
114 145
90 101
50 59
94 126
144 136
137 95
69 71
40 114
130 124
24 83
74 82
68 83
80 131
139 54
144 55
55 68
48 83
56 79
63 87
136 34
24 148
1 34
65 143
131 15
14 136
24 37
132 90
10 135
131 9
44 49
134 73
9 68
94 115
70 139
30 124
51 115
41 97
59 148
37 77
130 126
130 115
140 43
133 107
135 66
39 43
32 120
136 85
80 122
10 130
13 93
35 91
66 124
91 130
146 37
5 118
30 98
70 130
65 130
96 140
98 100
24 46
58 117
68 114
85 129
148 115
31 62
55 146
63 144
32 45
23 89
8 114
65 109
145 71
142 23
15 91
72 97
16 115
42 103
39 71
0 85
12 38
32 65
77 126
59 92
84 125
145 43
138 53
145 113
145 36
138 15
144 20
13 26
105 106
70 106
87 112
90 112
8 121
53 54
26 145
139 96
28 106
22 149
10 117
84 101
12 65
5 30
25 112
42 57
85 142
76 126
8 61
13 14
24 110
21 129
63 65
51 121
19 70
146 56
95 108
24 48
140 66
21 93
22 61
45 80
140 81
43 45
38 116
31 88
130 25
11 51
5 88
37 121
144 118
86 147
8 86
40 144
1 27
61 132
17 78
35 67
15 51
139 31
58 119
74 125
33 54
57 115
144 50
2 3
82 118
13 29
19 133
34 87
135 101
107 112
52 114
146 60
42 88
74 120
71 114
2 74
115 142
23 81
136 1
133 37
90 124
97 131
45 54
31 34
13 98
26 87
139 124
48 57
77 129
145 47
47 59
9 117
26 73
142 95
38 137
101 109
47 116
112 116
38 72
45 138
4 111
4 77
149 143
10 29
60 61
29 125
141 40
113 129
6 62
98 112
30 73
53 68
24 39
138 117
134 39
136 87
137 105
54 104
138 12
68 115
143 147
47 65
57 130
84 98
21 61
137 82
143 16
4 100
140 69
10 93
74 85
45 124
135 137
135 35
90 125
16 119
78 101
144 86
64 84
135 95
139 15
25 143
42 136
141 118
18 45
36 137
2 99
71 104
45 126
134 7
30 96
14 123
63 118
108 132
33 131
99 107
139 18
56 120
14 84
23 49
22 148
58 133
51 110
87 106
137 96
26 27
61 98
143 100
24 102
79 123
148 111
137 51
130 89
87 147
136 131
0 98
23 88
131 120
43 69
149 77
93 134
37 65
13 87
18 76
0 8
37 63
7 31
131 127
91 129
10 72
24 31
4 80
6 48
139 22
75 129
149 122
91 110
69 103
1 85
92 93
134 38
112 126
136 18
98 116
145 49
21 125
65 137
148 79
29 126
136 96
61 125
8 78
14 42
3 54
0 103
4 18
108 144
3 121
23 63
23 118
54 141
132 137
61 73
10 81
6 27
75 146
132 79
16 66
45 137
56 71
66 138
46 123
92 148
27 127
39 101
62 71
47 68
0 62
13 47
109 120
14 25
114 136
42 69
44 48
84 133
147 140
89 108
58 108
93 107
137 90
32 141
149 18
135 53
26 95
7 141
26 69
28 103
46 47
3 132
7 46
49 76
22 26
30 145
36 46
125 127
41 145
115 129
135 3
139 63
5 121
33 99
55 95
27 46
56 105
130 6
8 125
11 34
4 57
11 62
128 129
89 139
136 6
17 111
141 51
105 142
15 31
15 53
73 86
123 132
87 103
147 37
58 78
17 99
10 31
55 141
81 82
5 140
36 103
33 87
64 100
141 143
102 129
140 57
50 88
2 7
13 88
52 108
1 58
5 90
136 124
10 109
3 123
63 105
16 33
26 97
138 114
5 141
6 34
8 128
145 0
94 134
145 35
12 106
34 140
13 112
99 110
138 5
4 105
109 114
79 83
37 78
17 83
136 84
12 145
62 125
28 60
144 83
43 90
22 143
69 118
145 96
68 127
138 85
4 19
1 125
2 122
5 137
80 103
148 145
86 146
59 139
131 2
90 135
89 125
2 21
6 97
8 103
116 124
16 85
4 124
145 31
23 73
113 132
77 147
48 54
29 106
108 145
2 88
34 41
140 82
102 120
28 143
128 138
147 71
72 110
16 116
18 54
136 98
140 49
17 147
138 60
144 29
125 143
23 58
12 20
24 82
13 109
59 98
12 16
108 113
12 132
48 73
116 145
113 124
38 42
8 108
1 40
59 132
3 99
76 94
39 142
81 99
17 34
109 128
123 140
33 141
56 130
34 51
17 120
69 90
107 139
43 122
35 122
8 19
74 75
72 78
14 29
32 49
36 102
27 82
147 0
26 80
104 141
13 99
71 80
15 128
10 123
149 96
141 121
94 119
5 122
107 124
22 96
104 123
139 113
16 83
44 75
37 68
63 121
132 135
103 149
78 85
100 111
55 107
38 65
63 66
49 60
102 112
25 64
20 23
62 127
76 98
85 86
56 80
80 129
145 22
149 55
36 130
61 102
93 139
130 146
87 114
26 67
79 81
74 117
76 122
87 125
104 105
49 133
132 44
106 122
73 84
137 48
76 115
130 15
140 18
42 71
54 140
21 57
52 97
8 73
13 63
117 136
26 31
2 54
131 66
24 88
3 138
1 11
142 72
141 60
139 103
20 104
72 120
11 109
54 136
44 107
86 112
60 72
23 74
10 82
6 109
87 94
7 124
143 104
36 87
142 88
74 129
7 73
48 130
123 141
18 141
81 122
53 105
16 73
66 88
68 145
17 70
10 32
142 28
35 111
8 85
53 69
52 89
93 101
3 36
15 72
2 62
102 114
10 136
45 119
68 79
89 103
40 113
22 65
43 95
55 121
3 55
14 97
13 71
41 49
49 125
6 54
16 53
58 93
23 30
44 138
53 62
4 11
28 124
6 121
8 36
76 111
0 67
135 23
1 47
48 88
10 147
20 115
112 138
12 127
32 58
25 45
11 25
130 94
3 21
33 145
127 144
0 141
84 120
130 128
31 55
134 17
74 109
8 23
146 72
93 140
131 57
149 66
25 80
62 76
81 86
4 13
147 20
148 136
55 132
23 77
144 95
23 85
71 73
7 66
2 114
83 90
1 82
101 118
137 73
37 100
63 83
50 127
54 60
83 134
55 66
87 104
135 149
12 99
24 79
132 66
135 18
3 104
95 119
52 117
135 124
5 144
130 114
83 117
70 101
89 137
36 41
66 107
136 112
13 101
95 147
30 35
25 122
24 103
99 106
50 53
37 105
59 68
29 45
22 136
148 71
41 69
99 104
96 138
35 112
52 123
41 45
139 125
130 101
131 14
82 113
19 110
6 115
0 18
126 127
130 132
120 124
3 74
106 125
0 70
31 78
91 98
59 75
61 140
75 101
17 106
43 136
133 120
149 58
54 74
78 107
85 93
140 101
11 82
28 30
103 128
42 144
28 104
8 106
12 123
77 91
142 125
51 106
34 100
107 148
72 101
52 119
137 11
36 93
91 116
72 104
34 60
16 21
41 70
15 49
145 132
7 16
56 126
138 142
49 101
34 142
9 145
25 27
92 115
67 136
4 144
144 115
55 99
78 89
43 121
59 60
36 112
136 90
55 93
2 82
149 69
87 97
143 36
17 55
89 97
25 120
142 2
77 134
21 68
133 24
149 1
95 145
52 91
44 82
30 51
13 135
30 58
108 128
1 80
20 54
29 137
60 101
139 143
62 88
74 106
19 62
7 114
125 134
59 110
8 136
21 76
1 118
6 65
54 85
77 94
1 116
6 51
54 142
67 81
32 106
140 3
106 140
15 48
76 142
19 21
95 125
99 136
7 75
33 84
134 66
80 95
47 109
36 65
14 65
66 92
94 120
7 98
75 109
27 37
12 72
3 137
3 29
92 97
134 63
146 21
118 149
41 86
83 137
54 64
4 73
0 71
104 130
143 113
139 80
149 110
10 118
39 87
3 58
131 117
36 116
130 17
15 67
76 90
110 137
10 89
94 127
87 96
136 108
140 29
103 114
147 27
131 30
130 127
127 128
33 57
50 126
27 112
56 88
37 93
32 81
52 98
27 65
87 91
33 142
29 62
44 90
73 112
64 78
141 36
141 92
76 95
136 86
28 33
8 69
70 100
149 74
146 98
12 80
15 101
139 30
83 87
144 82
3 93
31 81
131 114
141 91
117 123
61 62
142 59
65 66
11 67
20 76
132 53
33 89
5 24
74 91
130 145
77 95
22 38
131 110
120 142
31 107
13 110
18 104
44 95
82 147
70 103
70 98
139 114
29 61
58 82
48 102
6 37
121 129
124 128
127 141
1 74
52 87
6 33
47 57
31 93
58 85
135 45
50 140
46 126
35 37
35 87
52 62
115 147
122 132
25 83
74 131
72 90
34 63
79 99
43 70
65 127
84 131
63 93
130 77
10 102
61 120
50 108
11 118
54 82
34 97
43 99
70 92
98 119
6 42
26 132
142 52
7 91
24 76
58 73
6 80
11 14
142 21
58 110
145 100
105 141
15 54
43 100
24 25
4 118
10 146
110 111
5 127
61 115
3 145
59 100
11 39
145 46
36 90
136 9
148 78
140 124
102 103
12 59
149 81
146 41
7 13
17 146
132 28
14 82
16 17
144 123
10 115
59 78
11 92
27 84
21 67
13 104
29 59
40 76
77 96
40 66
132 67
24 74
142 121
8 33
149 46
69 121
104 109
35 78
25 75
50 122
18 56
13 142
41 53
100 129
104 126
39 53
86 101
133 41
22 29
39 116
139 57
29 99
62 112
44 135
144 36
0 28
131 125
62 80
21 120
145 79
130 39
46 66
149 138
29 31
70 86
26 66
130 78
44 144
145 109
91 117
23 109
78 94
46 54
134 43
43 78
130 38
146 74
131 126
62 83
66 95
54 108
143 73
32 94
20 102
136 46
23 71
148 130
8 13
53 131
47 71
143 148
29 111
12 55
97 121
23 114
19 104
42 94
107 125
86 140
130 135
76 128
2 115
4 128
71 140
32 122
4 94
66 98
70 129
96 117
63 130
39 96
40 112
49 100
36 38
20 112
21 97
65 76
81 113
16 149
0 73
5 73
13 137
35 55
20 84
7 51
42 135
6 84
139 34
41 73
130 12
90 108
8 25
77 144
9 94
31 141
3 26
20 21
147 15
7 34
146 12
137 4
48 132
26 75
74 97
130 93
34 124
36 135
118 123
67 111
6 144
54 93
8 111
40 110
77 140
15 33
68 85
26 147
35 124
138 6
56 144
55 84
35 90
20 121
101 137
23 62
85 105
135 50
42 131
143 144
132 111
38 99
131 106
143 115
144 107
16 67
87 116
0 146
148 99
19 71
50 62
138 92
134 44
134 19
148 11
116 138
68 117
4 31
131 67
87 89
0 114
2 125
14 32
95 126
130 118
2 67
26 138
130 62
129 147
15 39
43 141
106 149
148 16
40 79
138 75
80 92
101 129
33 100
141 101
2 45
15 133
73 136
132 45
20 46
110 128
138 27
8 104
83 149
136 78
140 145
93 122
40 47
57 111
20 88
139 138
132 19
70 80
6 141
33 114
97 133
134 90
136 75
14 119
67 69
146 44
71 129
64 91
135 62
78 113
57 90
135 0
25 70
5 48
91 107
57 117
11 94
134 81
100 116
32 56
133 126
25 142
6 43
57 101
69 84
139 66
20 82
19 42
29 142
41 66
62 97
87 93
140 19
7 60
35 77
75 102
22 95
0 57
22 32
117 145
66 142
22 58
141 29
2 32
5 129
56 78
33 45
131 76
75 132
82 102
65 139
7 135
12 109
26 76
135 146
6 139
32 115
37 51
73 74
102 147
64 102
28 79
128 142
89 94
117 139
6 72
10 62
64 81
63 72
33 148
45 142
149 61
32 41
68 140
57 94
13 23
66 119
36 91
16 60
145 2
40 58
21 50
62 74
146 92
147 101
73 129
141 98
54 111
67 78
86 97
35 113
73 96
2 39
132 0
69 99
69 94
56 121
72 113
21 47
60 126
94 146
74 84
140 24
1 142
2 58
99 113
144 130
139 35
80 101
55 117
17 108
46 113
116 142
7 22
6 112
66 73
132 109
39 61
120 128
58 109
21 108
149 27
63 148
72 88
63 143
99 132
4 21
146 73
139 11
4 98
4 25
145 125
142 19
109 110
77 107
23 99
47 66
32 118
92 144
19 88
15 38
19 64
4 65
134 103
1 41
28 128
130 5
137 74
46 111
7 147
53 57
101 143
16 72
106 133
130 35
139 90
131 8
38 123
63 135
37 101
36 70
2 11
93 129
143 18
52 99
41 142
11 20
62 81
148 45
51 85
18 73
142 47
83 110
77 81
134 109
44 61
27 97
25 52
70 133
135 19
6 82
8 41
93 100
38 39
10 145
130 71
80 146
35 56
49 81
3 119
120 146
49 131
138 22
47 140
20 72
32 75
122 123
5 123
33 95
6 110
31 61
55 140
39 51
2 47
33 113
36 85
45 82
16 138
54 115
146 82
25 53
73 101
36 94
38 148
106 124
140 23
60 118
7 69
148 50
148 64
73 138
37 97
28 73
44 55
36 69
81 128
43 105
41 72
98 145
15 93
142 122
139 16
5 15
146 125
39 113
25 69
143 95
75 130
93 126
9 98
97 127
105 138
116 122
149 33
91 146
16 117
39 86
16 68
136 35
112 120
10 23
29 93
28 81
139 116
1 140
79 97
97 112
149 42
23 56
101 124
40 121
91 109
29 134
108 135
28 51
28 61
35 49
113 120
87 102
142 36
56 106
3 131
1 31
47 97
60 119
139 121
136 63
135 2
130 112
77 114
70 105
22 48
31 103
6 73
24 84
134 100
89 102
130 19
52 90
99 103
1 98
31 50
32 39
134 70
12 63
13 66
120 122
132 16
0 101
1 38
32 148
85 104
46 67
79 136
70 90
78 147
27 61
47 110
134 31
135 99
42 51
23 105
14 116
114 147
14 33
41 81
25 136
4 30
133 146
84 111
108 111
41 127
15 35
37 125
85 127
144 34
45 114
58 131
146 8
67 99
145 39
37 145
41 111
108 139
132 92
67 105
67 143
130 82
79 143
13 89
6 11
24 93
54 127
98 115
19 75
23 41
82 138
136 2
40 41
28 58
64 118
136 44
52 53
46 139
14 18
65 86
41 110
51 143
89 132
68 133
128 144
1 25
13 145
39 41
38 118
39 93
67 109
59 127
138 40
146 51
134 10
22 114
38 133
73 99
143 72
54 91
37 127
15 56
18 75
11 47
134 149
47 126
10 96
15 25
16 38
136 120
12 66
36 40
133 127
5 7
21 82
26 140
70 136
130 67
144 117
90 146
136 76
34 84
109 124
76 138
72 122
65 94
64 114
111 147
146 49
11 15
140 104
148 53
59 111
135 65
141 62
4 7
133 76
85 130
79 90
38 113
5 63
2 144
46 89
148 129
137 55
11 70
130 41
44 52
149 85
73 88
15 137
70 118
147 124
136 94
138 24
67 133
45 52
82 106
135 111
7 20
35 84
50 139
7 85
112 127
16 48
130 98
11 85
19 148
140 11
4 90
87 95
11 113
69 96
21 25
74 141
27 76
142 62
85 87
36 146
129 146
131 37
50 143
49 89
96 134
22 108
59 130
24 92
59 109
13 111
148 66
82 131
38 52
18 66
65 92
48 76
109 121
67 113
60 129
19 24
50 102
144 89
24 97
34 115
148 65
131 61
0 50
13 40
12 50
134 34
132 56
8 90
12 68
73 76
83 146
45 63
51 117
110 145
41 87
46 76
24 89
2 91
84 102
37 110
68 89
76 82
89 127
28 148
86 122
1 97
1 4
31 36
18 65
88 111
5 35
146 38
15 124
69 124
52 115
60 95
142 56
68 134
105 115
47 141
145 66
55 105
135 128
73 139
141 128
30 118
133 69
138 89
39 124
13 106
33 147
19 84
149 125
4 88
134 67
49 121
147 50
107 115
7 144
3 142
141 81
142 49
143 6
65 145
114 135
10 61
147 63
55 103
12 122
138 103
37 95
20 105
52 101
3 51
63 91
21 36
132 83
28 118
4 127
30 123
40 131
23 35
133 45
39 111
25 37
75 90
90 130
143 116
144 47
140 89
148 56
83 103
131 46
45 101
81 131
51 130
102 122
33 105
20 91
7 101
11 117
91 96
11 103
15 115
62 63
53 91
96 133
95 132
52 147
34 149
28 102
15 123
77 115
44 99
70 116
9 130
93 115
30 47
56 82
91 133
6 124
94 133
14 102
10 107
135 31
65 73
22 103
35 62
8 95
42 66
61 116
14 83
89 96
83 104
148 21
136 82
25 32
73 117
79 128
138 120
145 77
4 5
51 102
147 126
33 111
86 108
81 136
1 55
25 86
26 81
135 97
80 89
69 129
134 62
88 138
12 143
26 72
8 32
13 136
20 149
20 74
149 93
27 81
61 63
110 146
147 30
100 119
58 139
0 137
80 117
1 78
91 149
86 133
142 99
142 101
32 86
132 117
17 38
73 104
26 35
9 22
13 30
93 132
60 117
149 62
135 91
130 45
53 125
132 13
100 122
134 85
8 102
50 60
68 124
125 133
133 25
12 26
73 79
81 110
18 82
28 113
21 123
32 61
15 141
4 24
9 26
140 141
47 115
132 103
64 117
113 130
16 81
7 102
112 133
90 104
139 45
32 91
137 70
32 112
70 85
2 37
101 126
40 77
23 137
90 103
134 107
131 77
130 32
90 122
39 137
29 114
63 64
140 25
61 141
14 75
21 65
137 88
39 70
133 148
46 87
22 70
41 63
81 126
139 120
1 100
54 80
60 66
134 72
143 128
25 31
35 89
102 138
56 64
39 149
128 145
9 41
62 64
144 91
129 145
31 100
99 144
37 38
35 146
74 87
26 148
35 74
45 93
5 147
48 53
31 109
71 96
76 134
1 65
17 137
149 29
146 59
4 107
42 126
20 116
132 64
148 2
31 66
21 66
147 64
75 121
28 40
89 109
5 109
142 26
41 57
37 58
28 50
90 91
125 137
21 135
39 91
17 124
53 129
132 81
54 59
39 52
32 33
26 109
76 143
28 78
148 3
84 85
111 137
82 83
138 125
27 45
61 90
143 127
64 71
12 44
23 129
10 127
68 78
1 127
62 116
48 67
29 41
6 50
97 129
139 100
135 103
72 81
103 129
28 64
138 25
2 5
2 46
145 123
73 102
33 71
47 53
11 33
146 121
80 148
89 122
118 145
50 64
133 104
93 106
16 64
33 97
39 44
144 106
136 92
103 124
30 65
51 76
144 97
2 101
13 103
111 146
143 17
33 92
119 127
143 134
51 128
31 116
146 3
148 118
74 104
11 46
138 98
39 47
18 94
38 128
16 23
27 58
142 42
59 61
86 148
131 23
96 101
10 86
143 71
20 89
135 109
33 46
58 126
4 37
127 148
58 96
142 111
99 141
135 89
137 26
94 128
57 78
85 143
61 143
94 113
44 125
94 112
131 1
68 88
51 122
100 120
75 77
139 40
138 118
67 73
145 11
26 46
18 121
17 123
137 99
131 124
21 46
132 116
142 7
50 120
148 100
16 42
21 119
134 142
138 108
54 77
2 18
62 139
90 133
55 110
140 115
46 73
51 133
12 134
93 108
25 67
25 60
26 121
4 95
49 119
135 43
0 49
97 142
31 128
137 78
94 129
47 128
13 38
79 80
73 123
72 86
48 89
129 134
45 111
24 128
60 73
137 80
136 145
18 112
83 112
67 93
147 97
144 119
53 128
7 23
11 130
4 125
87 134
95 136
131 20
75 139
119 126
7 26
95 148
77 122
133 23
50 63
149 3
124 149
31 142
142 98
131 65
45 89
74 92
84 134
134 119
49 50
61 75
50 70
100 128
123 124
134 80
37 55
43 67
45 71
82 108
33 65
74 77
137 37
7 39
26 30
92 108
53 73
2 87
8 14
42 89
33 106
38 108
133 77
10 58
57 137
2 133
91 111
122 137
92 96
146 102
149 115
30 132
2 63
9 104
79 93
115 126
19 113
29 63
119 130
19 83
78 90
79 109
23 43
8 129
29 115
111 119
141 52
38 61
93 111
83 95
44 59
51 63
95 100
134 24
111 138
18 38
52 134
13 77
145 74
137 116
132 32
149 30
25 36
68 106
2 10
93 97
47 114
77 143
55 122
132 74
72 137
11 78
26 133
53 124
75 127
141 130
3 106
70 110
27 106
149 126
85 122
134 92
40 43
144 65
68 105
140 72
130 0
2 85
22 122
31 110
15 79
78 118
56 75
81 94
29 98
40 128
118 132
146 47
10 41
42 112
135 93
15 83
46 97
62 100
4 17
5 102
0 51
132 34
20 56
35 117
26 36
135 40
38 45
18 126
21 141
4 58
74 107
48 118
148 102
128 140
31 115
59 120
31 57
39 56
1 104
57 121
106 147
148 113
57 129
66 115
34 53
1 119
48 113
39 105
131 47
44 62
44 118
9 58
29 130
72 145
139 132
51 142
134 110
27 100
136 59
14 146
