56 98
139 83
5 46
1 27
35 79
19 128
41 92
41 142
73 98
77 121
23 95
20 92
48 60
4 82
148 43
27 128
147 39
38 129
135 74
63 85
43 132
111 129
2 26
23 85
83 90
55 139
61 73
8 63
20 24
105 109
143 116
127 143
6 31
26 142
21 84
99 107
7 65
60 63
81 123
21 124
39 59
10 33
137 23
38 119
22 79
75 127
28 60
63 149
0 111
13 149
145 50
115 139
47 51
26 28
121 141
10 49
138 117
12 81
29 133
133 148
137 44
142 4
5 126
106 120
31 109
63 112
5 92
1 38
4 43
42 133
22 71
13 59
78 115
144 53
35 98
44 72
45 101
5 22
146 20
2 89
76 108
5 111
55 94
79 90
134 142
10 125
135 42
128 138
52 55
146 32
110 131
149 101
38 120
126 144
3 69
34 113
36 77
73 133
41 67
148 12
82 135
138 67
15 149
51 131
46 116
76 85
2 66
90 98
16 121
3 33
142 146
16 79
136 26
59 100
54 67
52 115
33 50
56 90
122 131
5 99
76 82
68 74
45 69
34 118
29 36
38 149
63 99
6 14
46 118
56 97
9 135
143 84
81 99
15 117
8 108
12 129
142 47
144 66
70 71
113 148
41 52
65 100
80 130
84 97
138 74
63 89
51 103
67 116
2 131
19 98
14 46
1 78
5 75
9 40
53 83
79 131
5 127
17 34
75 80
1 77
139 57
80 85
6 29
75 120
9 128
72 142
3 98
142 38
28 124
4 38
17 38
6 132
135 126
146 63
103 116
95 137
52 121
143 78
143 114
115 121
32 53
58 112
147 131
84 146
8 52
148 119
82 145
21 130
47 105
64 128
144 19
66 75
148 0
12 23
20 71
36 140
74 123
53 98
36 104
93 124
111 133
29 106
148 83
14 102
18 54
23 80
41 118
48 142
2 113
9 62
25 129
66 138
47 58
42 123
58 89
28 133
9 25
14 37
61 115
46 124
33 47
53 96
21 94
15 134
54 129
7 54
143 35
85 149
79 133
2 106
9 31
48 99
6 82
7 51
12 59
41 119
34 85
63 121
9 104
41 97
105 117
142 39
141 79
143 81
57 95
140 119
52 108
149 47
63 95
88 132
47 128
142 58
93 148
27 119
138 132
38 96
61 133
59 70
143 82
72 77
142 76
0 54
49 116
101 148
7 73
48 127
11 24
90 133
80 141
90 131
147 35
135 88
22 42
85 105
95 98
71 132
25 75
46 117
52 84
140 35
9 113
138 136
50 120
36 112
24 115
6 63
119 127
130 141
17 73
26 32
58 104
56 138
113 137
29 124
43 80
76 125
6 92
118 135
83 146
75 132
128 129
137 140
15 59
31 79
26 41
52 114
139 30
140 29
22 61
28 137
113 129
10 132
4 69
145 71
67 119
47 59
37 106
15 42
12 68
54 110
60 145
144 41
1 31
90 107
55 80
100 128
149 54
13 133
38 148
148 27
137 21
104 126
18 50
63 100
106 138
68 122
107 147
27 140
27 87
8 144
100 141
148 145
96 116
58 90
72 126
61 78
145 86
28 69
5 68
149 26
52 104
55 58
57 131
9 111
2 127
21 149
24 124
37 39
76 138
34 55
120 146
83 93
114 124
146 8
48 50
8 145
148 126
60 115
121 143
136 137
144 37
71 72
31 34
13 148
8 106
149 67
99 125
7 134
28 130
67 141
10 126
41 107
149 58
121 148
83 123
48 88
24 65
15 66
48 70
28 138
147 88
100 110
37 126
58 82
7 125
52 140
67 85
138 142
80 84
27 78
83 111
42 100
19 71
135 60
38 128
48 56
30 137
147 56
42 85
9 143
56 93
90 96
107 116
82 149
8 121
28 89
138 133
138 10
69 93
3 21
148 47
47 147
72 119
38 55
11 122
35 46
46 119
100 131
98 146
115 117
114 148
72 103
90 127
28 93
135 12
49 148
62 92
72 114
19 53
17 21
33 83
74 103
12 108
142 148
74 87
0 71
36 40
94 117
62 127
148 21
135 20
41 80
135 36
46 96
115 148
82 140
4 63
141 68
146 35
99 101
99 104
143 113
18 86
39 76
26 91
22 112
135 91
36 110
143 91
136 110
145 51
89 101
36 64
59 128
13 76
23 118
140 86
80 137
94 99
44 144
21 32
53 81
99 121
127 148
6 39
35 87
85 143
128 132
147 61
137 68
4 54
136 98
46 120
148 100
145 56
9 149
32 95
75 148
47 62
6 58
11 58
146 107
64 127
46 67
43 98
26 95
73 118
74 129
102 109
25 121
56 72
100 129
146 133
1 28
16 129
77 90
136 37
26 68
18 145
80 123
136 86
8 99
80 112
124 133
65 108
30 53
58 85
34 42
137 107
72 107
145 92
134 136
2 3
136 104
65 84
20 114
105 130
99 146
39 94
53 141
145 47
101 114
26 44
40 60
6 131
144 138
78 116
145 24
149 39
35 135
39 68
44 89
62 129
79 120
22 55
69 146
41 105
35 114
29 127
82 99
30 95
144 52
23 28
146 117
51 109
139 123
59 66
29 121
147 114
53 55
32 47
117 133
17 43
76 115
14 54
74 141
38 81
28 142
146 14
23 136
19 87
43 137
29 77
24 77
18 35
43 104
93 126
22 130
90 99
145 98
4 72
31 118
146 43
102 125
6 60
54 95
81 142
62 80
53 65
18 107
27 76
67 108
102 119
68 89
32 135
96 115
95 147
13 69
149 30
17 71
144 121
145 23
136 146
142 98
6 119
27 58
129 146
50 78
36 71
140 46
122 135
2 13
22 56
42 102
5 84
30 60
149 3
46 83
54 61
15 126
13 28
136 43
73 84
68 145
54 87
41 117
5 105
94 127
68 94
80 133
7 113
56 103
100 118
64 89
27 47
26 61
31 99
24 41
73 83
113 134
95 124
53 127
15 55
63 108
136 33
17 136
29 139
30 115
141 127
140 84
80 143
8 140
139 51
138 48
35 109
67 95
29 41
92 139
39 108
0 120
143 105
26 66
34 71
101 119
31 85
109 146
100 126
139 22
27 141
10 116
13 18
105 131
46 145
119 146
14 45
104 123
96 108
30 55
97 111
36 76
20 109
28 129
64 70
1 51
24 68
16 19
86 112
121 140
14 130
43 52
27 35
46 49
99 138
91 107
147 123
127 136
137 14
12 118
0 40
58 81
148 33
16 136
139 56
97 139
46 52
45 57
100 127
0 39
22 27
39 64
64 66
54 76
44 115
20 26
26 92
93 97
11 83
146 44
56 111
19 55
22 70
66 99
81 139
88 102
1 57
16 143
17 97
136 105
2 86
9 76
29 86
138 63
9 86
59 80
16 94
13 145
74 83
15 34
98 122
16 67
102 148
55 142
17 69
12 101
104 116
73 74
145 135
55 134
97 132
6 19
8 109
39 69
18 58
91 99
13 86
59 101
55 148
62 67
23 133
135 13
18 55
140 24
94 102
0 3
82 129
51 112
35 96
43 95
64 76
48 103
9 30
3 104
38 42
25 134
107 121
61 94
51 87
29 58
76 119
30 113
124 130
50 119
8 112
98 138
142 34
81 83
3 60
121 135
104 125
19 33
138 39
23 141
29 60
3 59
118 147
52 113
100 130
36 46
76 123
7 17
42 120
119 134
27 53
128 147
149 100
136 19
93 142
146 59
90 111
130 135
40 129
60 77
0 17
37 72
42 99
81 114
59 104
25 45
44 50
84 131
88 97
38 131
24 74
89 96
4 130
2 114
21 55
59 71
13 62
64 69
56 80
78 114
10 104
24 49
132 139
61 117
1 140
102 140
78 107
26 140
52 105
18 44
30 128
145 146
45 146
75 78
5 87
16 21
46 48
57 90
108 141
88 133
66 147
143 132
130 133
18 110
29 39
87 113
138 17
7 143
61 63
14 122
59 84
23 142
91 141
121 122
83 143
2 9
20 36
15 71
17 24
63 66
118 136
140 66
48 100
34 115
57 80
52 133
8 38
50 103
68 142
29 118
34 60
39 83
84 85
33 140
6 133
61 114
40 135
149 32
81 149
53 59
135 26
42 140
33 60
110 125
67 91
62 94
26 77
8 142
14 95
101 108
16 46
1 93
58 61
63 135
145 81
37 56
3 22
18 83
131 144
66 89
4 32
26 72
30 64
41 132
68 138
82 86
22 137
141 73
29 128
120 134
40 148
141 144
149 48
35 85
54 106
63 76
138 19
135 39
20 137
20 77
138 26
82 136
148 10
120 129
86 92
36 124
37 38
54 94
79 109
0 57
136 11
39 112
143 76
70 95
2 104
82 113
11 125
44 133
27 64
84 111
21 45
50 69
136 50
45 53
139 18
25 78
76 113
43 99
142 6
17 101
69 77
25 81
53 89
139 111
65 128
139 116
29 93
31 113
140 41
54 90
56 126
14 66
10 83
148 108
80 136
139 120
96 105
35 55
92 97
43 66
6 43
7 101
83 141
12 63
82 93
29 100
98 126
145 138
22 26
17 121
135 69
96 130
7 57
2 101
3 18
44 112
62 111
35 74
149 65
100 139
55 136
11 84
30 132
1 32
25 70
84 91
147 8
2 60
1 95
134 145
13 21
55 98
94 114
33 101
37 52
144 28
15 81
27 108
37 87
68 129
125 134
24 91
56 84
57 148
117 147
117 118
109 110
84 115
4 15
2 41
79 100
49 94
4 139
40 121
20 125
50 100
80 99
33 121
18 49
38 40
51 57
76 97
13 83
79 86
59 111
55 131
27 112
138 58
67 69
98 104
78 108
134 146
80 113
141 56
144 99
17 120
80 82
39 71
47 118
103 136
147 5
148 61
0 72
49 118
142 46
92 116
49 75
76 84
146 77
10 142
103 123
4 87
36 129
28 108
59 61
20 83
27 131
148 132
108 142
29 72
142 103
70 76
14 21
17 77
141 85
58 111
30 111
22 93
37 95
135 34
136 77
10 48
31 105
29 142
13 81
147 20
50 84
146 17
29 40
5 77
51 121
36 96
97 102
138 88
34 38
21 46
16 88
146 100
58 100
55 118
20 41
11 143
48 85
147 64
31 107
17 60
44 132
57 73
13 15
0 134
65 91
15 98
43 49
46 51
26 79
149 52
24 131
8 71
99 108
45 62
43 122
66 88
13 42
15 63
7 8
129 148
11 49
0 101
144 56
39 122
20 144
94 134
10 90
72 104
75 89
96 144
99 129
138 122
22 111
63 115
110 129
37 63
112 114
85 110
96 118
27 89
124 145
86 88
4 105
13 143
68 84
10 61
55 72
16 122
137 92
8 27
59 123
38 45
120 125
144 48
94 145
117 135
27 146
107 120
138 16
65 126
46 62
56 86
9 69
75 81
13 121
77 81
135 109
143 34
57 94
149 49
1 129
80 89
16 36
146 116
59 114
47 124
23 57
40 98
40 61
135 49
45 63
10 145
107 114
64 118
3 53
48 122
35 144
41 120
87 123
141 57
140 78
9 85
148 69
147 71
42 48
14 43
53 107
37 68
55 65
18 129
6 33
136 135
97 148
120 136
4 84
149 46
142 19
64 134
9 133
30 68
53 103
72 88
24 90
54 92
80 104
22 123
18 123
25 56
69 145
17 57
56 61
27 135
70 132
108 134
135 120
1 133
138 126
1 125
89 136
32 103
52 119
22 33
125 141
61 97
4 71
22 90
118 124
14 29
26 100
82 127
34 41
10 100
23 43
139 62
39 120
42 132
145 19
56 149
106 128
85 89
149 117
144 80
1 124
8 25
113 115
145 39
64 78
52 73
32 100
34 91
50 147
60 137
130 138
2 118
10 65
29 59
12 78
53 123
13 49
43 143
103 132
40 122
52 143
89 104
3 140
112 120
148 139
62 120
57 92
37 145
32 81
19 94
39 91
149 36
30 41
2 85
0 78
47 116
28 85
73 92
141 64
89 135
141 135
146 39
98 123
55 96
24 34
99 109
135 3
25 76
64 102
65 81
138 32
137 45
13 89
22 46
47 129
15 18
125 142
0 124
70 111
30 47
51 136
141 24
16 39
6 135
112 137
147 134
41 46
62 119
74 98
36 117
24 107
141 59
36 133
76 130
96 132
46 128
139 38
7 75
83 132
47 93
97 112
76 147
148 111
75 119
32 106
29 62
149 25
39 47
135 16
46 139
148 82
92 135
10 34
101 137
139 76
51 147
0 145
53 111
144 29
0 112
74 120
114 140
11 27
4 134
111 144
114 131
149 137
40 134
25 92
17 114
35 111
77 105
84 125
11 23
39 102
51 116
107 117
13 71
85 97
77 114
0 48
31 134
93 122
57 140
100 104
15 23
8 32
61 95
68 83
64 103
53 69
10 122
17 98
47 52
28 36
110 126
70 121
26 134
80 146
65 82
35 73
81 110
70 91
7 126
38 80
65 124
6 87
17 89
13 146
21 83
5 35
10 23
29 68
9 125
34 66
56 127
141 4
36 146
54 70
31 121
21 116
8 37
51 129
28 68
30 148
26 107
14 32
4 12
14 123
7 121
51 82
93 125
107 118
18 106
17 94
137 82
10 68
41 58
11 17
50 55
138 149
142 31
147 73
15 64
44 105
33 87
17 61
121 129
100 144
143 77
73 131
30 67
98 100
4 85
143 94
42 136
37 98
135 128
22 100
56 85
97 119
79 113
83 97
144 13
88 149
15 82
77 79
34 65
1 74
145 103
8 41
137 133
91 98
42 149
126 130
16 105
16 132
51 73
21 34
123 137
137 8
34 57
66 134
23 84
49 126
139 12
85 119
95 145
34 61
49 58
4 118
138 134
39 139
144 69
94 136
26 87
21 118
20 39
7 130
137 11
111 120
67 114
7 100
1 82
43 133
36 91
145 5
140 96
16 102
28 119
141 72
31 78
144 76
14 50
54 144
46 50
139 84
135 75
6 85
1 60
83 102
98 117
6 91
4 107
81 116
148 88
21 93
78 135
146 90
33 124
112 132
21 63
4 137
11 130
122 143
34 98
68 123
45 97
2 79
59 62
41 143
145 59
53 68
87 138
113 138
3 113
19 29
3 97
48 73
66 142
72 97
66 86
106 133
11 52
140 47
105 113
4 8
14 61
33 132
22 32
71 94
71 84
31 132
119 138
21 90
58 76
145 105
84 128
113 116
8 24
18 140
88 141
17 22
5 103
36 141
140 73
15 122
140 94
146 91
115 132
59 72
27 63
99 103
4 47
74 146
116 144
142 99
22 54
7 124
22 122
5 138
0 27
39 55
62 116
142 9
68 106
29 104
148 48
3 35
80 122
72 115
2 73
92 126
87 116
66 145
29 67
57 69
31 117
113 117
42 52
49 93
13 147
111 117
147 59
68 116
8 46
149 51
41 91
70 87
60 65
2 98
147 30
70 126
40 42
59 88
87 108
0 146
3 125
96 100
16 81
66 148
51 100
84 134
78 144
31 36
75 95
142 83
74 91
143 65
52 81
38 54
32 70
95 97
149 105
41 128
95 107
142 97
49 112
17 46
38 41
9 73
34 96
5 9
138 8
107 140
140 98
92 123
52 88
75 87
64 100
143 138
32 128
110 116
11 138
71 144
30 59
38 114
113 135
61 110
101 126
20 89
20 47
8 21
123 141
18 24
7 55
36 53
37 127
57 149
63 91
47 74
51 61
36 72
6 143
6 34
4 51
77 99
143 126
25 98
6 7
141 93
145 141
19 121
43 108
45 98
1 33
147 112
44 81
12 95
102 149
146 18
82 91
87 107
139 6
14 49
142 42
43 46
24 147
141 119
9 88
117 132
139 37
27 67
148 135
23 147
56 102
12 115
9 64
28 47
4 20
22 24
56 146
17 118
102 117
47 141
16 148
38 44
26 40
25 148
35 45
136 1
141 62
148 80
19 146
48 101
7 106
111 146
48 113
136 56
145 1
27 33
104 127
63 126
89 133
20 100
102 126
6 110
26 102
70 77
30 46
136 41
17 64
91 95
42 81
4 44
122 128
48 77
92 96
40 72
92 113
145 79
26 45
39 123
51 120
141 101
105 138
105 132
36 56
17 108
23 139
3 102
46 130
62 107
54 89
4 74
50 82
70 92
8 134
25 37
33 135
61 149
12 31
103 137
28 148
74 128
36 128
71 143
6 68
49 137
2 54
67 137
137 41
137 70
146 61
67 68
22 58
8 81
137 40
55 60
69 71
76 110
30 100
20 32
6 94
138 37
68 90
13 109
13 51
108 143
27 52
15 95
96 109
143 47
136 2
108 124
144 114
50 113
35 80
21 24
124 132
149 110
141 92
54 128
103 140
0 149
25 128
94 135
145 14
120 149
1 9
4 60
149 126
11 139
53 61
14 148
11 46
46 97
60 124
1 147
70 113
61 101
48 115
140 80
60 89
140 14
91 123
23 79
49 121
142 100
87 127
29 145
41 60
36 119
32 72
55 71
116 137
55 145
100 134
51 148
31 73
27 134
117 122
149 72
5 34
142 105
32 112
0 41
143 20
138 72
24 37
3 31
79 114
81 119
92 127
145 54
30 84
24 118
88 99
99 123
9 33
138 90
139 15
55 138
149 14
145 77
48 133
85 86
137 15
31 128
37 103
34 94
46 69
144 7
8 12
19 42
11 103
77 80
24 108
65 140
144 102
56 114
63 128
14 22
84 102
4 126
38 77
54 63
40 84
149 19
89 91
76 107
7 66
86 104
51 110
140 83
70 139
11 132
27 127
21 126
19 106
30 71
148 65
140 76
97 130
95 148
77 104
4 56
6 75
2 124
39 63
27 111
147 125
143 64
40 143
78 97
86 117
110 144
50 124
50 111
146 31
12 145
20 66
19 54
7 76
54 85
106 129
34 36
129 149
64 97
37 102
32 58
81 102
65 112
107 112
25 109
25 55
144 43
20 95
77 78
71 115
34 68
47 106
34 47
121 149
0 65
36 98
10 43
89 109
147 137
41 102
48 126
137 106
41 89
22 50
19 102
32 36
87 136
102 107
5 120
91 117
56 69
19 117
3 65
28 95
143 106
146 113
16 38
15 76
73 88
49 140
14 78
139 125
23 83
14 112
17 26
3 84
16 42
21 64
43 78
111 147
54 146
28 31
51 65
4 81
88 122
110 130
128 144
52 92
19 86
94 128
53 108
61 80
49 144
72 78
16 56
101 136
28 45
137 71
127 131
54 124
29 147
147 48
94 142
6 50
22 82
81 115
29 51
25 107
12 89
25 122
123 131
52 107
22 145
27 113
147 69
36 47
137 19
88 115
142 12
23 128
18 41
45 114
1 100
22 31
22 132
143 134
137 25
50 90
30 52
43 44
31 101
18 90
15 75
12 69
67 80
119 137
17 50
140 77
24 121
76 94
40 83
33 65
71 148
15 86
139 58
37 131
74 108
66 85
100 117
111 116
146 16
12 75
130 139
147 54
97 114
63 101
146 128
76 92
49 127
51 119
71 83
135 140
94 113
21 139
17 96
75 103
58 141
23 45
13 102
122 132
55 62
103 122
37 109
18 112
139 141
75 97
71 127
58 84
16 118
137 93
17 84
142 149
84 147
18 98
127 130
44 126
70 106
9 121
37 55
51 114
105 126
44 59
6 147
8 14
67 142
11 28
108 131
56 117
61 70
142 141
45 90
59 115
140 99
94 132
15 131
23 33
18 61
141 81
6 64
34 145
142 3
149 55
7 109
136 63
113 130
144 105
83 108
8 98
28 71
28 106
89 111
137 142
81 147
22 124
66 118
11 60
105 118
39 116
138 9
147 91
9 67
148 78
124 134
11 112
138 14
47 123
67 143
11 45
37 82
17 147
141 76
54 139
93 132
4 148
39 136
3 68
25 39
26 48
76 96
104 137
148 67
12 146
43 79
149 12
17 131
89 148
49 124
140 12
13 108
78 81
2 58
4 36
21 48
7 37
77 103
135 43
40 65
44 77
30 80
6 81
62 110
21 131
50 77
8 49
53 72
2 48
106 136
46 133
97 149
20 127
56 89
31 64
70 143
126 146
19 25
34 111
34 78
72 121
22 87
11 119
59 124
19 97
56 113
28 107
145 115
136 70
136 62
53 126
72 148
49 115
43 63
37 97
55 146
57 124
77 132
48 116
49 146
69 78
147 44
121 125
10 107
50 63
28 136
51 56
107 130
76 121
33 125
7 64
62 124
15 88
59 138
60 107
6 52
36 130
12 25
145 62
147 90
12 28
20 132
139 108
25 136
91 142
22 91
75 99
79 106
145 76
44 127
102 133
8 58
111 142
31 115
64 75
140 53
1 39
17 85
28 42
34 132
72 136
14 57
123 132
137 69
15 105
123 129
17 44
91 136
88 130
142 45
2 55
69 76
4 62
2 115
39 113
14 98
17 149
140 120
143 130
0 69
105 115
144 147
15 50
134 140
24 146
53 56
3 78
10 50
60 142
43 67
40 115
10 99
143 37
41 55
147 94
10 39
82 128
45 48
23 125
32 60
142 102
55 103
7 114
35 136
62 86
91 92
89 106
90 129
29 137
8 70
13 27
39 43
135 66
46 90
122 134
54 82
84 93
21 120
66 70
149 78
5 97
37 60
46 70
7 78
138 100
126 147
35 119
28 96
9 23
119 130
62 70
101 134
33 52
133 143
3 119
9 114
98 110
37 44
41 79
2 44
142 143
140 148
65 125
146 108
105 137
144 142
126 141
2 68
36 41
29 80
74 126
93 102
25 43
39 143
82 97
45 122
140 37
12 141
63 80
71 129
20 43
68 131
13 85
0 89
83 86
9 148
138 34
68 72
15 68
50 109
99 137
65 69
1 122
94 98
140 130
40 67
28 109
56 91
28 125
135 124
98 111
47 104
1 75
117 142
22 147
28 67
40 92
136 144
142 119
83 98
144 134
46 61
49 138
43 75
47 55
82 115
77 110
113 123
68 70
28 118
119 136
4 135
137 73
108 112
138 44
84 127
7 13
146 60
37 71
55 69
0 141
1 120
48 93
32 133
138 57
9 99
138 109
57 136
34 95
57 130
8 54
27 29
135 104
144 61
35 103
18 132
50 61
20 94
22 109
55 128
66 97
9 77
147 0
144 23
46 125
88 136
141 102
99 102
26 38
88 143
47 65
144 45
64 65
11 140
33 72
72 101
64 99
137 108
19 103
142 62
99 110
54 62
142 129
123 124
144 83
142 116
17 63
47 114
136 46
0 5
29 105
44 109
17 76
62 78
136 74
148 42
110 127
124 146
69 143
38 50
44 64
113 136
8 83
78 113
86 135
