137 218
63 189
251 267
276 121
45 286
85 230
286 279
31 198
48 288
143 198
30 138
191 290
108 128
238 121
225 62
99 223
220 279
228 105
265 222
98 166
93 119
206 23
26 84
29 255
289 2
29 249
288 195
83 252
135 299
119 151
76 299
278 58
292 181
79 256
14 57
263 106
119 264
210 25
78 284
217 191
116 265
226 138
173 219
203 74
98 116
89 99
215 15
36 214
20 86
279 51
42 271
23 83
271 127
264 121
280 178
51 286
23 296
271 88
31 257
206 170
274 149
0 108
277 177
29 37
52 181
113 143
95 288
256 67
144 228
51 71
29 252
30 72
250 259
151 250
4 41
32 46
94 215
257 142
27 151
237 281
75 81
228 127
0 27
41 137
37 119
220 21
133 270
57 156
66 171
241 167
233 240
0 25
245 144
282 151
58 182
137 147
53 108
223 127
48 251
151 231
76 127
200 295
43 78
207 16
200 144
180 259
234 124
43 257
203 80
278 66
240 98
2 60
234 91
21 182
263 43
49 289
144 155
36 83
104 176
47 234
162 190
10 190
16 147
117 297
2 268
43 265
269 72
137 280
72 242
260 215
95 155
33 224
138 177
204 10
39 205
23 257
216 198
249 185
4 212
100 201
280 135
219 152
169 279
202 67
230 109
187 224
174 243
32 225
276 146
43 127
111 143
226 47
294 75
255 141
270 188
41 289
184 237
42 183
130 270
59 254
146 212
160 173
135 239
281 83
204 262
150 292
205 231
43 259
205 62
62 125
74 112
178 187
49 151
147 236
261 29
101 135
284 115
68 100
1 69
219 189
278 72
240 27
152 245
8 40
196 221
101 152
251 287
80 149
2 269
234 98
285 33
128 260
262 26
2 35
213 215
194 278
259 189
216 22
202 66
74 77
3 107
239 285
288 55
27 197
84 215
47 298
76 146
226 115
18 215
237 93
175 284
285 281
49 55
83 151
138 152
116 129
21 129
205 81
38 114
104 166
101 218
212 44
258 21
25 115
17 219
263 298
163 238
218 157
100 119
96 99
36 119
205 197
224 66
114 225
20 67
119 166
220 26
208 2
125 158
46 204
168 246
249 86
101 103
56 111
108 259
212 150
138 214
264 98
128 271
84 198
275 14
75 131
53 54
281 82
297 107
289 58
138 267
244 92
75 142
70 187
31 285
47 177
94 164
32 186
275 178
269 167
69 215
40 60
108 182
50 213
34 197
80 225
222 210
40 111
250 280
227 73
22 184
28 191
214 2
107 122
291 181
89 106
41 174
221 158
82 287
268 25
298 78
124 177
283 74
288 250
0 157
15 54
134 290
132 220
237 24
125 280
9 79
242 194
48 211
292 166
77 192
114 161
245 244
212 270
119 126
269 28
186 278
89 201
275 174
283 205
253 52
238 274
243 10
279 3
136 194
23 38
212 24
12 55
258 279
99 216
220 62
219 211
191 197
10 119
48 234
114 252
234 15
289 153
87 288
55 215
227 79
272 290
227 144
248 165
169 243
25 128
68 254
290 167
104 192
285 107
3 273
242 117
160 211
158 160
241 70
232 191
153 262
241 48
245 171
51 269
237 229
34 255
279 194
240 18
4 160
210 4
279 280
271 37
11 281
36 179
291 24
161 217
54 87
201 57
207 281
84 126
143 213
160 276
208 156
49 58
126 271
259 13
258 215
101 136
219 73
195 221
99 229
65 137
290 260
120 279
56 139
11 243
253 102
239 122
253 28
158 290
113 114
142 220
260 47
37 259
37 127
39 73
239 266
224 10
42 205
228 95
208 223
29 269
285 22
120 158
232 199
18 252
174 273
123 173
237 135
90 228
0 210
31 103
38 158
38 205
72 275
35 264
87 135
162 233
232 44
277 156
253 271
226 222
15 28
16 44
10 211
63 181
294 250
290 93
205 82
59 142
24 62
225 117
128 150
7 104
41 120
263 13
254 224
202 128
230 17
1 43
14 156
185 284
210 280
19 179
77 245
11 251
117 167
38 97
269 87
110 119
210 192
127 133
218 176
219 196
91 112
70 199
180 256
222 137
3 143
188 227
109 262
127 156
37 182
239 19
223 9
47 54
230 84
77 233
30 149
283 93
284 262
5 189
227 160
139 164
221 83
33 56
133 246
151 182
248 252
63 239
220 165
219 69
178 269
54 105
73 273
242 249
279 53
6 72
38 41
214 247
273 40
99 265
124 215
5 92
72 292
267 86
63 194
99 192
204 121
262 178
215 12
231 73
118 265
62 171
286 153
118 199
139 158
39 203
76 129
250 98
181 298
284 291
293 149
46 198
217 104
241 69
243 212
36 144
252 133
111 297
20 120
281 12
67 209
25 142
175 269
31 72
145 285
265 126
293 60
115 178
234 43
32 164
145 202
96 248
292 165
297 146
25 42
4 167
139 199
69 226
91 299
223 84
226 225
95 182
200 178
250 143
233 66
56 190
288 194
128 182
153 182
171 244
52 217
272 142
39 47
79 228
277 171
99 219
54 142
95 186
237 201
82 111
295 79
20 274
93 98
142 189
297 202
224 87
225 4
17 140
134 296
220 69
220 294
93 132
211 108
229 167
54 85
20 83
59 98
194 237
202 36
252 256
63 230
222 127
91 120
49 174
34 51
45 273
218 147
286 93
292 287
244 299
139 252
254 131
238 119
6 197
263 144
107 289
27 224
234 102
34 213
68 247
97 165
198 294
245 68
149 150
20 116
190 283
66 154
154 266
202 20
110 280
16 151
209 251
21 147
192 225
270 59
112 121
21 241
41 180
10 47
220 197
96 119
288 35
293 88
114 248
121 260
256 49
265 27
32 206
277 91
4 274
9 124
98 270
28 223
245 150
114 133
265 24
56 164
59 299
253 299
202 174
147 298
225 299
11 208
272 49
182 229
196 197
261 40
172 180
53 172
199 250
200 240
51 180
235 79
54 186
100 271
94 268
83 107
32 89
234 182
23 125
43 266
80 216
185 195
111 205
15 90
163 190
231 257
291 82
288 1
105 263
146 195
13 31
55 142
293 157
46 221
217 273
212 249
11 138
113 285
232 174
273 237
33 138
222 16
32 151
269 231
11 158
261 135
124 185
61 178
209 297
153 188
235 163
279 230
268 147
24 192
245 103
238 92
155 255
233 167
109 133
52 102
86 192
97 123
55 115
215 85
251 188
192 246
244 234
89 182
85 115
33 69
13 103
204 17
53 140
215 48
28 215
251 164
15 179
84 292
82 167
68 287
58 121
127 267
54 238
236 92
41 187
65 281
225 146
239 4
241 132
256 211
59 146
248 169
280 14
53 167
133 256
205 188
291 197
271 75
195 238
79 169
149 295
7 280
263 212
5 108
11 70
235 190
144 248
264 175
27 115
71 132
121 277
257 48
207 76
64 146
30 295
224 98
262 21
127 132
231 266
223 61
193 195
0 55
47 59
16 132
42 93
40 158
202 99
165 186
77 78
271 90
49 267
54 163
274 194
127 259
298 74
69 271
229 1
171 246
30 116
84 260
229 28
207 226
90 174
140 170
57 131
219 113
289 83
75 158
211 234
278 103
283 145
1 298
275 197
30 53
288 25
235 170
246 132
190 261
3 64
298 223
27 257
74 154
91 185
14 129
293 67
163 192
153 284
262 216
246 87
63 271
59 109
275 35
108 233
73 228
17 199
233 9
12 20
209 121
242 102
24 36
8 24
57 157
12 117
138 160
298 81
39 77
41 283
295 121
83 149
214 131
23 66
247 145
115 133
38 260
249 298
234 79
91 93
169 290
251 119
53 229
110 156
262 4
266 286
110 263
8 43
190 249
87 110
212 184
76 292
231 146
286 178
125 178
11 220
150 227
258 12
223 224
14 148
221 163
291 4
121 290
213 100
114 280
208 42
285 9
89 241
5 157
258 33
278 133
109 239
155 265
257 167
284 248
215 140
189 271
103 203
209 287
5 166
124 289
297 45
35 113
76 139
265 29
63 176
140 247
6 61
197 293
111 129
279 23
58 134
289 284
29 195
261 167
27 71
139 177
122 188
93 195
25 100
47 165
257 129
227 181
128 132
255 72
130 229
206 28
257 298
140 188
287 87
215 128
30 84
229 152
31 122
49 112
45 274
96 216
44 234
228 253
257 127
264 11
136 252
85 122
247 122
252 55
55 173
263 280
163 229
149 257
135 231
116 175
62 177
49 51
19 278
250 114
15 230
166 218
58 241
231 50
159 262
254 21
229 176
98 163
50 189
18 130
7 13
27 211
82 246
125 253
166 284
298 87
223 228
207 198
283 162
83 139
103 167
11 123
51 172
280 124
30 241
19 104
24 173
224 157
36 209
265 289
76 190
238 79
18 34
227 172
229 178
111 183
69 87
248 274
123 171
48 202
287 36
123 184
33 137
241 43
191 266
21 192
216 145
54 146
257 125
55 267
22 263
201 220
87 239
201 133
7 117
116 243
270 120
72 236
144 256
26 219
230 18
132 191
91 103
40 112
97 253
32 282
228 191
196 298
209 14
190 202
68 89
207 39
284 15
142 294
221 250
71 138
10 84
88 156
99 270
50 66
281 152
240 84
31 78
245 32
19 220
280 170
190 248
213 162
58 139
62 151
211 43
243 207
297 120
126 146
242 135
202 84
104 160
111 254
289 43
139 239
188 195
111 123
234 138
40 256
291 180
271 298
272 117
31 191
37 229
150 223
104 129
59 192
12 89
205 45
86 220
188 197
242 133
157 193
206 65
113 185
78 113
216 226
251 156
286 55
140 165
59 258
13 271
101 131
59 81
169 191
292 179
224 143
295 194
276 117
73 234
257 165
37 124
239 91
187 252
23 141
93 228
31 277
155 211
177 214
56 117
264 227
161 191
233 132
202 148
216 32
1 71
77 283
39 141
185 299
263 55
272 98
1 124
269 101
206 99
212 96
170 192
43 297
163 281
198 228
279 262
295 144
286 174
15 129
75 226
228 153
120 135
17 105
107 150
70 249
113 221
135 195
78 283
264 179
132 173
2 93
293 183
15 140
15 143
212 179
250 187
213 13
126 153
261 141
39 139
163 236
221 135
203 187
83 191
9 17
106 235
27 255
281 112
15 187
43 114
21 163
157 285
287 160
246 3
206 127
35 107
262 189
253 80
184 235
202 25
131 232
218 107
208 94
196 287
66 198
202 156
30 63
210 81
260 39
297 191
71 120
157 183
89 206
252 57
227 152
247 194
63 74
41 60
58 127
72 235
16 141
124 171
156 265
239 228
110 268
88 275
173 211
237 254
6 188
233 12
17 92
203 105
207 287
29 47
127 188
221 219
110 184
147 223
49 68
104 205
218 113
216 252
131 250
21 66
200 12
201 2
163 245
156 286
96 131
255 83
127 183
11 84
43 180
45 253
2 185
66 122
144 297
15 128
280 257
209 148
116 256
80 86
264 128
203 117
149 254
101 293
142 287
258 47
24 287
235 266
156 240
163 239
210 121
172 245
287 299
28 46
209 273
148 271
68 191
144 269
226 148
19 135
110 194
14 196
62 150
228 169
209 46
167 231
166 222
26 230
92 234
224 180
76 282
241 187
218 99
111 290
55 236
18 68
78 179
295 158
19 89
89 175
215 250
38 81
288 109
208 74
270 15
93 110
82 256
73 284
217 54
219 90
283 32
91 154
113 172
107 166
46 235
33 293
246 265
2 228
7 58
3 277
281 135
18 47
46 125
260 7
20 296
74 270
192 273
140 154
267 68
255 115
206 6
210 188
3 120
115 153
208 190
21 73
285 149
16 128
65 277
282 7
90 186
223 129
55 101
222 158
103 104
94 160
271 202
21 150
277 23
218 60
114 295
62 80
299 52
240 125
284 5
84 129
36 42
214 222
226 129
223 35
271 288
190 241
72 194
279 234
35 109
5 207
23 133
131 228
240 43
252 104
4 69
23 63
229 22
235 185
21 100
124 133
50 288
211 175
32 50
36 68
142 165
37 258
283 169
297 75
275 122
223 60
166 239
260 64
277 206
243 9
122 154
238 259
226 117
123 132
215 214
132 237
21 132
143 158
134 197
10 298
279 54
200 188
17 34
283 160
287 93
215 96
188 223
111 194
175 182
189 197
270 145
37 247
105 270
111 299
125 269
106 127
132 216
38 66
128 244
296 209
112 232
1 95
65 100
199 263
213 115
26 257
34 60
261 168
213 169
257 123
223 51
46 102
208 138
258 121
93 177
2 45
286 23
210 255
126 130
149 243
121 206
148 237
86 135
297 151
200 198
22 99
219 49
193 255
120 227
254 97
217 144
89 118
90 296
0 11
264 61
201 169
266 122
22 82
203 164
229 25
24 233
274 152
168 296
280 40
78 194
249 3
23 243
44 183
28 236
40 189
66 238
68 82
258 61
218 288
71 285
133 194
258 180
152 266
70 165
299 261
143 254
227 191
246 89
88 106
291 160
185 194
12 220
232 78
213 56
160 164
81 215
135 187
36 128
23 91
215 193
239 101
23 78
291 32
45 285
283 284
135 254
7 72
143 226
44 180
276 178
203 81
65 80
99 234
153 216
20 229
29 85
68 179
50 92
225 37
286 212
2 22
249 135
53 119
184 284
199 299
99 180
63 79
153 253
30 142
271 243
69 290
212 126
5 94
71 247
270 103
122 296
268 208
137 159
266 25
32 116
210 172
99 125
267 283
128 238
156 239
244 126
45 275
240 211
19 147
280 195
11 222
28 96
219 154
45 147
61 135
109 263
205 65
27 181
26 51
34 274
35 228
84 264
72 83
21 105
153 276
35 216
97 173
252 125
226 188
9 47
55 163
292 33
47 281
285 96
42 61
102 236
86 166
211 100
39 197
296 252
12 35
64 282
57 63
78 121
253 107
53 228
97 114
261 102
212 253
172 231
56 101
202 201
181 279
131 139
252 174
236 103
9 19
104 170
175 186
32 271
288 82
144 157
267 197
135 227
42 187
295 43
228 222
289 88
93 256
278 98
143 156
160 295
263 198
0 35
270 280
247 110
33 265
299 79
85 299
102 283
121 249
245 175
251 74
148 265
294 51
12 108
8 103
2 8
5 237
38 63
271 11
24 280
245 246
126 195
215 7
254 48
204 222
13 117
250 157
64 287
46 233
58 188
124 126
4 44
240 51
228 156
117 264
258 62
142 146
94 141
260 244
119 272
203 120
149 167
235 45
271 151
229 82
73 183
180 277
11 215
288 135
212 227
240 146
123 292
116 209
68 195
269 277
186 207
228 186
228 126
52 133
201 288
24 141
152 264
7 238
89 173
73 206
262 158
263 272
132 224
207 108
108 190
245 69
6 59
204 102
19 51
224 177
5 123
117 252
136 232
200 176
4 76
257 185
215 154
87 142
32 235
88 187
169 287
12 184
228 251
83 277
283 170
243 69
131 236
29 226
81 127
299 195
289 170
238 281
191 235
232 201
209 40
249 192
33 271
173 205
119 146
27 254
232 162
265 76
227 8
246 103
179 271
12 213
245 50
3 139
250 234
67 185
103 293
277 182
117 140
181 280
248 27
42 145
202 129
78 185
52 147
23 183
277 142
37 101
100 216
59 246
296 62
292 70
39 299
11 76
265 189
201 3
21 36
141 174
81 253
230 59
289 197
43 126
246 182
255 139
54 290
291 220
234 130
62 92
226 190
287 255
260 131
38 168
146 158
36 217
204 180
6 195
36 146
52 224
273 107
152 286
206 52
152 263
137 217
274 90
279 20
194 283
115 297
280 108
252 185
224 9
211 126
152 278
51 74
16 90
295 172
102 247
276 45
94 278
245 74
32 191
46 201
145 154
276 233
0 253
267 295
298 140
173 252
83 106
7 59
113 196
274 139
223 38
16 164
208 165
4 10
182 201
5 109
172 279
47 57
6 252
230 23
17 95
98 99
281 46
10 297
221 12
0 82
38 221
212 155
213 225
68 151
176 265
219 138
103 176
74 124
243 221
165 182
213 286
214 159
92 141
36 41
129 265
21 244
39 292
43 176
90 220
280 176
235 100
263 15
36 189
251 264
297 112
15 199
249 175
83 262
40 85
261 248
70 263
190 280
266 125
48 272
252 93
34 137
279 291
192 250
200 46
86 282
219 276
2 206
250 119
40 59
18 232
186 199
242 220
115 128
229 235
279 153
283 45
129 299
7 142
11 75
82 93
202 270
212 288
17 266
230 77
5 101
92 232
206 194
267 66
18 218
255 194
8 52
45 119
107 181
130 226
189 235
136 193
281 104
38 254
160 219
4 246
143 239
219 2
259 172
288 5
242 45
43 267
114 296
65 66
0 32
10 240
27 90
139 275
251 38
192 254
248 173
262 208
61 262
182 282
67 274
267 97
20 251
227 16
295 70
2 295
43 284
18 166
271 134
264 77
295 104
18 200
54 243
35 130
209 80
233 177
3 26
257 143
193 235
27 227
71 261
223 79
34 169
201 236
140 182
51 169
17 40
98 192
146 282
160 199
275 71
40 78
254 162
62 120
284 208
63 264
208 206
224 30
285 19
145 168
43 57
210 9
88 137
48 194
9 70
22 45
260 114
242 79
2 92
217 124
6 112
70 90
73 125
26 184
164 252
60 75
31 170
120 232
258 44
192 218
177 268
144 193
292 173
231 119
47 185
195 254
291 105
62 179
5 96
19 33
294 152
236 133
176 262
73 293
137 255
271 290
206 110
188 263
202 181
58 211
233 297
294 74
72 145
278 130
290 87
77 291
269 62
268 148
241 49
62 148
13 203
283 39
154 205
28 225
44 278
31 116
10 86
161 238
263 17
156 258
292 172
49 296
254 60
50 210
204 22
287 90
88 129
27 46
209 246
234 116
267 201
211 215
22 78
32 40
19 263
119 206
95 157
222 268
200 86
172 206
64 187
277 278
11 154
211 38
238 292
4 86
298 250
264 218
29 293
14 295
78 244
273 104
79 173
250 156
195 256
275 150
16 169
32 226
90 272
0 13
5 136
96 111
13 283
224 194
68 248
30 104
48 61
90 218
223 151
276 106
154 171
88 198
248 80
39 239
142 145
17 153
147 240
293 155
245 7
24 69
17 150
252 229
27 170
249 42
138 167
108 132
264 145
282 186
291 102
222 31
32 34
11 169
283 252
275 169
194 197
106 126
1 166
61 227
275 81
83 95
227 98
276 115
71 119
27 101
204 103
4 257
214 0
118 281
72 299
21 246
97 138
243 108
166 172
157 194
162 194
65 123
77 102
116 153
219 89
259 194
230 118
281 122
130 289
220 111
130 175
231 241
142 276
206 109
96 170
77 108
52 276
129 242
140 253
265 90
239 5
179 213
234 18
273 188
65 159
251 262
11 93
37 102
172 217
270 238
90 121
186 198
135 166
289 243
53 159
91 191
299 78
247 100
120 192
52 101
1 112
264 172
295 159
275 27
164 256
19 166
22 120
68 150
83 117
57 268
103 194
233 54
27 209
258 86
16 85
69 198
235 283
174 181
177 249
68 282
27 60
155 174
116 147
15 113
62 203
283 191
64 216
19 46
165 195
103 175
30 166
60 289
54 284
137 213
102 121
276 226
249 144
244 45
235 0
30 90
83 208
219 191
13 272
102 259
267 239
213 134
62 88
21 70
79 133
244 127
249 290
214 150
276 227
276 59
268 77
197 226
20 238
246 284
1 3
277 131
204 98
136 288
265 281
2 107
217 19
1 47
226 204
234 131
74 114
91 151
0 222
290 118
4 298
73 268
63 270
271 57
61 138
268 49
194 281
239 80
245 22
245 254
153 165
57 298
84 148
75 137
110 165
169 241
256 7
263 190
174 225
293 150
252 23
256 29
265 74
56 166
20 183
15 44
44 163
42 155
238 125
81 213
69 284
282 5
290 296
29 194
98 181
158 218
261 143
266 155
211 132
239 292
189 203
10 262
264 79
237 79
29 274
6 204
54 131
254 119
271 236
288 175
258 125
91 156
203 176
13 174
275 0
19 253
3 93
283 23
277 284
42 106
286 168
251 131
12 261
112 296
243 7
234 60
6 219
77 133
61 145
84 112
258 68
139 291
169 177
263 99
4 65
11 213
271 251
297 273
284 117
210 54
260 173
201 112
206 80
279 124
113 211
92 282
26 228
248 90
296 56
77 84
101 241
202 31
103 216
271 283
166 295
30 68
109 141
142 252
233 121
5 93
201 21
119 129
158 164
219 254
246 29
28 156
211 185
121 200
233 148
255 1
58 209
135 167
45 287
142 203
264 56
67 283
142 155
42 87
38 272
65 170
211 36
294 235
259 151
3 38
176 279
202 169
69 291
113 128
73 176
217 29
246 88
97 135
217 1
63 137
62 161
78 214
260 11
287 298
1 49
228 252
265 125
276 49
272 75
107 134
36 148
223 56
23 137
12 25
95 209
20 284
30 280
35 47
82 244
252 222
273 96
170 237
125 130
220 188
273 269
72 79
259 298
156 185
31 95
212 113
266 0
194 272
7 244
226 44
36 280
30 56
0 150
78 95
148 262
64 274
90 267
52 67
241 12
221 57
157 278
134 215
8 269
85 195
66 213
243 295
51 112
278 3
253 172
238 129
135 273
171 227
260 57
68 153
288 127
167 296
233 153
241 15
286 33
154 264
81 232
261 61
231 186
255 25
55 246
104 229
217 285
203 113
42 65
146 233
205 52
107 140
232 278
127 179
206 29
296 65
237 239
170 231
213 93
30 157
206 45
250 186
112 162
44 101
30 174
193 205
252 105
260 77
46 50
100 165
69 186
119 295
24 143
273 171
3 67
161 299
226 284
138 195
253 101
218 57
35 102
217 67
86 226
60 236
229 118
296 40
26 78
145 256
244 130
79 127
184 288
236 56
237 14
224 159
287 195
149 273
21 63
12 46
32 222
209 188
256 80
151 277
66 102
36 160
164 249
89 113
296 59
156 259
113 124
240 69
223 131
241 136
249 154
25 56
201 154
120 152
135 175
107 272
273 130
72 122
242 141
1 78
273 13
169 178
90 213
204 37
24 232
296 35
153 267
115 241
83 160
257 110
11 207
250 61
216 200
163 232
54 70
91 235
33 100
273 213
8 109
65 142
15 159
6 280
8 74
258 55
94 191
35 229
232 138
299 257
49 62
158 241
212 193
213 2
67 258
165 241
256 161
275 295
68 162
290 56
247 168
275 152
129 141
181 276
34 216
214 45
202 100
226 232
297 245
293 7
22 90
111 188
289 290
37 139
222 217
205 47
284 158
246 179
2 64
216 244
257 285
35 60
294 145
242 14
4 80
16 116
235 95
269 148
272 254
215 123
12 88
141 216
11 209
220 109
78 216
250 122
192 265
129 167
255 151
201 10
224 80
35 42
268 298
70 208
123 149
23 93
31 248
219 131
142 283
72 156
31 64
234 176
23 145
16 190
95 231
8 19
258 238
293 235
282 122
71 159
91 131
60 166
290 199
217 149
237 41
282 268
66 169
250 123
213 1
258 28
80 171
204 111
241 113
5 168
278 171
227 31
1 146
92 204
147 276
224 123
236 118
69 224
3 150
14 108
71 177
247 55
37 112
88 230
295 25
129 231
54 189
250 7
269 22
109 226
47 115
41 177
294 64
53 189
131 198
48 145
215 130
198 236
262 31
96 257
16 233
19 133
0 99
174 227
160 249
247 199
9 271
143 196
169 194
158 279
242 58
236 199
58 94
259 255
20 82
263 139
2 36
108 175
62 174
63 242
10 122
77 112
245 134
134 256
93 150
23 162
257 179
76 137
81 238
231 34
22 34
75 129
15 106
249 287
280 165
247 36
63 258
175 278
17 235
239 211
28 220
36 121
292 99
235 74
33 101
44 72
39 217
81 181
200 37
60 80
250 42
234 126
99 150
189 220
42 295
223 269
77 138
222 156
154 258
235 256
49 89
202 60
9 13
92 125
166 214
111 139
228 179
289 55
61 185
206 211
224 19
5 250
16 87
66 248
86 232
226 110
118 169
273 293
139 154
271 40
192 247
240 82
95 164
184 287
135 278
171 284
15 296
138 198
54 115
1 230
31 119
297 210
202 293
76 85
248 111
45 117
138 174
215 118
206 166
284 3
32 78
190 264
159 251
229 18
247 93
41 48
50 278
223 142
226 246
268 133
100 193
19 68
153 250
298 29
115 130
116 177
165 256
100 236
35 45
112 115
72 241
192 216
281 21
107 130
292 55
126 251
272 40
67 212
161 236
101 197
274 105
20 101
204 114
202 138
41 125
272 111
99 145
183 253
233 194
112 234
135 275
121 153
53 161
272 66
245 46
169 199
98 125
70 136
110 160
219 72
120 289
244 268
56 112
276 37
238 26
86 128
251 191
206 123
221 218
175 208
248 282
109 221
267 212
174 191
136 164
94 110
152 173
65 110
275 164
193 299
263 279
57 244
55 196
104 135
217 182
269 25
99 190
247 289
81 107
113 169
46 75
33 238
62 64
245 271
36 272
242 147
196 262
79 271
67 183
203 78
240 47
144 162
208 170
23 57
38 110
133 193
8 167
82 172
208 189
281 128
48 266
248 6
189 238
63 108
157 170
56 186
282 43
133 285
154 274
71 164
231 29
92 148
25 208
100 269
242 176
183 197
269 187
159 287
242 3
239 149
276 145
154 177
44 289
79 208
6 23
202 291
263 95
9 288
250 82
134 218
291 231
258 51
46 190
153 263
204 31
249 36
219 118
252 79
89 116
261 181
58 100
7 25
0 224
287 72
33 80
221 234
142 207
51 148
137 185
242 91
222 88
202 111
259 81
82 181
8 211
184 279
23 241
254 157
58 80
179 218
58 257
33 234
275 106
76 229
271 235
240 72
275 97
39 90
143 214
70 99
204 173
133 205
197 285
201 55
8 244
286 101
291 100
216 167
191 196
285 70
32 265
248 205
233 79
117 254
3 260
238 24
219 45
220 154
240 35
164 229
210 16
54 71
202 125
266 103
72 232
81 282
134 238
281 173
108 232
201 83
223 50
72 171
235 132
256 5
2 244
41 117
268 85
175 185
206 49
259 128
20 145
241 212
116 183
42 75
61 263
2 254
97 137
134 248
238 106
13 96
24 160
87 192
56 62
166 287
30 209
260 127
17 135
122 134
250 197
125 192
31 96
137 239
273 4
19 124
19 99
14 163
96 122
116 271
219 127
20 89
255 183
43 254
155 156
200 154
61 106
35 83
275 100
259 134
48 283
24 216
18 76
287 94
225 17
297 284
227 104
106 168
126 183
67 80
247 123
28 217
227 298
145 281
22 290
18 210
30 195
83 254
257 9
3 134
189 234
34 136
275 109
132 253
120 174
254 212
253 134
241 178
0 100
182 252
213 298
276 113
259 168
3 135
24 121
175 290
81 148
148 214
75 241
201 82
142 147
98 186
32 69
205 186
51 192
129 220
252 279
84 186
274 137
53 134
251 187
245 139
82 171
132 266
2 103
117 132
282 129
99 140
16 166
245 94
202 106
203 152
63 183
144 183
281 108
28 65
271 212
236 112
60 230
39 204
56 135
261 33
243 26
219 195
31 109
272 192
135 277
15 70
49 286
37 177
123 191
145 252
295 60
292 53
271 55
109 175
67 76
61 73
8 142
56 216
190 237
279 30
20 256
196 235
221 198
239 179
162 178
261 39
21 85
48 77
37 97
259 65
98 177
280 12
50 270
34 177
281 102
234 46
44 294
161 237
198 235
89 281
177 213
280 17
161 234
240 115
4 146
155 276
292 197
258 195
237 26
41 276
207 187
58 197
250 17
222 84
257 276
6 257
99 105
83 278
221 170
240 272
0 14
44 229
147 203
95 268
201 87
125 173
286 183
50 172
279 144
218 277
98 145
259 11
215 30
43 168
164 238
15 163
60 233
74 130
0 72
45 102
248 106
130 202
148 171
23 94
95 214
55 188
150 228
269 65
239 11
249 250
209 76
282 125
211 1
181 249
274 85
107 234
92 273
26 223
114 193
266 46
63 243
3 264
278 74
218 253
114 189
265 218
201 48
67 299
240 59
275 77
38 198
240 199
271 92
294 94
147 263
99 198
71 192
131 153
54 241
202 251
247 101
261 170
261 150
144 165
237 67
184 221
147 179
282 192
258 73
49 214
224 104
296 224
101 243
121 148
12 149
30 288
120 157
143 278
227 250
234 45
28 298
204 28
167 280
85 137
128 251
214 116
65 127
216 243
292 25
41 97
148 154
273 10
82 198
75 127
85 221
290 109
134 279
63 249
16 266
282 231
53 278
212 156
146 283
46 227
4 130
298 41
200 95
274 268
227 268
247 159
125 290
39 224
267 119
225 123
266 3
74 131
51 146
204 35
30 181
74 181
60 212
236 65
207 109
53 220
116 203
162 184
224 170
53 154
106 161
89 276
16 56
82 115
61 100
19 289
113 223
200 268
58 138
297 36
118 211
34 139
89 191
200 75
158 212
262 124
230 135
243 141
20 178
135 168
299 101
248 115
70 189
245 26
279 140
59 78
208 257
79 202
228 50
26 294
35 110
278 200
267 261
31 145
12 298
209 152
241 2
156 296
260 159
180 213
297 179
225 173
49 65
14 248
290 58
107 112
89 160
19 93
48 71
59 281
7 78
207 299
144 172
207 116
3 61
91 95
136 160
22 163
160 248
216 8
45 268
27 126
15 206
248 48
284 238
234 51
294 53
281 44
109 287
252 33
17 38
33 235
38 80
237 249
290 190
233 14
297 207
215 203
141 190
129 170
89 254
37 260
281 257
262 50
105 201
274 6
30 247
16 178
227 134
61 193
144 203
20 171
256 199
43 171
269 230
76 222
215 168
252 165
141 148
212 104
205 249
280 42
118 255
172 291
260 166
62 98
260 34
27 50
91 176
257 16
213 288
200 171
225 180
117 206
210 83
228 29
272 3
272 208
245 187
12 23
219 106
268 82
244 147
240 33
258 147
61 282
281 130
34 88
266 143
233 265
248 142
234 96
224 102
279 119
48 155
43 105
220 147
85 183
64 110
17 247
272 168
287 145
228 170
233 111
275 260
50 267
144 293
222 56
194 201
234 11
10 222
192 200
231 78
222 95
257 70
8 292
142 299
28 120
260 86
212 97
86 158
282 114
237 173
180 274
224 225
265 172
63 78
25 104
217 154
297 133
108 252
263 84
290 86
96 134
291 41
105 143
198 291
32 178
57 166
297 283
183 235
241 271
247 274
86 119
137 227
25 166
18 127
31 195
78 238
128 212
218 214
9 72
235 270
278 239
282 36
220 40
212 239
73 166
240 37
107 274
299 117
187 271
288 163
227 192
214 73
276 200
90 127
126 168
56 286
243 115
231 28
93 156
42 172
205 95
171 269
278 217
123 255
105 168
222 3
98 155
155 252
220 54
14 96
90 119
130 216
239 265
237 195
162 255
93 122
10 227
101 138
265 112
147 200
287 217
223 24
237 275
105 146
293 38
247 234
290 214
15 228
36 141
283 114
233 80
243 292
112 256
9 82
256 273
60 122
164 262
299 11
47 188
195 294
245 258
173 226
293 154
248 112
6 250
18 193
240 216
38 256
133 159
120 191
7 152
105 272
77 199
59 122
203 128
27 280
242 23
10 87
34 125
60 261
107 182
119 208
217 195
151 272
116 156
9 129
212 269
27 253
16 184
240 63
250 237
38 51
276 91
49 299
47 121
209 169
282 260
137 263
36 139
168 174
169 203
273 146
200 159
188 253
225 237
8 71
206 44
135 246
244 254
31 213
264 27
102 240
19 156
243 72
190 197
1 44
188 255
285 185
109 116
161 297
53 226
28 43
202 249
231 174
5 192
34 285
29 128
202 173
32 163
264 62
110 221
0 271
297 216
220 96
108 118
64 145
91 179
172 185
34 191
4 159
225 289
126 226
61 131
155 160
131 213
144 205
21 252
227 42
240 13
232 110
71 249
25 165
17 43
258 91
238 10
89 260
138 285
52 86
55 159
224 95
272 11
141 195
102 104
246 35
28 48
242 44
145 244
253 205
105 135
9 53
251 286
25 242
89 233
278 176
93 282
54 58
14 144
293 121
160 236
63 99
21 24
49 158
154 241
294 168
96 194
287 129
226 156
13 164
243 148
87 274
219 5
26 287
105 298
218 297
205 69
237 78
10 202
22 254
215 114
18 63
234 81
37 72
41 207
255 23
207 159
125 215
218 87
32 192
64 65
30 277
62 279
282 127
9 225
74 167
9 279
202 94
202 231
132 192
79 198
269 138
11 15
195 266
43 134
36 79
247 94
105 224
296 165
166 225
272 285
8 275
289 273
90 299
128 171
225 232
248 286
222 224
155 161
261 57
46 231
137 172
218 159
212 138
27 179
71 258
60 201
16 120
265 285
292 175
228 77
219 204
242 266
248 192
294 159
93 145
241 5
24 116
34 149
282 40
10 11
64 283
295 99
47 102
239 152
195 264
62 188
244 182
238 188
243 122
100 172
94 226
146 226
206 233
72 186
253 143
57 238
197 263
293 140
186 253
76 134
62 176
299 235
68 85
276 32
290 154
239 1
169 298
118 147
138 290
37 64
86 190
223 197
228 195
283 130
1 297
242 125
79 167
39 266
135 271
216 169
50 122
98 133
265 82
16 272
39 118
239 151
8 252
185 293
277 79
127 181
137 201
285 90
21 234
23 268
255 104
93 163
239 96
74 196
292 174
274 23
3 81
289 111
231 246
33 74
259 147
203 268
17 100
46 107
9 236
14 127
272 146
36 39
294 227
89 102
262 236
287 270
33 297
5 137
23 292
54 292
9 140
195 201
49 130
274 265
36 256
260 49
240 252
39 99
80 267
248 15
187 288
83 288
170 274
290 219
72 100
41 110
102 148
26 160
228 200
49 287
22 250
279 89
58 262
258 193
260 108
268 93
254 145
67 101
278 120
241 122
249 204
0 186
266 145
4 64
257 19
275 63
247 47
42 180
172 194
221 157
58 258
271 224
197 237
281 174
284 67
224 210
15 65
38 201
54 59
173 296
64 122
249 4
29 132
16 213
9 252
128 140
250 20
203 47
24 282
274 171
183 200
182 208
151 179
10 271
115 202
151 165
111 265
66 128
220 130
41 149
163 219
215 186
274 128
219 42
293 23
155 219
93 248
213 152
43 92
24 183
73 278
216 177
297 14
217 134
96 271
42 177
80 200
80 181
192 234
285 182
59 218
138 147
264 86
67 261
294 189
94 104
207 148
109 140
80 182
291 43
25 38
183 211
209 71
57 121
265 128
124 181
182 292
257 50
0 3
208 181
81 99
189 251
266 220
244 88
248 59
232 46
64 169
117 248
297 30
299 120
205 230
15 298
115 204
27 121
208 233
142 173
200 78
19 73
182 272
87 183
13 245
292 42
30 265
12 290
267 14
182 200
253 244
85 235
0 102
271 296
273 83
278 134
291 194
183 198
64 178
244 61
10 179
234 28
271 117
213 86
247 74
110 152
78 80
125 196
33 260
154 261
22 102
63 260
56 170
157 173
295 233
21 111
237 94
107 260
50 207
14 27
298 146
220 36
256 120
15 98
37 279
181 223
238 116
4 25
112 174
273 2
17 177
184 219
69 252
20 285
281 19
174 247
15 148
271 77
164 299
67 146
222 135
32 250
165 227
266 203
248 44
124 146
207 284
109 122
84 150
284 47
52 218
239 104
85 246
267 24
252 16
74 218
84 96
207 143
219 199
30 118
248 24
43 53
155 176
147 192
52 215
107 115
22 293
280 26
241 172
19 167
135 191
124 218
43 59
53 264
32 131
123 236
86 221
281 92
251 171
9 76
169 269
224 179
244 296
171 252
180 287
50 80
217 290
106 234
217 279
213 19
282 41
289 140
6 296
47 86
257 35
255 197
97 242
84 195
6 232
122 234
153 180
278 31
99 152
244 129
50 217
254 37
287 9
15 69
82 278
224 260
262 201
99 290
215 183
96 267
115 214
214 74
5 16
99 213
98 173
11 188
259 224
231 112
15 299
36 99
282 136
148 201
6 84
210 153
20 75
203 153
226 297
215 137
248 16
206 297
201 242
108 148
261 122
184 290
259 29
81 255
130 227
250 236
89 220
285 63
150 207
247 149
232 230
168 274
71 131
135 250
29 279
218 129
97 195
270 230
1 70
40 196
10 131
276 238
49 139
0 124
175 291
50 283
154 268
21 237
289 96
246 5
14 118
44 286
178 213
240 279
291 48
178 179
189 216
217 255
83 179
1 126
141 221
226 289
222 248
26 201
295 47
266 91
84 252
136 278
294 183
251 10
294 210
53 253
265 236
256 114
234 40
253 149
102 238
199 297
33 296
226 186
60 206
56 232
248 148
221 15
289 119
63 119
114 279
98 142
3 250
53 270
277 119
31 199
172 183
6 79
60 253
140 147
283 62
200 103
220 271
45 155
2 151
273 31
179 251
9 28
278 156
203 85
268 140
222 162
226 212
214 84
51 245
200 214
148 179
36 262
135 200
65 248
136 253
5 286
240 74
62 201
201 151
295 50
83 105
1 120
47 190
297 7
17 19
231 140
264 138
279 56
177 218
252 51
235 122
2 181
239 226
221 136
136 262
69 116
169 214
54 257
100 184
52 212
222 131
23 130
201 207
7 76
106 135
212 151
76 148
12 192
202 51
288 168
40 42
201 28
128 243
154 213
29 89
61 116
281 4
14 80
227 76
276 229
215 104
96 158
53 291
70 177
231 83
64 177
20 213
271 194
260 163
134 257
289 50
218 136
269 109
80 287
13 177
279 61
158 266
213 28
7 60
239 128
269 181
37 106
143 173
60 100
202 12
279 35
229 95
18 258
165 168
11 100
23 158
293 112
196 200
78 242
218 171
296 10
45 188
175 234
73 99
208 88
19 38
31 261
227 39
44 184
296 0
18 123
232 66
213 25
158 202
12 176
67 196
20 109
49 142
71 196
116 284
61 113
179 196
225 87
102 184
63 143
285 161
240 90
161 203
216 129
5 247
268 168
250 107
285 142
238 202
248 13
36 286
224 103
137 236
203 297
139 278
2 55
257 29
2 242
106 293
4 206
267 87
9 115
59 266
20 97
276 3
293 19
220 228
211 25
78 106
26 34
120 143
168 265
273 144
227 105
183 205
17 276
50 249
252 179
254 164
265 94
238 93
41 270
241 120
3 51
255 202
75 219
245 128
170 185
279 18
139 283
24 152
230 206
76 192
279 101
125 256
295 98
11 192
86 225
280 143
37 117
36 113
61 165
172 173
58 109
91 241
288 149
168 211
169 186
28 272
24 57
29 68
8 68
221 271
232 123
83 220
65 99
218 7
96 112
253 182
193 298
141 143
13 239
246 26
105 195
88 174
238 67
299 251
74 101
22 217
293 0
252 289
130 260
70 281
8 279
23 259
107 155
160 183
80 132
78 291
192 278
280 94
242 233
294 295
285 169
192 257
26 72
295 143
297 27
27 94
279 42
32 204
153 168
6 137
255 80
136 176
236 252
20 153
254 13
14 226
136 172
147 256
91 283
167 234
213 181
163 180
127 291
288 258
279 197
231 141
57 83
61 293
65 121
193 266
82 284
6 73
86 280
269 201
259 51
49 258
80 151
270 35
184 239
79 187
87 155
280 105
168 169
232 297
259 129
63 196
274 264
291 28
1 141
126 158
279 155
13 91
152 297
170 278
141 268
223 90
105 121
79 184
282 121
97 111
293 194
240 174
1 84
13 208
96 207
13 90
94 232
46 150
41 108
293 193
107 141
288 154
192 252
253 111
208 22
284 143
136 251
221 88
282 112
47 174
195 252
63 255
70 205
269 270
27 30
246 106
9 151
126 297
61 137
85 123
287 55
81 270
107 221
45 120
239 50
207 63
218 35
65 207
247 218
51 73
31 266
0 42
56 189
54 61
99 177
202 61
115 169
215 19
100 163
292 155
120 251
42 144
298 291
111 260
79 142
170 203
242 7
43 220
70 245
207 245
142 157
43 252
203 10
219 25
258 128
91 171
13 108
215 115
162 264
82 298
130 199
100 136
29 147
263 169
269 164
292 61
293 72
95 237
17 293
110 185
36 138
39 257
186 206
196 263
73 157
296 234
275 48
298 170
239 180
249 57
212 178
80 241
175 214
193 198
242 186
142 168
158 199
129 258
294 42
93 205
124 281
111 153
58 148
299 47
20 117
75 170
191 268
43 292
187 283
18 281
216 39
251 157
60 260
60 294
260 92
264 68
0 269
238 150
25 170
255 50
267 94
200 181
4 57
45 121
143 178
281 169
15 86
8 282
296 197
110 195
15 247
147 195
20 159
195 259
114 134
150 264
87 129
64 142
18 241
291 112
248 86
42 184
224 119
244 46
49 52
38 244
259 58
230 56
206 141
150 274
286 12
263 221
130 151
124 210
291 177
133 135
123 139
81 140
161 277
250 60
256 48
291 299
231 233
247 3
208 115
294 109
80 129
50 193
71 111
124 246
21 49
59 267
176 182
166 200
67 192
134 292
276 150
295 44
153 244
34 249
85 116
142 148
7 154
10 219
22 71
216 52
84 248
64 207
187 296
41 150
60 109
289 110
229 19
28 180
206 26
129 281
261 270
236 20
176 275
231 207
179 190
116 275
154 255
296 98
23 126
282 285
81 239
86 242
165 276
133 184
240 71
89 234
24 206
139 191
245 156
265 65
34 286
49 190
6 127
35 251
232 261
51 63
290 232
125 138
80 85
26 286
133 281
245 250
0 258
88 193
160 184
98 281
10 217
104 241
206 5
211 163
43 123
256 289
179 207
282 38
91 268
95 177
201 102
238 65
167 170
56 254
255 146
73 138
282 33
71 213
86 238
84 237
109 283
290 30
238 25
126 192
66 70
133 261
39 171
157 206
237 72
297 219
40 77
279 150
128 190
205 163
6 96
162 198
36 275
35 101
222 15
273 42
229 74
1 147
51 253
11 143
76 269
141 226
118 263
235 40
33 76
173 217
87 121
229 281
280 38
17 161
234 213
230 57
99 157
214 44
230 148
269 151
236 36
90 187
211 207
256 129
178 222
64 106
290 130
291 50
238 185
86 270
248 72
1 182
180 194
52 211
81 134
124 198
72 257
14 90
114 221
246 130
247 141
2 124
265 133
246 131
95 241
30 144
79 93
42 158
270 138
284 62
190 236
198 238
193 286
247 76
208 217
87 299
150 289
251 15
212 123
231 184
59 184
207 45
296 86
73 90
15 83
282 148
18 201
101 206
159 263
73 128
48 284
198 248
82 206
276 119
157 186
33 204
81 231
97 290
190 205
270 108
221 249
225 276
6 218
92 95
255 116
82 212
121 255
50 292
293 203
2 126
78 187
266 69
98 207
87 212
95 156
215 157
110 288
282 118
195 243
239 97
81 183
63 263
106 231
29 105
264 155
148 294
263 124
284 190
239 191
226 296
73 281
223 159
287 244
270 171
86 209
265 242
229 191
217 145
267 221
58 79
261 72
19 172
60 121
70 232
66 156
219 110
209 261
105 246
30 98
286 28
227 60
214 126
41 225
197 278
151 268
0 251
23 40
108 126
106 269
203 168
273 124
74 237
48 75
195 284
26 261
256 86
27 44
190 232
213 138
93 114
106 226
259 42
252 130
87 190
269 192
269 142
203 0
33 228
164 266
158 162
213 287
261 86
11 167
173 221
150 230
219 40
194 292
293 129
235 118
140 163
259 202
52 186
207 152
242 235
68 128
219 245
4 154
46 289
44 169
230 221
173 229
258 148
269 41
192 211
33 152
253 168
13 17
4 82
82 187
34 57
63 124
154 294
203 106
9 169
266 34
14 286
149 208
64 80
228 241
239 157
2 177
186 243
147 227
108 291
6 51
243 227
221 72
255 241
251 27
2 164
30 193
39 264
46 184
297 93
221 179
222 290
242 13
200 123
242 132
237 261
16 294
122 293
96 97
185 254
66 143
211 35
211 273
119 265
22 43
82 168
150 250
246 154
20 106
1 295
274 53
254 82
294 163
7 9
218 237
125 165
88 105
237 109
234 178
20 299
41 246
210 142
150 255
86 126
198 299
39 128
80 188
273 274
258 2
56 250
185 225
264 228
264 283
133 177
77 229
100 266
35 156
159 221
21 208
295 235
245 9
119 183
87 278
230 192
269 44
113 204
297 55
267 279
134 267
245 141
25 156
71 236
39 242
201 186
85 220
120 226
21 299
120 212
71 188
261 156
100 177
221 52
285 135
31 73
95 234
59 143
70 190
152 292
128 222
181 256
77 288
296 60
34 190
150 178
125 137
259 114
292 45
29 34
74 190
245 218
34 272
178 239
190 278
123 198
158 288
39 130
64 174
115 195
212 191
248 1
253 103
221 175
161 250
288 190
34 227
286 214
221 255
260 200
252 41
280 275
221 147
164 228
243 48
200 57
104 196
287 294
14 24
215 188
8 119
221 97
238 43
216 227
264 188
196 258
225 270
207 177
60 195
230 82
2 196
241 289
215 59
114 175
75 243
30 258
204 232
3 73
210 299
23 198
299 40
160 213
192 275
93 255
78 98
198 286
26 155
69 175
291 138
70 229
211 2
137 143
263 116
231 208
109 227
214 168
17 168
214 54
229 142
68 235
210 135
247 105
242 128
13 155
124 150
280 134
146 203
256 65
75 285
4 40
17 97
186 234
35 111
26 167
232 285
230 137
276 139
278 115
1 189
271 16
45 148
294 185
290 185
78 174
47 120
21 287
103 260
171 173
64 201
63 283
51 297
208 240
126 259
214 34
1 241
212 250
222 186
79 95
101 215
39 165
296 199
100 241
282 78
187 229
297 5
25 233
20 146
239 53
290 224
280 65
214 110
248 123
254 1
232 31
175 224
112 169
228 9
115 189
3 174
21 159
51 156
293 164
40 155
244 236
237 298
38 160
70 119
255 286
86 236
8 22
43 54
85 210
3 209
250 179
133 153
198 256
258 184
210 49
8 94
205 91
224 176
204 286
250 145
195 223
125 275
287 267
73 85
263 47
100 289
39 151
230 97
288 73
286 245
91 119
170 277
158 217
9 227
234 34
116 266
139 287
27 218
221 215
23 107
56 248
11 178
33 243
288 160
233 203
217 185
84 123
93 94
8 97
206 83
14 82
39 218
28 69
270 97
37 194
218 167
200 108
203 66
48 164
231 58
200 264
229 40
1 180
271 26
247 83
21 180
171 216
274 51
245 106
14 272
138 180
32 51
236 145
119 179
12 119
1 271
102 299
200 256
142 251
279 170
52 193
164 253
38 125
201 42
124 147
12 204
298 151
233 76
18 186
183 250
292 111
281 110
172 297
196 234
239 73
170 272
24 266
127 238
17 29
287 295
258 81
173 245
75 204
59 134
278 231
154 158
15 20
182 265
256 91
163 267
77 262
12 73
205 180
264 273
269 119
55 90
52 57
43 141
289 9
79 189
266 163
271 256
80 298
106 136
80 178
38 184
245 199
226 62
191 214
137 216
286 111
28 189
114 163
132 160
224 122
152 233
223 171
241 24
38 195
35 174
251 295
137 170
201 245
49 275
273 253
137 212
48 231
162 272
274 186
242 285
22 123
1 41
142 204
47 153
84 218
242 131
155 254
72 181
241 76
232 148
201 23
204 161
108 170
59 285
12 98
227 58
206 96
135 180
23 112
283 226
53 283
19 103
206 104
146 220
10 254
232 298
74 191
7 34
37 178
77 208
262 163
246 169
32 118
288 228
62 240
221 174
248 209
176 233
10 48
285 95
279 69
38 93
297 135
39 251
47 79
279 70
8 220
207 127
293 94
35 212
89 213
272 74
281 186
130 190
270 32
44 87
82 159
75 178
86 181
201 140
215 58
211 81
278 48
265 83
252 177
103 199
32 95
80 190
117 138
275 33
108 159
251 5
24 169
143 274
6 48
238 62
235 29
14 139
116 241
164 165
140 203
114 263
39 146
127 235
260 110
123 141
52 80
252 148
151 278
44 54
177 254
229 189
40 56
255 256
12 165
37 88
53 184
253 290
59 100
183 184
280 203
137 176
12 66
93 267
282 185
265 45
46 167
35 124
205 267
21 123
59 193
290 2
244 250
137 293
2 128
222 103
214 280
94 182
222 4
284 133
12 234
146 177
267 128
21 179
261 266
290 107
37 253
176 221
36 203
214 133
287 86
296 102
290 20
290 42
295 118
246 280
251 86
56 187
96 231
143 241
62 244
288 4
42 159
294 35
239 194
237 156
270 61
108 249
66 210
299 46
16 221
166 261
294 173
96 146
246 216
296 72
6 290
33 190
99 243
230 187
125 200
207 221
290 248
250 188
270 286
217 136
289 30
229 50
107 230
186 235
255 19
18 22
47 183
284 148
18 96
48 195
87 196
288 298
216 41
74 268
168 229
198 241
246 118
15 118
262 47
93 183
85 292
34 261
37 126
16 70
217 121
245 159
183 270
131 167
125 155
243 161
261 7
273 132
287 19
160 243
247 28
220 71
179 200
8 155
262 240
37 95
205 29
225 292
297 223
201 45
46 68
229 89
62 166
133 240
141 234
29 165
16 137
249 6
203 102
11 26
166 296
3 24
1 234
65 82
11 262
28 261
120 147
246 102
129 211
258 155
81 292
284 245
40 49
207 68
274 281
131 279
202 188
6 86
256 56
59 165
248 269
117 235
212 175
134 226
93 201
40 44
79 128
0 120
85 212
280 153
237 62
83 232
267 190
60 118
115 277
205 103
294 78
296 162
272 55
149 215
55 191
262 7
210 254
32 212
110 164
0 81
137 208
107 144
154 237
139 203
207 88
118 126
90 189
47 173
232 119
299 134
274 0
90 243
180 280
268 142
186 225
229 81
208 191
275 288
159 204
34 70
1 192
76 108
41 193
251 225
72 203
228 119
218 132
248 272
6 97
175 231
262 220
194 208
50 243
220 173
100 225
56 195
223 242
261 139
176 181
48 163
217 216
69 83
128 285
67 240
294 84
83 123
15 29
270 43
290 279
61 296
81 92
2 44
234 72
50 120
255 140
233 281
224 167
61 156
260 41
115 186
235 154
67 230
87 233
201 97
286 117
227 123
89 200
2 94
195 272
90 100
177 275
8 147
20 111
182 203
64 253
223 143
106 134
204 196
63 133
281 121
173 288
285 193
33 115
95 137
46 146
268 239
91 118
126 165
73 181
105 260
207 106
200 168
24 128
261 192
18 173
293 142
134 224
251 47
128 230
211 146
252 89
72 276
25 98
237 118
5 236
287 96
98 283
104 237
74 264
47 198
84 99
136 169
262 106
131 263
293 160
223 185
243 166
121 232
213 187
67 158
28 281
261 231
225 73
38 240
299 127
111 171
66 69
127 171
215 83
265 67
104 251
49 92
223 7
211 157
268 217
50 200
32 240
210 279
73 113
259 79
281 148
155 246
107 210
212 42
80 169
104 208
54 193
47 193
57 198
135 272
59 228
26 116
231 40
122 286
9 136
20 134
225 177
105 171
160 230
63 105
64 261
86 218
247 163
242 259
222 74
36 278
181 235
271 149
187 227
278 174
63 179
69 154
267 211
203 178
45 223
17 33
85 265
265 88
286 94
166 221
225 120
236 116
211 59
182 211
53 183
157 228
189 226
103 291
250 41
202 180
240 60
112 278
126 132
63 220
38 159
207 279
294 54
30 185
269 131
265 1
155 233
291 159
297 268
275 95
39 133
228 269
238 140
275 43
220 31
3 289
57 105
3 123
22 190
33 90
281 190
118 234
231 2
14 287
38 190
284 97
246 268
65 151
280 18
131 149
268 296
265 49
70 149
51 244
8 12
44 277
112 253
230 89
129 278
106 175
112 271
141 277
123 140
113 154
291 27
281 45
236 140
185 256
233 63
37 99
248 43
278 196
39 66
12 168
206 56
282 137
110 212
167 178
181 293
163 212
10 161
86 195
24 271
259 48
203 58
123 165
291 233
292 74
287 115
251 234
205 189
95 187
75 249
61 197
259 177
128 197
299 130
101 126
92 109
107 261
163 216
42 153
93 112
197 230
213 17
205 153
255 195
266 8
151 216
56 165
245 15
88 115
196 273
46 47
97 101
253 31
213 240
111 222
91 273
267 156
133 219
221 64
132 281
272 198
294 139
77 185
253 297
271 47
213 111
49 69
273 12
159 208
27 194
230 146
208 209
255 177
198 202
154 178
252 46
97 102
270 163
19 157
28 128
245 191
291 193
76 126
208 40
64 237
21 98
87 90
104 203
3 211
66 97
226 43
33 158
197 281
220 184
108 201
206 34
10 140
114 132
89 166
214 187
73 118
50 237
24 97
253 171
73 153
254 0
43 218
105 297
113 254
66 133
35 98
23 250
122 218
141 173
170 184
9 201
228 55
289 216
23 72
198 269
58 267
265 216
260 299
121 170
268 17
293 267
275 189
34 275
290 202
183 273
254 90
149 157
297 17
247 258
50 57
71 133
203 52
5 220
262 81
253 12
269 95
140 295
226 177
209 141
3 230
95 210
35 255
34 224
141 295
233 113
161 172
44 287
103 243
139 195
18 270
298 98
10 28
122 191
118 226
188 285
276 235
192 199
218 294
119 123
257 92
276 172
235 137
83 176
121 208
172 224
267 3
213 293
296 169
21 74
47 74
40 230
290 236
90 134
65 278
118 221
144 150
218 14
205 134
165 254
95 298
2 56
163 287
213 44
203 68
287 98
10 20
233 263
121 172
27 148
79 257
102 170
209 144
290 53
223 155
6 20
230 143
46 73
151 260
213 188
1 152
241 37
258 87
147 257
108 124
29 173
280 74
66 274
241 249
225 125
43 129
1 13
9 157
155 298
51 226
39 273
145 295
229 238
8 152
39 269
39 111
270 102
69 142
125 223
247 32
241 179
91 97
147 212
47 52
186 233
100 277
7 49
59 280
239 88
112 145
30 132
104 248
282 140
86 244
81 155
62 135
217 71
254 110
75 229
168 207
213 142
29 186
136 137
221 40
116 172
96 150
88 150
46 215
96 180
285 72
156 180
184 240
79 97
50 258
33 166
50 238
13 68
57 61
213 203
241 41
273 158
217 73
33 98
232 48
116 194
203 57
236 17
8 133
288 165
246 143
206 181
208 23
48 55
113 265
244 193
253 44
149 227
109 255
81 108
281 192
12 64
5 285
128 142
214 152
105 217
200 164
122 248
200 62
67 116
28 64
142 275
4 35
201 261
262 118
217 179
79 190
17 290
276 14
215 129
52 107
234 258
261 30
236 85
202 88
36 296
239 134
55 143
97 233
280 130
65 232
61 152
179 231
88 108
237 7
281 255
36 52
160 181
49 133
288 140
102 122
265 123
32 259
90 110
179 265
119 176
63 247
50 115
245 259
297 67
100 217
202 17
43 147
84 115
11 233
114 284
232 76
16 32
15 257
25 286
101 125
34 258
209 109
26 200
159 266
18 82
22 153
47 111
152 212
1 87
135 142
65 72
263 265
254 25
6 58
20 56
133 216
206 20
254 198
8 128
128 213
245 145
120 121
209 178
6 12
183 246
71 215
295 5
20 58
11 221
287 103
262 41
94 188
199 243
82 248
29 212
242 73
292 67
10 290
42 241
261 216
234 235
97 261
8 190
219 36
133 235
128 226
65 146
145 174
174 293
283 37
40 169
124 176
22 25
187 281
57 154
178 293
224 18
89 115
34 108
94 218
8 113
15 286
211 139
262 126
296 78
92 248
36 45
193 251
261 188
281 176
27 286
139 272
19 151
71 157
197 232
209 189
56 174
137 171
86 164
167 203
248 100
10 248
141 192
40 260
206 39
189 297
281 170
232 166
20 234
13 78
7 24
238 38
258 118
227 0
235 49
105 134
7 63
213 231
257 138
255 298
228 117
60 96
245 118
41 102
280 123
179 285
247 67
16 163
200 85
242 116
49 209
89 174
209 265
78 133
17 205
18 189
287 174
258 254
219 157
17 175
71 99
103 249
291 245
82 102
143 296
251 40
105 295
13 67
225 118
224 230
180 263
224 193
290 108
44 127
204 145
93 184
60 120
238 179
220 131
254 196
279 232
211 42
278 40
109 196
270 113
117 249
262 130
283 156
120 163
263 39
103 106
264 91
182 228
10 269
253 98
35 230
104 296
220 48
219 229
84 139
263 40
108 225
291 149
157 226
279 1
245 81
172 238
193 242
95 243
200 111
40 51
274 59
73 84
277 66
5 53
1 67
291 201
241 292
62 111
57 162
154 199
88 163
6 122
292 16
293 222
193 274
235 140
78 233
195 199
160 192
206 37
246 51
224 29
207 77
167 192
257 188
280 126
195 209
266 97
92 121
40 53
19 116
243 194
103 132
122 176
217 74
114 188
205 125
265 72
32 174
191 275
58 243
88 220
244 120
254 94
124 283
31 212
298 195
232 250
72 253
223 49
62 123
60 251
162 248
45 131
126 231
197 274
14 136
85 138
4 211
112 136
208 96
95 196
117 181
82 157
175 261
59 157
268 33
259 252
127 232
203 83
88 223
269 74
100 196
295 208
214 260
255 53
143 256
185 264
93 285
180 283
220 42
72 112
62 208
50 78
241 159
86 102
278 106
228 158
9 121
292 12
263 125
273 247
23 79
266 101
116 148
61 159
115 146
48 173
110 298
234 119
52 142
249 138
199 221
257 154
54 180
178 231
192 290
81 195
296 93
128 181
90 196
279 249
10 137
24 263
15 49
269 96
112 133
289 199
148 225
167 298
276 197
100 168
234 257
251 23
271 105
84 165
257 207
255 251
29 247
106 298
85 163
97 263
17 285
260 140
106 283
49 293
22 156
108 235
288 34
214 129
254 108
292 133
43 219
2 162
6 154
77 96
18 231
55 130
17 221
103 151
12 231
28 209
57 142
278 211
203 197
27 298
163 222
217 41
111 224
287 178
278 282
10 36
210 259
1 258
105 244
290 39
156 161
223 216
227 77
262 33
231 130
15 135
268 1
247 6
267 173
81 194
33 281
31 113
156 173
140 250
101 209
45 248
72 215
270 51
106 286
268 174
6 264
288 133
255 239
152 178
182 237
216 122
267 25
292 52
205 271
153 207
286 130
161 201
17 169
43 74
67 87
225 133
109 143
245 45
159 244
133 276
10 164
40 241
32 273
257 225
59 287
272 95
247 257
213 14
5 281
107 235
230 158
75 93
201 180
29 64
69 193
139 182
95 299
44 166
297 122
86 130
259 175
245 168
36 259
241 26
2 240
274 55
137 286
27 33
261 144
1 55
25 171
251 125
3 172
101 200
138 210
27 277
280 72
195 289
15 180
65 194
167 275
272 172
223 122
278 54
11 78
26 70
139 155
292 262
175 202
242 95
45 144
96 260
3 113
91 278
250 33
83 290
274 279
96 153
27 295
108 133
210 181
43 157
121 174
56 129
113 168
14 277
146 247
287 50
95 203
215 53
12 151
202 103
22 107
48 52
64 143
218 68
83 223
125 161
203 61
57 153
4 286
128 217
229 111
99 226
20 79
169 196
2 33
197 228
214 50
189 264
184 227
234 219
103 120
199 204
2 167
246 104
12 157
44 202
122 237
194 216
50 282
158 173
164 287
282 82
261 6
157 233
270 275
169 222
288 116
56 89
244 166
289 182
209 75
255 74
34 175
268 220
57 259
208 43
126 274
20 247
165 262
122 277
209 137
55 200
22 114
72 148
235 126
249 93
98 203
263 166
61 217
121 284
60 148
209 151
187 217
220 108
36 181
156 288
293 146
157 201
61 141
265 117
238 298
282 39
28 110
241 65
74 284
89 271
82 255
281 131
253 91
264 28
119 252
297 32
278 187
264 51
95 126
110 284
231 45
234 10
107 223
89 154
275 21
122 278
215 65
231 268
295 28
260 116
223 169
241 135
36 145
239 9
217 190
253 23
68 75
48 279
237 145
296 41
234 74
184 214
203 141
34 62
297 240
50 104
159 213
124 153
90 278
158 235
74 277
205 67
34 245
64 128
112 214
294 32
41 152
283 99
292 160
107 156
18 126
217 214
106 167
140 144
262 30
36 65
236 134
287 39
0 140
160 189
88 141
120 186
208 53
158 191
259 188
129 201
243 45
83 125
282 12
278 33
50 83
279 156
259 148
240 78
204 277
35 267
27 290
26 229
217 33
236 240
210 220
153 225
298 83
269 136
209 91
67 71
222 83
41 167
292 264
243 242
102 193
105 172
239 243
248 297
56 235
139 292
297 68
281 298
203 154
106 179
41 96
247 198
66 240
269 196
90 275
176 189
120 154
32 196
221 240
15 158
237 70
34 93
232 146
4 147
158 283
27 176
187 189
20 52
161 188
228 136
201 294
160 247
272 7
212 166
48 165
70 274
263 193
41 176
255 125
295 20
201 75
66 174
155 170
115 160
20 35
101 189
87 193
125 249
78 191
6 76
15 236
211 12
213 54
8 212
31 136
244 189
244 20
246 166
59 102
203 22
149 296
26 98
60 290
135 276
97 241
16 109
103 193
25 190
213 186
59 71
34 126
243 97
268 218
245 137
90 194
269 82
16 223
247 73
220 66
204 240
38 98
47 214
22 128
91 110
20 197
41 243
85 113
291 156
17 273
288 267
86 140
260 113
241 189
288 59
69 192
119 243
57 239
15 60
105 208
165 238
163 176
104 190
249 112
49 175
243 278
144 291
274 156
42 114
100 194
231 69
287 51
207 222
17 104
234 104
61 148
108 173
101 158
137 174
22 168
152 248
276 92
150 185
138 297
109 157
214 30
260 75
130 138
135 226
1 272
234 13
54 203
257 215
230 257
123 222
29 225
70 211
87 146
72 279
116 279
114 162
219 159
35 74
10 176
239 271
277 126
74 142
105 123
130 154
182 250
138 254
43 173
117 149
278 21
43 133
8 148
288 128
27 81
55 209
65 220
168 178
37 282
215 122
65 132
17 125
74 273
274 92
70 246
168 250
211 63
299 26
77 190
271 76
53 127
156 256
283 14
46 239
172 240
162 191
53 131
284 85
66 88
121 155
276 80
267 130
74 164
149 231
11 185
65 176
238 133
41 184
81 152
145 147
200 4
296 44
257 146
8 144
91 228
202 286
269 190
211 29
273 9
54 280
279 4
284 25
233 169
286 155
2 85
245 91
223 163
296 205
91 206
98 143
214 186
294 138
28 262
208 235
44 86
184 215
115 190
232 28
261 48
242 19
51 88
4 70
23 74
260 158
224 83
80 122
86 228
46 97
292 114
146 159
70 298
112 274
236 206
40 81
152 293
254 47
135 205
80 162
41 268
27 109
74 281
5 99
142 230
272 61
72 104
209 31
58 208
69 218
81 130
96 281
19 218
4 189
109 150
94 128
244 220
78 293
206 261
68 198
274 86
20 230
298 22
268 3
165 225
110 248
150 272
151 153
275 126
39 55
189 224
278 11
281 142
223 11
171 286
230 13
33 114
158 238
148 183
162 285
0 93
166 173
155 253
119 233
50 155
201 94
13 146
49 196
8 159
116 146
117 263
82 163
112 116
207 101
28 83
294 85
87 277
17 86
49 115
76 291
24 226
22 52
262 282
154 281
229 156
174 266
116 208
155 159
257 71
55 96
8 99
25 95
14 175
202 185
66 182
247 106
55 276
113 175
58 93
140 222
286 46
1 130
170 284
179 187
250 189
181 216
226 67
157 174
158 249
99 211
186 276
208 64
121 254
168 266
117 152
164 209
143 162
260 229
196 213
272 57
146 176
122 169
81 193
49 250
7 206
113 222
148 239
228 202
138 155
197 198
15 26
138 183
145 211
153 243
246 177
246 7
284 268
35 56
97 109
62 89
8 219
155 191
234 54
227 66
197 290
132 238
17 42
203 284
228 110
22 199
32 135
85 134
65 140
216 71
205 56
297 213
110 180
11 118
131 288
260 94
150 265
296 34
267 6
260 65
124 168
281 84
227 143
293 9
139 187
59 251
4 252
10 76
286 170
279 142
22 260
225 96
298 37
203 210
188 243
239 89
250 178
202 233
73 156
278 37
297 49
143 215
251 146
291 151
50 284
149 287
85 256
119 150
224 88
29 135
252 24
90 235
285 284
40 236
96 173
274 32
150 296
42 173
271 113
181 185
268 146
166 288
191 278
25 34
150 164
110 140
292 101
85 213
157 236
224 7
4 90
127 240
133 173
294 266
281 10
212 125
80 210
127 158
56 58
207 216
76 284
35 186
296 192
15 220
219 233
73 255
76 213
282 157
192 236
86 211
229 136
61 216
275 89
217 169
229 52
232 214
98 273
299 138
128 153
203 165
204 198
183 276
243 104
36 94
247 124
213 157
76 211
46 173
204 128
94 219
278 18
248 141
217 123
296 236
86 294
130 183
282 80
11 72
222 9
255 62
257 178
89 179
51 137
152 236
124 271
245 54
205 7
70 86
79 141
254 52
56 60
10 154
238 49
28 288
84 108
261 100
261 53
233 191
108 241
119 273
293 250
263 88
189 283
251 223
275 128
241 176
8 93
24 281
121 244
188 280
182 231
51 162
97 248
43 145
110 191
135 173
164 244
97 183
134 140
154 252
104 125
164 255
296 113
88 233
45 89
70 92
62 209
42 90
7 253
226 151
157 231
82 275
200 187
60 91
246 197
141 269
272 35
68 168
257 66
249 127
89 103
4 61
163 292
71 197
22 83
229 209
84 100
287 193
22 122
204 175
73 220
239 92
30 64
56 104
180 265
240 179
130 221
206 88
234 184
286 38
261 1
135 164
293 167
56 119
238 85
294 264
242 173
16 63
200 212
267 140
132 198
297 20
0 247
10 26
77 140
154 166
215 165
220 143
261 283
49 244
148 261
272 137
201 5
113 193
259 284
263 130
20 193
177 188
29 288
117 145
173 212
7 101
116 118
33 135
270 100
239 102
74 227
207 124
113 176
212 165
253 6
257 17
239 61
45 126
61 105
113 248
50 86
257 184
93 221
70 185
194 296
298 269
252 49
41 154
17 188
78 272
297 131
179 289
248 158
242 51
65 119
17 157
26 186
264 115
253 133
189 288
43 162
94 173
242 126
144 264
77 152
91 210
238 214
247 213
283 258
178 297
25 144
235 60
261 265
45 149
272 20
12 189
21 34
269 49
263 176
258 182
134 223
69 261
66 85
15 189
41 288
286 78
244 59
271 155
262 190
35 289
8 27
299 213
8 288
70 179
89 289
226 145
24 84
224 41
209 73
26 296
89 131
212 194
281 25
294 150
255 11
43 169
270 173
81 295
164 274
235 214
112 285
28 226
228 199
293 124
19 256
111 264
52 135
193 267
95 138
48 68
27 196
81 267
90 173
140 160
240 224
81 151
9 68
147 231
137 178
252 151
253 200
270 176
59 77
283 4
10 78
67 180
29 141
33 44
249 295
221 137
235 162
41 115
18 115
11 293
9 63
92 146
178 258
215 197
216 159
288 192
251 13
202 142
151 257
185 279
94 244
28 154
238 35
153 298
259 158
215 288
91 135
262 98
60 256
103 292
209 84
20 268
226 123
160 289
76 97
110 148
78 193
159 199
83 175
164 169
289 157
92 120
236 212
262 186
297 221
42 263
273 77
85 262
198 231
3 208
139 194
113 268
3 11
249 54
248 240
138 281
45 82
292 189
202 236
186 246
94 158
278 193
49 86
126 294
280 159
55 65
40 156
275 113
266 133
221 98
106 187
138 250
216 14
91 281
285 36
120 153
73 186
118 192
115 149
172 175
61 233
279 100
252 19
222 19
78 198
34 87
125 195
277 47
234 198
285 62
13 95
64 69
206 71
236 7
265 75
79 116
257 83
42 131
74 97
155 207
62 158
85 254
76 92
284 33
91 188
128 170
74 106
112 139
86 118
26 40
102 263
259 124
295 240
245 140
109 132
13 101
119 256
283 73
285 175
280 71
219 274
84 182
209 158
81 297
294 157
134 183
136 196
271 23
58 89
233 7
28 195
174 246
27 184
240 101
2 105
110 278
251 89
164 224
57 149
72 174
228 1
126 178
282 89
63 71
12 90
240 144
77 239
118 121
204 61
216 134
257 190
34 45
238 68
228 42
91 178
39 170
33 259
40 200
229 132
276 73
56 287
216 190
235 5
118 296
198 212
1 187
160 278
153 249
85 260
46 185
230 100
263 240
193 209
266 53
176 243
107 148
55 103
237 151
48 83
124 297
84 103
116 287
32 88
273 60
130 237
110 299
279 34
97 157
243 157
43 44
286 124
234 19
34 271
25 116
295 17
18 184
232 157
236 139
107 114
113 146
212 251
148 299
242 12
69 107
66 142
50 98
252 196
28 114
89 138
248 40
153 183
223 116
291 36
277 262
38 47
203 41
294 134
190 242
159 249
46 294
270 14
86 176
209 21
264 137
248 260
271 4
11 66
136 158
49 231
97 192
294 286
51 175
29 189
203 67
46 165
6 234
81 284
202 153
126 144
63 226
66 80
14 166
223 175
194 214
19 76
210 58
24 297
201 20
242 52
169 282
240 217
88 138
36 187
213 261
147 202
161 199
139 298
114 213
249 28
213 38
41 62
241 119
227 282
107 283
252 206
25 64
101 190
89 137
106 193
101 169
284 279
21 50
113 220
267 160
137 207
245 98
148 198
244 157
98 123
46 136
289 97
20 131
90 103
181 260
66 150
262 297
85 156
205 171
19 168
285 224
91 152
36 230
53 143
210 118
245 135
31 160
243 155
239 113
109 210
132 276
30 263
25 51
64 196
52 169
48 230
217 243
245 71
77 131
39 245
269 127
142 175
140 214
241 296
264 282
13 190
262 195
45 72
46 287
81 170
217 244
229 55
151 230
247 275
13 122
231 64
26 154
161 227
78 196
61 209
295 23
285 119
148 272
234 177
231 44
6 178
32 45
257 292
242 278
256 141
58 64
29 95
177 179
282 69
113 237
196 271
276 39
220 157
14 17
164 183
110 213
81 191
150 208
85 229
31 135
262 34
12 33
83 88
269 180
52 150
11 258
12 113
64 162
298 24
148 240
137 198
220 45
73 295
142 167
204 25
289 77
228 148
222 66
291 185
205 191
165 246
263 78
20 124
94 249
120 255
229 275
54 145
58 224
67 161
9 33
220 148
107 153
49 221
177 204
96 142
248 118
242 264
293 65
108 185
12 140
242 4
19 97
215 62
298 93
235 280
132 290
250 203
219 24
252 109
220 77
88 288
107 163
100 221
3 169
10 180
217 226
281 215
24 109
233 8
224 141
85 92
176 276
87 158
79 219
22 185
215 47
18 33
229 293
211 44
108 245
112 202
172 199
36 166
275 56
48 290
98 136
151 228
13 41
118 233
82 213
262 157
278 181
235 111
201 193
7 228
23 151
223 132
132 149
97 255
101 176
221 162
270 95
2 238
16 136
212 10
247 263
88 190
121 246
10 209
84 122
159 184
176 286
253 18
25 108
92 288
273 121
222 12
118 171
133 239
94 176
95 152
10 88
123 193
208 211
115 239
248 230
205 166
287 147
250 99
68 202
57 110
261 297
159 248
294 6
265 26
210 14
235 195
14 126
61 122
222 29
152 189
49 104
215 298
134 194
247 126
271 61
297 28
100 192
34 105
269 149
77 126
23 155
24 274
180 203
140 283
73 261
179 234
15 51
246 142
101 219
88 210
284 96
215 173
120 247
48 156
1 122
276 27
205 59
295 4
256 257
52 116
183 261
241 164
295 169
2 233
62 115
148 177
275 194
136 146
279 189
201 141
131 230
144 238
218 96
58 147
281 85
297 184
91 287
221 124
110 231
80 283
65 257
169 247
153 265
209 39
117 234
241 195
263 162
23 273
112 209
8 181
227 242
137 163
26 275
149 294
174 233
27 41
4 28
57 185
220 14
99 271
32 80
269 43
76 153
37 231
240 198
16 175
274 69
237 88
248 103
278 149
257 94
101 162
48 299
54 200
140 190
48 239
48 280
162 287
89 144
180 196
254 30
234 0
250 147
248 23
15 82
3 218
108 150
259 191
253 154
158 167
27 108
270 87
92 172
282 246
46 160
268 175
154 173
82 86
271 119
258 205
35 38
287 7
129 243
76 256
0 2
45 91
285 171
273 116
228 70
63 154
25 191
73 170
27 51
245 125
32 68
224 92
57 145
209 294
3 171
58 159
52 281
259 25
265 207
213 129
211 20
261 80
281 80
78 218
221 105
77 155
230 44
242 124
170 295
268 233
89 238
11 199
294 167
0 80
226 182
9 209
123 192
209 237
38 54
254 74
5 128
127 185
142 201
121 299
253 170
253 76
228 188
25 47
97 298
265 60
201 272
94 122
233 13
270 244
89 237
47 216
54 171
47 191
64 203
271 204
225 101
187 237
29 74
211 212
221 149
31 154
280 221
133 232
62 66
143 288
175 217
97 132
221 62
231 197
154 187
214 88
92 283
117 170
280 147
81 144
225 54
116 240
285 147
52 145
113 138
218 149
49 109
9 264
14 195
225 239
281 165
97 119
9 199
70 262
113 121
276 208
160 279
194 217
62 259
262 260
225 76
36 267
1 90
172 278
130 166
248 184
176 240
58 233
257 130
6 237
30 226
24 277
247 217
202 65
201 61
209 206
298 184
95 252
11 184
91 174
194 276
218 55
119 199
12 62
68 183
204 188
0 236
270 111
189 201
142 174
268 255
255 205
5 177
55 179
28 32
115 198
111 257
39 107
16 43
253 267
55 131
265 186
27 152
157 240
274 187
176 236
102 290
99 231
13 48
298 194
46 169
155 297
151 290
5 260
85 227
225 175
134 249
214 55
121 252
47 179
6 56
258 54
227 121
78 279
286 105
297 173
122 149
10 99
62 105
207 100
267 158
21 51
219 59
70 178
71 267
161 269
72 140
59 68
24 235
269 237
22 33
240 169
56 78
279 133
277 68
71 150
36 115
117 148
58 213
289 253
12 276
19 201
1 102
283 128
265 105
29 248
36 212
86 269
10 66
73 133
27 243
275 102
55 295
240 114
42 69
280 173
53 153
224 160
69 101
94 175
48 286
299 154
93 126
285 166
107 171
24 93
9 216
210 44
142 282
167 252
56 158
208 6
35 155
142 186
72 231
226 228
62 103
12 50
152 160
213 29
288 6
291 74
269 92
22 240
58 297
82 251
198 264
65 141
112 222
123 155
212 61
259 82
5 67
268 105
229 62
187 220
256 64
143 267
207 218
220 275
49 262
278 0
93 151
267 4
96 152
70 181
278 236
265 292
255 100
258 110
13 176
211 298
82 135
203 29
96 203
177 253
229 80
37 122
112 290
22 247
36 264
261 90
214 171
273 71
285 177
236 77
52 91
140 263
254 140
247 19
140 248
279 77
289 80
15 196
44 48
284 164
171 233
45 52
175 273
107 162
235 167
212 282
291 115
115 197
135 282
148 208
59 191
220 246
267 111
258 271
264 45
238 112
196 250
286 191
68 291
135 183
34 265
219 97
198 296
240 190
240 259
260 243
286 97
92 139
23 219
284 150
185 274
136 147
102 248
19 48
42 49
120 285
232 173
179 277
65 172
117 137
229 203
75 149
35 259
258 149
119 229
38 239
107 127
178 189
59 115
258 176
51 144
44 227
46 100
129 140
26 46
46 56
8 258
260 139
14 59
120 223
240 151
2 122
162 196
87 98
250 46
256 18
275 187
295 48
121 245
64 186
252 113
167 262
205 109
49 215
192 222
225 78
28 57
202 50
207 190
36 255
273 164
255 110
247 296
8 163
224 47
76 194
140 159
297 198
35 142
134 266
265 17
35 79
201 188
116 264
280 93
55 211
206 296
16 211
37 234
47 159
13 202
101 185
284 149
289 177
254 51
48 70
259 100
259 165
261 129
273 64
231 120
199 272
245 263
280 290
268 248
82 215
219 29
51 260
25 179
275 46
236 238
145 205
273 137
211 286
37 41
199 267
78 110
217 57
236 31
156 197
173 295
21 198
100 126
179 275
285 97
152 163
296 94
16 106
99 156
2 149
6 35
62 68
224 137
236 4
95 114
287 211
230 8
110 207
246 160
132 136
46 71
95 271
105 248
61 275
257 124
206 100
244 108
87 163
231 52
146 161
259 41
186 256
38 210
168 237
118 289
101 142
35 239
38 65
243 218
273 93
212 58
95 171
72 267
242 232
22 177
151 204
105 249
84 118
5 59
159 161
257 25
297 208
65 122
122 217
27 287
53 218
6 213
97 151
40 289
223 6
266 102
200 293
58 279
36 147
293 128
234 49
277 86
99 264
228 249
95 297
219 242
63 261
109 197
295 217
131 168
169 284
235 257
271 146
29 162
285 57
22 73
103 126
8 156
88 170
113 281
224 270
215 75
295 78
261 174
56 269
4 162
109 131
289 86
206 93
17 68
135 169
294 4
211 188
58 299
79 140
293 37
247 57
216 38
100 281
78 90
81 167
232 294
294 180
296 13
50 144
260 53
208 201
274 28
58 272
245 76
38 144
248 182
266 94
245 75
276 110
125 183
117 200
80 90
89 277
12 14
65 158
41 254
250 175
43 83
4 191
275 261
173 187
180 261
218 36
97 100
75 261
24 295
298 49
50 296
279 96
253 8
157 187
47 195
86 151
67 223
260 176
4 114
2 96
290 78
298 107
212 189
256 130
17 227
131 171
31 242
23 190
249 23
289 196
243 255
209 221
144 181
0 188
98 137
229 198
273 205
291 153
239 106
251 58
38 268
269 104
18 291
214 65
24 205
223 82
32 122
37 137
200 160
9 259
237 121
292 62
119 217
215 185
21 169
6 64
241 134
240 143
86 168
250 190
290 85
11 231
38 119
221 24
56 284
39 210
4 15
216 202
237 172
294 241
35 64
273 215
81 123
125 293
166 272
232 141
45 193
35 62
267 217
273 54
59 118
293 291
15 25
142 289
212 94
164 185
122 179
46 49
234 155
40 192
248 223
276 0
3 42
114 242
285 191
130 238
253 220
177 290
25 279
6 281
45 134
92 168
56 294
295 136
172 230
222 142
209 105
61 74
56 143
298 0
141 262
76 188
222 30
260 50
162 256
230 161
55 197
60 111
6 187
53 250
57 125
202 23
233 154
240 225
299 27
280 45
134 166
154 162
125 177
85 267
232 29
19 35
267 230
10 91
107 184
63 289
293 296
128 147
117 179
32 207
69 125
287 78
83 211
239 130
195 267
197 257
202 90
206 47
9 111
251 72
257 158
249 277
241 110
27 222
12 59
80 118
97 256
148 199
117 174
267 171
13 220
221 53
73 200
63 286
232 145
2 46
245 57
241 153
143 263
250 10
187 211
67 145
79 274
294 13
264 49
123 235
297 34
48 62
75 82
225 113
207 33
56 128
216 1
219 21
7 42
87 295
59 140
91 190
135 176
2 137
260 74
264 13
222 2
288 0
273 138
70 133
130 137
25 49
50 162
146 165
237 214
50 177
241 0
65 103
54 107
201 40
189 222
177 250
101 237
260 206
4 74
272 69
4 216
268 167
111 156
288 203
293 232
285 192
35 71
76 103
281 283
283 108
39 270
266 98
201 39
213 3
246 181
245 257
69 92
288 65
21 143
51 243
204 126
125 224
77 83
77 285
227 59
184 225
63 118
295 161
99 169
87 230
102 225
46 293
278 295
87 247
58 261
213 0
26 248
272 209
240 68
129 288
11 86
216 255
225 24
40 293
268 236
68 103
103 173
290 103
33 276
207 92
295 183
23 95
48 198
284 41
56 181
199 278
278 99
268 119
42 267
252 103
254 33
8 87
229 179
272 80
157 252
57 58
14 245
13 64
147 228
109 199
102 115
185 206
89 298
42 189
58 271
13 295
26 134
2 157
44 283
118 167
282 71
274 74
43 91
163 297
105 262
24 220
232 253
6 77
19 182
235 63
232 125
161 291
17 24
258 14
197 251
109 182
74 117
222 185
255 249
117 224
266 7
266 114
40 58
141 197
213 132
274 192
29 46
259 190
15 23
85 99
147 251
230 38
272 92
24 95
102 298
16 173
34 209
234 265
89 286
267 104
272 288
0 279
297 197
85 184
272 185
297 8
28 49
238 108
26 92
64 107
186 261
229 147
278 76
296 164
207 141
219 85
58 172
244 67
60 119
224 168
63 182
134 159
103 269
290 21
80 189
272 4
202 261
199 211
107 174
180 250
204 253
245 95
70 256
91 161
294 45
223 54
256 178
230 83
33 177
240 113
267 26
29 167
222 133
189 285
140 172
67 188
226 8
44 189
36 111
44 218
276 126
233 160
28 227
250 194
77 151
8 178
56 285
218 220
23 245
298 277
86 123
97 108
243 62
297 271
148 278
229 121
230 218
258 163
286 260
152 215
90 153
34 72
50 184
9 185
75 148
210 64
282 119
209 56
33 173
38 214
205 87
51 129
78 271
64 241
131 243
58 263
1 286
210 182
59 92
127 154
287 189
128 189
232 161
273 15
84 208
260 196
227 101
3 225
82 221
28 162
205 63
205 206
135 196
168 175
201 165
246 91
30 117
250 38
52 70
36 40
249 288
271 286
79 213
57 77
155 164
60 93
276 83
298 25
72 73
75 177
176 210
22 210
82 182
201 173
276 196
32 203
273 133
277 162
221 28
2 108
192 270
66 95
4 60
237 162
11 107
281 286
2 165
292 216
62 69
134 188
230 265
39 123
280 113
156 189
263 2
144 265
183 298
264 289
297 91
82 276
188 196
289 54
95 266
297 125
84 194
166 197
213 60
8 208
9 159
77 179
203 151
280 239
55 70
294 61
242 191
283 294
13 175
15 190
259 193
270 70
122 144
269 77
156 204
210 125
8 62
110 155
25 244
296 46
144 145
0 284
132 174
289 251
225 122
291 37
278 69
257 187
134 234
1 153
10 293
249 156
31 141
277 60
227 119
24 285
116 227
117 130
137 156
279 6
134 167
132 294
12 120
107 129
138 141
5 60
280 146
85 211
223 17
51 100
278 182
24 122
129 228
50 126
260 191
56 244
229 71
250 201
156 299
11 147
280 100
171 194
141 239
49 88
224 236
1 142
104 119
218 115
80 83
5 181
209 255
48 236
224 6
26 73
123 208
297 56
3 16
55 144
50 266
245 133
206 118
56 198
99 142
204 14
87 195
164 283
4 185
277 148
56 292
23 209
189 199
249 97
257 22
287 239
175 229
20 59
107 268
242 69
206 130
82 226
298 191
16 50
178 228
148 196
93 224
254 163
138 145
29 67
299 109
242 67
268 196
46 89
260 123
108 160
247 13
200 180
208 93
273 123
264 20
169 227
223 145
42 215
10 299
286 41
147 253
27 203
1 61
258 79
67 268
53 268
2 3
242 8
201 103
297 165
119 125
227 288
128 247
1 18
40 102
291 88
287 134
217 8
19 123
72 191
38 92
295 177
47 53
229 169
288 193
7 102
60 229
239 100
203 217
226 38
3 131
107 212
225 158
12 51
192 292
261 230
72 109
225 8
229 125
112 230
85 231
297 113
23 222
165 214
82 154
222 108
207 193
52 120
137 261
217 298
224 154
265 59
25 69
117 195
99 172
127 218
275 103
214 121
187 294
179 286
170 294
17 162
23 280
1 88
111 218
272 143
226 89
209 191
235 178
145 229
291 199
268 84
157 166
18 207
261 52
189 191
13 114
290 181
248 107
276 277
4 105
36 78
208 75
210 53
70 255
132 277
4 34
38 297
286 6
248 206
256 187
276 9
106 206
63 188
298 55
281 164
237 158
231 118
291 11
37 188
82 236
132 287
45 260
161 294
70 150
216 81
227 251
286 82
30 126
28 212
226 236
199 260
222 194
118 133
144 211
112 254
17 186
47 96
3 252
264 106
50 290
83 209
150 204
55 67
154 184
250 274
165 277
284 214
67 118
104 277
185 218
298 23
59 181
220 117
136 261
86 198
15 281
77 203
94 183
100 276
129 262
109 124
191 226
244 79
140 179
238 173
292 32
95 201
273 176
212 13
70 252
224 227
162 216
217 160
107 147
22 118
161 171
86 88
26 138
42 214
15 56
232 17
243 93
200 39
205 182
234 136
210 145
249 225
50 182
109 184
49 99
136 237
238 191
58 63
100 200
100 260
143 160
79 188
135 146
44 195
154 260
204 205
205 35
211 94
60 157
7 192
258 134
63 152
62 154
44 228
115 161
277 56
206 27
276 137
2 67
280 172
285 8
47 222
14 250
74 116
247 51
204 186
257 53
220 34
293 55
47 127
219 122
223 2
211 296
93 99
32 244
117 278
255 16
208 280
172 219
26 32
40 252
283 131
35 128
78 246
85 107
18 66
189 258
285 43
237 123
263 182
276 51
111 191
29 59
230 43
30 141
130 153
105 269
224 248
65 168
265 69
10 186
274 27
23 258
235 215
7 88
167 174
268 96
202 102
283 222
254 169
2 245
169 208
126 279
128 229
81 241
191 265
178 279
94 196
295 175
149 175
36 196
259 116
125 136
249 118
10 70
37 196
203 18
215 4
165 244
35 196
20 173
42 74
246 77
258 232
90 97
143 185
66 255
277 145
177 203
6 54
295 193
97 141
282 199
268 202
207 283
150 172
115 135
53 186
1 161
259 239
247 180
44 120
236 3
87 188
274 57
68 186
243 121
94 97
131 161
253 163
201 110
74 151
36 164
77 216
287 108
262 22
294 169
60 275
274 37
293 184
126 186
276 222
279 135
258 136
87 160
292 128
251 198
284 65
48 80
24 83
111 155
253 116
219 46
30 275
110 146
2 87
58 219
250 36
79 148
47 138
51 108
25 61
239 193
8 276
3 167
247 8
241 53
157 288
255 69
225 160
47 242
57 250
131 166
259 88
87 262
96 192
253 180
126 160
107 243
38 94
259 136
207 75
194 213
207 85
63 250
229 112
200 195
13 115
255 10
24 91
55 85
149 290
101 295
11 46
252 31
187 298
5 47
210 164
136 299
76 200
68 211
203 70
242 179
287 35
29 35
54 101
108 146
103 228
151 249
277 152
201 58
231 195
19 288
209 146
151 215
278 140
126 237
14 70
269 182
44 88
297 278
278 189
265 86
265 56
13 276
100 228
266 169
23 199
268 112
237 241
231 9
63 77
53 216
163 167
235 66
245 4
38 202
230 196
68 251
219 239
14 299
122 207
248 36
105 145
17 39
206 162
247 156
282 103
224 43
23 263
268 59
242 143
229 199
108 261
37 227
245 273
21 184
210 98
170 197
86 283
208 45
103 112
282 66
275 29
167 207
276 192
230 81
267 112
226 96
26 215
118 285
237 18
52 197
288 38
216 98
273 141
210 106
205 40
33 131
228 62
25 227
63 241
297 85
283 28
28 252
277 127
159 239
82 233
71 290
149 263
18 42
63 251
122 127
120 258
135 160
94 114
115 234
231 148
19 245
243 74
299 73
247 292
35 175
34 270
80 295
38 118
245 124
230 114
259 76
271 159
263 16
126 157
184 270
164 181
108 219
16 110
112 149
151 169
34 263
229 242
52 177
35 95
30 217
287 167
264 54
176 290
166 298
63 113
228 181
7 62
10 156
197 219
257 20
99 215
145 192
204 104
279 199
15 48
210 74
278 127
162 185
108 114
9 146
185 271
38 295
299 194
129 274
151 175
125 146
209 230
10 221
260 143
234 282
159 250
296 202
1 23
102 152
268 272
59 119
24 190
295 164
46 210
8 294
285 11
221 45
61 104
36 156
280 34
71 243
105 230
260 35
173 287
92 299
103 144
3 87
151 214
66 131
166 189
249 44
202 32
292 263
2 239
66 206
245 93
120 209
140 212
157 256
280 1
256 148
211 117
64 95
88 236
189 225
22 248
142 159
6 179
91 155
155 217
190 192
227 96
260 160
13 125
268 183
49 205
37 52
107 117
221 37
28 254
243 258
208 151
237 191
36 96
264 15
75 157
265 21
30 110
30 154
211 95
201 70
103 220
123 272
166 202
78 128
22 24
267 9
47 280
174 256
2 76
245 120
19 108
290 66
57 281
77 101
229 140
145 268
251 196
76 170
204 162
77 186
209 66
269 118
37 84
288 21
6 34
139 215
280 106
75 152
229 200
219 48
23 223
140 211
27 292
150 260
6 239
16 114
237 92
199 220
283 70
145 282
132 201
103 170
4 195
30 129
69 199
132 284
293 47
62 175
36 201
0 286
218 118
227 112
222 44
42 55
18 111
102 105
271 282
16 158
71 117
28 87
64 79
127 128
170 220
2 255
240 187
106 176
16 217
82 274
287 11
146 214
215 232
258 166
266 162
21 26
279 68
153 181
110 269
37 107
175 226
160 262
229 183
88 149
91 298
114 205
232 275
18 24
295 197
151 275
269 53
244 172
128 240
179 288
157 158
196 205
1 233
21 110
245 269
5 91
144 288
3 297
5 15
264 165
34 189
108 227
66 144
137 233
26 252
255 134
2 291
212 30
207 112
202 186
153 194
256 51
136 291
67 164
26 162
213 174
277 1
291 146
165 175
58 196
144 274
27 123
166 217
147 150
84 298
114 128
211 236
113 134
279 256
16 20
292 250
282 196
251 88
139 223
291 109
94 228
183 283
273 24
290 96
219 0
288 14
171 179
299 223
69 130
59 72
47 148
203 17
34 146
92 131
81 175
198 293
45 118
26 264
240 46
72 177
117 142
5 188
255 168
273 110
48 244
233 65
23 139
15 136
248 185
109 176
190 244
6 216
278 9
220 254
238 232
231 41
57 128
7 115
207 49
246 139
48 132
12 275
281 115
279 49
296 37
213 9
35 120
48 139
290 37
138 189
250 162
30 152
10 121
1 260
218 164
98 212
33 51
48 92
256 236
0 136
271 153
71 264
69 201
246 42
260 155
289 56
253 109
120 250
283 5
101 191
12 80
211 170
200 285
108 163
204 168
104 185
41 169
23 35
60 70
3 75
4 198
184 228
2 90
51 58
296 88
286 54
203 222
95 198
278 45
5 221
131 257
249 66
20 42
291 15
23 172
224 245
276 298
216 108
87 166
18 31
69 228
30 139
7 232
204 155
56 214
93 289
50 95
44 94
201 122
68 140
57 226
244 72
12 266
124 270
4 219
275 123
297 92
290 228
5 254
206 67
287 198
232 74
144 179
234 142
209 168
13 113
39 114
218 212
176 248
226 98
19 192
245 161
272 101
218 28
89 216
202 159
57 199
134 152
269 139
168 183
258 183
206 125
112 292
147 148
5 20
43 65
263 4
292 205
41 131
238 176
50 183
13 52
105 111
46 260
249 264
1 285
105 211
269 128
102 244
60 128
9 65
162 218
16 278
241 130
261 116
130 163
201 37
132 210
68 112
80 130
104 213
156 280
51 292
68 261
88 280
57 139
52 134
65 264
83 93
39 142
254 187
277 287
254 55
15 76
204 3
33 40
142 162
173 193
269 113
225 170
59 124
214 111
156 269
36 246
250 273
254 289
100 104
203 89
55 264
279 106
194 297
139 293
292 199
34 128
47 73
74 204
28 72
18 128
260 99
235 65
21 223
220 101
269 63
83 164
298 123
93 164
45 194
37 190
248 157
253 128
21 31
210 156
44 292
245 84
270 4
19 197
149 275
122 182
0 15
38 200
206 112
99 240
208 61
170 275
127 251
75 116
50 107
240 79
24 268
15 160
140 281
201 297
280 157
73 199
154 170
254 148
228 192
282 162
43 170
8 137
42 216
184 208
45 58
229 110
228 54
11 156
13 43
11 176
249 235
249 130
59 73
280 148
237 54
217 183
166 211
252 137
157 208
13 123
118 123
273 201
163 224
18 113
208 197
10 210
269 186
260 21
42 89
40 108
178 216
277 38
277 234
209 38
117 288
283 197
214 145
80 223
218 82
25 119
260 87
44 266
232 273
125 239
257 226
282 117
253 93
227 129
214 227
5 13
168 184
259 144
251 173
220 169
98 135
3 217
34 165
256 74
29 106
212 108
5 34
259 174
153 227
265 9
67 251
73 292
292 171
13 193
168 254
148 174
179 290
41 107
209 25
141 144
102 233
263 165
237 116
29 292
17 229
230 154
145 158
29 245
17 109
112 176
282 15
77 118
144 298
284 93
287 119
285 121
216 59
55 73
178 206
257 180
150 244
154 267
20 276
291 56
270 294
102 252
223 234
108 119
206 85
83 89
126 184
24 255
52 236
252 65
256 15
35 48
247 175
94 108
130 142
287 57
208 80
273 57
105 180
227 41
286 75
8 17
143 151
36 215
155 199
36 188
108 110
32 221
26 221
201 239
289 78
120 248
207 7
226 262
117 212
32 44
13 102
71 77
165 232
44 74
255 170
122 150
28 122
278 124
164 282
48 274
236 175
61 222
50 97
167 274
34 195
281 125
242 81
33 280
232 264
152 158
249 30
268 30
219 100
210 104
136 294
33 289
251 294
42 224
5 178
7 268
47 212
240 181
259 12
210 116
290 91
89 293
67 91
198 226
258 26
120 293
204 47
24 170
193 261
11 142
248 168
200 235
72 134
114 217
47 110
292 82
204 23
3 179
35 168
255 189
41 58
61 82
241 79
294 115
37 98
73 88
267 284
85 168
138 170
61 76
213 21
14 244
209 50
264 14
71 98
205 105
16 23
153 167
215 44
225 138
267 51
90 184
112 175
119 196
5 86
270 65
48 113
42 278
10 279
276 171
154 181
230 290
149 172
76 246
272 265
146 189
19 200
246 68
151 152
12 49
60 170
19 128
251 229
91 115
73 290
204 265
46 64
182 216
224 35
26 174
269 32
226 66
247 170
255 31
227 145
218 186
52 296
119 219
274 76
77 97
164 231
157 271
280 179
134 176
6 209
200 226
80 165
257 243
39 285
30 229
220 106
25 184
176 269
116 269
105 233
119 255
208 179
213 184
78 91
55 151
52 230
80 152
75 161
244 18
86 138
210 97
295 10
284 2
200 48
205 86
34 152
247 179
198 266
258 70
0 264
238 6
242 168
223 268
154 210
151 164
70 142
32 167
86 174
217 77
56 138
267 273
29 216
62 275
46 179
98 290
211 186
92 201
237 38
37 74
79 267
212 223
184 294
138 172
106 270
274 47
271 158
251 61
91 134
0 112
80 82
294 97
9 283
16 92
33 105
208 34
62 155
241 298
8 235
42 258
77 104
235 13
265 173
217 126
149 245
217 13
158 161
244 63
56 95
252 50
237 238
214 32
271 80
104 132
54 168
292 193
62 281
176 294
217 64
0 215
111 116
20 227
80 164
157 164
291 25
239 65
25 117
80 226
16 46
64 141
64 84
222 13
25 217
264 118
142 149
53 122
22 280
202 19
23 212
212 195
209 131
285 154
202 155
148 184
242 29
277 187
98 194
196 209
268 180
10 93
68 124
62 169
17 178
9 85
264 127
17 137
59 107
110 293
240 291
136 203
8 136
36 131
102 109
253 230
26 95
248 30
5 292
237 127
120 122
60 98
284 237
153 169
45 130
144 194
24 204
247 254
19 69
88 277
228 28
65 95
248 91
270 83
212 12
23 45
39 53
244 115
87 147
229 79
64 276
265 50
240 12
286 69
27 64
250 171
213 192
258 159
143 191
84 273
42 92
210 37
37 79
141 152
44 221
270 16
50 123
296 57
63 135
5 30
18 243
252 80
211 268
215 195
29 233
25 74
122 236
13 269
109 282
40 99
229 197
26 48
283 30
51 222
123 249
122 254
212 66
134 145
150 193
192 255
122 167
144 163
42 126
256 66
202 55
39 45
194 262
166 278
262 272
237 133
251 24
293 145
122 155
203 45
33 187
272 242
207 59
215 13
106 241
193 241
77 224
72 130
234 121
222 34
106 197
73 194
84 92
204 60
122 135
40 217
279 226
35 131
84 117
26 101
89 280
279 2
292 137
57 165
40 92
30 107
209 292
71 226
153 235
81 228
200 9
138 215
245 261
129 196
240 177
218 282
266 189
39 219
208 132
155 203
201 91
1 19
98 178
78 260
89 126
281 40
206 68
124 154
263 178
108 231
257 156
211 151
34 133
287 141
228 281
25 102
29 223
6 177
237 144
139 202
150 215
33 68
161 293
18 62
50 175
24 234
224 153
243 98
74 163
133 251
268 139
123 150
77 263
299 28
243 181
73 174
229 166
233 47
139 172
25 39
6 104
273 100
80 191
70 213
221 23
183 247
269 147
64 70
6 295
89 270
139 299
103 264
92 122
223 281
229 83
97 122
62 137
71 103
54 183
2 91
244 155
260 141
0 270
63 144
129 279
271 72
205 136
279 128
278 165
280 16
48 185
202 97
238 87
252 170
259 267
130 156
174 196
51 171
201 252
299 32
70 175
243 158
37 45
49 78
61 226
111 276
14 41
87 130
252 226
262 90
247 189
283 129
52 237
50 73
221 143
122 279
243 85
123 204
217 69
76 152
69 244
283 166
171 204
77 150
30 285
224 138
282 139
88 245
192 224
295 61
29 145
41 123
193 265
109 296
202 81
260 198
296 97
209 174
240 52
61 184
128 167
35 173
247 77
51 230
50 128
109 127
214 75
185 297
247 52
259 69
11 23
221 81
53 249
237 108
297 69
87 108
161 280
290 128
104 288
47 124
249 62
250 112
103 289
146 185
27 180
12 294
61 195
60 237
104 245
81 98
6 99
39 225
229 170
56 106
230 156
100 198
127 247
110 127
225 48
259 196
110 271
98 261
219 37
288 253
23 34
123 195
45 53
277 164
12 287
122 272
282 128
85 192
203 163
122 174
241 257
258 261
20 88
225 273
144 175
52 189
225 69
4 75
72 163
0 116
60 298
15 201
270 186
264 12
121 138
132 200
103 231
11 41
257 139
17 21
54 88
263 203
283 165
32 152
255 246
279 115
91 272
249 2
256 142
5 65
3 85
172 246
252 255
140 180
174 242
101 160
57 134
164 276
250 12
172 198
20 185
206 214
188 212
105 256
179 211
224 37
145 286
253 71
32 109
136 283
21 264
177 235
28 241
95 99
254 71
205 98
21 145
88 122
46 121
272 171
240 228
236 6
244 27
118 251
293 143
77 145
84 188
106 208
76 186
1 10
61 243
221 96
26 274
12 125
107 216
236 255
259 8
88 113
284 37
76 182
5 183
291 168
238 11
115 152
151 221
148 203
222 170
28 275
268 62
285 51
2 173
287 53
286 100
81 171
281 292
187 218
270 140
213 126
257 181
18 222
89 199
204 174
287 112
4 150
90 163
257 73
43 290
15 170
46 156
257 189
228 17
76 90
292 178
234 35
5 36
232 236
15 74
297 157
294 29
188 252
214 89
41 214
1 50
4 193
19 56
268 116
34 84
5 122
75 253
251 92
88 145
48 69
1 168
22 162
104 286
33 126
238 226
29 110
6 192
82 95
273 193
279 65
118 259
44 270
221 128
229 216
38 123
263 252
61 182
115 230
294 49
105 277
112 221
145 201
275 243
192 241
219 271
253 20
40 73
42 254
294 68
237 13
194 209
110 126
3 185
144 168
58 240
273 37
42 67
260 285
281 232
215 109
27 205
98 134
189 233
66 83
209 263
275 165
8 120
57 206
252 131
33 136
207 156
201 63
5 154
31 108
67 155
62 113
4 229
291 119
281 49
264 109
282 52
90 256
159 171
12 210
42 223
265 15
297 40
261 11
273 242
86 247
299 228
114 142
225 43
35 104
89 290
264 157
242 257
282 104
202 80
225 51
138 139
47 135
128 234
22 284
197 235
238 74
7 161
281 72
80 213
133 289
224 273
260 9
192 271
173 255
54 76
295 12
44 193
16 183
281 103
40 41
286 148
287 20
81 280
84 167
19 191
248 108
285 29
274 111
162 193
149 250
217 46
234 209
65 96
155 194
237 193
77 95
2 133
296 83
85 143
141 270
19 122
267 144
79 265
125 213
154 262
296 207
169 286
49 120
276 18
229 92
58 141
288 107
113 262
185 259
264 171
11 119
23 164
140 297
55 124
157 171
227 249
280 292
68 262
284 101
229 186
75 289
290 49
215 50
239 215
27 207
28 160
39 220
154 179
41 267
70 244
165 230
144 235
91 279
222 141
253 1
255 147
299 0
122 147
283 182
236 254
35 157
268 89
241 35
90 104
15 253
237 39
49 164
52 196
286 182
97 213
55 166
155 210
101 122
52 98
290 64
215 116
4 79
102 181
112 131
252 254
284 221
7 230
217 93
78 127
216 75
107 225
212 247
269 183
66 135
223 200
246 215
58 111
23 37
223 78
57 144
292 164
11 65
10 102
268 44
129 144
295 182
80 161
263 158
116 280
56 274
161 222
209 224
60 127
72 131
46 149
205 295
2 195
8 25
44 152
253 285
91 159
276 293
71 101
235 18
58 161
272 161
52 295
255 263
205 150
289 39
31 142
233 261
91 99
60 217
282 22
64 119
134 203
219 13
30 85
268 162
107 292
94 243
208 51
265 36
95 215
134 173
178 196
230 153
152 291
259 157
169 187
242 99
282 258
129 263
299 182
41 233
51 57
141 161
147 279
289 101
288 102
272 77
255 77
39 161
57 178
230 170
29 79
299 143
63 290
65 91
268 122
12 60
165 189
290 61
240 121
286 32
19 272
149 220
66 126
252 86
5 44
256 179
4 39
284 294
47 249
136 166
239 250
9 45
243 120
12 161
172 174
131 186
261 118
110 183
266 86
78 251
241 124
95 131
171 199
33 142
117 258
218 77
74 78
2 69
278 294
278 210
246 95
257 244
84 95
14 124
221 2
65 229
221 164
244 75
289 12
79 143
73 184
3 82
50 293
97 282
106 230
20 32
102 127
62 272
66 160
152 283
218 195
82 273
194 211
22 63
68 274
166 264
213 27
32 62
280 55
257 13
34 132
291 288
179 219
79 243
121 126
144 271
54 197
109 183
19 59
161 221
166 238
225 19
204 49
148 178
37 71
272 132
55 177
260 157
33 253
47 133
277 110
158 292
83 98
83 238
255 94
234 193
98 258
14 211
249 139
217 75
268 6
286 296
194 252
135 136
54 82
126 239
208 266
63 123
244 160
168 196
239 20
179 259
207 62
121 226
186 230
214 164
118 222
6 32
250 92
17 32
235 254
152 258
5 274
9 299
248 35
259 53
202 277
97 191
180 293
208 203
256 259
269 296
40 188
31 79
251 273
249 1
237 90
240 14
61 177
17 278
22 92
73 202
37 89
12 134
232 98
39 252
249 132
178 184
29 104
68 255
55 265
57 102
244 44
40 100
174 215
221 77
65 244
155 197
298 125
278 205
90 234
2 264
38 86
247 21
267 170
75 112
188 240
6 269
272 154
129 164
264 102
211 164
261 65
253 14
38 235
206 198
54 136
122 294
287 95
231 79
233 260
44 65
218 114
266 61
116 123
296 174
100 274
234 133
222 65
224 109
54 265
13 260
8 10
264 257
16 172
38 170
11 257
222 46
120 133
116 244
121 298
170 204
39 295
274 199
276 34
217 92
95 175
256 94
126 137
259 6
94 199
116 286
90 190
59 128
102 218
45 215
163 225
30 240
147 207
275 57
84 147
286 24
276 289
247 161
36 127
219 266
3 68
120 236
162 209
138 192
35 41
76 273
53 73
247 241
142 278
103 168
202 4
40 65
215 66
15 108
222 130
68 253
181 224
102 123
32 290
233 94
10 205
270 158
119 296
282 91
222 115
29 266
264 204
8 265
91 207
157 235
164 174
294 175
146 292
193 275
78 114
73 287
23 70
297 60
93 203
112 295
109 134
36 289
290 153
194 232
263 11
56 75
46 111
254 274
35 126
67 245
295 152
81 96
206 61
103 234
9 59
256 59
91 197
289 184
288 67
142 288
186 295
211 75
222 171
3 27
14 101
212 65
0 34
281 159
2 112
295 133
266 250
260 222
28 66
161 276
209 119
252 27
77 146
245 298
197 236
55 171
66 196
152 285
233 57
46 175
144 160
257 263
17 107
285 60
158 240
38 147
32 55
224 124
263 7
217 98
15 267
194 258
243 46
22 49
165 181
68 99
229 57
66 140
276 81
13 268
107 237
264 97
105 188
32 110
178 210
246 250
131 221
250 127
289 67
63 191
260 80
202 183
196 256
230 255
52 113
41 59
271 195
254 35
2 288
279 143
272 125
38 233
275 138
223 20
219 20
20 282
247 35
235 50
234 129
94 169
202 122
28 124
75 184
117 239
84 239
91 138
55 147
84 297
16 167
52 157
142 191
267 174
284 266
244 162
263 282
37 85
76 99
134 182
48 125
227 140
264 112
100 226
228 27
260 236
1 263
253 34
154 271
95 257
138 277
200 5
114 262
65 149
204 52
259 166
162 274
70 95
98 268
284 129
297 57
234 166
57 236
262 53
29 158
208 60
269 11
172 251
280 155
235 22
133 166
209 225
35 54
59 168
139 156
287 185
121 270
241 34
152 198
105 139
55 259
223 149
25 283
263 167
219 166
14 147
35 284
27 242
292 278
259 7
39 79
57 120
213 92
43 299
247 2
75 141
37 62
76 115
204 216
76 243
234 278
217 24
180 251
293 190
6 256
221 171
10 105
106 205
265 52
58 60
294 268
272 277
163 250
278 47
225 227
288 217
18 155
258 229
134 149
107 124
277 49
65 276
274 296
286 272
75 109
222 243
96 258
277 236
161 255
131 208
283 217
284 264
267 237
0 193
235 297
40 279
265 161
223 31
256 189
99 170
118 270
227 70
159 230
279 145
233 98
271 216
272 32
59 61
79 147
243 89
210 60
210 59
225 47
241 103
28 76
172 220
230 157
30 127
165 202
64 229
214 147
254 32
28 289
84 191
203 149
74 98
230 117
245 28
73 267
197 222
47 99
267 114
47 202
179 282
81 161
164 267
96 270
143 145
90 252
82 242
181 255
259 80
2 134
149 286
287 254
256 12
276 157
248 196
121 216
223 196
27 106
278 22
10 120
286 185
126 216
189 206
88 175
99 149
55 262
235 59
230 235
91 208
164 207
287 65
265 57
28 53
52 146
118 149
291 143
272 26
271 49
12 243
213 242
183 187
128 152
153 238
248 262
1 283
21 44
113 286
120 131
86 105
292 141
30 287
272 5
10 108
62 164
262 182
18 162
235 36
173 195
21 205
253 286
263 192
234 97
246 138
56 239
22 67
129 212
98 238
207 261
242 218
85 139
133 172
265 181
267 292
273 56
160 251
244 140
202 161
76 257
246 248
240 6
251 279
256 89
235 221
211 247
245 35
11 228
299 112
9 50
244 151
294 18
209 136
114 270
185 227
231 128
232 282
55 57
241 196
176 255
283 61
85 239
0 106
222 43
281 199
271 103
246 62
7 26
119 261
16 53
107 264
294 1
264 114
131 174
261 120
226 20
65 76
88 134
23 191
296 99
229 31
267 32
267 255
180 192
201 49
109 249
36 133
8 143
166 169
204 95
172 177
246 71
17 73
212 40
75 278
181 215
241 19
280 151
57 171
26 242
251 207
218 233
59 199
284 183
220 50
0 244
40 162
81 91
279 195
92 189
13 92
284 142
207 188
76 223
268 10
263 93
249 114
125 203
186 248
18 295
72 210
227 86
242 197
274 184
254 261
103 196
26 255
299 147
214 213
163 271
238 193
124 275
146 170
247 255
276 31
38 48
251 178
271 161
263 172
269 209
205 272
245 56
263 275
22 294
181 245
299 23
129 239
14 45
259 40
244 131
185 209
190 279
170 199
195 244
15 68
57 208
211 228
272 237
59 189
116 132
203 190
60 145
157 189
53 79
7 44
6 228
62 224
1 48
11 232
155 200
29 204
246 100
293 141
245 101
174 180
283 210
298 135
159 225
224 70
67 107
90 233
57 84
162 166
274 159
276 193
292 249
131 197
204 107
284 219
74 119
223 43
3 19
154 286
149 240
83 256
74 145
84 156
254 190
236 191
84 229
53 286
24 117
245 63
55 76
204 178
289 27
22 279
265 270
235 80
35 171
177 257
233 62
163 244
9 44
90 123
293 151
34 100
251 103
5 88
285 68
25 194
0 103
28 35
211 198
211 121
105 245
43 191
262 246
294 37
70 159
174 197
160 166
114 203
57 277
208 38
49 102
174 288
69 185
48 124
22 161
131 207
49 240
118 228
292 9
16 200
179 183
214 28
247 158
18 19
166 187
297 31
234 284
206 278
54 239
244 161
61 248
133 163
235 129
125 296
32 94
21 135
84 181
71 268
227 253
36 152
58 81
166 251
83 293
272 37
23 55
244 43
123 271
275 85
135 255
259 138
215 93
20 187
286 128
2 78
59 79
106 143
215 88
143 234
110 159
230 238
266 105
255 21
94 157
49 245
111 157
15 208
5 163
219 76
286 37
220 55
89 255
45 269
297 2
219 161
282 250
129 184
171 198
225 10
125 216
233 163
101 288
46 238
74 102
157 178
51 84
273 58
60 209
194 227
240 191
226 6
277 63
0 151
111 195
163 178
283 110
154 228
152 181
279 247
44 95
91 193
264 187
156 178
256 138
92 198
12 162
160 294
30 62
298 75
202 260
297 180
54 108
147 216
52 158
276 271
107 271
117 290
272 234
205 48
179 274
84 94
11 89
11 277
62 234
283 265
60 64
46 141
2 210
249 238
44 63
91 96
280 205
44 75
8 60
77 259
278 261
202 144
31 123
261 42
6 75
100 176
157 291
281 264
56 201
93 152
39 284
104 274
213 108
111 149
82 151
288 96
75 275
229 106
72 282
286 136
281 101
272 231
48 151
145 199
254 153
168 233
43 151
18 288
80 263
221 18
284 8
250 238
56 65
202 136
32 63
276 84
65 81
266 73
105 112
204 134
268 137
135 215
132 166
202 146
44 69
1 109
281 0
52 126
21 263
298 85
238 0
11 28
266 185
31 225
60 187
192 220
267 265
201 243
243 268
70 110
64 66
30 225
276 69
61 129
270 159
225 141
235 37
93 264
131 270
224 76
89 190
235 187
73 164
69 178
127 214
269 115
296 73
242 42
228 16
168 241
53 214
29 240
4 280
291 92
247 38
4 26
12 15
229 126
131 276
91 106
278 60
169 221
