272 288
203 244
39 219
86 277
255 288
66 297
42 269
126 135
81 144
43 236
108 165
127 249
99 282
49 61
0 244
189 204
268 275
47 279
105 134
206 269
21 103
45 265
229 269
77 130
289 269
101 258
156 259
15 166
37 217
62 159
24 132
204 243
98 217
82 206
227 272
287 262
284 175
40 185
91 173
217 252
296 147
154 184
11 97
195 288
194 244
287 156
18 117
283 86
28 175
151 251
204 228
256 266
299 66
122 229
26 142
30 274
103 129
18 260
299 91
48 82
116 231
184 250
51 157
16 86
61 108
292 210
225 245
242 247
222 280
194 208
160 253
21 155
23 265
62 215
8 43
29 131
152 207
290 176
74 254
3 203
44 59
3 8
189 254
293 15
84 282
2 204
45 134
107 248
174 208
292 50
225 246
287 62
43 75
95 210
285 138
11 86
283 226
93 134
158 279
231 232
146 214
147 203
145 243
25 122
46 162
18 281
19 255
296 97
5 191
199 276
91 124
221 294
187 293
269 298
109 163
48 291
86 216
18 106
214 292
276 278
113 265
128 235
73 264
82 231
59 182
96 134
290 286
293 200
87 283
119 128
148 263
53 189
41 64
36 298
94 257
151 230
298 144
289 213
229 240
297 265
49 85
96 169
110 126
14 57
181 289
94 183
140 205
169 214
17 246
284 71
24 202
103 154
49 109
95 104
285 132
169 186
116 170
41 107
83 209
102 287
11 296
50 192
98 100
207 265
248 289
80 207
209 298
223 225
143 277
5 38
122 255
270 287
169 191
293 126
242 250
24 191
241 265
210 239
75 185
4 99
108 169
88 262
225 227
294 173
199 279
99 213
84 182
233 258
30 217
37 82
67 199
216 220
292 15
177 288
40 72
131 202
124 151
163 279
285 148
220 227
144 227
77 111
139 241
148 211
3 172
200 290
13 178
2 143
5 146
93 198
51 61
90 242
157 271
74 159
75 145
47 202
164 196
77 182
297 177
93 228
77 217
50 291
200 271
117 137
200 242
188 262
112 199
273 287
45 103
1 240
174 277
77 151
108 248
140 202
82 199
45 219
142 296
180 252
124 203
260 289
154 287
23 233
91 251
126 283
169 180
45 204
17 111
206 260
253 273
180 217
212 215
160 258
165 236
47 297
21 292
110 299
0 185
127 197
95 237
33 221
170 204
27 122
78 223
53 162
25 144
11 21
223 252
66 146
14 292
195 221
106 190
116 294
169 260
116 251
101 112
95 202
80 229
3 42
22 247
15 43
2 298
154 268
104 158
291 69
82 138
63 91
169 177
123 225
208 248
294 231
286 69
38 278
10 222
209 230
39 199
104 130
232 241
166 285
51 214
211 263
106 257
17 268
38 82
181 200
88 264
96 196
1 129
70 85
66 83
110 248
79 119
290 0
99 210
46 160
233 291
149 183
20 193
282 245
137 202
26 159
92 114
117 281
113 210
166 259
23 221
8 229
242 249
84 147
85 174
69 128
15 186
174 284
75 176
291 66
5 133
96 136
38 275
50 197
46 119
123 232
276 281
4 29
289 172
138 205
282 139
204 278
121 260
84 206
45 61
291 155
59 113
15 298
26 55
48 103
116 136
299 23
9 279
35 188
41 172
153 273
6 128
172 245
280 0
96 190
3 286
51 90
123 262
61 276
33 98
79 249
45 140
74 232
261 274
34 218
286 110
97 220
55 264
71 110
73 224
96 159
106 153
20 53
72 279
28 249
226 275
54 81
57 271
152 255
24 290
185 223
124 215
127 258
22 136
49 251
89 172
140 172
116 249
115 127
109 285
147 201
229 264
15 144
119 236
5 164
247 268
98 226
146 280
143 248
61 206
31 149
105 263
73 149
124 135
210 258
44 175
113 281
132 250
46 49
1 78
156 213
62 121
36 237
190 297
27 127
93 141
211 217
54 298
153 240
2 49
130 189
145 234
45 287
11 28
3 280
281 262
283 212
295 122
121 156
0 216
114 207
151 173
64 125
27 109
19 153
292 267
70 252
296 218
79 274
294 243
199 255
151 214
233 274
170 177
50 152
88 156
24 272
111 187
49 150
0 254
85 267
3 24
91 252
118 298
220 286
68 123
85 257
122 200
38 266
164 294
57 89
119 233
3 98
24 26
127 142
0 5
149 169
131 230
101 127
288 135
6 53
13 154
285 250
89 138
60 268
89 110
10 281
11 54
4 5
255 264
119 270
292 117
128 244
36 174
69 220
57 75
96 177
38 257
127 246
99 201
74 249
114 133
282 50
281 261
55 60
178 258
118 158
56 218
51 238
152 245
134 147
90 181
288 200
71 271
163 190
0 182
296 245
9 124
184 296
27 270
25 254
239 294
25 168
187 264
49 256
110 146
42 143
10 71
85 177
64 105
296 207
57 277
144 206
292 58
35 177
213 264
183 241
38 298
3 13
183 246
39 74
135 213
129 140
53 290
87 291
73 142
163 240
91 191
182 257
112 292
208 243
159 270
86 153
85 276
60 190
57 287
30 198
213 272
93 113
30 205
292 261
20 63
37 128
151 274
219 239
129 216
288 21
272 279
102 181
143 170
92 222
135 165
5 158
83 185
55 122
97 294
78 206
14 246
1 15
47 183
194 296
41 95
88 247
166 224
284 229
53 140
286 267
221 268
203 281
83 149
109 141
18 188
100 178
52 110
85 213
22 286
43 50
130 219
73 208
8 210
221 276
184 291
51 68
295 188
0 186
48 180
135 221
38 103
5 217
242 275
281 14
11 201
146 284
63 246
228 296
17 158
192 260
160 163
120 208
54 290
91 119
162 260
13 268
67 156
123 240
87 125
34 288
187 259
134 166
224 277
157 287
108 241
205 279
21 86
137 191
144 181
97 265
99 195
290 223
41 180
262 284
159 162
121 165
285 251
141 259
104 125
231 244
287 20
98 184
127 237
138 149
130 131
33 266
150 220
26 59
118 211
230 266
61 299
287 190
290 27
22 281
195 287
1 185
297 279
55 147
113 143
299 158
23 235
97 161
75 246
185 192
297 110
0 189
181 258
299 200
203 204
229 262
285 262
256 276
299 231
91 197
196 295
22 267
62 200
8 22
87 94
88 95
243 249
116 151
84 258
204 258
31 269
200 218
149 195
103 254
117 221
180 296
74 169
206 276
57 133
57 267
3 137
55 71
126 175
51 262
277 294
286 166
72 291
262 263
218 252
163 209
0 179
155 249
195 200
164 284
282 170
130 162
135 239
97 179
35 224
289 21
20 23
282 10
208 265
85 251
36 248
183 288
154 167
31 220
6 198
79 228
82 273
287 135
106 123
53 204
291 222
100 194
33 152
293 207
112 257
149 261
157 236
203 243
297 29
282 124
243 279
62 82
245 287
92 199
24 40
36 158
105 274
168 171
84 123
137 273
13 138
124 245
187 208
136 275
40 82
203 225
292 118
48 104
221 284
9 137
298 57
197 230
10 16
33 102
283 285
3 176
61 154
46 294
137 265
286 141
137 190
288 104
43 192
48 220
4 191
193 197
116 193
25 166
14 214
178 203
145 281
44 286
116 277
52 114
201 268
196 200
192 225
265 279
7 23
94 234
4 104
284 173
18 135
243 253
142 231
64 117
143 216
293 19
140 232
296 203
185 210
104 236
294 76
0 88
44 126
70 207
152 262
90 121
55 78
40 253
116 176
36 175
285 98
21 149
68 239
133 201
11 223
22 284
19 145
287 204
190 232
245 257
174 234
56 102
26 174
298 134
31 225
180 196
48 288
200 219
9 117
62 280
286 221
99 120
76 254
187 243
71 280
205 269
78 285
6 57
16 205
83 241
102 220
18 83
63 193
298 206
82 192
50 83
24 275
24 28
166 202
157 226
126 138
73 143
298 137
67 272
140 253
280 33
20 195
74 128
172 214
105 260
52 120
74 299
76 138
284 48
26 269
55 192
277 282
291 267
0 101
139 225
66 72
165 256
89 266
1 56
280 122
39 217
112 114
280 124
5 228
218 234
121 263
22 109
52 193
63 104
161 284
178 259
95 170
26 278
33 81
22 263
38 113
6 95
83 216
195 274
104 285
56 289
48 61
66 240
170 180
8 70
99 171
70 263
11 81
26 116
128 143
51 176
85 191
92 170
62 264
84 251
297 219
166 241
84 100
66 77
91 164
124 205
232 246
218 262
297 161
193 204
209 296
290 136
86 208
148 295
28 99
33 173
35 40
290 149
63 155
299 214
170 241
110 232
5 7
68 160
70 100
172 269
215 235
281 111
49 180
93 175
202 210
203 271
57 101
289 226
104 209
290 238
193 225
105 160
68 93
4 208
287 184
175 267
283 215
237 271
103 189
213 234
6 30
191 273
5 161
280 279
126 250
12 196
293 163
41 246
41 261
153 157
25 255
136 269
52 162
145 213
147 226
97 222
205 206
100 263
118 248
78 224
26 66
49 156
11 242
88 185
139 230
252 274
61 297
70 112
8 248
18 262
3 93
26 145
146 207
22 270
75 191
41 111
89 256
16 261
117 194
2 274
84 98
182 221
93 119
294 112
247 289
200 247
117 252
113 188
145 196
118 178
218 286
91 182
103 292
230 249
230 295
96 274
49 265
228 248
280 142
158 237
42 288
151 247
281 228
267 277
2 92
61 173
57 224
142 254
13 100
271 284
174 218
14 284
29 204
4 38
55 255
115 272
68 245
27 298
3 210
60 151
26 81
69 77
104 178
43 198
5 134
20 135
90 199
112 204
37 257
91 213
75 265
21 32
105 111
103 171
16 99
82 144
63 281
168 242
158 228
89 135
80 136
157 293
46 116
177 235
19 139
199 239
5 79
290 137
109 185
30 65
87 163
70 126
200 234
46 179
178 254
294 170
15 274
79 141
29 86
147 156
120 222
147 152
68 219
94 263
91 172
204 255
101 185
18 73
199 259
197 243
47 260
30 189
138 187
201 266
37 165
136 147
83 249
73 108
0 247
16 192
157 299
238 286
278 292
164 199
294 206
90 158
250 286
147 196
38 120
100 222
218 269
99 211
78 272
154 172
20 249
110 186
294 217
15 239
13 169
299 115
58 274
206 237
197 244
48 236
34 140
71 81
293 93
91 196
38 147
114 187
32 166
195 232
136 156
3 204
117 165
251 268
10 277
134 202
30 248
97 99
21 182
106 234
298 59
61 171
236 280
294 42
27 105
46 121
246 280
139 216
168 272
13 53
38 41
57 94
171 251
37 246
123 125
207 264
184 216
298 194
225 263
133 192
37 213
69 187
33 281
198 255
4 121
2 285
63 103
5 100
69 188
112 286
123 230
149 216
38 90
54 67
62 93
56 159
46 135
286 11
13 132
147 242
8 127
33 214
2 129
298 265
59 248
98 221
99 234
53 60
75 184
3 206
84 287
298 251
32 190
84 146
293 214
127 204
229 297
122 210
21 296
166 257
119 198
219 238
287 0
160 171
93 261
94 212
75 273
293 7
250 271
43 152
8 156
185 284
50 146
227 237
100 215
78 292
19 74
124 264
74 253
202 267
109 138
294 70
43 245
120 297
31 234
59 129
217 293
221 264
21 117
283 140
219 249
80 146
173 196
53 158
134 218
32 286
101 296
164 250
47 121
124 281
76 277
214 250
153 257
8 277
11 252
289 14
57 211
294 85
294 157
14 229
102 225
162 194
216 217
117 177
17 230
62 160
108 196
21 186
213 222
76 289
124 184
167 293
50 167
122 151
101 160
216 227
86 245
110 295
15 101
73 268
133 231
118 235
85 254
47 146
299 209
114 297
90 171
1 170
93 145
267 279
84 158
27 148
282 128
48 85
56 123
68 286
89 125
282 209
292 53
41 47
93 150
180 197
36 275
297 123
174 255
18 133
24 128
181 297
289 106
105 137
247 278
62 268
51 164
283 6
52 222
97 108
39 292
122 203
154 187
115 235
23 285
296 26
13 62
22 229
166 203
289 231
222 229
28 139
5 74
15 235
142 265
296 138
29 249
298 231
3 120
11 180
58 171
199 295
2 144
276 293
28 55
281 118
177 290
162 241
27 115
163 200
114 171
31 120
112 276
21 157
134 293
156 194
56 87
12 77
57 274
62 282
119 274
168 263
12 93
43 243
10 35
87 213
66 87
71 102
239 287
221 271
68 197
86 107
36 147
113 126
64 240
9 41
251 263
48 118
122 186
64 251
57 236
13 29
186 249
13 209
294 83
54 253
70 253
291 278
38 187
6 73
56 243
50 56
122 265
51 159
73 93
62 229
195 296
102 279
128 171
254 271
133 294
3 22
24 146
209 281
221 262
28 58
148 277
149 213
11 131
43 247
297 131
84 243
285 128
158 159
10 229
276 286
15 91
66 108
128 184
28 162
31 195
12 185
118 157
242 264
172 196
288 244
142 182
117 163
63 252
146 149
50 195
163 188
41 228
221 269
166 218
104 147
55 220
3 10
40 213
69 237
296 99
193 276
201 258
99 240
100 224
21 217
282 133
93 264
294 111
154 176
203 261
132 140
80 251
290 11
28 41
37 286
90 234
177 198
39 196
167 299
33 218
95 274
102 103
64 134
23 113
56 230
91 232
9 280
62 260
129 178
49 62
201 233
45 291
24 209
172 201
45 251
128 270
136 261
290 184
107 138
30 186
202 214
284 131
216 280
199 289
48 156
154 262
16 275
73 133
197 220
235 247
148 157
163 193
287 213
76 200
9 250
234 256
70 171
178 206
20 288
162 246
20 174
4 109
29 49
11 196
63 229
281 55
159 271
13 140
78 186
64 272
33 254
25 242
86 91
96 178
293 112
102 227
9 239
243 277
44 172
104 141
286 143
226 243
294 26
37 182
170 268
178 263
214 217
72 214
146 167
5 267
255 297
170 219
213 276
106 229
41 260
82 84
292 41
32 218
125 251
295 160
293 222
71 252
56 148
144 217
109 117
231 276
209 270
285 289
157 267
106 246
27 78
115 206
187 254
4 299
37 93
124 218
85 127
52 181
289 155
101 120
100 128
63 263
131 177
288 259
91 295
115 225
71 89
220 283
62 111
86 264
0 132
2 71
111 191
249 289
74 78
41 211
286 265
21 123
163 202
26 181
142 285
32 274
118 124
27 123
169 294
110 150
130 227
42 196
111 246
110 121
11 256
297 139
232 257
89 159
98 259
57 148
68 73
101 104
70 80
8 275
83 123
31 50
119 275
74 187
140 291
110 269
123 215
187 260
283 67
119 210
223 265
287 221
63 243
281 218
12 222
45 203
101 252
121 122
14 172
106 208
45 146
182 185
183 198
173 184
285 144
20 254
61 199
219 273
77 230
117 146
297 119
189 290
129 150
124 256
128 281
33 149
81 97
54 282
161 216
36 151
252 265
79 166
292 185
82 229
103 203
167 187
94 99
36 218
66 226
133 258
45 225
62 263
101 147
39 84
13 24
65 222
285 156
17 143
154 173
189 261
8 180
102 253
114 258
15 71
47 223
219 240
64 264
35 52
41 187
149 259
5 92
99 242
2 164
171 273
0 39
11 227
96 133
280 5
119 194
89 157
293 34
52 205
163 229
295 158
287 70
66 264
96 212
97 273
16 68
100 244
185 285
51 132
41 271
8 261
243 271
167 294
106 265
24 238
111 135
152 243
2 257
213 239
197 262
63 210
8 147
195 248
75 163
44 206
57 266
30 46
95 132
40 77
69 289
161 166
128 157
169 188
174 296
15 216
33 42
65 227
145 250
240 271
184 269
158 219
67 237
215 263
175 186
90 221
106 214
82 297
288 160
48 186
281 293
184 281
47 169
159 165
267 296
130 145
110 215
104 235
295 203
40 249
174 232
60 202
250 289
179 262
61 114
0 75
201 284
14 269
11 98
229 252
98 261
47 287
43 280
146 248
35 154
39 139
230 291
72 278
34 258
196 272
194 269
17 37
30 134
86 238
85 165
77 87
132 187
255 258
36 265
113 246
80 219
265 278
296 253
4 280
32 114
9 168
77 117
23 110
49 99
106 151
4 36
29 130
93 120
96 152
23 33
22 61
7 291
109 238
31 121
80 236
84 145
184 256
96 141
0 113
169 248
291 150
284 128
46 90
21 139
82 294
24 178
249 254
21 61
46 95
21 122
154 175
33 225
194 293
64 270
80 218
39 289
291 0
25 131
27 68
107 247
20 92
281 87
112 208
89 182
296 73
212 251
73 96
86 105
53 262
68 271
43 160
280 120
296 41
77 294
144 232
110 122
34 82
33 101
130 135
121 179
53 222
4 73
181 285
82 89
40 285
53 207
53 279
104 110
20 217
238 258
68 161
106 247
178 199
62 286
292 66
0 37
185 296
28 201
181 243
84 269
72 111
1 60
44 287
285 14
173 174
80 228
2 281
25 298
160 214
254 264
107 294
143 209
111 219
170 212
296 67
149 225
81 173
21 276
54 248
99 271
164 210
242 288
136 170
123 200
160 213
182 286
115 139
101 225
57 256
293 116
295 206
127 194
89 237
266 271
297 112
111 236
59 219
64 109
135 296
72 208
81 151
18 291
93 107
18 154
45 257
96 289
81 297
2 8
160 193
287 178
101 204
29 287
34 279
31 72
191 207
115 214
147 237
285 157
6 97
97 118
45 128
60 204
220 255
288 6
298 51
97 169
2 36
107 129
75 178
129 172
113 180
53 156
12 257
212 225
249 282
104 292
39 128
83 292
72 210
32 196
118 229
283 236
136 195
197 282
120 240
199 208
223 274
170 229
31 42
136 186
134 175
77 180
89 243
77 110
204 295
148 259
17 81
34 274
203 232
127 265
72 237
82 85
209 215
159 216
17 122
32 288
62 172
6 297
15 59
125 288
104 280
286 195
6 107
55 168
281 213
299 222
3 17
55 191
97 275
47 179
87 200
94 189
285 116
156 209
92 137
74 79
18 20
78 166
40 178
68 276
52 163
240 263
128 276
83 193
289 170
22 261
38 232
282 229
37 67
60 121
18 286
0 181
287 115
293 76
286 137
282 184
17 271
85 98
122 230
213 290
226 256
218 255
37 212
159 299
151 187
185 203
59 68
150 263
28 192
0 294
110 171
48 218
88 254
160 296
200 262
52 172
12 49
220 272
105 289
105 261
292 126
88 141
29 92
105 178
6 11
173 281
94 163
25 69
121 135
39 281
270 281
2 18
59 103
178 185
82 256
240 282
147 208
36 52
45 142
103 241
117 158
14 268
181 212
68 210
6 48
148 205
185 231
165 239
2 30
250 288
177 282
211 254
63 290
33 71
299 2
292 270
17 251
63 203
281 78
5 91
39 191
98 132
66 138
9 267
281 254
127 299
283 32
32 263
223 238
134 196
296 157
39 154
129 193
5 201
140 210
109 114
19 223
16 197
292 237
187 194
14 76
281 204
11 50
31 233
95 295
79 222
102 243
180 293
295 240
80 94
16 172
22 49
147 183
47 288
0 128
9 197
290 182
40 159
6 174
35 179
85 162
20 102
169 266
105 204
124 167
239 249
67 225
65 114
190 253
61 227
216 285
11 166
128 252
69 166
14 129
283 145
154 270
21 188
23 85
214 277
61 255
33 39
96 147
284 209
297 176
22 82
31 105
282 131
59 207
23 262
114 238
0 31
33 91
19 155
117 167
129 228
137 222
48 121
78 230
108 113
73 234
298 296
299 92
75 261
27 254
280 82
3 294
252 268
227 264
134 246
5 59
29 40
299 18
240 256
124 240
130 155
285 245
29 283
45 175
187 220
30 137
213 240
218 288
52 65
3 128
98 238
74 206
4 216
92 216
286 274
201 263
119 171
284 28
31 140
281 175
1 128
212 227
298 164
36 286
281 109
157 253
58 247
191 266
112 253
6 117
88 266
51 71
167 254
116 223
80 97
135 263
161 256
82 111
26 56
43 57
75 134
206 289
110 257
284 270
205 234
45 214
35 79
75 171
294 148
12 103
15 271
194 236
241 271
22 250
216 262
102 167
95 113
16 84
42 299
168 252
186 199
158 255
239 291
291 238
84 86
60 252
115 180
13 69
11 72
119 292
33 295
295 105
281 92
283 255
291 223
169 249
46 191
76 262
117 291
85 129
107 257
146 205
16 244
112 153
61 75
25 213
154 246
146 151
95 266
156 268
129 137
112 219
240 287
82 205
287 227
201 212
35 123
75 196
75 103
178 241
5 83
289 78
57 185
244 282
194 203
283 235
70 154
35 208
79 89
4 67
42 45
193 299
68 87
175 216
8 125
9 214
260 299
4 198
287 100
241 249
191 193
7 93
17 84
22 85
129 227
254 276
77 175
280 57
57 80
63 138
160 274
166 207
99 266
121 123
27 193
151 263
246 274
298 193
3 227
248 259
49 152
166 167
74 112
288 35
142 148
65 118
31 275
36 152
296 93
253 261
73 114
3 208
112 196
131 133
113 189
203 289
8 33
52 244
115 245
72 157
46 266
144 256
97 126
88 222
228 280
145 291
89 233
167 179
125 155
48 138
78 282
296 196
173 206
7 94
11 270
287 9
1 95
35 183
23 289
65 201
119 190
44 56
175 280
66 258
33 165
204 273
4 45
137 224
73 102
286 254
299 141
73 251
258 261
10 92
138 220
10 298
57 193
217 273
202 297
108 143
13 126
52 246
153 204
138 185
3 61
161 174
98 158
222 262
48 257
243 274
182 262
31 211
25 32
292 131
73 210
145 252
57 118
42 279
37 270
24 231
180 223
103 211
46 218
98 273
208 267
82 219
14 36
165 295
115 252
134 203
123 187
173 278
159 174
51 140
142 201
21 271
102 266
292 172
59 89
75 150
291 249
148 257
0 2
17 149
73 150
66 279
14 241
282 200
145 257
218 240
296 102
218 248
69 270
26 216
275 278
42 242
4 117
119 257
100 150
82 117
210 278
14 102
36 72
19 154
139 278
2 255
115 208
65 129
14 204
186 187
7 75
296 198
298 77
78 173
84 223
59 262
231 236
94 101
60 125
94 270
180 204
74 198
64 179
299 114
9 232
74 109
232 276
19 179
184 275
56 185
163 276
13 299
74 259
31 229
57 60
134 278
34 265
174 283
293 201
10 74
129 298
70 272
225 237
88 219
86 266
12 167
132 272
292 181
21 39
124 166
24 165
161 212
85 187
112 298
285 243
288 77
141 225
