12 244
237 73
39 98
2 10
39 128
45 132
21 230
11 162
8 51
169 197
77 203
94 125
18 131
99 151
114 115
232 198
43 133
141 237
56 239
85 199
4 242
90 162
68 129
197 230
43 75
245 121
30 197
164 212
49 191
11 85
223 156
48 219
160 174
72 153
213 113
210 105
48 173
38 85
176 242
62 123
109 111
245 32
23 29
215 142
56 94
15 162
216 105
10 226
18 140
210 46
234 3
22 230
73 245
84 140
115 229
89 179
10 88
80 222
10 121
186 198
203 125
245 78
76 241
12 61
29 152
33 168
29 204
130 239
6 209
225 155
57 138
54 115
20 202
57 224
0 59
159 198
208 69
141 249
113 129
187 216
245 173
203 17
233 44
24 156
178 234
93 211
141 178
78 114
72 149
27 92
174 192
208 33
226 8
158 176
232 234
53 114
236 73
234 150
81 124
108 198
135 201
63 199
229 225
235 16
76 209
36 81
217 71
129 144
242 24
234 236
176 192
174 194
154 194
62 235
50 215
11 27
210 150
219 127
15 203
120 128
96 224
37 74
246 39
9 29
224 213
29 220
185 223
35 96
245 63
214 203
64 153
1 193
13 16
222 29
74 168
42 203
246 102
146 150
247 23
5 225
216 113
136 237
13 133
2 19
242 102
45 123
11 157
83 117
34 170
57 125
134 235
182 186
165 226
77 80
17 136
179 201
127 134
87 101
249 167
232 48
239 58
74 118
29 83
74 196
106 173
152 228
124 209
238 132
104 160
249 173
135 236
51 126
187 188
201 115
230 80
213 54
17 122
131 214
63 153
228 168
73 150
172 206
219 154
233 197
212 72
204 174
22 186
16 151
229 194
132 159
232 46
76 139
202 60
225 42
200 165
72 83
106 172
17 20
78 144
91 149
40 229
119 147
158 174
57 120
166 217
49 154
25 47
83 189
125 167
221 201
221 75
238 232
183 213
211 183
158 221
234 191
207 20
112 194
141 218
17 43
91 244
7 44
50 238
243 78
82 122
248 82
51 103
248 30
55 227
94 98
203 30
143 199
240 56
9 138
128 177
219 194
194 233
131 136
55 103
59 198
6 122
249 224
89 223
203 81
243 9
35 102
247 191
57 107
233 23
140 235
30 129
219 32
107 206
139 168
203 119
145 166
163 236
56 149
214 234
2 168
236 41
31 133
236 152
175 191
76 118
214 63
239 111
15 217
25 219
93 103
214 47
11 81
49 82
25 72
101 225
201 157
51 142
210 134
115 184
20 108
3 183
0 114
206 190
87 124
16 84
46 97
245 195
12 152
118 186
87 184
31 207
59 167
108 150
229 163
92 167
205 34
144 166
209 184
31 223
224 120
97 178
95 96
74 239
89 150
114 215
29 142
222 92
222 47
91 169
241 19
113 149
242 125
225 172
206 214
20 63
141 149
208 76
210 145
23 165
40 151
125 228
115 215
9 50
179 181
232 177
216 140
7 38
244 150
19 121
7 13
104 200
20 159
214 113
90 91
6 56
36 48
45 183
110 154
237 49
22 87
50 120
38 169
228 97
56 111
1 146
193 197
246 78
236 124
54 75
132 218
80 151
81 185
36 178
198 229
122 140
58 168
223 17
49 215
201 245
32 38
24 104
233 34
212 230
8 131
46 238
76 162
217 159
237 151
45 209
5 94
78 202
27 120
101 148
72 189
246 135
189 229
193 233
105 217
59 82
159 209
20 247
180 189
75 84
4 75
117 124
158 172
8 174
52 123
82 223
17 212
237 181
21 224
69 207
78 162
27 46
225 210
14 173
95 114
238 30
31 200
126 197
48 158
93 218
134 197
26 210
16 138
217 140
204 102
46 110
41 242
206 249
79 221
209 33
239 191
204 227
26 229
248 44
97 116
15 116
203 154
64 187
210 216
28 75
220 70
18 36
59 73
122 143
70 215
215 247
224 119
234 33
244 59
29 244
245 190
245 104
124 218
175 215
114 156
23 215
89 170
14 116
110 248
245 208
69 182
54 199
23 157
7 233
63 114
70 114
134 220
242 11
63 185
19 237
128 186
239 37
223 127
10 45
207 176
230 81
161 239
1 132
234 42
28 78
221 142
13 87
248 19
1 223
94 145
38 135
238 41
45 98
76 121
131 177
26 189
11 40
70 131
233 9
93 150
203 49
52 242
24 153
209 107
41 215
109 243
46 234
210 222
54 112
234 31
224 28
36 126
216 148
79 187
231 9
0 44
3 71
202 145
245 122
218 192
243 208
149 203
245 66
84 123
241 216
222 6
154 188
245 198
75 89
171 189
142 207
62 195
39 152
40 135
8 193
116 228
24 183
41 223
222 58
217 171
68 104
202 134
51 196
6 115
41 181
2 93
191 208
79 135
47 157
70 170
23 210
63 233
218 158
6 232
29 85
9 92
53 195
57 213
35 145
34 117
86 154
92 206
233 75
76 182
238 0
6 214
243 168
19 106
14 249
141 234
230 236
188 243
113 199
85 191
243 226
25 30
99 233
222 181
213 35
208 220
205 249
107 208
246 130
19 137
5 72
51 194
150 164
40 72
176 188
94 171
145 199
138 192
12 35
95 199
223 125
72 184
37 98
142 154
93 158
238 163
223 135
181 225
200 113
76 172
220 85
220 238
232 146
226 5
46 197
130 137
3 131
69 109
30 42
134 170
27 201
80 200
18 90
74 112
12 96
133 234
146 165
196 227
135 143
233 220
12 216
72 135
5 112
206 123
141 168
214 219
88 108
211 195
16 126
139 156
238 14
227 192
191 249
42 152
34 149
128 157
117 121
40 148
18 162
123 139
122 232
112 127
73 163
0 45
8 166
101 105
246 76
57 218
228 171
234 65
9 126
221 130
115 173
52 105
207 200
208 174
205 127
218 10
51 185
214 41
46 62
236 166
138 164
31 109
121 236
30 102
119 192
204 0
95 98
228 115
37 177
25 163
61 146
229 84
16 231
106 182
216 29
49 132
97 229
228 53
237 135
124 136
1 66
17 54
114 153
28 77
98 215
13 154
37 184
0 122
17 219
48 85
98 165
154 238
21 220
38 166
102 239
61 147
5 118
14 188
84 107
32 35
93 116
221 6
129 142
196 241
200 158
40 185
63 152
14 203
225 133
123 132
37 217
29 135
212 232
49 79
237 99
49 199
177 180
52 75
55 146
14 109
105 134
126 127
119 130
22 119
6 217
8 64
247 232
23 38
117 132
113 221
32 103
8 176
126 138
135 188
173 230
143 222
139 164
34 130
147 218
224 4
236 36
112 197
249 157
236 54
117 147
43 121
6 227
71 233
247 38
240 153
32 134
148 242
99 230
211 214
17 84
14 61
131 249
210 106
9 171
248 115
92 186
59 130
36 123
74 124
139 162
206 169
44 125
87 89
100 106
49 180
47 116
46 119
95 113
160 217
71 162
38 98
153 229
4 84
15 93
12 52
13 56
118 238
5 103
228 144
169 174
86 162
80 215
166 186
214 50
107 229
200 245
209 161
147 182
211 171
141 157
1 117
134 138
242 33
85 88
22 158
119 155
57 225
121 131
57 111
24 54
183 226
15 208
229 227
123 244
236 55
61 172
24 98
32 125
55 80
3 113
191 206
201 129
45 141
209 122
240 105
243 245
217 22
18 202
117 174
136 160
72 235
68 176
54 200
85 204
221 137
208 4
8 20
244 24
104 210
236 117
176 198
70 153
0 226
19 167
197 229
28 205
102 245
49 134
20 204
19 40
215 217
170 195
12 37
37 82
226 11
215 21
216 170
159 226
14 125
187 196
238 84
218 157
7 196
115 154
204 54
32 64
230 249
100 174
6 181
54 161
119 230
47 209
209 194
56 83
209 189
225 167
96 187
1 205
212 189
105 107
235 181
45 168
233 76
193 200
142 220
33 210
98 117
201 175
102 132
208 111
168 173
77 240
86 105
6 78
172 233
50 76
214 125
19 67
9 154
94 183
242 64
8 46
53 148
225 186
74 209
46 125
130 238
213 134
110 134
21 50
211 185
40 107
92 127
26 69
87 110
102 209
66 110
86 239
71 190
11 249
102 126
9 81
220 25
88 198
232 59
38 100
213 126
228 131
8 248
207 67
207 38
73 156
62 177
206 81
237 10
20 164
55 193
34 54
12 179
238 32
212 100
76 141
12 105
68 121
136 200
47 98
151 192
23 37
27 137
226 75
20 90
97 101
84 99
226 87
168 230
80 103
17 128
206 229
1 154
111 125
248 207
13 82
37 153
213 81
138 224
0 216
210 49
87 208
5 207
210 208
0 245
60 216
187 197
237 40
54 96
93 219
163 224
30 122
8 81
108 211
108 197
232 111
6 15
28 239
167 223
232 192
27 133
221 174
152 153
18 34
37 183
129 151
212 144
50 140
247 197
110 144
86 172
40 95
5 234
58 122
61 183
126 174
32 80
99 188
47 248
28 29
38 67
135 160
222 107
98 153
27 189
131 180
28 110
11 74
48 156
16 92
244 189
20 143
81 193
18 91
96 166
212 49
153 162
52 112
204 50
233 210
75 197
12 49
56 73
2 238
53 214
50 67
77 192
23 101
33 226
121 153
93 186
212 66
44 170
19 35
139 221
235 126
233 98
239 14
192 210
205 88
238 23
228 160
9 94
99 141
209 131
83 194
217 17
113 145
49 204
124 170
3 232
248 2
60 140
36 149
158 187
202 151
120 164
216 39
159 242
210 27
15 106
129 159
62 133
109 194
38 157
213 66
234 73
119 221
19 58
247 139
138 206
34 182
91 191
88 152
238 221
105 117
82 222
77 103
6 35
57 203
243 120
178 199
86 227
216 133
0 202
125 235
87 148
26 222
26 144
16 180
35 121
80 157
244 137
135 205
244 180
247 7
249 64
227 142
7 146
1 206
240 175
209 206
77 144
15 137
162 173
13 71
217 113
9 188
87 128
34 228
178 222
209 60
161 182
38 45
246 75
165 232
213 99
27 163
245 24
90 180
91 146
153 169
88 138
54 187
2 114
24 213
222 192
51 111
100 218
10 19
1 164
227 85
104 220
33 193
82 180
18 41
200 107
28 92
207 173
89 123
244 116
172 185
35 164
79 150
231 175
44 180
110 143
78 141
80 143
212 47
64 220
36 219
106 149
21 203
15 55
24 240
174 240
170 207
12 222
153 245
31 39
87 192
228 2
70 102
126 234
69 229
203 249
240 79
49 147
54 240
212 112
36 199
233 38
153 158
14 168
179 200
163 190
8 71
136 164
49 157
67 80
216 91
238 182
1 106
45 109
10 196
208 92
34 227
81 199
44 177
247 181
48 245
153 189
171 232
244 42
243 141
72 241
201 12
22 139
58 159
61 97
217 9
32 144
224 192
51 73
203 50
151 190
20 25
14 46
244 169
40 234
26 186
208 24
11 196
207 152
209 135
207 106
210 175
79 92
226 142
7 118
117 122
161 197
25 85
114 243
204 104
203 229
10 60
38 109
55 248
17 191
10 231
201 132
156 233
103 211
249 112
73 138
239 2
125 159
139 199
3 169
170 176
134 151
67 78
71 133
232 5
210 140
133 153
222 85
236 162
233 146
164 184
2 52
200 195
239 144
62 94
14 235
40 63
63 136
9 183
100 183
242 170
162 247
76 158
161 247
191 246
217 143
240 107
150 245
63 150
244 220
64 169
55 117
31 140
83 187
223 192
112 192
220 117
195 207
53 191
155 215
46 132
95 166
98 173
168 207
241 180
77 82
230 52
208 5
91 187
240 10
109 160
225 146
71 100
129 187
147 160
206 128
72 77
68 219
248 197
66 229
217 93
16 54
9 12
57 206
77 249
216 30
240 128
45 88
137 197
119 191
239 193
207 10
249 163
28 217
131 141
218 107
219 45
231 84
58 134
125 191
5 174
99 150
52 167
215 104
12 231
230 135
217 112
44 246
106 154
208 88
38 144
162 207
126 134
126 189
224 15
61 109
51 114
226 144
223 148
49 188
223 16
21 213
20 229
74 235
33 179
157 171
63 159
150 154
109 136
220 180
223 199
38 95
9 142
110 217
34 39
241 64
151 153
74 104
236 84
235 55
116 215
92 227
97 194
20 228
222 220
231 50
204 10
63 73
5 141
61 182
138 249
209 121
29 107
214 155
15 186
103 225
44 238
239 244
13 98
234 230
217 48
157 177
228 57
224 111
38 89
69 162
156 162
34 107
146 246
99 119
43 169
103 197
214 96
180 197
242 15
133 227
104 153
4 221
91 231
36 91
100 197
37 178
14 93
47 127
140 199
105 112
21 72
231 202
102 194
56 158
99 199
89 93
200 72
24 69
242 90
62 245
68 185
242 12
41 162
204 67
119 173
10 168
56 141
83 234
48 194
7 105
16 26
82 129
2 23
227 21
6 114
53 87
236 39
10 76
32 79
79 154
14 212
221 62
53 84
93 212
207 191
149 204
91 219
110 187
143 169
24 27
100 223
242 195
50 159
59 191
224 221
215 139
45 211
73 246
247 94
206 228
115 147
87 97
109 142
91 145
55 121
96 116
40 201
230 90
215 230
10 126
200 133
242 58
223 145
59 185
123 224
26 241
157 192
121 211
28 248
119 247
55 219
140 185
135 180
89 247
128 145
27 186
51 163
239 132
121 227
34 89
72 115
101 180
33 186
164 190
205 170
58 230
42 222
216 36
100 123
78 108
54 155
117 150
105 176
201 73
21 161
162 224
0 142
72 196
53 179
19 230
6 179
172 232
10 233
226 19
34 43
65 95
235 130
72 160
244 16
151 171
42 97
1 135
110 174
22 174
10 107
32 107
55 71
26 142
52 178
130 132
60 87
77 110
12 182
98 196
41 122
245 50
58 125
55 85
39 123
175 192
167 226
143 198
212 182
56 184
18 178
62 187
25 238
173 222
27 105
140 234
82 162
245 85
218 54
202 184
125 237
240 93
224 232
72 142
28 234
38 151
79 134
105 219
238 20
183 234
114 155
82 124
98 159
101 230
1 126
244 70
33 95
12 172
20 243
8 111
204 224
23 204
245 16
229 133
114 200
56 107
213 117
229 15
23 127
116 237
112 208
90 199
64 211
59 152
59 209
108 179
239 176
96 175
13 164
203 60
24 207
5 148
39 185
115 133
206 137
249 47
111 169
202 84
13 50
25 55
154 217
46 55
227 79
50 138
180 209
236 148
88 211
175 212
155 230
248 24
137 187
126 211
83 138
113 182
126 161
29 241
108 111
9 244
248 50
217 5
223 130
77 213
84 195
86 201
31 148
114 198
96 149
61 155
4 16
38 111
25 83
51 206
71 191
217 38
101 194
193 206
210 74
146 249
57 76
8 218
29 160
92 232
107 185
2 82
23 47
100 220
120 126
49 169
234 220
118 146
221 166
145 191
58 73
114 219
120 172
199 205
71 167
17 143
61 190
14 63
50 85
11 112
218 86
191 223
58 183
108 168
1 120
218 104
26 141
25 128
214 148
229 21
95 249
111 135
83 155
108 152
86 224
7 230
136 185
227 46
249 132
105 183
79 224
79 146
214 164
164 210
200 46
141 195
68 83
46 195
48 102
79 82
115 137
128 197
16 23
62 96
148 196
173 195
38 155
31 196
18 21
170 244
109 173
33 204
226 179
52 216
3 27
77 149
174 205
164 218
43 88
97 137
125 130
34 206
97 234
236 120
72 221
245 29
208 103
108 134
125 149
216 162
210 167
39 206
18 161
219 131
216 123
11 134
123 184
114 193
4 83
151 199
7 42
71 166
224 29
13 86
157 160
95 163
243 59
79 125
12 135
57 127
249 147
59 203
111 153
8 201
210 5
153 220
203 82
59 189
69 92
81 146
79 239
26 74
11 76
209 168
29 108
246 129
170 197
16 227
215 170
235 56
230 143
50 100
88 217
52 124
63 154
160 186
67 238
206 66
224 160
228 237
203 2
134 211
69 102
53 154
229 17
127 249
159 223
119 190
189 233
133 212
235 121
13 233
160 249
0 231
131 163
24 232
138 156
39 132
0 162
22 61
233 104
169 218
19 177
38 140
52 143
24 148
0 109
3 7
206 150
14 78
224 181
223 52
141 205
204 165
205 190
236 66
75 220
12 130
221 83
45 71
206 113
30 170
89 200
29 106
212 135
246 4
88 118
203 40
27 182
115 146
17 161
133 189
232 13
140 186
232 149
146 217
150 191
9 149
173 200
32 159
149 212
10 37
211 177
14 148
137 208
113 218
107 171
115 118
122 152
54 142
88 155
101 182
233 116
21 69
102 176
235 70
217 54
120 199
1 163
45 148
136 193
79 130
218 20
206 26
208 133
247 99
63 98
192 211
233 45
12 122
243 60
83 146
52 180
133 228
6 88
110 152
86 90
230 32
30 120
65 203
48 244
109 145
104 213
111 158
239 135
8 190
138 215
74 75
244 129
47 171
123 194
12 29
186 220
137 193
220 20
231 20
194 227
227 188
221 55
230 84
67 227
150 239
48 224
34 230
38 91
232 241
17 96
149 219
41 128
209 112
93 205
172 192
128 182
41 114
160 244
231 63
49 108
204 171
210 1
5 89
29 247
209 176
208 131
230 174
33 128
229 36
53 140
236 239
159 203
73 243
9 101
67 152
10 135
96 115
44 154
88 99
31 80
224 1
128 223
32 211
135 138
150 236
71 174
22 176
112 160
88 169
243 24
18 232
226 93
220 17
221 61
59 158
82 118
0 37
31 93
221 39
5 46
18 122
79 99
225 25
116 168
38 174
148 185
117 138
43 158
40 198
16 198
2 116
7 28
215 77
21 206
232 75
239 155
204 134
98 164
68 89
3 75
53 237
28 121
206 155
5 190
64 134
238 143
42 61
83 245
51 171
239 184
141 223
127 228
22 110
43 124
218 102
112 151
30 39
27 229
32 86
161 225
6 101
217 218
215 163
55 231
47 198
68 149
44 77
82 139
9 117
52 162
227 108
46 228
242 240
234 92
228 134
222 200
62 84
228 122
97 177
84 240
100 191
83 165
246 131
65 206
211 193
247 242
177 220
177 186
235 196
191 201
230 166
169 209
19 116
7 106
222 52
21 146
201 107
178 197
247 63
104 207
234 155
135 249
210 242
226 191
235 185
45 127
206 110
25 167
119 215
217 192
26 52
249 114
15 161
225 169
226 94
37 168
66 121
143 161
111 191
197 207
98 194
233 192
51 242
102 200
168 175
84 150
43 143
220 164
97 161
13 70
44 222
77 86
202 44
240 130
119 185
30 167
235 151
171 237
225 35
112 210
226 43
92 149
248 75
155 224
41 164
40 121
203 99
157 202
135 243
131 134
6 156
56 237
226 21
114 237
2 48
20 114
170 185
233 183
138 194
62 188
27 110
22 168
3 111
125 154
143 160
217 212
44 236
26 180
117 168
249 21
198 202
209 155
201 9
58 196
143 219
70 118
19 158
85 145
199 208
213 223
236 194
246 118
19 191
26 249
235 239
42 206
20 167
232 180
162 163
214 61
205 104
130 180
33 129
22 41
88 133
78 178
55 87
228 23
53 120
34 108
3 199
99 163
242 69
62 113
93 216
196 240
221 198
68 199
3 193
248 65
93 118
30 127
248 160
117 163
230 198
209 236
204 30
200 51
11 187
210 108
132 234
179 243
20 34
153 172
247 66
201 172
148 213
150 182
0 213
231 196
104 203
164 196
235 42
82 234
208 225
243 47
212 111
227 244
107 149
67 228
29 182
201 77
9 110
201 247
1 161
82 184
49 71
104 216
68 192
16 157
7 173
125 139
214 246
234 14
204 127
29 171
33 166
119 197
236 70
128 141
231 39
238 179
107 127
64 182
6 91
8 191
85 132
43 96
3 107
125 180
42 114
143 167
56 229
215 128
104 167
52 64
103 180
56 232
146 172
103 217
228 166
248 185
97 172
247 135
100 237
232 84
91 213
234 43
72 192
141 187
42 90
222 4
123 200
243 67
5 7
239 228
98 114
1 230
84 146
243 132
214 8
238 126
236 205
10 201
213 229
144 165
4 159
203 226
204 130
231 40
58 245
226 60
9 242
235 100
200 192
8 52
59 150
90 158
102 190
207 26
90 168
26 73
119 241
88 89
16 141
97 186
223 51
72 111
42 91
16 85
205 195
126 215
237 96
195 209
89 209
175 244
53 137
41 157
69 223
219 130
234 129
216 2
65 105
226 51
71 232
46 170
60 231
84 168
222 46
173 178
215 33
128 216
57 85
1 201
33 218
8 94
56 242
239 3
45 78
178 187
2 69
213 128
3 154
34 236
27 226
6 110
1 5
113 230
179 191
106 180
146 160
127 140
38 185
242 88
60 97
228 51
222 14
2 155
6 130
24 192
46 94
229 63
88 238
218 180
82 179
225 58
93 141
130 144
235 79
119 180
238 162
229 99
92 229
227 136
227 13
232 216
238 87
26 159
31 211
139 179
83 195
32 60
30 64
32 172
16 149
240 31
75 99
130 186
214 71
249 36
223 93
113 242
83 139
89 108
140 180
9 14
35 70
106 198
19 105
122 168
231 52
51 180
184 190
119 195
57 110
102 150
160 231
208 159
61 195
182 228
77 196
236 29
234 163
107 220
183 194
11 39
140 158
35 178
165 229
205 166
6 220
105 114
161 187
38 235
217 204
89 216
233 95
208 19
133 161
8 80
174 177
239 85
29 34
138 242
110 136
64 219
224 100
168 184
187 244
35 106
232 141
77 88
215 129
91 227
24 160
208 67
45 181
54 100
236 179
2 22
38 74
3 133
172 217
205 120
82 233
210 194
25 59
178 190
40 213
11 79
1 31
235 171
214 88
243 160
2 45
237 190
65 106
149 245
160 239
49 107
222 94
51 120
57 153
22 189
107 148
78 157
139 192
245 11
209 162
215 199
5 229
133 135
201 85
23 103
248 143
234 61
221 168
226 166
212 94
23 135
226 212
105 226
105 128
239 118
158 214
107 153
87 90
203 66
96 156
93 244
44 131
16 28
91 123
72 190
36 110
65 175
34 48
25 92
144 186
17 93
66 174
82 213
4 213
49 172
147 171
209 137
5 71
46 134
8 206
243 123
3 88
217 147
69 75
20 27
24 212
129 211
35 111
24 36
18 195
15 166
96 113
31 36
4 206
248 84
18 42
117 187
225 243
43 156
95 223
80 132
66 220
202 85
244 0
13 21
211 90
130 153
47 74
155 210
69 190
100 129
56 208
15 61
237 167
21 191
227 140
35 65
210 237
142 197
206 205
28 172
142 176
29 169
164 173
248 112
59 165
44 191
175 188
241 211
123 198
38 208
104 174
120 227
111 220
151 170
12 81
95 127
42 86
58 210
204 192
30 200
217 24
24 99
211 197
219 187
129 229
208 78
75 160
98 179
228 140
203 18
246 104
231 46
216 147
6 123
243 222
4 227
196 208
148 221
56 198
70 227
177 219
204 99
54 109
8 140
69 78
46 191
20 121
160 226
218 188
146 149
70 247
131 235
211 119
231 145
244 96
240 5
221 86
207 245
248 182
164 182
24 138
5 198
35 91
238 131
238 142
72 171
110 135
71 236
146 245
94 101
60 82
63 163
208 71
111 222
1 185
234 117
99 198
202 31
22 25
210 92
241 169
80 97
99 152
245 234
206 59
125 143
78 171
78 96
69 97
95 122
45 162
25 51
30 150
67 195
189 246
130 201
222 88
248 25
84 244
110 121
21 45
26 145
40 74
128 149
83 226
156 216
79 104
1 91
55 125
30 205
56 84
97 104
91 164
202 127
72 141
200 174
91 217
246 193
6 138
48 209
246 65
133 235
20 239
102 205
205 14
99 221
29 122
22 100
124 149
228 4
112 147
206 115
16 209
79 107
221 110
133 137
142 240
161 191
11 108
244 113
113 237
136 157
78 230
19 205
56 123
51 160
236 67
211 98
34 53
195 204
95 125
77 167
33 82
50 163
244 105
248 66
81 113
13 37
21 167
218 52
47 129
61 173
18 155
219 221
89 162
87 165
4 239
212 142
93 95
196 243
87 149
19 96
2 231
112 168
118 181
55 144
111 121
2 129
10 176
103 135
58 167
207 208
54 172
86 145
121 165
74 183
50 54
36 172
202 45
115 157
127 161
31 42
168 224
60 98
52 80
65 150
210 165
234 156
52 77
168 194
31 245
46 139
13 20
34 49
188 199
158 234
6 195
5 170
120 183
111 248
232 39
54 72
220 125
213 166
247 194
216 20
1 10
226 184
104 121
227 23
28 40
44 198
20 61
209 105
219 102
195 199
124 158
13 64
227 83
233 232
21 157
224 152
77 93
25 125
23 178
157 216
149 233
236 173
105 151
4 180
21 46
1 98
16 67
8 59
215 220
240 110
190 233
58 185
67 190
243 86
121 197
248 147
120 124
113 174
26 84
133 144
59 116
109 124
20 162
243 177
223 85
217 42
151 169
241 16
233 29
120 125
170 179
40 125
21 53
156 215
231 102
249 94
77 182
110 119
157 198
240 212
96 151
59 218
25 87
32 150
32 205
55 240
39 99
109 199
6 151
216 178
130 182
49 89
212 9
119 181
135 146
27 84
54 138
117 230
175 235
245 4
64 149
238 60
218 69
170 183
186 187
243 97
149 185
223 247
226 15
78 105
61 85
162 222
145 244
233 109
97 175
11 115
34 46
33 111
139 158
249 106
38 104
55 74
221 126
65 116
191 242
63 218
126 225
113 204
167 224
123 160
113 227
144 190
223 179
11 238
246 62
145 180
73 232
112 146
225 19
203 45
0 61
39 176
79 172
242 248
194 226
47 167
243 126
238 127
113 178
105 155
214 171
4 30
226 133
235 4
226 104
37 185
202 63
43 68
206 160
102 131
28 88
171 201
237 64
114 199
45 230
40 205
40 245
78 122
36 130
0 144
70 158
106 194
48 153
219 104
230 73
107 116
20 80
82 91
7 80
10 97
232 121
111 130
1 76
214 81
18 100
20 39
154 232
7 43
223 158
19 194
116 211
43 51
66 70
44 104
177 236
112 241
54 159
147 235
38 165
19 124
18 103
110 165
234 144
45 179
52 65
69 238
82 209
244 213
150 168
178 248
218 66
239 125
55 195
52 85
27 134
19 173
68 99
34 145
118 200
35 114
248 120
212 32
234 53
74 95
214 22
35 214
239 5
123 227
56 68
118 184
95 179
238 136
90 104
48 200
144 243
18 151
10 47
203 0
130 177
138 196
236 116
27 102
142 168
238 42
239 183
241 75
22 193
7 145
91 93
42 132
218 28
1 77
8 92
1 197
4 86
215 133
92 248
25 127
7 15
240 59
35 62
80 133
14 187
72 138
2 63
3 158
199 248
23 72
6 212
82 172
205 169
70 233
89 211
0 187
15 196
29 189
44 223
111 122
242 151
53 60
63 140
200 4
215 193
6 67
220 102
43 46
187 204
249 68
73 242
97 224
14 237
71 103
13 38
34 207
98 190
152 177
154 213
31 46
48 222
207 180
87 147
124 221
12 25
241 144
71 154
14 121
189 193
139 169
69 127
244 17
23 96
215 1
194 208
103 138
15 200
209 126
70 132
114 227
177 248
37 119
191 235
142 218
39 100
16 72
240 74
247 88
26 72
36 98
111 246
61 215
77 83
1 182
204 64
133 205
4 133
230 224
211 141
47 159
36 198
57 121
64 132
31 33
210 185
20 41
98 124
75 103
205 229
175 237
141 207
27 68
94 146
44 114
69 156
10 157
223 32
168 181
0 102
52 109
46 178
52 211
72 169
99 135
221 97
18 143
64 129
222 74
77 126
243 40
72 204
194 217
216 25
105 164
147 150
218 197
95 248
20 235
184 191
62 78
74 119
97 118
62 147
208 167
50 223
71 178
131 170
73 103
148 212
247 74
137 207
218 45
22 122
247 103
62 92
2 57
120 173
247 21
104 191
102 158
205 234
48 89
232 104
98 141
231 132
110 123
22 225
238 112
99 132
245 23
148 152
47 180
36 170
125 194
56 80
233 36
222 68
241 111
228 167
244 192
82 176
5 155
235 219
105 172
235 87
210 63
206 43
9 164
86 121
27 233
249 48
56 119
87 105
231 103
245 116
99 197
229 71
130 215
62 65
96 213
44 176
44 80
225 132
80 139
215 127
67 178
71 130
95 191
8 240
16 129
82 117
74 101
233 244
17 135
239 192
204 100
2 142
3 82
152 183
62 63
86 229
239 238
233 163
21 34
120 233
48 82
3 94
95 229
47 61
38 183
40 79
109 153
2 233
24 97
25 169
3 93
241 120
148 238
35 231
83 89
74 114
3 22
75 165
39 169
237 168
193 244
217 226
221 228
87 142
236 87
2 80
205 239
66 211
204 194
121 204
64 139
222 132
241 133
247 111
49 163
39 135
32 168
236 151
232 52
44 91
109 214
58 100
224 235
9 89
123 144
15 67
237 234
81 87
43 94
42 180
249 113
248 15
150 170
38 101
89 183
13 202
11 78
195 215
99 146
233 159
51 174
54 162
108 224
134 139
222 93
25 130
25 202
243 183
30 242
124 185
29 194
212 4
37 92
149 239
29 66
57 103
10 34
157 167
24 142
13 32
25 40
2 41
8 158
235 34
97 99
220 30
65 139
14 219
16 148
153 235
236 46
155 194
218 76
212 39
95 120
32 55
217 214
146 185
78 231
131 227
16 77
174 238
11 153
15 58
6 20
23 131
18 60
108 161
83 121
115 217
167 247
56 93
180 239
31 41
120 186
184 216
128 162
235 89
6 29
210 125
6 7
41 83
108 232
37 126
5 156
12 170
71 151
229 90
169 239
122 188
24 238
201 28
236 142
210 41
113 188
9 136
43 230
34 181
222 131
116 137
66 219
6 34
87 92
213 8
210 45
147 221
222 194
132 196
91 232
117 240
200 5
145 207
89 110
15 181
38 107
136 183
200 132
143 202
23 193
203 138
67 171
53 174
40 54
151 225
239 59
134 159
0 155
230 10
228 111
33 243
12 14
208 34
98 189
201 149
66 154
243 148
128 146
108 130
243 7
12 21
240 97
204 24
100 189
87 211
187 194
148 203
213 108
214 144
74 170
0 188
11 166
36 239
203 26
40 156
211 106
68 238
49 115
248 124
238 73
228 18
158 179
53 63
158 229
101 146
195 230
174 198
177 241
242 75
226 73
65 100
102 166
220 86
61 178
20 230
25 187
177 191
244 125
32 239
15 53
217 187
201 16
60 218
200 143
226 210
247 138
130 210
69 129
14 77
215 141
59 231
247 108
220 109
20 135
60 161
134 136
93 210
21 187
50 170
225 78
40 50
130 141
78 223
83 103
63 167
127 157
232 123
18 61
142 243
38 236
33 236
48 58
64 117
244 199
220 165
117 226
61 244
83 201
210 101
33 48
226 188
63 137
12 114
57 63
109 147
162 217
140 194
248 34
239 171
213 55
25 178
157 205
97 148
54 207
23 230
26 91
218 247
167 176
138 214
95 121
222 110
46 181
81 94
18 89
211 29
125 241
33 211
248 98
44 56
53 72
10 190
95 221
223 12
70 175
90 163
240 43
16 222
163 214
53 227
222 98
108 119
71 196
239 156
78 134
162 185
53 77
16 80
80 234
36 248
40 126
175 222
223 33
99 181
112 141
29 126
29 165
209 170
14 28
210 55
33 71
8 62
56 139
237 23
65 183
21 88
31 83
26 63
73 75
15 148
114 120
95 239
149 170
207 14
159 190
116 121
107 216
2 206
86 190
52 69
230 92
161 175
153 157
203 64
43 227
207 211
226 197
152 198
156 197
31 38
44 210
235 193
33 138
108 137
79 218
107 172
146 175
88 174
3 73
63 175
209 106
121 199
210 153
220 171
47 229
243 140
102 149
144 218
170 213
212 199
81 147
79 188
8 143
1 55
18 87
122 215
234 105
214 192
248 175
89 148
140 187
105 225
244 10
80 220
29 238
23 196
4 107
45 193
79 160
3 185
74 149
209 85
131 153
126 170
98 158
221 149
24 171
205 175
33 176
58 77
242 234
242 182
19 60
114 182
92 244
152 193
30 43
226 156
164 222
19 83
21 175
69 139
221 42
16 119
26 187
131 240
171 192
210 70
141 210
79 153
59 196
58 64
207 15
56 222
247 195
188 192
95 134
150 224
214 180
117 196
140 207
133 232
64 74
166 204
133 245
82 187
226 122
73 190
2 161
37 64
146 243
21 87
106 204
200 24
108 148
69 135
28 106
99 142
57 139
35 185
24 164
216 155
98 133
203 47
51 172
215 153
77 139
207 4
125 232
211 10
75 229
74 81
241 108
235 244
66 208
3 8
11 26
2 8
58 119
222 62
239 53
0 77
126 208
6 113
45 153
3 176
41 149
231 150
240 225
172 204
130 176
203 175
20 109
203 87
145 175
122 199
212 114
20 154
231 186
242 28
203 121
129 149
4 33
103 131
241 27
2 144
55 115
210 186
88 218
79 147
206 221
42 77
87 109
206 239
59 210
164 225
110 169
7 131
224 82
65 238
13 108
221 154
68 92
217 228
49 174
68 115
48 88
19 218
127 195
20 76
126 233
174 181
106 114
138 159
249 130
233 0
91 183
72 98
78 104
243 152
24 219
45 79
79 126
224 47
98 216
40 130
218 37
147 225
228 87
19 23
70 128
104 133
9 125
35 156
229 236
142 152
0 86
184 201
44 173
220 91
184 204
227 73
201 69
43 167
238 16
205 100
207 218
193 217
25 78
231 137
148 149
48 228
242 217
11 67
7 128
246 0
176 199
245 164
54 152
200 6
129 220
212 244
149 222
24 112
225 195
142 183
170 208
32 221
3 98
231 8
105 140
84 124
60 162
239 62
56 213
226 28
9 239
157 196
177 242
163 208
119 210
90 147
204 193
33 37
145 187
96 100
48 127
83 246
15 150
36 92
208 239
60 149
48 64
86 197
80 130
240 12
214 150
97 248
0 149
7 73
94 107
20 113
235 179
152 248
154 241
217 173
5 83
30 84
237 37
212 11
131 212
90 142
9 27
21 225
247 200
240 143
17 114
0 232
62 119
0 153
117 192
53 215
219 165
69 165
236 176
107 113
63 95
220 121
122 184
141 156
212 169
55 211
129 169
47 64
69 174
224 124
15 89
41 91
111 215
218 167
212 139
125 161
131 179
58 83
227 24
155 241
217 189
51 222
54 101
0 38
80 193
213 102
34 217
238 34
11 243
82 99
18 116
205 52
80 192
175 200
12 204
40 236
81 91
225 23
178 192
71 74
241 143
58 220
25 234
247 34
203 141
209 141
109 116
239 17
89 195
173 237
1 212
242 231
124 148
241 114
102 133
82 161
35 152
11 182
23 65
142 237
105 121
231 236
228 200
232 167
245 136
246 51
171 236
114 209
118 220
79 136
227 193
200 79
29 94
49 80
214 23
146 241
225 38
211 97
23 25
149 227
220 176
242 168
209 143
14 106
213 3
145 146
221 209
240 136
221 23
208 1
58 133
98 188
80 119
61 247
2 145
138 197
188 225
235 184
18 112
208 70
50 198
89 131
249 236
1 58
212 165
27 73
45 242
29 101
52 136
36 127
108 245
206 119
62 93
236 43
28 190
172 184
77 92
172 216
226 3
62 83
105 184
227 214
247 220
41 141
226 110
61 73
121 133
234 118
168 244
203 75
36 173
82 110
88 100
89 236
1 72
0 28
57 247
48 202
210 249
4 15
57 148
58 96
197 244
62 73
185 230
131 175
86 113
200 11
105 221
221 208
248 170
11 47
202 122
7 99
29 111
218 27
15 230
91 226
67 241
141 189
220 156
218 25
224 156
62 103
121 137
36 140
234 172
51 209
55 142
31 34
40 103
218 140
0 81
236 185
218 6
237 54
214 159
58 228
166 196
246 74
111 205
55 58
31 118
90 213
9 200
20 69
103 124
132 215
33 144
0 178
242 162
213 73
1 11
15 98
223 180
203 151
125 197
106 151
86 131
136 187
90 134
61 163
149 213
229 74
23 140
9 86
219 218
117 248
224 234
122 173
48 177
71 243
243 138
49 220
225 203
228 196
22 192
94 196
214 0
113 234
201 18
203 165
97 191
244 188
50 129
52 54
243 125
47 107
67 168
78 235
24 111
101 174
231 205
193 198
145 152
201 192
2 205
77 232
174 236
59 109
46 163
140 196
226 124
54 61
14 162
4 96
6 90
239 61
52 98
120 181
79 169
85 123
124 223
25 157
123 187
222 30
7 225
42 44
75 166
63 227
9 181
151 217
37 248
229 19
231 166
14 169
234 98
209 164
221 96
201 162
102 122
88 143
57 198
122 170
15 180
247 79
57 173
189 241
9 202
228 243
29 71
66 207
79 194
13 152
100 246
1 136
73 194
52 148
215 243
17 199
90 169
231 124
60 151
34 165
60 124
18 141
75 234
51 76
211 136
128 196
245 101
23 50
248 164
207 32
243 105
64 85
231 167
241 43
38 80
233 11
21 62
42 182
161 244
4 205
238 160
204 74
55 212
68 105
234 196
197 217
44 90
16 150
52 188
99 231
59 147
116 174
82 173
16 115
36 217
55 84
160 218
17 68
55 237
109 244
231 13
10 229
11 83
88 219
37 181
92 119
245 43
44 165
134 143
20 84
31 209
172 242
59 124
68 124
7 238
1 228
4 216
89 187
215 46
238 146
144 169
210 11
219 115
86 158
244 99
137 182
17 194
246 97
27 238
240 45
116 127
224 63
34 184
206 108
201 185
20 81
2 176
17 152
18 83
89 164
80 236
214 161
58 233
6 174
120 155
14 172
217 66
235 183
247 78
173 187
202 21
109 164
172 193
75 178
22 197
67 213
53 219
60 70
66 205
20 150
200 194
148 176
233 164
113 189
37 115
53 102
75 218
123 211
86 236
220 199
39 106
131 137
6 83
209 19
236 35
30 160
90 95
23 160
21 44
33 77
25 156
71 240
26 44
71 96
43 45
87 243
169 198
249 137
11 241
13 242
11 113
36 212
244 26
7 82
37 159
146 212
78 249
126 184
16 96
212 119
241 38
101 154
25 142
234 185
96 97
26 124
41 115
240 217
219 181
115 156
237 130
247 222
245 193
90 103
68 153
84 190
239 1
205 164
123 242
169 179
123 181
220 39
220 79
108 193
35 191
42 138
223 99
123 222
86 127
1 227
72 203
72 177
229 85
59 90
43 244
186 242
88 231
236 242
12 228
139 150
237 174
116 248
9 180
97 174
42 241
26 41
217 207
150 213
98 247
241 109
54 176
112 219
117 206
128 153
113 115
111 115
205 6
37 174
176 212
64 233
1 7
99 164
91 238
138 246
105 148
239 129
127 199
15 21
14 136
116 235
114 190
15 147
70 162
81 175
74 226
96 232
26 154
120 238
217 185
0 76
218 146
73 197
69 163
209 242
226 4
213 197
0 90
165 166
28 73
242 61
209 57
229 249
79 143
199 227
216 180
63 107
55 59
99 246
87 176
59 123
213 72
7 18
4 168
205 17
93 111
65 165
240 141
201 206
223 23
241 158
31 147
116 214
42 179
31 194
241 194
50 84
48 175
95 104
27 171
100 105
51 61
92 123
232 242
232 235
60 133
142 217
60 80
80 160
125 182
234 186
154 228
154 181
218 23
230 68
2 195
37 77
25 89
148 150
8 155
207 131
51 55
230 152
236 132
48 62
35 78
108 221
249 63
1 145
219 87
90 209
77 94
82 242
176 245
11 117
143 163
239 105
24 159
97 159
62 101
85 127
239 145
11 164
131 195
11 63
72 128
162 167
34 105
25 155
172 173
47 59
12 220
16 60
24 49
167 185
66 177
5 203
191 193
10 46
91 142
26 112
208 36
54 158
9 104
107 143
78 130
239 245
235 135
105 233
137 167
9 100
4 167
177 240
205 113
216 44
167 172
75 194
2 43
213 61
36 66
243 192
8 13
34 158
113 229
40 92
220 78
81 119
222 95
176 217
203 114
225 148
215 172
60 125
125 158
103 162
60 222
236 207
47 113
95 197
249 51
74 117
112 180
0 177
222 66
56 61
248 33
202 64
71 204
120 160
131 174
40 127
225 72
176 226
2 107
69 77
115 172
46 68
102 238
61 137
48 187
136 191
46 73
171 225
78 145
92 157
66 97
230 8
49 95
69 143
10 147
16 43
66 246
43 203
116 232
5 66
1 143
143 146
86 173
218 194
8 205
197 221
65 223
108 122
29 119
66 169
220 68
160 219
33 135
157 246
176 237
203 93
12 117
79 129
127 236
111 138
166 209
92 142
51 67
248 91
25 62
207 178
177 197
206 74
11 126
83 182
106 245
204 32
243 2
202 4
220 55
202 167
109 112
104 154
219 15
75 167
115 210
96 184
32 222
12 102
77 129
74 173
15 107
242 8
126 244
244 27
237 184
184 227
248 49
43 154
56 219
9 186
54 148
6 168
114 234
40 98
204 37
74 211
200 70
13 115
128 190
114 245
28 167
143 172
71 239
188 212
30 91
48 203
105 188
35 137
38 103
13 158
29 63
209 61
85 159
226 36
115 183
11 42
7 174
35 232
201 173
238 219
91 94
67 105
87 229
243 63
133 148
60 198
58 175
115 249
35 56
167 243
106 152
229 170
201 78
34 99
22 104
13 81
201 223
84 213
14 23
43 199
26 175
40 152
46 147
110 212
70 206
161 249
4 121
204 124
105 187
19 102
14 153
119 174
59 70
122 165
9 52
52 215
127 131
45 56
200 27
12 171
249 40
208 90
184 203
49 57
200 111
206 174
221 216
134 156
21 109
248 58
172 180
210 109
65 195
248 94
8 78
27 162
157 165
44 100
142 239
36 197
85 171
64 83
243 27
202 186
118 198
12 82
150 202
69 153
146 158
90 117
73 120
23 99
211 39
18 88
69 206
205 68
241 98
68 123
122 198
237 152
35 189
120 188
228 247
184 206
37 56
246 42
17 133
241 93
21 25
221 117
249 242
58 59
243 92
51 89
123 142
219 2
116 226
47 55
49 211
179 189
150 163
12 168
222 99
21 177
163 201
92 178
18 152
210 6
196 203
40 44
202 59
246 186
217 210
74 115
9 15
166 233
61 133
109 135
51 238
24 116
9 109
241 61
173 181
204 82
18 216
88 140
245 1
207 28
227 28
227 122
209 27
207 160
162 169
45 235
42 202
101 103
231 25
200 23
230 114
9 247
211 96
93 108
117 145
62 110
140 168
152 163
219 246
94 244
54 165
108 217
68 159
66 221
145 233
7 24
208 9
235 99
212 152
32 124
28 111
180 235
234 202
66 76
19 24
208 219
97 236
240 76
27 38
111 132
208 83
96 133
10 26
216 233
229 196
41 249
56 157
114 239
34 164
36 106
96 231
147 178
212 91
121 206
47 223
240 29
8 116
32 197
241 118
137 203
111 213
118 232
133 233
94 131
42 223
208 143
13 110
47 146
57 232
89 137
26 50
135 170
181 203
220 48
41 192
32 232
145 151
218 243
246 233
236 74
68 117
161 226
72 110
98 137
0 190
231 77
138 184
45 213
58 99
24 76
68 119
5 131
1 157
207 2
130 231
85 234
18 72
75 228
210 190
141 196
242 109
221 171
97 220
60 138
59 156
35 168
182 235
223 20
249 66
30 46
231 194
19 110
101 244
29 100
225 68
0 121
86 126
239 170
217 141
15 80
57 192
85 111
177 245
50 157
233 80
132 207
29 237
228 24
6 162
206 164
86 226
226 128
183 210
42 117
206 163
63 133
231 136
31 169
224 146
225 86
135 242
219 100
247 33
204 31
228 25
68 88
230 76
195 222
66 237
85 117
242 199
204 143
241 195
92 110
213 88
3 108
249 125
95 144
201 230
217 123
236 5
32 155
215 57
97 108
206 234
9 79
130 133
134 198
15 192
4 142
55 161
39 127
124 175
235 3
64 119
104 206
76 93
55 176
56 180
151 179
100 118
69 202
204 22
211 235
229 173
220 9
72 118
67 112
10 247
87 113
107 182
136 148
144 213
3 172
21 38
124 195
3 114
146 171
126 152
22 82
76 119
35 196
19 66
233 171
13 182
234 30
73 212
84 218
248 17
62 223
213 192
0 74
193 230
51 227
12 13
38 148
110 175
207 118
246 188
76 99
229 214
238 12
177 187
96 99
153 231
16 145
89 206
95 124
83 149
121 202
8 243
41 93
73 223
115 213
4 35
234 240
101 211
8 66
94 204
215 184
38 66
36 223
4 81
15 152
208 165
120 141
54 245
66 224
230 104
230 93
41 150
89 115
78 143
218 40
223 80
65 120
235 143
228 179
177 227
49 65
27 221
106 213
188 228
90 130
87 152
118 189
15 154
81 112
61 92
230 91
110 200
236 64
120 196
76 242
58 79
33 40
137 245
55 155
20 245
31 206
247 62
128 224
144 179
205 41
11 223
72 233
225 246
9 57
117 249
116 173
44 82
42 133
60 92
205 46
8 31
103 221
201 54
51 231
3 47
17 187
44 243
209 119
103 145
161 162
151 189
54 89
87 139
118 205
67 84
238 106
8 171
51 161
26 213
182 194
135 228
223 169
212 117
168 245
232 227
59 223
225 163
59 214
243 6
69 247
221 44
118 175
236 75
212 74
132 230
97 206
207 182
47 170
229 12
232 201
87 156
88 196
17 174
204 146
66 179
217 222
212 77
160 233
153 206
209 177
232 40
214 130
219 155
21 63
48 152
122 133
93 249
155 200
10 84
44 66
248 196
104 193
17 41
104 164
207 154
75 206
245 219
40 118
243 137
208 16
129 184
27 58
202 193
241 145
238 177
168 236
32 91
73 139
43 105
221 159
46 151
210 3
164 169
92 108
48 193
202 116
47 194
201 126
165 223
220 92
236 85
50 247
153 201
225 92
118 222
222 231
186 196
246 87
245 87
147 194
211 86
202 105
3 188
65 134
5 165
94 236
31 217
214 90
27 95
205 160
228 64
200 1
75 150
147 201
70 146
163 191
22 58
210 84
82 123
207 101
175 185
218 30
105 170
22 115
220 219
9 40
101 192
16 163
138 150
241 135
40 81
169 237
212 208
21 150
131 194
15 198
206 189
234 154
165 187
88 170
191 224
61 116
171 241
2 150
220 126
108 186
182 244
122 126
46 128
205 59
73 233
223 14
212 12
81 129
57 195
117 179
45 103
44 96
97 120
32 58
233 196
117 201
9 96
33 38
62 214
11 169
236 8
215 169
11 141
210 128
117 177
138 174
49 168
63 188
227 59
99 169
27 41
210 30
53 95
72 86
241 10
83 84
166 190
7 143
237 119
11 86
0 42
41 213
36 85
204 181
78 174
7 205
64 125
210 111
82 144
101 175
19 149
92 235
249 39
183 197
227 75
67 87
153 186
223 245
7 153
102 138
58 132
245 125
27 240
212 108
1 82
245 185
106 167
99 104
205 114
70 239
238 195
3 92
87 172
98 121
248 100
82 170
34 50
1 51
53 163
68 75
236 134
144 153
229 232
116 128
247 127
224 184
218 55
35 39
44 175
160 237
67 160
79 236
63 144
111 211
130 149
138 240
19 97
203 160
232 231
105 181
40 42
115 162
248 132
218 13
243 17
2 75
126 210
95 153
89 213
230 153
179 211
214 21
184 231
54 193
86 169
122 210
127 178
17 120
123 178
8 138
197 237
83 148
242 164
166 208
116 157
230 235
84 222
223 72
35 42
221 217
57 199
57 104
16 45
70 197
226 57
71 197
245 129
64 78
97 124
41 199
239 167
120 166
198 223
180 224
90 165
132 205
115 164
24 201
8 110
207 85
7 175
16 226
44 162
15 51
65 228
88 199
62 159
129 172
231 198
84 246
80 224
37 172
81 133
125 209
218 187
10 140
82 94
49 85
66 238
55 208
11 183
88 130
57 164
131 198
237 143
14 215
224 52
35 53
71 216
42 80
248 134
25 70
209 243
234 122
234 124
84 87
19 185
48 60
78 95
35 197
13 94
232 55
17 48
71 140
6 215
205 241
136 180
111 198
225 50
244 141
27 55
8 104
238 161
55 141
149 184
235 84
139 243
76 231
111 219
16 200
55 166
189 190
96 212
133 183
244 140
115 238
238 15
16 24
248 142
21 126
8 105
56 166
216 100
234 70
229 215
56 173
140 208
88 202
84 219
19 76
9 249
6 98
217 179
81 184
217 96
30 65
19 108
200 69
18 26
19 130
16 137
99 200
115 151
202 52
99 125
200 10
34 172
240 26
139 190
165 194
42 52
231 161
25 123
224 26
88 209
110 146
214 5
123 228
88 139
214 191
139 220
160 189
126 188
29 136
209 80
117 139
209 71
11 237
26 202
14 247
71 170
161 202
203 156
1 73
228 60
2 123
161 184
34 72
1 94
6 39
99 242
21 133
48 134
232 64
81 156
4 126
63 66
14 127
28 206
152 240
103 192
13 33
3 117
127 149
212 213
171 178
210 180
221 122
116 203
29 99
205 97
104 248
49 190
210 99
36 71
103 159
9 17
144 185
90 220
56 165
244 177
160 216
20 210
12 75
21 149
101 203
97 237
105 186
208 172
48 150
52 132
15 37
189 236
161 224
116 192
50 177
61 90
242 66
11 77
222 129
46 213
95 118
138 165
231 22
248 167
7 114
116 241
80 96
97 133
84 133
52 163
42 125
61 196
102 103
241 162
57 172
216 146
90 196
76 107
0 218
17 226
152 223
115 188
201 123
152 164
230 40
101 243
50 141
218 38
107 178
237 46
76 234
146 206
63 177
63 109
88 243
165 189
122 166
203 183
213 167
229 35
15 155
202 82
97 226
62 149
89 117
5 77
134 161
186 249
214 98
125 162
160 229
14 113
109 185
228 241
0 134
123 150
178 223
117 244
87 199
245 79
11 34
160 241
144 223
76 145
106 239
209 28
225 45
62 126
9 172
36 89
38 79
108 234
139 209
12 134
8 98
157 222
115 211
205 25
81 187
4 32
41 217
179 222
11 92
50 234
3 163
116 129
54 95
248 156
4 56
242 167
109 209
241 150
18 138
108 140
24 57
216 115
43 160
40 168
128 176
70 213
7 116
247 48
145 238
27 86
32 194
88 230
52 76
1 138
90 167
235 223
48 197
8 107
87 102
43 232
1 17
4 98
247 96
61 184
24 73
70 169
111 189
208 35
39 183
106 186
40 110
91 189
36 132
248 46
28 147
131 155
20 137
102 161
89 198
201 62
24 249
8 212
24 178
75 219
207 103
88 163
206 52
28 74
170 187
180 247
240 82
237 32
32 170
171 202
41 146
44 155
131 244
215 56
94 97
161 228
52 248
94 205
115 130
236 119
138 168
245 119
62 97
23 232
97 169
89 224
140 144
13 150
197 236
244 185
118 214
78 82
184 185
4 171
232 37
100 113
145 193
152 233
63 225
225 34
31 51
102 110
150 175
192 209
233 25
200 52
241 136
93 200
200 153
88 225
54 208
95 160
4 149
228 159
179 180
35 220
52 184
207 215
90 120
148 187
69 237
110 209
46 192
0 34
224 137
142 245
61 154
23 69
232 97
43 120
213 186
39 174
213 122
213 53
21 117
227 139
92 129
207 105
236 3
61 101
122 129
0 179
63 220
213 118
6 242
37 150
61 164
33 152
200 55
56 136
121 237
237 211
191 243
207 88
153 243
238 155
8 76
151 223
37 40
240 116
31 241
130 146
213 92
57 99
61 126
216 237
9 37
245 70
139 173
6 103
46 230
60 153
31 172
235 195
6 132
138 200
39 192
9 122
17 97
247 124
100 243
74 97
61 205
218 127
68 207
214 107
158 228
58 97
138 231
42 205
11 216
80 238
230 194
121 242
12 239
124 192
203 135
245 68
189 223
69 216
93 139
50 128
3 101
19 74
189 213
56 150
12 198
21 223
38 53
52 122
121 243
65 117
86 177
66 185
165 173
201 174
158 181
82 140
231 239
217 127
117 175
219 40
218 46
167 227
88 203
59 122
240 180
39 164
85 175
76 97
246 199
134 174
206 82
133 211
143 223
151 249
22 73
246 82
176 211
88 210
74 82
239 81
107 246
27 156
78 154
45 113
225 17
13 137
19 163
244 11
77 130
11 232
69 105
72 122
56 125
14 48
71 149
244 73
158 239
34 231
240 221
209 1
87 121
28 185
126 159
98 106
199 202
210 184
231 93
246 207
110 141
39 167
187 248
35 124
239 42
69 217
172 211
53 223
243 51
218 200
17 71
246 15
30 45
219 145
246 70
6 185
164 228
171 174
168 222
156 238
241 40
16 71
21 97
234 20
57 151
21 174
165 188
124 152
7 29
153 192
177 210
207 202
27 153
226 152
245 44
78 156
149 249
35 140
6 92
104 159
17 60
249 185
221 213
93 102
224 171
47 165
214 216
113 114
117 210
18 211
239 101
67 136
232 81
234 199
25 99
154 211
64 201
89 196
103 164
221 155
172 240
1 156
206 56
216 62
170 220
52 161
73 206
226 214
18 243
62 233
72 133
221 100
95 195
11 176
127 234
70 193
172 200
200 169
249 25
245 186
208 79
126 156
244 171
195 210
211 194
142 148
86 182
108 207
193 240
215 194
37 144
249 61
37 193
55 132
65 198
15 57
7 79
190 243
217 11
143 145
231 156
42 151
31 130
10 11
221 123
62 158
240 245
52 137
209 232
246 123
220 38
85 162
30 35
230 6
39 238
180 199
247 185
129 210
88 237
95 176
69 245
65 99
214 166
161 217
16 159
30 153
228 77
224 121
12 133
105 220
59 225
81 211
71 159
212 161
10 113
55 167
229 88
139 242
215 148
190 249
52 220
18 119
193 236
5 158
228 68
142 150
82 149
43 192
209 211
20 186
60 190
204 2
115 116
3 62
102 159
46 235
80 162
230 172
209 11
131 168
244 54
59 181
181 207
148 194
222 234
232 204
152 170
233 108
2 213
35 218
14 118
231 125
3 231
210 162
64 147
216 151
32 54
231 214
12 227
16 161
33 74
230 146
30 221
111 206
43 95
7 182
106 140
239 201
74 201
50 178
245 112
31 43
152 213
63 170
115 199
6 124
65 235
16 104
132 192
241 134
67 85
172 221
209 240
223 55
231 58
32 191
0 1
171 223
208 249
177 198
67 214
23 68
212 238
212 71
72 216
31 70
52 83
162 199
127 163
114 204
247 90
249 82
45 178
203 61
45 110
116 200
81 198
101 139
220 65
155 184
29 53
236 161
2 9
64 118
10 159
46 53
31 126
64 161
200 145
224 118
205 56
101 163
109 211
100 164
18 165
245 155
83 232
24 247
15 185
26 117
8 47
155 195
73 85
142 195
77 119
31 221
214 11
5 119
37 244
6 86
84 89
154 178
23 30
91 116
2 190
58 87
116 221
128 179
45 190
203 1
193 232
117 160
20 99
97 164
22 78
205 183
96 209
92 160
241 213
141 212
140 205
224 43
235 209
67 129
234 149
102 139
237 103
248 139
98 128
222 147
3 138
77 150
241 142
2 171
93 149
19 123
118 154
20 249
67 225
38 142
248 88
240 22
208 161
99 167
45 151
80 211
18 57
197 203
68 243
169 181
82 243
220 181
1 89
79 201
228 193
248 126
55 242
83 164
74 215
124 156
176 231
98 138
215 26
133 185
92 231
87 241
45 169
227 124
225 140
4 12
197 249
99 160
188 213
139 249
87 125
14 29
152 218
106 109
208 114
28 142
140 201
61 96
216 5
229 146
66 153
243 104
10 82
80 217
33 161
30 37
243 21
122 218
188 235
67 149
204 81
120 225
27 152
224 103
215 17
92 99
8 137
1 8
30 100
71 78
85 105
130 195
125 172
61 180
118 156
240 114
173 186
135 192
141 224
143 185
36 218
218 198
246 134
107 237
166 197
230 142
33 108
93 115
80 102
108 115
112 205
38 46
69 185
149 190
201 26
132 168
136 243
223 193
109 203
100 161
183 201
246 164
138 198
162 205
215 30
104 139
39 187
30 184
31 155
80 195
49 112
50 145
39 147
13 90
34 127
199 204
59 85
203 158
247 148
200 12
205 146
66 103
65 222
139 235
30 41
21 35
237 157
195 214
89 212
70 171
33 239
106 150
41 68
35 89
31 82
8 167
96 125
219 89
235 40
157 213
45 207
84 93
241 214
111 179
61 226
25 148
81 85
67 150
79 141
40 43
214 169
234 121
141 155
5 167
62 107
139 202
49 52
185 219
53 144
10 30
93 207
193 229
237 196
3 44
17 166
123 156
189 219
92 189
27 142
5 63
236 0
49 150
36 183
32 157
224 233
126 149
216 16
65 73
158 222
77 236
10 63
25 141
37 231
51 139
76 87
30 137
115 233
143 212
60 195
67 100
246 89
45 126
8 238
160 200
70 161
167 203
210 154
7 45
31 176
12 91
243 234
3 152
246 240
78 137
27 99
33 56
93 190
8 216
209 174
129 223
147 191
7 222
112 189
73 215
20 158
223 136
120 122
102 143
146 156
55 157
93 152
15 70
18 153
128 181
40 53
51 117
36 51
78 182
247 40
206 18
219 69
18 233
195 229
177 204
248 96
216 73
201 121
51 232
5 11
30 152
244 159
220 154
117 190
62 198
44 184
217 114
104 199
203 237
60 184
17 224
72 75
3 23
23 45
20 197
46 202
51 105
64 84
74 188
19 165
234 91
64 180
246 140
71 226
225 29
150 165
40 191
124 203
73 214
18 52
0 172
221 247
6 237
54 136
241 85
55 89
44 93
245 17
78 198
123 208
230 49
38 143
226 120
68 242
115 136
40 113
22 241
167 209
81 212
242 124
22 42
224 179
51 127
39 150
180 248
46 207
106 110
51 193
40 239
110 241
38 113
246 33
13 111
125 218
45 170
29 154
201 168
36 186
34 44
83 168
208 173
144 194
175 225
13 142
243 113
202 7
47 69
211 22
159 204
126 241
32 34
76 153
17 24
59 229
3 151
1 46
56 218
53 135
243 34
202 248
112 131
54 190
76 161
229 103
241 172
222 108
124 166
239 224
23 248
207 214
120 137
241 218
21 42
183 232
247 187
110 184
109 174
243 94
45 197
68 152
27 59
88 167
91 211
95 110
26 75
18 204
107 154
94 158
133 160
121 218
245 71
82 148
224 129
1 249
1 160
124 145
1 194
35 105
159 188
9 119
159 219
129 241
41 220
233 61
75 173
61 207
116 155
80 219
153 184
213 116
19 89
14 243
37 45
127 145
49 239
236 11
48 242
220 242
79 127
174 178
195 218
91 114
232 155
98 101
81 246
89 174
215 84
246 181
202 53
79 89
245 64
115 148
0 105
222 3
219 79
66 194
93 227
143 228
169 192
113 203
194 216
216 173
208 98
54 168
33 187
223 26
148 169
152 196
112 163
172 181
73 76
201 33
15 216
61 104
223 119
187 238
162 218
51 241
130 228
232 50
214 235
219 126
239 152
202 187
219 97
54 140
161 189
35 97
102 119
5 38
10 209
59 224
38 116
224 148
71 181
121 200
186 191
239 107
4 62
1 181
238 86
49 76
240 144
175 238
99 109
226 235
208 0
15 156
215 227
214 223
201 122
203 186
0 151
231 225
71 150
132 244
204 87
60 181
0 209
210 82
30 143
213 16
66 126
71 90
202 120
213 38
233 69
69 121
240 134
223 87
241 65
8 87
17 180
43 71
49 53
117 151
55 150
26 111
48 167
203 143
200 180
236 7
11 61
221 178
205 144
1 178
36 182
85 118
211 196
248 73
244 83
122 130
110 155
56 152
239 121
58 235
220 198
148 197
205 64
134 149
243 110
32 115
2 166
14 26
11 144
246 125
65 74
15 79
33 41
206 33
212 42
233 227
245 192
69 211
197 234
44 128
30 57
70 77
174 220
11 161
97 138
61 224
64 178
134 148
37 233
163 230
209 136
19 146
31 227
229 28
2 66
234 173
204 83
221 82
48 96
142 175
21 142
229 122
82 120
44 193
85 130
137 144
130 205
201 165
215 108
103 219
208 217
8 85
51 165
57 160
49 181
244 33
244 23
30 231
159 224
144 221
26 40
27 33
71 224
26 205
239 16
241 131
106 171
70 212
190 199
117 142
0 140
228 113
50 88
99 225
226 240
7 138
53 109
136 224
35 45
63 222
172 224
67 221
107 144
47 245
41 227
107 187
248 85
213 87
10 41
105 180
159 165
18 78
103 156
30 103
240 86
12 88
67 194
83 169
13 229
100 151
243 72
157 162
120 200
225 39
38 93
37 146
198 228
10 177
239 35
146 157
127 233
2 201
6 18
40 76
205 139
35 76
39 189
71 169
83 95
23 71
190 197
150 186
67 232
138 241
14 200
18 85
106 164
192 208
81 123
228 27
159 247
236 72
166 201
223 49
93 130
195 219
207 47
6 50
212 130
85 195
48 169
46 79
66 120
189 249
205 152
38 56
99 205
27 159
219 164
187 233
115 224
31 185
9 226
75 170
202 129
33 221
0 207
203 39
208 119
202 94
67 192
65 164
142 167
127 243
39 66
63 100
86 134
5 44
91 158
84 170
213 32
14 89
8 204
136 207
182 221
208 17
38 121
74 181
217 76
32 183
55 130
204 216
35 122
29 228
25 217
24 52
24 83
62 143
152 188
131 206
243 62
45 158
207 44
38 168
215 2
70 180
114 130
105 197
82 174
184 245
7 40
122 230
96 150
173 241
56 76
63 85
34 126
240 52
212 44
64 69
96 241
0 98
105 241
79 118
47 114
22 242
51 157
236 118
174 175
25 173
15 113
221 13
65 201
184 219
17 124
76 144
14 55
243 102
69 88
30 83
47 216
236 178
247 205
130 248
3 145
39 162
244 148
62 69
184 240
36 119
82 171
214 58
134 199
47 57
20 246
248 122
181 202
45 143
51 173
40 238
128 169
0 62
99 116
20 127
105 177
8 117
56 201
30 134
83 243
28 173
245 98
212 109
204 155
124 130
204 219
53 54
35 182
15 81
243 174
245 60
33 203
208 52
228 136
6 72
39 119
57 212
209 150
206 3
43 72
82 86
247 121
233 188
60 150
227 44
30 95
22 210
238 90
68 172
25 181
88 178
179 185
99 138
103 186
225 154
171 218
54 121
241 117
239 179
209 52
246 3
226 108
98 212
96 118
208 65
116 126
238 176
243 189
42 68
244 115
34 57
12 248
177 185
231 142
65 207
9 155
21 24
135 158
16 49
204 91
86 153
45 247
36 231
57 222
219 166
11 215
27 199
139 157
111 144
215 35
194 243
67 206
27 124
108 143
161 200
21 141
16 228
231 197
74 141
3 78
109 201
240 11
2 131
103 218
99 123
50 125
51 98
235 18
22 65
4 192
38 221
233 121
234 176
190 246
10 68
228 80
148 170
137 192
200 216
145 174
63 226
116 175
89 144
225 44
41 247
147 209
162 179
62 234
7 231
237 126
78 98
70 137
21 147
10 54
41 206
220 56
121 157
67 201
150 221
219 173
234 116
121 175
32 46
185 243
57 92
188 239
43 151
16 44
188 200
87 119
41 237
205 200
57 119
7 242
234 187
29 145
88 183
123 136
17 61
128 178
47 230
20 112
181 188
246 112
177 195
184 186
64 210
157 209
166 244
245 232
214 213
17 154
47 70
26 55
57 242
94 141
249 122
164 243
234 2
157 169
246 153
17 211
182 189
156 206
212 242
227 49
154 235
68 196
88 97
22 59
115 235
13 193
158 198
76 84
142 177
35 181
222 109
88 179
43 129
67 131
34 75
11 207
33 103
27 30
160 164
112 159
210 178
5 97
9 123
66 114
61 222
27 155
30 178
191 232
160 221
227 99
3 70
58 181
33 66
214 152
119 229
104 244
20 101
44 101
7 164
104 225
35 130
242 10
17 112
10 206
78 203
41 81
44 92
217 57
218 145
9 46
216 34
60 137
235 136
230 83
235 91
36 224
95 168
104 168
72 195
11 44
51 159
163 176
155 177
234 181
46 137
192 231
15 54
246 127
31 152
199 219
5 100
68 231
131 162
247 18
9 42
214 16
28 168
108 120
82 103
143 166
216 56
17 117
149 186
229 102
162 194
70 101
24 56
2 143
208 113
202 54
158 227
39 83
204 4
101 204
114 248
201 240
33 205
100 186
224 247
224 73
206 147
72 94
6 176
204 178
232 103
9 82
219 228
102 181
0 195
217 19
68 184
239 47
27 34
225 156
66 72
244 76
24 25
225 170
232 143
244 211
135 145
3 109
26 119
117 146
176 185
165 217
89 111
7 186
51 195
38 170
148 240
205 185
146 213
237 21
243 26
90 166
162 214
22 185
231 45
238 240
28 154
34 45
237 57
63 87
8 128
21 52
246 162
13 198
153 204
44 105
7 221
208 205
21 233
56 120
99 101
95 119
22 237
119 156
41 70
219 132
144 178
41 49
22 83
210 173
233 142
189 227
4 11
203 193
213 139
19 120
91 160
21 193
247 179
227 89
21 139
28 202
0 92
48 216
49 143
94 218
150 204
54 107
6 190
201 35
249 103
235 222
202 56
37 246
77 135
206 76
157 203
150 222
237 105
81 179
171 209
19 99
133 136
2 125
25 115
20 233
245 90
46 63
243 81
184 195
72 93
29 214
133 197
19 125
34 80
25 124
177 217
24 146
14 24
18 94
36 55
249 86
81 92
4 195
200 62
113 173
68 206
14 228
122 193
121 216
237 50
165 183
45 191
34 161
31 116
18 176
148 168
130 194
135 147
153 168
102 106
11 36
27 135
40 138
219 196
171 210
105 145
235 52
249 126
220 18
31 52
215 51
36 128
98 243
200 67
182 230
27 145
3 215
132 188
225 118
100 209
240 186
235 13
130 161
3 135
166 176
207 159
237 149
235 12
138 221
41 78
216 87
179 194
46 199
95 218
62 208
34 37
11 111
82 217
48 226
95 206
212 157
43 202
203 106
241 20
42 101
204 212
85 102
57 123
29 103
43 109
46 76
218 7
113 119
227 62
238 141
200 29
55 72
6 128
131 173
244 196
19 27
247 53
16 88
83 163
239 91
239 120
119 225
19 139
246 171
171 222
46 107
45 73
48 229
40 64
7 17
244 130
247 68
215 28
46 164
61 125
58 71
223 97
22 212
160 184
247 112
31 136
124 225
181 212
71 102
8 223
33 75
158 168
138 183
206 109
71 202
215 96
244 47
94 208
10 71
115 207
60 164
63 72
220 137
28 232
245 3
91 120
96 220
95 97
211 0
226 199
112 117
6 155
200 34
56 128
228 69
26 105
169 240
112 164
121 229
10 141
136 246
125 177
10 222
151 204
46 92
68 128
233 118
14 231
235 138
70 164
85 166
170 175
20 227
84 100
237 191
14 67
4 184
110 172
85 122
241 50
24 237
59 177
109 186
217 111
33 130
11 70
78 173
203 187
210 243
222 188
240 162
12 143
223 195
247 174
145 197
35 128
113 192
12 54
53 61
79 108
178 235
155 167
224 7
28 195
14 135
77 118
205 70
194 238
66 166
208 41
205 156
245 162
11 168
161 195
146 169
223 203
18 95
154 199
230 183
146 235
64 107
66 138
50 93
4 52
31 81
196 232
133 238
40 147
201 17
79 90
20 149
229 224
230 208
245 21
187 231
61 152
69 236
46 211
126 164
215 192
246 108
63 155
5 43
214 117
104 129
111 230
229 154
37 158
116 217
227 69
67 118
25 26
241 82
20 183
162 188
171 205
64 230
240 137
68 84
237 92
162 178
88 147
89 215
232 10
58 92
61 223
151 246
37 169
6 202
59 242
225 79
249 176
18 179
14 81
40 157
60 154
28 99
88 232
31 222
73 84
114 126
83 110
55 135
94 96
77 230
234 21
123 240
32 176
27 78
1 32
59 118
227 155
235 36
10 99
242 128
114 157
66 200
229 188
65 243
220 46
49 173
29 87
71 182
172 183
228 33
136 141
6 51
226 157
46 59
248 183
28 127
25 243
157 239
8 113
47 63
219 67
230 39
31 233
15 50
88 122
40 248
86 95
41 108
48 151
178 212
66 133
193 214
196 245
160 242
78 159
233 144
216 114
218 233
207 226
95 205
40 61
241 86
204 35
78 158
248 5
229 7
9 78
207 62
70 176
94 127
241 147
21 122
247 76
32 227
106 111
16 186
78 79
87 132
225 49
53 80
110 197
20 168
30 128
47 136
59 100
216 195
74 100
230 203
232 237
212 15
140 165
143 236
118 192
205 90
218 2
9 176
244 35
75 187
129 166
30 89
121 188
25 194
217 35
35 126
95 182
188 234
194 242
243 159
11 132
153 223
67 126
237 58
101 187
197 243
81 200
32 182
174 217
238 135
229 24
75 126
238 53
17 40
243 193
37 128
28 87
25 166
36 47
7 54
216 58
3 233
61 188
4 188
32 152
33 188
245 65
29 159
204 70
159 168
228 42
130 233
201 96
80 183
211 186
92 236
229 168
227 228
66 163
242 130
206 112
44 213
86 116
94 138
155 218
208 125
3 90
121 191
247 120
68 113
155 182
206 46
19 45
135 179
79 215
235 199
42 48
222 24
5 12
238 151
42 193
121 192
241 186
59 182
212 85
66 201
84 249
41 136
95 159
220 4
41 52
131 232
230 2
196 207
207 125
99 236
40 102
200 197
23 166
47 153
146 207
158 197
51 183
105 135
200 151
230 87
51 189
90 226
248 74
82 215
17 89
13 131
70 159
5 215
203 111
96 190
237 82
215 181
126 239
247 71
62 145
31 120
68 224
34 137
67 169
213 237
160 204
236 56
67 104
98 140
36 163
135 152
19 30
111 185
207 194
26 139
156 247
174 210
35 180
181 201
149 165
73 153
37 131
63 205
139 198
159 205
74 227
131 186
215 177
152 166
249 129
219 152
57 155
216 176
15 151
37 224
89 161
155 243
3 178
4 20
136 170
138 167
149 159
246 53
234 135
74 79
22 27
3 170
92 215
124 220
6 125
217 83
213 179
85 176
18 210
207 164
19 211
79 114
47 173
3 66
1 235
152 241
70 242
214 68
86 155
168 231
109 188
15 201
13 103
112 204
247 234
213 204
98 229
44 75
5 42
201 248
79 163
204 3
234 161
92 98
32 113
63 138
245 159
206 98
25 196
24 64
235 95
169 238
126 133
5 95
69 213
93 213
228 35
122 123
33 69
47 93
70 202
160 222
26 56
222 17
116 134
209 208
202 80
227 35
239 13
203 166
217 198
245 95
212 121
45 182
213 30
121 195
76 167
207 53
211 15
12 249
88 128
65 193
130 202
215 106
27 72
59 95
11 135
26 93
137 139
174 215
85 232
35 147
4 230
223 75
45 228
34 47
248 27
40 77
226 135
223 126
39 51
208 134
15 131
60 136
94 195
140 167
29 105
37 200
239 147
114 167
233 4
204 152
5 228
220 113
38 194
31 215
73 118
23 83
76 106
138 225
42 155
13 201
215 32
10 73
16 97
19 49
102 248
84 175
48 70
141 173
60 199
42 153
14 57
2 4
244 167
57 147
249 134
225 31
249 57
195 212
84 111
246 160
22 85
36 200
202 206
34 125
204 189
197 216
209 56
203 144
228 30
226 232
214 102
97 149
47 115
116 125
41 125
31 228
99 110
233 143
84 178
52 191
92 228
195 248
231 147
205 105
173 188
200 141
56 211
168 239
226 85
23 241
205 138
123 134
220 74
53 170
81 121
231 82
48 120
210 100
246 41
171 208
23 187
2 94
151 175
65 146
130 198
123 182
203 155
216 57
50 220
98 249
92 96
186 197
85 238
15 123
155 157
109 191
26 211
219 44
225 187
103 172
25 63
67 246
46 153
247 64
236 57
43 249
135 154
93 196
110 242
0 163
32 139
182 191
0 26
79 87
202 104
1 232
186 204
108 187
225 112
14 156
83 223
218 9
5 242
3 99
249 91
81 130
247 51
67 233
239 159
27 45
37 129
22 79
190 209
225 56
47 105
100 121
42 127
59 175
51 97
152 222
60 227
221 193
244 134
53 121
110 195
46 201
180 203
214 80
202 160
36 116
77 200
65 240
20 188
117 233
95 137
242 106
85 224
0 240
237 108
111 160
221 140
53 99
11 110
201 82
61 200
45 220
65 132
43 247
24 197
91 170
