72 222
216 232
26 185
42 205
40 227
78 190
6 31
34 119
179 229
214 228
139 244
88 89
148 225
126 179
232 100
244 138
5 207
67 138
21 87
55 163
154 211
47 115
5 97
208 211
3 54
164 201
95 224
86 87
11 213
117 235
146 208
2 237
21 230
113 201
23 174
62 247
24 188
71 172
111 236
20 155
4 28
62 97
117 215
22 121
139 220
238 101
243 237
37 244
137 166
12 48
33 201
94 179
0 14
44 225
55 203
86 152
176 247
96 226
78 118
148 167
27 169
58 83
86 141
162 179
140 208
101 213
47 212
12 45
7 248
148 211
143 228
83 109
67 237
126 200
136 158
235 212
90 115
85 206
243 114
151 154
97 158
105 142
11 46
222 236
47 244
242 60
46 151
61 144
149 210
238 68
116 227
89 248
247 19
115 160
162 231
222 224
26 96
166 236
28 154
117 179
150 242
38 138
135 249
21 171
125 246
160 224
16 160
88 101
40 50
57 243
111 158
95 178
95 142
231 36
244 1
99 203
154 233
117 207
13 48
26 180
105 201
3 148
74 215
213 241
21 161
141 202
144 188
38 178
128 196
102 201
81 157
62 68
78 214
19 52
100 131
87 188
243 222
65 88
167 200
34 222
120 248
52 99
246 119
15 168
76 167
248 112
22 95
234 137
111 115
159 219
235 203
152 239
233 96
130 150
39 200
112 224
198 244
240 107
124 146
84 173
196 209
115 119
31 61
33 36
89 181
33 102
24 197
67 181
98 162
43 202
60 153
81 248
68 97
208 238
37 117
56 119
151 204
20 146
26 62
235 99
2 133
112 153
98 124
243 125
21 225
124 211
31 38
131 137
35 172
92 203
86 216
25 214
2 16
33 224
139 243
247 98
115 163
19 167
244 216
172 225
201 232
37 127
29 233
13 213
74 222
6 93
95 185
91 148
116 234
4 81
0 137
235 147
157 180
89 218
18 220
71 110
43 108
72 205
156 210
206 217
237 110
246 45
1 164
50 202
143 225
47 72
165 194
147 248
238 128
112 158
171 215
4 178
138 242
108 143
235 224
133 221
137 171
104 148
144 219
63 174
240 198
193 236
140 180
235 248
160 218
43 146
28 170
234 53
243 206
163 212
128 136
88 198
176 202
128 139
112 208
56 151
0 25
242 198
241 34
13 73
51 93
96 214
233 43
85 185
42 150
65 211
241 59
48 69
110 126
47 127
21 51
160 162
177 224
55 180
48 224
119 172
54 160
6 129
237 99
25 238
121 181
77 170
87 95
118 230
231 246
30 94
38 40
114 153
22 184
34 186
153 197
76 110
241 44
160 240
136 159
1 121
59 152
249 147
90 199
234 34
221 236
236 21
105 141
75 196
64 126
81 238
28 75
105 179
21 103
236 212
57 241
137 237
38 71
127 180
235 204
249 98
42 61
22 154
0 94
235 127
239 198
14 79
98 173
192 241
51 106
48 204
103 188
63 228
34 51
53 178
22 208
139 159
228 246
245 80
157 158
204 243
43 161
113 241
203 209
22 53
73 222
97 180
149 223
105 166
246 16
15 54
152 215
92 110
114 227
136 214
0 235
151 241
0 2
103 146
2 119
73 151
9 141
78 125
230 170
104 162
241 176
30 47
51 153
22 214
160 237
50 183
118 125
137 176
170 186
72 87
242 178
200 243
17 58
99 187
81 182
89 160
152 180
62 171
130 148
138 146
9 111
134 236
243 186
248 175
98 225
37 134
65 131
244 78
230 12
104 189
173 217
37 71
237 104
109 211
69 152
149 161
85 99
129 134
33 131
185 207
11 179
41 142
246 96
7 131
231 223
34 165
60 198
23 32
90 201
12 93
231 31
11 158
17 200
164 203
62 141
158 191
128 216
28 83
42 137
13 125
17 92
130 239
47 92
33 216
178 222
103 161
152 220
74 221
27 151
176 184
37 241
79 118
60 94
2 40
82 140
137 185
64 131
4 216
86 104
239 33
9 169
69 153
7 176
236 201
47 123
119 249
2 149
108 196
203 215
110 223
242 172
37 64
115 130
84 197
54 204
62 159
13 135
237 54
115 209
79 137
127 145
32 192
56 101
120 180
29 171
104 129
77 100
110 190
112 205
141 175
9 167
173 231
8 70
156 173
25 166
120 187
80 163
73 161
23 117
234 162
137 214
67 123
6 49
59 206
42 81
165 203
26 210
76 140
51 90
31 35
78 115
233 227
116 200
229 240
131 220
233 121
62 192
7 114
75 91
7 44
233 33
35 47
86 120
127 216
128 229
31 131
155 179
98 121
45 59
93 209
236 50
70 82
235 133
236 87
5 6
21 196
58 104
77 208
76 109
48 95
40 106
1 62
68 155
42 122
7 223
83 90
68 132
38 181
177 233
167 246
13 93
215 241
247 43
35 128
236 225
32 38
6 73
85 97
25 67
67 84
64 246
82 113
111 187
28 238
230 88
164 220
73 193
45 158
34 70
61 97
25 40
67 178
47 151
20 240
26 75
3 146
1 138
170 203
249 226
139 206
119 138
17 227
89 193
129 146
181 248
243 183
156 209
177 183
138 201
114 230
154 161
53 237
207 224
35 183
233 26
232 50
246 115
172 174
32 158
15 172
8 48
28 210
92 125
89 134
249 33
32 242
101 139
40 157
127 204
133 189
106 140
52 57
11 78
30 91
25 203
182 209
236 128
111 122
57 242
243 199
243 142
40 112
21 190
33 148
95 235
106 124
71 163
87 144
96 205
228 238
246 163
156 177
40 249
174 216
62 71
234 42
100 209
244 206
78 105
69 95
60 78
102 104
38 172
20 173
97 138
230 135
141 145
34 55
44 120
108 226
239 148
27 158
123 223
5 85
121 193
37 203
14 74
98 205
240 6
29 173
192 218
12 157
174 241
133 206
32 184
21 128
83 108
5 94
58 116
6 180
173 230
121 155
6 90
126 156
17 45
127 247
31 82
85 164
42 87
94 187
171 192
33 96
56 183
88 136
28 41
10 155
30 138
40 175
237 73
27 194
231 86
71 171
1 243
14 99
7 98
231 225
66 164
91 151
243 216
70 236
65 190
59 164
168 224
118 207
219 230
34 154
4 61
17 60
113 178
31 120
176 223
108 216
170 188
107 215
244 76
238 90
103 158
123 167
246 216
50 244
239 81
221 244
35 149
28 72
17 74
11 211
110 166
54 132
185 186
0 212
50 102
247 180
78 79
71 89
26 138
71 230
158 238
22 88
244 119
30 178
61 160
19 163
242 50
248 122
88 151
208 224
68 242
207 243
95 199
42 216
245 77
144 224
15 68
1 153
56 67
80 137
80 175
236 83
238 166
21 114
15 23
239 69
34 108
0 199
130 167
3 163
45 67
54 141
247 82
126 203
78 233
112 136
56 233
234 81
6 172
243 109
231 109
196 197
29 85
123 214
198 226
148 219
107 187
131 240
33 68
3 221
30 120
159 206
206 241
5 222
175 243
233 191
16 207
39 84
248 22
78 162
29 97
103 244
212 218
192 238
16 116
192 208
207 222
150 168
4 125
75 158
86 172
148 212
170 194
39 158
63 187
196 217
24 111
237 203
15 111
90 144
34 205
145 219
60 103
235 83
18 242
110 175
246 90
72 120
7 137
63 89
249 35
243 61
23 200
91 186
64 176
80 171
38 220
231 205
47 136
21 150
165 227
114 169
116 219
204 225
61 84
51 100
21 156
57 109
236 42
38 72
49 138
35 196
70 97
73 121
61 81
247 3
9 83
111 211
50 51
101 130
75 187
248 221
236 195
193 205
97 201
106 221
48 54
47 194
237 126
169 194
109 127
42 55
77 241
70 95
31 150
58 211
43 64
25 125
133 163
0 145
22 110
100 116
121 230
175 218
92 149
233 217
175 213
35 60
222 242
181 224
242 139
245 108
12 214
34 79
39 208
244 74
152 198
14 142
79 116
35 59
39 95
50 128
230 109
204 249
141 186
119 198
129 198
47 135
237 52
97 237
4 167
249 208
95 215
18 153
239 186
12 18
143 197
80 116
161 180
113 158
54 244
104 177
245 206
178 228
4 98
62 133
145 210
57 121
16 218
9 232
55 74
108 161
142 205
200 204
176 182
59 239
41 236
233 212
26 52
85 166
56 70
52 84
234 21
8 101
65 212
233 173
10 205
167 217
119 190
155 229
238 57
125 190
124 167
37 189
58 228
24 40
188 207
98 116
148 194
71 206
245 226
55 182
190 191
20 201
48 240
195 217
77 158
53 129
9 121
20 50
5 125
2 115
244 207
14 147
149 224
125 245
91 117
243 149
16 49
57 235
242 13
80 199
132 200
63 143
32 42
141 157
2 156
237 51
162 165
172 191
112 241
83 195
24 114
125 225
13 150
97 206
109 229
157 189
84 178
141 229
34 206
126 167
79 119
55 62
238 176
9 115
174 213
249 123
32 109
106 225
18 190
30 80
104 238
84 196
120 128
240 25
4 151
107 221
148 153
102 235
109 203
249 181
89 97
37 130
60 164
93 240
34 114
145 162
117 141
76 96
235 205
47 177
7 96
86 212
48 246
143 220
85 223
146 223
128 143
34 58
124 182
42 180
18 191
248 197
3 30
8 144
104 185
27 32
87 124
69 193
106 141
62 87
230 75
242 129
160 194
20 245
41 248
54 103
132 234
36 209
28 92
10 198
12 104
114 217
116 210
144 183
199 210
46 189
10 142
28 178
29 182
225 229
54 222
136 174
117 216
14 15
12 229
171 200
30 127
135 232
85 195
84 131
231 163
215 248
67 220
45 110
72 156
106 143
45 68
17 117
46 127
75 110
212 224
57 195
238 127
96 215
4 212
90 240
7 39
89 98
0 171
100 130
145 174
43 58
57 71
56 195
29 197
9 231
29 113
67 240
142 170
122 236
6 154
155 189
112 246
238 222
246 76
45 54
60 145
177 239
232 110
86 109
73 102
135 236
101 210
40 170
43 192
176 218
67 114
19 173
73 84
138 243
23 31
98 201
36 134
193 197
210 229
152 181
65 102
63 139
22 64
4 37
65 86
69 204
21 155
81 128
184 242
78 106
2 129
247 178
118 219
140 177
38 120
240 138
37 214
47 112
3 229
124 155
4 161
222 241
6 162
23 181
26 159
30 41
97 241
9 136
70 168
23 68
230 95
19 197
35 176
24 231
134 196
126 174
27 95
236 219
39 66
108 145
117 202
136 237
120 220
230 72
118 234
43 50
71 72
232 15
163 241
181 226
97 107
171 224
12 124
29 211
144 184
8 14
239 8
118 187
243 120
245 104
50 85
141 159
67 139
239 185
5 248
133 183
43 229
11 227
4 67
86 108
240 19
15 86
100 147
6 197
63 226
129 154
151 240
12 168
193 200
97 243
32 142
60 89
17 55
172 218
240 91
33 128
238 210
92 175
21 226
243 220
67 74
123 220
235 154
43 141
31 193
116 218
58 249
27 248
161 198
243 30
106 185
165 199
5 77
92 179
31 55
20 184
245 186
124 230
108 218
73 164
14 80
230 166
82 149
213 246
30 117
58 98
232 118
9 85
54 81
72 237
41 108
240 12
160 225
17 63
151 176
238 190
232 78
247 135
124 193
19 154
75 129
3 180
83 142
242 15
235 193
144 166
151 223
120 129
40 135
233 76
182 191
47 48
95 221
127 187
97 224
50 165
98 245
19 73
87 107
50 197
237 26
8 177
188 215
242 218
147 160
50 135
68 104
87 242
66 95
234 89
231 71
176 197
8 217
66 91
240 99
27 31
72 108
81 217
11 57
231 127
232 217
8 75
168 180
52 82
53 183
230 100
102 158
219 248
35 69
246 134
59 131
53 142
75 203
19 124
164 234
76 188
8 90
157 198
241 212
180 240
72 206
132 204
80 219
216 217
34 174
217 248
19 220
7 94
93 189
14 173
19 42
96 132
172 185
89 150
40 149
38 122
132 175
170 239
5 71
80 114
1 211
22 234
120 142
13 218
235 96
147 210
50 89
31 167
43 228
21 57
249 22
185 247
85 133
10 196
242 190
230 117
11 80
94 213
5 246
17 75
87 96
46 96
248 227
80 154
230 153
24 155
20 114
174 236
10 165
19 96
54 167
240 51
173 220
89 162
41 188
52 87
37 49
231 117
33 181
47 240
116 201
101 231
92 249
147 173
1 111
2 180
6 42
55 211
22 173
54 123
20 150
37 217
92 112
111 140
156 206
24 128
9 179
30 175
81 95
129 223
9 126
82 152
43 182
170 241
8 108
108 189
33 199
86 102
242 62
46 176
189 215
39 131
98 228
76 80
67 173
205 213
237 78
33 72
116 128
151 192
61 86
40 91
58 206
14 102
67 183
162 166
95 177
116 167
166 237
42 211
5 180
145 209
181 210
30 61
83 154
179 203
97 133
242 221
130 246
103 247
34 162
197 232
143 218
62 150
21 47
237 28
115 243
32 231
150 156
87 130
61 116
21 50
28 130
38 52
3 91
185 243
99 108
65 210
9 209
90 129
239 121
109 119
238 64
115 239
134 226
53 245
136 221
167 234
2 227
126 162
137 173
233 48
158 239
128 164
10 29
23 165
140 183
96 230
177 221
105 110
235 4
14 129
240 172
138 205
114 215
87 187
37 74
246 63
32 166
37 101
248 236
247 223
68 129
34 141
48 201
202 240
164 214
186 237
133 234
237 200
171 184
221 247
162 195
67 69
143 203
74 202
244 145
122 150
96 127
186 190
73 74
19 98
168 188
174 196
12 145
88 154
73 238
128 158
93 141
142 191
20 158
68 196
72 119
199 200
76 125
74 173
243 10
68 150
249 227
67 132
106 146
97 177
57 198
46 56
3 223
121 184
35 135
25 93
103 221
47 146
248 64
63 161
84 152
124 150
37 157
103 110
52 173
89 241
54 156
116 152
38 158
184 187
52 207
249 154
73 231
34 243
89 125
31 192
13 179
1 42
137 182
71 139
246 199
34 179
23 77
15 147
55 80
108 144
47 185
238 77
37 169
12 164
37 75
144 156
0 247
17 116
18 206
249 109
128 187
88 114
233 190
139 202
136 157
23 228
5 45
147 201
124 148
34 215
25 30
103 234
29 141
64 206
68 101
18 69
25 43
151 207
238 131
19 63
17 145
81 117
19 187
2 110
57 166
62 101
86 171
237 216
61 246
70 80
80 83
39 175
113 168
48 141
121 221
136 140
237 154
14 167
2 182
136 192
167 174
212 213
39 212
167 236
239 216
245 24
48 196
219 226
103 223
1 13
132 155
152 224
86 178
231 158
246 29
116 175
78 230
17 90
46 119
32 188
7 213
112 244
128 226
109 179
80 169
44 148
90 136
5 32
27 130
194 216
91 110
248 118
52 159
43 119
32 60
29 103
44 136
26 215
57 58
154 224
90 145
243 181
17 20
5 131
32 36
15 193
233 69
99 101
160 184
17 155
65 119
84 167
39 126
161 176
9 145
74 243
57 162
127 179
196 237
51 112
176 240
239 63
36 232
12 245
79 165
2 160
71 73
182 242
43 102
99 197
76 218
47 234
233 61
63 186
72 192
134 238
141 187
9 110
80 189
137 242
54 157
201 231
27 207
16 68
118 150
10 138
92 173
87 143
84 86
118 171
78 231
1 229
85 128
107 123
243 43
144 206
80 207
79 197
162 210
39 188
134 194
32 187
73 206
161 248
195 230
12 181
78 249
241 78
93 248
102 172
249 64
41 53
8 45
9 97
179 248
30 186
25 29
30 241
69 138
65 184
58 176
243 196
131 227
4 123
20 84
75 184
249 156
152 153
242 119
125 189
115 129
232 179
70 229
211 232
76 206
239 4
214 225
46 52
89 207
244 154
83 243
106 159
46 73
32 224
25 38
49 118
158 204
11 143
81 123
14 87
68 123
76 134
23 27
49 237
27 43
87 245
116 136
96 129
78 245
25 115
17 165
215 223
163 190
132 164
239 22
112 128
43 105
88 133
86 156
53 141
2 172
98 240
37 199
244 211
71 130
5 183
119 218
53 207
242 24
54 97
84 168
161 177
178 203
238 226
240 213
48 191
231 191
105 150
117 228
61 176
21 160
135 179
1 173
90 182
82 120
57 102
48 160
29 147
43 49
178 238
57 65
56 100
74 139
66 108
