234 183
215 113
176 55
238 77
166 110
26 54
57 173
244 29
243 197
150 143
101 150
92 178
80 169
199 45
249 123
3 12
132 225
69 227
203 211
21 47
32 133
150 89
168 17
91 137
164 141
102 125
222 75
26 207
212 148
117 233
80 120
21 63
12 70
44 88
15 121
213 45
195 143
61 117
216 41
15 241
185 20
231 130
174 116
99 139
152 19
59 140
121 185
29 102
27 69
210 40
82 83
210 125
37 90
42 82
171 103
211 30
139 158
205 99
40 89
58 170
160 72
61 215
202 143
29 241
187 46
233 52
77 155
16 211
75 247
11 26
152 178
142 179
164 86
47 59
156 72
67 243
27 152
56 167
44 120
165 74
64 125
217 7
156 23
33 190
236 93
50 83
110 244
61 211
29 114
173 95
75 216
76 220
161 166
51 81
44 205
14 65
85 190
40 146
58 191
226 11
178 166
94 246
66 92
135 204
17 75
238 212
240 60
156 146
178 233
118 185
15 18
166 114
82 205
234 68
65 84
88 130
221 24
209 121
17 28
228 147
232 53
178 120
214 99
14 201
19 89
113 190
162 30
102 137
152 169
52 167
237 113
233 89
63 140
158 141
33 78
192 133
241 81
223 31
207 144
236 91
47 195
30 89
13 232
65 219
15 139
222 31
229 85
68 103
60 220
202 184
235 231
151 79
35 42
238 176
32 113
27 73
21 181
88 125
101 190
194 95
139 215
193 231
150 121
169 12
139 165
66 145
25 109
188 52
54 198
95 231
221 117
63 216
142 170
68 197
57 161
185 141
33 117
63 120
149 188
209 57
212 53
246 20
111 212
231 33
43 90
10 139
10 135
2 190
110 129
191 10
234 188
154 159
101 153
218 8
106 237
25 61
194 121
85 134
131 160
117 119
135 230
57 184
129 155
234 108
92 190
2 76
69 76
192 235
248 3
163 68
11 140
203 89
220 64
238 28
176 156
87 167
114 135
241 26
12 22
3 62
117 160
72 115
166 239
51 75
33 207
248 51
36 109
221 133
163 42
156 73
79 210
112 149
231 123
48 66
73 224
186 215
100 233
195 117
213 66
41 189
214 40
22 107
26 162
165 21
174 142
82 141
80 112
96 191
152 88
212 22
163 141
239 102
83 84
185 14
14 206
111 127
248 69
212 196
171 188
109 179
135 239
48 187
76 236
230 97
185 140
206 149
27 63
205 103
107 145
45 85
63 93
20 131
215 19
188 15
112 136
185 217
124 217
180 246
218 107
209 55
65 153
229 197
68 210
243 58
6 79
246 80
139 245
71 235
195 137
202 46
207 95
157 212
122 139
205 140
26 103
148 174
219 117
196 188
215 56
174 177
214 155
204 33
38 139
142 227
99 143
171 12
103 144
66 109
247 16
49 82
12 122
231 96
49 193
115 193
39 154
246 107
22 150
79 220
50 163
75 114
213 135
23 232
50 117
84 112
74 219
134 204
3 227
195 125
204 49
213 118
222 157
25 152
8 187
147 231
35 51
77 94
132 147
238 65
53 224
153 49
142 229
206 91
24 231
1 100
49 113
162 18
181 128
58 83
220 101
78 145
207 35
249 191
230 90
226 26
229 33
227 136
160 74
158 176
171 37
158 115
51 200
85 167
146 157
39 207
53 106
55 217
182 102
114 204
71 222
199 22
217 194
94 108
170 28
32 155
210 120
191 84
10 98
36 194
147 204
152 106
85 121
188 81
52 204
124 139
99 188
178 93
93 192
220 235
205 51
15 198
65 146
230 240
100 182
182 74
166 184
10 213
172 78
4 200
184 146
37 71
194 147
146 234
8 116
148 243
174 2
249 230
28 50
228 136
49 158
187 18
25 99
160 85
194 84
115 206
70 96
73 172
100 176
101 147
115 125
66 173
84 140
211 110
150 88
42 98
63 92
202 213
2 156
136 194
49 214
2 248
211 62
163 38
90 211
242 239
208 149
3 108
20 127
45 72
225 2
164 245
231 30
217 113
230 177
119 138
151 148
204 112
149 245
37 210
175 62
91 132
123 179
249 44
205 242
190 35
56 57
175 0
98 115
36 188
46 116
211 139
46 132
84 213
244 190
8 109
36 174
194 109
70 107
83 87
13 93
211 103
218 226
219 38
242 135
55 65
242 74
125 244
25 243
161 77
159 148
14 229
28 58
38 137
81 118
0 68
42 204
205 57
61 141
187 99
153 100
234 53
42 132
83 187
71 239
164 67
209 26
22 44
224 51
185 25
64 81
16 146
50 135
180 144
172 65
43 238
139 151
55 88
91 115
27 219
234 94
242 21
166 59
210 10
247 99
11 165
202 19
237 132
249 157
68 107
33 68
52 132
0 206
125 232
15 115
30 79
115 136
227 64
6 192
58 207
242 133
85 130
207 32
179 98
204 172
205 116
221 131
32 33
190 63
157 152
19 199
39 160
228 152
182 236
180 95
104 220
135 166
60 157
197 133
122 126
207 90
86 151
220 22
229 50
238 160
180 163
148 177
111 128
99 161
4 61
37 163
10 224
7 22
232 147
17 99
129 145
132 153
40 162
53 151
132 134
246 46
32 55
152 138
142 160
209 58
93 223
211 37
4 228
82 93
176 44
158 236
173 77
33 184
203 87
166 78
118 197
38 247
4 73
190 116
51 54
206 52
174 84
43 148
218 139
160 43
87 132
163 19
33 161
98 171
88 179
163 99
218 53
52 207
134 139
8 78
87 139
49 145
92 202
218 84
68 152
44 173
177 152
78 156
154 215
227 120
187 103
20 26
56 105
239 40
172 215
70 81
0 244
240 234
4 83
181 17
139 156
196 225
197 1
11 238
210 88
59 82
47 230
31 166
23 236
19 91
22 242
6 186
249 205
2 207
54 210
162 55
235 7
133 232
57 111
219 156
201 75
47 208
215 41
20 247
89 115
243 107
134 243
46 158
239 201
194 240
122 218
223 204
160 28
62 180
39 178
112 211
93 229
50 171
158 94
10 20
91 172
224 175
131 162
111 145
110 152
158 155
64 203
80 197
71 195
24 249
164 92
12 64
114 127
228 132
174 209
135 175
23 123
106 243
239 98
121 225
163 188
169 127
234 44
45 57
140 193
213 111
117 227
195 8
108 180
149 169
25 139
159 203
177 18
181 59
236 13
88 147
234 139
16 117
163 106
132 207
9 155
60 67
225 12
207 16
85 139
50 103
156 224
60 72
28 231
116 163
105 167
169 6
132 135
106 221
229 180
42 141
116 236
58 190
213 184
233 27
138 162
194 73
177 71
156 79
24 183
31 151
31 99
5 55
59 156
109 177
1 104
2 112
39 106
12 120
202 6
242 36
33 183
86 181
8 45
200 21
178 136
108 144
61 143
77 224
244 41
211 125
234 29
59 62
206 38
234 222
68 153
165 148
236 226
188 133
221 86
21 243
195 91
212 37
48 63
9 172
87 239
8 83
79 207
86 150
233 116
10 37
106 192
134 205
91 135
189 229
238 140
88 113
66 104
121 241
89 120
198 90
3 154
16 230
157 103
136 161
78 192
40 200
210 29
13 161
30 235
105 227
139 206
76 81
5 49
164 108
190 232
157 32
46 188
151 157
177 232
103 166
10 160
197 182
137 138
109 164
14 187
233 192
31 63
55 127
234 201
91 168
185 105
18 179
248 60
6 11
45 109
201 142
61 235
166 67
27 238
158 73
22 240
152 248
42 73
200 85
218 238
230 139
248 11
22 104
138 158
29 200
11 228
131 214
218 166
224 119
225 57
96 222
107 156
54 62
107 215
173 226
236 84
170 48
229 5
173 17
145 196
189 42
193 26
67 97
235 36
234 242
33 172
35 96
17 23
196 53
84 144
84 126
75 204
130 131
22 78
155 165
158 149
104 109
171 180
191 38
239 244
107 188
109 143
230 93
7 96
168 88
2 98
225 103
65 195
144 233
205 160
45 236
171 134
132 160
58 196
64 164
229 190
220 193
177 33
4 150
86 118
175 86
70 231
234 106
164 3
10 132
168 20
212 64
65 120
73 208
199 82
39 175
82 182
170 43
247 97
191 36
140 153
75 79
35 229
118 239
84 113
183 71
175 67
44 243
89 93
209 192
176 86
41 97
177 143
209 108
194 94
195 21
8 203
181 121
0 114
242 72
35 150
79 242
188 125
6 124
161 147
54 98
116 176
203 88
222 11
164 240
8 143
92 117
72 206
183 18
220 143
10 65
208 65
248 186
142 178
33 94
157 167
195 23
162 91
185 120
129 205
163 49
168 75
183 174
68 204
195 48
193 248
234 99
30 33
228 25
73 143
12 159
214 224
175 179
202 141
175 77
1 45
14 93
60 98
158 137
166 22
169 30
46 65
249 174
227 35
3 79
140 242
245 10
176 109
219 149
146 168
104 198
90 94
76 235
30 165
34 101
29 64
234 41
215 206
68 215
32 148
216 37
53 197
210 216
87 110
96 132
154 127
61 146
137 169
195 15
106 139
58 117
88 212
159 213
218 23
60 112
107 240
246 103
97 218
35 113
61 231
221 225
66 88
179 23
105 182
61 170
215 44
107 183
219 170
77 124
100 142
93 148
72 91
62 159
191 37
111 189
29 155
92 107
209 148
210 156
200 47
32 236
96 106
44 218
97 190
182 43
159 249
243 76
27 118
216 22
34 44
181 76
1 162
151 67
162 101
155 241
30 221
177 100
13 102
213 119
216 30
44 154
199 77
243 75
160 133
45 125
190 104
170 65
17 204
66 158
168 64
25 205
13 224
221 136
115 215
66 150
4 48
75 195
88 132
182 162
69 141
151 205
108 226
216 40
127 225
162 132
0 200
7 207
2 91
84 185
247 53
4 206
16 114
16 178
166 57
39 201
194 78
222 63
229 225
34 45
24 148
166 172
29 73
24 72
117 180
193 75
141 195
153 4
207 14
87 156
84 118
18 182
123 237
185 149
167 110
11 18
62 146
54 170
151 124
16 27
203 119
89 145
44 151
161 76
45 157
230 114
62 194
5 211
137 197
74 146
9 26
160 12
217 176
3 99
138 241
158 91
74 148
170 123
237 117
55 68
12 94
197 191
168 242
210 190
9 236
185 102
188 136
205 91
152 124
177 154
91 248
51 95
9 69
29 57
63 218
101 198
89 118
26 58
76 150
227 140
94 179
30 65
83 246
58 216
110 157
221 108
168 145
187 121
223 59
172 5
63 152
208 79
40 44
73 140
150 75
119 241
211 26
192 135
192 46
39 220
116 138
144 192
22 210
165 137
206 22
21 245
12 31
51 240
239 82
210 97
8 146
188 132
198 36
4 151
142 171
238 38
47 225
1 123
87 104
171 121
195 77
122 191
233 84
27 229
27 107
156 9
96 169
231 214
35 123
215 214
25 49
238 121
201 143
230 12
102 197
73 106
208 42
222 52
226 72
26 74
32 118
23 92
16 222
43 75
178 45
34 93
28 218
77 229
44 107
56 119
236 73
133 245
127 146
1 125
220 223
63 231
81 232
60 64
230 8
147 178
135 160
37 154
126 237
183 135
248 167
9 134
160 199
192 17
28 34
111 246
74 229
208 22
7 230
18 120
62 160
23 142
6 237
213 94
186 15
164 179
84 167
114 142
182 44
155 28
245 50
246 130
50 155
116 128
21 125
100 107
8 191
35 146
19 132
173 133
220 8
28 82
55 128
179 145
158 63
77 142
237 82
186 82
171 112
209 113
194 31
181 15
99 109
77 158
65 135
17 225
211 169
243 42
202 24
46 227
152 55
137 151
90 228
219 140
13 162
51 116
201 1
188 198
176 53
228 72
240 149
205 28
15 61
222 99
73 128
40 211
205 23
162 113
217 171
90 131
200 210
117 230
107 142
110 146
179 136
135 151
49 120
1 147
182 122
83 171
5 77
239 64
235 6
249 136
82 98
36 217
158 201
219 26
176 75
247 85
120 229
180 4
155 235
36 181
124 235
221 142
57 125
103 207
218 16
190 112
1 117
206 127
57 123
234 63
19 192
167 108
16 99
78 247
39 67
240 239
106 198
115 232
150 53
168 51
1 246
1 3
180 179
225 113
121 140
27 52
187 120
42 188
32 142
50 198
186 107
62 193
90 164
194 129
2 87
173 19
220 115
190 168
68 239
15 176
106 207
190 54
64 222
7 19
66 147
156 167
24 152
123 178
55 117
6 143
134 240
236 171
138 194
122 240
14 58
79 166
124 231
9 240
173 12
90 156
156 41
247 73
217 174
74 231
44 227
145 223
49 229
63 238
167 155
92 195
180 72
52 94
241 98
12 77
162 22
90 150
205 146
171 241
14 180
22 116
205 152
137 204
67 160
104 113
228 40
213 7
8 33
83 115
158 99
216 45
190 41
204 57
79 101
159 134
166 245
56 111
200 2
60 151
19 70
118 179
72 165
11 71
73 207
217 75
203 31
202 15
152 33
209 133
188 14
84 125
110 126
84 106
105 110
121 164
29 153
58 210
139 143
228 47
227 145
236 51
152 21
100 124
5 213
200 190
18 58
105 131
246 64
247 119
100 183
101 235
154 43
20 109
136 137
103 202
239 165
53 131
56 210
98 138
165 153
33 93
54 108
74 224
191 183
237 81
225 56
179 79
141 248
215 55
127 130
83 88
225 190
172 68
52 200
157 122
167 89
184 118
225 220
50 130
72 138
239 117
148 222
138 212
212 176
61 62
41 135
198 86
78 102
166 198
53 61
96 108
201 233
187 140
235 136
126 197
232 90
157 48
225 148
47 144
130 175
78 128
137 217
221 11
54 174
66 202
236 115
89 92
167 197
192 59
150 172
133 194
89 159
239 29
172 227
236 118
49 190
60 108
57 67
30 131
237 233
193 161
7 78
203 102
190 39
122 142
177 167
174 175
8 190
18 145
167 47
225 114
184 86
139 246
20 118
31 178
89 110
25 42
5 197
105 192
238 90
211 238
170 60
213 16
188 98
109 174
49 211
34 94
224 100
64 85
195 182
141 245
219 41
163 58
181 141
188 74
84 108
155 13
226 103
69 113
184 73
210 92
5 91
178 121
129 150
246 59
155 76
78 234
188 114
196 116
11 212
113 247
36 130
129 193
232 94
11 30
109 129
32 225
43 200
10 151
184 219
87 184
54 141
191 66
20 142
235 26
127 226
23 177
173 23
6 171
18 148
161 4
216 6
230 80
83 207
246 191
234 147
213 42
199 96
201 218
191 174
66 149
2 124
151 6
151 33
78 152
64 130
118 140
22 29
174 18
241 51
18 36
224 94
87 210
233 189
249 98
249 105
151 11
246 62
16 220
61 201
116 122
134 231
67 153
85 186
200 242
246 122
223 119
90 161
54 202
244 124
224 36
245 34
89 108
7 57
229 191
189 100
75 95
142 225
197 158
15 93
188 148
1 89
67 118
155 11
163 26
92 119
43 229
157 208
24 160
222 24
23 82
237 137
233 38
51 162
138 181
80 156
233 99
222 160
211 226
50 73
218 36
78 135
39 179
196 182
60 238
1 75
43 171
167 35
104 132
151 218
93 143
64 217
79 247
120 223
222 145
173 103
222 239
8 28
122 145
131 150
60 237
54 121
222 135
29 89
91 163
23 38
236 143
205 73
232 191
182 24
68 141
63 185
78 217
226 81
140 158
20 95
63 207
11 102
187 237
44 103
31 47
198 98
43 166
30 223
247 87
5 85
12 45
191 44
6 62
236 41
22 64
234 156
85 205
240 223
189 122
169 145
146 187
70 128
218 9
156 115
161 7
21 150
239 67
90 128
98 211
184 206
10 57
5 185
34 161
248 56
19 160
55 170
81 193
169 114
5 101
21 183
226 109
200 156
222 136
249 71
220 95
188 235
173 76
191 71
92 185
244 7
217 76
224 71
111 199
185 206
67 192
204 93
18 171
19 129
200 100
93 123
114 129
220 110
100 216
132 145
54 71
12 182
241 175
66 241
14 97
176 148
46 220
68 133
171 140
183 224
176 131
180 147
20 24
47 196
165 41
26 69
201 77
55 138
174 140
208 211
75 97
16 108
63 245
234 89
60 95
234 135
177 79
209 4
49 80
14 107
105 170
244 197
7 127
145 195
163 115
242 42
67 227
154 221
43 132
175 63
123 174
225 93
91 178
80 115
228 62
184 56
50 76
243 11
40 226
24 58
4 234
225 36
58 240
135 236
145 186
249 11
183 103
224 61
123 227
112 114
224 41
168 42
82 166
117 209
209 196
222 232
9 190
132 204
75 198
168 105
37 140
236 85
150 184
15 135
241 48
51 177
6 84
2 146
39 125
141 220
201 113
178 161
133 198
171 75
95 228
140 202
14 41
197 36
88 155
66 218
46 240
119 141
113 229
227 56
146 158
187 80
203 228
74 140
64 110
186 64
233 37
233 4
71 223
71 126
10 73
34 220
64 228
7 136
0 89
179 154
119 222
106 162
172 44
120 160
237 22
87 155
130 137
223 32
145 234
41 237
203 78
188 111
117 189
26 93
29 132
27 169
230 108
248 77
80 102
184 51
22 25
195 134
107 140
99 189
241 222
243 105
163 130
46 177
185 43
206 47
7 174
25 119
218 92
213 170
49 246
21 217
249 144
79 175
111 157
57 196
6 230
12 114
224 56
190 123
23 150
102 141
182 71
9 39
114 179
245 91
86 219
249 62
38 144
212 197
97 151
58 188
120 241
127 140
36 160
121 159
51 201
100 242
232 69
216 154
219 174
200 99
192 215
224 113
2 65
35 125
84 231
70 120
29 192
201 71
168 57
48 193
26 78
227 208
231 100
214 124
184 10
197 39
221 60
177 117
104 172
140 175
77 146
156 129
215 183
20 178
138 239
100 228
200 128
88 220
105 111
57 227
226 148
82 201
190 184
8 25
83 176
63 112
196 17
51 53
110 242
241 91
150 165
245 179
221 54
106 190
201 132
62 165
182 203
57 59
121 146
134 213
249 134
238 171
231 42
26 107
24 88
59 60
241 111
154 13
115 226
106 125
110 156
248 46
8 192
86 196
201 147
27 32
134 198
101 244
98 157
113 114
242 73
157 145
241 149
23 62
64 79
17 110
24 123
193 105
21 123
123 185
213 137
222 192
8 226
200 56
232 123
240 3
73 103
145 235
3 91
228 159
108 184
157 25
210 126
89 142
68 190
214 123
95 141
54 232
240 248
76 187
198 99
62 195
68 223
159 35
55 211
202 77
200 226
95 211
104 213
39 71
212 204
244 158
190 13
106 149
167 215
221 183
237 180
23 40
15 72
2 47
215 31
41 103
115 140
24 59
203 56
35 149
3 149
201 97
195 199
96 139
168 46
74 232
125 132
21 167
188 26
97 162
179 73
75 137
245 126
213 141
150 144
54 63
115 229
201 27
98 154
182 63
35 135
213 211
27 236
44 198
44 128
151 13
157 71
29 79
110 240
158 14
28 43
93 207
179 45
181 1
75 245
98 200
234 163
75 230
38 99
78 85
79 226
208 36
13 103
169 112
62 205
104 142
194 71
19 25
188 131
176 51
212 4
209 54
20 66
214 73
129 131
65 231
168 139
5 9
54 123
226 212
117 159
42 150
179 9
163 95
26 237
221 132
165 35
36 46
176 145
192 58
235 194
245 116
36 108
31 95
15 244
229 150
180 105
216 174
1 143
74 212
156 95
186 126
212 42
67 208
230 76
167 218
140 244
95 128
191 20
14 168
114 243
153 148
155 211
86 154
52 62
121 184
5 86
80 161
32 151
119 194
117 178
139 149
154 227
64 192
130 159
231 82
55 106
217 248
180 127
57 242
232 24
175 73
35 191
192 69
25 230
1 116
118 238
115 216
244 37
113 118
145 148
83 221
99 162
139 194
196 214
75 96
161 104
42 54
176 76
51 99
44 71
18 213
1 15
16 47
38 112
199 97
75 181
200 39
58 119
194 97
224 18
59 198
201 221
113 249
126 249
178 227
72 134
47 204
216 59
115 194
53 209
241 233
76 115
170 2
69 88
234 57
157 7
118 122
183 92
208 1
224 194
27 192
12 229
189 142
187 87
229 143
221 77
203 71
226 117
194 69
113 128
48 134
117 222
188 103
168 8
26 214
15 76
102 108
215 90
197 59
23 33
249 67
226 75
245 122
231 110
26 60
22 128
15 126
71 178
32 163
12 249
199 143
152 132
28 185
58 157
107 190
117 236
95 235
1 41
139 146
19 84
70 169
14 151
79 248
80 237
112 236
55 92
244 38
182 115
218 203
178 75
91 215
6 236
172 79
238 24
17 187
223 83
186 199
188 117
3 127
7 183
171 100
149 150
28 174
207 244
208 34
226 167
126 221
92 163
31 84
209 140
148 231
218 104
113 243
29 221
90 159
120 134
40 46
0 186
31 88
207 9
181 190
73 95
113 137
235 77
138 155
178 99
55 63
18 123
143 190
192 221
195 82
79 99
23 37
90 122
20 152
154 160
166 149
10 204
240 44
208 48
2 89
44 137
108 214
147 233
15 134
188 13
243 215
161 131
172 45
242 105
154 217
209 223
46 134
244 51
15 138
74 128
117 172
30 120
195 168
238 89
57 100
193 25
114 161
3 61
30 109
201 78
85 215
56 139
51 80
77 193
224 149
38 203
215 204
199 54
241 101
28 130
181 28
235 180
196 91
125 237
222 94
95 198
5 114
74 87
23 188
28 104
227 199
43 202
32 137
40 241
218 51
238 6
162 36
44 118
9 223
115 165
23 247
107 179
58 114
224 44
91 176
121 221
156 214
95 175
97 175
162 7
193 239
16 79
72 174
239 26
208 102
235 20
42 101
34 201
71 129
105 113
11 235
177 130
9 187
59 73
191 114
65 109
200 191
13 248
13 204
27 202
19 112
91 100
66 234
237 59
179 112
235 42
164 128
243 46
195 149
162 54
104 165
39 66
230 48
130 222
6 219
216 215
5 7
3 192
245 163
81 128
223 185
170 81
235 78
62 229
91 218
170 14
124 142
117 220
211 1
231 224
31 74
12 104
52 109
75 136
31 213
111 174
116 177
37 185
66 136
41 168
236 220
93 99
167 231
63 171
21 111
119 209
192 163
230 35
212 35
195 81
117 164
66 200
29 113
94 236
44 116
3 151
152 17
11 181
135 227
239 163
205 247
179 47
198 141
125 235
67 220
118 166
176 232
85 126
62 150
22 200
124 135
221 75
32 63
191 240
208 21
125 230
184 116
30 105
183 149
99 236
14 50
67 91
216 199
44 50
226 129
243 232
231 25
245 240
226 121
218 221
24 240
106 215
57 241
100 186
123 149
37 65
70 135
151 84
109 249
36 52
235 22
20 233
241 76
68 150
37 144
206 86
31 54
30 182
174 205
182 21
143 159
33 48
235 96
157 163
227 126
94 203
180 192
221 17
219 12
241 25
9 154
0 40
186 22
15 230
145 185
14 29
216 43
193 78
151 52
74 142
186 191
85 156
182 147
229 192
8 208
183 90
193 111
205 37
244 19
137 157
192 160
234 246
29 78
84 234
2 203
117 139
6 217
26 222
207 115
28 243
244 11
174 135
121 229
154 33
47 214
218 19
177 103
228 56
78 115
233 26
46 112
88 201
205 141
13 192
166 28
168 25
132 136
203 232
4 178
0 237
3 206
134 180
235 57
208 133
168 134
39 116
237 140
64 190
187 197
241 64
226 102
220 233
76 90
187 98
228 12
15 159
107 161
158 30
153 157
183 190
112 224
236 227
71 148
70 139
79 169
53 188
186 176
34 51
79 126
117 163
27 138
104 128
166 62
75 149
197 18
32 72
129 231
182 14
195 178
197 72
96 202
158 121
78 170
38 217
19 142
86 222
59 165
206 46
52 75
231 5
35 65
206 95
235 150
35 77
56 172
181 105
116 179
181 22
18 32
223 184
79 135
99 237
40 94
87 153
58 59
99 127
195 55
89 228
36 215
237 118
107 197
81 121
32 228
176 247
192 95
31 232
116 200
198 78
66 224
19 234
92 120
170 63
55 151
44 102
155 152
120 180
215 47
3 195
79 189
11 173
247 149
194 63
201 107
175 120
111 227
57 216
188 139
91 184
27 92
20 163
199 126
179 125
66 146
190 90
17 227
21 177
62 104
62 190
26 34
48 228
190 108
178 96
80 245
249 47
198 17
197 79
94 176
130 225
99 166
236 92
240 111
102 154
9 29
97 224
24 57
61 139
3 54
34 38
58 160
29 46
217 56
81 107
249 146
205 75
234 33
122 202
46 208
240 214
76 228
204 66
88 184
213 55
225 105
249 88
44 95
53 133
71 105
11 219
114 115
28 126
216 218
234 220
160 233
51 237
37 167
223 11
189 7
41 131
169 1
217 66
156 25
19 95
48 76
183 50
46 101
171 0
11 137
159 149
24 135
221 144
157 97
71 96
242 146
249 74
8 176
0 65
32 232
239 3
210 203
84 146
242 59
15 90
33 142
84 107
79 139
117 124
209 146
70 162
179 138
81 181
192 24
244 78
166 55
26 197
107 248
238 16
176 115
176 235
32 91
1 107
16 161
107 193
107 126
229 106
175 85
7 45
40 139
14 219
16 134
240 162
57 248
246 147
19 162
201 85
117 216
5 209
200 32
22 81
164 134
108 115
86 202
95 239
30 163
161 246
73 85
229 105
240 215
162 63
107 130
175 48
98 218
44 106
189 76
39 182
186 98
25 249
85 96
5 233
123 141
240 34
187 32
201 20
211 23
209 222
118 164
106 206
47 184
3 130
13 240
206 99
168 35
176 160
47 175
109 218
16 110
50 220
26 150
237 49
249 131
125 172
56 241
157 203
80 124
177 40
206 78
119 210
159 183
100 206
78 191
123 215
89 245
33 44
75 90
243 108
132 223
1 16
90 169
59 180
234 161
153 70
158 40
32 174
187 16
8 102
166 69
249 32
182 16
149 226
246 137
229 169
90 111
72 87
176 135
31 132
214 139
194 124
9 175
74 173
185 74
158 37
245 11
246 227
247 81
178 89
180 1
75 128
134 238
34 179
1 98
220 129
59 83
58 185
202 209
227 134
234 167
161 206
70 161
203 24
225 197
39 195
125 183
177 42
166 115
243 135
219 164
248 153
230 198
105 174
141 173
52 246
9 80
167 141
226 186
227 110
80 118
27 180
184 36
214 58
207 6
238 101
162 8
195 249
173 112
122 134
107 122
75 124
189 206
215 132
3 139
206 50
120 222
185 248
120 235
198 71
198 159
152 52
53 113
238 23
128 193
18 115
35 176
202 108
8 247
211 231
56 152
177 78
241 133
160 53
60 186
43 134
216 122
28 196
192 84
206 141
160 60
239 115
18 242
99 204
115 155
234 10
203 6
18 97
159 69
231 183
185 133
207 200
10 106
213 13
200 13
167 6
19 99
177 94
171 79
212 18
45 238
3 75
64 207
225 208
26 196
201 8
137 164
199 138
45 139
7 128
189 62
162 142
166 18
243 1
186 122
5 18
169 213
49 81
50 176
111 220
139 200
37 116
230 244
169 134
80 195
86 190
27 165
4 94
34 81
130 132
61 123
193 68
203 61
89 173
7 65
2 212
88 93
201 32
160 42
127 205
200 16
187 159
37 92
13 194
64 177
31 86
96 142
100 154
35 36
90 135
58 136
47 51
143 191
78 165
228 174
53 140
61 136
81 221
118 182
74 203
96 146
102 215
95 172
163 142
134 199
13 221
8 240
36 56
159 214
218 93
222 105
212 209
18 104
117 144
47 194
26 137
151 128
59 170
153 213
170 22
231 117
110 218
120 122
27 174
225 118
152 89
124 159
33 147
83 89
205 222
177 112
105 189
171 230
14 64
12 188
127 223
72 219
54 153
168 118
124 245
221 33
57 142
198 142
68 130
76 147
165 181
154 63
115 162
80 204
78 103
112 122
26 115
47 211
146 147
135 197
181 125
193 58
2 24
227 22
129 212
14 164
247 148
239 76
211 6
129 159
168 55
60 99
11 94
178 62
225 211
177 75
129 152
223 126
102 115
105 235
221 130
18 221
52 187
98 141
194 35
21 164
64 86
239 129
1 144
25 55
174 63
232 33
150 237
204 70
117 191
201 148
7 35
220 21
96 143
102 155
203 108
80 178
3 90
108 229
123 177
73 149
156 6
4 210
80 152
224 120
214 130
234 79
108 150
188 29
156 240
186 81
15 132
214 69
21 192
87 188
175 31
222 203
127 141
120 145
90 188
238 79
187 138
145 217
116 187
33 181
89 134
106 224
157 47
124 150
2 178
8 174
233 25
243 15
16 111
118 224
232 220
236 110
220 30
5 135
209 84
151 35
15 59
212 135
214 63
148 246
101 170
176 234
106 225
55 167
191 101
75 161
66 155
120 209
63 139
209 11
73 127
176 28
178 243
232 132
187 20
57 109
114 220
1 38
238 41
161 236
219 136
102 246
144 191
137 190
18 21
209 180
15 60
168 3
195 12
0 149
37 147
20 180
33 162
54 55
47 73
72 117
92 168
9 96
29 70
213 6
214 127
49 57
141 229
225 95
242 141
196 208
199 212
207 61
110 140
2 10
191 130
90 154
212 40
231 139
2 221
249 20
170 34
61 73
146 201
39 51
167 48
42 230
159 225
23 240
193 92
215 35
160 77
20 181
61 230
102 124
244 40
102 244
166 134
42 149
225 38
228 245
224 57
182 4
144 154
249 2
36 178
237 39
167 0
175 101
90 239
182 131
193 65
180 65
202 183
88 129
11 204
68 132
74 152
175 11
173 71
244 237
157 133
46 175
179 141
123 240
0 95
186 105
224 76
210 152
249 129
2 226
66 159
184 220
100 168
173 146
233 85
21 62
67 201
223 36
246 87
81 135
25 64
51 143
50 149
79 158
217 135
94 162
211 28
69 134
63 83
41 145
249 95
73 220
40 202
55 191
39 95
2 162
99 160
4 59
29 203
98 173
222 131
181 196
228 110
165 14
44 212
164 45
30 181
173 82
240 235
31 56
7 152
209 50
128 146
176 62
120 248
18 175
183 69
17 244
26 40
15 37
206 17
65 157
213 108
74 116
165 179
175 68
165 5
228 79
3 204
41 71
112 194
136 244
126 208
97 123
138 164
59 190
10 25
60 236
205 126
97 234
11 41
201 196
225 78
62 171
178 119
24 114
27 187
0 130
70 220
65 174
134 146
61 229
68 111
204 38
23 170
231 36
121 228
159 2
165 37
9 92
157 27
24 115
111 249
20 160
153 191
85 150
28 142
40 123
90 104
16 124
211 116
52 183
148 169
172 109
129 142
199 43
243 70
16 194
223 1
120 158
90 107
223 63
224 142
99 165
212 116
236 35
11 127
23 193
222 54
248 102
188 220
210 75
197 89
56 208
161 6
110 171
29 212
236 124
189 186
57 207
207 108
171 64
130 208
135 193
35 90
151 153
173 174
122 155
48 149
242 180
49 129
155 174
12 29
179 184
195 25
235 114
90 127
203 139
219 94
170 144
93 239
21 107
179 59
236 97
115 189
43 112
47 170
222 123
218 34
79 144
69 246
192 139
237 156
2 148
192 98
167 45
183 114
30 56
191 93
94 142
32 206
93 211
217 105
2 81
57 159
190 164
153 144
8 211
8 160
5 30
244 94
49 160
162 100
104 143
41 68
211 123
25 197
83 190
136 208
144 166
194 126
157 92
119 152
212 210
121 163
42 61
151 65
172 176
213 101
39 157
80 196
92 188
60 103
114 226
171 26
126 148
110 122
247 222
249 63
41 78
14 35
7 239
47 244
177 15
241 159
91 126
225 44
66 207
230 13
210 72
2 78
60 219
122 244
165 124
75 92
74 217
3 244
223 74
171 65
68 208
179 135
176 140
51 91
26 248
13 216
226 116
160 34
103 124
68 78
25 223
73 146
210 219
186 75
83 222
191 178
7 28
11 110
31 61
181 89
188 108
173 204
56 137
230 181
112 175
84 232
34 110
206 44
210 118
46 247
35 205
169 238
216 95
159 208
53 60
183 68
223 143
11 227
122 237
156 3
134 184
201 185
43 180
104 192
133 238
204 139
113 116
232 52
29 94
71 150
219 20
45 108
127 241
164 87
51 65
110 165
62 85
216 89
25 200
23 212
165 55
15 156
24 247
124 166
121 124
144 210
11 146
30 173
212 59
66 133
160 82
193 232
110 145
143 198
0 145
227 102
103 206
221 96
51 82
146 148
3 15
184 22
166 109
59 129
213 116
94 115
87 124
60 227
15 62
165 47
104 181
91 114
16 202
211 9
226 52
90 139
85 228
98 127
36 244
173 210
246 175
21 71
227 62
2 126
189 101
178 43
50 69
169 100
105 173
206 41
167 49
115 143
170 206
141 143
164 20
223 75
87 221
97 213
31 85
220 107
20 36
236 25
8 228
1 42
213 126
170 162
13 79
237 164
49 174
93 134
183 136
40 147
199 103
13 173
235 193
152 167
197 170
38 140
20 225
25 100
134 165
164 119
70 145
66 143
89 201
191 179
237 128
212 48
29 141
0 165
214 179
54 87
5 24
122 210
193 187
213 100
244 62
201 232
6 37
111 215
218 116
164 101
229 116
38 91
178 87
188 142
45 122
3 26
53 142
194 51
113 120
17 186
246 70
135 185
233 31
9 73
165 132
30 39
211 63
219 18
111 216
125 131
89 188
189 103
119 185
100 249
227 148
79 89
153 34
199 105
205 20
85 125
220 113
152 207
86 209
59 84
225 1
12 211
174 69
153 37
230 148
150 48
223 82
56 110
68 205
97 220
66 99
91 102
102 222
102 146
189 234
208 55
0 35
5 26
9 127
92 161
71 242
222 142
158 127
224 9
165 81
104 240
218 49
1 134
193 47
59 164
13 20
82 220
79 201
105 207
106 148
42 181
28 48
237 62
25 75
1 7
54 206
174 139
228 18
245 205
200 149
204 249
193 41
225 123
162 52
244 109
37 75
127 195
170 30
208 121
152 59
91 121
165 76
84 245
117 145
63 160
33 141
37 137
67 174
242 144
106 140
60 134
31 49
213 130
242 14
109 140
4 77
239 245
9 202
222 78
239 211
184 115
46 191
21 106
182 42
56 221
65 177
205 90
10 19
218 185
150 15
205 5
193 114
110 138
97 187
203 51
192 140
109 223
188 60
223 56
238 68
218 125
181 241
222 194
234 14
16 243
11 239
236 156
173 147
152 122
85 193
163 8
1 193
222 125
153 208
34 105
85 180
194 92
189 208
156 38
186 5
47 101
49 195
208 89
19 217
10 102
127 210
183 27
173 16
28 33
89 136
41 138
90 208
62 201
30 123
124 163
99 132
180 205
180 93
203 96
15 110
237 101
102 228
113 223
30 237
72 193
180 241
229 227
34 56
15 200
42 108
25 102
22 155
116 164
119 132
72 218
1 210
44 221
104 157
103 216
150 31
209 40
198 129
105 114
36 163
210 94
185 139
247 110
224 110
172 74
243 54
207 137
58 164
166 113
5 159
82 121
33 219
59 211
222 41
226 32
143 248
183 148
176 126
36 116
40 232
183 115
143 186
27 84
237 96
177 88
240 37
110 135
22 158
212 87
182 62
27 57
131 186
231 99
141 142
122 192
175 200
181 38
152 47
234 35
113 130
25 39
104 222
130 230
27 59
36 82
184 189
64 189
101 154
213 129
20 107
113 203
234 5
229 178
212 244
1 238
157 129
13 18
47 183
50 78
170 50
145 178
171 125
117 181
2 61
221 134
72 239
208 237
33 241
72 133
201 120
111 138
123 233
16 78
90 126
91 160
152 244
44 81
3 170
71 103
75 224
176 147
9 52
242 44
103 148
98 139
202 228
136 202
190 146
45 90
52 67
26 178
196 43
89 217
63 176
241 21
1 174
93 215
45 55
115 214
27 112
90 174
29 139
5 243
99 170
103 204
97 98
4 90
108 223
38 94
84 117
160 48
108 200
221 80
1 141
86 112
198 56
56 180
207 123
32 178
11 67
117 175
44 247
25 242
249 40
173 4
40 102
249 22
46 249
117 187
208 230
170 109
244 48
6 226
178 200
246 95
42 215
226 48
116 243
38 142
82 227
63 177
96 200
68 227
29 179
19 200
75 227
46 163
1 90
88 239
241 37
24 66
166 61
15 210
179 8
92 95
54 207
61 102
151 156
124 138
12 54
2 22
206 55
48 112
208 207
10 71
101 113
149 171
186 208
158 3
91 223
43 246
242 98
219 7
37 237
51 142
190 226
204 102
236 103
166 25
219 40
109 161
20 248
171 19
161 132
118 154
62 202
218 205
8 88
226 179
136 232
130 229
166 227
180 146
21 121
171 128
152 131
160 235
227 16
22 69
3 163
2 204
186 87
61 210
6 139
85 95
198 169
206 59
151 142
17 121
174 119
235 4
156 62
50 126
133 182
1 102
19 212
99 156
38 56
89 180
162 102
25 237
200 141
187 176
219 78
226 74
214 10
190 5
62 197
134 136
73 228
140 194
138 246
72 96
54 233
14 166
94 121
211 44
14 225
72 195
221 9
32 164
241 142
193 51
29 33
181 43
40 140
168 54
75 115
213 41
129 165
44 153
206 73
187 49
6 165
3 180
32 90
215 45
203 112
85 144
160 106
223 183
10 237
221 188
182 76
17 107
44 86
3 161
118 220
153 27
237 148
233 179
22 180
249 51
0 247
14 139
53 193
247 7
198 47
238 128
200 18
93 133
100 127
46 151
40 114
110 248
159 157
86 199
92 245
214 29
210 180
197 23
28 113
183 22
35 100
233 165
44 74
187 144
234 3
166 206
194 113
68 129
5 178
204 43
247 40
192 186
219 55
116 159
236 186
225 160
194 102
37 126
31 206
22 49
116 140
205 226
61 153
217 118
160 66
50 81
156 249
175 245
234 115
224 49
215 247
224 85
231 136
81 148
79 230
208 64
68 154
59 81
0 205
197 12
30 178
245 38
1 96
240 118
68 74
180 53
93 201
132 140
30 117
39 203
69 153
11 39
139 145
169 228
74 101
100 131
206 10
239 65
209 93
174 225
133 163
198 136
30 129
117 199
101 242
125 156
248 148
182 47
65 95
94 123
125 247
147 186
189 63
154 104
48 107
170 51
67 122
21 142
168 13
96 174
62 200
46 89
200 194
56 142
136 168
198 232
207 141
86 212
69 244
189 120
23 146
17 143
205 96
58 69
191 40
173 50
31 216
176 206
228 235
60 145
220 138
202 100
169 61
205 214
185 216
192 55
178 1
201 42
52 163
39 133
100 174
213 123
30 31
195 194
166 47
244 18
16 158
9 215
52 216
11 186
220 51
12 58
20 86
174 156
149 154
192 212
95 107
66 189
228 156
109 196
216 33
96 243
176 68
64 170
48 156
233 236
168 130
160 5
109 183
124 189
178 46
121 198
77 217
40 199
197 132
249 14
209 72
151 89
204 77
238 57
196 36
104 145
208 107
23 87
226 239
32 40
43 231
219 51
194 30
234 8
85 154
0 166
8 34
142 212
135 159
220 222
93 103
13 53
62 188
219 147
168 182
145 192
233 13
16 116
189 139
207 5
247 195
39 149
210 143
92 224
83 118
211 145
35 202
178 48
37 113
121 201
47 93
131 159
223 2
178 9
18 226
138 193
164 11
35 66
179 57
215 105
199 120
205 133
71 113
197 100
121 211
233 91
153 12
145 188
190 208
207 149
114 163
219 153
110 136
84 158
96 182
80 202
74 96
159 184
162 37
173 219
38 124
84 200
241 46
73 78
229 66
44 131
239 128
93 189
13 67
