254 311
10 349
78 357
34 209
360 387
43 157
28 138
65 368
398 15
225 323
396 127
174 327
91 225
126 177
85 227
243 339
68 84
72 161
174 369
330 364
0 320
53 81
59 87
80 108
386 162
102 178
16 291
109 196
62 184
207 229
44 309
47 281
10 34
87 259
59 288
27 289
85 290
382 296
368 399
209 301
162 299
73 363
30 228
223 330
391 268
43 308
72 137
63 278
79 309
265 354
95 166
190 294
156 329
244 368
10 100
197 305
13 386
25 305
41 136
186 302
61 348
382 319
37 390
172 283
55 286
61 101
140 379
66 163
90 322
53 251
267 352
36 323
42 156
142 375
183 236
31 251
120 358
81 109
49 295
133 373
20 359
40 348
116 251
59 286
314 392
226 283
47 72
37 196
100 108
22 245
258 332
214 371
244 357
385 49
235 376
39 169
171 311
256 370
64 313
189 215
185 223
153 202
192 304
185 291
150 252
326 350
58 93
187 260
150 333
227 278
146 385
380 274
58 173
65 385
138 322
6 91
188 262
85 171
87 364
147 312
143 144
290 382
390 270
76 277
214 268
125 155
386 247
188 191
155 308
395 273
48 245
302 366
56 323
16 138
128 296
392 35
261 384
109 259
304 342
218 354
135 397
396 240
88 289
158 251
193 270
10 117
97 190
43 146
202 365
153 234
82 150
183 313
40 170
130 342
114 271
399 333
209 381
387 271
398 112
359 368
398 282
396 74
219 323
380 100
265 397
396 262
79 232
20 179
168 207
96 398
90 277
293 346
385 111
27 226
307 398
13 189
36 237
129 285
187 370
185 366
213 217
319 346
38 320
34 335
194 297
270 373
345 378
97 119
151 238
231 262
16 217
198 242
61 347
153 388
42 140
393 305
10 267
12 16
56 285
30 74
138 241
84 95
21 140
172 376
79 206
129 345
200 280
163 215
250 271
12 62
228 230
277 308
263 389
174 225
14 290
63 378
336 352
391 30
281 369
89 376
94 97
243 352
179 203
201 291
334 335
311 390
178 383
333 346
117 379
268 354
66 135
287 304
45 180
7 334
27 172
116 170
69 84
15 320
98 262
77 89
45 307
79 272
69 329
36 313
310 319
241 342
74 205
272 316
17 246
122 363
145 303
113 246
60 275
132 380
322 396
105 360
74 383
10 266
124 346
218 242
70 234
125 241
142 155
55 265
41 386
5 182
360 370
203 318
221 302
220 335
244 365
45 133
387 99
40 228
215 392
159 248
156 181
180 234
264 291
25 209
37 209
74 321
383 283
243 248
170 212
58 59
101 243
139 329
326 344
382 4
275 345
205 359
227 379
19 61
382 105
150 214
118 204
392 188
202 209
124 142
76 129
16 190
238 259
309 372
152 376
125 346
233 392
3 316
90 97
20 324
311 335
184 207
298 352
392 10
392 265
154 316
77 333
5 15
381 313
65 275
67 108
320 399
67 309
311 366
50 143
102 335
19 206
394 365
54 96
158 298
149 179
153 183
63 233
207 311
8 94
22 143
15 303
50 97
189 322
8 236
26 398
386 330
209 216
106 260
4 295
28 288
5 366
94 113
172 324
281 332
259 282
129 314
175 214
143 332
147 350
187 277
19 280
108 326
269 279
22 374
69 387
25 233
170 319
15 341
128 364
72 95
132 240
61 301
357 376
195 309
263 271
232 295
252 290
264 392
365 385
53 86
109 243
54 386
233 374
68 299
34 189
54 59
84 229
14 258
97 141
61 306
33 71
18 362
398 285
5 308
26 295
124 238
102 167
321 395
146 395
201 380
35 351
393 152
303 338
106 198
148 170
40 208
19 276
339 363
390 54
73 310
64 103
328 380
395 105
99 170
138 220
207 394
133 151
158 311
58 324
395 399
132 307
194 372
30 213
380 174
397 181
250 351
185 315
112 131
125 171
215 281
110 364
49 329
109 308
95 220
69 163
140 369
176 320
33 57
14 269
244 271
79 382
234 298
47 242
363 376
84 89
397 106
81 345
65 333
194 211
193 225
173 228
220 238
136 253
127 292
123 328
111 172
25 213
130 157
100 254
246 349
283 370
110 161
193 398
190 281
173 385
92 351
222 235
399 105
397 279
148 289
185 335
76 208
370 390
27 203
390 186
245 315
65 135
233 285
235 395
390 268
3 234
61 67
171 226
94 119
396 40
381 364
115 166
17 291
227 345
58 76
198 369
315 371
3 10
62 128
2 261
308 328
113 265
229 354
232 233
316 366
96 238
164 167
62 268
109 229
196 321
158 188
276 291
253 312
202 314
6 206
27 82
149 210
255 271
140 299
132 316
37 150
125 288
82 223
123 352
134 153
36 398
10 236
22 47
187 352
208 305
211 371
22 345
141 368
140 175
196 218
262 323
27 223
94 267
1 156
64 327
90 262
31 300
268 364
166 234
68 370
188 316
63 360
163 225
50 381
78 158
24 227
378 387
189 384
394 56
294 381
149 399
13 49
155 208
145 204
122 175
59 379
156 261
155 350
154 226
309 362
175 199
27 156
86 340
110 350
109 396
67 198
59 222
399 166
136 383
67 276
52 59
63 238
227 315
387 24
346 351
88 271
234 325
393 272
235 384
262 311
39 224
383 342
73 389
1 30
271 394
391 221
43 180
100 304
53 255
17 189
383 124
193 272
346 365
83 256
167 391
133 348
54 60
334 362
173 383
38 381
184 258
297 392
303 384
56 71
203 306
41 237
59 204
162 372
292 364
381 282
62 334
342 351
302 363
99 237
73 230
326 379
280 376
113 124
18 372
230 376
284 370
221 366
158 165
264 323
193 392
207 289
88 142
297 388
254 348
57 345
64 261
92 192
384 167
12 367
206 326
229 353
249 294
267 281
126 291
18 55
95 332
385 118
77 81
1 68
20 399
17 299
398 139
5 382
10 171
178 227
200 382
356 373
368 378
97 135
96 138
125 317
301 323
71 243
11 287
277 381
94 362
2 34
258 312
200 303
257 285
393 183
128 271
64 125
254 272
41 224
152 346
281 350
260 378
17 295
70 230
89 120
388 26
381 49
45 166
14 195
274 276
127 209
57 218
12 178
20 249
41 247
147 212
39 356
32 233
320 362
173 243
380 244
29 79
156 341
116 178
37 232
25 184
205 300
163 320
29 358
54 157
112 146
26 367
265 271
259 340
389 88
63 153
45 167
104 315
16 177
55 122
361 376
7 175
240 293
81 234
394 40
106 273
23 41
137 221
87 267
253 313
280 384
60 79
329 351
151 202
118 175
22 122
169 216
148 222
216 356
141 339
215 360
396 352
20 242
142 371
27 213
34 159
35 330
86 285
42 257
396 121
388 229
101 122
63 279
223 371
153 329
392 224
70 81
203 303
267 296
399 307
105 352
143 309
129 137
0 93
12 21
190 191
210 292
180 257
288 312
40 233
93 115
24 215
300 312
34 239
257 313
47 186
384 282
103 344
107 126
64 133
345 367
395 379
19 145
72 250
56 280
105 119
129 198
83 317
258 348
133 329
236 266
177 189
252 391
32 154
148 250
93 161
13 169
190 237
382 367
162 327
153 308
16 361
129 378
170 218
257 280
58 232
203 380
14 93
74 86
188 373
31 264
284 330
38 231
357 361
30 122
176 355
38 234
289 317
127 279
200 396
265 368
59 106
36 59
280 329
229 323
1 122
392 371
74 339
98 260
167 338
320 350
7 215
172 305
121 218
283 292
348 361
252 280
125 274
232 308
133 236
338 356
126 252
48 214
19 98
188 365
125 142
106 135
351 386
4 147
34 155
394 198
119 293
265 338
250 321
149 178
306 308
181 235
57 285
294 382
380 143
298 348
396 196
245 398
0 391
392 208
230 329
0 257
229 321
84 203
95 351
29 65
116 140
179 248
133 367
257 296
94 380
291 336
191 211
397 43
62 397
16 354
282 359
158 377
45 55
42 265
396 30
100 366
268 296
4 373
243 366
10 186
91 314
159 327
399 381
44 157
212 379
382 58
20 292
195 384
53 310
294 343
117 271
38 88
83 207
264 356
31 74
142 279
209 233
124 290
58 295
137 293
102 272
66 289
46 141
25 74
64 246
393 90
4 43
169 382
20 64
155 282
53 148
327 378
172 329
130 244
60 75
9 371
174 346
4 81
217 267
242 293
200 218
389 245
96 266
196 349
16 246
74 322
195 317
244 353
331 367
189 277
241 385
21 229
184 240
91 154
55 135
206 311
269 333
262 384
382 3
26 336
159 311
394 25
174 201
209 219
83 111
175 325
319 325
246 338
155 338
395 170
66 318
91 168
65 254
49 289
64 131
28 361
9 244
51 247
380 38
176 186
48 233
238 243
187 379
113 399
2 67
375 387
395 60
41 71
272 310
34 203
1 125
88 137
240 361
176 336
396 130
154 207
265 345
192 287
22 96
281 374
89 108
123 178
129 204
282 314
219 380
390 180
55 200
383 148
228 272
297 362
81 124
147 229
63 138
35 158
180 382
44 230
77 165
237 273
66 239
120 370
2 122
249 398
16 380
155 290
234 382
386 224
61 293
144 298
96 155
397 68
152 301
81 156
218 323
290 323
296 387
155 164
110 248
126 173
278 317
38 300
118 294
350 395
159 325
173 230
294 295
65 206
255 333
238 307
382 240
382 73
80 305
179 259
115 119
43 280
383 142
161 251
286 363
291 380
388 14
136 182
22 383
170 343
128 309
127 324
241 299
381 398
283 294
391 12
328 386
391 255
15 340
89 134
105 374
21 143
15 201
202 279
264 388
67 154
146 184
202 375
99 298
397 308
192 341
153 175
206 221
283 388
280 298
166 329
384 181
23 75
72 253
198 270
86 138
188 340
127 130
298 377
156 290
51 355
109 281
303 314
233 333
244 319
9 56
12 29
65 68
239 249
390 188
52 109
386 18
63 266
248 306
349 353
207 283
218 306
168 363
98 385
396 343
29 121
29 345
238 311
327 364
37 372
61 174
109 336
2 306
123 343
380 53
275 285
188 305
112 172
237 390
55 263
0 392
99 206
118 377
77 123
1 13
81 104
227 336
74 239
136 155
1 345
21 77
152 274
273 318
13 126
303 345
54 162
394 215
1 316
56 329
318 386
287 354
387 335
146 355
35 256
10 375
45 225
67 277
99 301
58 254
184 205
8 110
80 190
71 371
384 137
180 206
125 246
115 183
161 388
13 118
268 270
177 251
220 226
198 367
156 272
179 261
209 312
23 74
139 143
213 263
370 389
257 306
176 333
103 394
108 350
36 298
66 299
184 337
146 160
80 168
159 392
29 364
203 249
26 217
2 250
222 224
147 153
128 379
54 223
65 110
388 216
86 393
388 157
42 341
288 298
330 332
224 256
223 310
116 198
90 324
118 180
6 36
174 260
75 95
210 269
41 330
387 39
243 334
118 203
51 250
69 196
280 355
186 259
225 284
345 365
111 148
260 390
56 63
184 211
127 388
60 255
34 48
145 246
178 300
210 394
219 318
17 117
66 91
22 159
135 337
281 303
2 287
77 336
125 127
1 326
123 200
172 209
315 331
212 214
67 207
57 276
54 137
250 322
104 397
59 372
165 292
222 370
129 394
117 360
160 287
1 26
103 237
48 141
50 248
388 233
163 319
18 205
36 215
396 79
144 159
120 293
123 307
52 224
127 281
34 142
143 222
123 279
280 315
104 269
124 255
18 178
197 338
7 24
110 327
79 179
25 361
38 176
9 125
190 207
120 205
368 371
162 305
149 264
55 131
337 382
98 241
24 298
6 70
32 332
235 396
14 392
140 284
335 369
199 368
23 97
124 335
199 263
83 379
65 231
162 311
264 395
147 342
192 355
69 131
124 158
57 289
27 59
264 292
175 257
81 371
60 106
115 333
201 229
227 258
180 356
33 217
18 273
218 327
395 372
70 156
155 309
110 176
8 196
56 368
255 353
178 186
33 115
41 279
133 241
356 370
99 362
384 162
74 119
70 120
232 340
387 349
337 366
1 390
380 194
79 94
381 102
295 393
94 220
122 355
357 380
163 366
279 281
19 264
122 215
10 321
114 269
27 354
231 337
9 189
112 217
43 372
206 384
48 140
94 257
126 176
89 353
63 229
118 253
393 274
50 279
31 295
34 39
90 200
69 292
236 265
358 377
36 314
17 391
86 259
139 237
254 306
119 253
210 225
166 178
129 392
16 255
104 187
60 63
212 386
155 386
42 129
51 236
127 398
112 169
8 388
80 366
108 259
8 101
214 279
88 321
14 393
148 342
36 65
276 367
132 195
252 383
76 166
148 246
164 301
56 277
167 365
155 283
207 387
52 347
397 171
161 321
62 147
13 364
43 349
179 340
116 119
185 260
381 262
90 167
146 379
367 370
388 390
340 363
197 396
66 340
20 348
203 350
229 250
219 385
261 382
147 263
123 177
0 369
55 116
139 280
10 106
240 344
388 64
130 196
219 240
149 251
275 361
396 85
235 374
8 297
91 399
315 351
258 273
140 210
12 187
89 254
36 152
397 112
186 230
395 11
385 104
294 383
283 301
87 177
147 227
43 87
192 197
61 110
229 330
65 207
393 309
24 184
386 279
36 224
182 224
140 294
33 213
72 178
396 27
215 323
164 289
83 354
230 322
130 264
67 304
90 310
17 343
338 390
397 360
137 321
176 241
92 198
250 302
34 187
193 275
67 399
123 176
85 321
165 298
75 129
21 96
61 331
64 126
102 314
110 271
32 36
71 367
50 394
185 244
259 338
262 378
52 374
149 228
179 250
26 280
86 186
47 358
50 125
124 322
144 211
65 157
18 92
176 250
205 265
88 188
380 20
248 346
6 69
390 221
15 29
305 328
380 361
252 297
182 306
175 195
382 341
6 189
115 238
25 58
3 172
383 3
134 169
176 367
153 320
258 306
233 319
264 362
282 288
190 305
78 288
130 312
388 98
205 282
199 281
23 231
8 17
55 338
61 63
3 58
88 231
397 373
37 273
11 242
128 215
198 219
107 300
316 346
389 122
265 381
73 205
43 302
294 330
396 43
164 166
60 254
46 270
94 150
155 298
42 170
185 368
258 391
296 372
128 244
77 84
390 327
17 90
392 91
221 228
19 314
18 304
186 226
21 344
165 316
46 279
226 234
122 170
181 349
298 338
110 187
167 355
56 373
185 387
105 309
4 214
161 345
255 291
0 142
180 208
31 179
183 250
337 377
40 127
10 141
309 392
217 249
11 146
91 236
173 302
24 48
223 241
71 352
62 345
388 273
197 220
389 254
349 394
40 106
215 352
128 252
386 110
97 304
93 140
134 256
24 380
383 53
190 229
167 216
141 237
210 297
56 103
33 259
111 147
7 296
147 357
350 375
333 358
294 358
169 366
208 391
7 232
192 326
247 266
100 210
18 320
47 201
83 302
1 99
95 330
209 366
397 319
51 79
140 361
396 312
110 254
177 383
100 306
397 78
12 275
27 243
38 131
250 263
290 328
312 368
299 355
34 279
22 112
179 205
25 32
381 346
169 290
63 226
34 72
115 264
14 192
77 296
126 335
208 280
78 86
301 381
99 355
98 221
146 366
90 321
82 225
157 385
203 368
104 297
32 78
6 388
392 247
383 266
110 238
106 231
70 153
207 228
283 343
315 339
148 350
78 255
13 211
391 261
228 333
158 336
266 376
395 95
25 391
328 346
147 289
215 284
131 225
32 206
237 394
89 103
210 228
256 314
90 216
89 394
2 209
155 230
9 219
30 146
100 196
253 355
384 53
227 310
225 309
40 367
99 374
385 198
98 194
386 178
303 346
31 109
81 330
31 308
168 298
171 297
80 369
279 362
79 229
383 354
167 242
60 192
89 251
33 183
63 396
44 318
70 333
247 295
197 378
61 207
74 397
100 112
121 270
28 135
26 315
13 44
399 61
14 22
189 289
221 316
170 255
104 190
397 309
257 356
194 219
113 199
32 168
11 215
251 289
86 292
140 321
26 96
214 368
108 294
29 125
225 366
60 194
0 305
65 376
8 108
201 386
144 378
31 105
124 385
64 85
284 341
183 325
67 187
113 193
28 91
42 131
258 363
30 190
221 309
32 363
86 234
42 138
382 61
154 273
112 239
154 341
264 396
56 259
211 317
10 316
12 236
22 399
62 375
171 388
382 75
21 42
372 381
44 161
314 370
391 93
177 206
223 226
60 340
242 315
127 352
48 198
391 153
176 346
142 346
98 142
242 312
144 317
101 342
176 275
391 165
84 270
44 188
387 26
209 228
211 215
90 197
64 194
79 221
183 368
60 89
155 284
87 330
31 292
317 326
319 379
212 313
149 194
393 173
58 196
51 391
1 31
62 296
249 282
28 68
201 307
53 280
30 196
240 305
44 159
109 124
392 151
233 283
48 187
42 363
194 216
66 193
146 369
380 220
264 302
248 316
17 107
393 187
76 308
28 229
245 357
251 371
118 202
105 389
165 242
256 339
35 380
179 188
153 243
224 232
92 186
383 165
71 93
74 275
8 256
113 285
79 202
250 309
4 89
127 188
179 221
201 388
61 102
31 281
12 294
32 304
13 56
173 183
113 131
66 102
59 297
392 375
30 152
393 118
103 153
45 90
30 96
41 359
57 346
112 184
68 323
80 388
77 118
127 192
147 256
252 393
110 263
9 55
151 327
95 368
278 313
170 225
393 308
271 377
211 363
62 176
77 167
66 99
399 24
396 153
84 194
286 394
297 375
10 350
58 328
36 315
23 398
38 213
131 279
119 189
61 322
145 318
106 220
300 349
101 393
254 293
206 257
375 395
203 236
201 306
85 389
152 379
262 391
191 399
205 213
10 102
127 353
390 113
22 140
3 205
278 287
222 365
106 127
277 305
394 72
87 155
230 389
141 202
215 382
81 101
117 183
14 319
22 243
41 116
396 168
129 208
62 189
371 388
161 241
207 306
147 169
79 82
382 1
27 109
307 339
386 102
229 373
360 372
76 280
155 174
124 246
80 311
86 98
62 121
22 221
28 201
47 311
115 131
39 126
394 245
392 11
147 290
386 97
124 236
11 220
40 330
296 362
57 323
34 334
284 319
103 385
60 317
214 215
304 370
18 99
277 397
1 391
300 389
129 171
61 134
204 249
127 236
27 320
112 229
284 304
388 302
168 387
16 38
2 129
249 295
106 257
72 353
29 361
149 155
37 363
17 155
11 228
154 344
85 280
131 376
387 339
50 243
20 171
82 388
56 172
114 280
3 237
31 104
119 287
119 185
253 362
115 254
2 300
26 194
219 255
92 369
175 217
327 336
113 352
146 304
123 295
100 177
276 320
139 310
29 43
7 287
259 281
149 222
33 274
206 208
12 156
389 11
50 261
96 194
182 341
18 217
192 386
72 395
60 323
142 347
17 233
251 394
35 95
349 364
13 149
391 92
160 281
110 305
33 140
109 303
172 365
31 192
143 209
218 343
150 167
101 382
67 299
288 369
117 212
175 212
312 347
111 196
386 301
251 320
290 304
137 239
14 85
272 345
137 193
236 304
96 280
247 336
91 254
5 255
85 365
78 310
86 344
116 290
83 94
19 32
163 166
130 332
121 325
122 263
36 221
77 379
384 293
345 393
182 352
268 285
25 220
89 178
72 390
312 319
43 58
35 387
3 264
303 370
383 19
20 230
190 344
235 289
26 241
58 155
0 367
147 362
77 262
137 153
350 387
128 286
76 320
23 355
42 358
101 225
29 203
248 292
15 186
9 167
382 331
132 181
6 337
60 371
11 60
107 293
66 352
343 344
148 268
161 328
207 271
399 345
27 241
112 311
242 286
112 315
205 364
8 368
380 65
19 366
192 230
54 302
58 140
390 292
229 234
1 92
129 181
126 276
105 324
143 379
184 224
124 181
304 380
132 353
168 296
386 17
82 140
123 168
191 194
229 260
45 386
52 194
102 245
208 269
101 150
250 330
41 177
115 215
203 232
155 334
184 297
326 375
187 366
330 347
44 384
15 259
285 308
141 270
390 251
198 354
394 13
26 146
209 355
33 126
75 208
4 106
138 219
106 240
70 145
173 314
107 245
121 179
326 337
317 324
258 353
2 6
52 226
240 274
238 364
101 170
49 115
398 37
305 373
61 72
7 22
143 384
216 365
355 382
19 176
3 59
397 345
237 291
195 334
70 172
398 217
260 274
56 291
214 345
229 315
286 396
62 204
394 358
128 320
21 180
224 260
380 199
27 64
267 288
58 383
328 359
299 381
128 227
17 267
333 349
67 258
214 231
204 280
160 308
122 267
159 369
318 342
6 363
20 37
83 149
110 243
98 108
53 328
211 346
205 246
46 180
23 212
118 189
31 170
71 232
393 304
314 358
30 336
104 348
46 294
72 342
390 162
302 323
15 125
0 313
48 318
247 293
70 139
92 271
396 346
263 333
137 148
47 267
109 234
36 181
394 296
3 191
2 378
176 248
14 394
30 335
162 371
263 377
51 140
390 308
159 357
123 270
14 300
186 387
109 148
82 112
102 345
107 184
95 151
148 267
4 192
55 304
5 88
54 271
92 147
143 388
216 323
10 185
399 377
399 297
395 67
212 397
152 399
5 392
177 231
128 170
39 51
117 268
130 348
390 118
296 375
23 270
113 149
106 388
107 217
108 157
133 248
273 323
46 181
232 329
2 141
43 354
44 390
234 334
173 253
388 146
380 248
130 207
171 199
34 336
52 170
63 379
174 366
184 254
77 249
55 124
156 208
60 266
138 301
13 340
52 231
245 289
74 304
63 128
317 341
398 368
135 351
150 161
78 142
122 127
17 105
381 40
184 392
88 110
397 234
248 365
69 210
24 101
257 329
94 116
80 100
83 186
143 235
214 370
118 383
252 342
74 96
260 298
17 372
105 229
215 361
146 181
231 297
46 154
141 307
192 361
204 239
381 387
84 228
391 183
18 103
85 217
130 148
153 336
65 228
199 202
27 219
71 186
24 232
4 42
45 221
79 246
61 75
168 185
86 196
69 166
380 95
4 244
134 356
237 380
142 314
159 374
84 344
82 273
13 106
58 87
81 383
292 325
117 155
64 227
11 97
25 272
238 310
26 115
69 399
390 2
92 294
72 377
13 197
260 380
66 376
119 348
219 300
170 396
180 272
258 350
184 208
29 246
282 307
344 367
83 272
76 290
47 357
10 333
12 347
390 359
231 272
381 361
50 140
10 169
143 280
395 219
386 188
45 86
72 181
29 164
398 183
355 372
140 173
4 157
191 210
234 273
151 297
244 304
72 264
11 127
0 77
49 332
313 388
174 336
36 203
65 194
138 205
290 318
39 309
94 110
191 259
50 108
76 247
167 175
91 185
289 358
33 78
118 286
272 389
115 345
27 183
355 362
95 138
24 337
231 378
392 95
78 193
116 324
205 281
396 47
118 246
395 192
105 340
206 356
109 173
55 305
0 243
229 332
248 349
85 197
129 238
312 387
0 291
56 235
218 251
6 311
394 193
28 153
7 398
3 84
256 262
20 209
84 187
38 316
150 374
34 74
153 328
3 364
381 148
390 339
10 240
184 334
243 381
221 269
10 99
175 279
66 282
389 156
319 362
295 346
52 167
226 269
141 382
97 335
121 225
93 258
132 325
16 221
273 364
46 132
285 317
156 374
68 75
40 271
183 301
266 275
269 366
158 370
321 360
360 376
15 37
36 106
103 355
16 122
100 317
126 141
23 194
154 242
60 143
261 306
166 322
384 238
220 307
2 315
14 168
396 41
163 330
11 39
92 209
386 314
35 173
197 244
22 308
365 368
239 244
54 245
22 87
180 281
32 334
42 247
208 374
18 213
382 381
127 329
24 283
183 326
97 116
286 326
233 280
39 327
89 157
242 268
173 211
236 325
187 361
232 390
58 230
185 342
126 338
149 158
186 278
115 196
253 319
112 181
387 287
152 247
253 256
14 226
181 185
156 215
83 147
18 306
101 263
80 140
83 350
156 375
94 259
107 382
65 119
263 325
72 380
172 358
310 323
40 315
35 37
350 373
189 259
11 224
175 239
50 133
111 368
240 324
106 265
84 94
255 320
153 170
193 195
140 376
20 259
51 118
393 380
172 195
279 383
133 223
36 336
104 350
239 361
109 332
234 253
182 253
225 387
93 340
97 392
390 148
121 237
14 61
398 290
15 245
317 338
164 204
242 326
290 313
388 135
160 364
134 353
387 368
212 254
194 265
109 339
134 240
20 173
122 225
328 362
51 214
301 311
296 364
131 180
394 377
41 265
115 265
72 357
327 340
256 337
137 183
389 399
93 193
30 91
33 258
170 244
74 341
277 361
395 49
281 313
50 362
113 282
381 126
385 391
124 257
388 25
5 168
191 303
15 31
105 244
122 369
104 250
163 331
60 76
272 324
75 258
62 146
118 272
85 370
222 231
104 117
290 365
393 18
163 277
93 222
24 356
211 398
144 265
149 246
204 240
67 243
0 277
384 331
129 186
2 87
208 273
200 330
3 215
176 359
32 356
42 58
49 110
252 257
123 281
71 133
193 202
85 135
261 280
34 268
326 383
57 130
107 279
218 252
125 386
45 305
86 311
233 264
116 218
124 339
155 186
8 47
105 228
100 346
251 362
196 280
141 344
310 398
227 307
127 136
88 242
49 187
255 378
12 196
169 335
40 64
398 370
260 339
173 305
383 175
147 223
5 238
310 355
4 63
81 193
397 89
28 172
45 159
155 364
167 377
123 351
317 346
167 326
35 349
395 173
271 294
337 344
29 385
4 39
34 254
264 386
15 24
43 132
186 236
121 132
393 386
35 190
383 26
26 238
23 102
252 313
392 96
83 244
190 323
268 359
229 244
109 282
7 393
21 350
113 259
119 222
255 275
32 286
279 373
121 183
220 325
160 329
273 308
390 287
148 285
210 235
147 280
100 258
26 228
166 351
92 318
354 366
1 80
351 363
89 139
276 392
388 327
390 252
56 144
323 324
152 330
387 46
131 346
32 301
246 292
174 395
194 315
33 210
75 314
243 272
234 252
238 308
150 193
29 263
243 380
31 126
200 354
6 204
17 332
90 379
17 385
188 336
43 227
188 388
64 211
396 97
59 378
198 306
119 258
74 178
67 104
104 324
59 85
232 261
98 325
390 200
22 398
96 179
56 249
311 349
168 368
81 302
338 357
231 310
391 84
283 308
175 189
22 261
293 368
197 381
152 322
184 235
61 247
76 392
303 312
18 187
128 335
263 375
196 319
71 105
148 187
235 371
44 285
64 144
205 335
19 399
37 307
385 384
62 321
109 265
230 270
153 206
101 176
54 278
124 291
380 88
218 391
149 361
116 195
95 234
14 170
19 259
181 265
6 200
23 63
9 261
388 373
75 327
37 267
106 312
215 226
29 352
21 75
255 387
138 162
25 100
108 271
397 56
121 238
24 195
125 366
238 377
340 368
154 285
292 308
93 396
180 181
84 115
27 326
162 373
48 184
54 363
393 235
133 159
108 343
217 334
398 269
172 373
98 335
285 338
4 320
31 360
50 324
160 375
112 304
23 52
86 347
49 275
51 298
207 384
207 397
173 357
176 208
87 190
215 363
382 85
6 387
72 280
150 183
171 282
189 371
122 307
356 399
235 284
240 397
208 361
92 134
388 395
370 376
310 359
15 199
209 222
101 126
47 360
95 383
275 320
385 328
168 356
73 151
6 234
345 355
180 252
5 399
310 311
231 258
388 342
290 358
117 260
70 74
226 236
314 330
40 125
227 377
44 195
148 235
22 272
36 320
161 188
139 220
186 193
56 198
389 223
77 297
53 292
40 354
287 338
223 280
395 13
301 396
116 187
136 234
390 379
184 384
393 213
20 129
29 375
59 292
363 394
36 183
120 333
128 314
331 363
250 313
12 335
265 267
186 257
17 337
45 95
156 256
238 295
201 391
381 52
94 292
58 198
177 257
364 377
227 302
263 272
8 384
82 289
66 110
198 386
87 169
86 349
145 390
381 204
9 228
10 123
395 310
48 284
204 222
383 341
39 110
232 370
13 103
269 350
103 107
140 244
382 125
274 325
386 76
44 235
329 373
15 277
92 319
31 83
300 380
139 326
186 389
395 274
106 132
104 145
87 311
191 392
25 224
11 398
163 316
30 131
30 388
221 223
145 371
386 103
5 387
208 382
49 167
201 228
17 268
53 388
189 255
263 288
87 242
393 76
154 349
206 349
94 209
346 360
102 382
381 329
121 345
129 253
118 288
93 354
92 387
62 393
330 380
198 395
133 251
309 375
6 366
283 324
109 256
75 232
273 320
17 133
110 286
0 211
207 371
394 263
86 205
5 135
28 192
11 53
67 92
122 221
139 295
258 371
85 214
18 33
40 176
229 274
57 374
105 392
390 38
167 258
21 282
29 270
62 208
180 314
253 366
90 230
201 313
231 239
127 259
146 174
49 80
149 287
38 212
9 63
117 300
108 244
52 117
80 308
66 319
155 369
183 384
134 231
133 349
79 137
286 308
60 123
26 202
215 373
303 399
179 357
28 371
218 381
236 350
35 79
232 293
0 181
386 234
12 310
110 321
68 358
222 339
19 75
24 235
167 399
98 162
272 307
152 282
284 318
389 164
382 213
382 315
158 255
209 342
6 397
142 196
163 257
37 280
227 324
229 254
180 189
78 126
311 370
246 375
192 356
251 346
112 232
37 172
154 237
229 329
76 173
301 335
71 217
146 301
20 47
8 194
9 164
7 23
97 299
147 305
68 395
399 354
211 340
19 242
387 174
139 282
224 398
73 100
302 371
150 260
138 354
257 339
22 214
75 106
0 183
9 78
82 252
386 233
7 162
230 320
187 334
82 241
50 265
111 128
1 328
96 203
341 369
64 108
190 224
187 313
46 254
268 278
205 307
17 171
121 253
30 386
64 239
116 117
173 184
9 373
318 350
59 398
149 193
389 288
152 171
128 275
43 315
94 394
334 357
11 399
65 178
212 279
129 131
9 236
318 396
262 326
95 260
115 383
77 352
172 286
109 292
284 377
29 56
155 313
79 359
389 104
144 397
209 321
159 192
8 25
392 67
149 334
74 375
93 103
157 277
113 380
108 341
213 243
0 244
7 176
134 323
380 150
3 57
60 165
14 128
82 309
56 88
97 191
155 192
308 320
273 339
186 283
385 159
129 241
24 65
69 161
69 154
58 208
189 244
185 186
33 144
208 319
47 181
150 397
40 78
18 95
53 96
27 93
21 238
190 274
186 187
13 388
63 288
43 250
275 387
5 358
231 245
152 292
112 261
98 346
33 201
155 367
148 189
100 245
183 335
56 91
83 128
151 368
36 63
88 118
158 175
129 254
386 208
11 286
212 340
395 267
82 308
245 323
394 325
39 222
202 397
44 249
190 297
31 32
12 56
104 226
14 47
110 235
5 239
38 216
22 54
387 179
186 294
203 273
4 325
20 281
181 298
59 287
44 350
17 274
13 377
27 36
189 369
108 245
107 284
396 151
147 308
48 204
10 71
92 241
399 131
79 234
16 142
31 323
39 101
42 340
255 292
178 256
398 151
25 96
25 374
390 304
183 272
83 392
187 204
99 283
137 373
149 325
174 364
100 267
206 274
215 362
115 151
303 387
39 60
251 378
197 249
399 73
273 286
41 257
69 103
79 194
277 391
268 318
70 322
12 330
4 248
139 382
141 212
77 244
284 331
23 343
171 209
122 330
33 146
33 85
92 331
398 128
42 90
200 232
381 260
274 306
85 156
133 323
145 290
207 369
200 248
174 307
29 195
47 55
304 391
228 232
165 321
224 291
93 325
253 390
31 352
129 274
1 160
136 202
106 285
244 339
111 209
222 375
154 230
159 217
134 209
41 185
116 138
144 213
29 90
41 278
91 309
234 396
59 96
202 211
139 158
396 10
6 313
151 185
357 368
119 315
211 326
153 310
39 192
102 329
221 335
260 353
32 100
275 332
385 1
152 306
1 119
318 368
21 62
14 52
86 236
138 237
241 291
16 143
398 253
117 153
172 203
20 231
58 64
0 341
32 316
55 323
397 246
161 377
110 249
123 187
362 365
26 200
77 78
11 256
288 351
90 283
206 363
387 157
117 253
272 380
290 297
223 243
82 271
39 231
387 332
90 164
100 235
54 200
307 389
6 256
20 238
32 399
118 146
135 341
303 368
346 383
76 329
28 220
84 102
18 278
248 333
40 293
262 268
61 70
187 244
203 280
140 180
180 296
190 275
85 199
301 305
61 180
21 359
1 137
13 371
120 269
74 79
254 392
26 333
171 393
281 328
219 376
158 347
3 127
292 297
392 277
146 303
132 242
0 128
273 278
232 392
44 362
105 376
339 398
140 224
45 66
380 76
168 187
326 334
1 28
133 317
11 328
50 174
262 382
177 300
244 393
50 252
43 264
383 78
181 295
86 283
278 281
25 89
340 372
221 226
7 248
187 344
157 206
102 371
229 261
143 387
26 148
397 15
124 331
225 267
137 216
236 331
70 79
283 311
76 342
12 355
261 360
65 141
163 256
46 144
230 350
83 330
177 394
16 329
139 270
248 327
255 268
123 273
142 340
270 388
83 88
13 303
394 144
100 195
105 347
41 355
132 278
229 281
391 175
39 94
387 113
394 277
390 69
306 373
392 150
60 291
227 395
370 377
169 299
156 363
188 243
152 178
393 200
267 285
16 158
319 390
392 333
48 234
242 308
162 217
394 101
149 259
43 220
48 128
133 142
103 277
2 360
78 148
28 159
20 276
382 98
33 280
227 284
125 243
37 180
70 372
49 55
8 351
122 282
394 149
130 394
224 396
28 258
398 51
183 292
131 262
2 192
267 383
264 375
105 286
315 396
233 366
0 166
187 295
383 41
3 155
167 342
159 373
92 396
380 45
161 191
25 206
39 131
316 344
26 352
159 235
248 296
3 29
140 214
184 246
380 245
225 237
192 286
27 367
380 238
194 344
225 357
111 218
396 297
125 248
117 315
303 396
252 312
92 169
191 307
23 271
140 163
98 154
399 56
11 335
195 205
381 244
168 170
182 333
245 271
321 344
33 121
36 56
91 141
103 336
182 372
87 221
143 226
130 298
163 258
293 370
263 364
114 345
241 252
314 362
125 222
94 282
164 293
55 385
65 325
95 371
203 282
189 219
97 354
142 254
101 207
381 202
166 259
111 372
21 204
67 355
56 244
68 145
18 257
108 121
109 364
154 312
120 301
10 243
44 325
117 393
246 368
176 178
380 120
280 292
217 332
265 372
23 352
390 51
13 381
9 279
107 271
113 184
243 394
147 354
205 303
336 355
100 121
385 294
96 250
332 353
145 362
79 316
6 250
34 345
12 395
280 398
127 319
133 234
392 165
46 50
292 338
91 233
146 389
90 299
90 159
168 272
252 348
74 300
278 324
199 341
64 74
139 394
134 277
42 338
9 30
4 20
29 340
84 219
46 390
271 347
45 144
216 249
244 354
28 62
39 344
69 207
149 363
71 163
148 237
384 101
29 181
152 352
88 209
173 209
111 376
17 179
27 116
230 393
0 234
180 367
236 257
308 368
64 353
381 124
297 309
44 176
66 333
113 204
253 361
43 351
88 265
83 307
0 135
186 394
394 217
305 368
119 211
111 180
226 328
5 340
192 398
398 299
84 272
90 206
317 369
38 356
120 202
66 200
118 132
133 293
336 370
38 113
25 115
311 336
209 243
136 351
6 99
104 105
397 227
153 198
78 100
382 366
218 273
276 340
207 354
62 178
273 277
240 307
168 190
208 307
63 228
13 54
47 159
93 121
190 330
81 177
217 271
64 338
211 355
154 383
133 298
299 316
378 379
252 352
90 378
229 296
1 346
105 241
23 142
329 356
119 181
79 131
15 354
390 269
44 74
58 70
207 263
140 249
256 274
97 296
264 377
148 331
32 303
140 267
100 291
99 156
12 132
259 285
118 123
43 307
350 369
19 95
5 285
144 188
62 265
65 389
186 336
220 389
180 394
62 256
238 306
384 319
189 314
116 332
305 386
89 217
201 395
139 203
151 152
283 293
128 331
126 290
387 240
0 239
312 366
312 398
252 357
37 159
41 250
139 366
160 279
381 177
180 334
397 36
20 175
200 255
196 318
57 371
133 309
33 122
205 398
27 42
239 303
134 367
37 260
188 266
128 280
84 351
100 360
127 172
112 150
384 172
288 383
49 263
203 340
26 28
124 307
174 252
11 140
205 291
305 339
153 273
39 329
61 91
1 278
78 152
11 191
72 121
24 25
261 334
38 120
202 219
165 385
38 271
125 320
148 162
135 183
383 355
156 177
230 313
226 329
324 387
207 297
48 359
118 215
389 45
181 193
106 196
79 252
137 277
284 322
45 255
129 391
305 390
179 355
95 277
210 278
69 153
47 104
119 324
98 230
23 323
60 353
348 398
244 300
12 321
14 311
324 378
202 239
94 179
158 270
82 282
183 297
294 395
250 261
72 129
394 368
3 44
105 329
169 364
7 61
181 390
270 309
26 181
167 396
295 373
57 99
301 382
250 366
217 329
221 307
222 281
230 301
35 236
116 292
112 328
329 378
397 85
51 279
33 193
237 375
173 392
380 148
26 113
37 244
42 134
362 380
35 315
86 168
29 50
108 262
378 396
369 392
117 171
304 310
385 279
350 360
177 259
4 224
79 212
8 90
146 211
52 369
395 148
289 327
175 282
212 325
208 388
155 279
39 361
251 327
3 31
385 280
161 247
191 355
382 260
248 262
22 281
153 250
135 381
139 373
42 71
151 315
14 111
396 112
20 252
131 133
58 337
63 90
353 396
144 323
32 343
47 285
231 331
380 43
21 224
24 282
29 83
67 248
76 92
218 271
15 231
123 340
224 373
59 165
382 203
38 347
198 357
247 389
226 377
6 124
7 260
90 180
227 279
307 390
89 226
391 229
173 290
2 108
384 104
285 364
52 193
12 191
48 316
98 225
324 396
152 325
382 352
73 94
52 261
20 343
396 267
86 94
58 394
266 340
148 160
32 214
134 204
22 38
151 378
46 106
383 347
10 165
117 313
111 304
54 307
176 277
242 269
20 160
150 190
18 302
390 296
63 94
243 310
220 231
279 297
392 174
161 220
141 149
85 387
6 112
14 82
71 383
165 180
197 268
62 385
229 375
78 334
210 328
5 367
105 149
21 154
30 111
262 340
22 166
234 333
38 168
153 324
90 372
143 237
133 154
41 100
274 324
42 273
204 269
87 181
28 61
356 364
67 326
160 317
270 378
394 374
97 256
100 153
8 338
337 381
67 223
13 296
71 214
260 338
24 91
269 386
390 326
49 231
35 118
137 157
276 386
298 339
261 320
21 160
28 349
180 399
89 335
163 361
105 270
87 175
150 284
23 134
105 339
386 21
71 215
13 113
27 271
305 357
97 260
217 282
103 186
40 174
110 323
282 356
39 152
164 191
27 104
203 261
386 109
240 372
73 360
87 187
388 318
391 336
388 239
380 209
29 147
154 356
76 128
192 235
311 312
7 267
133 395
234 365
96 149
58 375
23 382
65 83
16 94
108 397
142 358
76 224
12 230
108 253
114 381
169 238
89 194
120 344
111 346
382 211
10 366
265 370
131 189
232 287
33 124
241 260
228 367
110 218
95 127
5 59
163 207
280 318
381 234
2 372
234 367
253 342
2 113
135 372
10 221
386 307
23 202
182 313
268 327
126 395
40 197
188 283
53 281
226 313
169 284
42 165
238 353
393 224
42 319
18 387
164 249
224 261
119 130
149 343
53 159
258 307
62 306
164 290
217 377
184 239
389 57
56 192
292 328
366 376
320 326
81 374
277 312
218 370
284 334
395 54
37 351
80 381
38 278
80 153
156 218
171 230
153 212
205 296
96 365
289 375
84 159
191 231
222 385
194 321
395 213
35 91
151 218
108 221
121 200
380 147
189 365
100 344
284 397
272 273
50 85
139 306
83 367
4 52
396 59
224 325
100 272
385 151
39 212
243 324
93 265
156 275
281 285
155 311
82 305
173 208
16 206
203 317
60 228
38 289
163 388
399 362
106 268
171 375
97 364
329 346
396 395
34 232
72 198
108 127
150 332
198 342
160 370
282 309
0 140
245 257
115 245
132 378
131 135
69 89
301 302
127 141
95 194
64 238
239 269
241 338
200 297
148 186
59 269
228 302
335 360
0 395
387 87
97 229
104 222
44 165
27 284
34 91
194 373
46 259
194 270
260 379
2 238
9 186
88 128
219 324
36 40
54 315
165 194
66 226
225 321
31 207
97 268
393 134
232 247
13 138
102 370
58 128
139 201
203 354
155 160
276 371
1 177
148 171
41 73
65 269
249 253
388 294
14 95
75 389
381 64
201 359
286 378
346 386
78 330
308 367
5 143
311 383
212 336
387 195
36 274
130 338
160 259
261 398
389 372
84 119
167 230
175 207
91 367
155 280
390 261
109 298
107 142
96 100
193 249
176 236
7 216
73 346
57 139
4 119
368 375
107 148
133 285
275 286
11 82
394 278
222 328
18 182
306 355
30 229
287 380
377 397
64 109
391 241
37 230
216 395
157 263
383 86
158 240
14 385
185 274
113 137
173 367
23 121
273 299
286 305
151 261
115 269
108 152
20 284
345 358
204 355
48 59
150 230
80 241
72 285
206 218
97 254
194 351
17 345
11 100
62 114
258 289
245 313
31 65
15 98
171 249
163 294
274 301
251 281
12 288
25 273
181 387
37 335
394 131
383 273
99 263
396 116
106 306
254 319
94 392
123 173
318 353
308 361
234 329
284 286
37 314
180 372
96 374
10 54
10 82
43 294
55 330
300 332
186 376
283 306
132 145
322 375
148 354
380 18
224 312
360 396
390 342
165 245
72 318
135 154
143 307
304 371
63 386
82 385
242 335
32 290
334 358
118 343
145 202
151 160
88 122
274 386
27 56
212 287
133 398
223 297
32 308
190 334
211 242
12 84
166 170
5 200
297 348
75 192
234 321
139 161
257 342
14 172
276 383
343 359
31 144
86 130
32 317
187 317
354 372
392 190
214 297
28 170
238 301
250 392
97 349
56 309
14 272
122 168
28 117
61 158
198 288
396 201
152 337
124 324
106 249
7 333
67 87
216 332
8 52
84 137
88 155
224 305
0 382
131 382
217 369
181 233
23 100
269 323
94 287
71 182
28 94
40 383
238 282
112 246
142 306
23 169
261 276
27 178
241 284
133 266
390 33
3 327
6 75
90 153
143 201
351 353
223 374
213 378
231 368
89 234
387 110
10 372
239 271
143 374
385 306
147 213
390 185
18 383
213 289
179 185
183 377
386 29
283 338
88 391
93 278
167 199
10 30
108 375
244 395
166 300
275 282
174 262
380 323
159 200
31 287
151 258
2 118
162 181
86 99
392 167
39 44
102 313
156 350
40 223
390 90
396 23
77 183
15 208
232 288
134 143
48 317
382 233
50 321
1 268
229 310
398 186
382 138
385 27
318 365
151 254
380 214
189 260
22 67
265 330
106 108
65 71
50 142
89 349
94 338
23 305
34 258
60 197
265 360
167 183
36 116
260 388
96 312
206 231
150 326
155 209
256 302
81 370
380 207
248 394
105 287
176 323
50 134
40 69
74 280
30 162
159 242
36 286
133 224
155 321
309 348
138 189
2 271
154 265
304 355
71 241
116 156
46 223
120 283
385 114
72 260
282 301
207 368
194 335
263 340
38 361
18 348
238 350
394 343
204 227
69 299
179 391
157 362
58 94
204 399
388 66
24 44
386 345
30 212
258 387
110 223
122 196
202 373
2 328
269 397
115 123
171 176
185 237
143 265
388 5
386 12
221 282
131 198
51 69
126 190
61 304
292 387
85 132
398 303
220 255
144 246
92 242
171 174
212 299
63 103
29 207
31 383
69 393
293 389
369 387
275 293
198 276
47 94
124 241
254 278
89 196
162 229
275 358
113 196
139 317
199 319
16 313
10 393
188 350
22 367
391 359
167 329
188 393
41 206
131 261
126 376
172 190
303 305
156 228
78 251
399 47
252 360
81 266
75 266
118 157
47 109
16 147
136 144
86 120
137 172
387 123
265 290
383 373
184 346
15 391
29 239
91 280
93 377
174 344
319 345
35 179
1 368
165 178
101 285
0 163
235 391
242 281
390 291
233 287
93 197
64 265
64 228
247 334
35 284
35 245
292 365
263 386
8 376
156 393
40 136
134 281
163 367
394 347
181 382
162 212
228 314
115 399
123 389
118 190
25 329
178 382
60 379
383 106
109 176
9 86
172 296
168 334
48 186
8 321
33 180
38 305
153 188
25 91
154 267
380 83
382 146
180 324
0 332
21 159
339 348
303 393
239 297
16 322
240 327
398 239
198 199
138 202
3 375
28 231
197 233
389 341
169 272
188 228
86 319
47 205
106 217
208 233
294 314
44 324
35 259
2 73
70 115
28 340
388 255
25 251
217 345
149 379
156 268
76 221
395 394
70 306
206 284
397 187
74 267
194 360
393 335
115 358
72 332
265 302
1 240
52 350
140 181
263 308
112 324
85 205
126 373
65 210
112 292
54 364
124 297
40 111
145 265
213 295
55 109
117 335
329 353
87 338
209 261
172 182
15 63
392 176
123 156
149 165
17 212
245 249
394 48
104 159
21 365
163 349
29 368
18 197
15 345
398 136
111 177
86 251
37 63
198 269
397 12
383 137
212 304
191 330
19 281
383 73
206 295
26 203
161 353
51 159
388 200
29 55
129 130
268 290
172 276
151 159
42 290
345 377
108 314
390 341
5 184
383 15
98 244
118 279
150 250
290 322
117 331
279 349
5 160
265 342
382 187
196 292
50 256
9 317
381 14
160 311
39 357
306 322
70 212
123 220
141 215
212 318
14 145
185 321
2 39
91 126
305 399
190 315
384 33
173 328
82 98
8 349
169 214
294 327
53 381
131 331
130 182
192 366
385 226
101 128
399 65
396 14
150 169
230 248
38 208
84 325
80 303
3 63
100 180
149 202
24 236
169 354
135 184
3 262
22 138
393 159
395 128
378 380
15 206
60 211
386 117
128 155
74 115
44 341
76 82
125 392
52 164
99 107
22 273
134 258
190 279
197 216
170 197
186 305
227 235
27 379
252 350
214 244
122 273
211 228
128 336
39 108
34 195
43 104
103 246
94 396
94 398
91 312
40 328
257 372
213 274
78 285
63 286
62 95
70 179
40 276
84 212
134 365
144 381
287 302
97 330
9 360
42 387
30 90
266 279
38 106
312 321
40 75
256 391
48 330
233 299
185 326
36 98
96 305
162 245
271 358
74 134
28 273
315 341
30 87
194 323
12 364
394 18
399 355
103 187
145 289
228 344
260 349
50 370
140 209
233 302
34 294
26 256
264 334
97 356
165 387
162 333
75 351
122 246
73 207
25 309
196 250
238 393
263 283
397 243
79 189
122 124
97 351
67 180
115 157
42 223
50 288
134 229
144 258
389 296
68 120
100 311
57 231
158 395
182 356
43 350
169 399
219 349
109 301
399 360
0 124
97 179
44 213
88 246
83 313
10 247
115 359
207 372
52 120
106 296
136 349
385 254
306 325
67 174
174 343
77 225
344 384
109 331
10 360
245 371
324 339
302 370
45 333
160 177
101 135
213 300
114 279
141 333
133 155
27 298
127 325
8 163
25 48
41 198
97 142
394 294
111 266
25 40
382 361
114 390
91 127
18 331
109 253
12 349
373 390
32 163
222 264
397 22
73 152
210 381
63 87
11 15
199 373
72 167
21 89
24 292
392 196
68 341
69 197
9 37
67 324
175 355
16 259
100 199
149 285
154 216
61 271
219 294
107 266
398 378
118 398
222 297
382 123
28 384
396 334
130 255
68 155
109 268
207 262
171 364
125 231
172 345
221 371
173 210
393 280
158 339
69 139
139 363
121 318
389 301
175 380
211 277
218 334
154 332
156 226
174 357
76 335
172 240
197 231
300 301
159 174
192 297
191 193
164 343
35 378
94 148
361 363
162 203
36 228
246 317
237 358
108 114
145 350
335 364
261 321
159 380
65 365
4 225
75 364
144 210
328 345
1 381
137 399
130 187
85 357
24 383
145 308
393 75
32 392
25 105
35 331
91 170
91 343
143 185
237 277
289 350
268 269
30 142
35 90
63 98
3 394
2 320
23 40
133 250
79 324
166 338
329 390
200 386
97 334
275 398
111 324
218 303
199 372
20 326
239 321
381 208
5 114
32 109
48 230
262 373
35 107
32 339
324 374
181 357
10 20
143 215
194 220
395 340
2 346
101 262
105 312
68 365
234 309
141 313
155 223
149 249
192 321
19 360
37 218
21 342
155 317
385 139
134 218
97 124
144 299
104 137
15 333
7 99
88 283
320 394
60 235
67 151
253 357
19 260
89 116
25 245
17 108
385 153
171 189
157 363
41 344
93 223
152 391
94 310
197 357
280 306
130 229
70 164
137 162
70 186
204 392
313 369
150 221
24 29
14 329
187 369
39 337
387 16
75 181
220 358
52 94
1 311
53 329
390 184
14 379
126 326
169 276
22 178
82 110
384 102
138 182
7 356
386 255
63 212
49 301
36 93
79 103
194 285
155 331
266 276
4 315
74 138
76 300
24 258
130 214
143 274
221 268
13 179
28 298
243 388
209 309
110 221
275 328
101 237
220 362
153 341
128 266
57 357
342 399
61 146
22 26
39 292
22 45
251 295
64 215
384 94
216 269
41 105
287 324
126 324
392 218
385 92
154 333
153 284
204 352
156 397
76 295
216 268
175 286
88 147
20 30
61 120
357 360
238 340
136 362
298 353
255 364
174 267
117 270
396 155
195 254
78 305
321 351
72 136
212 282
11 340
245 320
69 371
220 370
256 383
98 299
326 354
182 335
32 375
325 340
356 398
99 270
81 274
223 316
79 295
304 324
186 384
202 396
64 84
128 394
119 201
21 103
33 290
155 157
60 388
32 64
61 385
58 351
20 154
239 317
181 306
23 38
27 87
320 342
94 227
172 309
83 137
42 153
52 351
15 182
394 134
159 164
57 156
184 299
118 219
99 297
221 240
23 67
115 350
31 393
149 357
167 191
167 171
120 285
2 213
7 285
191 215
37 210
7 129
174 185
398 57
49 89
62 219
251 283
381 264
96 220
44 199
98 146
195 364
10 206
384 203
145 338
6 158
249 300
92 133
399 378
313 337
2 75
199 258
7 77
163 308
59 178
63 230
252 356
50 259
11 112
149 252
307 371
391 379
359 373
71 137
128 346
270 275
397 216
105 275
380 115
190 352
69 222
109 324
35 45
199 236
50 393
184 399
21 294
295 374
266 309
220 227
393 53
18 248
303 355
101 114
148 323
381 127
179 384
98 373
75 322
239 330
28 102
88 396
122 345
201 207
37 197
263 352
68 342
3 306
396 136
289 380
58 187
87 371
6 14
381 229
17 382
272 360
74 289
175 294
247 344
56 123
72 223
185 262
139 209
383 96
28 232
78 272
380 181
221 254
393 143
10 50
27 328
166 227
107 222
209 306
320 363
318 395
112 231
48 269
137 246
89 302
101 175
57 213
174 394
109 165
1 299
214 239
117 348
205 311
339 364
159 285
388 115
24 128
10 199
102 194
180 213
136 279
238 391
169 185
296 357
106 184
383 318
299 320
83 247
82 125
45 354
228 327
99 127
143 350
107 384
95 158
63 116
207 220
191 379
38 350
257 389
53 260
112 250
74 171
46 292
31 253
155 299
381 172
127 289
53 62
117 293
153 218
21 395
173 318
7 10
391 86
0 384
236 298
146 327
68 103
96 183
296 306
8 23
291 392
17 123
77 364
382 145
69 285
388 279
176 195
115 392
273 376
98 193
346 393
68 317
65 187
63 393
5 102
36 58
382 59
26 260
31 262
164 240
233 246
58 247
208 390
16 330
282 380
12 328
9 121
6 227
73 150
108 122
194 388
54 337
18 286
13 71
384 358
256 371
15 120
304 331
333 350
135 357
133 170
129 316
119 239
151 178
80 260
10 348
7 370
29 300
289 314
16 91
111 194
214 237
1 388
130 315
228 285
165 331
169 293
399 277
155 232
153 369
49 197
259 306
117 244
386 292
226 249
212 344
209 336
182 289
102 357
178 303
86 134
194 209
86 218
66 98
385 312
57 282
228 380
273 369
380 32
247 350
219 279
20 395
0 231
198 374
273 296
111 151
80 329
96 321
117 211
16 234
101 296
76 143
54 174
136 245
131 174
388 170
244 322
67 383
51 311
276 389
57 339
41 166
240 364
124 333
131 311
116 287
63 100
19 263
109 279
394 264
186 374
159 181
65 249
257 267
399 74
208 238
382 227
128 158
232 362
320 369
102 105
101 365
107 276
17 275
398 134
168 265
183 202
32 159
76 345
16 100
162 388
111 396
138 399
186 219
338 378
343 390
48 150
33 206
210 342
142 283
42 177
26 393
117 138
174 397
324 389
174 376
337 349
29 173
82 188
360 390
169 302
264 312
190 296
98 356
56 114
336 368
18 377
134 149
140 195
41 130
164 313
0 223
134 181
393 25
71 152
116 340
199 298
69 289
223 284
207 396
147 157
382 127
213 322
102 395
143 260
42 277
197 370
150 195
303 308
239 389
200 338
392 342
225 293
29 108
95 376
59 392
185 207
71 273
0 58
224 354
394 75
2 42
184 233
11 302
138 307
280 368
0 105
70 107
19 329
15 248
63 368
88 239
115 273
223 257
34 121
34 95
246 380
203 297
201 289
91 247
197 214
197 229
54 233
27 259
217 344
389 375
57 85
28 35
234 399
173 399
4 260
57 329
270 324
293 308
257 384
399 337
170 306
100 358
95 377
25 358
50 345
384 153
27 216
208 321
112 154
30 278
39 380
389 309
13 273
317 393
320 384
231 235
151 328
75 363
102 315
66 374
216 223
162 296
330 396
130 374
46 168
3 82
183 332
134 337
202 294
160 354
339 358
89 175
128 325
57 140
34 194
206 292
218 253
389 328
205 239
312 346
32 251
384 190
253 326
199 304
321 323
0 261
191 273
197 221
234 341
48 223
102 251
380 309
115 138
29 89
242 382
267 374
205 396
285 382
52 327
89 363
138 281
154 188
112 347
154 326
249 266
274 338
84 221
240 335
130 198
340 389
124 162
41 285
75 352
99 235
193 229
135 214
12 394
120 325
245 331
25 124
81 287
213 309
101 102
144 146
136 399
268 293
130 375
395 226
55 372
2 126
225 288
3 37
215 253
136 344
59 375
252 330
40 324
8 313
37 171
20 114
249 387
26 109
382 249
100 226
94 360
25 123
322 374
394 364
13 304
202 271
395 168
353 393
6 291
98 208
142 384
115 335
386 396
229 364
146 148
33 271
88 115
155 222
346 394
116 360
242 397
160 178
287 365
62 117
57 183
20 107
333 352
46 394
108 370
40 95
94 189
381 88
83 229
21 357
10 207
15 83
97 139
141 190
1 154
395 229
240 316
398 149
271 343
144 300
386 191
310 396
237 327
262 355
274 298
127 247
153 225
1 376
114 158
5 28
54 242
129 249
385 91
32 40
393 172
350 386
382 22
134 147
159 182
135 262
36 52
18 313
313 335
171 372
88 315
13 259
110 240
72 399
292 371
382 336
133 336
313 366
267 371
95 370
124 169
152 311
77 329
224 279
148 298
337 392
110 352
153 155
159 270
115 193
100 197
46 260
58 197
119 358
329 395
72 258
67 320
277 316
386 216
27 229
71 211
30 62
124 131
158 379
37 296
299 367
212 291
54 155
143 239
47 56
145 398
33 240
249 391
231 357
47 115
388 154
44 373
61 362
267 338
14 204
109 172
398 353
398 246
289 396
68 291
79 123
264 319
5 38
11 309
206 207
259 308
67 240
28 187
5 283
190 377
70 194
44 70
144 374
23 368
223 300
364 395
135 373
118 330
39 237
101 205
390 340
220 308
59 205
86 207
164 266
119 292
147 301
61 220
95 399
202 352
175 221
185 385
8 160
197 282
106 169
76 121
121 346
74 271
217 218
144 165
395 98
199 230
207 370
135 347
162 354
302 330
399 25
326 373
49 172
12 257
43 66
118 185
399 70
320 377
193 268
164 169
380 384
114 193
382 137
8 238
238 296
75 213
123 241
106 182
91 238
64 127
147 298
113 159
107 183
176 319
139 227
188 236
394 284
45 230
132 229
36 179
129 195
270 341
225 298
138 256
27 335
3 249
20 235
24 222
235 338
75 103
310 352
159 301
66 256
2 70
133 340
6 252
118 391
154 255
40 273
216 324
115 142
58 151
184 283
335 380
31 148
77 201
11 231
383 146
93 346
0 301
145 316
5 183
397 115
248 332
381 290
389 100
93 303
96 270
85 145
87 212
163 249
67 310
276 296
177 241
120 282
27 132
157 229
394 369
227 288
96 239
148 340
283 288
185 284
197 321
41 222
382 399
329 333
283 312
47 317
183 399
85 218
108 181
243 255
221 321
196 273
238 399
80 389
63 143
16 107
4 116
116 120
271 349
78 279
71 107
165 198
37 327
119 225
335 339
189 324
34 316
29 274
397 381
393 395
58 95
394 138
63 389
162 187
13 40
73 190
211 288
284 368
139 348
27 333
392 3
20 203
131 203
1 224
22 182
3 248
202 245
73 200
3 42
282 347
299 365
319 391
110 111
252 294
20 354
237 258
228 239
76 273
247 272
298 373
72 202
70 289
4 133
389 359
217 350
18 40
179 359
28 156
150 329
23 81
130 218
174 341
212 257
16 195
281 324
46 47
130 240
168 336
88 151
74 233
263 289
133 271
11 166
14 263
198 372
180 383
113 348
21 88
104 338
21 302
279 311
103 236
89 94
23 224
119 284
4 242
37 140
149 282
259 288
387 53
116 350
27 43
113 234
180 286
255 390
72 257
136 292
169 362
9 14
158 193
225 262
80 232
75 344
149 157
115 393
24 160
8 82
213 251
75 295
210 287
100 192
117 193
259 332
17 62
35 54
195 358
107 329
73 343
48 274
229 367
37 97
198 297
5 355
350 362
189 262
395 136
398 376
290 350
66 148
41 188
282 375
108 344
249 371
137 347
115 395
127 195
94 140
130 245
176 284
212 322
381 57
275 306
77 237
282 325
130 195
131 242
45 61
337 386
396 250
132 235
29 233
150 275
288 346
72 148
399 51
118 154
350 378
214 296
18 69
88 129
69 293
48 283
123 158
130 140
152 217
389 357
230 297
51 85
122 205
241 368
12 93
385 264
319 324
89 209
78 223
234 324
252 373
167 291
154 171
149 333
52 375
91 319
103 227
231 397
86 152
390 320
279 393
44 113
190 398
6 78
80 171
44 194
188 252
211 302
205 263
41 335
56 380
388 137
136 207
92 211
349 351
0 107
10 59
5 282
136 338
277 326
18 125
389 22
181 192
63 89
57 255
190 262
392 285
8 271
10 177
55 141
27 130
24 393
298 301
29 251
170 357
10 79
243 296
42 370
283 341
6 327
316 380
74 227
29 58
285 369
26 102
101 357
381 12
47 90
209 284
232 347
241 370
36 127
127 265
26 316
131 343
137 368
397 366
148 175
173 353
20 223
24 324
149 265
252 319
168 175
160 275
262 385
365 373
34 379
118 166
380 106
94 100
79 340
208 332
393 254
118 256
97 185
17 351
14 163
332 397
90 276
109 198
381 37
58 111
224 365
92 326
308 342
50 323
77 347
394 152
154 161
193 388
344 397
43 324
13 365
104 115
212 249
243 355
392 365
10 48
128 304
99 108
124 126
50 207
137 361
66 275
396 142
59 180
223 323
282 349
312 325
192 322
282 387
36 201
115 203
7 396
119 283
382 44
176 380
10 134
392 263
170 273
249 251
34 282
42 109
208 316
383 57
144 229
204 344
18 56
228 251
60 115
173 371
192 367
205 377
393 239
150 164
150 286
48 145
86 154
2 188
14 54
29 291
53 356
54 58
114 139
108 320
58 333
52 161
39 374
214 259
237 245
202 227
382 278
80 354
396 48
305 318
67 73
143 236
328 368
35 150
149 220
40 300
93 326
204 275
186 202
45 258
124 226
13 137
382 118
89 312
63 382
15 323
111 278
61 165
20 89
49 318
104 121
10 253
59 62
56 102
147 397
385 189
175 312
60 112
258 343
95 319
234 362
381 76
155 397
179 251
385 97
97 240
107 265
241 318
283 329
92 257
16 18
198 343
12 252
59 162
202 325
187 208
16 149
170 266
103 273
52 84
396 114
124 220
57 316
301 375
28 223
102 248
111 394
40 301
327 342
128 229
29 244
163 312
219 321
53 78
25 49
188 371
101 376
291 330
2 226
54 85
209 346
32 345
27 330
74 279
19 43
110 267
40 261
266 371
199 233
27 307
9 20
4 333
186 245
154 195
10 115
33 96
6 379
347 362
102 331
134 251
213 264
154 205
91 174
133 288
155 365
80 299
14 65
39 213
77 109
381 266
32 294
214 287
161 276
15 310
31 354
134 291
34 158
104 328
173 382
42 296
210 313
150 302
208 349
289 308
257 330
278 378
236 332
23 189
270 369
10 284
307 333
232 339
18 101
164 285
16 47
347 389
41 340
37 122
31 180
88 173
12 366
8 49
64 264
171 280
204 375
88 169
304 348
1 120
7 360
183 190
49 152
204 252
39 66
397 225
203 245
384 266
59 285
165 221
168 360
162 189
359 372
44 366
86 254
134 138
10 382
47 118
16 393
368 390
55 207
114 248
398 75
106 346
281 317
124 232
31 361
374 384
157 180
303 343
148 225
264 313
22 149
285 315
329 331
38 353
230 243
3 138
127 254
392 55
17 285
288 313
242 322
12 105
393 330
104 242
27 288
199 369
388 70
261 356
77 331
97 263
257 266
183 386
316 340
187 291
203 390
45 119
83 248
109 190
6 142
239 392
51 228
99 151
399 260
108 257
239 387
362 364
391 20
130 333
0 49
221 313
216 359
84 331
153 260
116 217
116 300
5 279
82 379
32 258
174 329
202 299
48 87
149 255
29 372
65 170
5 68
71 260
257 268
71 278
341 370
14 21
340 378
157 222
166 305
20 201
95 240
14 129
87 273
245 347
169 339
384 21
397 158
62 74
383 351
258 261
80 259
382 39
30 322
223 365
131 176
124 293
181 361
191 264
59 65
46 229
232 243
150 236
242 363
165 307
139 277
345 374
39 367
74 328
65 130
77 94
330 379
192 246
103 173
399 187
20 226
103 105
212 392
74 149
302 389
212 359
209 310
118 306
9 396
153 330
53 396
281 355
397 143
286 336
116 190
10 63
137 339
14 314
143 170
385 152
163 273
103 321
160 204
395 386
89 257
96 354
65 192
72 308
280 285
45 302
308 356
31 377
66 218
287 296
69 180
33 389
256 364
54 111
391 395
164 173
299 348
133 162
47 117
226 306
236 394
122 194
83 215
388 49
146 264
155 302
384 165
177 385
127 182
96 201
68 260
135 234
124 135
294 305
87 297
35 206
244 340
125 280
40 282
128 130
53 66
103 177
53 128
92 277
195 313
144 218
189 200
18 224
92 323
300 331
44 115
76 117
167 203
23 50
232 273
110 313
381 233
288 308
187 398
246 296
332 369
225 384
25 173
258 361
293 303
41 42
168 217
136 268
73 224
176 292
76 139
105 234
397 253
54 299
18 131
108 170
125 175
193 265
140 199
252 286
74 220
193 383
105 246
395 156
88 235
26 293
274 369
163 387
146 391
221 279
76 87
14 335
18 375
28 311
94 347
141 177
59 157
6 278
391 353
149 330
106 284
31 89
25 353
135 354
174 265
138 287
35 73
251 256
85 114
36 216
118 327
42 124
100 275
104 231
253 300
73 375
56 76
120 163
85 311
58 307
2 138
172 349
15 195
253 329
191 234
80 123
52 267
169 303
191 370
349 391
35 112
59 175
105 325
397 52
50 184
12 198
32 337
321 391
84 334
85 356
164 278
116 143
118 183
33 272
109 393
21 129
396 77
362 394
206 369
111 170
301 356
254 383
63 315
248 399
365 398
5 119
92 163
62 119
120 346
40 178
48 197
76 354
50 180
154 240
72 398
7 112
206 362
193 332
223 275
308 396
216 309
91 193
78 188
63 387
395 154
232 376
103 192
223 260
92 142
41 50
386 209
106 206
226 279
153 368
86 233
35 279
7 283
180 360
17 188
8 67
3 204
113 257
103 302
149 281
254 316
9 304
177 299
56 265
184 330
8 146
127 257
391 196
129 340
3 337
113 351
178 378
57 307
62 232
107 344
316 385
293 373
383 128
263 292
42 327
125 253
114 133
31 64
24 77
149 250
0 87
399 257
141 378
115 149
118 158
132 301
18 350
0 299
80 280
296 391
324 373
331 341
143 354
243 300
49 264
158 195
296 367
51 183
15 234
143 335
141 372
136 364
114 227
247 394
10 239
43 150
147 202
81 360
344 375
213 354
235 324
140 278
39 203
21 321
116 386
180 352
381 293
199 396
119 220
94 369
83 221
13 274
251 290
139 243
191 239
163 339
41 58
132 236
9 83
75 146
301 374
232 310
199 327
128 247
232 258
9 398
33 104
112 293
41 45
76 353
166 223
152 155
88 393
68 311
63 318
240 241
326 328
54 309
201 304
206 209
33 160
390 233
60 221
221 357
72 249
81 306
395 40
41 69
26 123
52 58
88 103
54 172
267 351
46 398
44 276
82 129
249 345
44 119
49 321
101 210
254 269
136 221
278 283
151 364
285 366
81 91
380 253
145 322
101 334
158 316
399 87
10 211
196 197
381 146
177 248
140 293
16 101
59 377
223 353
178 195
194 279
215 224
141 235
158 179
33 128
111 290
128 193
160 229
297 345
72 343
95 180
357 399
390 150
215 249
7 109
201 367
389 158
289 320
23 229
323 357
201 202
12 164
125 181
19 256
190 235
67 352
122 344
219 308
17 172
13 135
157 345
261 359
99 259
116 391
389 234
330 334
248 268
140 344
30 161
130 341
125 293
24 291
17 49
50 292
388 145
386 26
29 107
277 321
83 260
178 320
46 377
356 367
192 209
254 309
5 394
120 193
162 337
174 280
393 41
274 303
1 134
59 210
338 399
147 218
171 313
94 315
337 373
146 246
258 367
17 214
339 395
87 318
272 358
10 322
26 374
92 372
394 70
148 339
70 191
153 357
223 398
215 379
53 73
4 30
87 227
243 297
142 167
20 146
113 126
66 165
52 217
381 110
367 379
122 199
135 359
321 348
234 384
252 375
74 358
387 100
98 128
120 128
179 206
1 305
253 296
283 361
216 352
231 285
25 373
81 127
96 384
48 277
390 175
100 234
203 217
105 213
172 282
168 241
220 240
212 227
45 103
55 115
293 377
81 365
168 361
43 131
97 317
170 321
43 194
310 324
97 228
167 368
308 366
125 318
220 355
279 317
63 306
11 185
158 209
293 328
54 194
287 316
80 111
23 198
127 154
260 312
264 315
19 347
65 366
382 393
60 202
335 396
208 333
36 222
29 127
25 73
89 399
123 225
135 321
387 4
216 254
14 63
382 300
244 274
133 321
113 188
243 294
17 347
289 295
73 397
305 327
176 192
38 249
202 326
387 52
56 194
206 360
50 214
250 378
11 269
398 215
42 137
1 113
153 395
274 310
398 216
157 244
155 340
280 281
330 367
11 213
147 184
231 312
43 222
70 250
386 265
76 137
250 318
105 370
98 134
154 258
266 321
132 178
235 279
265 320
6 293
197 213
49 104
168 390
392 238
96 150
67 269
242 275
257 319
196 255
244 306
343 380
72 179
399 0
270 282
140 392
211 250
347 373
264 285
138 378
390 88
164 221
75 159
289 355
160 321
149 284
391 119
55 360
40 65
127 139
253 399
162 357
82 353
57 299
33 136
299 380
195 331
122 380
91 300
51 241
77 356
35 318
141 364
44 303
316 351
86 298
200 256
301 355
388 341
128 273
398 74
121 167
164 358
13 230
130 224
386 377
25 377
388 123
40 60
280 307
393 38
242 247
275 311
393 178
110 237
154 178
180 237
312 365
77 306
161 312
163 375
190 228
161 335
390 279
240 394
173 206
78 208
176 204
110 113
165 366
387 397
94 322
249 306
3 157
9 188
397 123
387 132
28 49
28 280
142 295
112 335
28 85
43 286
113 335
8 272
69 378
29 397
382 276
250 278
313 379
285 349
159 339
398 266
275 369
85 166
330 333
154 346
53 277
399 106
55 302
80 133
106 378
15 211
107 252
383 309
388 257
216 264
386 360
230 283
19 189
161 282
115 309
120 340
399 102
382 27
59 394
110 220
22 235
232 332
6 128
57 86
389 362
108 311
257 359
43 186
66 285
183 237
77 243
169 202
251 291
78 361
317 365
70 208
121 292
282 357
66 191
26 144
278 339
154 396
154 185
88 251
314 395
35 204
284 389
18 228
349 369
5 227
386 390
212 365
29 256
134 287
70 326
325 389
244 391
4 345
35 312
104 174
392 152
395 298
218 234
157 245
108 290
37 86
288 394
240 388
22 301
340 399
203 339
245 339
64 149
128 223
195 362
116 397
70 296
298 303
315 324
135 164
5 132
397 298
123 305
165 191
118 389
85 129
200 383
324 383
21 141
58 283
74 337
66 279
57 227
2 381
14 51
194 198
247 396
138 332
277 364
71 366
81 396
57 379
399 2
383 249
108 135
211 286
67 72
288 291
203 362
387 103
392 82
162 182
113 138
0 363
79 190
171 206
9 74
362 386
343 385
122 217
137 185
13 116
149 159
135 142
341 367
214 309
4 367
4 353
126 281
89 105
215 296
50 317
53 311
391 283
66 198
188 315
45 299
392 335
390 159
67 169
55 167
389 224
61 179
69 148
25 261
357 359
3 379
48 340
299 308
393 286
130 357
380 232
396 339
10 336
42 274
185 197
10 303
91 277
163 218
191 349
310 350
72 120
223 307
298 346
68 113
3 118
390 126
79 357
45 276
86 127
200 328
73 364
65 370
112 159
190 249
134 362
7 305
100 185
188 258
179 377
396 275
319 340
224 227
96 147
27 253
398 305
56 209
191 335
216 282
79 251
361 392
389 131
154 248
51 55
20 344
202 386
280 337
276 284
21 51
90 251
194 322
238 320
356 387
242 384
245 375
187 312
234 284
19 398
391 276
234 318
227 365
114 156
88 243
113 320
6 25
385 224
297 339
40 160
144 307
72 386
281 341
352 380
340 346
230 302
100 363
33 188
53 176
292 348
395 296
25 271
134 328
245 272
100 190
164 181
1 288
234 394
140 263
16 338
381 310
144 178
56 195
53 54
305 358
9 332
393 232
49 121
19 26
195 270
325 395
12 274
26 172
281 361
399 396
94 217
118 160
270 399
41 48
281 384
144 233
98 197
384 75
89 191
145 279
80 148
90 118
232 367
236 337
210 293
382 216
93 137
107 328
38 225
4 359
125 159
25 317
396 108
2 341
145 243
255 362
376 382
3 241
381 303
322 370
29 297
53 386
219 224
49 394
171 346
184 277
29 261
65 193
33 172
47 69
41 325
198 292
119 303
168 250
206 331
202 213
219 381
14 83
380 69
90 278
123 355
110 152
381 16
306 379
399 206
117 285
101 308
42 233
387 121
245 322
224 294
221 396
390 242
107 363
169 174
9 394
25 276
88 167
65 356
20 140
171 225
382 310
78 365
170 204
171 322
380 374
2 164
151 154
78 248
95 308
124 306
33 59
29 174
15 388
189 383
75 332
313 376
382 368
1 380
91 262
171 260
58 174
382 219
188 384
395 111
83 279
205 313
48 299
155 253
104 127
8 235
2 343
227 393
147 240
37 241
25 235
260 290
168 191
131 291
68 191
199 333
238 346
242 271
37 301
15 257
266 396
179 320
216 224
74 163
35 328
283 397
103 130
132 361
238 268
397 11
131 187
194 205
20 145
56 148
60 176
121 250
40 297
82 340
223 359
354 368
399 229
155 259
52 248
85 128
222 363
11 225
165 265
101 268
165 395
28 284
226 327
0 180
38 171
5 24
331 377
245 277
70 315
110 116
107 380
200 240
69 191
189 293
43 161
225 376
27 77
191 337
8 370
196 303
154 250
143 312
151 384
77 351
29 138
29 63
5 265
77 268
125 333
55 204
151 273
40 382
388 24
319 392
152 195
328 384
283 398
79 250
322 332
52 391
389 82
211 233
203 244
128 317
216 244
385 64
35 276
27 314
0 138
97 181
12 69
83 108
32 296
71 158
314 351
383 36
68 389
234 249
167 172
308 345
37 146
129 299
117 333
303 366
127 223
369 371
82 390
142 166
341 349
51 59
36 225
321 390
113 388
46 175
270 366
67 346
208 334
272 336
7 119
179 376
93 289
46 83
236 326
264 382
220 282
383 68
291 356
118 370
61 248
36 361
381 354
71 240
27 209
250 260
395 378
380 371
216 320
40 185
321 369
83 201
326 329
166 195
264 336
10 139
77 384
43 202
61 339
386 354
93 290
380 266
72 286
29 225
290 338
61 148
15 295
308 322
267 385
62 210
7 125
76 142
277 351
148 348
12 142
33 321
241 381
183 216
267 290
47 225
383 183
74 142
97 270
177 210
103 243
116 377
80 340
246 311
129 248
260 284
218 337
95 311
388 31
4 101
69 309
114 291
238 292
388 256
125 236
230 388
108 267
199 291
130 353
29 172
127 345
19 136
187 248
381 345
57 195
125 257
158 160
191 198
135 294
150 334
194 218
52 392
381 332
146 263
94 374
203 247
18 242
65 222
167 277
248 354
108 210
136 382
31 40
380 324
68 71
380 215
133 325
75 296
27 202
11 381
28 188
388 41
15 283
290 376
63 222
394 232
53 373
383 264
94 222
74 88
231 290
374 397
385 333
264 309
250 266
137 139
16 376
211 225
88 314
19 97
167 236
395 376
51 385
32 141
208 300
11 143
239 313
14 264
1 361
16 141
82 324
39 221
3 290
328 392
115 178
66 149
397 236
20 33
20 250
353 376
35 149
10 162
90 196
175 366
23 53
183 220
138 286
21 271
186 383
386 156
17 321
346 389
5 257
15 273
85 144
199 234
26 97
1 255
397 237
327 389
398 172
139 300
243 375
39 56
309 374
272 302
5 300
258 362
43 151
392 360
223 250
398 267
164 211
27 154
81 172
396 268
214 379
40 312
179 292
222 334
199 282
193 235
58 313
99 249
8 56
131 188
91 95
196 327
391 56
145 165
141 398
102 136
150 264
399 344
227 273
225 300
121 249
49 181
394 324
259 330
17 111
78 173
331 356
100 101
239 360
78 324
144 261
127 171
183 189
212 332
118 148
387 34
131 163
385 203
46 200
25 290
102 325
266 359
1 14
254 261
113 274
141 243
257 335
72 240
210 252
47 370
318 399
29 286
116 339
113 362
37 269
95 353
385 134
98 330
50 87
114 188
91 229
125 239
178 246
128 186
30 281
38 261
25 141
259 359
39 185
51 203
204 368
116 352
12 117
37 227
10 126
143 381
84 135
77 367
118 198
196 212
39 252
80 331
232 372
356 369
225 272
282 334
393 124
277 378
98 360
305 311
40 71
33 53
2 124
332 341
269 388
64 373
38 253
1 51
280 319
26 50
203 219
285 291
150 357
390 139
52 388
29 219
28 110
13 278
147 198
90 227
86 133
229 311
199 289
106 173
74 296
208 237
48 278
195 257
127 242
381 230
106 272
256 357
18 98
198 295
25 84
62 182
118 295
18 368
43 277
105 198
110 309
12 307
398 135
267 378
202 212
46 226
37 168
37 160
313 316
52 64
201 214
7 282
180 303
26 348
384 50
35 156
154 365
14 233
284 360
383 367
194 296
92 346
274 371
244 276
205 293
157 182
384 105
161 395
229 338
165 253
32 254
94 312
172 271
389 279
38 285
154 231
10 357
140 396
114 123
22 156
8 389
25 155
86 386
240 260
89 176
25 125
55 67
89 179
147 260
83 155
72 144
41 196
12 152
153 196
302 351
25 79
303 380
221 315
286 339
158 368
110 242
216 377
250 296
218 371
3 108
99 331
153 219
302 319
212 395
18 360
66 264
280 387
174 188
331 397
2 308
12 165
95 374
92 293
249 315
103 183
274 313
389 178
88 324
49 62
56 126
120 131
69 362
82 350
162 166
287 328
1 72
26 219
77 375
390 39
44 202
99 340
280 349
281 327
211 368
40 126
85 263
380 41
380 283
188 346
249 361
17 287
78 372
8 365
24 112
315 384
162 317
19 377
178 284
228 269
127 179
13 245
204 312
234 258
208 228
310 397
175 235
385 376
288 395
9 47
177 348
383 205
192 223
98 190
166 209
134 275
306 392
47 244
266 277
226 358
235 388
385 202
251 382
394 141
90 318
259 315
128 219
399 282
397 286
114 149
381 100
386 170
368 389
87 219
201 294
108 334
105 335
123 314
59 329
281 365
399 88
10 85
206 226
337 390
47 347
55 243
176 347
107 131
217 285
17 223
189 270
67 153
184 196
62 324
3 259
198 330
272 298
179 353
389 161
111 149
313 323
74 216
105 146
314 381
256 307
9 112
322 331
145 383
110 127
14 105
25 154
190 204
28 282
39 159
95 103
153 265
132 188
195 203
20 342
26 81
290 397
112 248
8 130
394 20
102 332
381 384
19 54
243 273
171 395
112 193
180 246
213 318
288 331
180 317
113 321
131 152
387 241
138 217
320 379
