354 397
457 224
478 259
71 185
330 436
437 425
19 430
494 6
142 263
254 267
61 388
403 80
137 441
197 346
71 364
482 128
85 296
0 498
27 331
8 289
15 422
420 316
246 327
191 446
158 426
405 275
8 365
21 236
387 434
16 400
394 449
458 272
451 269
455 117
248 362
141 473
7 250
139 328
321 485
475 79
199 214
54 116
402 237
148 433
39 263
233 476
55 309
217 441
160 189
490 45
407 396
2 61
59 288
427 70
21 356
398 420
232 323
1 419
78 116
412 347
217 238
4 498
112 179
97 281
435 144
484 270
3 49
86 225
278 459
132 308
299 390
20 430
431 82
1 92
464 314
57 255
483 72
221 307
24 345
493 42
119 321
42 247
447 295
109 225
216 424
102 424
141 310
138 478
32 257
494 375
406 175
283 441
147 322
30 70
103 395
490 155
50 260
28 108
334 408
26 118
77 299
141 194
464 313
402 119
244 317
427 390
0 237
101 217
231 452
65 440
238 485
233 423
11 211
165 352
394 179
444 456
283 492
475 414
67 378
21 400
25 378
164 470
248 317
187 191
483 257
150 197
112 220
477 285
160 350
252 298
484 388
230 340
471 302
1 234
385 312
131 177
71 191
26 443
164 273
208 240
396 240
386 329
107 121
264 404
175 270
443 423
319 356
400 147
380 61
290 397
454 61
6 144
170 189
12 404
64 385
192 341
269 305
185 498
384 448
38 490
238 275
35 340
214 419
85 438
59 462
291 422
458 160
22 387
182 332
11 34
219 308
119 461
83 344
229 358
278 496
380 242
21 81
418 281
461 31
69 92
487 88
21 434
30 103
43 92
55 459
261 408
380 207
443 140
73 371
495 443
377 408
166 217
418 182
408 30
87 456
174 343
8 78
142 199
255 281
407 438
193 195
176 190
234 273
310 338
469 410
474 274
443 378
191 245
3 317
60 424
437 297
256 384
435 71
259 346
162 352
193 410
359 488
421 0
172 196
27 71
250 446
77 129
62 377
136 164
382 246
385 59
448 30
447 481
29 420
469 351
313 460
398 323
8 267
202 204
438 494
392 323
41 104
320 345
440 30
383 258
381 400
40 172
75 274
122 393
158 436
89 170
331 476
45 193
47 155
176 319
122 336
122 430
31 476
356 420
435 191
199 278
261 391
56 170
270 400
498 363
395 194
66 74
252 265
392 352
76 232
249 292
167 256
56 437
4 159
389 175
229 479
356 370
195 275
37 390
106 212
155 176
493 295
496 295
292 380
232 342
137 193
142 494
20 186
434 152
17 173
388 281
84 154
420 372
12 400
96 208
64 304
242 454
14 494
488 178
160 251
22 427
79 474
190 378
79 184
5 112
102 327
175 356
319 377
314 487
441 365
93 498
160 481
88 230
30 461
96 336
61 197
40 393
406 336
377 417
61 124
45 125
120 469
224 389
53 272
154 187
240 329
459 14
33 320
240 335
151 274
144 161
63 83
127 341
22 225
305 462
397 190
140 479
469 309
6 212
440 147
16 382
204 335
132 207
114 186
92 250
431 277
260 284
62 398
30 359
309 346
398 143
411 166
2 15
432 253
416 91
157 399
80 144
192 339
245 427
387 16
141 246
19 384
61 450
355 392
431 271
116 455
259 430
394 312
352 388
110 119
400 185
175 196
64 431
199 337
380 401
152 250
261 394
247 425
479 125
409 343
41 91
43 280
294 406
456 322
112 311
451 267
94 265
109 325
385 131
491 151
20 30
3 42
185 233
381 333
497 268
160 483
64 219
1 389
403 151
464 53
26 107
267 338
78 485
192 425
222 367
33 74
487 408
221 265
485 283
20 357
352 452
440 281
435 242
466 377
169 471
37 55
414 36
81 180
135 150
132 359
419 367
299 312
450 257
442 271
182 382
207 374
179 234
441 197
157 445
382 316
492 10
338 385
271 338
120 490
383 55
160 427
121 320
123 497
383 282
479 432
116 448
350 432
42 329
66 337
294 344
117 433
140 292
369 409
313 378
368 407
326 363
216 228
433 165
482 468
98 126
184 197
107 119
276 459
492 285
243 448
222 283
206 231
162 223
26 445
126 486
420 382
117 178
8 170
5 62
194 438
77 345
187 209
179 268
134 249
474 50
442 336
323 418
102 202
416 107
479 486
158 398
411 4
441 119
22 222
353 456
454 339
408 300
18 153
210 449
436 217
469 38
448 374
359 437
405 27
423 205
227 456
359 463
166 375
457 215
51 128
221 460
62 145
303 348
252 389
313 397
358 433
107 141
401 98
483 109
197 432
3 456
147 380
246 284
249 398
416 70
228 282
447 173
149 348
444 333
431 249
268 418
27 252
330 461
158 354
222 366
395 116
104 250
82 252
88 497
473 258
17 177
101 280
131 409
486 190
43 50
19 258
175 244
90 414
254 348
193 230
93 397
88 498
16 188
403 337
69 325
385 104
46 296
488 215
80 406
88 139
370 461
481 38
461 244
128 375
395 408
39 447
498 326
39 159
428 422
487 137
134 354
48 85
223 347
128 329
182 318
146 433
193 403
414 31
8 19
275 361
402 288
175 423
121 141
280 415
107 489
433 282
421 119
199 439
133 174
37 231
75 104
57 163
130 266
443 18
476 402
414 458
382 0
320 468
102 185
311 406
37 287
242 373
283 396
132 171
434 373
96 133
156 224
257 385
20 206
127 173
380 213
477 228
432 119
330 467
428 427
178 316
86 132
175 499
283 478
487 327
455 309
82 435
385 71
219 274
24 381
492 173
87 350
14 35
311 484
3 125
433 356
68 276
231 300
382 299
453 17
79 458
86 488
46 74
497 219
458 221
31 91
260 263
0 384
228 276
409 57
468 236
492 344
466 304
339 476
411 87
357 420
339 418
452 140
447 97
46 452
36 464
26 78
66 390
91 375
18 65
153 196
454 252
207 233
412 294
82 137
428 229
68 356
153 182
55 296
465 396
466 46
207 493
499 275
427 355
495 362
496 151
232 465
442 446
136 432
195 204
170 214
305 489
429 228
427 86
194 477
491 327
240 281
477 76
463 424
448 109
67 213
445 121
174 356
487 332
261 327
5 387
420 82
40 182
85 358
462 272
42 214
32 110
493 141
476 62
459 168
288 310
112 205
196 327
42 344
224 355
333 470
380 314
6 347
110 447
70 329
26 115
0 239
64 351
422 391
225 318
136 287
130 199
119 268
478 495
429 157
459 7
464 57
67 224
384 460
67 133
178 317
11 496
30 54
151 442
389 225
497 14
277 490
33 189
89 395
249 306
393 242
109 240
347 463
255 435
464 200
314 496
33 423
404 216
486 182
269 389
104 431
150 317
75 214
12 159
23 449
402 245
25 467
427 270
65 415
157 232
11 232
304 340
352 484
187 240
38 40
448 197
44 214
389 161
152 441
54 323
108 394
259 408
120 149
344 433
411 371
270 440
239 369
439 224
178 248
23 269
485 263
17 203
332 492
447 334
485 126
152 369
134 258
273 466
28 414
268 495
160 167
32 326
104 141
138 467
197 198
133 415
373 452
382 355
326 458
146 428
157 311
483 12
59 434
32 311
123 221
440 138
134 261
70 369
297 304
254 317
10 466
6 202
488 150
112 225
9 264
404 128
300 357
344 422
222 273
170 417
438 227
117 195
385 92
280 317
483 400
468 31
382 190
199 338
124 258
208 372
268 464
123 442
31 413
167 354
27 139
355 457
409 464
11 410
459 432
482 215
13 27
272 472
206 427
447 288
157 455
425 223
494 322
111 412
67 225
270 340
95 208
465 373
61 62
20 139
339 452
50 214
408 49
376 423
319 498
75 385
394 41
3 361
36 437
111 418
400 494
333 440
24 489
250 369
56 482
474 382
481 260
420 8
80 481
430 190
386 405
88 106
32 289
90 93
367 379
423 492
86 310
238 377
438 180
296 438
347 482
168 391
386 30
171 251
49 66
436 92
462 336
134 392
80 425
24 420
35 85
18 451
194 232
473 378
349 408
89 383
478 224
277 376
165 349
100 237
70 125
86 284
395 70
200 209
92 183
187 411
434 110
335 480
453 470
42 104
441 379
407 362
207 235
228 351
4 234
24 422
31 238
11 297
222 371
89 402
397 481
160 320
177 457
46 55
138 149
164 222
315 388
241 370
436 195
104 499
155 407
437 402
105 217
118 353
427 199
360 368
12 17
188 334
232 402
161 292
404 297
480 202
386 422
89 182
66 332
117 432
33 102
70 222
137 160
1 252
101 194
222 431
105 193
156 172
499 212
221 353
50 169
59 416
259 305
299 471
1 185
67 222
337 481
349 493
52 130
333 446
41 58
176 484
483 445
206 297
137 288
65 259
80 113
494 160
168 487
478 131
209 336
296 312
4 413
48 203
17 59
411 246
121 170
110 354
247 267
461 441
63 423
8 164
301 445
359 474
156 342
305 404
188 228
28 125
69 369
91 330
11 55
17 343
424 274
361 472
29 90
448 268
130 406
427 257
313 399
324 433
87 173
25 171
185 417
244 422
488 44
144 459
55 245
11 281
14 75
107 270
97 346
209 266
140 300
4 162
165 317
447 219
241 284
461 193
98 445
208 341
396 49
17 34
105 483
307 312
422 147
382 229
482 316
393 263
486 401
105 174
177 380
410 498
275 399
256 398
466 339
31 311
383 177
418 371
459 180
61 434
46 268
23 146
260 448
488 147
267 303
278 430
69 346
286 330
78 234
419 168
37 364
447 439
417 218
50 92
449 157
414 441
472 189
393 382
30 47
383 65
469 188
464 360
272 359
141 389
76 213
477 481
77 402
90 230
400 174
386 353
266 284
27 426
458 111
21 492
80 306
42 439
144 447
74 90
88 147
11 122
246 400
172 422
117 452
49 390
391 316
197 251
226 384
435 277
288 421
439 258
20 418
90 463
432 165
412 216
101 118
257 433
192 463
67 481
62 276
316 499
69 409
325 451
26 312
25 460
491 198
287 343
454 151
435 48
3 289
156 444
267 485
380 488
70 346
499 194
285 308
409 289
1 62
499 1
5 161
52 171
377 418
234 289
83 259
170 379
163 235
407 301
132 471
76 180
180 303
280 464
442 110
216 430
403 55
387 281
459 328
16 435
456 267
233 249
9 28
491 11
478 225
397 143
132 245
217 266
263 487
260 461
83 368
340 397
495 103
139 329
448 186
165 229
76 416
274 473
449 59
428 13
311 472
62 245
100 354
54 406
499 310
357 447
23 88
441 85
192 478
16 294
471 176
392 305
244 463
163 173
179 428
230 459
2 321
250 335
102 126
141 219
296 363
478 175
175 229
417 353
15 24
410 211
416 354
393 387
300 381
481 69
446 144
335 385
415 72
386 256
390 153
103 225
36 186
166 244
469 376
115 366
451 226
85 430
492 489
371 417
380 371
199 406
28 378
433 133
246 329
145 429
425 97
459 57
425 225
219 428
37 365
246 360
181 233
317 423
75 284
112 263
237 291
208 327
456 110
127 164
384 31
153 192
26 163
27 245
493 330
356 357
437 31
342 455
256 291
229 308
219 473
19 336
480 3
131 296
461 439
107 374
129 320
13 113
445 286
65 88
340 390
411 179
154 441
387 86
416 193
131 486
482 279
458 29
421 290
276 340
96 452
474 334
253 429
449 191
46 340
230 235
153 254
115 360
450 284
29 431
136 366
33 42
396 264
234 374
490 52
8 372
472 33
159 372
145 279
498 254
166 175
463 53
77 165
421 93
159 256
66 183
20 395
81 134
119 317
429 317
240 415
354 387
407 337
59 95
32 154
29 72
105 248
418 279
107 204
416 261
436 86
143 268
421 457
46 175
79 254
150 393
317 431
320 477
415 126
439 340
85 236
126 346
410 187
280 327
451 163
117 415
478 457
164 214
137 147
53 143
27 387
85 449
27 178
303 349
16 161
499 165
78 480
259 479
348 370
365 393
479 35
485 396
150 312
176 206
380 470
0 470
65 223
0 41
443 304
129 167
207 310
398 78
383 410
374 410
324 357
140 155
180 287
29 65
499 459
79 295
140 194
227 364
455 223
69 364
414 102
243 437
111 382
66 430
19 245
487 131
443 328
203 208
142 329
457 203
96 312
438 423
384 206
223 337
460 140
384 307
15 455
31 211
242 469
20 389
11 251
141 187
16 130
359 495
92 377
32 160
85 122
160 452
67 348
11 400
107 367
252 316
33 487
95 219
499 477
243 417
303 435
44 498
134 298
33 163
356 469
441 354
177 376
2 127
471 21
12 491
494 153
383 363
403 183
144 392
5 421
491 355
2 449
52 432
72 452
315 391
20 94
271 360
408 75
222 254
260 361
269 288
393 419
69 154
222 354
6 410
446 374
34 397
64 404
388 306
161 418
12 258
156 445
39 50
411 269
20 31
497 217
239 459
275 394
59 162
423 273
82 239
313 493
432 297
58 142
399 369
311 423
468 261
76 237
392 431
154 347
131 142
34 204
438 99
341 365
481 277
447 73
426 184
139 467
386 484
215 264
373 400
210 428
408 174
2 373
422 29
54 418
359 441
14 490
498 62
8 179
121 337
411 449
388 252
439 8
347 380
8 479
210 235
486 254
250 478
456 166
117 386
441 134
132 394
406 346
474 288
77 182
12 353
443 134
187 479
37 334
109 221
144 407
499 369
0 231
450 51
103 416
406 263
125 308
93 243
1 269
450 101
341 443
311 400
70 434
461 100
174 220
482 376
490 105
453 347
157 339
159 446
172 367
426 306
405 40
338 439
275 496
469 473
390 266
493 110
392 264
435 262
463 87
180 191
345 373
377 443
191 273
422 50
102 163
377 460
312 470
472 34
293 486
339 460
149 266
164 261
102 140
392 344
236 449
444 148
8 22
144 364
42 334
6 365
320 402
51 363
394 412
446 294
296 485
276 324
237 482
26 185
394 73
39 310
373 469
51 62
118 441
432 250
211 262
41 135
104 246
383 95
180 416
484 379
238 332
189 231
490 89
310 448
213 476
171 422
392 5
80 422
211 395
402 488
469 252
166 401
435 297
450 158
441 190
227 464
384 275
247 410
18 158
231 358
463 224
137 189
246 366
442 288
81 345
154 363
150 240
395 497
388 208
31 56
182 441
420 282
64 488
46 302
37 42
55 272
34 37
210 289
10 244
134 411
73 330
44 336
19 329
494 369
420 52
409 438
299 481
442 157
386 170
287 426
459 51
18 169
11 308
328 389
128 427
472 411
63 156
346 375
402 343
483 11
17 493
10 192
126 259
184 394
189 293
214 230
13 36
420 460
338 409
177 225
229 259
15 418
195 346
112 432
450 436
137 251
92 374
373 445
22 35
405 246
181 312
95 464
432 303
174 294
9 391
474 271
207 327
17 435
91 466
417 94
414 178
441 307
11 361
27 317
53 136
107 476
414 49
147 257
62 221
103 374
381 262
496 354
336 366
427 290
6 387
422 434
70 208
156 214
91 443
54 392
307 333
192 260
26 395
433 47
497 337
82 423
39 44
41 453
232 418
91 368
6 278
329 427
399 112
418 208
199 316
493 364
135 341
109 415
284 457
99 232
240 405
253 316
111 384
279 335
3 306
468 415
474 281
345 492
43 416
153 332
437 216
224 334
440 297
83 125
493 321
418 19
468 283
372 398
156 313
383 176
33 237
414 359
20 27
462 435
156 341
13 205
106 208
451 54
39 150
393 182
301 477
273 298
142 360
223 428
102 395
154 186
312 462
78 232
146 279
328 450
164 300
431 185
285 496
63 118
262 464
101 113
76 280
404 307
83 331
86 469
9 209
88 136
240 336
355 462
307 463
458 310
300 365
34 228
330 455
421 254
267 403
97 496
295 420
395 22
10 97
277 334
180 470
169 480
31 470
411 257
12 438
15 98
58 118
131 484
122 452
6 379
229 470
472 301
399 299
416 157
490 362
195 288
162 381
414 309
86 192
12 426
209 268
47 117
434 156
452 135
457 332
23 469
29 33
332 368
410 54
55 264
493 177
7 266
45 388
48 382
291 478
389 292
150 432
136 268
167 422
123 324
83 240
218 293
431 260
423 436
164 495
475 221
448 370
488 155
78 330
356 396
142 201
234 334
109 257
489 44
65 476
166 379
447 159
207 321
311 426
459 124
104 479
35 42
118 478
355 475
477 336
490 87
73 468
327 328
228 457
120 171
97 120
55 284
380 408
44 410
499 95
373 376
16 22
5 129
226 293
145 289
147 269
448 5
229 230
179 364
138 251
22 47
14 335
224 493
404 27
91 338
248 300
156 396
493 80
343 467
227 397
128 202
225 437
386 355
98 261
42 458
47 331
478 426
12 423
392 271
130 402
80 474
38 108
4 16
158 213
396 319
144 439
111 495
404 342
192 462
35 168
480 195
99 290
177 433
440 279
469 97
188 244
452 412
116 194
11 210
364 460
450 341
142 354
58 471
125 454
115 358
397 463
330 335
393 332
115 168
390 138
193 205
217 247
438 98
108 166
120 421
140 463
452 128
163 166
240 317
122 399
390 185
325 420
442 415
202 300
494 170
27 294
144 224
394 103
326 462
397 373
492 287
181 438
170 469
453 456
497 353
497 149
467 221
475 274
155 277
144 203
25 232
168 292
156 385
425 219
455 162
145 448
118 314
396 392
14 146
318 485
70 388
135 301
105 289
93 420
457 135
387 394
42 56
114 199
464 50
159 437
1 492
363 399
397 311
163 182
44 436
76 118
2 383
424 181
134 186
264 278
215 381
155 302
304 335
134 243
467 378
492 195
88 247
93 282
30 163
112 257
53 462
463 95
437 158
476 116
321 327
204 331
147 218
94 130
62 304
236 438
237 337
230 449
173 472
22 220
230 310
55 496
189 454
440 112
295 337
411 302
244 450
385 472
104 215
450 269
364 418
202 378
498 121
202 227
432 273
69 348
104 242
159 361
467 212
493 73
320 488
136 441
98 305
70 469
301 376
232 441
399 41
450 319
21 413
236 443
331 395
125 372
150 270
57 495
353 493
198 242
435 259
395 442
50 317
93 436
160 420
427 51
303 393
9 64
66 169
401 221
442 464
47 364
106 181
79 304
401 213
105 303
43 209
497 326
306 348
2 474
454 57
242 399
115 273
453 25
231 412
471 70
194 250
281 495
17 46
441 326
144 207
423 467
24 90
279 419
18 270
188 225
123 155
257 387
140 152
45 396
425 193
81 480
252 344
118 121
94 114
249 381
347 479
298 464
82 259
26 207
23 203
219 420
323 471
333 434
20 484
382 307
479 335
50 103
279 408
333 460
217 335
391 125
416 142
81 275
44 280
303 371
63 75
58 230
96 183
283 387
21 239
423 37
354 469
2 59
316 439
405 474
134 188
499 217
450 446
406 56
193 396
457 91
387 452
96 320
140 419
474 72
136 225
404 265
106 437
107 177
102 289
336 475
47 161
457 234
143 478
353 362
61 496
269 443
46 187
118 451
392 280
350 354
350 431
466 21
38 157
401 156
57 243
403 46
481 61
450 440
416 239
313 318
440 73
62 232
486 24
400 108
42 423
180 225
437 54
331 418
103 431
412 433
64 453
385 310
411 221
468 137
61 475
115 269
181 304
399 231
486 290
399 189
221 452
341 368
5 156
416 461
66 220
361 480
8 291
48 473
96 387
126 399
48 228
15 299
397 41
153 197
31 454
184 347
45 290
422 336
121 163
269 386
111 499
372 483
399 139
408 140
279 352
485 257
254 448
169 472
445 260
120 483
48 295
132 155
245 377
399 14
163 257
206 322
481 71
221 259
152 190
9 165
121 493
447 108
158 166
324 328
400 274
211 238
445 13
205 296
387 41
170 284
217 443
406 252
127 143
16 282
357 463
160 491
25 83
137 471
300 462
363 373
220 349
409 353
71 344
76 401
213 313
432 248
498 457
425 478
313 356
497 155
83 173
163 231
86 148
17 449
440 293
107 300
68 109
241 371
54 209
36 278
90 339
452 215
157 302
453 36
455 333
388 74
23 179
455 331
57 213
106 340
463 21
455 33
37 212
438 113
241 419
214 443
63 177
97 175
59 369
108 227
83 117
272 477
119 477
143 246
265 300
6 354
1 59
144 251
449 281
332 395
400 499
17 219
187 224
263 315
228 325
405 39
6 15
353 416
76 186
117 272
8 102
483 486
100 320
282 291
7 175
327 454
263 467
28 447
454 248
316 476
65 479
135 392
134 165
214 441
172 448
405 266
465 249
170 272
408 268
128 247
24 228
495 220
17 113
168 185
39 492
475 332
317 439
32 149
389 123
23 366
80 194
71 311
180 219
35 113
226 243
117 306
400 193
296 382
17 348
302 354
443 158
261 380
426 172
60 454
102 328
14 311
197 413
419 87
356 457
281 489
83 346
54 423
9 68
104 482
119 143
149 336
164 207
443 324
441 324
207 326
279 347
253 301
336 374
103 222
278 279
391 73
163 394
190 240
25 259
20 193
17 404
230 476
438 100
81 211
37 384
53 119
319 435
497 22
405 76
203 359
459 304
420 118
422 136
171 401
56 269
348 443
112 495
388 288
451 113
455 69
112 164
148 397
138 428
104 248
44 188
60 320
91 188
312 404
246 309
483 475
345 401
219 368
86 286
59 345
234 399
211 389
487 38
253 488
306 403
433 86
19 410
432 294
276 428
491 328
0 176
270 393
21 123
467 338
434 39
103 146
79 308
354 448
379 459
449 28
133 343
8 451
392 324
240 463
424 111
14 37
410 311
40 475
443 39
5 499
249 450
55 220
217 328
387 235
289 398
449 91
43 336
195 280
122 455
237 407
141 457
194 273
410 308
446 236
478 257
241 337
420 311
276 363
213 359
446 130
463 402
126 194
47 95
183 353
283 298
396 311
438 215
38 285
239 422
44 89
489 190
173 261
424 41
15 483
382 373
305 370
116 363
128 319
121 217
421 373
347 398
297 453
35 347
418 367
431 8
366 385
87 480
58 219
498 497
497 460
10 387
212 326
221 397
48 402
455 384
486 308
444 387
434 85
136 336
195 266
387 194
154 489
464 93
88 433
18 348
61 328
256 399
184 269
83 340
130 499
437 203
79 465
82 320
14 308
192 334
304 468
326 472
478 320
199 226
14 253
232 299
26 432
462 358
233 364
190 243
204 357
126 223
280 427
329 485
204 287
415 393
115 344
380 115
334 401
72 233
75 280
76 432
5 232
444 337
78 495
298 422
55 140
137 150
472 111
443 384
454 59
59 468
384 131
409 105
360 396
484 353
384 499
173 387
457 227
381 414
384 98
376 377
36 389
222 410
342 462
236 472
467 401
420 461
22 262
160 256
443 372
273 490
393 144
446 165
474 314
67 342
424 254
66 319
30 332
422 364
361 399
114 287
12 480
97 259
410 105
3 355
79 487
153 313
5 406
156 311
427 132
139 353
187 308
393 417
486 336
122 297
449 155
101 215
480 156
457 225
68 370
97 183
106 209
393 305
239 361
403 163
252 264
366 412
37 255
168 341
44 91
3 277
232 314
476 2
494 232
293 325
24 171
35 291
249 385
490 47
259 400
174 403
177 264
144 237
360 481
186 248
27 372
455 298
213 218
29 109
80 290
91 199
123 471
54 285
398 55
464 294
64 484
13 470
107 285
145 354
215 234
24 467
399 340
63 451
164 395
439 353
80 142
362 364
240 328
150 481
373 454
42 121
150 448
489 160
25 268
156 431
395 189
380 466
170 323
108 121
69 276
236 342
454 213
280 283
156 495
262 263
317 485
429 174
466 436
130 287
231 467
48 418
49 349
72 478
301 308
179 225
280 318
435 250
68 248
115 192
157 182
470 225
1 435
426 295
240 275
189 445
247 298
24 180
433 259
155 441
426 77
159 432
255 312
25 34
467 87
394 403
3 444
190 445
252 315
383 52
146 209
69 298
219 359
91 296
50 247
432 14
183 193
271 361
245 365
192 278
56 361
209 452
124 394
56 165
120 273
376 417
14 324
314 356
133 362
415 252
88 299
88 422
112 492
445 266
468 314
189 486
281 289
239 405
155 222
124 174
234 331
142 424
275 376
198 497
91 114
328 386
397 128
69 446
104 327
141 263
139 335
293 372
472 327
4 78
296 480
55 431
193 428
44 112
255 412
24 50
289 390
241 453
453 215
118 326
85 132
51 434
64 482
443 8
473 88
260 456
44 107
428 109
99 342
434 320
35 161
453 11
391 321
411 163
39 343
174 371
125 475
404 142
196 205
440 90
330 426
140 273
479 293
77 141
448 368
51 109
319 469
114 321
480 226
462 373
444 66
219 410
130 200
21 425
363 381
34 257
489 38
426 347
148 419
72 330
411 380
84 168
3 420
15 291
122 237
190 482
87 488
40 469
428 377
309 493
258 272
287 315
196 338
35 52
407 96
393 28
431 356
7 497
91 120
151 380
481 139
478 161
181 396
377 482
497 28
161 495
79 440
306 474
478 101
60 250
55 85
357 404
35 95
7 187
30 403
323 343
155 345
86 321
19 327
254 395
424 95
65 138
210 432
156 303
232 432
64 301
148 200
430 107
164 361
208 362
299 417
66 300
166 173
447 364
56 353
465 295
403 192
26 245
461 171
81 346
225 269
382 461
462 273
373 457
175 257
311 428
235 496
17 172
400 204
0 391
462 293
27 489
44 260
109 315
110 205
8 150
412 284
408 58
343 348
264 402
49 146
191 254
152 265
36 169
71 476
30 361
157 188
439 194
224 255
382 238
258 330
13 492
308 494
66 423
7 96
2 391
320 367
152 362
66 155
121 335
385 397
381 208
283 437
397 297
199 246
99 157
397 333
48 253
216 464
392 177
246 336
276 288
171 306
2 178
28 359
162 177
491 65
215 419
470 151
91 185
101 437
451 360
65 309
41 334
361 490
308 481
487 221
340 356
261 478
27 229
64 399
125 458
371 410
279 310
467 324
388 31
155 424
47 182
38 90
103 301
408 443
442 258
180 311
201 440
458 237
131 459
479 107
37 97
202 432
497 113
465 338
485 134
40 50
250 496
53 365
392 129
226 424
409 214
98 348
76 485
364 385
59 235
375 472
295 365
282 476
472 302
172 192
20 481
301 402
44 79
204 280
259 468
147 160
143 369
308 456
396 159
250 414
411 123
468 112
45 374
67 231
206 390
49 374
90 91
428 75
476 85
385 163
251 301
469 148
46 230
257 386
499 357
117 434
486 330
66 154
469 212
379 474
157 483
398 377
328 393
444 97
362 415
416 1
347 417
455 439
491 441
135 422
456 288
260 391
7 289
435 256
47 324
471 72
153 350
239 427
310 416
97 113
37 66
29 290
233 264
202 266
95 394
78 405
225 238
468 16
33 151
331 372
55 81
422 83
457 299
468 369
386 437
240 288
203 401
49 485
349 483
22 344
12 162
93 344
2 396
489 348
48 494
259 386
427 19
42 165
134 136
67 241
88 171
471 253
35 420
492 188
441 320
241 262
33 400
463 154
32 482
26 457
396 475
480 294
208 400
49 409
96 176
435 101
194 343
179 197
7 195
457 328
247 284
305 346
339 363
394 53
248 359
260 319
457 229
13 34
111 462
409 112
102 375
279 402
151 452
439 208
161 227
91 266
487 257
217 332
5 211
6 290
103 250
81 318
146 238
474 226
207 224
153 163
455 177
174 439
211 499
80 353
43 69
70 199
51 196
445 262
461 148
324 388
382 146
448 153
153 193
37 286
181 203
190 314
151 221
360 454
488 152
22 297
38 415
162 466
137 236
230 481
453 183
467 247
195 477
18 498
400 20
260 397
185 231
11 219
98 109
164 340
49 312
24 267
308 446
478 156
126 203
412 207
62 321
240 461
252 381
21 357
389 379
183 498
300 407
293 340
175 440
493 281
12 308
268 383
5 19
273 317
479 145
252 313
466 397
461 111
490 446
29 459
193 474
459 188
278 381
228 272
80 294
163 261
152 449
402 165
405 495
400 50
82 304
397 222
493 123
359 448
68 81
27 102
31 269
465 217
238 415
52 253
187 477
363 461
197 440
415 223
182 280
405 71
18 482
20 37
69 413
432 233
155 268
210 484
393 189
145 419
437 149
80 427
447 48
121 271
173 228
338 349
187 291
78 96
417 169
302 372
366 406
106 163
408 141
15 50
166 376
457 254
310 443
387 18
342 490
119 235
261 360
457 339
427 346
196 311
472 116
356 366
492 221
21 98
483 244
105 275
191 265
50 239
110 379
297 466
243 258
91 456
457 41
493 33
36 293
348 353
23 442
409 178
143 291
408 144
229 328
465 56
168 342
139 168
281 417
472 356
237 385
268 353
55 445
191 429
256 306
61 96
66 164
240 241
69 125
113 133
161 284
439 57
469 102
375 397
236 358
31 85
434 190
392 82
50 244
137 267
397 81
293 383
44 461
235 316
497 51
459 457
468 74
141 374
453 316
41 142
457 136
136 473
316 477
435 447
464 365
117 420
390 152
488 475
133 497
198 225
466 20
296 448
228 362
67 112
34 42
231 299
427 107
119 149
12 302
220 361
175 180
48 193
345 484
197 275
300 358
118 236
58 266
128 229
220 257
434 151
462 310
451 312
36 82
169 434
461 275
416 55
434 235
68 170
232 475
407 91
382 272
98 155
30 330
456 225
108 413
247 318
132 481
91 189
404 373
421 265
299 322
116 372
285 373
3 127
471 37
384 235
34 425
83 151
106 384
404 159
454 222
284 377
70 145
433 315
191 324
226 417
495 174
69 122
84 421
96 341
41 361
193 467
54 348
457 11
486 263
449 350
466 283
146 403
344 357
49 282
371 376
466 180
453 75
452 394
122 458
196 220
451 200
250 477
160 376
56 148
218 330
198 378
109 396
400 137
87 168
292 435
469 206
397 293
232 318
287 405
337 490
291 299
456 181
126 214
437 193
119 304
418 285
105 467
1 462
498 131
28 319
381 211
141 171
77 415
427 139
14 38
400 247
359 385
15 28
37 198
225 479
448 130
300 434
225 392
378 420
402 198
108 409
306 356
53 415
87 262
105 482
425 17
434 258
394 151
240 318
21 374
310 411
413 351
273 420
134 219
18 197
90 277
116 156
317 479
155 464
245 361
345 432
54 137
431 149
428 52
154 282
75 139
125 287
477 313
468 254
31 222
457 469
178 366
476 87
381 257
137 485
184 232
36 62
182 319
248 311
409 96
304 356
57 168
193 203
479 498
156 175
281 454
85 375
450 188
252 408
25 106
496 322
464 109
173 181
124 201
32 473
355 465
492 146
477 126
12 44
59 365
171 304
363 442
414 257
406 302
87 297
108 360
374 476
388 169
389 202
248 282
32 95
274 417
477 20
107 113
480 348
7 224
424 141
298 454
108 452
117 389
62 459
453 447
16 298
157 355
109 446
73 407
43 237
486 465
157 164
14 356
202 425
489 449
57 280
258 299
177 430
7 461
187 288
161 208
385 114
209 238
133 445
299 366
378 456
484 207
389 140
255 406
270 371
69 447
32 204
496 156
170 269
382 364
182 240
154 331
484 155
344 375
20 392
157 186
23 369
184 376
189 285
40 420
232 251
455 191
14 396
343 488
328 486
463 408
274 432
12 242
481 179
143 195
425 60
93 225
46 319
370 477
427 120
139 398
442 146
125 146
82 293
32 368
393 16
390 207
11 327
401 192
3 492
80 189
291 379
390 377
193 436
261 358
62 370
307 408
392 3
478 364
418 13
273 344
117 166
224 444
0 313
168 482
456 321
256 347
6 487
462 277
5 425
269 284
406 178
423 161
435 305
16 125
164 287
67 88
401 41
488 417
33 261
464 89
98 332
455 335
201 403
17 123
25 233
380 89
63 333
439 79
430 156
16 285
150 278
130 208
61 217
268 393
126 149
426 266
414 227
446 179
81 373
378 406
107 330
11 228
38 39
148 408
32 113
259 288
114 202
479 420
412 440
379 488
314 378
491 465
103 353
87 113
475 123
268 387
113 249
106 326
16 328
298 480
98 274
155 479
405 2
481 351
173 481
5 310
44 305
151 391
86 385
495 311
121 304
188 401
416 275
180 457
409 351
474 14
204 373
20 304
200 244
56 408
313 441
18 244
298 452
229 300
473 123
414 228
411 222
98 128
172 231
442 496
13 76
6 350
286 386
328 425
244 374
33 412
59 109
158 200
480 325
11 170
117 140
181 285
139 202
301 438
263 357
20 111
163 334
281 371
166 192
433 61
129 303
79 490
92 472
244 429
170 452
25 239
419 251
279 365
487 291
270 354
105 455
491 216
432 225
59 487
189 221
499 79
183 416
425 118
30 468
59 108
88 105
442 35
66 433
77 274
474 229
28 439
206 275
436 142
161 185
405 371
455 138
25 304
54 252
492 375
343 392
340 441
396 368
415 227
10 249
422 276
125 153
442 253
422 410
126 429
430 274
499 83
454 458
321 362
396 229
40 187
89 351
200 403
64 325
385 70
310 388
493 171
423 287
435 156
442 354
494 282
52 364
424 50
426 253
401 60
472 197
281 338
212 412
86 377
370 494
264 310
198 408
450 163
263 288
52 326
270 410
207 366
489 117
157 420
380 331
254 300
466 169
23 427
154 481
21 417
460 40
164 338
391 35
199 205
132 299
116 441
209 229
259 383
455 123
194 498
40 386
68 306
277 430
259 459
256 269
434 438
22 108
420 354
438 375
495 52
7 462
94 223
307 308
405 169
52 144
468 140
208 304
166 480
85 207
410 229
26 148
131 215
53 442
438 196
60 142
411 197
99 448
294 436
5 355
72 393
129 197
176 222
75 462
284 287
412 41
447 330
32 291
81 405
168 408
0 302
348 415
446 21
49 136
288 466
113 357
7 238
483 136
56 67
46 300
79 455
141 431
430 34
175 322
397 326
33 330
475 97
442 365
456 18
135 264
469 5
234 265
52 123
131 391
8 334
450 420
156 204
420 119
156 439
6 296
134 187
426 308
401 170
334 382
188 358
450 432
435 162
408 16
117 176
369 387
182 301
155 239
414 108
486 329
488 17
112 341
471 3
18 34
401 102
487 37
177 256
154 410
84 438
476 360
108 443
261 396
29 105
215 389
258 468
110 192
242 282
231 363
434 299
463 125
491 448
293 350
437 316
214 486
132 335
421 18
7 397
472 45
113 334
350 443
25 190
29 352
496 49
175 374
336 459
422 67
485 325
406 105
451 148
344 448
163 420
3 32
21 294
24 342
302 386
72 251
90 425
112 406
380 230
236 287
116 491
123 124
88 446
133 422
363 436
482 345
53 256
24 38
450 20
236 301
169 291
95 269
376 467
79 260
321 400
454 104
156 386
116 195
443 484
39 382
100 133
399 54
446 303
61 154
274 345
396 126
23 490
471 310
27 130
429 408
110 275
1 456
35 264
120 166
31 381
137 420
466 70
67 407
254 280
16 237
70 255
448 414
277 489
266 280
461 139
142 400
79 302
486 15
86 386
42 199
250 387
47 118
397 286
405 142
403 78
411 174
192 496
489 483
96 466
441 256
334 469
31 319
36 340
181 297
137 475
133 295
160 267
102 261
382 131
430 255
36 66
165 442
52 152
474 237
145 487
163 294
151 234
222 377
493 263
69 118
50 162
277 409
12 178
110 494
107 251
238 489
289 373
488 260
187 384
434 99
408 98
466 158
415 285
447 353
13 411
47 214
104 271
90 378
443 167
485 393
141 231
499 251
287 451
172 415
65 253
158 281
74 228
403 303
8 136
477 180
175 410
53 148
446 190
294 346
415 293
389 38
80 237
467 323
295 416
318 468
12 378
157 351
168 237
412 274
225 477
11 273
219 323
77 376
172 373
394 487
29 287
448 56
268 367
50 314
146 320
153 301
278 492
44 395
130 233
284 479
51 302
444 208
324 465
381 305
391 428
337 374
240 351
299 444
433 302
77 167
89 433
395 264
40 282
221 489
452 271
193 448
64 252
19 242
34 419
469 156
255 267
206 419
12 88
142 267
340 428
496 124
297 411
446 118
353 394
227 351
474 302
469 305
300 404
397 268
435 98
170 221
397 345
67 300
238 311
64 125
201 256
420 409
237 476
352 450
0 409
157 258
413 26
323 328
341 486
13 99
59 380
46 68
128 259
15 273
26 380
392 176
494 120
167 320
50 192
252 300
136 233
84 183
75 368
28 204
51 214
205 283
242 331
468 309
486 212
441 490
477 155
109 146
38 441
316 397
166 275
250 365
207 425
81 162
250 427
439 388
58 331
137 368
493 156
57 305
429 250
465 61
244 397
238 291
18 113
60 234
72 455
144 378
187 362
82 331
138 381
42 168
169 367
441 97
125 376
79 120
416 65
35 176
460 156
61 192
228 242
172 177
9 143
383 210
491 164
116 371
436 71
333 405
321 411
70 348
412 110
294 423
120 437
132 188
38 482
411 196
460 269
141 283
462 330
113 351
225 248
422 283
332 382
215 387
404 145
69 397
358 378
447 169
54 187
181 321
120 383
280 456
133 293
4 12
416 215
482 62
201 264
21 39
237 416
215 242
113 137
59 371
484 200
297 406
470 133
257 462
386 237
324 378
236 329
305 352
240 321
90 491
50 72
182 296
48 191
122 223
6 234
493 325
318 369
33 467
465 116
225 258
115 436
280 359
468 215
253 310
398 411
387 231
364 380
474 34
68 315
176 480
409 226
390 26
4 134
394 65
327 428
492 163
32 354
130 222
140 314
4 123
441 161
386 463
184 279
433 395
19 444
36 89
59 272
202 374
9 475
65 373
437 290
495 399
162 389
243 369
52 319
35 462
76 470
276 480
386 324
159 359
474 235
357 394
301 448
404 15
2 318
245 293
451 317
190 260
459 143
68 389
182 353
400 371
416 264
29 253
99 159
14 271
284 387
412 230
485 214
395 176
22 429
482 202
456 149
395 13
450 204
19 127
51 473
161 223
495 494
5 388
427 93
429 318
35 48
497 288
456 331
59 330
99 360
235 415
296 345
253 372
24 132
226 367
58 279
196 269
92 257
287 386
158 439
496 34
445 282
105 191
302 368
386 195
152 311
283 369
255 261
34 190
206 453
452 403
388 223
484 247
240 285
189 330
297 444
17 374
168 439
318 398
20 35
287 344
78 465
294 425
199 344
82 434
198 270
215 498
459 334
434 120
174 320
316 479
53 106
413 329
406 116
64 463
305 424
475 201
131 344
220 446
121 436
443 101
173 404
213 339
476 376
441 25
130 171
464 469
140 187
368 457
194 455
474 36
24 412
29 489
194 257
249 368
5 98
435 253
448 386
190 319
322 437
471 427
59 94
145 147
23 60
86 358
467 431
262 336
44 122
20 445
150 302
36 221
0 109
13 239
31 449
179 483
294 420
72 424
483 323
467 5
64 209
63 101
261 359
312 421
221 304
421 383
3 103
424 417
468 342
382 450
406 453
289 493
139 478
31 272
47 446
44 191
393 277
476 94
8 388
83 445
49 62
96 415
202 360
286 443
454 379
94 363
145 182
275 453
191 256
234 458
285 293
331 365
85 298
70 143
368 381
11 241
481 248
450 226
104 158
16 39
15 258
159 276
77 283
397 459
320 354
306 349
213 300
43 400
37 398
217 239
195 202
276 353
58 294
383 409
494 278
441 29
10 331
473 212
65 302
358 389
266 300
155 297
393 2
397 147
223 469
340 396
444 421
385 209
234 246
262 304
75 377
212 371
239 492
160 238
93 312
59 358
318 438
4 304
9 477
88 338
485 127
84 113
440 5
170 471
390 127
154 399
404 228
5 76
17 414
440 203
55 391
214 358
66 190
324 398
177 241
244 289
51 494
135 344
100 344
50 280
407 289
449 68
11 160
422 275
107 429
417 5
417 48
194 488
179 253
392 6
403 295
419 487
409 142
242 277
405 191
132 384
459 307
15 214
55 60
362 372
390 363
432 70
355 379
8 497
477 315
382 56
19 253
381 309
324 448
390 222
465 480
104 163
2 491
394 164
281 472
417 314
149 486
48 384
351 461
407 254
382 15
237 485
141 335
148 289
420 370
451 250
164 216
481 267
414 391
243 393
58 227
209 412
421 386
435 69
321 429
462 468
150 470
58 148
0 169
495 222
424 129
373 393
17 264
101 121
113 480
141 235
159 185
432 7
150 386
369 406
492 174
287 312
122 314
67 161
29 264
156 352
470 11
385 275
283 476
138 316
15 374
75 192
333 339
179 309
143 377
388 213
129 375
8 132
113 421
123 215
24 257
391 409
354 369
496 405
404 66
152 348
208 477
425 495
427 24
126 270
445 394
225 439
428 440
499 204
153 284
92 145
1 373
232 415
234 297
9 455
204 481
199 468
200 427
171 399
74 156
169 227
224 269
161 272
1 332
110 432
120 317
383 62
429 82
487 299
452 125
445 306
458 291
445 115
59 293
448 372
74 421
477 139
227 303
423 279
19 145
456 347
161 313
420 363
467 117
217 449
4 151
164 315
327 479
148 455
204 446
32 353
152 213
437 150
143 316
318 489
204 364
386 115
9 159
15 49
133 189
493 336
39 436
4 170
458 0
459 374
182 292
407 60
462 135
33 44
470 139
175 188
123 416
169 177
178 337
43 260
380 342
134 142
164 378
129 217
60 412
148 424
346 356
496 385
391 20
105 376
62 90
437 293
157 417
97 225
464 289
242 414
154 250
97 391
78 385
35 330
428 0
416 450
161 248
84 159
97 347
390 50
129 426
202 441
295 472
340 369
49 484
91 179
89 420
460 84
136 258
388 259
477 36
60 133
451 227
383 222
64 475
93 209
203 348
277 397
25 258
459 66
138 384
448 166
414 107
362 398
387 220
105 493
166 424
494 380
109 299
226 396
267 407
18 268
319 332
174 430
498 262
227 370
7 332
449 94
90 160
458 134
355 499
61 156
139 376
259 419
215 472
321 329
470 302
283 494
6 419
0 304
52 60
193 460
85 260
422 102
384 53
437 377
424 145
180 433
68 123
318 353
487 405
458 173
135 175
158 343
54 225
204 426
56 379
410 411
224 298
219 365
174 229
455 452
381 163
441 269
420 51
15 34
0 433
440 145
447 80
446 0
471 278
332 484
465 336
36 100
47 116
174 393
336 376
58 238
429 465
12 29
127 378
339 345
38 225
437 130
169 484
485 240
224 282
375 436
384 214
98 134
482 430
494 255
191 434
44 234
471 249
173 307
250 442
264 469
120 392
479 246
69 214
202 329
153 243
374 400
63 178
66 230
48 121
422 187
329 420
17 345
139 143
406 192
191 263
163 306
212 327
156 442
340 370
451 340
428 277
370 486
18 66
429 180
443 374
85 294
1 208
34 120
355 368
381 6
389 447
440 400
446 139
4 36
484 462
418 435
26 66
144 185
420 263
82 441
40 54
388 254
326 460
70 204
89 243
186 218
149 214
59 327
91 168
202 370
8 485
497 234
60 313
187 304
75 483
71 151
76 323
427 214
214 489
131 254
330 464
185 329
404 120
191 495
240 420
424 390
106 189
365 455
438 162
184 234
244 336
275 329
48 67
449 48
325 367
159 301
9 180
494 298
337 371
383 105
498 417
158 197
115 317
39 145
403 442
487 190
165 284
260 356
440 372
114 349
449 253
105 379
439 110
489 56
129 282
16 179
452 36
384 161
225 226
453 62
42 488
420 10
399 135
28 323
416 137
154 386
122 348
46 323
222 460
96 100
476 24
131 234
11 396
213 347
55 128
458 229
121 435
417 202
386 126
341 492
162 490
136 409
325 467
67 293
271 272
107 499
18 410
251 270
457 115
228 300
363 422
431 193
443 169
445 158
415 185
108 339
39 352
308 453
430 49
101 338
294 431
477 256
388 379
331 405
123 203
460 16
438 208
491 492
53 489
10 408
411 33
175 212
67 216
486 380
118 383
166 477
101 448
92 94
195 453
17 138
72 77
458 172
235 307
434 233
338 364
214 337
155 404
281 397
5 99
232 463
413 20
265 324
95 380
360 463
98 454
174 185
110 462
248 469
294 433
281 392
152 262
182 306
27 61
23 46
421 206
220 285
247 390
211 452
438 53
0 389
492 104
91 184
247 452
192 219
252 374
11 126
299 440
256 494
92 319
176 416
412 196
4 61
0 208
454 295
447 29
477 102
455 73
153 370
407 472
78 376
70 211
110 259
71 359
448 253
429 285
444 69
187 404
404 175
255 376
147 247
107 209
39 57
190 236
397 203
36 350
182 232
491 20
459 102
399 274
32 81
236 259
344 428
273 301
29 440
433 234
241 331
440 9
210 306
256 389
459 377
101 212
127 299
49 426
57 383
276 402
211 282
56 341
53 224
45 285
253 311
473 375
106 395
452 424
482 302
320 364
286 494
196 458
12 429
20 208
169 476
38 275
358 447
129 322
37 335
227 347
398 133
159 365
479 185
199 336
173 182
190 407
29 417
236 414
436 157
194 296
152 427
48 430
180 348
394 158
232 400
145 175
408 18
477 136
380 145
490 275
74 339
204 242
309 351
62 444
102 192
392 216
57 285
493 147
480 108
111 428
408 193
483 334
307 400
193 492
481 244
444 334
21 351
86 487
413 495
184 342
346 362
210 417
122 174
358 377
43 478
51 485
419 223
79 131
381 442
438 19
93 337
496 104
165 282
441 124
155 483
243 364
97 162
447 249
56 338
165 457
40 242
488 23
149 188
137 311
253 423
452 393
492 71
57 304
370 468
37 464
195 296
143 198
254 327
75 109
441 157
456 287
219 399
7 83
109 485
380 245
128 310
130 339
472 110
147 204
444 196
322 403
319 443
243 261
458 65
269 375
135 434
417 362
474 135
293 326
100 450
487 195
54 290
252 460
496 341
235 465
113 234
7 248
433 225
333 368
284 421
107 384
265 411
215 339
245 260
445 252
90 125
118 453
478 163
129 457
63 402
46 495
101 161
61 357
314 377
50 228
75 337
382 88
383 199
175 307
455 58
51 146
337 399
56 97
466 322
350 498
450 197
196 221
88 246
320 321
398 388
97 326
10 234
494 423
485 462
449 246
201 435
176 447
403 228
201 410
138 385
0 238
114 115
69 408
375 387
448 140
382 198
440 255
107 388
171 318
118 340
15 91
48 93
488 154
2 316
399 150
26 111
498 251
128 296
493 4
160 345
232 303
33 111
446 122
13 115
53 110
229 319
281 422
443 416
136 204
46 270
133 370
264 304
231 400
156 210
163 410
392 4
453 256
50 407
166 355
159 170
193 421
16 111
164 190
134 281
148 364
479 328
152 167
162 165
185 391
91 183
435 416
238 417
196 396
423 449
170 316
222 468
480 452
58 332
493 184
23 332
270 368
455 82
169 178
496 317
39 459
124 477
59 112
386 209
447 280
122 227
95 217
415 140
85 317
84 305
253 409
89 480
33 346
48 142
124 244
40 58
467 181
37 130
88 329
167 437
249 358
452 275
123 296
352 440
467 462
383 218
403 124
13 291
480 245
241 484
136 291
388 33
71 289
1 146
50 147
281 477
84 290
60 92
266 369
456 48
195 483
489 51
312 407
382 271
124 199
103 325
333 348
488 216
145 242
188 431
460 346
330 398
210 321
474 255
417 270
318 368
103 234
4 144
431 79
46 354
324 339
143 336
97 454
390 313
32 375
293 311
74 473
490 267
6 209
35 475
499 240
439 253
470 109
155 299
474 322
419 54
276 311
16 324
96 144
439 305
111 449
12 219
99 287
71 307
481 153
426 173
131 474
183 447
449 69
41 462
428 184
149 433
448 40
49 103
344 464
185 353
438 108
117 168
280 441
434 281
56 450
484 333
21 263
33 181
457 354
330 472
498 66
49 109
194 424
330 355
98 410
474 183
344 366
55 117
215 236
222 332
1 293
193 472
436 73
44 74
36 315
471 76
12 427
57 102
237 436
72 355
12 267
157 216
248 457
279 449
34 473
165 227
235 471
428 20
174 425
398 173
104 382
442 412
189 367
0 261
395 248
201 493
168 252
78 215
121 467
490 95
444 35
465 109
155 281
170 351
82 489
476 69
144 495
187 243
203 387
184 187
118 142
418 284
119 223
277 484
36 183
223 245
169 304
209 230
384 369
472 227
125 492
118 275
129 376
169 375
173 214
467 63
462 170
173 367
194 457
19 491
14 382
82 494
407 351
221 224
483 145
143 399
111 291
205 280
18 44
421 418
52 448
336 365
428 26
478 160
412 312
472 68
106 434
499 378
395 480
489 284
33 349
497 349
419 362
94 106
472 9
209 414
148 499
453 144
438 443
210 352
239 383
5 186
191 220
251 318
391 82
421 367
99 473
274 306
89 392
183 239
409 192
36 282
245 325
458 120
10 232
255 285
167 196
270 336
436 263
113 444
491 350
71 415
73 336
178 255
198 316
238 414
499 301
91 480
9 272
200 305
4 457
410 295
48 187
42 436
89 492
233 407
176 466
135 337
383 98
89 405
139 208
427 489
205 247
181 230
495 93
474 390
445 361
218 258
36 277
268 292
225 245
425 195
469 47
383 320
102 302
448 270
204 442
162 431
447 98
250 328
400 349
121 202
473 75
409 288
74 88
273 389
334 389
305 467
41 360
203 408
39 165
477 374
297 311
29 124
149 423
38 368
363 445
413 400
442 45
10 329
54 329
146 240
184 449
141 332
68 440
433 83
223 307
319 428
492 47
341 433
172 493
12 295
477 176
488 391
445 412
164 364
149 220
139 252
418 486
151 376
7 201
155 274
340 485
370 392
159 362
402 492
146 237
22 167
45 394
147 214
159 166
34 389
302 318
414 180
83 209
205 386
8 302
422 169
210 398
237 297
447 180
179 274
434 363
14 90
451 102
312 483
31 133
223 314
193 401
79 312
461 238
494 116
314 343
221 332
461 125
77 428
327 488
384 260
120 308
201 453
89 469
315 467
400 59
21 31
58 317
438 63
3 256
418 65
3 382
92 220
457 161
425 62
104 318
471 205
7 147
480 47
174 334
145 434
436 214
350 361
72 395
99 237
477 494
254 467
99 366
280 409
495 214
38 165
413 218
1 334
12 140
102 439
184 323
448 77
236 286
341 493
191 365
424 497
446 367
93 175
310 402
179 330
318 447
470 291
415 318
155 282
255 423
355 416
458 256
301 340
437 430
388 486
384 97
129 252
92 489
478 84
96 316
240 418
491 257
132 433
407 297
105 161
19 60
301 365
274 298
323 422
290 373
86 280
93 381
145 439
138 309
71 241
229 434
486 289
450 33
109 145
26 468
0 226
34 251
74 252
108 303
414 307
39 213
241 479
417 111
116 432
137 310
116 220
37 270
434 121
202 497
212 218
123 194
75 409
48 230
213 360
424 187
424 333
104 480
421 313
242 326
493 463
237 496
390 84
96 404
64 433
201 359
416 162
95 136
355 494
298 415
497 39
114 229
90 234
234 483
117 335
421 219
212 246
41 146
224 441
414 4
191 432
446 16
61 410
130 360
328 334
273 453
24 449
450 304
389 353
189 296
17 237
475 204
117 439
193 370
398 402
117 159
185 294
98 239
93 187
130 380
339 394
396 458
173 336
335 492
389 52
29 265
456 302
93 102
473 185
432 105
353 446
490 225
290 453
33 429
498 347
125 440
111 453
146 189
19 143
201 413
473 317
457 244
418 252
381 415
474 238
107 491
405 195
49 310
153 318
435 214
186 295
163 458
195 418
407 466
9 41
460 414
420 73
354 468
128 255
381 491
118 206
54 74
344 369
461 45
154 228
76 419
236 451
174 222
37 358
406 50
63 109
123 211
138 338
423 417
356 490
443 22
102 333
351 402
377 431
32 40
389 259
132 240
225 234
233 455
497 423
118 233
187 287
71 363
8 272
360 435
16 475
481 138
448 43
394 119
486 344
345 462
29 367
200 384
112 347
376 411
154 402
412 364
166 404
495 437
80 116
254 278
440 303
401 127
62 172
18 137
258 321
226 310
119 238
23 54
62 66
34 477
467 80
162 458
229 273
186 232
436 285
454 177
254 414
8 244
257 398
234 303
24 116
9 10
383 92
330 374
164 355
133 251
82 456
183 261
248 283
97 325
276 450
39 454
7 206
189 431
32 173
174 489
439 436
149 416
179 350
129 272
360 376
444 328
419 287
200 256
210 451
260 396
173 366
364 424
254 475
34 125
69 491
89 229
140 350
97 342
351 400
196 457
389 137
491 368
256 383
253 325
478 256
84 192
135 429
308 366
15 118
336 417
104 295
416 226
156 241
464 233
7 24
408 188
61 494
113 226
470 364
113 185
340 423
463 258
465 160
445 346
389 108
167 434
431 125
408 248
474 339
355 428
156 199
229 248
13 481
80 233
440 368
34 429
386 171
90 294
78 469
236 433
399 2
55 202
183 250
391 70
96 280
404 245
7 176
248 307
240 264
111 248
186 334
367 447
41 296
345 456
187 327
178 184
462 177
427 71
173 421
448 247
381 290
108 313
103 400
426 404
26 376
268 309
288 291
420 342
125 200
381 128
473 360
385 218
394 50
86 398
144 230
395 42
121 137
396 231
215 275
439 138
273 457
16 187
3 346
239 278
234 397
83 160
376 424
85 249
381 277
499 330
464 379
435 301
93 465
439 84
131 322
111 205
444 265
385 113
348 428
236 475
201 495
83 187
148 231
226 423
32 94
219 488
11 478
21 349
113 209
42 234
41 364
266 437
30 208
288 391
228 440
24 285
185 191
391 234
254 266
337 400
440 246
31 126
59 137
208 450
277 323
77 395
63 219
462 181
77 456
168 312
380 215
397 58
195 307
71 197
400 395
473 162
329 428
35 199
8 402
19 92
311 390
15 171
322 398
109 397
127 489
407 119
113 279
462 88
206 246
62 324
441 193
339 428
342 479
264 289
148 282
428 74
33 354
78 218
63 226
64 421
48 49
392 412
198 207
50 208
344 400
492 240
75 442
337 456
114 236
200 373
72 419
227 275
492 497
470 362
403 99
57 294
212 293
107 114
387 168
124 171
184 392
418 340
191 233
177 400
115 395
201 438
128 453
79 219
57 223
355 498
84 316
130 345
475 131
57 292
417 269
189 268
171 176
233 393
397 1
36 138
333 475
8 367
64 400
271 287
284 343
477 100
350 408
381 27
6 370
106 320
347 470
393 256
474 110
39 391
170 330
385 179
132 195
92 438
50 334
437 128
245 348
46 263
459 465
252 354
283 428
309 316
415 455
477 355
486 278
416 329
478 71
55 260
475 342
381 118
83 337
33 494
121 342
404 182
14 465
404 482
106 379
29 147
289 455
204 445
91 383
4 400
43 212
338 430
51 446
393 446
283 426
477 372
295 382
79 358
407 84
399 331
295 481
436 317
195 395
103 299
173 476
209 409
236 450
77 202
251 305
476 205
29 79
413 284
38 232
158 220
46 381
384 287
198 285
90 448
101 211
99 453
98 212
54 257
152 437
127 432
0 287
13 37
434 182
466 74
462 478
303 389
186 491
152 203
424 346
266 407
453 328
444 273
364 417
398 58
493 271
176 299
470 271
194 301
58 292
301 319
450 335
399 240
208 357
178 451
492 366
30 244
286 392
448 225
334 461
401 337
193 255
15 467
399 82
411 350
429 207
335 390
89 426
271 384
285 454
117 262
359 434
61 275
484 129
244 438
414 220
267 373
21 376
422 221
499 264
136 418
421 101
488 220
88 146
52 61
160 288
129 141
412 365
292 346
13 305
455 305
344 389
445 395
43 157
50 101
433 348
217 410
84 408
286 423
108 226
371 453
60 104
383 60
89 241
167 346
478 179
424 382
404 420
125 339
435 11
418 172
492 53
463 329
8 226
248 444
489 261
231 496
284 441
312 367
417 66
456 101
112 132
363 487
386 94
34 444
451 298
201 421
309 392
342 378
498 103
441 330
422 443
159 212
160 232
489 234
287 480
309 368
402 438
144 313
51 104
222 308
180 460
58 213
381 44
229 463
489 239
390 208
53 428
173 244
342 492
62 361
286 318
39 273
201 418
381 126
71 461
402 170
182 223
388 177
0 321
61 349
73 113
144 464
139 437
403 371
174 386
336 373
401 168
456 81
121 318
56 245
222 269
110 457
163 354
282 456
482 72
212 355
117 169
388 244
77 103
74 260
382 470
59 426
28 329
279 337
405 216
31 353
77 300
151 319
413 2
96 239
232 265
15 191
413 246
223 265
59 143
420 202
76 418
25 349
424 200
107 425
191 269
50 355
179 318
38 50
254 426
198 238
275 403
23 483
446 370
1 267
92 471
438 135
383 75
64 322
244 331
397 324
380 1
229 277
123 362
381 355
418 379
249 444
192 205
187 473
158 497
19 31
17 401
453 12
43 468
408 44
92 192
115 311
474 268
479 98
428 475
42 337
126 288
111 492
102 369
3 223
155 207
50 220
227 289
167 361
73 292
76 458
102 445
198 449
21 414
387 378
76 205
11 68
483 319
88 236
106 229
100 408
46 75
201 326
90 342
253 304
149 360
22 202
152 365
223 437
276 299
3 425
482 246
51 53
230 384
310 314
188 292
58 256
177 486
83 230
15 38
224 314
228 287
80 227
37 445
324 409
318 470
121 233
38 453
38 209
242 426
57 94
420 58
249 448
388 229
409 128
174 417
413 464
462 94
121 239
491 158
21 105
55 254
24 446
496 280
139 409
72 96
279 291
155 324
94 116
290 346
210 422
238 260
442 323
422 86
8 161
300 317
495 212
483 77
127 209
448 451
146 395
99 250
236 322
167 289
240 339
315 495
249 415
56 375
141 342
173 427
30 43
175 230
488 288
450 181
456 42
88 404
232 398
469 179
156 458
185 243
82 385
74 309
129 160
41 268
408 129
235 476
449 289
118 476
183 367
212 321
182 227
385 433
219 472
124 461
428 58
130 408
216 429
81 239
369 418
42 166
38 380
295 461
413 494
1 371
87 194
116 192
449 96
187 439
68 155
398 345
392 28
288 405
181 250
110 211
155 356
425 131
370 495
125 324
135 369
497 366
78 335
262 488
426 72
81 195
161 209
32 162
34 199
91 471
27 453
484 391
49 220
271 405
77 204
99 200
377 495
464 256
63 422
324 462
38 427
491 28
477 263
99 155
456 226
489 175
86 269
399 180
341 470
26 39
464 304
26 67
20 187
20 482
174 274
21 256
494 78
45 338
473 15
34 494
204 356
154 414
137 365
414 111
96 228
213 255
26 298
121 172
79 173
45 163
156 176
406 91
456 145
140 285
48 347
492 155
490 168
165 341
312 452
455 459
66 425
429 322
496 8
57 336
299 309
129 147
71 444
198 268
386 110
78 410
303 382
163 258
446 206
185 467
498 301
137 489
465 377
5 203
22 405
390 184
386 180
415 191
233 297
495 117
13 254
50 124
295 489
178 377
340 346
33 343
63 121
104 268
471 305
67 454
127 141
312 449
385 194
384 133
58 87
404 7
411 289
44 212
160 360
124 393
170 479
67 239
121 205
445 261
243 419
420 275
146 396
214 420
102 189
137 284
221 483
419 242
489 237
167 246
75 82
194 241
9 27
60 343
67 189
174 491
325 488
144 398
471 66
408 415
228 411
7 210
468 89
279 313
324 447
0 215
253 414
71 494
429 166
427 83
123 217
87 303
60 447
291 414
298 431
147 328
493 143
171 387
436 100
315 329
347 466
409 5
42 343
48 330
75 248
152 208
429 175
44 369
423 140
21 277
459 430
314 349
462 418
229 338
203 252
82 379
445 144
491 298
486 111
92 217
140 174
50 321
395 420
242 416
420 328
391 330
442 150
99 314
425 368
392 93
83 245
45 288
17 286
86 177
477 97
298 419
27 173
40 224
196 201
356 497
17 304
136 184
425 144
261 321
468 56
128 249
466 80
393 87
18 242
19 78
212 374
477 39
388 167
162 471
408 344
29 227
206 482
82 312
437 114
393 310
24 354
341 369
387 42
170 374
380 332
484 328
159 294
253 326
132 375
420 94
312 397
476 274
107 190
387 133
10 315
6 73
145 220
429 455
250 263
134 222
403 164
382 260
343 454
236 420
240 377
185 330
125 294
137 454
382 404
357 372
28 39
82 168
459 128
468 364
160 304
108 238
495 329
481 428
76 322
296 355
256 377
457 366
420 92
172 413
186 466
109 272
239 435
409 481
475 216
194 297
498 317
419 258
276 289
402 159
146 490
200 334
16 465
136 485
424 29
98 222
306 369
242 252
393 339
388 373
385 130
480 386
106 488
370 451
211 269
44 250
54 293
404 192
144 145
138 358
125 486
57 428
122 469
131 138
276 423
129 152
201 332
297 371
92 114
138 395
192 450
398 413
259 263
481 143
179 409
223 305
79 387
236 237
103 332
354 490
331 464
67 134
251 372
98 311
497 40
331 345
67 457
167 375
184 350
36 349
207 445
121 499
27 493
485 233
305 396
468 293
335 429
135 338
464 3
496 379
399 43
447 399
492 433
326 454
143 259
236 431
95 297
209 448
389 279
11 66
111 459
25 270
17 484
202 472
388 233
336 369
442 33
280 424
310 472
11 364
382 194
262 386
177 307
217 282
403 17
396 54
416 221
499 49
169 217
414 472
10 263
498 375
164 433
35 130
178 270
290 481
127 408
449 167
424 494
215 316
242 281
264 409
112 420
256 499
493 62
326 494
281 426
42 414
175 405
468 118
46 109
51 349
145 364
449 454
12 479
62 430
26 224
462 146
406 376
386 423
471 172
443 335
201 376
150 426
226 297
96 419
306 395
387 299
457 64
9 83
218 373
401 212
382 19
294 409
448 58
175 393
277 314
99 120
317 374
417 408
444 47
16 422
498 34
485 349
149 234
234 274
89 309
46 236
0 62
426 85
439 86
128 315
469 15
127 434
40 326
292 428
413 488
18 455
2 106
388 490
44 226
34 179
18 127
118 141
264 431
205 299
451 86
21 70
48 407
169 490
474 181
142 257
13 168
137 360
19 94
488 233
417 425
405 376
497 20
476 324
186 333
9 34
298 347
181 221
71 437
444 256
130 304
37 88
366 369
281 298
293 386
46 297
87 110
99 363
258 273
414 239
447 141
348 351
382 336
251 377
53 173
80 334
122 214
471 372
21 387
50 212
51 433
402 371
54 339
378 489
463 301
475 132
55 210
412 71
226 487
62 85
273 443
494 212
406 79
32 164
133 185
322 379
99 283
31 401
384 137
364 375
37 428
380 86
137 334
51 66
23 275
263 327
417 11
492 120
73 78
109 295
129 381
153 177
491 371
456 374
288 403
197 254
306 447
36 274
47 49
319 361
64 473
82 387
5 255
50 179
65 326
127 300
1 236
65 246
92 101
3 191
245 449
85 194
255 309
405 293
470 322
471 143
492 401
83 260
287 484
213 239
190 302
12 220
475 249
434 308
438 247
206 276
28 281
447 189
127 296
210 434
71 499
12 221
29 292
21 358
21 353
266 349
176 312
75 231
495 145
497 118
182 307
378 468
70 146
417 22
482 15
415 119
460 173
126 201
480 418
481 90
152 160
401 382
109 350
371 401
76 399
373 480
300 328
416 396
376 495
448 10
249 413
384 351
19 105
454 113
74 310
213 318
170 192
106 364
134 143
479 149
182 451
410 95
202 349
121 266
393 128
466 124
65 150
25 289
270 363
11 65
149 464
37 294
436 17
444 326
261 389
465 258
470 219
219 372
238 391
487 14
406 211
82 454
453 131
407 383
379 391
207 423
424 214
410 400
147 462
219 385
444 149
460 354
459 160
486 136
38 395
48 66
148 179
85 188
110 485
7 376
120 443
475 192
231 236
446 366
108 213
174 405
354 399
58 481
257 372
481 47
181 278
268 340
471 130
282 380
384 148
491 311
39 135
400 213
388 471
70 103
117 175
134 481
436 493
93 265
93 443
80 344
184 271
413 338
140 295
248 291
222 252
229 243
42 148
25 99
62 196
0 430
338 375
257 354
263 481
258 387
102 475
181 384
464 321
142 339
199 235
30 459
22 362
109 402
384 427
143 301
237 405
479 88
435 96
72 176
398 113
55 438
415 68
11 415
114 463
96 443
153 379
157 300
398 223
300 400
120 320
269 469
469 124
104 123
141 237
3 295
22 319
490 57
279 358
438 107
459 220
150 433
68 465
6 77
9 485
264 485
66 163
405 170
416 267
119 372
56 224
455 241
419 26
392 87
181 185
428 198
38 364
119 126
44 105
219 296
456 115
477 13
35 53
405 447
401 275
107 281
41 458
153 188
252 376
480 338
455 470
416 141
482 442
47 412
436 351
490 329
164 480
239 454
461 101
114 158
152 196
303 322
84 338
288 361
382 251
457 481
318 319
52 460
435 142
72 449
63 276
368 386
490 265
38 243
400 405
42 333
45 474
246 412
12 102
470 163
88 181
384 335
204 297
443 205
212 265
8 339
67 227
259 315
38 495
61 274
252 490
391 81
328 392
28 430
235 389
16 351
413 199
457 470
344 364
438 147
440 308
149 219
205 270
102 359
38 334
21 260
433 92
468 273
192 383
457 491
123 190
451 241
497 120
451 124
479 287
145 388
130 432
53 487
14 166
402 285
259 359
303 495
424 185
267 285
328 335
119 297
80 454
380 114
451 90
139 385
262 285
434 264
26 93
98 375
198 376
20 478
15 61
426 41
416 305
125 385
42 409
242 464
458 71
168 299
129 483
466 352
235 342
127 289
216 356
365 451
490 158
134 471
291 448
130 395
193 405
340 462
66 291
219 476
28 494
147 281
446 247
483 80
74 289
44 166
236 428
111 370
449 130
125 238
434 201
3 302
409 449
85 217
293 318
455 275
187 200
190 437
157 414
55 286
397 344
473 347
169 205
29 102
437 300
77 473
62 175
413 167
336 363
168 392
475 112
239 301
71 416
111 399
270 431
251 328
78 339
126 397
457 56
234 460
96 319
74 232
289 360
399 318
25 139
159 239
467 169
274 341
470 132
397 0
425 163
430 184
303 445
75 185
362 366
470 183
140 487
89 300
354 487
220 357
405 302
406 49
286 411
1 312
199 363
233 315
82 206
458 378
394 121
361 436
95 152
198 200
412 382
106 362
47 320
241 435
487 93
40 276
400 313
79 179
130 367
12 445
235 472
253 363
259 304
348 491
70 179
5 23
275 411
56 181
432 168
167 472
349 397
280 289
258 449
455 370
62 112
392 68
74 356
427 157
7 26
461 38
144 466
73 201
33 277
235 302
237 274
265 454
242 404
134 275
266 461
194 435
308 380
244 475
76 234
85 200
90 312
388 180
374 451
452 190
81 468
212 237
494 111
193 417
451 358
498 212
314 455
22 259
168 493
450 35
86 100
216 236
49 339
122 383
473 154
494 239
72 245
265 459
401 112
226 403
297 487
321 441
207 229
325 494
485 272
429 48
190 308
115 161
308 316
47 142
72 321
477 448
134 473
341 358
395 342
348 438
330 492
26 415
122 372
474 286
137 479
193 332
172 264
493 158
401 359
137 493
471 78
294 381
17 23
177 409
345 399
459 123
280 383
226 459
401 488
410 119
146 265
383 292
124 275
205 482
393 314
496 79
389 156
391 96
276 373
49 58
317 379
488 244
420 293
25 478
493 133
455 167
33 226
233 483
16 51
57 468
9 309
408 37
405 138
409 140
427 131
449 266
21 222
451 371
82 384
162 373
404 274
248 331
1 486
390 366
424 180
19 38
436 58
274 356
177 180
163 201
494 121
364 494
31 179
372 465
29 494
219 361
493 240
141 181
248 316
236 409
57 437
131 139
338 435
14 290
485 132
48 151
145 454
383 301
61 280
184 421
82 98
423 439
165 172
283 475
137 180
0 68
337 453
228 448
84 493
405 67
242 343
114 497
12 292
31 422
396 168
479 330
19 268
178 432
470 349
223 231
146 161
136 346
57 341
0 211
416 432
197 279
424 455
182 453
73 187
243 340
451 307
413 439
409 336
251 413
449 237
481 261
151 312
462 239
105 268
321 434
5 322
482 235
382 407
181 416
13 382
185 381
9 345
142 402
63 338
12 256
172 490
177 379
285 286
230 483
5 65
129 202
62 354
334 453
371 466
210 346
84 402
191 467
155 480
95 260
80 152
294 345
210 278
194 261
126 432
94 366
60 127
402 49
138 298
412 198
173 205
153 312
347 491
180 452
257 426
82 95
388 123
54 231
236 484
74 450
432 381
344 377
499 300
444 488
57 379
7 327
69 331
135 469
479 44
224 352
352 356
453 48
193 447
211 441
329 347
196 202
174 432
484 396
7 354
130 486
33 125
134 459
5 456
2 60
3 222
335 493
483 277
83 401
445 106
149 340
21 271
203 310
12 75
220 370
186 254
382 72
50 387
283 474
396 105
38 359
66 269
296 479
428 135
166 338
85 137
52 206
317 401
434 115
63 302
107 360
75 328
53 483
474 245
410 132
364 387
287 420
217 324
183 291
355 377
124 412
260 438
363 366
119 431
423 177
488 65
240 448
490 428
419 182
396 272
384 16
141 158
400 189
259 341
96 386
41 67
471 221
460 97
141 238
454 47
100 242
38 252
303 355
438 353
486 215
348 464
35 455
402 39
383 340
11 250
100 182
410 121
476 345
390 119
466 244
456 373
11 87
155 283
483 87
425 22
166 348
458 189
427 127
223 238
492 64
197 464
9 322
153 295
82 126
403 484
106 131
447 137
232 269
179 456
494 42
273 294
106 359
18 207
31 44
167 250
493 18
222 448
122 243
279 314
97 260
263 308
383 369
395 479
92 337
29 39
81 381
24 157
429 159
142 363
217 450
478 74
224 395
339 411
210 476
368 369
271 370
103 293
160 190
467 109
396 355
25 442
465 343
241 456
470 416
421 17
109 460
394 367
98 362
298 404
454 486
17 101
113 203
442 320
89 238
2 343
134 470
144 416
20 269
36 456
491 255
298 393
262 408
432 101
232 392
436 273
475 353
223 356
190 440
413 215
240 470
458 254
202 318
61 166
43 201
62 255
323 347
4 163
430 143
103 479
93 318
473 184
203 423
274 480
494 236
118 475
37 273
248 342
18 420
419 31
105 214
86 363
62 349
299 497
180 247
345 494
29 406
149 201
247 364
392 201
105 293
241 429
113 154
44 129
104 421
341 447
130 425
338 428
124 140
215 348
12 20
158 261
402 411
417 249
343 458
483 393
349 350
127 151
461 380
415 392
188 413
392 218
482 100
363 427
123 374
5 177
123 288
22 435
153 369
477 492
328 469
450 350
68 76
413 175
474 77
28 152
202 427
91 280
484 171
37 311
163 181
61 272
408 269
117 191
276 443
9 151
355 362
473 217
299 320
340 401
221 336
421 353
66 90
153 170
54 434
22 412
34 132
314 390
293 345
76 478
132 376
459 141
488 235
459 266
273 358
53 159
90 187
280 365
1 495
450 320
141 425
114 368
36 435
242 456
24 173
498 40
142 205
99 428
187 373
125 131
420 279
140 313
117 246
498 442
194 282
146 286
238 316
451 112
40 73
157 415
419 203
490 193
21 183
353 454
244 381
440 463
405 140
251 312
162 206
275 283
153 259
161 419
86 254
23 196
28 481
123 438
258 476
177 280
479 202
250 424
376 493
482 91
95 428
401 105
18 261
336 424
340 409
1 318
163 412
329 409
46 308
310 420
128 154
172 348
429 50
94 400
322 499
284 403
91 337
4 256
455 258
441 20
343 445
47 264
273 354
499 382
247 333
146 388
208 464
92 148
453 333
423 78
454 405
150 299
426 235
369 458
402 121
127 256
205 412
227 420
7 422
210 255
474 117
51 130
35 134
428 1
107 408
184 186
145 194
183 245
139 475
95 166
82 267
254 459
114 476
117 451
194 340
80 328
382 338
29 325
308 425
397 411
124 295
476 382
3 184
288 450
435 496
67 106
398 151
177 278
121 489
295 418
66 484
394 191
469 129
398 273
106 110
150 200
98 455
477 246
98 376
350 462
4 276
190 242
109 433
165 323
220 299
61 130
234 283
60 245
321 373
28 63
234 462
405 93
419 225
24 65
276 345
210 464
70 353
201 463
249 316
487 242
464 44
439 402
495 498
241 403
165 490
305 446
421 121
38 417
351 482
152 286
68 273
153 479
46 183
212 258
67 494
228 360
321 367
384 344
305 394
16 201
31 275
420 303
76 258
13 447
323 433
489 72
154 467
489 14
187 454
194 243
286 359
9 104
484 202
461 216
296 297
60 416
22 50
26 152
11 216
170 191
11 72
116 424
334 356
167 326
103 107
255 407
472 141
348 356
392 9
83 113
164 325
485 20
195 245
34 44
50 63
233 489
154 236
5 412
106 455
339 451
5 41
104 128
488 229
244 350
254 287
70 229
247 259
44 263
277 310
426 170
74 83
320 388
262 308
307 396
416 150
214 352
424 213
170 436
102 267
495 21
85 465
266 319
199 457
102 211
149 156
394 15
19 255
248 421
483 321
419 109
158 225
61 276
399 376
145 387
457 179
112 266
133 463
267 304
291 384
189 410
88 97
422 299
138 304
472 353
84 112
394 483
115 278
418 422
371 426
112 241
115 210
81 348
178 470
17 106
390 217
438 383
459 157
82 189
73 255
119 450
402 197
1 488
400 15
464 147
427 354
459 183
269 319
435 2
384 30
495 82
62 87
68 237
478 147
162 429
45 294
79 204
33 105
148 323
211 259
445 299
144 186
222 265
399 355
45 275
402 327
73 438
50 258
435 249
443 57
128 164
456 108
354 493
470 167
24 437
32 352
85 229
81 370
87 472
77 444
318 494
129 288
8 92
203 237
17 334
493 260
47 130
458 77
427 100
480 353
145 254
133 260
0 8
40 318
494 163
0 317
396 61
39 282
87 361
134 406
446 375
171 339
185 205
177 195
173 357
102 151
77 411
15 87
228 231
392 330
167 329
185 364
478 319
483 186
20 189
414 345
266 318
465 97
104 393
464 352
270 487
159 307
41 215
391 218
93 480
77 306
384 304
361 450
154 351
381 288
169 211
376 497
172 354
35 416
28 88
113 117
435 358
27 121
422 40
41 444
408 359
97 148
25 360
486 283
163 355
439 306
133 286
165 174
378 469
402 151
131 243
13 91
460 15
249 337
483 118
404 125
44 397
346 482
460 47
261 431
397 189
186 273
304 424
419 379
18 460
445 14
292 416
472 347
486 381
33 95
388 165
117 138
269 481
470 390
475 138
122 274
470 360
276 394
73 244
307 418
8 380
391 352
31 344
184 458
417 35
412 23
56 167
78 373
4 488
409 129
34 112
415 272
199 258
204 267
71 279
192 277
84 414
121 209
231 303
276 444
170 339
354 445
127 412
139 158
426 269
484 112
8 105
432 138
404 281
40 43
415 350
404 335
436 345
157 187
17 175
386 105
5 222
123 451
35 116
490 377
110 373
111 311
27 329
124 137
273 435
139 261
115 493
406 480
108 311
413 214
316 474
79 136
103 261
345 358
365 418
474 394
151 318
124 336
281 433
185 352
191 424
101 135
89 251
97 302
29 138
385 56
404 299
73 264
176 339
474 388
44 61
494 104
126 423
10 82
106 482
39 270
361 489
236 324
403 247
65 263
382 155
57 366
107 233
470 495
192 264
172 371
499 99
401 115
466 156
109 151
32 220
12 89
499 110
306 413
242 337
467 333
113 422
55 75
246 495
50 81
229 438
110 264
414 371
95 205
82 321
2 69
33 453
301 370
21 114
39 355
465 269
106 414
222 344
31 149
498 170
42 126
78 377
281 427
161 493
72 217
454 415
0 288
406 106
167 279
158 341
219 278
251 435
449 339
100 141
206 386
465 183
125 162
257 358
300 466
319 401
421 294
48 139
120 319
415 229
100 152
476 412
86 331
66 469
200 242
480 18
460 175
57 145
161 298
132 278
233 235
69 74
180 314
55 467
282 406
62 404
399 263
440 397
176 276
120 136
83 491
295 437
184 240
247 433
152 329
406 108
141 315
22 290
5 455
216 280
