167 182
172 339
333 390
96 187
220 243
263 320
374 30
336 374
6 386
45 149
378 220
66 286
76 289
84 187
62 227
44 399
9 208
65 114
365 186
48 245
112 206
90 244
11 184
365 240
194 396
288 293
26 222
114 179
98 309
382 31
159 326
90 199
373 316
385 57
135 307
13 112
302 337
233 294
51 195
67 82
172 289
276 344
171 302
75 209
384 170
68 134
380 383
374 48
270 331
113 147
6 337
0 268
140 363
85 238
128 270
47 128
42 164
187 217
31 70
109 189
209 213
146 383
73 113
380 325
168 393
330 398
105 173
231 357
101 378
254 292
124 304
5 111
57 286
295 369
143 244
187 198
129 206
394 171
377 13
196 297
137 216
371 386
149 190
80 376
371 17
179 188
367 290
280 285
391 247
165 315
48 91
17 304
191 214
381 371
121 360
15 155
396 265
355 250
376 254
50 260
369 238
392 216
176 348
383 324
51 271
137 351
32 34
266 285
389 44
272 374
264 356
260 373
97 300
60 233
170 237
18 123
241 367
352 91
361 94
262 281
184 205
28 295
13 390
350 340
182 368
3 77
176 285
47 191
211 322
117 176
156 350
68 379
66 299
69 349
165 354
119 267
289 295
142 301
359 48
70 215
108 201
211 258
151 342
195 258
377 253
102 306
138 245
25 162
132 275
28 158
290 369
100 164
160 173
50 286
267 273
59 123
275 387
327 366
216 348
142 186
93 94
17 31
39 202
368 29
352 38
252 378
273 297
274 368
75 276
288 353
367 85
141 166
4 20
374 89
59 345
98 214
11 260
65 161
37 205
361 208
160 202
214 246
333 375
4 323
349 380
133 384
370 99
215 307
385 70
98 337
1 316
42 358
82 122
56 61
308 373
58 347
150 284
11 217
386 236
93 323
65 346
358 118
382 329
41 298
142 364
303 371
111 204
173 191
277 334
350 115
48 117
76 85
105 191
205 297
295 380
107 312
81 281
6 173
372 251
45 287
25 149
74 138
194 353
13 360
167 350
79 318
67 377
176 239
174 309
306 344
129 191
357 202
33 352
82 156
65 376
350 172
25 301
174 271
45 184
27 138
312 372
181 240
245 339
111 244
86 275
215 254
12 78
17 22
156 372
108 184
235 312
173 355
174 246
100 232
96 235
11 106
50 135
197 271
353 212
77 203
118 268
5 98
23 338
220 387
204 321
34 198
388 178
76 278
370 159
36 307
104 215
215 299
114 283
78 216
187 385
374 154
122 360
351 209
76 335
94 192
69 115
135 304
95 123
181 247
67 87
353 79
374 170
50 101
334 377
173 335
104 107
189 298
384 78
62 362
378 312
276 277
82 118
48 212
33 54
386 181
0 63
30 317
68 290
57 284
5 152
398 118
133 210
174 299
188 257
359 6
361 19
353 332
230 255
365 224
38 239
86 122
294 369
221 291
92 275
66 95
248 294
81 150
182 193
44 331
255 371
50 372
382 156
162 262
273 368
134 244
146 232
388 53
124 295
309 332
131 314
90 323
188 335
45 386
278 294
123 129
108 172
78 138
6 205
224 231
175 222
191 326
61 139
97 180
55 160
352 85
22 59
361 13
28 82
369 40
150 380
84 235
374 155
32 106
365 220
392 115
173 376
202 283
17 291
207 396
359 243
139 251
354 109
172 355
286 323
50 97
75 82
9 144
127 217
198 294
41 334
216 309
99 115
91 324
396 382
127 289
54 219
2 352
21 330
72 337
111 148
346 382
238 335
393 326
20 177
64 185
86 127
10 321
98 387
64 221
371 96
76 113
265 393
152 221
250 286
70 315
74 152
334 393
73 318
359 68
52 269
54 166
7 70
272 298
138 258
124 359
119 151
298 363
278 386
359 321
171 191
10 265
276 281
369 333
81 373
171 227
19 56
367 280
136 248
97 112
82 140
79 258
149 240
367 246
77 215
295 374
216 328
396 322
134 181
184 318
145 362
390 136
175 226
141 268
302 340
374 399
71 188
22 87
91 218
376 28
62 258
314 360
73 98
86 208
12 141
51 295
368 375
250 295
27 225
67 285
293 336
372 108
7 177
45 342
298 331
65 97
377 345
353 155
196 287
46 165
113 358
366 229
369 32
383 116
393 148
270 371
331 372
52 383
118 364
375 186
143 296
71 206
29 90
46 166
259 352
74 364
47 338
9 112
39 317
338 395
379 278
56 63
370 243
276 346
126 201
115 182
230 285
56 323
195 254
130 235
389 127
149 374
369 311
2 236
10 102
350 40
217 268
389 193
393 193
161 272
14 212
197 314
62 233
127 329
133 290
229 291
58 204
172 313
369 108
94 273
250 299
114 133
121 338
121 321
74 369
62 228
175 311
369 123
383 47
45 140
109 207
103 192
391 334
397 85
180 222
388 346
389 396
395 232
118 178
210 329
15 389
184 290
196 300
24 233
354 269
220 384
191 307
273 344
154 232
55 102
159 381
241 307
54 393
227 247
29 354
98 144
28 222
48 290
353 100
141 278
33 34
275 328
19 345
196 269
221 295
23 247
37 330
164 276
371 267
34 146
101 396
341 365
121 142
233 241
186 251
5 305
1 279
12 374
84 325
91 389
377 190
207 344
161 386
49 174
211 248
71 349
218 383
203 213
165 341
398 133
271 361
105 341
38 68
262 295
31 264
17 23
385 391
391 369
183 340
139 366
11 212
112 202
67 201
208 218
222 306
147 190
95 383
308 366
44 284
245 296
397 313
326 327
298 365
395 13
209 349
267 283
177 234
175 206
328 338
60 234
317 389
387 396
12 162
51 353
360 323
358 299
377 205
61 358
385 225
356 276
137 355
27 281
15 371
105 114
61 70
373 353
366 47
219 317
147 166
372 101
107 230
20 309
361 177
56 333
83 377
64 84
80 137
156 175
213 219
0 308
9 116
124 393
238 323
32 140
173 386
113 390
268 340
24 383
126 315
24 295
122 282
78 178
48 337
5 397
104 277
171 189
379 30
175 322
394 226
11 384
360 318
22 91
29 164
126 356
287 379
200 210
91 130
12 294
398 279
111 343
293 355
361 325
82 114
51 383
0 166
45 289
103 144
97 339
240 360
230 274
199 386
374 363
212 358
78 327
83 394
79 169
151 306
226 299
88 339
54 372
60 207
379 25
185 357
244 325
205 321
133 302
158 175
391 10
171 300
46 321
288 316
28 115
386 235
383 349
310 389
136 203
363 24
107 251
159 302
10 175
238 305
204 307
236 305
374 328
168 341
140 328
66 252
14 68
278 324
357 145
217 302
243 281
110 343
155 342
359 193
281 325
27 332
385 192
55 326
24 235
49 355
225 267
30 139
175 286
154 295
154 267
366 184
244 397
274 337
259 301
189 204
275 298
91 112
55 255
17 337
53 138
376 225
73 105
86 371
266 306
379 69
361 312
109 190
54 176
368 296
179 384
390 247
49 378
21 163
53 354
222 370
101 364
326 376
237 334
329 339
226 265
179 399
97 351
116 195
156 233
73 286
125 303
110 163
252 348
9 287
282 374
69 367
58 371
330 399
370 94
163 341
138 339
372 240
206 363
21 272
54 170
46 208
216 340
32 217
80 120
164 255
170 380
181 213
17 395
121 307
314 345
244 264
249 329
2 397
254 267
217 222
143 306
367 34
33 87
52 330
155 355
74 229
25 131
365 250
76 246
249 308
355 203
68 189
188 392
12 81
97 218
187 302
55 215
245 375
112 303
60 230
75 398
255 348
277 336
228 345
312 328
18 350
363 2
386 1
196 236
151 228
368 250
365 37
189 194
291 304
49 168
121 232
56 169
205 382
394 93
68 121
382 149
117 169
54 395
362 202
42 85
385 316
122 333
370 66
75 315
42 363
354 298
96 262
352 27
126 374
109 281
141 154
73 146
114 305
34 130
23 270
280 397
130 236
375 314
351 188
249 256
66 357
161 270
181 380
347 357
110 337
38 48
389 109
24 36
70 148
43 345
145 182
31 63
376 172
83 159
379 125
395 129
165 335
128 332
58 136
398 205
260 285
386 310
159 301
144 304
152 338
332 386
79 336
194 341
126 394
33 241
295 307
378 91
195 207
94 219
390 77
92 208
27 216
306 364
104 296
20 79
47 316
385 263
221 382
266 304
108 378
106 258
183 309
18 356
197 307
57 341
120 391
265 388
197 362
60 94
257 398
85 323
282 305
159 288
100 248
212 301
370 18
142 171
382 270
74 386
29 94
21 94
62 117
139 295
117 351
380 187
78 297
52 197
152 188
227 316
138 338
120 397
359 223
7 278
106 307
146 179
217 257
55 344
190 234
221 290
192 295
112 342
243 278
151 355
86 189
157 194
24 391
384 13
118 199
59 60
171 320
139 359
393 258
167 311
60 385
104 270
338 379
189 303
350 330
91 182
229 323
200 362
62 343
143 340
350 218
108 246
383 178
148 352
364 320
357 8
226 317
318 391
5 378
359 198
194 375
128 393
366 380
216 243
34 299
293 365
90 142
23 69
83 213
357 246
184 185
11 377
370 93
360 398
395 303
134 262
237 367
198 384
377 330
179 250
397 66
2 254
263 342
135 159
227 285
67 322
139 308
204 264
383 80
223 271
396 58
285 348
100 235
150 204
183 202
25 271
113 347
359 278
12 206
188 341
378 199
242 371
131 211
0 159
80 253
97 373
24 181
290 398
11 92
373 19
20 70
69 161
52 57
153 335
378 80
359 369
8 380
23 343
153 364
60 364
382 317
36 286
366 312
113 240
117 165
67 323
127 280
252 337
225 388
130 217
142 166
52 114
279 385
376 135
140 371
150 315
119 289
352 208
365 383
309 324
381 369
350 348
292 312
2 367
11 286
250 297
94 269
278 356
100 204
125 149
49 86
237 327
361 55
396 38
88 258
33 251
65 341
300 303
8 366
313 374
379 262
227 256
202 238
398 271
261 331
359 302
398 87
370 265
126 200
34 136
65 101
360 50
145 279
233 338
244 379
10 50
118 235
102 282
288 341
141 332
377 80
384 124
46 280
395 207
73 381
19 88
287 332
116 171
152 247
64 186
106 336
240 377
9 180
227 288
141 325
243 349
282 373
395 363
399 161
67 331
93 297
384 221
132 214
358 86
381 240
65 170
11 74
220 265
35 109
45 283
111 245
131 229
12 237
113 324
253 292
35 353
200 263
8 226
63 305
398 89
72 396
248 374
1 37
357 189
393 138
60 235
88 338
279 330
195 331
24 320
180 185
11 369
20 94
101 210
385 40
36 43
307 355
94 302
211 315
238 253
124 178
56 288
391 189
25 226
49 89
128 269
239 253
306 393
373 348
166 358
126 204
393 220
193 242
100 233
369 240
62 213
368 341
346 352
131 300
140 151
197 215
143 192
97 322
50 350
77 204
82 159
183 300
156 333
35 295
390 275
285 324
96 256
153 292
265 285
94 235
208 344
44 189
370 214
119 377
233 364
54 337
9 292
227 314
379 96
82 309
5 159
150 230
388 347
22 90
151 186
205 227
104 125
146 176
387 104
242 298
250 343
162 340
376 395
122 281
368 2
119 348
94 96
352 245
297 355
394 174
95 165
383 229
31 302
203 281
180 238
213 374
369 93
217 343
52 360
134 139
178 277
92 271
376 70
169 366
377 290
300 345
149 225
1 195
147 194
98 382
369 102
358 295
47 218
262 294
20 24
294 379
99 258
95 169
86 213
123 146
353 62
358 173
379 166
23 44
368 167
378 230
134 380
37 266
60 139
376 188
267 350
86 139
62 193
44 268
73 123
390 45
37 369
377 329
213 399
61 167
379 187
79 115
180 235
7 120
203 398
133 186
380 201
239 281
162 271
48 184
269 327
350 142
11 297
48 202
171 224
180 381
88 289
12 235
120 140
177 217
151 199
300 306
99 224
327 381
35 271
366 159
374 309
146 330
85 366
138 317
194 327
18 162
340 344
21 354
20 291
230 344
34 113
72 127
107 345
241 254
180 181
30 284
232 332
42 151
32 134
222 255
395 277
80 340
199 290
101 178
51 282
20 399
88 142
378 98
52 393
72 296
0 147
371 162
393 166
32 207
187 222
226 328
78 353
100 251
141 235
68 327
251 260
66 108
75 232
160 282
230 241
350 155
131 192
11 323
36 109
380 97
138 285
36 181
51 301
134 180
177 269
186 395
0 134
102 366
21 170
118 376
107 292
7 231
372 378
141 145
120 385
81 266
139 221
13 219
346 366
124 250
0 287
150 394
66 328
7 172
204 254
94 112
187 310
125 317
48 104
165 197
155 371
399 379
378 204
395 224
121 159
13 88
139 268
14 31
199 264
161 330
116 148
35 276
361 24
2 92
7 127
319 322
263 398
390 251
156 171
34 272
170 177
45 151
125 223
276 361
381 148
394 47
113 148
315 317
55 311
39 269
385 45
70 134
43 173
119 175
207 211
362 221
0 321
28 232
382 249
22 69
159 300
167 224
4 350
40 130
224 286
7 293
90 285
2 354
371 317
369 291
139 316
69 99
82 206
372 147
22 190
107 109
140 279
56 60
58 147
388 341
148 392
152 340
219 323
70 221
13 61
14 219
375 182
107 108
118 223
53 296
222 398
178 307
4 53
298 317
3 158
156 338
83 301
290 294
130 370
399 258
12 231
62 334
353 179
73 370
86 116
56 141
194 212
395 52
378 42
73 97
360 229
357 94
133 354
364 217
94 341
101 149
152 384
372 125
222 391
186 217
7 119
24 59
358 100
379 336
66 201
171 211
391 115
80 391
13 303
76 107
29 276
123 244
86 157
65 116
89 126
23 102
231 377
96 251
1 377
12 262
61 384
387 273
353 130
202 284
33 268
158 377
12 65
364 40
390 65
378 377
255 281
1 329
102 332
279 373
174 267
305 314
186 371
364 379
115 345
323 367
64 78
288 364
390 193
37 145
369 107
377 169
390 344
12 72
110 297
25 279
174 193
351 70
302 368
14 158
60 370
18 185
14 347
41 234
258 260
191 275
196 388
358 318
66 180
394 65
173 309
21 360
213 224
220 294
302 387
57 122
81 87
43 135
175 189
102 173
72 177
8 390
36 195
22 265
378 192
275 302
386 59
21 195
27 349
153 318
382 107
23 360
379 235
21 217
221 327
377 43
30 64
89 191
14 197
184 355
67 277
23 60
103 388
126 298
194 240
28 292
391 42
93 218
184 358
47 80
331 399
109 126
231 266
71 140
361 260
138 208
2 25
124 135
227 239
181 337
178 393
34 39
143 267
364 229
294 386
177 313
110 245
42 346
5 298
311 395
254 377
189 276
63 366
35 122
265 316
64 128
382 134
124 232
146 394
222 287
73 133
68 367
108 256
229 344
182 231
180 312
151 262
15 26
29 84
138 234
271 306
322 351
384 16
361 291
145 211
173 295
369 75
380 39
82 173
142 194
14 285
296 332
233 331
201 394
146 341
82 394
395 314
80 103
291 395
143 314
350 244
43 181
123 396
396 224
267 289
24 378
127 261
196 361
101 344
128 158
147 183
387 120
50 77
128 133
130 391
60 384
359 281
255 315
140 299
242 249
109 266
194 253
79 327
46 150
199 301
18 106
199 230
84 113
32 139
326 378
54 56
22 204
253 369
3 45
119 301
374 234
146 258
76 282
353 10
388 193
139 293
202 272
95 367
140 370
338 378
357 169
375 328
124 306
151 170
211 271
102 376
388 201
330 383
307 370
261 290
127 371
54 303
75 200
161 308
158 296
359 98
37 209
366 350
57 337
22 276
146 280
64 308
60 307
30 67
88 225
41 283
162 361
387 67
350 354
59 274
15 94
313 384
16 321
350 261
104 308
120 198
45 281
113 177
171 387
154 377
357 69
390 292
379 358
120 244
41 139
399 145
98 118
3 348
29 163
77 125
34 212
175 266
162 360
151 233
152 215
34 89
351 233
49 394
180 247
73 366
241 305
300 342
9 331
135 228
356 41
103 327
115 278
55 108
283 343
64 199
81 159
195 220
34 328
388 274
31 280
142 294
398 49
2 18
326 338
375 46
360 220
156 349
172 185
115 189
42 167
72 399
224 243
33 127
319 336
97 345
67 317
209 250
84 389
142 376
54 111
324 367
46 360
94 182
247 327
307 356
340 347
391 68
10 73
2 50
364 185
381 256
179 372
377 5
14 43
163 270
336 360
203 370
178 344
78 106
396 65
33 219
108 322
392 88
280 327
256 274
55 264
115 169
319 394
166 250
364 182
1 381
358 234
8 108
171 339
143 219
33 148
272 288
92 280
71 329
288 392
354 102
396 166
185 399
147 285
93 128
279 288
193 299
77 115
230 264
61 201
96 263
183 379
224 374
69 320
143 369
170 250
176 226
172 321
145 291
15 101
19 287
46 54
6 244
116 370
322 333
187 339
150 337
363 273
76 198
361 29
247 363
26 56
131 387
150 188
376 76
36 366
254 360
123 331
11 351
125 185
377 322
58 123
86 294
372 21
9 264
382 192
80 222
16 201
186 282
191 359
161 236
360 286
346 378
161 176
389 357
395 251
28 216
350 22
166 240
394 36
399 108
127 206
77 348
211 350
39 249
151 177
214 393
358 73
184 327
362 271
177 363
57 379
126 299
30 102
78 389
97 259
163 238
210 346
366 18
73 140
135 333
46 192
69 269
47 331
71 243
72 129
290 347
146 172
199 391
125 225
86 207
74 171
149 394
39 186
190 263
353 27
93 338
260 374
260 383
67 212
33 391
40 285
45 377
135 332
170 370
49 225
398 296
1 200
204 340
327 332
62 245
230 347
15 350
385 284
15 234
248 337
101 243
96 268
61 228
183 302
9 390
312 381
131 201
155 384
108 209
119 337
102 392
388 91
10 164
353 365
369 117
87 210
114 186
23 304
37 116
58 174
83 222
146 251
249 376
112 226
222 396
113 152
21 57
210 228
376 67
257 391
1 328
32 88
177 319
33 386
127 288
392 222
179 291
393 29
123 291
17 18
394 363
25 193
352 183
209 361
248 360
394 69
61 197
175 313
162 235
175 236
1 22
399 114
219 320
379 284
122 299
367 30
385 334
68 163
395 184
384 243
126 276
11 170
382 144
123 282
268 317
85 114
18 295
24 252
25 208
341 386
51 201
5 215
385 69
82 190
0 168
335 362
28 151
44 160
47 121
357 0
290 293
42 121
316 331
5 191
377 217
258 272
189 311
326 339
32 312
39 45
31 169
263 288
128 213
61 274
360 168
226 364
201 304
8 209
352 360
373 224
114 378
144 201
93 296
26 97
11 51
128 322
138 140
357 15
372 225
175 319
19 153
57 233
370 89
49 57
105 241
393 53
43 104
361 241
153 227
141 390
69 312
43 184
98 334
162 358
169 388
279 314
6 162
101 368
252 279
117 150
293 348
192 319
217 246
2 285
91 226
103 250
134 253
274 343
46 272
99 315
395 193
205 367
13 244
336 342
394 167
233 339
142 397
121 295
74 254
207 326
238 345
166 229
101 365
79 262
108 307
259 325
203 242
161 293
389 217
133 239
260 316
112 259
143 196
88 292
60 386
391 106
159 335
79 390
134 320
108 148
371 341
138 187
131 139
43 361
29 201
134 161
247 351
34 61
71 172
358 394
101 109
269 317
196 359
50 140
140 347
106 374
36 268
246 295
208 265
361 305
36 208
125 369
218 219
1 355
45 86
218 399
32 38
213 315
221 309
275 276
117 309
71 313
363 99
219 348
278 371
104 131
191 212
392 56
263 302
32 205
95 154
178 313
359 205
14 351
174 184
204 296
36 279
54 75
357 339
177 264
322 327
240 256
366 227
239 379
184 273
214 283
367 184
55 110
234 269
140 290
40 108
62 361
149 295
198 205
398 206
169 189
260 310
92 306
182 292
175 383
102 176
175 389
59 358
82 212
97 286
168 247
16 369
39 285
231 235
184 230
391 145
68 303
189 267
108 341
391 201
210 285
108 138
362 324
79 341
95 281
176 306
381 198
104 173
175 274
132 160
203 210
276 329
93 124
27 137
111 266
74 170
89 270
115 355
64 203
365 334
28 208
384 24
355 259
172 358
97 357
78 80
26 370
219 242
268 290
0 272
128 284
17 169
364 328
66 84
52 216
165 330
255 294
142 219
127 220
287 326
143 382
195 383
59 70
76 95
35 134
26 299
81 225
37 112
366 282
144 313
88 363
378 224
0 288
38 289
182 207
85 268
22 56
178 196
219 322
147 158
91 233
222 363
266 282
167 308
75 320
350 24
139 345
33 272
262 380
355 315
237 346
388 324
141 210
42 348
240 246
373 182
46 242
161 358
394 347
9 306
161 275
59 251
390 64
375 73
14 310
246 318
2 3
376 295
248 279
5 246
111 199
115 267
358 389
111 258
132 329
392 118
99 216
2 184
8 37
151 294
105 212
390 74
198 326
394 326
91 258
264 344
72 269
218 247
83 257
157 384
387 111
368 292
52 251
355 268
385 310
35 36
146 366
359 207
100 129
106 214
392 321
223 281
147 231
180 186
349 376
260 368
122 389
51 102
136 324
52 185
157 204
34 384
23 111
75 169
50 323
37 360
182 217
249 275
3 295
82 269
7 71
370 136
31 327
359 80
379 275
49 276
4 42
127 210
350 110
83 186
14 155
157 398
68 211
166 331
161 251
293 375
207 298
37 193
154 393
125 229
388 307
71 326
365 0
98 141
55 374
124 389
10 70
237 302
32 377
364 126
378 344
29 155
217 249
31 89
394 228
190 362
154 382
375 192
112 146
38 97
380 116
155 312
17 375
134 363
239 325
355 92
394 369
78 164
369 224
354 326
176 336
11 135
166 296
191 201
112 296
304 347
375 307
399 65
5 34
81 331
14 111
186 386
276 302
140 162
12 261
24 397
273 377
154 288
391 66
72 161
363 30
42 366
380 183
270 317
283 307
0 108
134 159
168 390
57 372
369 131
399 183
351 199
59 194
373 84
44 212
61 237
251 273
373 377
6 131
68 111
365 68
87 250
171 280
49 135
360 236
48 259
87 225
9 148
149 204
139 292
196 324
59 264
367 222
83 366
19 246
81 158
87 339
99 281
142 329
108 150
66 313
203 308
87 208
149 253
394 183
184 397
367 47
211 386
68 346
0 172
107 119
352 299
230 321
3 386
175 253
295 323
382 52
345 365
152 208
365 257
183 234
126 284
59 125
359 146
395 217
66 260
70 287
235 279
62 272
14 185
248 315
379 299
377 79
129 384
163 235
42 306
209 348
63 333
152 265
84 397
3 105
109 311
185 218
40 298
357 240
336 372
38 159
48 134
173 182
196 238
21 356
4 290
163 258
391 182
55 382
85 87
43 219
56 307
355 78
22 26
33 183
383 282
210 345
283 360
6 135
6 318
377 370
107 158
77 100
376 104
37 256
200 250
128 216
357 107
213 286
265 334
48 98
88 173
227 325
153 393
28 345
208 278
196 299
117 197
115 236
66 173
96 223
217 325
208 244
349 396
234 364
6 231
193 201
200 325
74 177
38 145
396 311
107 165
103 141
21 54
375 173
292 394
399 309
159 218
309 352
362 172
89 113
96 328
389 140
35 281
198 214
147 346
387 234
360 117
222 337
77 194
171 213
86 325
109 279
92 304
132 259
109 221
185 227
320 328
256 278
159 394
25 356
74 119
155 262
245 357
319 352
379 308
391 223
28 161
148 327
246 288
162 197
128 394
114 313
381 6
83 200
46 324
179 187
74 260
70 161
3 11
10 209
54 115
64 233
98 272
14 63
22 148
372 139
187 213
397 294
82 383
89 181
157 304
13 294
56 170
202 262
190 321
126 255
170 376
370 156
188 356
173 257
316 337
361 292
394 43
49 93
32 323
350 7
181 287
9 303
288 290
28 393
18 139
191 337
84 382
82 130
115 261
273 378
4 130
230 360
267 390
66 137
86 301
195 307
103 241
386 11
70 228
55 210
382 95
155 218
78 273
230 236
263 266
224 288
254 329
121 375
164 285
74 151
42 217
40 294
143 162
380 246
46 176
226 241
8 287
141 366
371 280
393 84
302 325
278 329
367 326
13 369
45 74
130 319
135 276
310 338
180 319
49 163
45 395
362 204
133 373
110 113
79 175
342 390
88 95
89 103
243 380
80 91
36 205
150 312
153 300
311 394
375 259
155 173
36 91
360 218
201 212
108 255
352 105
375 28
115 226
168 301
189 334
78 209
4 331
113 334
55 174
75 91
112 230
55 131
94 287
98 361
139 226
53 254
42 141
24 387
1 159
84 142
359 318
114 124
188 241
308 345
352 222
222 335
184 388
16 184
88 152
393 169
47 289
11 387
190 323
10 161
182 344
274 319
378 27
367 353
275 372
14 92
26 88
83 351
30 259
155 225
2 144
32 214
219 266
25 255
160 293
139 224
143 224
52 318
380 289
202 322
112 246
134 189
120 254
67 366
89 109
123 225
265 361
113 255
133 362
6 232
380 25
288 374
385 229
15 151
213 394
160 389
202 296
392 367
56 195
358 260
302 321
332 363
386 144
84 306
42 63
107 221
384 169
33 233
387 121
113 126
33 275
170 335
348 376
18 98
26 92
283 287
109 232
100 236
25 260
356 143
93 377
275 352
204 370
75 115
194 376
196 239
28 239
189 225
375 284
48 292
111 195
249 326
109 324
34 369
364 366
388 102
258 305
155 192
181 364
275 281
121 212
230 358
382 160
77 218
222 238
60 281
135 341
76 291
9 61
108 316
142 180
395 58
10 297
17 182
37 49
351 86
207 364
159 231
149 164
316 375
124 346
385 141
231 249
43 97
145 396
291 305
149 171
252 289
13 254
111 192
172 317
77 207
32 191
200 342
127 184
127 301
72 131
146 257
135 265
146 266
56 364
160 174
64 311
160 264
62 200
79 346
255 375
160 190
147 236
127 158
375 153
164 328
123 259
100 222
163 220
30 142
279 338
323 385
31 53
5 72
258 391
232 298
395 315
368 51
273 283
26 289
117 149
397 297
309 392
250 378
45 351
310 363
178 369
384 63
33 369
370 291
73 343
355 225
27 195
101 153
385 177
225 316
381 253
388 165
210 282
246 348
2 71
57 253
361 111
88 250
121 251
51 241
160 182
267 314
332 399
351 33
147 173
92 230
94 243
84 196
15 338
191 399
317 330
110 330
396 187
228 320
252 301
136 335
86 305
283 352
384 46
126 307
358 179
226 374
266 310
15 219
91 309
85 160
83 329
288 380
3 278
399 159
219 325
149 181
198 303
35 368
19 368
241 269
33 388
6 76
369 129
38 319
281 286
131 318
356 240
72 120
142 210
148 343
132 364
27 289
381 268
66 113
28 58
269 390
332 349
77 166
234 323
376 52
59 374
85 139
398 208
334 388
0 101
299 329
112 397
20 107
169 204
265 300
398 152
0 379
214 368
119 240
102 396
136 231
83 357
6 18
198 239
185 198
316 380
14 165
107 183
70 72
393 368
2 150
173 279
254 284
197 381
242 376
144 196
129 383
73 299
387 34
191 368
115 237
61 322
27 299
180 301
203 288
218 334
66 245
44 348
191 266
173 256
107 360
269 299
396 300
98 256
27 385
140 222
12 280
364 255
132 170
112 283
1 8
399 278
136 152
53 343
91 240
69 194
46 164
134 249
215 216
239 319
37 104
29 208
84 377
87 106
7 74
72 195
259 392
41 377
88 140
80 178
18 154
179 398
9 14
214 396
313 354
18 70
146 326
3 370
54 102
343 389
364 136
209 358
129 140
304 385
84 86
154 214
25 203
11 105
11 306
214 332
38 72
129 208
10 179
193 313
367 313
208 379
114 139
35 290
34 310
130 277
233 323
65 159
138 143
142 156
131 183
146 287
132 162
173 223
97 128
354 239
261 263
364 308
4 189
152 368
243 366
297 368
379 257
399 77
30 241
133 189
365 266
360 68
394 135
257 389
240 249
269 369
129 158
70 198
58 68
199 345
80 90
217 339
154 270
187 295
250 389
163 360
104 153
361 70
116 262
165 191
127 131
351 155
265 308
251 379
87 294
356 61
353 52
122 368
154 384
352 127
366 220
242 320
244 398
42 288
60 178
117 374
112 170
360 312
133 350
109 269
297 363
15 267
383 332
173 203
72 101
178 363
87 107
64 358
360 103
389 397
110 150
20 54
198 344
6 310
41 355
58 163
121 130
192 313
6 259
96 161
28 149
238 387
139 142
39 264
363 111
182 254
186 315
130 257
33 180
117 244
121 165
376 347
69 370
57 392
163 213
44 128
21 383
366 192
386 393
389 71
129 200
18 196
52 227
37 163
102 195
120 368
179 320
84 356
356 17
336 338
123 254
78 222
336 350
91 398
179 203
316 378
33 218
21 399
205 217
324 352
173 215
31 303
376 298
4 338
284 342
3 150
362 183
356 26
366 128
97 142
167 287
387 253
144 233
17 95
141 358
0 107
70 333
291 338
120 325
216 287
47 184
152 171
394 97
5 133
103 197
140 233
285 345
208 233
334 360
50 221
282 395
242 349
251 294
83 391
164 347
120 240
353 315
61 342
96 181
316 368
80 147
283 308
378 143
52 131
393 322
7 347
180 270
250 391
398 375
176 383
370 356
367 20
98 163
221 353
279 355
216 247
155 232
73 190
30 244
163 318
65 168
23 65
13 40
34 80
41 290
125 272
296 359
156 384
355 263
84 383
163 347
93 327
27 152
362 248
106 163
376 81
58 107
82 277
28 317
69 267
141 334
392 319
54 349
109 398
14 73
364 216
95 262
107 206
389 166
353 3
133 216
140 202
101 168
388 127
352 50
65 79
353 144
204 304
246 271
171 220
125 281
111 288
163 391
358 192
254 308
137 247
279 321
272 369
77 275
399 186
362 117
374 273
303 317
19 118
269 281
399 277
366 351
35 312
182 285
356 171
49 356
365 95
216 293
193 198
108 346
58 77
253 289
136 387
184 225
333 336
45 110
399 263
352 197
106 221
77 263
33 89
33 196
197 372
351 191
56 191
65 380
266 313
123 316
153 219
236 379
51 255
29 197
361 142
185 248
178 397
156 211
118 305
373 10
378 150
379 216
394 75
301 363
142 272
180 226
335 384
16 352
316 339
62 332
126 318
159 173
360 11
210 219
228 298
252 352
392 160
117 303
7 380
102 212
60 173
20 276
136 332
22 29
351 96
43 46
153 383
353 67
34 340
5 233
132 295
367 127
241 394
91 367
36 335
53 346
225 342
143 253
85 86
52 154
228 369
31 193
198 248
300 338
24 221
145 304
6 72
372 27
364 251
347 378
390 22
344 376
200 383
101 215
189 230
93 184
12 327
369 3
296 399
174 232
261 336
51 386
75 355
391 117
389 106
374 132
321 388
52 86
250 395
208 296
42 95
384 30
16 221
102 279
371 226
125 135
377 126
129 298
109 148
131 303
168 186
228 352
223 230
147 266
352 7
64 103
115 268
22 375
392 311
378 139
30 347
75 266
287 336
26 68
307 316
86 252
96 102
375 349
77 225
76 79
81 399
86 303
370 141
18 391
92 242
29 313
238 277
79 362
47 101
244 283
40 270
328 360
8 382
109 136
254 386
86 397
234 333
260 281
272 281
238 292
190 348
312 388
147 353
374 229
53 170
144 234
360 36
110 280
60 236
104 398
118 154
160 227
205 340
199 353
84 272
79 177
104 298
94 347
54 373
57 283
380 176
13 305
71 85
18 211
56 304
40 79
301 397
47 178
383 46
110 307
52 257
315 392
76 237
151 269
114 379
267 357
66 378
64 148
225 275
307 384
12 213
36 340
57 290
302 318
0 293
90 251
52 183
67 169
383 219
15 278
368 33
25 87
107 137
16 183
116 325
370 137
185 397
57 324
28 51
358 150
77 88
71 378
206 292
207 252
48 376
331 386
9 164
370 369
195 273
27 244
159 209
178 181
46 306
163 349
103 384
355 157
107 339
387 241
228 397
99 373
66 237
28 258
375 299
57 167
149 397
109 137
303 396
0 55
121 265
165 175
22 329
6 53
17 271
8 321
271 367
336 390
90 249
262 389
287 388
79 374
244 310
139 337
34 213
157 251
37 228
161 215
307 381
205 386
158 257
189 372
149 248
181 366
302 317
90 181
314 346
12 394
68 242
95 215
367 52
260 276
175 304
375 154
325 336
282 319
63 213
101 179
35 54
43 297
150 294
134 151
160 313
379 226
50 279
6 209
68 195
101 399
74 399
31 383
301 346
392 35
373 61
206 256
31 361
356 199
65 121
21 223
107 207
13 191
99 309
22 189
260 300
245 281
391 307
99 340
49 185
346 387
166 320
328 378
37 87
383 385
88 144
221 224
83 233
213 238
289 389
366 245
99 169
64 218
355 222
226 308
207 332
38 208
385 347
44 216
228 365
73 139
145 236
375 261
26 146
199 286
24 47
119 288
136 292
256 266
12 56
292 319
351 248
131 142
363 76
42 333
3 54
86 204
262 367
391 75
110 267
109 179
46 239
364 184
154 161
21 262
286 372
181 334
166 305
185 326
141 188
32 114
363 378
74 301
39 168
332 345
176 350
198 313
94 301
158 172
189 237
254 361
88 175
396 203
354 120
148 270
6 73
392 343
58 325
156 368
196 331
61 257
17 85
92 344
184 226
372 148
58 133
384 239
37 321
17 35
386 300
79 328
90 335
189 288
378 19
229 257
50 392
340 371
29 123
352 71
85 230
38 220
370 316
375 217
96 107
185 392
77 337
68 334
187 251
175 330
363 267
24 134
329 378
308 378
127 297
2 30
42 302
197 246
367 321
80 297
0 100
132 217
367 250
253 297
38 338
362 152
55 331
288 375
365 92
56 118
212 352
198 304
109 143
383 340
338 383
175 397
382 318
388 124
329 384
386 86
372 124
363 312
301 315
370 4
102 246
87 141
45 227
16 301
384 300
122 398
125 285
134 355
365 147
72 203
369 287
25 138
352 233
31 317
205 374
120 262
45 294
48 158
381 271
6 195
317 355
133 317
40 346
396 205
73 235
110 204
200 390
29 200
263 389
163 194
62 398
71 194
227 364
361 39
38 372
5 253
10 190
0 297
368 266
160 201
227 386
17 21
119 304
82 326
131 258
150 192
191 383
186 245
154 302
78 287
136 293
390 210
114 191
88 399
24 128
67 221
94 174
95 396
393 187
209 392
72 213
40 92
283 329
164 173
32 53
131 397
334 357
216 345
395 91
167 230
29 260
195 328
116 216
242 390
279 294
20 253
85 252
317 399
53 121
26 257
6 211
81 283
57 289
204 385
154 292
104 369
8 214
257 380
33 328
2 348
193 335
398 265
172 188
369 270
249 345
227 311
181 358
44 186
183 315
147 228
362 307
391 32
358 227
330 380
18 127
122 294
83 270
219 259
59 78
45 198
130 355
305 315
46 154
134 258
378 40
28 264
356 6
186 247
29 66
71 379
122 279
45 114
27 261
396 134
66 393
200 377
386 213
243 282
80 360
37 114
60 131
15 122
253 293
9 361
63 240
360 66
49 383
365 129
29 35
358 104
33 307
358 120
234 284
139 254
106 326
75 246
86 374
237 364
2 199
393 287
185 279
363 50
51 390
359 375
22 73
143 393
19 40
66 249
239 309
359 226
281 314
93 287
221 326
11 79
76 225
49 221
381 318
117 132
245 246
185 377
228 329
132 316
381 189
1 176
129 371
20 229
134 207
342 399
354 278
37 393
357 394
14 160
219 370
103 317
144 166
11 129
358 316
232 377
90 203
365 219
113 352
364 71
51 56
98 250
38 299
4 366
229 387
275 347
15 110
105 204
38 250
276 286
78 298
11 99
44 46
193 283
52 191
391 276
180 217
215 395
122 330
320 367
367 328
284 285
190 220
290 362
62 313
239 271
251 303
74 207
289 316
89 399
25 92
361 192
90 259
1 11
46 119
164 327
138 250
136 289
88 164
86 217
189 285
380 272
365 197
0 313
79 174
103 394
141 273
115 382
363 176
4 324
54 178
90 200
358 186
36 293
287 318
82 233
271 299
384 134
244 372
54 340
152 393
85 193
99 389
203 207
383 101
64 397
93 231
225 235
17 351
368 73
118 323
375 127
185 242
155 288
357 315
22 124
128 227
298 342
399 247
224 362
387 345
265 287
100 270
14 76
373 15
24 369
26 138
136 255
377 247
14 302
353 36
135 156
379 204
363 257
372 44
96 303
42 79
394 307
87 103
233 367
165 299
212 363
399 303
215 289
378 47
16 329
143 186
26 151
83 165
162 288
396 2
109 235
225 280
132 290
116 158
25 76
83 119
118 350
205 330
278 328
129 244
351 120
388 197
93 135
146 380
350 347
352 268
78 86
148 153
44 242
181 298
233 244
174 207
15 66
245 271
37 203
43 381
84 195
312 398
343 360
146 389
42 158
117 330
51 338
41 353
302 310
350 270
47 97
69 148
373 85
288 386
10 338
276 282
392 135
53 248
185 268
287 320
367 64
385 214
141 333
389 301
386 247
130 378
216 347
277 301
99 227
196 296
56 67
109 393
379 19
106 208
122 305
149 380
42 351
182 269
71 82
27 269
207 376
97 138
58 250
49 201
177 231
185 215
247 339
174 313
341 369
382 208
65 107
42 354
29 301
162 226
365 86
186 366
30 376
359 271
126 316
334 341
363 160
54 224
368 97
15 200
254 262
330 392
369 152
69 141
369 348
1 137
219 271
159 261
99 260
236 380
108 333
262 377
67 275
21 233
211 216
79 100
243 271
364 175
185 282
86 263
22 256
20 121
98 194
3 291
268 318
100 110
154 336
180 373
103 182
298 356
249 320
133 258
273 284
358 74
360 187
78 300
125 254
18 336
58 209
124 254
92 270
22 345
163 250
343 373
350 20
6 13
16 210
85 302
67 234
178 229
85 236
150 224
143 335
121 185
235 305
38 351
222 231
385 77
82 126
316 359
300 370
202 300
397 312
74 251
91 257
70 223
244 380
363 114
146 384
66 309
168 304
232 302
365 254
69 175
156 365
203 385
388 203
392 93
158 210
55 103
128 223
372 176
25 351
153 289
386 217
157 180
61 118
112 136
28 99
371 182
166 266
225 236
138 190
373 93
125 145
284 325
151 392
22 339
388 262
81 269
285 306
281 318
244 374
212 213
218 298
127 282
270 393
338 377
355 235
119 372
62 75
118 333
227 361
132 292
52 88
297 346
256 385
387 116
368 236
180 392
18 248
226 360
376 203
76 78
357 330
373 280
67 321
172 277
275 365
70 175
118 379
378 26
139 384
10 131
387 252
391 332
215 313
10 198
11 24
363 324
116 167
5 184
357 368
385 24
127 292
386 196
216 217
43 246
23 180
209 277
53 259
231 362
298 339
37 54
380 238
355 388
48 60
32 209
11 187
380 169
128 131
204 213
155 222
398 30
362 319
83 125
372 303
200 262
76 130
42 87
360 197
361 63
9 261
398 145
314 389
19 264
151 219
363 185
68 266
37 211
290 341
395 79
2 135
106 180
250 323
0 200
61 285
52 284
374 50
128 206
51 315
52 98
268 292
46 218
273 322
366 28
93 243
66 126
82 213
96 249
8 12
398 269
52 356
207 381
3 93
258 376
54 364
130 350
18 73
120 188
133 391
27 86
57 154
212 275
145 151
255 398
71 265
59 133
283 325
224 238
394 71
152 159
297 364
371 245
114 203
32 164
384 278
198 216
13 256
159 358
95 224
349 391
114 364
131 163
95 151
64 272
147 305
53 380
154 300
386 261
340 367
379 133
59 65
33 163
36 356
72 187
107 284
225 305
177 220
17 366
54 84
74 343
32 59
292 346
39 327
109 320
41 82
158 335
397 223
54 228
94 372
355 261
194 220
48 129
93 374
62 159
19 279
71 275
87 246
180 239
301 347
29 214
147 165
171 390
399 165
340 387
82 376
35 239
23 28
384 69
43 187
228 347
76 348
125 174
180 316
178 346
213 285
374 82
21 203
398 201
373 132
270 275
125 207
106 175
49 372
118 158
313 368
305 345
15 20
135 237
159 393
138 389
248 341
32 348
124 284
363 100
77 230
78 383
197 290
103 280
280 392
2 113
47 327
370 213
309 339
179 282
165 287
104 377
198 357
171 195
284 331
106 222
357 52
359 341
69 182
193 379
74 132
395 284
182 188
40 376
253 275
291 309
182 265
312 358
212 257
113 301
380 46
19 76
75 237
359 168
20 71
374 340
1 222
181 303
143 397
377 284
0 154
226 355
351 393
398 215
54 346
313 363
118 382
58 327
123 180
89 397
51 212
317 390
49 350
382 10
50 264
14 333
12 171
136 325
321 336
328 350
236 296
176 364
92 383
380 226
48 397
367 281
54 385
30 123
2 252
19 289
13 350
31 44
115 313
82 292
387 308
38 124
73 367
126 184
326 379
248 274
254 268
376 153
27 377
222 272
78 165
86 97
266 322
367 194
58 275
66 208
173 390
379 381
372 83
122 158
8 178
94 331
382 172
372 149
99 208
244 254
101 374
244 290
6 167
213 241
154 391
136 270
398 144
209 237
76 146
182 363
60 269
284 311
26 69
124 271
139 284
358 281
150 275
156 216
356 231
383 389
207 289
216 241
7 197
120 252
290 374
165 301
252 282
28 38
124 387
366 262
360 247
330 358
83 293
258 294
125 365
224 379
101 316
187 221
53 344
351 166
139 396
192 278
1 46
324 394
291 363
299 309
108 269
208 366
231 274
135 373
198 209
3 111
67 379
179 333
227 289
84 139
19 174
26 224
322 367
10 158
12 273
198 233
236 316
195 338
234 321
88 398
1 390
110 254
353 59
397 233
393 239
9 395
91 311
107 262
92 324
119 369
90 211
352 62
48 103
303 376
378 197
10 78
186 377
216 273
53 134
228 344
48 351
29 266
8 122
371 206
234 373
53 206
27 76
32 295
44 302
59 290
55 118
238 250
136 140
130 330
89 332
331 363
350 312
198 324
251 328
248 313
341 385
0 160
111 329
386 95
292 314
391 219
249 317
284 394
45 204
89 139
15 282
91 122
210 293
272 310
82 96
153 380
229 305
34 183
396 103
145 340
43 50
13 314
68 349
51 105
56 183
29 243
372 256
133 177
97 307
79 282
3 102
115 150
326 380
278 390
42 179
110 274
169 375
214 287
341 390
372 202
288 338
260 387
368 95
196 293
1 227
296 312
67 119
98 251
37 269
108 230
383 180
84 395
370 180
370 232
381 68
367 249
370 37
55 69
109 304
186 324
92 265
216 377
123 247
7 395
