241 278
289 104
284 39
158 180
51 184
62 187
36 292
287 282
63 161
56 129
278 118
175 185
158 291
109 148
22 149
284 65
147 163
44 297
296 75
92 117
10 188
167 280
0 107
22 271
78 249
120 297
295 269
275 288
131 288
33 200
255 273
61 205
19 129
64 160
42 112
103 183
271 186
153 203
40 237
16 111
278 145
285 35
45 151
125 234
91 259
97 213
24 64
17 214
94 183
1 26
271 114
145 245
40 220
91 235
3 21
80 161
240 248
284 97
135 284
146 180
265 293
181 217
163 218
94 144
32 289
297 227
73 251
76 254
200 261
125 269
33 235
143 249
59 181
91 138
271 156
295 225
120 177
256 264
294 107
10 58
109 141
298 69
93 187
153 164
99 162
6 10
272 221
12 155
43 91
79 198
82 144
38 118
171 231
26 68
294 157
199 269
182 211
276 86
110 145
55 119
44 50
118 184
97 130
38 141
83 269
274 229
21 217
97 186
133 163
19 182
100 126
202 284
280 202
270 11
285 54
278 161
10 272
112 196
82 176
38 160
71 201
298 12
43 216
113 141
40 135
289 269
4 219
295 114
13 146
22 56
71 101
114 265
101 291
142 187
115 210
72 181
179 235
82 222
0 38
55 74
30 62
98 145
95 282
287 289
33 69
56 258
56 73
96 221
40 227
80 281
286 97
73 241
190 223
174 299
282 73
81 246
258 283
246 288
9 238
140 206
104 117
252 260
34 37
296 33
154 232
137 272
171 275
102 209
284 243
92 121
26 107
116 294
39 245
16 259
92 193
142 224
17 28
109 262
37 277
89 223
282 127
158 242
40 172
25 143
40 228
71 255
50 65
164 231
182 238
15 60
59 202
287 102
47 287
82 142
10 193
189 201
217 241
5 96
279 132
2 43
197 273
52 84
111 272
199 248
278 252
124 282
66 144
1 2
279 20
79 236
197 263
183 248
136 216
150 291
143 222
59 219
119 127
29 180
166 290
44 191
13 202
172 283
140 224
232 299
22 106
167 274
26 49
283 63
22 169
96 232
178 232
136 235
227 272
59 124
2 68
55 297
64 216
70 216
35 146
191 241
110 239
47 87
70 71
121 287
52 101
145 202
270 127
161 244
118 237
6 172
202 216
162 196
129 159
123 146
168 280
192 223
44 77
37 244
293 217
67 205
91 107
275 204
23 217
95 276
277 260
132 148
154 196
173 233
50 58
281 173
145 213
1 152
277 77
48 240
138 206
283 70
88 160
283 86
95 100
200 299
293 55
112 218
98 125
29 122
273 254
80 158
55 216
184 296
1 45
189 229
174 179
224 298
21 50
205 248
24 95
288 52
57 183
103 176
163 249
275 235
108 147
296 13
136 221
278 38
272 182
277 121
8 40
49 196
97 249
45 259
96 111
4 260
141 147
153 196
62 204
215 230
52 299
155 216
93 291
79 181
27 28
257 265
100 209
177 287
191 264
74 242
13 128
64 159
49 176
17 242
59 162
20 75
34 61
295 229
58 152
118 235
72 174
57 128
205 293
1 271
113 190
288 14
60 147
53 162
144 219
274 298
19 262
128 150
5 274
107 239
181 230
118 175
47 99
58 146
17 254
49 50
222 226
78 160
199 227
101 186
278 227
30 241
110 249
2 235
17 281
60 228
77 121
166 295
276 249
27 264
16 294
161 198
36 230
59 120
8 14
153 180
141 268
276 20
297 298
12 135
98 119
119 292
12 76
31 215
92 229
205 255
147 271
129 176
6 276
297 207
86 121
70 252
28 44
164 260
36 103
28 32
179 186
195 298
277 128
249 273
6 221
134 274
125 146
282 99
3 211
101 157
37 53
277 148
84 94
199 238
144 268
152 293
291 7
2 268
74 160
142 233
186 276
63 189
90 254
31 113
61 223
157 252
100 258
165 201
13 277
279 146
286 41
58 167
136 293
178 296
5 292
61 255
69 224
249 284
165 276
4 21
92 268
162 260
115 149
286 1
44 264
198 222
74 137
230 249
16 153
25 96
220 299
277 274
104 173
57 134
82 165
83 205
43 219
2 204
103 119
22 293
132 227
68 76
158 192
154 173
134 209
270 253
257 286
240 256
252 276
190 263
110 254
296 223
3 257
14 139
129 228
47 176
278 33
289 60
29 242
163 231
295 65
217 229
66 278
154 298
297 250
102 285
157 182
252 289
83 276
162 236
173 185
186 293
31 206
270 90
242 248
47 266
89 261
48 125
68 245
281 60
277 281
158 256
173 209
104 213
76 95
118 287
12 202
291 2
124 179
125 276
283 250
13 51
286 51
172 290
62 256
39 177
150 237
10 219
53 175
2 108
8 264
197 242
299 171
48 222
113 171
25 201
128 287
296 89
58 274
53 220
113 197
21 156
134 289
44 233
9 95
25 32
288 249
32 245
223 256
26 33
27 124
65 151
106 117
43 98
69 179
36 245
194 222
270 135
33 250
66 136
92 168
59 119
196 282
272 73
163 259
119 123
186 231
160 165
5 224
183 287
39 130
158 220
134 143
41 88
264 282
145 216
12 172
272 187
212 273
57 163
29 214
89 205
125 150
259 279
12 109
62 195
236 242
180 201
97 221
297 135
182 208
194 220
43 182
291 63
39 93
16 191
106 215
191 197
283 64
83 143
36 154
114 203
283 266
69 124
90 299
77 295
222 249
3 206
47 118
110 286
100 170
0 261
23 273
172 195
0 269
134 282
100 246
185 245
78 228
292 23
69 258
20 161
174 193
1 76
19 231
14 37
50 293
10 15
1 125
292 113
52 61
77 237
51 231
177 284
123 153
276 55
50 297
39 281
58 250
59 183
125 177
27 176
67 286
285 218
14 274
10 114
8 26
91 179
196 295
91 257
70 173
6 256
169 251
16 99
15 115
296 84
209 217
21 23
103 225
60 225
290 67
172 219
93 178
280 49
40 174
58 185
40 224
295 190
142 177
278 243
11 35
87 210
1 74
126 157
215 240
91 199
124 265
107 199
43 109
33 54
59 78
297 86
286 157
167 259
71 139
161 285
288 214
224 244
43 244
34 64
9 185
108 163
55 233
125 211
4 41
276 236
29 150
105 128
16 64
118 212
57 241
169 278
245 295
101 239
54 230
113 183
99 145
23 299
113 161
288 16
162 217
185 214
132 192
62 156
101 229
294 156
50 228
47 144
158 254
58 203
260 262
81 179
70 241
35 97
291 117
72 218
287 59
122 241
287 199
281 217
135 183
68 272
295 294
278 4
39 116
34 216
43 158
54 137
274 195
247 296
122 140
74 181
298 283
228 289
90 112
68 296
294 151
270 154
7 205
259 295
108 199
32 111
152 223
279 92
291 88
279 9
138 237
6 57
27 42
153 181
18 85
101 259
270 201
298 269
66 198
90 127
9 100
295 104
85 299
2 3
32 275
25 230
65 276
198 202
3 291
5 109
119 192
185 215
203 236
274 16
69 236
157 175
91 281
278 235
228 269
68 91
139 183
12 277
106 111
16 266
281 3
14 63
287 116
128 227
12 212
92 297
219 252
140 270
207 293
190 275
76 240
273 149
272 249
96 294
103 267
24 297
121 147
206 214
20 236
122 167
85 138
286 176
80 112
213 257
38 149
51 165
46 170
69 181
20 128
48 196
118 200
213 224
7 276
292 277
82 240
275 73
34 245
56 218
56 61
0 86
92 133
295 131
198 215
220 230
15 57
290 26
53 211
174 232
42 254
172 261
53 223
140 143
32 215
88 254
88 119
149 200
118 236
202 257
38 235
264 296
279 251
103 227
51 269
161 209
82 242
288 297
178 281
190 239
122 129
53 82
124 217
26 164
276 208
16 213
71 182
1 86
82 122
15 119
286 226
18 234
34 241
38 74
294 45
16 129
122 285
132 172
89 231
283 114
64 296
0 156
22 123
48 197
218 272
272 255
133 195
79 96
119 258
86 278
80 239
93 235
211 237
289 244
293 14
81 136
25 196
179 283
193 267
144 256
171 181
297 211
117 280
15 16
238 296
100 216
89 229
297 257
92 198
14 47
118 251
32 285
273 10
4 15
114 123
63 112
121 158
59 182
24 76
102 263
270 43
30 210
118 137
38 192
117 133
289 237
280 221
149 176
93 161
295 129
25 111
7 211
155 217
274 219
35 187
140 170
81 125
72 297
92 286
139 148
29 131
10 279
208 283
68 107
256 286
63 229
178 234
239 270
48 163
12 296
280 188
286 179
100 286
35 235
107 256
14 165
247 298
79 170
150 196
44 59
72 197
8 140
48 231
121 224
250 260
161 187
211 264
103 272
64 145
59 99
90 119
112 117
296 116
282 15
287 271
291 196
273 242
50 55
11 25
220 276
57 231
290 253
288 41
2 6
241 249
142 231
22 74
9 284
126 167
135 271
81 199
91 104
67 177
288 179
171 284
98 150
59 80
299 59
8 215
85 214
288 158
281 201
28 215
25 251
33 219
49 200
194 289
216 238
87 143
211 247
278 139
134 159
95 159
75 283
155 260
14 234
105 116
227 252
297 35
87 116
46 285
3 253
117 272
254 286
9 67
70 131
4 65
53 225
102 282
278 49
62 101
135 238
21 228
44 223
131 217
283 162
183 216
187 241
11 210
120 276
276 19
273 271
15 195
152 257
14 226
285 92
286 49
2 89
282 170
97 138
291 99
149 196
44 282
86 129
14 115
187 190
40 149
126 162
152 195
74 275
183 292
18 237
92 106
125 193
72 86
296 1
179 220
32 59
145 177
113 182
160 184
186 266
42 50
131 165
93 180
155 169
171 293
11 250
225 275
294 187
32 51
284 32
61 238
225 270
15 28
34 193
93 160
135 240
27 184
134 161
23 24
20 117
187 209
213 216
147 224
0 20
145 272
284 106
254 257
195 217
226 293
162 227
25 241
272 60
78 80
141 200
103 230
1 137
71 266
35 238
59 250
167 215
299 19
95 116
86 186
239 263
79 203
282 261
12 32
292 194
63 223
245 264
275 173
50 69
80 224
55 162
129 224
91 103
40 52
282 126
242 247
174 212
101 290
49 147
52 76
210 225
164 211
299 54
288 190
102 140
214 216
128 136
156 259
31 198
143 262
191 242
2 173
253 281
40 42
22 245
91 295
24 136
285 175
85 289
39 113
80 238
111 294
197 200
290 211
141 168
41 213
225 274
184 242
287 144
148 164
55 240
1 238
56 151
280 35
89 191
285 233
46 270
164 282
88 93
3 128
74 288
298 266
76 230
25 250
0 32
27 169
116 274
41 59
47 124
206 271
116 279
91 299
299 169
2 172
129 272
10 228
179 263
95 220
75 202
21 83
20 28
69 166
51 280
58 258
161 283
45 278
66 238
25 239
53 99
16 251
296 229
34 174
178 198
0 30
183 247
50 114
101 162
3 75
242 263
297 112
228 282
25 118
18 186
29 111
271 150
284 236
279 147
156 230
109 223
272 244
281 55
280 21
186 269
228 271
195 220
123 222
169 275
179 274
87 157
162 281
56 150
172 273
57 87
39 75
224 225
190 217
181 204
34 53
88 255
129 267
201 231
298 189
110 140
274 144
128 226
143 217
63 126
17 72
293 200
92 172
125 174
130 239
229 286
110 240
100 169
57 264
161 292
43 80
281 62
124 223
4 185
36 73
272 295
34 153
28 134
295 144
32 66
284 85
135 229
129 180
52 207
7 155
194 230
41 229
288 292
92 287
30 85
296 156
59 200
44 299
96 100
95 209
93 121
292 289
270 252
75 157
41 49
10 91
144 216
65 234
53 184
74 296
230 238
111 243
285 254
79 160
86 220
40 47
172 258
287 147
135 188
6 34
256 267
247 278
21 278
34 131
31 138
154 195
108 290
42 299
62 196
210 272
44 276
73 130
26 56
72 224
182 284
159 196
16 92
135 187
119 190
217 222
80 181
151 248
299 16
197 232
197 244
43 51
90 286
161 211
78 285
114 149
196 225
64 67
277 66
44 62
19 68
194 280
284 3
107 223
18 63
176 255
288 299
155 286
9 43
172 246
10 217
220 238
272 22
51 251
54 62
174 194
294 105
114 234
272 259
17 179
106 194
28 281
288 8
87 241
15 41
199 220
70 101
281 153
171 185
49 172
255 299
93 223
68 75
291 139
64 126
86 257
35 119
63 137
1 133
35 129
80 84
64 276
134 180
35 185
33 238
105 289
76 77
290 110
41 220
154 198
37 152
176 188
190 246
294 267
282 275
288 215
31 80
106 259
67 220
42 98
46 119
65 136
129 268
92 204
158 243
33 229
4 235
0 289
294 290
13 239
293 115
19 281
61 140
120 241
19 43
36 215
3 267
209 289
98 139
98 263
56 206
199 205
191 261
282 181
115 279
175 296
21 170
143 194
48 169
22 299
124 186
5 35
46 278
43 212
23 140
94 100
150 229
123 207
161 241
285 204
9 32
107 146
120 195
258 287
23 267
52 242
32 47
163 200
193 260
69 292
69 234
178 219
18 110
63 192
84 269
57 269
87 174
121 244
53 178
115 237
30 187
76 144
29 93
8 120
109 137
69 193
40 283
121 139
16 178
29 135
9 57
82 238
140 166
7 203
286 213
87 193
88 280
298 193
226 258
42 137
63 97
98 110
74 259
21 56
208 226
45 57
46 203
262 287
263 296
77 198
36 55
160 181
297 206
96 165
108 261
90 261
202 242
1 251
31 296
248 278
28 54
295 241
172 229
27 279
127 180
86 292
114 129
70 102
240 266
1 99
197 219
203 282
55 272
116 168
78 281
264 299
285 216
102 107
195 224
176 291
159 251
129 249
71 193
86 251
39 208
265 283
207 248
57 230
78 163
299 283
98 159
35 51
298 191
50 179
131 269
63 199
125 141
121 290
242 274
125 299
45 177
18 89
80 145
128 299
216 271
82 265
132 179
97 123
97 119
280 224
112 148
282 147
158 171
66 231
58 226
43 178
251 290
76 241
204 274
111 169
87 172
163 230
124 264
11 22
139 194
297 191
296 100
137 230
157 194
288 105
48 158
68 137
295 40
53 66
160 286
109 205
8 65
104 184
86 205
14 20
162 243
14 221
284 213
34 118
12 96
214 258
143 154
23 232
40 87
259 275
23 208
28 217
223 255
116 191
179 215
106 214
11 298
5 287
279 143
285 106
31 65
281 74
277 43
53 161
288 198
26 111
45 203
90 104
33 64
77 90
169 289
106 235
231 299
281 134
277 226
118 269
20 159
197 283
199 217
89 94
99 281
239 240
82 223
272 116
80 179
10 295
284 168
192 264
180 194
170 195
114 179
284 132
24 111
167 218
179 203
152 187
224 245
44 295
111 279
53 236
273 205
67 184
139 140
273 252
289 210
90 200
29 223
104 258
159 261
75 106
132 174
270 133
91 184
297 251
272 57
66 192
5 171
286 199
34 244
21 118
273 3
27 168
212 285
14 16
142 249
25 135
248 296
5 208
71 171
88 134
271 215
45 290
19 55
70 251
23 132
80 246
127 147
13 199
51 188
57 219
138 240
127 292
298 253
32 161
20 54
44 97
63 132
70 177
118 271
22 279
110 231
186 223
137 151
15 238
50 276
26 275
166 179
95 247
206 272
128 166
31 34
137 260
97 209
57 58
81 107
57 233
283 16
159 230
293 89
274 213
88 293
295 288
5 65
291 91
42 222
3 125
139 189
53 226
79 147
35 74
208 297
286 66
89 128
27 125
236 274
290 234
10 289
42 274
206 258
178 263
72 90
74 223
201 254
81 271
276 288
254 272
282 14
175 249
289 89
139 212
167 172
220 251
196 242
293 201
289 274
104 146
149 157
62 267
120 232
193 266
11 66
108 266
48 81
34 69
109 228
12 243
119 223
215 292
211 286
150 215
9 110
172 253
123 286
143 246
40 124
130 167
18 287
0 278
139 239
238 256
79 86
91 116
52 290
76 211
71 91
296 185
161 290
79 235
298 45
52 139
173 227
74 184
272 283
85 244
6 242
55 243
59 217
234 298
282 13
296 43
270 85
44 185
25 120
14 255
99 131
71 236
58 110
148 174
24 113
8 112
166 193
146 291
297 163
3 178
276 219
5 213
64 245
291 136
1 268
287 138
99 292
135 264
1 92
87 168
228 233
12 257
286 120
6 40
45 279
204 217
99 293
93 186
101 127
277 239
289 297
198 248
220 270
90 194
50 159
1 58
4 215
108 257
296 56
16 168
56 72
291 113
147 257
291 4
34 190
19 153
280 295
118 277
95 189
154 183
75 233
282 62
86 192
166 213
48 86
128 257
111 287
119 166
167 297
283 201
18 169
21 237
134 183
16 242
290 138
38 113
98 160
87 100
63 163
275 151
19 164
72 192
41 130
121 203
11 20
19 81
93 236
292 106
277 167
71 126
26 43
19 272
41 233
233 299
113 211
297 283
282 260
209 238
271 29
190 287
130 288
51 276
28 47
15 95
78 84
8 110
139 151
50 113
121 275
43 265
33 97
109 252
25 28
289 235
94 133
16 287
214 298
272 260
279 185
271 208
133 281
54 127
62 292
38 258
11 157
103 163
92 234
290 217
206 238
96 268
76 180
209 282
80 174
290 222
59 64
125 230
291 94
103 281
241 289
23 248
43 79
112 219
232 284
100 283
6 225
297 34
198 246
287 242
297 63
44 121
47 191
276 13
139 172
79 287
151 269
122 196
12 91
49 188
284 38
91 276
47 248
190 253
278 2
233 269
161 231
123 220
84 156
92 219
20 121
164 253
246 292
249 262
85 144
54 177
157 273
296 164
43 130
13 96
61 182
156 260
213 218
298 218
73 163
238 277
282 250
276 35
19 27
121 230
32 156
56 299
270 216
107 183
31 64
238 289
297 65
78 269
133 279
180 276
47 291
28 98
20 264
124 134
3 19
37 249
75 197
66 128
29 155
140 241
234 284
76 197
97 118
234 273
15 75
10 35
162 188
233 261
37 160
16 238
271 254
80 201
60 88
35 99
96 204
183 197
69 149
110 227
276 189
239 272
285 183
3 197
75 137
159 260
291 58
122 152
101 115
279 69
98 270
146 171
125 187
245 275
17 136
53 61
61 73
299 185
152 262
60 231
29 42
117 157
141 217
141 170
55 157
99 278
244 261
274 146
77 144
90 120
274 147
95 144
24 205
278 77
23 57
101 245
195 201
48 160
85 149
39 95
4 127
281 138
8 113
79 266
6 95
106 128
13 99
52 68
297 263
126 267
217 286
2 195
52 99
49 247
129 240
135 190
58 225
224 289
111 175
124 167
89 285
50 171
277 253
293 119
81 104
160 259
20 229
176 192
42 91
52 208
182 213
65 137
284 36
276 158
76 214
49 255
186 280
157 241
138 235
61 199
40 187
136 152
211 253
169 296
108 131
283 245
22 104
285 77
79 100
125 262
27 213
113 267
84 143
40 156
104 281
155 214
39 283
41 113
116 190
130 146
248 299
144 220
179 236
15 98
38 158
198 280
105 293
190 211
257 263
270 60
37 146
7 233
207 288
45 200
78 278
247 254
113 117
104 259
19 90
281 282
45 297
299 35
90 292
158 197
143 257
211 293
36 69
17 249
105 246
35 167
125 185
54 164
8 170
288 63
22 185
172 256
291 5
181 201
27 208
298 60
11 88
169 183
289 51
45 214
241 272
106 185
19 197
91 267
21 248
143 285
164 297
123 296
188 249
129 222
147 182
298 29
126 176
73 168
0 42
105 204
67 114
52 93
294 103
39 43
144 170
77 179
270 153
144 261
271 5
195 222
69 215
199 208
161 236
158 166
279 31
17 231
113 119
44 221
70 294
101 156
104 157
91 242
107 216
175 214
47 280
181 258
132 252
105 283
15 42
124 171
82 180
30 48
52 154
296 22
1 227
297 162
245 282
270 193
126 142
179 275
55 244
298 184
81 218
81 250
280 206
166 197
95 202
111 238
64 108
64 169
173 262
287 234
274 138
8 214
42 52
33 276
123 266
64 200
276 227
298 291
15 296
51 271
49 171
57 97
42 53
79 270
135 197
28 189
57 188
72 77
179 291
23 105
133 227
56 265
87 150
280 28
276 197
102 278
109 195
89 240
132 213
299 267
290 208
292 70
76 184
122 249
14 166
298 259
124 138
290 205
287 15
270 248
35 77
110 267
51 116
201 215
120 197
197 203
72 113
223 297
84 299
179 267
109 207
48 190
132 210
272 112
17 75
178 180
71 185
163 296
190 289
17 219
55 170
104 250
219 222
228 229
23 125
7 118
14 185
27 100
13 45
113 280
30 82
77 220
31 269
55 92
152 237
92 112
66 256
282 115
205 284
223 288
28 294
162 238
3 242
0 76
114 244
281 38
110 185
76 236
65 243
163 184
98 99
275 122
153 182
279 273
77 272
28 120
52 256
51 232
79 120
206 246
18 244
284 159
204 261
169 181
85 279
234 274
72 125
7 267
167 248
247 262
180 271
137 212
225 260
58 217
99 175
144 281
99 257
60 145
248 256
224 257
96 252
189 217
42 214
18 119
59 61
251 288
166 235
17 100
174 259
132 247
68 112
261 288
177 247
80 137
294 10
30 186
52 245
50 230
174 190
23 92
237 243
27 172
286 18
203 251
149 297
74 88
100 273
25 65
298 227
115 231
13 124
28 235
10 237
278 262
6 279
147 175
54 241
155 174
133 173
191 218
53 229
275 232
294 266
286 64
21 216
71 180
283 27
235 244
5 78
102 202
295 64
71 128
32 241
39 268
76 274
83 107
108 222
118 290
128 223
292 203
72 179
182 289
186 267
299 150
105 158
251 272
50 109
35 239
22 176
3 73
12 70
169 185
280 56
171 259
72 161
142 298
122 132
275 281
76 220
22 127
161 213
180 217
210 222
296 299
12 285
42 83
121 283
167 246
136 215
191 205
278 111
85 277
21 38
216 262
0 273
284 269
22 158
162 234
35 139
283 74
131 148
153 227
296 151
71 146
169 235
298 157
21 74
95 122
103 296
52 144
283 157
76 134
266 292
229 289
2 126
292 184
89 202
18 107
52 143
131 146
271 20
215 248
111 113
62 203
81 159
49 282
113 155
46 274
299 95
48 151
77 233
31 131
58 257
27 83
273 26
21 36
119 212
202 247
135 269
252 297
100 220
288 120
49 80
185 227
45 194
111 139
92 262
220 264
64 282
276 60
9 228
288 103
299 286
284 28
192 221
100 193
68 282
189 214
286 79
75 155
154 276
84 140
258 282
149 263
111 146
164 281
13 215
183 253
15 54
121 231
9 155
90 221
148 149
122 259
126 226
78 111
2 293
203 287
1 34
287 198
66 111
172 236
89 195
270 164
59 163
271 3
112 151
26 173
100 104
60 297
63 257
51 145
20 139
276 242
108 170
62 77
135 235
94 298
15 225
58 232
109 208
201 275
77 83
35 43
61 299
128 133
285 109
112 266
105 174
87 219
156 254
46 111
131 255
296 121
189 222
82 239
14 65
14 130
88 173
106 123
287 134
41 47
152 281
99 275
67 69
7 281
291 31
242 280
105 129
142 269
47 102
23 45
103 255
117 275
294 244
285 247
216 257
130 246
76 118
127 242
76 93
74 133
89 107
283 233
39 280
113 188
78 101
186 221
31 112
86 285
106 181
109 188
288 98
285 188
188 193
40 113
168 232
110 224
190 229
101 102
271 161
38 153
115 253
148 292
83 215
276 247
55 191
132 163
81 166
30 265
5 85
51 226
58 163
103 166
40 51
296 225
38 115
87 266
2 63
12 200
168 255
130 245
68 292
51 206
42 149
17 159
167 197
291 182
23 151
237 290
27 123
93 134
295 98
37 227
46 219
98 212
31 243
32 139
102 169
0 69
85 86
53 253
222 257
7 189
23 106
118 216
41 81
4 277
21 45
285 36
36 248
95 208
77 132
45 115
10 23
285 135
282 96
94 118
111 135
33 36
180 275
84 237
161 188
274 295
1 94
13 163
174 188
131 267
294 241
123 164
22 170
16 290
243 272
13 125
58 292
34 68
155 208
279 43
30 247
74 228
42 173
43 47
296 152
27 258
151 254
227 234
4 195
292 7
153 257
46 97
295 39
65 255
296 160
62 293
279 286
291 79
129 173
170 283
191 211
43 44
278 14
239 284
19 142
146 223
289 247
128 207
2 281
107 291
71 200
20 209
49 274
62 230
44 69
55 222
279 87
279 257
28 136
116 179
154 202
24 244
159 219
83 295
276 1
131 245
4 63
101 272
63 260
222 299
47 293
294 207
56 80
287 168
207 282
104 171
13 180
188 293
113 153
134 190
80 206
103 177
180 291
217 295
206 240
46 193
165 252
53 126
71 223
46 282
252 287
28 236
294 57
270 124
287 174
95 156
252 267
85 194
268 298
27 190
64 133
55 274
285 258
19 144
227 299
68 293
114 272
110 265
164 175
48 193
29 296
5 51
255 263
18 30
151 273
65 174
283 271
149 239
170 174
228 296
257 295
126 219
75 159
122 189
122 183
2 275
145 157
61 148
16 194
26 124
68 204
10 260
120 261
294 155
89 137
278 187
292 139
209 240
169 220
51 112
132 135
222 235
209 269
279 60
42 119
92 233
79 106
16 211
2 26
85 240
24 93
56 83
55 67
86 293
278 138
76 245
29 104
152 184
239 281
166 252
12 104
109 127
63 80
270 238
174 288
178 267
10 133
208 296
75 267
72 186
67 119
181 264
92 196
5 30
66 208
288 129
238 285
4 136
279 206
188 259
39 220
19 79
107 119
112 188
79 230
105 131
14 269
39 290
18 231
8 46
86 108
7 163
143 266
219 249
44 133
271 23
47 111
296 128
19 220
140 279
275 115
5 173
295 161
275 75
8 260
30 185
20 106
38 189
136 164
52 94
272 183
90 108
59 138
8 164
75 251
102 177
273 178
7 157
200 263
20 295
2 11
68 243
295 263
81 267
95 213
102 176
295 215
174 225
121 251
40 45
60 188
119 202
288 96
27 53
141 207
4 73
272 176
45 108
290 7
295 180
82 226
105 271
146 167
289 230
58 101
184 191
25 90
32 170
7 251
184 204
109 116
41 298
132 258
287 295
131 164
99 192
3 91
118 147
156 170
36 287
155 236
14 257
94 116
155 162
40 136
294 217
78 107
178 186
122 295
46 125
7 40
191 262
18 225
31 214
24 66
223 299
279 159
4 190
183 224
159 272
49 123
20 193
113 286
165 178
57 206
299 72
170 277
194 279
48 268
169 245
282 56
85 105
109 288
156 239
148 270
108 259
78 183
289 88
7 117
110 271
124 212
154 187
249 252
49 88
82 268
286 207
129 190
238 261
148 206
296 227
2 231
217 234
81 123
0 255
26 155
102 186
41 240
99 256
255 282
100 252
138 198
277 164
155 277
185 220
90 160
217 272
25 152
52 145
201 295
68 141
53 212
139 279
212 216
176 199
78 87
38 202
296 109
77 174
3 137
59 97
12 37
124 154
37 231
165 200
135 261
199 289
141 183
7 153
195 235
53 158
172 176
24 56
65 135
88 265
34 288
285 60
147 158
284 79
89 97
187 239
130 285
80 170
111 114
10 70
106 110
290 160
297 143
291 255
186 192
1 218
17 88
117 187
144 204
160 232
138 187
295 59
295 213
51 291
146 245
151 176
140 287
285 184
171 197
291 100
222 275
20 250
96 105
20 261
142 286
58 109
204 272
164 217
24 259
111 171
149 254
13 41
270 245
138 151
31 181
140 181
75 291
64 91
31 223
236 262
280 299
134 232
34 78
113 142
43 138
127 285
162 168
271 109
195 261
94 276
42 263
136 168
126 276
298 175
159 238
29 160
76 219
26 237
60 180
0 150
271 69
159 263
89 268
104 210
81 116
93 226
25 122
151 276
76 92
2 21
186 245
1 14
68 168
4 166
23 48
6 254
67 248
22 62
271 10
105 124
55 221
102 160
34 266
170 192
214 215
10 64
158 270
9 287
286 109
128 147
76 226
155 292
83 268
287 84
5 234
71 247
44 98
181 209
253 257
91 114
44 137
298 10
84 206
78 91
42 123
108 168
58 93
89 106
297 204
41 68
76 199
28 283
273 29
53 191
134 220
83 85
20 81
95 142
29 209
217 231
127 250
299 121
111 236
291 207
205 298
84 275
14 188
10 203
32 153
77 190
18 279
47 156
127 246
284 128
25 192
61 247
110 246
167 223
53 231
133 177
35 92
8 195
283 218
150 296
128 289
148 198
79 277
82 136
241 253
197 238
39 103
214 224
40 214
213 267
289 103
10 77
270 266
281 207
69 70
104 284
77 191
285 140
113 172
17 204
38 126
60 187
136 251
285 49
131 215
296 279
64 154
153 218
172 213
32 84
34 250
13 72
187 252
282 163
178 291
13 136
112 136
116 211
79 97
95 253
26 108
129 167
36 70
231 272
68 235
47 204
287 239
212 292
297 147
166 298
24 224
75 210
43 213
192 199
134 253
4 124
287 71
164 258
29 228
9 274
274 177
188 225
1 220
195 259
271 113
101 155
38 230
132 200
29 192
159 165
56 125
127 157
278 90
55 258
57 157
80 133
284 265
209 246
101 202
49 60
34 263
67 151
40 252
110 270
178 195
52 81
297 137
283 229
125 238
38 90
107 134
110 163
151 187
8 182
100 187
233 275
60 280
146 289
19 225
159 207
272 85
11 116
177 196
64 246
100 149
296 206
276 149
8 183
65 157
37 177
194 216
103 209
79 162
68 222
39 296
77 123
82 137
43 73
128 259
295 194
76 192
176 269
115 174
283 24
67 193
20 241
57 124
295 30
204 218
17 292
15 101
284 231
129 214
115 216
51 288
35 151
57 247
245 287
92 186
295 80
284 200
180 299
273 204
102 136
286 140
299 7
123 192
19 287
274 159
106 169
117 119
4 183
128 138
125 291
60 278
20 66
17 154
219 286
108 278
78 287
296 177
37 39
112 178
17 278
102 164
297 239
43 285
95 249
45 251
104 267
172 194
168 211
22 77
284 57
200 234
156 229
272 40
285 240
90 227
37 272
281 145
167 184
102 105
29 138
117 166
46 160
196 245
38 179
98 216
12 183
39 169
35 76
232 244
48 101
175 240
155 282
272 268
65 218
15 174
36 85
296 201
285 230
120 162
266 277
82 94
111 134
88 214
217 297
64 146
174 272
231 269
131 190
275 192
63 128
60 134
289 191
65 87
100 233
35 204
52 289
287 104
60 234
209 233
123 255
69 157
0 170
100 225
208 286
279 258
107 211
242 265
167 211
283 168
66 132
38 39
278 242
299 103
13 232
277 59
154 180
73 143
4 68
48 144
278 265
231 277
100 136
148 296
129 239
21 273
28 239
148 255
278 120
93 110
79 246
203 295
289 136
153 298
128 218
157 221
276 244
112 234
201 255
67 294
185 298
292 265
292 200
279 199
32 35
112 286
79 122
272 121
50 263
28 161
294 257
88 235
48 295
55 148
155 299
100 158
23 62
222 256
158 200
76 288
39 41
102 280
136 234
167 174
298 164
288 244
35 180
279 294
9 204
160 277
165 206
83 108
293 177
11 164
92 102
42 73
288 180
183 242
196 273
142 277
5 140
291 236
55 260
117 269
11 275
30 158
70 157
77 169
289 97
25 145
51 292
285 160
275 234
144 200
251 264
43 110
98 208
95 106
34 294
115 191
122 282
278 222
83 136
93 267
117 218
75 111
56 127
196 223
1 18
112 268
33 265
31 242
172 200
92 103
225 280
93 222
249 291
295 90
49 237
114 277
84 220
294 273
90 214
280 286
9 203
197 282
61 212
171 177
146 148
42 82
153 165
1 186
139 264
62 149
111 247
18 224
177 185
293 279
3 57
128 265
32 136
26 160
44 292
152 252
279 29
108 247
283 45
90 276
78 246
185 238
188 250
3 237
111 224
208 254
132 281
28 289
281 127
29 204
45 173
297 278
2 166
35 144
3 50
41 143
82 290
199 212
236 267
288 206
40 145
33 103
0 29
288 256
207 270
66 79
83 183
65 256
188 232
208 234
181 215
10 142
73 142
2 72
31 85
35 224
233 288
134 150
120 128
7 96
59 96
272 155
272 105
157 224
281 10
32 194
273 1
205 295
55 194
2 39
261 298
279 149
61 230
58 281
29 107
253 285
294 164
294 191
9 263
110 155
64 239
97 234
272 223
93 111
111 199
153 175
31 161
59 201
180 284
30 171
281 191
158 185
77 257
2 248
162 165
281 268
284 253
22 119
184 238
110 170
20 234
77 172
93 204
66 88
215 232
123 167
66 265
255 290
86 191
125 240
77 164
100 163
53 67
299 257
57 180
136 192
150 177
165 281
7 41
162 246
27 93
181 193
133 260
137 290
11 32
74 79
42 194
1 226
117 276
30 211
127 138
60 156
292 125
247 293
294 125
114 122
63 183
184 212
197 275
32 248
282 276
278 258
281 90
156 236
32 276
194 255
271 159
21 31
122 131
8 117
167 175
10 202
173 217
276 2
80 223
48 286
26 278
277 112
95 98
100 143
168 213
275 223
273 35
299 66
47 261
15 297
73 226
285 59
293 147
95 120
39 59
208 212
34 48
168 180
57 169
91 169
93 125
15 251
68 81
87 217
44 273
225 282
123 165
297 195
72 92
0 250
87 236
224 242
54 94
294 122
250 265
101 296
155 290
110 256
142 242
273 52
64 275
61 102
58 148
140 222
158 244
125 249
81 204
126 133
62 238
140 150
53 209
64 222
297 118
184 249
13 140
95 277
190 283
116 229
168 203
71 186
236 260
141 157
153 211
35 83
20 108
149 220
212 265
79 167
18 206
69 262
85 255
287 206
81 196
2 22
188 282
146 253
128 168
82 214
70 137
61 276
218 226
106 187
283 273
274 187
159 240
79 227
104 296
81 87
277 166
295 283
47 131
141 258
160 203
161 287
21 104
290 119
127 203
172 180
96 98
16 22
108 198
217 221
35 118
115 129
282 24
277 68
42 93
152 265
35 96
117 240
103 292
85 241
135 215
278 216
289 116
32 114
54 70
143 227
290 46
17 157
57 177
274 263
105 221
235 277
70 96
43 282
122 166
102 114
286 42
286 266
68 143
178 275
285 164
150 270
20 179
117 244
162 251
73 210
86 100
85 140
5 55
235 242
296 161
204 265
132 268
223 284
111 176
37 129
299 104
87 231
189 192
96 182
42 138
53 256
137 263
173 214
15 185
55 70
75 222
36 164
1 222
282 257
13 98
84 243
100 243
15 259
149 227
14 211
49 134
116 129
142 156
82 255
197 222
13 144
255 292
30 136
120 245
281 49
115 137
142 293
49 94
73 77
109 170
77 298
179 253
15 139
94 120
97 230
246 264
52 156
95 196
290 165
64 259
153 256
84 286
170 214
275 51
32 43
73 203
24 122
53 124
271 103
266 281
67 139
11 72
127 133
109 247
3 163
83 195
168 236
164 295
70 142
226 281
277 230
23 73
279 80
40 53
24 281
111 244
105 183
88 225
50 98
178 268
39 270
63 64
114 255
36 38
270 108
282 57
78 89
3 187
20 268
85 206
295 67
8 160
5 289
271 193
129 271
4 56
62 182
104 189
276 222
298 124
9 141
53 198
63 272
165 191
63 282
84 193
206 225
210 254
66 100
24 57
50 220
127 235
52 161
191 220
34 187
23 257
43 106
76 121
56 176
125 255
71 260
193 269
282 88
56 173
64 224
6 248
93 272
83 252
98 196
92 96
47 254
273 81
136 269
43 84
75 194
120 207
66 151
197 245
139 253
125 278
122 215
120 145
3 193
31 152
281 261
139 207
27 126
67 208
204 206
100 266
19 72
293 224
110 275
115 281
191 196
55 69
47 224
47 100
275 5
272 238
139 282
185 280
48 198
159 178
71 165
272 193
48 170
130 156
138 202
171 235
46 177
281 197
82 236
188 270
42 67
5 92
293 176
52 277
138 252
161 176
22 182
247 283
36 229
9 253
239 245
289 208
168 289
94 293
147 197
48 84
10 149
118 286
35 133
18 230
158 168
84 178
12 14
116 174
31 191
289 44
203 269
50 141
11 17
174 191
71 276
251 257
80 263
30 154
96 236
242 252
130 142
28 208
87 291
130 194
286 263
15 135
84 210
110 244
215 299
18 72
89 245
68 216
275 8
107 233
31 116
82 173
78 88
25 137
99 215
220 269
114 121
170 256
7 98
5 57
125 206
4 12
262 290
45 65
228 234
2 148
104 163
177 295
79 222
285 101
97 255
202 231
165 254
84 186
44 101
73 97
43 175
177 260
110 192
108 116
113 193
290 287
28 164
61 231
60 67
46 271
172 260
133 171
178 230
146 156
167 256
282 153
290 177
112 208
203 286
205 272
272 201
47 207
122 201
71 145
277 58
245 292
271 14
105 140
33 299
122 224
82 150
135 164
93 181
144 233
17 21
37 90
44 186
272 9
72 263
35 298
3 58
129 251
34 262
72 99
177 194
52 253
17 24
294 247
273 5
286 107
152 226
13 212
202 210
294 54
74 197
82 269
286 46
134 260
29 283
218 234
44 171
130 220
69 248
37 108
63 164
79 114
109 174
181 236
100 204
189 292
150 161
298 104
152 245
280 20
277 122
23 229
60 107
32 166
106 298
299 236
251 256
107 293
289 90
120 140
166 198
157 195
119 273
9 248
21 28
15 87
285 97
202 299
163 295
215 298
31 39
137 217
40 63
142 268
239 259
42 88
32 195
131 192
99 225
106 155
190 278
156 285
281 0
6 89
120 144
24 118
80 107
179 272
142 164
26 57
277 135
166 180
112 158
153 187
25 160
7 271
72 257
141 257
84 261
280 132
282 42
55 242
289 153
18 218
0 147
94 149
235 291
66 154
272 173
166 237
61 156
41 186
142 227
202 240
132 246
72 157
122 180
90 244
141 231
120 146
293 193
41 263
68 175
189 294
49 54
64 127
102 206
53 62
1 175
7 222
185 237
153 240
198 210
39 142
161 297
208 210
281 51
277 104
281 66
126 169
72 139
31 202
243 279
23 161
282 247
157 295
85 260
33 240
286 231
18 257
45 135
6 20
283 122
194 234
12 192
257 276
3 138
54 105
58 150
284 134
78 148
35 266
23 80
105 241
44 88
58 264
298 181
52 134
149 207
296 159
26 95
279 34
134 206
202 246
280 80
64 261
74 262
182 214
141 225
82 83
276 46
125 175
145 164
291 0
242 268
283 207
26 299
288 150
159 254
292 243
9 220
4 138
61 99
87 166
59 87
48 119
162 284
45 139
91 248
81 191
214 249
93 202
121 189
140 159
45 248
104 200
232 236
233 242
103 120
32 79
39 109
175 297
89 120
194 252
96 149
272 52
95 167
144 247
24 124
4 217
290 99
195 248
286 153
197 274
64 180
141 295
27 99
66 112
148 219
4 211
281 53
158 285
275 249
121 225
87 152
295 60
178 221
21 70
87 164
90 144
283 38
73 269
276 80
298 144
175 179
285 128
31 171
117 126
19 265
190 222
175 234
295 150
183 277
120 141
65 198
163 284
54 185
26 216
11 168
14 36
20 52
82 199
226 238
58 202
60 179
101 278
56 157
143 221
7 62
79 98
11 295
65 169
177 184
110 282
211 277
14 108
18 25
47 289
298 96
90 94
291 216
93 205
273 257
44 54
38 294
232 234
190 259
28 185
48 142
76 129
23 157
264 298
26 96
157 180
275 224
40 104
294 75
40 229
24 223
131 147
188 195
138 176
90 142
176 200
275 167
178 240
96 203
72 160
27 183
95 221
141 176
8 190
30 188
171 198
169 213
284 137
1 256
203 207
2 202
272 11
73 196
17 113
8 133
81 205
187 283
183 208
179 249
292 197
93 101
175 227
218 242
13 273
91 154
58 171
18 259
106 229
173 194
82 113
184 259
9 146
93 135
43 105
158 170
136 225
275 125
283 206
1 70
12 299
272 281
294 100
6 9
103 201
184 232
3 261
295 97
15 180
206 290
101 183
19 283
205 230
45 261
37 66
2 168
168 178
286 105
0 262
19 253
26 149
144 228
3 104
170 287
189 190
50 206
66 80
33 246
54 187
81 234
72 293
273 61
36 183
219 240
277 111
147 209
25 110
289 67
30 41
151 208
184 274
58 280
297 96
48 178
278 96
177 258
0 31
65 293
2 107
18 148
151 204
174 249
142 193
209 219
187 247
197 221
200 267
139 262
117 221
86 226
103 236
47 68
35 205
281 171
28 271
105 178
201 206
42 201
35 296
85 266
35 246
35 231
18 277
111 250
145 243
57 154
141 281
68 130
209 211
36 196
53 150
138 264
84 264
280 248
159 187
137 241
59 185
286 114
271 119
127 128
7 242
185 205
11 28
85 162
15 252
258 286
48 75
78 106
36 191
44 285
294 250
181 241
138 150
280 107
48 287
289 13
20 246
71 138
150 255
78 245
178 244
181 250
293 46
296 77
0 127
3 244
53 159
3 157
40 178
20 22
77 269
142 228
34 36
215 251
40 211
135 216
8 151
68 147
4 53
26 41
21 211
145 205
85 145
13 170
271 214
291 241
132 256
70 237
289 100
182 297
139 157
43 144
215 231
142 226
5 217
69 168
3 134
30 243
82 106
47 288
138 263
286 26
292 195
101 134
193 247
16 155
274 209
117 248
17 146
280 144
8 208
215 242
287 22
177 239
118 157
50 232
110 115
41 151
80 291
119 244
262 295
219 235
286 245
27 181
110 288
18 208
45 235
23 234
49 211
16 275
68 161
4 152
181 206
239 293
95 115
45 113
10 183
0 246
81 243
59 245
12 288
14 127
16 250
23 74
241 275
83 288
285 131
40 144
89 181
33 167
189 249
146 275
78 125
61 185
7 28
154 204
95 174
276 22
2 80
271 41
26 73
297 199
275 114
47 122
9 22
75 209
85 193
31 256
7 197
295 174
66 221
158 245
189 278
236 278
92 248
283 123
130 281
110 245
105 203
120 272
270 262
286 147
85 236
282 23
38 52
104 172
138 172
125 244
293 277
147 216
26 256
43 145
290 18
42 292
31 235
47 197
29 233
33 106
28 85
293 246
136 214
295 168
108 256
288 85
179 184
193 200
27 207
128 243
116 277
84 253
109 284
288 134
77 189
101 195
227 274
133 138
108 242
7 72
298 293
110 182
75 151
138 216
272 81
117 131
30 174
188 211
133 238
292 177
105 257
298 232
90 271
69 261
27 109
292 254
35 89
274 39
112 147
202 269
108 117
191 219
54 198
298 6
233 279
149 151
65 118
91 188
12 87
185 235
241 293
44 83
139 215
10 49
96 151
48 261
146 221
165 195
71 244
70 105
37 202
295 72
0 146
61 279
142 144
19 143
44 293
4 271
164 273
56 242
39 81
115 128
154 244
272 190
293 244
183 267
170 254
85 220
175 224
77 162
26 80
161 260
8 269
13 150
91 265
88 171
61 187
279 195
43 68
20 122
113 248
3 105
172 244
71 269
16 165
152 242
9 14
2 46
161 162
76 252
23 51
297 291
221 254
18 139
276 292
123 139
63 224
23 36
23 220
126 248
16 120
13 44
134 188
154 186
42 221
28 168
2 210
223 267
76 164
9 135
63 95
276 5
132 191
45 213
23 283
6 207
162 256
0 58
60 220
66 211
88 212
192 230
223 237
73 166
30 278
292 49
74 285
82 160
185 273
125 257
283 88
39 216
61 64
46 216
277 51
139 208
169 298
123 191
240 269
143 176
48 87
2 211
106 231
73 290
15 211
236 296
154 207
201 245
9 213
124 249
290 33
266 282
277 36
149 192
172 242
82 100
224 226
104 141
12 83
87 272
59 177
10 78
20 294
154 282
25 244
89 162
293 144
72 136
41 279
146 217
158 217
293 135
58 210
43 281
63 232
152 259
151 244
26 283
272 118
66 179
184 246
71 199
289 282
171 258
96 142
64 272
2 208
37 138
23 83
167 217
119 175
115 242
293 117
25 127
278 91
5 206
161 225
216 232
287 281
27 86
257 280
28 48
60 190
182 267
100 125
136 270
278 37
271 146
78 114
174 268
91 255
25 281
171 188
290 70
196 286
44 100
17 223
55 151
75 286
144 221
92 165
35 241
67 108
127 140
272 141
113 164
250 291
152 231
1 279
280 6
286 131
289 220
246 269
135 251
21 191
47 112
245 298
20 62
4 254
292 191
83 140
12 282
1 174
74 152
74 250
162 171
171 214
93 157
131 194
169 208
293 156
103 127
113 274
201 213
26 102
290 31
223 243
90 251
210 277
236 277
12 17
299 241
15 97
120 240
159 199
47 212
140 258
27 281
290 130
79 103
36 247
29 211
87 126
275 256
104 170
248 287
61 196
245 266
205 221
3 27
140 173
242 282
158 287
275 104
7 213
62 186
115 162
45 61
27 41
27 293
82 123
123 212
289 255
5 247
5 280
76 101
7 99
144 218
275 36
47 143
270 265
66 139
186 292
12 102
31 180
294 167
120 167
201 273
31 47
46 96
87 104
83 279
278 179
231 240
11 217
123 226
123 243
212 220
115 298
27 203
126 216
129 277
95 252
124 133
297 66
96 281
166 226
10 259
50 225
25 167
290 167
154 243
275 268
262 288
20 186
227 264
210 296
127 226
181 197
48 177
87 275
73 215
73 136
1 292
69 75
211 289
83 144
92 291
299 243
177 187
144 176
74 173
181 212
297 107
271 256
106 156
290 17
147 192
65 125
66 257
66 143
77 211
110 191
35 181
274 32
291 227
276 184
36 267
149 159
79 280
10 187
1 21
264 289
277 3
190 196
294 79
157 278
120 254
273 92
12 29
138 247
55 220
287 131
22 150
84 285
22 43
7 245
36 203
78 202
167 233
184 222
139 201
88 161
75 76
270 241
294 51
190 238
170 247
47 234
13 138
2 118
272 222
5 49
33 114
139 143
286 191
83 226
143 292
12 113
160 289
16 57
297 20
35 66
284 125
0 267
240 278
289 16
289 243
275 247
40 43
22 117
121 212
68 271
285 0
279 169
139 152
157 276
270 123
111 158
67 144
193 299
36 205
69 275
244 252
44 213
102 133
125 153
146 230
110 187
21 43
125 285
70 199
285 242
20 237
64 229
146 211
297 117
153 188
210 247
173 213
41 193
281 255
53 71
127 239
80 211
223 279
12 270
46 268
60 274
76 268
179 227
91 136
106 113
56 163
10 24
88 296
158 169
88 218
30 151
55 121
293 113
23 197
56 138
105 298
261 276
164 204
107 144
18 64
148 228
184 201
56 281
136 143
47 274
289 113
94 262
4 19
8 152
270 151
80 176
282 169
37 81
108 194
104 280
154 179
114 243
147 169
58 131
160 162
59 229
2 93
104 187
91 142
282 65
76 260
220 227
30 57
281 67
168 190
89 264
27 163
289 132
10 37
78 261
273 171
39 203
76 208
46 169
0 8
288 115
279 207
105 143
98 118
198 275
281 248
49 276
291 213
58 297
206 266
2 16
282 55
240 292
3 121
209 288
3 5
179 224
66 239
7 18
11 204
116 131
28 99
16 63
99 123
44 257
12 251
35 156
18 172
58 205
19 271
21 233
93 289
20 274
133 157
90 192
71 237
122 240
46 178
107 150
262 284
46 294
188 272
295 37
57 172
23 128
122 174
29 299
270 191
24 202
37 214
43 46
155 256
67 74
112 255
220 229
23 35
6 53
31 111
74 161
140 193
45 75
1 134
141 244
42 65
234 276
48 159
164 266
159 268
135 137
5 32
74 217
75 298
280 151
288 254
33 222
13 251
133 158
133 280
276 207
3 117
137 296
120 265
155 160
0 260
214 237
295 137
201 234
286 214
50 150
68 226
147 195
283 217
185 267
54 270
39 236
122 235
78 233
180 239
252 296
2 230
61 115
9 165
86 236
145 176
67 271
248 268
282 185
144 183
145 184
63 133
111 137
111 230
216 217
270 206
38 169
288 277
86 133
39 287
283 107
