4 8
39 5
19 23
37 23
30 42
13 16
8 45
2 31
25 32
3 6
46 30
25 45
19 35
42 7
28 32
38 43
13 40
0 26
48 5
0 23
4 39
16 42
48 7
11 46
3 18
3 39
38 23
49 36
33 43
17 36
36 19
0 33
15 20
25 47
32 36
36 28
14 46
32 48
5 44
28 42
49 21
44 29
7 36
6 22
8 27
39 26
42 2
9 36
9 44
28 39
2 26
35 4
7 33
17 40
38 13
9 35
39 23
13 30
46 8
10 15
45 30
42 12
16 48
7 19
15 36
45 37
40 21
7 20
5 23
42 40
12 22
5 13
42 43
39 45
39 14
5 19
13 31
49 20
2 12
9 10
0 25
10 23
5 8
42 11
37 6
48 11
27 35
28 47
3 47
4 25
38 10
38 32
11 37
30 39
14 15
