140 3
89 92
133 70
70 79
21 56
10 109
31 77
64 111
37 57
74 75
21 26
16 130
146 76
41 65
15 32
104 110
132 79
32 129
130 98
41 63
75 149
146 117
102 122
133 93
30 101
40 137
1 131
56 103
93 98
141 3
43 118
43 81
40 130
35 111
7 129
65 103
40 132
30 81
131 140
144 7
17 72
56 81
14 41
132 10
136 71
136 83
21 141
18 65
3 91
79 100
140 11
18 110
21 147
49 55
140 32
101 138
26 61
144 139
100 101
6 61
133 33
6 89
10 86
98 136
110 118
13 120
38 129
34 125
16 69
60 79
137 67
141 80
15 99
115 129
35 130
55 101
6 115
132 91
56 92
9 33
78 111
53 95
99 115
51 137
100 123
36 124
61 120
18 46
31 110
17 144
85 121
74 135
19 105
134 6
55 133
14 131
140 35
100 124
53 107
30 54
120 132
53 57
12 73
114 134
29 141
20 90
140 122
71 84
131 5
139 86
142 45
130 67
146 65
107 143
0 130
143 30
145 6
88 93
34 36
134 2
21 124
54 59
33 75
15 147
70 109
4 11
57 135
64 94
74 149
1 76
50 124
67 121
12 59
132 1
102 140
134 67
145 50
39 91
2 118
99 119
55 104
39 89
55 127
3 70
35 93
29 90
94 103
23 145
50 91
144 51
35 39
93 125
149 65
66 73
122 135
20 43
14 85
105 126
121 145
144 123
137 22
6 143
34 38
140 26
10 28
6 11
14 24
106 149
18 44
145 71
7 26
30 63
100 113
133 106
110 127
80 83
7 47
132 41
84 91
46 105
53 139
146 98
145 19
24 83
41 54
91 145
32 56
10 70
33 131
148 9
144 31
11 29
72 134
149 78
8 33
76 84
21 75
134 77
39 112
7 90
127 130
76 130
132 148
20 62
130 43
131 110
91 142
68 109
142 145
43 127
43 114
0 140
4 83
92 142
0 44
149 90
149 4
7 10
144 46
33 43
29 142
26 72
36 129
111 136
134 25
143 45
62 100
129 141
36 41
97 125
27 67
122 133
149 114
34 87
18 139
29 135
85 139
16 24
12 83
78 125
17 94
5 70
107 149
3 47
24 46
149 9
24 113
137 106
72 92
47 86
8 21
0 138
27 106
32 141
133 107
21 111
35 38
52 79
102 119
143 0
15 26
7 123
134 3
4 13
32 117
103 117
12 107
66 113
37 113
11 63
99 129
71 79
26 74
67 102
149 92
110 125
12 97
16 124
33 110
22 23
144 42
147 80
49 123
141 69
141 59
0 58
99 105
15 131
19 30
69 118
29 88
25 96
46 109
21 143
38 126
24 73
32 61
55 124
79 104
39 121
2 13
132 106
37 134
63 80
5 31
85 114
68 130
134 53
36 105
103 132
131 32
111 117
49 126
91 102
133 96
25 54
132 147
90 122
24 149
59 105
6 37
32 133
41 44
137 47
21 48
10 41
33 116
25 117
26 102
46 145
21 119
15 102
83 138
19 120
25 91
20 149
132 84
143 38
5 58
94 123
63 82
110 117
76 117
23 82
110 115
47 71
88 105
48 128
34 94
43 60
71 141
23 124
25 138
146 20
4 53
55 63
135 9
60 76
62 130
43 99
130 71
34 123
43 76
56 142
44 121
72 113
52 63
26 98
126 133
54 110
7 86
15 53
75 85
23 43
18 80
1 52
103 131
66 115
54 78
76 99
92 139
33 123
49 65
137 59
138 17
27 143
66 123
119 141
139 39
133 140
29 58
5 130
40 43
145 111
7 49
73 125
31 76
130 86
146 91
55 132
11 102
78 91
133 83
79 102
26 95
143 102
28 46
22 95
111 118
18 76
62 113
139 36
21 146
1 77
148 15
40 138
97 99
8 106
141 106
42 64
55 88
146 115
50 140
10 55
54 123
89 124
54 100
104 139
145 104
8 83
83 111
25 86
25 127
24 40
71 115
43 65
18 86
55 59
149 80
33 107
14 55
143 65
148 27
43 120
67 80
132 22
8 104
86 93
131 114
143 39
101 114
140 54
65 93
146 118
42 49
31 134
18 53
138 33
89 119
136 16
58 146
135 41
16 95
118 123
59 124
77 95
26 130
7 77
39 80
33 62
143 11
135 77
15 19
134 69
148 93
56 57
82 86
15 42
137 78
19 95
25 129
20 49
149 100
35 50
59 81
25 114
131 104
40 73
0 53
137 0
6 15
142 105
140 71
57 148
24 82
41 56
26 148
14 77
13 125
148 112
45 85
111 143
143 104
29 114
38 62
54 56
51 147
11 52
100 102
16 126
49 125
98 126
140 36
40 90
106 139
35 99
48 105
138 56
82 100
12 145
134 143
75 125
80 132
0 60
49 92
83 85
131 50
78 138
145 25
141 38
149 119
64 148
29 101
39 87
73 81
133 65
135 93
65 109
19 58
64 124
6 84
148 108
134 23
31 114
133 78
133 48
75 102
140 63
5 14
14 114
133 18
123 140
143 118
144 108
136 54
17 25
124 139
100 106
21 46
131 67
95 132
93 147
66 140
135 124
37 47
67 72
53 136
63 136
70 149
10 64
140 49
36 97
12 35
63 104
58 104
134 109
132 94
19 131
35 114
3 130
61 88
145 83
138 10
45 138
137 99
20 88
146 136
97 109
61 85
128 132
56 124
36 49
66 71
72 85
17 81
92 114
143 60
8 98
83 118
18 51
138 144
59 60
70 71
19 42
70 82
83 140
132 69
77 136
149 46
21 95
51 129
25 71
30 77
76 96
97 126
80 97
140 80
139 50
39 48
89 136
143 99
22 92
122 149
29 125
53 55
107 139
73 120
36 69
9 128
4 110
134 104
146 86
10 99
16 101
76 139
29 134
43 108
12 144
11 98
34 79
61 89
112 125
130 1
144 2
29 71
6 140
135 64
40 60
142 13
46 113
29 52
47 133
35 119
141 6
124 143
91 101
94 148
64 69
14 15
26 77
46 146
35 127
68 143
7 137
0 68
69 91
