192 249
48 207
245 124
139 221
220 240
32 196
249 70
14 172
248 36
46 195
194 213
192 243
96 148
69 189
245 95
45 169
185 208
143 196
16 112
60 241
247 43
32 70
159 188
64 199
61 222
48 162
8 171
120 136
12 148
117 237
59 144
102 142
19 109
33 158
29 194
63 248
67 197
177 192
143 175
26 32
81 178
26 213
123 163
52 199
85 101
30 96
60 166
36 165
55 135
129 249
133 241
40 197
83 130
10 134
130 155
14 35
1 176
248 61
156 161
165 203
243 12
7 165
138 189
16 139
13 208
130 242
141 143
117 177
88 173
115 183
83 233
210 238
21 68
135 242
44 144
56 162
63 184
249 223
146 156
124 239
57 179
142 232
174 246
169 172
240 226
184 229
57 115
0 98
110 142
131 162
35 158
34 152
35 45
19 214
185 198
128 177
12 172
34 247
77 246
52 99
55 222
57 101
137 153
187 221
44 222
245 56
90 138
132 216
154 244
38 232
39 195
97 193
246 162
6 23
39 243
99 150
9 196
115 179
1 249
158 185
170 203
92 235
72 238
85 222
131 169
132 178
91 137
21 190
200 202
239 183
137 186
74 203
103 166
19 49
53 112
62 239
26 162
22 47
245 211
77 130
7 185
153 172
113 135
1 208
242 28
77 90
118 215
33 53
248 88
240 211
177 202
62 209
35 176
48 109
130 159
92 198
164 184
56 128
151 207
242 8
181 211
90 238
65 228
48 220
39 115
117 133
112 215
244 21
75 96
94 244
61 240
98 229
48 131
56 106
26 110
121 223
18 67
102 182
71 104
33 229
172 232
42 150
81 123
222 237
43 86
239 182
91 166
10 238
41 130
239 37
247 214
24 230
57 187
170 208
58 173
63 240
119 244
193 224
229 244
7 197
84 247
75 241
113 196
72 73
14 244
27 98
5 185
40 117
128 223
99 228
77 238
35 220
243 158
151 161
103 210
127 200
246 158
123 185
62 231
62 100
80 230
91 199
8 181
3 20
150 241
113 154
6 126
187 241
95 187
115 134
123 127
16 195
15 221
77 137
42 107
152 186
68 172
42 124
135 229
32 125
69 220
155 227
41 80
165 166
130 178
161 196
16 108
75 228
209 234
35 121
7 196
246 134
1 5
59 89
118 213
15 104
3 121
81 136
241 217
146 238
63 158
187 211
117 176
223 234
5 132
37 136
240 151
39 67
30 164
5 143
156 210
203 206
130 230
108 128
51 70
60 204
155 168
169 212
141 154
239 27
200 201
169 185
97 141
249 41
6 47
72 120
241 52
29 168
244 97
45 151
235 132
55 161
6 125
60 205
24 85
32 118
136 166
56 145
58 222
26 200
245 93
106 134
74 89
243 160
32 238
100 173
43 151
58 219
15 125
36 49
82 165
5 98
220 239
29 131
124 141
110 206
85 201
51 53
119 139
244 173
52 153
120 246
247 23
65 133
91 142
20 225
141 212
238 175
128 167
116 141
27 58
41 90
99 116
76 179
176 233
133 234
132 202
241 21
73 137
158 237
14 143
62 180
98 113
249 156
126 175
57 73
54 156
153 217
202 239
106 194
111 213
73 237
247 134
33 177
239 141
248 200
105 160
64 115
182 231
239 115
1 216
3 198
68 161
247 199
208 214
36 123
13 92
85 183
54 130
5 249
103 129
242 3
249 140
21 208
32 51
221 230
25 183
141 182
42 152
67 143
181 190
23 191
3 207
138 208
108 199
100 143
71 224
53 98
95 188
116 208
44 115
45 175
239 57
98 173
74 235
22 80
242 174
183 209
52 238
96 136
238 186
241 161
239 236
199 228
34 97
237 94
146 200
65 100
111 216
93 152
91 101
42 222
117 216
235 85
30 171
128 210
91 248
71 211
58 230
37 196
176 196
55 192
68 155
52 81
125 176
9 27
161 163
29 146
150 151
97 118
37 162
157 173
240 69
64 135
25 95
137 138
170 222
6 179
14 105
241 0
85 181
80 208
100 230
17 175
112 190
33 47
247 184
19 201
40 132
235 193
92 164
155 221
50 58
246 130
72 105
35 39
53 70
37 74
42 72
245 11
39 199
165 206
61 208
242 194
191 202
121 148
169 246
235 129
2 202
248 138
0 209
133 180
108 115
84 139
153 249
119 156
246 95
239 102
49 193
112 142
85 106
249 60
25 240
141 199
142 158
17 122
12 77
243 54
4 114
9 127
0 207
163 223
120 222
2 171
11 64
100 213
177 190
16 173
113 229
22 67
100 185
25 31
9 174
53 80
154 172
209 220
244 93
227 246
75 164
87 193
31 178
70 117
90 230
57 159
71 245
248 213
157 200
13 28
162 234
87 90
110 202
39 155
111 203
239 128
39 218
68 158
62 76
69 154
45 154
85 152
55 180
20 72
27 104
102 147
237 5
54 108
127 222
52 167
149 215
98 169
64 238
178 230
169 249
162 173
55 227
45 190
60 226
5 217
246 92
219 242
75 212
121 227
104 177
56 82
0 159
245 114
51 240
117 147
77 189
104 191
133 207
245 184
240 146
71 108
236 113
60 164
29 136
14 53
82 157
96 233
237 173
95 227
87 185
74 115
166 191
78 177
27 138
23 123
126 188
20 218
149 158
151 230
3 89
9 59
113 167
101 219
167 188
45 165
14 220
53 210
71 93
244 197
81 208
110 178
18 212
235 89
12 58
47 181
58 238
74 88
62 67
22 85
85 165
98 236
0 249
249 179
23 184
238 152
26 187
6 236
128 176
245 117
62 126
130 180
10 152
133 229
170 176
8 212
124 235
75 85
206 237
101 230
27 31
48 60
0 78
235 114
13 207
143 207
28 173
35 144
35 93
243 120
94 138
104 116
30 227
34 143
64 170
248 209
239 205
47 81
80 193
159 184
97 243
99 243
108 122
181 243
243 132
144 234
27 57
94 193
52 232
108 211
2 72
18 203
64 113
25 104
124 207
76 213
238 42
212 234
72 148
81 191
46 205
78 212
115 162
161 208
19 78
61 132
105 144
18 213
53 182
125 230
162 174
142 161
88 244
65 80
85 122
111 160
171 188
134 204
71 225
8 32
119 167
136 223
199 208
88 168
107 153
135 175
57 226
110 200
165 199
150 217
86 200
30 147
158 213
82 235
115 142
2 124
249 52
105 142
236 3
30 60
245 179
199 245
85 143
81 156
249 71
122 227
21 214
118 137
164 224
62 150
90 174
8 227
153 199
17 155
10 34
186 213
72 189
55 206
7 114
179 233
105 158
49 129
247 161
237 187
19 158
25 202
143 151
27 156
115 190
48 240
125 240
42 147
134 147
236 0
64 83
57 225
86 180
105 133
170 238
241 201
2 191
107 108
74 141
77 105
74 86
247 147
60 216
202 237
25 117
13 201
2 240
126 190
249 56
49 155
63 235
10 53
6 140
71 186
79 111
85 174
11 113
24 114
196 214
22 86
34 120
14 243
239 35
237 197
5 196
200 204
129 140
144 187
57 186
1 202
14 57
59 70
60 159
64 68
114 174
115 174
155 198
181 184
242 16
122 186
41 106
162 194
11 100
94 165
46 130
86 239
54 146
36 101
125 195
245 131
25 109
71 139
229 242
56 137
10 168
46 186
125 155
8 175
67 225
125 241
103 160
49 128
123 245
240 53
8 158
102 110
76 158
211 228
23 179
217 229
39 171
56 210
33 40
244 193
113 233
60 236
72 142
203 217
59 174
40 134
33 184
6 172
170 178
140 199
14 86
23 171
35 97
161 205
110 164
197 216
59 95
1 100
125 153
73 171
110 214
20 194
13 22
33 65
0 15
235 226
116 205
142 164
242 232
154 214
26 160
1 123
85 139
72 239
141 213
27 205
15 65
30 151
2 3
59 92
126 185
2 16
36 223
11 29
99 131
18 83
4 187
239 6
14 186
65 235
35 142
1 186
16 52
176 177
53 90
249 238
74 109
41 222
105 222
143 222
55 220
3 179
77 239
45 131
11 30
33 182
145 204
196 249
178 188
42 151
236 112
134 213
143 212
45 132
240 145
5 171
195 242
115 126
58 207
33 94
54 159
42 227
25 176
23 188
42 81
103 135
189 229
87 238
75 167
241 240
76 194
204 244
19 65
239 192
245 139
156 231
156 165
30 235
117 118
214 248
30 143
139 206
27 158
2 137
206 220
140 205
166 231
244 107
119 211
49 216
3 228
149 170
47 97
62 171
228 249
79 169
17 34
27 173
22 200
54 80
164 180
182 208
92 126
226 246
127 139
119 177
76 219
97 140
36 244
88 110
23 86
139 195
244 183
151 186
4 180
17 148
45 198
55 154
28 199
160 217
180 204
33 223
78 248
106 122
186 235
42 128
57 125
247 196
36 120
160 211
60 156
18 58
29 162
97 215
16 174
16 117
119 173
103 127
101 116
36 249
75 81
93 160
239 122
4 120
29 169
48 205
75 229
75 238
64 168
54 63
51 182
130 211
2 242
11 207
90 139
186 202
104 172
110 156
185 230
30 169
162 245
246 78
106 107
179 194
45 193
41 85
86 247
39 78
74 243
248 226
236 101
187 195
163 222
24 234
19 145
48 67
108 179
20 201
1 222
238 68
22 82
55 65
13 174
104 243
138 222
57 237
27 157
121 229
21 25
92 140
73 124
74 206
96 208
112 226
116 240
77 173
97 144
243 36
85 216
133 154
241 57
48 243
76 185
240 224
91 156
75 195
248 184
144 148
246 213
247 144
48 113
245 115
236 136
37 233
248 149
72 222
90 97
41 190
156 236
63 171
110 116
247 246
242 62
113 249
14 98
172 190
58 97
162 219
44 102
191 225
62 107
91 228
35 110
50 198
115 144
121 127
183 185
12 188
52 100
27 34
50 86
17 55
248 245
132 245
184 226
65 94
10 58
2 146
55 101
79 101
247 71
63 208
0 234
59 141
248 80
3 96
3 234
237 44
115 238
0 174
97 236
54 83
106 246
107 164
174 243
173 247
43 124
79 247
54 233
40 196
150 201
9 18
6 29
152 230
20 212
48 201
78 98
91 175
237 192
102 155
126 127
89 115
157 229
133 177
108 167
246 124
109 231
77 88
49 137
63 186
5 200
156 158
40 103
29 84
249 79
19 196
15 177
182 225
123 194
208 235
21 160
170 187
140 161
61 216
93 165
148 166
242 184
159 183
6 81
211 221
169 189
45 108
61 113
103 110
11 94
238 145
32 33
117 143
85 150
245 177
94 109
76 163
2 162
74 202
143 227
20 60
244 202
61 241
43 126
204 214
64 103
24 175
19 41
236 22
150 207
86 213
81 177
0 6
62 153
49 215
18 129
106 249
54 157
168 180
47 110
95 182
20 133
89 245
74 189
218 222
111 115
249 69
235 175
51 97
17 167
188 207
2 244
148 230
134 211
249 234
193 217
116 146
59 124
218 248
178 185
17 153
100 155
138 214
67 171
168 208
33 67
51 102
191 211
105 121
43 175
32 168
140 217
120 123
48 163
164 207
57 192
137 149
85 169
39 91
87 127
110 123
113 129
152 209
43 75
8 115
25 222
86 91
211 236
54 118
245 197
170 232
101 112
80 118
46 153
93 225
135 196
52 70
90 125
237 91
156 205
116 198
132 207
99 209
28 247
116 193
236 119
25 41
120 235
51 206
34 199
193 227
6 230
153 230
14 141
81 167
159 199
27 78
192 210
31 89
112 238
241 145
2 17
149 188
194 241
14 234
17 180
43 200
205 237
209 249
77 249
94 151
90 216
243 126
25 130
245 205
63 103
130 188
248 203
66 201
88 230
240 6
247 72
48 88
49 116
26 103
18 218
150 186
249 64
116 206
57 171
137 179
41 166
67 106
184 212
94 134
102 220
74 225
86 177
75 199
23 151
53 88
39 156
93 114
63 238
241 101
8 38
44 154
17 161
27 169
2 108
14 155
40 130
123 212
29 219
91 208
47 224
193 240
62 68
168 175
66 172
138 170
48 199
2 245
188 222
187 202
73 196
23 223
10 106
184 244
70 114
44 140
10 32
95 130
152 200
174 202
7 16
19 101
8 47
3 82
68 197
238 133
71 230
152 246
142 228
91 193
32 232
238 244
42 61
78 230
5 236
105 168
86 118
105 249
239 137
60 61
136 238
23 53
152 234
55 87
235 139
10 160
177 216
235 157
46 234
136 181
145 217
74 108
81 112
249 114
19 221
105 114
120 158
1 194
65 113
235 185
236 81
158 220
94 241
58 166
79 239
130 131
241 141
15 130
163 172
140 228
129 217
36 172
42 93
134 226
122 155
244 180
116 137
18 161
88 104
24 179
75 131
94 232
140 232
3 233
115 208
49 209
22 192
8 166
195 243
103 195
108 155
182 213
198 208
48 175
235 15
196 245
143 237
80 245
81 127
105 143
139 200
31 85
14 125
26 134
28 206
159 226
156 242
76 172
172 236
145 230
1 207
90 93
168 231
49 122
74 165
20 24
27 106
144 185
89 244
74 237
136 172
37 98
51 152
246 225
51 112
148 205
90 242
73 202
37 45
8 159
44 83
106 126
157 216
70 166
247 38
104 114
95 179
27 201
53 162
199 206
28 193
79 144
70 131
23 71
85 208
60 65
63 187
111 207
163 199
52 176
236 139
37 215
220 226
103 138
247 234
149 198
36 133
90 237
42 200
121 216
116 134
2 125
230 240
7 200
62 205
24 25
150 243
68 230
145 170
15 223
8 179
168 243
44 158
21 23
33 198
11 91
75 86
67 113
25 211
2 29
74 228
109 114
37 67
83 242
20 63
58 172
42 212
247 18
247 113
112 198
170 218
167 222
65 197
77 236
48 195
116 125
227 233
165 204
116 220
156 173
171 221
155 207
127 209
247 182
206 233
246 133
28 181
46 143
7 214
43 215
127 228
29 87
28 168
91 181
50 74
57 100
122 240
22 52
69 82
112 141
8 209
164 200
220 221
243 98
148 211
148 225
95 229
9 77
133 193
236 224
29 216
37 126
93 175
86 146
28 58
73 192
97 217
38 81
37 240
178 212
195 215
76 224
6 173
41 168
26 45
67 217
33 235
102 111
31 66
136 173
85 134
63 119
126 184
198 239
26 57
102 213
177 228
209 214
57 216
83 205
205 221
4 33
17 91
33 100
38 211
229 238
135 197
58 231
21 22
4 56
129 248
19 179
65 211
6 137
139 226
181 238
138 240
28 165
77 190
73 224
20 221
30 230
249 75
46 177
169 240
160 221
186 199
69 238
73 106
182 211
114 170
72 213
113 175
47 71
164 226
67 178
109 212
141 203
70 211
167 209
119 214
52 76
21 153
65 220
48 71
227 247
17 146
148 184
102 145
247 167
209 243
26 118
115 200
188 228
118 218
46 147
0 239
17 245
54 174
126 217
63 205
11 124
144 244
39 227
38 131
47 159
73 111
45 233
0 229
80 146
247 175
245 94
144 246
57 200
87 191
243 86
244 61
204 224
38 199
82 203
134 139
54 58
23 133
20 57
66 156
69 124
103 144
97 163
44 171
18 141
69 101
201 223
102 113
171 208
241 230
9 103
51 88
141 186
4 244
54 247
227 237
3 45
242 33
46 68
143 160
225 230
18 163
127 249
181 187
63 218
7 12
9 163
209 213
111 170
55 164
187 224
93 202
46 135
82 159
244 98
18 82
18 173
116 164
92 201
170 210
132 145
240 188
21 65
50 164
95 225
143 181
43 72
26 240
12 211
32 48
12 99
91 99
235 96
103 136
32 47
145 161
143 228
151 182
120 152
32 105
20 32
131 229
63 215
91 158
163 191
6 165
53 123
64 100
21 156
31 91
42 84
213 228
112 249
117 185
11 192
13 157
181 224
203 219
13 107
123 183
67 167
18 29
50 243
146 208
84 167
9 38
19 83
127 151
59 187
60 167
177 184
248 41
49 218
246 194
19 76
101 140
106 216
248 187
159 234
68 239
77 121
235 80
132 169
86 158
82 116
242 127
4 177
0 171
45 57
190 218
140 203
242 191
99 189
12 34
22 158
0 106
51 99
29 49
242 73
42 111
244 141
15 171
44 147
80 213
156 196
242 162
93 109
128 225
84 175
18 209
226 236
242 238
83 95
64 201
247 238
115 194
238 45
64 226
67 146
26 27
243 116
10 60
18 84
236 144
237 141
18 162
174 215
106 176
176 189
213 216
219 236
145 147
130 137
74 87
23 115
40 47
242 154
141 191
144 182
48 245
172 237
49 68
5 33
29 132
0 20
6 237
127 184
97 120
103 239
41 206
79 212
196 228
35 227
246 186
244 208
23 168
249 16
49 174
29 127
44 72
177 246
78 158
102 227
225 231
177 214
100 203
68 231
56 231
161 231
131 139
124 220
95 214
24 180
84 114
97 195
17 125
26 34
238 2
67 215
51 134
93 236
69 116
146 192
50 150
149 242
126 198
83 232
128 134
97 224
112 245
32 247
111 195
72 138
10 116
50 77
157 201
120 153
69 177
243 221
180 211
12 52
210 240
1 31
92 155
237 213
94 188
1 61
246 140
119 169
15 77
16 246
80 143
16 178
88 214
123 199
157 208
154 236
146 171
99 185
244 3
163 181
55 152
38 200
50 65
102 208
32 243
101 158
165 246
237 0
237 76
45 239
107 177
76 230
22 95
122 247
175 209
125 167
103 151
115 159
239 99
49 175
70 239
64 128
32 174
138 176
4 21
25 158
138 243
143 221
70 183
235 103
35 36
41 135
239 111
156 197
5 247
129 169
5 20
4 36
27 87
6 58
23 88
246 141
195 204
249 30
147 221
52 240
119 159
17 89
49 139
112 185
84 193
34 71
249 32
105 152
241 66
245 126
117 219
22 230
104 107
76 161
80 110
118 216
108 201
101 151
42 176
7 27
247 80
67 139
81 229
141 205
47 112
157 219
88 237
167 215
100 216
29 39
140 147
192 220
36 103
27 117
68 246
33 111
11 21
40 53
27 194
236 213
155 223
156 206
50 94
170 211
73 138
27 170
51 105
249 233
17 18
238 18
13 175
105 237
111 112
86 245
68 142
0 81
109 239
37 231
101 157
1 38
14 188
1 95
37 189
35 87
35 165
96 229
41 211
84 210
19 220
163 239
56 199
21 142
101 213
126 234
248 230
238 11
27 147
6 21
224 237
30 34
51 244
32 248
166 186
58 112
144 238
79 103
248 103
39 92
28 137
60 82
159 238
246 241
5 198
79 184
50 242
65 157
84 111
245 160
69 200
105 227
171 191
6 222
36 212
29 160
87 187
133 199
84 165
113 225
35 170
59 171
38 102
61 84
245 37
228 248
48 166
150 195
113 115
115 223
46 62
215 239
33 170
44 207
112 165
30 94
130 218
108 175
64 84
47 227
150 210
29 88
35 78
192 231
243 141
132 215
55 217
183 194
237 59
43 232
74 223
0 152
43 112
241 204
48 219
49 173
20 176
28 192
41 48
40 89
139 178
62 78
156 170
239 12
100 243
74 97
48 154
161 189
114 244
93 193
246 193
105 132
72 134
237 116
249 122
62 91
56 204
116 244
56 242
11 140
51 81
67 92
7 36
143 202
54 99
113 172
67 213
196 217
113 219
25 142
45 49
164 212
15 211
93 126
183 243
137 217
145 219
88 156
110 132
120 133
129 210
78 117
242 215
67 94
26 185
86 130
58 126
110 243
162 226
81 225
141 176
106 214
44 240
19 127
21 199
32 116
235 165
111 238
204 208
94 223
87 221
54 70
121 203
90 113
8 151
36 72
102 184
244 137
171 193
3 197
58 212
190 246
159 223
241 110
71 228
159 222
95 205
57 170
38 183
79 235
14 113
20 34
77 149
53 62
78 124
18 234
3 54
236 28
30 125
40 80
36 174
38 180
74 214
58 86
71 132
75 171
16 224
228 236
52 77
62 127
4 94
245 167
246 127
210 239
100 244
230 242
72 83
246 173
67 117
96 134
239 74
37 144
177 204
242 49
19 52
111 134
94 163
241 177
51 228
32 54
65 230
127 233
78 130
15 147
28 64
61 75
53 114
195 214
120 154
8 174
38 106
15 246
190 241
117 134
206 214
160 247
107 186
236 197
8 194
17 113
114 129
247 75
58 180
100 178
241 114
6 220
74 175
14 21
50 72
150 167
23 177
73 139
73 80
17 51
26 56
22 209
12 18
136 183
142 235
41 127
220 248
241 95
61 128
30 199
78 80
3 67
160 202
240 41
38 129
113 204
62 184
159 231
115 219
240 196
57 183
62 145
23 136
120 184
24 237
73 144
61 184
226 227
109 128
95 154
29 128
70 86
9 70
173 225
101 155
129 180
14 56
63 232
17 137
167 210
245 111
97 145
64 190
113 200
246 116
144 159
238 189
11 63
52 96
158 175
22 72
119 200
44 100
60 67
50 101
117 154
46 208
173 182
246 54
121 194
192 211
202 228
28 59
21 215
90 167
66 231
238 221
30 52
85 191
50 88
136 244
236 178
85 238
38 58
64 95
88 106
180 233
159 242
83 125
57 215
87 157
111 113
126 186
243 218
80 137
102 183
46 83
172 206
33 46
91 149
24 104
141 202
144 153
81 202
200 205
168 181
103 240
33 95
180 186
15 156
170 247
80 210
243 156
97 103
72 109
43 235
55 125
37 202
88 155
41 179
15 169
14 168
34 224
7 130
119 165
45 156
249 92
135 247
99 151
244 132
167 187
248 116
50 133
197 226
79 210
46 99
235 219
47 198
104 175
8 152
78 102
246 94
166 235
49 108
239 119
61 112
237 8
27 151
13 237
12 120
127 189
30 92
243 85
92 199
192 225
159 179
187 215
76 112
60 169
2 193
109 173
28 57
23 192
110 112
152 217
0 230
93 101
5 163
94 184
96 239
185 194
49 110
44 243
18 186
242 81
83 164
11 225
110 218
242 223
84 129
63 79
15 86
22 108
86 224
25 215
49 75
55 104
16 184
108 159
68 232
224 248
2 128
163 244
99 232
79 97
4 173
90 107
14 201
92 156
30 186
126 135
25 154
23 131
242 114
232 246
67 164
98 160
241 137
67 220
16 37
84 101
17 170
25 27
35 164
90 164
66 95
36 237
90 92
236 149
155 199
49 228
152 158
196 201
7 134
131 205
131 146
164 169
36 100
240 62
192 246
61 220
51 171
68 87
170 171
80 203
22 115
141 240
77 248
5 78
95 120
36 64
21 141
154 168
112 125
91 98
164 176
222 230
30 156
2 39
183 238
156 194
8 106
49 125
7 141
39 185
38 44
16 237
81 205
56 78
70 95
9 67
146 195
26 67
116 217
183 241
50 78
40 97
42 146
174 206
37 207
137 165
62 236
172 216
42 170
31 44
66 221
0 43
86 190
242 237
45 232
17 84
72 100
131 199
27 95
112 122
116 242
33 101
52 117
240 189
237 233
98 157
245 28
34 118
94 178
16 160
89 148
111 229
27 145
27 228
65 172
175 186
142 175
212 249
44 57
3 137
194 203
65 186
52 107
22 130
23 27
128 197
75 109
81 221
212 226
109 213
123 186
61 219
181 232
149 155
116 183
16 134
125 142
73 92
43 217
46 133
227 231
126 218
45 194
88 185
57 127
232 235
157 167
53 75
44 223
8 223
52 126
112 211
213 223
138 177
235 159
58 234
103 208
241 206
65 194
2 198
237 66
197 211
46 165
99 109
61 131
47 160
34 172
120 179
146 223
242 104
122 177
34 107
27 101
108 239
73 121
101 191
41 77
64 102
26 51
88 242
125 194
48 75
63 242
92 142
62 65
128 216
39 236
4 247
0 138
52 168
239 175
63 185
237 127
237 3
31 228
55 89
120 205
93 203
123 240
86 154
38 213
1 11
66 197
62 135
1 87
102 162
17 127
156 178
114 117
16 131
122 184
98 167
198 242
202 230
131 164
9 61
145 213
44 70
239 17
203 210
43 229
209 230
73 187
2 98
28 214
90 109
141 161
59 67
59 156
116 130
109 209
2 52
172 244
20 64
196 234
145 156
121 151
138 210
109 211
148 212
18 80
118 121
38 196
14 207
244 69
241 153
55 235
102 240
41 93
43 94
20 164
114 200
169 187
30 157
84 194
145 173
58 169
142 215
70 111
91 186
248 188
45 135
162 177
80 243
74 83
44 214
77 142
39 107
34 131
152 179
236 24
101 159
241 69
114 191
182 198
101 171
169 245
181 216
53 199
38 148
34 186
77 174
15 123
24 165
53 239
242 210
99 213
180 188
5 24
196 221
89 128
26 46
170 225
144 186
49 203
164 183
179 188
33 96
176 198
241 87
111 150
232 248
212 238
169 204
2 231
124 210
177 243
34 48
106 247
46 159
3 168
200 216
53 94
83 149
179 183
21 73
245 20
243 155
4 22
29 247
167 230
16 135
118 128
46 172
37 164
7 76
114 248
243 219
63 195
243 81
115 233
244 166
27 183
175 243
131 135
166 168
239 153
64 180
124 139
12 215
40 126
94 200
58 185
7 65
216 217
8 133
100 181
61 232
125 139
58 122
90 225
34 137
22 94
239 110
10 84
38 91
54 131
79 159
240 87
48 93
4 119
19 55
113 188
11 33
85 149
39 207
49 196
4 152
205 223
225 248
26 106
89 162
65 98
11 219
13 63
87 111
13 224
173 198
245 192
9 52
210 243
244 164
73 120
50 230
238 194
148 157
110 162
183 222
101 218
106 204
64 248
113 133
38 132
57 164
94 111
106 164
9 177
114 161
80 216
16 164
82 184
86 88
12 196
111 128
19 185
93 227
78 156
163 164
8 105
37 198
149 225
240 249
40 141
3 25
111 125
4 210
22 142
237 43
34 151
7 136
53 140
189 197
100 170
74 75
41 184
142 143
53 82
55 191
115 146
34 200
38 64
23 51
55 128
8 141
129 187
165 207
67 75
57 218
146 153
26 195
1 49
233 239
22 92
95 194
127 146
144 218
88 189
162 233
14 52
53 124
118 130
83 193
72 192
104 228
124 206
45 71
63 137
221 248
73 231
101 129
235 51
240 127
235 220
51 82
189 239
244 0
30 158
24 54
64 91
214 225
44 45
190 200
89 150
24 214
19 216
165 188
15 124
47 79
27 39
239 28
15 208
241 235
68 76
32 138
238 202
48 161
203 242
249 188
158 212
125 202
97 124
228 241
31 190
137 193
78 181
132 249
111 190
15 149
164 213
137 223
140 181
126 208
49 247
241 68
64 82
8 82
127 179
28 233
142 226
166 178
104 149
242 41
34 225
77 116
215 232
162 169
22 53
68 108
9 118
72 101
11 160
102 177
129 220
187 246
24 181
71 209
38 182
171 217
162 204
247 165
245 198
129 225
58 132
39 58
132 153
59 161
10 132
129 206
165 183
68 148
10 115
84 223
141 162
155 184
239 26
113 201
4 32
106 141
65 176
91 115
135 163
62 247
238 157
46 181
132 217
65 224
162 170
222 228
175 210
64 173
142 248
19 123
36 247
243 223
58 214
14 32
225 237
122 233
27 32
246 122
239 208
85 209
50 206
44 155
85 192
117 213
12 235
113 124
137 220
112 203
139 162
104 126
14 68
52 215
110 144
20 62
83 118
124 237
72 236
7 207
54 195
34 52
75 185
81 218
148 199
63 72
242 218
17 42
246 142
56 195
174 235
15 33
42 178
44 116
95 101
118 146
83 202
22 207
175 204
62 138
2 235
45 141
138 205
240 118
38 93
60 220
50 227
109 224
80 189
60 111
136 232
145 168
62 235
66 245
35 163
89 137
243 3
75 103
22 210
53 232
64 75
182 222
116 191
182 192
118 241
57 189
94 216
54 191
162 195
12 31
134 177
239 173
32 58
5 206
82 166
105 147
247 163
137 208
28 241
197 221
240 182
48 120
23 202
41 81
153 247
22 88
63 81
65 97
242 224
14 202
35 145
48 136
151 216
162 228
70 77
239 47
7 239
106 136
16 151
82 129
6 161
247 125
67 185
125 159
244 95
52 219
120 241
36 215
92 197
47 166
67 179
63 197
182 202
157 177
27 208
147 179
52 169
5 175
43 91
128 152
93 134
179 210
172 240
0 178
29 221
247 99
54 173
68 188
27 195
6 82
62 114
235 188
115 124
133 227
89 224
79 168
83 222
152 228
79 215
64 181
134 233
5 178
52 57
38 244
124 167
67 129
46 162
237 238
83 98
77 95
40 248
77 126
141 224
41 167
54 178
26 243
139 142
64 174
130 244
66 89
12 24
160 183
101 193
130 240
28 189
76 116
115 247
128 158
119 162
38 210
152 199
25 35
114 135
28 159
88 118
115 248
104 181
69 97
93 135
50 217
160 161
238 226
244 115
117 220
24 141
82 153
238 88
96 126
91 221
86 149
159 243
72 122
185 193
101 109
8 210
89 93
79 243
115 215
105 226
0 77
216 222
163 249
8 137
19 96
245 21
83 173
37 119
69 106
32 198
41 138
75 148
77 123
120 192
119 140
242 6
129 241
117 236
134 210
26 89
113 192
40 70
29 213
87 132
34 87
215 228
77 155
178 194
71 178
19 191
53 195
33 232
173 207
33 220
17 43
167 220
25 170
192 193
145 206
117 222
37 212
241 222
242 17
83 97
88 176
8 184
22 66
100 156
188 226
10 214
75 242
15 75
183 237
206 248
39 95
83 137
75 111
51 170
163 200
94 166
244 220
166 194
102 224
66 149
14 246
163 190
241 144
67 123
211 214
91 126
43 210
90 91
14 150
2 58
66 170
4 205
185 197
54 227
27 175
193 199
85 188
34 242
7 110
82 149
225 228
9 23
25 103
115 229
73 152
156 166
194 220
238 230
6 102
221 225
33 230
19 64
103 179
66 243
80 142
95 121
184 204
241 67
66 225
19 79
48 230
8 248
93 239
82 220
1 126
17 133
27 141
25 65
36 45
132 201
12 149
13 82
34 232
174 199
119 123
244 90
70 99
112 194
51 193
15 157
199 227
119 188
54 192
191 249
67 249
183 206
144 230
106 212
179 228
138 217
191 244
76 156
244 231
97 111
146 201
113 136
85 229
89 209
235 48
5 155
4 89
81 182
96 220
85 127
4 225
113 168
20 151
94 122
194 239
51 94
237 223
43 85
18 41
173 180
246 44
142 144
78 111
46 224
92 104
177 179
145 233
212 224
103 178
7 31
192 216
133 243
64 175
3 174
124 166
136 241
98 172
176 214
52 177
139 171
0 54
215 218
89 169
84 133
163 238
158 238
209 212
44 244
82 173
51 181
27 92
52 158
37 203
17 40
59 134
235 216
6 74
8 13
184 209
9 154
93 100
109 198
108 186
128 155
12 157
83 170
120 175
69 206
9 184
12 236
120 234
10 229
27 248
81 159
127 198
236 85
114 211
30 225
190 232
151 211
