3 84
38 92
23 26
97 2
63 79
76 20
19 46
8 24
1 85
95 37
88 2
16 42
88 14
3 52
15 44
15 26
14 58
38 85
85 49
37 93
21 90
85 58
33 49
97 33
98 60
4 61
34 59
42 93
22 74
99 11
84 12
97 49
64 84
38 96
89 35
91 26
8 23
5 30
99 38
84 70
40 62
43 84
71 75
12 21
20 79
59 76
21 29
76 12
23 24
88 32
80 91
28 54
91 67
77 96
27 34
96 60
89 36
6 80
84 4
68 74
16 67
75 47
5 82
17 50
85 3
50 99
90 75
35 44
27 36
91 57
15 94
91 20
57 76
97 25
17 48
76 50
94 67
9 30
92 67
38 64
81 74
25 36
66 68
82 14
18 66
98 51
87 35
98 30
22 42
37 75
85 71
49 96
81 53
53 59
7 60
1 4
76 18
84 27
6 72
82 8
91 37
29 70
1 8
95 74
25 86
38 71
85 32
32 55
80 32
79 40
8 44
0 53
83 4
99 86
23 99
68 82
15 69
77 84
12 47
98 4
95 79
78 35
23 30
58 69
88 64
7 16
44 52
82 57
94 75
13 41
76 77
31 35
95 19
20 34
46 50
39 70
80 28
38 63
92 90
78 69
3 51
10 43
88 10
80 30
29 54
7 14
37 82
93 14
30 85
49 57
57 72
87 56
13 53
13 96
81 48
90 54
98 40
27 85
5 23
18 58
27 31
6 70
77 0
6 59
10 45
78 48
0 48
19 33
23 59
84 36
62 77
1 43
10 63
31 79
83 15
54 96
6 78
98 16
81 19
81 72
97 36
0 14
10 47
90 14
7 18
22 80
92 31
12 82
56 85
41 43
16 56
27 78
19 30
0 91
98 46
99 73
27 74
32 90
95 6
80 83
32 75
33 64
98 13
53 61
35 60
21 79
15 47
85 33
50 74
65 88
2 58
13 91
82 84
11 24
86 54
87 54
48 73
32 65
99 52
23 76
50 82
24 62
66 81
46 61
20 82
29 73
77 69
30 89
0 4
5 75
26 42
23 29
77 21
29 46
52 64
60 71
3 60
27 97
21 48
80 93
68 75
17 81
98 96
27 68
76 26
25 43
25 48
12 59
95 41
55 88
51 71
86 10
65 99
46 59
19 85
91 87
68 99
77 2
13 21
98 93
40 75
98 49
16 25
91 93
14 56
49 52
2 50
82 11
31 48
13 31
92 13
89 60
85 60
2 65
18 87
99 5
97 42
12 92
5 84
26 82
40 56
12 66
98 67
8 28
20 36
92 77
99 82
12 46
18 67
19 79
66 74
44 72
25 53
81 3
79 86
3 38
53 71
29 34
3 36
2 42
91 4
85 61
87 43
56 97
95 5
6 76
1 64
25 31
14 52
40 53
89 9
1 51
57 94
87 31
2 33
12 85
91 2
97 76
82 71
96 7
0 37
12 24
90 62
16 79
13 19
1 61
90 71
83 29
98 18
21 22
98 70
5 57
21 50
75 8
17 38
8 33
16 49
85 39
10 13
93 15
84 17
76 72
78 12
20 63
90 52
20 47
27 87
53 82
55 68
81 9
40 49
24 56
2 96
23 37
95 84
16 87
0 12
12 99
58 70
82 38
4 26
37 78
66 88
94 74
79 55
4 15
42 87
28 55
96 34
52 78
9 58
32 34
34 40
97 29
34 86
79 44
95 66
75 26
11 38
21 73
77 66
11 29
81 25
37 57
16 74
98 75
87 61
9 62
39 41
47 68
19 84
15 32
96 67
30 95
46 95
47 57
33 47
91 61
52 82
71 83
8 41
95 64
63 74
1 66
2 15
77 54
13 84
18 28
94 88
72 75
1 65
10 12
96 47
6 45
43 85
19 73
45 66
26 84
24 27
69 74
72 98
84 65
14 92
71 87
52 74
41 65
99 61
27 82
44 60
90 48
80 64
16 99
23 35
19 56
1 81
83 14
5 51
40 82
26 78
43 93
65 94
90 59
62 80
5 80
64 66
86 75
84 58
45 59
79 99
28 68
91 19
4 37
82 66
21 60
7 35
29 95
52 73
1 21
96 45
22 62
96 76
56 93
67 89
95 17
60 80
5 64
57 79
44 90
93 78
91 31
79 8
84 54
32 82
50 87
28 78
30 58
57 83
13 94
19 21
19 94
13 60
58 74
16 85
80 58
81 87
91 38
97 46
60 75
19 77
81 20
76 9
75 22
30 47
54 83
73 95
83 13
14 54
12 41
92 51
29 36
53 57
97 37
24 37
94 42
77 14
58 63
79 35
17 18
43 75
85 42
3 45
28 36
81 59
32 43
89 51
40 41
19 35
90 0
49 82
90 74
99 95
53 56
43 91
50 93
14 62
83 70
41 51
79 11
78 36
40 66
35 90
14 76
83 64
13 69
99 66
33 81
77 59
22 69
81 93
93 66
1 82
94 20
78 18
96 1
83 6
51 64
10 70
87 0
48 94
95 27
43 44
13 30
54 81
54 89
44 47
2 36
88 26
81 70
9 77
20 37
87 62
22 53
88 85
4 94
28 34
92 32
77 67
20 35
6 9
31 50
83 55
62 78
17 56
77 27
18 42
6 16
49 79
19 58
2 76
44 81
88 95
26 85
80 35
38 95
8 35
30 45
1 49
63 77
40 70
25 26
44 74
73 76
4 42
39 56
78 45
93 45
87 58
59 92
47 73
37 44
11 40
86 85
61 81
37 55
97 58
87 44
4 50
58 62
87 99
23 94
92 55
85 5
82 10
96 16
44 56
63 66
40 85
88 68
86 60
36 68
77 32
84 51
10 11
89 65
90 12
11 15
86 64
83 11
64 76
85 74
3 63
87 89
99 10
34 77
1 48
98 29
96 27
13 49
48 87
7 8
87 79
94 0
35 67
68 72
25 79
67 69
29 35
11 51
93 64
40 74
86 43
39 44
73 89
36 91
92 33
68 77
33 73
79 66
58 83
0 85
18 86
25 47
40 93
58 66
65 80
85 67
85 70
95 25
71 77
29 41
97 83
31 60
34 61
0 95
94 10
28 98
86 19
8 71
90 70
33 35
78 22
84 47
79 38
91 33
0 5
14 17
25 56
85 76
83 17
17 52
41 96
39 75
75 92
26 53
18 45
76 47
6 68
45 46
48 88
10 25
93 8
81 64
89 31
5 55
39 95
45 89
81 4
82 80
39 57
40 80
94 66
20 51
15 76
48 99
48 84
73 86
93 33
8 89
15 36
77 25
68 76
92 35
28 45
65 70
83 67
86 55
33 45
75 58
80 45
24 95
98 1
91 34
95 69
80 47
34 83
51 91
16 19
36 53
78 41
93 22
11 61
90 96
9 22
49 61
77 58
38 44
96 25
88 56
18 52
7 66
22 52
2 47
56 92
7 41
86 69
50 75
89 75
63 83
82 45
27 56
98 69
6 89
37 80
2 67
49 68
44 89
39 71
45 76
15 67
33 82
91 74
16 51
81 22
72 77
80 23
3 20
57 98
52 59
85 55
42 51
45 83
28 61
94 38
60 94
27 63
0 70
36 38
28 37
10 32
55 78
63 75
69 80
21 31
81 55
78 74
94 52
21 40
46 47
83 65
53 93
94 28
75 46
12 45
9 50
89 93
99 59
94 25
41 45
4 33
63 99
26 37
0 44
37 65
11 58
88 44
1 31
43 74
3 83
19 48
69 92
80 70
84 1
83 30
6 12
91 86
32 53
3 94
6 91
46 85
12 67
42 82
1 46
57 71
13 70
14 51
0 80
7 37
16 55
35 98
22 65
77 55
12 37
95 65
91 16
90 40
57 93
51 54
56 98
88 19
86 35
1 27
24 79
88 22
98 47
48 66
19 74
92 20
12 88
14 29
24 57
68 79
97 78
4 48
42 43
57 73
56 73
43 82
53 67
52 57
44 75
40 63
45 68
8 29
2 34
43 67
70 75
77 33
56 80
5 58
86 63
21 42
80 44
18 68
81 79
87 92
57 59
79 51
46 92
6 21
6 40
16 53
5 89
0 60
59 82
26 61
47 71
63 91
17 45
15 61
89 18
29 85
42 56
45 84
17 69
3 56
81 32
65 93
9 54
40 78
10 29
40 81
6 65
75 52
42 86
59 64
61 69
9 82
38 57
51 94
10 68
25 84
87 33
93 7
82 16
61 79
85 24
4 29
91 23
47 55
57 78
80 48
8 97
16 44
84 42
7 53
21 62
78 39
33 46
89 43
25 80
17 89
98 71
96 18
26 51
31 98
15 63
81 6
48 62
45 54
9 97
28 69
5 34
89 11
79 73
43 52
84 50
31 43
89 22
36 60
84 40
16 54
25 93
42 78
41 71
88 57
28 95
25 57
86 22
30 50
66 83
30 74
31 55
77 46
19 23
18 95
89 37
36 69
0 16
98 66
90 82
11 92
49 74
8 92
23 86
79 23
28 40
0 83
92 42
69 89
54 93
74 77
90 5
84 2
24 98
62 92
37 63
95 14
28 85
7 55
36 65
89 55
25 99
6 53
33 50
88 17
37 66
2 54
17 93
17 79
47 88
8 56
1 35
82 4
16 37
2 41
23 57
33 68
6 93
9 94
3 75
7 26
79 13
8 12
75 55
34 66
3 79
11 13
2 22
46 57
68 90
1 38
76 61
48 86
77 39
77 40
25 65
21 99
7 68
78 51
35 71
79 29
9 88
52 70
72 79
48 49
78 9
92 22
75 48
77 8
98 8
53 85
13 61
49 73
11 37
7 15
59 75
77 44
36 49
18 21
15 31
25 33
36 66
83 8
4 58
93 38
0 26
84 6
77 30
1 11
99 18
12 69
3 86
25 88
2 92
35 81
43 49
25 89
37 88
84 10
97 47
0 32
39 69
89 62
92 79
11 66
3 65
75 24
34 90
6 48
10 46
45 92
85 44
6 15
81 26
75 30
9 43
74 98
3 82
4 92
11 46
24 43
29 44
71 86
80 21
76 19
84 85
54 94
65 92
84 72
33 52
55 82
91 98
64 99
14 47
82 15
78 17
94 32
19 82
27 71
80 73
8 65
27 98
51 57
51 85
81 63
95 20
27 46
78 75
5 54
96 64
79 62
79 30
77 49
84 34
89 15
86 58
79 48
13 81
40 55
82 29
18 37
12 86
15 29
25 62
10 17
78 19
12 94
85 25
70 95
6 98
96 44
82 23
2 86
4 14
82 25
3 11
4 35
14 28
87 12
48 67
74 92
81 58
38 56
86 30
98 38
10 41
36 56
22 90
85 82
17 75
30 55
20 72
45 65
98 44
55 90
51 99
53 60
53 88
78 5
96 95
85 6
94 34
20 54
38 45
62 73
28 64
84 18
38 80
34 50
37 96
93 70
52 69
27 75
95 11
20 55
53 74
61 68
15 78
82 44
53 87
84 62
83 23
31 95
33 72
66 76
99 17
87 24
86 93
62 94
7 85
37 39
96 87
18 20
73 77
4 49
50 57
93 27
76 41
89 20
82 56
20 66
98 90
88 24
19 36
99 45
95 62
86 70
89 19
89 56
29 43
86 49
19 34
5 62
0 59
41 98
88 29
96 62
61 64
80 66
94 91
27 80
68 98
79 27
96 73
50 91
49 92
13 87
26 66
84 21
57 62
92 0
22 47
96 40
6 14
6 52
95 10
34 46
9 92
98 58
88 41
5 91
19 72
14 69
