79 89
274 37
43 203
250 285
29 191
289 116
285 131
15 57
94 227
290 43
29 192
271 172
186 225
289 202
85 93
297 87
161 273
215 242
170 237
8 136
61 104
179 268
88 255
80 276
56 121
299 255
45 218
103 235
282 16
216 222
244 258
198 230
298 265
74 261
148 293
111 235
195 227
18 244
296 183
93 216
284 9
123 263
203 297
58 75
275 247
295 252
58 179
198 225
275 255
120 193
147 206
278 44
168 262
124 287
214 290
24 86
141 293
91 132
64 293
288 71
192 222
138 198
194 236
10 222
223 277
27 186
274 23
61 87
14 193
14 17
296 182
276 267
286 165
41 146
274 148
219 275
214 220
37 188
99 234
273 195
127 200
34 161
77 119
181 211
27 218
288 11
171 225
97 190
92 175
27 129
179 218
285 116
104 277
136 194
130 249
46 198
9 228
19 43
24 203
34 94
98 110
173 242
67 248
280 77
16 78
119 231
163 286
220 257
112 247
93 175
289 186
248 274
49 90
17 293
280 278
5 125
92 147
174 277
76 145
127 290
34 285
142 216
225 234
101 163
51 171
113 253
256 287
293 250
46 140
172 254
192 230
10 37
227 268
59 78
101 115
287 75
256 281
148 170
60 249
40 76
196 288
297 25
233 273
274 290
182 235
51 218
278 204
59 157
32 249
14 43
160 223
44 88
50 155
276 44
8 213
65 82
149 272
89 261
21 256
187 281
30 35
31 105
175 189
8 262
282 183
47 264
66 142
80 156
193 229
279 5
18 292
30 153
66 245
263 284
114 258
26 44
168 275
35 163
20 231
125 296
83 297
6 140
40 227
136 273
283 179
5 59
25 157
122 271
106 271
9 22
112 250
283 229
81 102
214 258
134 229
203 236
66 77
37 80
7 88
132 216
284 174
162 224
158 196
0 109
81 176
68 232
18 105
294 121
117 122
272 281
22 47
166 225
34 54
273 124
277 196
150 262
296 32
10 145
179 230
96 180
79 118
285 180
14 212
284 268
18 175
13 208
46 179
123 293
297 75
73 178
62 155
213 243
100 242
130 198
101 215
102 178
292 2
18 221
168 221
62 187
191 195
170 199
287 65
299 40
125 162
272 196
50 88
293 237
71 140
139 179
37 74
52 212
175 245
85 246
288 140
16 74
63 133
152 248
278 250
295 199
9 26
157 239
227 291
250 272
82 201
10 259
206 237
176 252
28 138
110 258
106 261
206 295
28 209
42 184
136 209
41 252
155 205
75 145
170 225
51 158
9 136
130 297
69 124
46 167
12 23
52 278
206 225
9 235
59 201
81 273
129 138
75 264
276 117
14 124
58 299
34 39
12 88
125 246
297 187
288 173
290 263
265 290
142 267
68 183
33 261
256 291
42 291
154 217
55 267
10 290
105 184
154 287
99 102
271 205
287 34
294 227
48 53
291 8
13 217
20 134
93 133
297 175
104 116
6 285
149 234
16 96
293 188
192 241
30 147
126 225
14 172
172 222
7 55
134 268
8 31
109 230
11 259
12 35
150 235
4 52
195 254
44 55
16 84
39 158
42 205
66 148
2 91
136 193
227 254
59 80
86 267
270 121
154 289
172 207
109 119
22 205
7 18
252 293
49 144
80 241
194 225
62 241
95 149
13 229
55 111
1 69
84 290
177 239
273 45
18 20
70 109
268 269
138 179
288 291
281 153
293 55
86 230
101 217
159 254
49 87
0 249
1 36
48 232
0 55
24 90
60 284
179 211
6 288
47 103
4 159
270 143
107 152
95 108
64 191
104 166
17 29
89 258
8 191
11 52
272 195
61 111
293 231
141 280
141 179
272 98
2 218
36 165
12 141
192 266
25 98
266 299
126 252
33 185
136 191
40 106
195 270
115 284
38 279
280 47
95 299
132 182
43 100
162 230
27 258
112 267
256 294
178 214
231 278
280 81
86 164
65 192
82 171
16 65
295 70
210 291
290 48
101 267
181 201
276 125
273 100
40 259
19 131
283 0
184 291
52 287
44 89
28 254
223 285
24 239
147 171
133 243
278 254
2 179
83 252
22 34
31 92
147 150
287 264
55 299
55 141
72 143
256 295
250 266
293 149
131 134
36 219
284 231
46 171
89 213
190 252
35 179
66 292
207 230
293 246
16 57
177 243
64 189
283 288
94 125
80 194
67 76
44 268
275 107
7 13
102 175
13 174
69 238
275 73
291 223
67 256
291 165
230 283
274 52
187 288
175 272
107 161
87 257
69 195
275 18
292 134
51 191
40 219
297 252
110 175
98 109
29 268
5 212
66 101
114 137
48 174
40 145
25 26
136 217
272 207
226 242
38 99
188 222
4 116
85 167
277 49
118 163
114 211
21 102
36 57
102 260
192 244
52 141
79 120
51 69
188 278
111 238
108 151
36 134
5 274
11 132
146 167
174 192
7 136
280 241
83 92
123 247
273 64
288 49
145 198
43 248
98 189
4 96
34 282
208 252
295 204
279 1
212 275
278 175
224 243
36 124
51 233
58 246
72 110
214 221
62 138
20 268
93 95
287 115
3 9
7 233
141 193
108 171
57 246
71 85
71 105
177 238
165 236
54 220
41 159
277 21
228 279
140 295
295 217
282 122
284 209
277 74
79 131
100 133
68 106
133 156
119 259
62 71
50 211
285 97
156 282
202 205
281 189
2 263
97 210
283 208
8 255
204 228
37 96
62 143
63 290
154 196
13 148
40 248
208 235
11 273
13 263
26 297
40 62
289 189
48 137
49 233
273 261
257 260
178 196
232 233
26 83
154 157
71 179
223 235
159 283
75 213
118 241
136 175
290 297
278 57
1 83
137 173
82 145
151 264
281 88
158 236
126 262
272 202
119 136
29 220
294 80
16 261
188 282
284 221
44 118
0 206
100 274
201 207
248 253
88 172
11 117
169 259
28 176
137 266
284 20
288 211
277 122
74 293
99 120
120 171
135 256
135 198
38 151
31 65
130 183
179 288
233 251
296 75
141 265
126 131
65 208
213 230
297 204
22 264
124 293
169 238
136 226
196 206
232 276
10 88
24 129
25 104
24 57
96 248
293 11
191 201
112 188
143 279
67 129
138 142
60 174
286 15
77 167
12 214
187 256
295 60
281 195
0 78
8 184
228 248
171 282
295 186
111 295
79 164
78 89
75 272
153 271
247 259
123 172
91 145
191 230
124 251
52 53
108 180
193 275
271 259
293 222
43 96
289 236
37 78
132 203
33 169
132 281
245 286
13 269
294 149
64 194
2 140
51 140
118 259
299 167
40 272
103 135
294 202
244 270
20 76
62 272
114 248
3 281
54 102
287 62
285 5
224 257
292 179
172 176
35 100
42 190
190 287
94 116
66 72
73 287
110 211
116 143
277 145
89 123
287 265
80 197
89 90
50 100
250 267
203 223
270 167
284 169
104 217
134 270
275 17
285 121
38 214
102 253
129 181
104 186
165 202
9 227
39 143
45 69
271 180
198 265
71 241
59 174
136 229
286 47
1 97
40 298
286 159
42 248
203 255
224 287
186 265
194 275
107 214
68 199
72 98
281 128
107 153
236 273
34 79
82 295
248 249
114 270
79 193
151 218
47 160
259 298
161 207
86 271
11 244
195 202
29 64
100 162
217 299
288 298
20 292
47 283
101 204
27 115
70 167
42 124
17 265
285 218
71 116
67 180
17 68
132 288
52 197
8 186
128 234
136 184
195 264
23 263
107 137
290 159
5 34
224 248
24 97
6 138
215 229
60 110
181 269
278 17
75 175
299 198
220 234
15 171
180 203
22 152
148 271
118 256
39 196
79 162
29 128
225 238
227 240
249 254
86 103
234 247
219 249
159 166
0 137
98 239
21 138
214 235
33 240
1 208
296 39
185 263
13 183
273 65
200 251
128 205
120 154
25 288
226 259
292 112
135 242
76 280
145 272
15 127
99 240
59 94
210 252
285 186
281 235
41 181
147 240
293 76
183 284
100 181
277 53
292 269
297 174
100 248
61 81
277 134
281 136
213 259
27 30
126 284
273 154
15 68
46 101
0 49
267 268
218 248
143 197
213 291
55 84
157 299
250 290
66 214
277 186
146 236
66 130
287 79
271 240
42 234
77 212
233 243
297 118
100 179
203 261
28 260
175 286
160 203
294 282
34 142
121 191
97 205
35 121
59 189
129 293
92 215
47 92
54 95
290 160
186 211
19 73
19 126
150 260
290 208
48 92
215 231
105 161
76 183
11 226
123 290
131 267
270 241
151 260
214 245
129 279
104 134
93 214
275 176
76 140
120 231
6 195
284 25
126 195
44 86
214 215
111 142
176 185
194 297
14 184
12 99
131 155
20 299
78 92
66 81
154 267
36 162
201 242
16 237
204 220
76 133
162 253
0 17
106 117
274 163
216 218
106 116
133 262
101 227
42 220
130 227
90 299
203 277
28 278
25 258
274 214
186 193
273 21
274 99
54 208
75 136
14 97
27 223
155 160
77 153
53 131
235 241
197 211
85 202
15 242
85 105
167 286
110 173
169 269
104 173
4 296
150 214
176 288
43 295
43 146
170 171
1 8
0 167
173 298
28 201
277 138
65 168
75 289
62 101
231 250
12 16
58 153
113 170
48 80
297 95
17 235
246 279
66 152
65 275
19 47
125 233
67 259
2 121
289 130
85 165
289 296
182 256
155 260
113 186
290 47
2 220
29 121
289 60
136 296
93 209
110 152
158 286
225 249
219 271
296 113
36 207
42 258
282 130
284 65
112 194
4 216
69 99
58 162
263 283
285 47
161 259
120 269
247 257
294 98
212 254
140 183
282 235
150 280
146 213
279 268
5 254
121 166
32 65
233 264
167 231
272 152
278 110
295 263
131 277
178 263
54 71
263 274
115 142
70 84
214 281
280 258
70 297
227 283
128 138
196 202
260 295
24 123
33 101
117 210
52 108
47 63
45 233
42 186
292 154
136 230
138 208
79 231
297 77
117 121
176 195
219 251
274 144
21 133
24 209
10 179
136 199
21 41
63 209
56 209
7 294
111 222
241 262
32 137
95 164
280 75
291 262
270 11
106 294
35 142
55 231
276 50
56 100
272 31
70 181
292 7
180 185
208 214
281 27
286 62
161 170
133 293
96 236
55 99
60 176
161 193
227 299
127 188
90 97
226 233
55 81
32 38
194 290
26 50
155 204
73 120
64 220
44 205
6 275
37 220
29 69
221 255
10 257
124 169
16 126
285 92
10 29
4 32
49 231
32 200
21 97
43 76
119 248
269 282
85 113
297 89
11 188
29 280
116 227
284 47
86 144
285 130
166 168
150 204
295 282
262 271
53 61
19 77
287 132
119 143
90 180
90 160
68 293
45 104
17 136
147 174
285 85
184 247
275 173
296 93
287 281
99 129
4 45
103 115
65 277
87 292
74 146
52 272
182 270
3 187
202 212
144 169
63 199
13 126
48 271
188 284
109 256
13 240
94 231
286 153
67 241
169 249
209 274
112 282
279 146
49 243
30 274
35 192
0 134
283 86
142 233
194 219
219 250
127 286
287 133
295 196
58 146
53 253
103 203
99 199
114 188
13 279
61 181
17 59
141 209
214 243
295 229
285 114
188 296
67 196
5 77
66 178
122 278
50 116
219 298
49 269
26 150
187 245
21 197
231 288
47 127
296 13
18 286
106 176
187 250
274 256
19 164
20 23
59 272
286 157
48 188
9 104
49 227
187 213
176 192
130 203
81 257
77 105
296 261
209 281
72 216
184 249
14 122
150 157
152 212
111 182
62 280
285 37
199 266
126 227
99 258
37 170
132 170
93 134
96 154
63 119
292 97
53 210
270 5
123 291
298 107
119 274
46 75
277 150
24 297
114 271
195 225
79 157
31 169
26 263
57 96
289 13
109 291
299 210
83 94
171 247
117 239
70 88
24 110
74 125
96 137
196 252
243 256
282 225
1 146
35 99
107 218
157 229
109 174
271 79
25 244
222 263
60 97
107 286
288 113
109 179
79 97
215 223
197 206
280 154
276 90
43 181
123 232
94 220
276 250
159 245
114 257
53 95
123 144
106 233
71 269
149 216
51 287
34 153
178 264
105 234
108 222
53 124
164 251
276 127
7 168
51 261
208 255
277 190
40 191
204 270
21 181
163 214
104 162
295 56
288 57
295 221
145 185
54 57
38 257
65 125
72 230
280 67
9 117
21 77
109 208
129 227
139 297
299 79
13 130
104 290
84 213
91 252
39 118
8 221
188 276
7 131
53 156
47 114
262 276
23 63
152 288
274 199
8 202
92 109
286 1
104 124
18 39
39 182
274 45
124 178
225 297
260 289
270 172
297 124
74 103
192 292
54 180
69 165
5 178
3 169
129 186
79 168
132 157
270 285
126 178
272 48
30 197
285 146
2 90
131 212
23 250
80 158
54 239
34 164
68 222
197 247
156 172
66 266
168 219
19 183
18 251
151 152
124 262
209 210
184 270
197 243
291 130
109 173
213 289
54 99
208 288
51 77
50 165
100 207
111 135
43 223
25 212
287 131
26 118
221 276
133 294
198 254
273 52
121 264
98 133
291 86
4 233
56 226
296 214
73 143
134 241
132 285
294 61
42 259
118 295
46 194
90 245
21 189
77 162
270 283
27 177
64 275
93 228
111 209
103 140
164 239
96 194
106 133
121 226
136 267
150 236
23 229
93 210
4 90
27 161
102 211
88 290
17 99
30 76
29 152
61 177
23 276
61 231
288 148
33 235
167 177
130 238
137 226
239 291
200 242
102 274
120 270
73 97
18 23
294 244
49 196
276 7
291 129
78 170
225 255
28 186
182 224
119 145
81 197
35 266
276 132
299 112
291 1
16 235
120 235
270 85
43 136
195 252
15 73
30 252
58 147
59 208
273 77
58 260
273 191
68 181
13 214
57 196
147 155
270 224
111 231
60 243
201 268
18 76
89 144
272 232
298 99
28 172
182 213
14 183
276 238
195 230
138 155
272 127
271 8
170 217
202 246
280 219
183 220
22 261
161 219
17 149
143 150
247 262
100 156
196 273
32 60
80 96
40 216
18 198
182 265
111 207
276 84
80 122
25 60
64 245
121 293
290 85
139 156
117 172
70 77
151 205
193 290
290 213
91 204
123 151
141 227
172 299
96 281
11 129
55 171
117 142
285 275
34 95
18 93
112 255
97 215
10 113
178 221
4 92
203 241
134 189
284 252
29 52
83 130
222 249
197 241
242 254
239 296
85 242
293 258
23 246
67 193
14 272
193 253
111 289
16 233
162 181
75 247
160 221
64 168
296 12
276 104
62 118
294 72
145 161
282 119
143 240
166 172
297 224
94 209
52 133
103 187
88 207
4 46
185 289
284 33
27 232
273 31
296 60
292 121
1 273
297 241
147 202
106 114
278 67
77 215
220 225
157 210
273 70
76 282
22 151
270 164
102 298
274 94
96 245
73 290
76 176
221 263
31 257
13 127
282 161
23 38
142 166
46 232
15 116
53 249
15 290
227 238
213 222
19 156
62 200
2 104
2 7
288 62
17 187
48 288
192 276
196 281
182 226
1 192
138 246
283 126
224 237
6 266
80 217
55 209
28 74
100 259
205 267
217 256
2 226
170 176
208 286
26 172
226 294
22 102
297 97
171 227
163 263
57 140
164 172
275 205
70 163
284 275
35 191
130 296
210 293
64 251
27 227
0 67
94 142
68 207
7 158
30 198
127 215
93 94
7 239
271 292
290 246
93 236
174 247
106 230
112 242
18 224
235 242
59 105
291 4
119 262
13 244
80 94
91 157
290 38
3 283
198 246
31 189
124 258
65 296
27 118
270 48
182 189
249 276
62 168
37 51
22 28
159 212
61 219
293 43
209 216
230 259
69 145
5 240
32 169
4 186
207 281
128 157
12 167
289 7
297 229
256 276
139 218
130 288
8 147
91 107
167 227
78 96
78 146
32 87
170 192
207 290
230 284
294 258
35 222
232 285
69 267
111 219
288 216
6 103
98 233
141 234
292 221
210 279
214 299
38 180
150 216
37 190
226 290
4 102
290 108
14 22
264 281
280 114
279 87
63 162
11 120
196 231
272 296
8 46
297 238
52 205
285 89
203 293
0 53
215 284
279 47
116 178
298 209
230 231
165 285
288 27
214 289
51 161
33 49
46 255
63 65
66 277
275 66
107 138
105 114
187 296
31 284
283 100
56 114
85 209
60 275
99 125
286 217
235 257
166 283
257 269
42 139
81 97
284 135
2 42
18 274
46 62
129 222
153 217
286 283
81 162
92 257
6 46
189 237
53 263
293 65
80 190
278 223
36 232
191 252
292 212
84 236
79 259
196 287
147 184
282 145
157 170
23 67
88 123
298 143
41 151
50 256
55 252
19 27
155 156
4 200
186 231
118 258
291 119
32 228
115 120
6 22
293 26
12 295
115 148
46 64
29 205
16 212
107 269
208 260
133 233
65 153
250 280
278 105
130 232
41 65
115 204
20 102
107 225
290 164
294 276
272 116
9 251
281 123
115 117
46 251
63 215
15 124
61 162
204 208
164 195
34 67
179 250
175 214
193 294
154 262
217 268
129 213
212 263
95 202
107 273
18 253
29 222
59 255
185 243
130 222
61 69
43 174
27 73
106 228
8 192
120 257
95 239
149 199
106 243
292 12
209 265
200 248
138 235
5 220
79 235
283 74
106 115
283 31
67 244
272 174
7 156
151 167
109 202
128 184
6 100
146 184
94 285
157 184
45 181
5 222
2 271
97 157
285 148
272 148
296 141
271 268
274 187
63 216
85 176
44 244
27 41
115 119
17 168
174 253
295 185
84 127
72 187
29 148
295 137
230 281
129 183
150 297
91 256
52 150
61 132
56 187
37 245
37 247
274 109
147 173
30 89
297 56
71 113
226 254
68 206
67 74
188 247
280 52
180 279
81 263
147 266
290 52
274 129
229 291
19 222
272 133
53 208
146 225
88 283
4 125
22 99
41 67
286 239
57 192
24 34
54 186
130 186
281 219
232 266
33 282
17 210
283 218
299 115
7 71
98 210
114 278
285 245
132 261
150 248
149 271
279 71
104 187
83 184
274 56
299 85
297 111
223 293
198 223
108 137
21 255
116 186
75 261
75 105
4 163
94 251
290 12
175 261
131 179
105 245
99 174
102 151
101 238
171 269
221 245
2 267
293 214
277 240
79 289
167 245
141 245
21 66
195 269
21 24
109 192
128 247
277 32
52 160
7 219
193 199
143 167
90 158
287 8
26 128
70 94
50 217
147 160
105 206
60 125
121 155
13 264
297 15
54 88
122 129
5 249
105 203
93 174
158 166
7 247
94 134
56 266
17 52
121 209
78 273
84 255
34 37
12 26
88 155
120 236
133 189
118 153
290 115
278 243
122 197
132 195
219 289
47 49
44 171
7 299
23 222
107 199
277 132
11 43
296 244
280 133
295 48
271 227
71 202
39 172
5 103
162 295
86 255
57 76
135 172
275 124
52 247
116 235
75 259
178 181
187 248
44 264
38 145
120 181
213 248
60 207
208 211
137 175
281 77
271 133
283 101
38 152
93 166
75 85
294 153
187 189
85 274
105 254
184 204
133 211
98 104
21 253
52 289
68 236
84 94
20 32
289 263
30 181
131 218
77 155
279 110
291 159
168 244
181 286
285 100
46 176
192 198
116 163
123 237
92 253
282 48
20 42
176 210
112 248
45 137
4 284
294 85
149 252
74 120
218 229
253 275
204 260
276 110
206 253
199 210
12 54
59 214
138 232
154 190
35 244
279 75
68 73
65 107
299 193
15 216
1 261
56 225
151 233
132 186
275 100
132 231
63 253
25 188
92 227
154 176
99 135
86 229
153 218
9 274
115 158
278 273
68 160
68 195
2 205
101 151
56 222
38 218
101 119
278 241
298 48
73 76
11 108
110 169
24 50
97 127
296 200
60 238
271 168
156 252
33 117
150 274
17 231
159 261
115 245
43 171
39 166
107 278
113 131
271 267
115 173
29 233
124 294
213 246
161 254
274 181
8 281
27 147
83 108
17 222
126 207
154 260
123 211
117 259
33 78
206 298
35 246
297 240
25 56
138 275
205 266
227 229
40 115
95 291
288 51
159 240
220 235
12 69
194 259
230 246
117 197
147 234
119 258
53 192
22 173
161 261
10 186
225 247
232 268
0 47
91 184
107 167
51 226
8 56
206 240
7 188
118 211
272 255
27 28
232 235
47 118
18 138
285 241
288 115
93 102
90 140
298 76
168 220
297 167
27 187
45 63
80 204
114 289
287 88
165 280
298 284
127 218
15 132
295 40
274 233
222 268
38 137
274 88
33 272
58 297
4 41
95 137
135 197
27 92
50 229
288 123
120 142
23 143
275 143
132 207
276 148
38 53
56 291
64 257
60 82
277 178
280 23
168 249
97 296
55 256
43 51
32 99
222 259
54 235
174 209
45 193
297 265
22 259
215 241
16 112
11 111
286 207
102 193
152 285
298 27
278 66
270 31
46 224
235 296
104 230
37 260
71 165
137 217
286 70
295 247
57 90
173 225
278 120
2 128
42 138
223 236
27 178
178 296
25 75
40 281
170 186
67 173
299 135
274 133
27 61
34 86
63 102
180 226
62 72
44 46
87 188
7 248
12 203
172 181
6 190
135 166
138 238
294 269
36 156
145 214
66 111
173 257
95 205
42 237
68 158
289 55
277 91
282 167
119 193
74 80
79 90
29 144
38 220
87 114
38 93
152 259
126 129
60 291
5 198
69 75
214 248
147 288
104 111
262 295
271 20
90 221
25 217
23 178
152 274
290 50
115 176
27 128
8 81
11 118
158 195
20 153
295 277
108 166
69 196
89 106
158 162
242 259
296 241
85 95
40 66
279 125
52 165
46 268
289 107
18 87
163 233
6 273
165 244
279 175
231 242
49 110
79 83
28 168
30 164
292 84
283 238
36 83
297 147
293 119
270 267
292 175
34 182
21 96
166 171
166 255
2 12
260 271
175 280
17 101
31 185
164 167
271 221
84 193
289 293
16 147
276 26
26 132
17 34
4 13
39 282
51 148
65 101
36 45
65 96
282 59
126 229
60 61
129 204
120 136
15 247
187 275
86 219
161 188
145 294
207 261
280 292
281 168
161 171
49 60
7 230
147 196
60 81
137 239
39 215
112 150
20 236
63 293
9 66
293 272
190 259
181 187
232 265
21 26
295 8
232 286
165 287
137 189
283 21
74 234
14 79
24 219
160 177
133 285
157 175
127 187
66 243
39 40
23 293
30 127
155 285
35 137
71 124
290 23
298 169
34 132
228 253
44 246
20 24
74 186
176 233
294 108
275 152
269 298
79 171
296 115
147 221
148 178
195 290
210 281
30 196
278 293
2 76
179 247
92 275
196 233
140 266
158 234
159 288
89 254
122 140
9 222
9 46
78 237
285 262
282 153
8 54
51 222
3 206
53 99
1 45
154 195
5 269
138 258
45 228
14 66
107 110
264 296
298 52
45 86
299 4
76 111
203 273
240 260
93 118
118 212
194 213
90 104
3 42
59 81
37 83
51 166
114 170
110 294
133 234
261 297
140 150
19 142
165 254
28 224
28 299
50 280
68 242
93 294
288 238
65 190
16 185
284 232
285 190
234 277
88 261
70 287
75 267
291 102
58 193
81 208
96 240
37 123
274 35
291 261
174 266
90 264
130 214
76 114
230 285
125 261
277 259
26 162
61 292
61 74
46 217
88 217
68 299
159 205
42 172
17 54
109 156
158 248
137 194
270 259
38 148
17 282
24 147
158 294
22 214
95 156
128 217
75 221
54 104
76 113
8 267
30 262
298 71
83 124
47 252
36 217
41 205
32 160
124 171
201 267
97 98
63 176
116 264
29 213
104 225
70 235
147 220
274 121
291 112
9 159
45 147
174 282
3 76
27 253
174 268
16 250
131 281
114 165
285 213
277 44
157 186
172 214
152 286
82 194
154 299
247 279
144 239
137 277
97 261
20 265
280 210
294 109
39 206
289 261
41 101
128 150
75 200
53 261
4 7
177 192
117 143
49 246
119 292
91 155
10 250
186 195
213 244
292 15
240 243
38 63
157 234
113 124
38 241
48 229
150 256
110 298
16 172
181 272
97 212
272 246
298 224
134 286
211 290
123 214
91 259
18 91
4 165
12 124
135 269
144 244
2 9
73 250
161 231
216 274
24 65
66 102
76 262
21 230
275 257
270 139
159 241
151 284
136 261
251 272
64 192
31 286
290 117
154 201
26 49
204 296
205 295
26 229
36 68
277 267
284 98
199 207
132 206
142 160
223 247
137 200
298 207
208 266
177 265
281 193
108 138
243 250
81 119
280 269
82 212
27 98
85 235
78 183
128 137
123 124
158 237
67 167
291 299
81 296
36 206
185 251
182 252
277 213
161 208
82 200
73 128
58 203
84 241
91 194
111 126
192 242
151 252
199 253
127 254
39 144
192 214
128 158
2 197
71 177
251 284
19 200
18 230
15 208
62 166
74 211
20 30
279 131
299 19
12 145
227 245
81 245
48 191
295 208
270 142
270 173
95 275
189 241
3 101
292 144
185 275
292 277
18 70
24 265
172 233
50 170
90 112
29 253
101 240
270 64
24 125
120 129
68 101
256 265
285 259
19 69
46 193
146 182
23 158
299 230
149 215
180 272
298 287
17 237
81 231
13 191
281 181
99 155
271 216
6 91
292 92
215 282
46 280
157 280
79 185
22 287
237 295
297 211
90 210
78 200
62 270
35 175
0 93
267 291
42 236
280 182
43 78
291 273
7 108
275 147
18 66
249 271
292 145
98 206
299 184
14 259
108 160
203 220
13 145
219 248
281 155
56 173
286 53
31 131
86 276
50 184
62 119
221 260
287 235
95 97
9 183
65 271
63 286
94 101
295 201
14 268
156 253
181 214
280 193
6 141
200 277
37 182
280 120
16 88
120 237
109 183
80 125
37 144
28 284
44 181
284 92
49 74
5 288
119 255
296 215
77 203
89 145
2 151
45 295
21 85
33 283
157 192
219 247
80 142
106 169
70 248
108 279
54 61
83 106
16 204
54 202
207 220
128 149
37 90
213 231
215 224
295 46
148 275
210 269
49 186
19 107
298 46
106 239
126 231
295 245
122 131
283 63
91 114
7 56
77 238
109 190
0 52
13 215
80 157
55 132
86 190
174 261
144 253
13 42
122 234
29 54
6 203
55 223
10 99
143 236
107 159
122 175
26 199
202 226
165 227
121 137
282 234
48 186
299 80
61 268
237 279
139 189
71 213
7 52
88 119
159 264
272 74
153 160
280 215
79 132
278 216
49 65
230 234
296 46
132 262
48 275
196 257
224 296
170 273
271 61
28 159
22 168
189 250
93 130
77 251
188 248
298 49
111 193
194 204
108 247
32 135
261 285
9 147
92 258
175 287
8 67
126 216
287 81
9 166
55 136
30 219
12 95
167 277
295 36
134 188
49 173
272 147
3 89
262 289
110 277
88 190
276 19
76 85
275 191
103 176
78 162
92 194
98 107
278 62
22 76
276 35
200 290
57 295
281 17
67 125
17 242
221 299
126 272
118 156
59 202
35 178
293 34
285 4
16 105
193 252
238 245
32 95
286 255
274 188
20 165
277 231
114 175
15 50
5 200
196 289
174 187
89 197
115 276
294 141
44 107
146 245
278 258
158 193
209 213
27 144
215 252
69 277
169 262
3 21
110 209
157 293
293 46
297 184
65 83
34 292
29 188
64 200
163 202
122 127
278 159
7 54
163 197
53 232
22 292
207 227
4 295
290 144
179 224
104 287
38 45
73 154
54 241
64 169
114 133
71 82
291 35
18 245
287 213
278 7
101 279
103 179
123 180
11 201
52 158
23 35
67 204
211 276
276 1
151 190
88 91
141 233
43 217
35 90
5 132
15 209
181 221
76 88
20 156
144 224
42 174
9 268
113 267
142 214
286 150
299 205
83 239
155 174
42 161
93 184
4 63
124 128
90 195
271 23
100 125
70 87
5 238
217 270
163 297
143 284
7 179
17 228
56 108
221 268
134 225
91 97
123 198
6 257
11 76
276 284
28 114
139 214
27 200
284 248
89 142
289 131
174 205
13 66
25 41
32 178
31 173
29 297
1 296
74 271
6 182
281 29
228 273
191 215
9 131
219 260
72 215
94 165
78 230
24 242
295 279
281 16
28 83
24 229
57 139
48 259
182 299
185 261
35 151
86 172
96 214
66 249
37 298
180 246
292 143
95 220
95 126
75 286
32 258
34 245
33 247
1 224
111 113
148 264
22 158
66 83
288 209
159 202
76 157
184 223
224 293
209 278
289 297
281 176
33 90
127 178
276 223
157 222
2 143
50 195
173 260
179 219
56 60
98 220
63 246
81 172
286 29
58 252
150 218
18 99
71 172
26 176
184 190
148 283
28 274
53 194
225 293
85 92
271 178
46 282
50 57
287 38
107 283
292 88
187 249
101 201
54 184
82 147
85 87
191 294
233 249
33 297
154 286
26 82
273 33
11 164
169 288
272 222
195 253
2 259
246 254
166 223
112 244
17 86
188 281
24 264
291 78
126 193
276 186
13 286
293 70
227 289
91 278
149 228
38 123
272 34
255 270
188 277
26 155
127 201
56 77
76 259
105 140
30 291
152 242
19 61
32 250
229 237
246 259
286 17
37 208
243 293
94 257
144 263
54 82
182 261
29 285
6 192
230 290
34 291
11 55
14 108
170 246
122 186
3 148
136 225
34 227
278 210
130 218
154 248
5 70
273 151
97 130
297 202
296 173
36 143
154 171
34 286
69 208
5 122
170 260
62 117
74 144
7 105
131 214
160 170
30 91
255 283
93 173
172 231
275 0
274 53
41 105
84 129
47 222
4 39
9 110
156 195
55 156
236 265
19 134
141 259
98 232
179 259
87 227
286 39
55 113
8 273
35 236
284 19
291 41
187 246
47 104
216 290
287 239
188 261
251 296
7 290
276 258
283 268
292 235
1 91
156 159
43 279
297 72
164 282
187 221
124 170
134 243
156 231
289 84
219 291
192 196
1 268
160 209
116 290
280 137
150 271
278 60
219 234
275 112
4 80
8 30
288 68
58 100
265 272
197 274
31 39
21 262
19 108
102 128
7 38
46 65
68 189
248 287
113 147
205 228
209 258
68 243
91 220
124 186
51 124
151 153
105 225
93 99
290 78
4 134
202 217
97 148
63 77
272 291
283 156
287 119
251 253
103 285
291 11
20 119
59 123
84 178
274 251
263 275
151 179
30 48
287 101
96 129
47 50
297 214
101 143
153 161
74 138
104 224
79 272
87 134
181 280
138 154
91 255
16 197
27 219
86 158
253 255
287 204
124 224
204 276
285 71
296 177
5 12
16 79
62 282
66 113
239 252
284 121
117 166
141 144
23 282
171 184
289 58
0 227
100 101
276 134
43 65
51 139
56 116
157 295
290 179
205 240
183 241
285 214
39 266
38 51
34 275
79 266
299 173
288 219
90 105
20 111
281 169
143 277
283 181
99 161
45 257
77 269
79 225
23 109
108 269
119 161
58 76
32 172
54 149
100 118
287 166
231 252
287 78
3 116
166 247
144 230
99 247
21 198
275 165
125 240
156 207
277 156
168 257
105 204
22 222
279 17
125 280
121 237
227 269
15 145
277 60
65 222
275 265
38 196
14 114
226 229
293 103
22 30
159 231
69 93
87 277
271 125
274 1
28 118
46 130
9 57
284 10
147 250
99 149
75 83
69 265
194 209
103 242
172 292
274 15
135 278
201 211
12 210
26 40
0 28
0 75
56 229
35 290
22 242
218 252
290 209
145 216
112 216
41 60
182 289
28 171
229 245
222 275
296 63
61 202
3 188
17 163
108 123
182 229
69 237
22 262
103 133
212 281
25 96
186 257
276 222
229 238
182 246
274 158
102 242
9 283
273 128
103 207
2 156
2 284
99 178
75 117
37 225
68 136
68 80
67 252
282 132
129 130
18 233
35 149
138 185
38 149
107 236
282 2
83 282
15 103
57 149
123 202
89 111
172 255
87 159
39 281
112 256
31 194
32 105
212 297
106 258
275 105
201 292
187 191
134 230
250 284
137 254
22 217
23 208
162 203
46 157
211 212
22 227
135 273
284 24
140 279
15 268
275 86
69 206
272 144
83 168
9 275
222 251
20 246
80 251
161 255
23 220
163 299
100 196
68 100
68 295
285 33
272 68
53 114
125 283
161 206
13 157
299 124
132 158
174 218
232 258
283 194
113 239
192 228
80 184
1 257
289 273
130 146
39 294
129 172
1 282
278 162
285 66
179 229
126 143
56 172
127 282
153 229
297 17
75 180
0 11
220 221
106 150
92 98
165 196
195 271
44 134
9 27
117 269
12 277
295 28
62 285
45 79
159 206
237 240
271 229
291 158
58 180
204 268
179 246
49 115
31 258
270 67
8 198
177 252
63 225
100 220
22 48
50 199
72 204
110 275
146 244
77 189
130 270
284 59
109 187
105 137
50 133
43 239
125 292
157 201
144 152
78 233
46 222
131 138
96 230
1 5
159 191
53 120
212 229
197 266
44 76
46 127
100 288
156 289
27 164
81 250
134 261
19 76
273 147
187 217
144 258
46 87
111 116
104 204
15 281
117 205
49 198
28 283
19 274
100 205
20 196
19 194
41 288
113 214
42 261
128 292
163 180
36 49
31 93
158 296
74 153
200 223
7 234
27 282
70 196
30 155
46 233
17 97
27 206
26 280
81 203
48 156
246 260
148 198
125 139
283 146
74 116
81 221
30 58
274 80
21 291
108 227
284 95
2 105
294 297
113 198
168 276
278 269
285 185
195 242
228 235
55 64
76 189
0 287
131 213
291 263
177 213
277 236
83 207
60 148
14 235
100 252
272 226
240 272
248 297
295 87
287 230
155 163
14 254
171 274
177 250
227 260
11 65
51 231
212 246
82 184
52 262
47 211
84 97
223 243
67 266
170 173
69 247
270 94
167 192
19 237
52 184
99 134
25 271
39 123
6 230
188 237
169 235
102 188
154 207
214 269
214 262
20 115
18 136
20 166
29 74
28 296
119 236
266 295
273 12
292 231
293 94
31 177
39 42
19 130
274 228
138 215
224 289
103 104
290 100
85 100
220 267
149 253
90 102
285 10
117 175
121 197
3 84
94 155
160 201
8 98
179 232
215 255
75 191
16 51
280 167
185 268
38 157
194 274
105 223
278 15
2 117
299 224
211 246
53 254
84 118
45 250
167 199
289 198
145 241
15 269
107 279
8 288
44 269
275 206
293 115
295 76
35 113
211 247
30 220
280 297
6 130
278 147
296 283
166 282
137 230
38 124
276 124
29 235
53 221
66 193
17 100
17 291
115 145
19 202
97 99
56 282
288 3
139 202
284 109
163 228
0 88
285 50
168 295
246 273
1 218
284 114
240 241
73 245
107 121
70 118
52 171
110 194
277 146
11 241
4 178
277 291
289 264
138 212
196 209
19 166
20 83
9 133
3 157
82 236
293 267
263 276
31 147
48 240
128 224
133 195
192 255
109 193
51 203
97 259
2 186
6 255
282 257
281 254
18 254
30 213
273 13
26 124
283 158
37 192
294 21
84 233
239 260
69 262
130 208
15 141
49 142
169 229
213 262
38 74
24 174
95 271
43 211
117 173
24 108
271 167
8 228
11 74
5 241
87 192
106 128
115 151
22 33
95 283
282 159
155 212
272 135
260 287
52 270
117 244
271 38
288 202
179 267
69 110
154 202
56 217
299 113
219 285
273 208
277 163
30 169
146 235
32 194
270 194
135 140
290 221
109 279
23 101
23 129
23 291
15 149
146 217
158 249
181 198
4 232
212 221
20 70
125 237
121 281
29 236
55 217
56 94
109 194
119 197
290 30
149 257
220 275
124 145
149 266
52 297
2 116
97 265
227 253
18 213
7 185
194 292
81 185
12 98
184 191
288 264
48 257
153 253
181 279
73 240
48 158
184 228
151 242
5 66
204 222
117 134
104 179
166 202
23 253
273 177
100 149
262 284
18 51
90 113
26 42
245 250
294 31
144 270
2 111
64 297
2 176
279 15
288 242
293 166
25 291
295 216
77 288
7 106
125 221
283 108
69 197
154 216
75 99
5 27
191 262
142 201
94 294
283 200
271 35
279 152
171 256
16 201
278 155
21 69
212 284
10 269
274 241
146 287
271 203
45 168
34 178
58 89
284 16
102 246
76 168
280 66
269 297
6 137
23 215
64 175
53 93
288 265
19 176
27 80
107 124
116 151
42 85
53 112
32 207
33 262
15 270
274 118
66 100
79 128
191 258
31 146
258 275
61 195
8 32
42 143
280 98
2 280
108 262
137 250
173 217
28 115
7 37
236 283
205 262
127 206
226 280
17 246
83 180
218 259
274 96
15 94
98 157
5 42
33 42
225 226
289 188
53 276
268 298
16 242
221 246
154 213
272 289
227 234
102 196
295 265
136 256
47 245
194 282
113 193
10 240
272 115
293 89
252 273
95 207
72 282
29 42
49 58
52 105
118 177
170 259
198 266
62 179
270 282
17 158
256 261
151 222
150 151
149 251
166 200
179 198
67 195
250 253
110 195
23 199
81 165
124 139
298 88
182 281
289 247
192 280
95 228
189 240
276 205
72 284
100 176
141 184
22 43
176 220
86 256
274 131
144 269
73 260
154 166
56 103
200 210
82 159
283 241
271 69
59 141
67 160
64 292
7 249
3 158
32 150
105 175
299 39
280 109
20 247
16 24
7 72
213 245
1 137
128 180
74 92
117 156
19 231
92 187
235 273
180 297
228 230
165 270
64 166
66 242
278 136
115 283
276 107
71 89
65 155
8 289
34 139
42 114
290 135
142 276
272 103
104 182
66 283
112 269
94 156
146 221
97 242
92 139
87 143
115 195
127 251
202 227
285 249
216 280
243 246
222 230
121 132
280 143
287 203
34 185
190 246
30 254
6 245
198 234
166 297
229 274
44 296
30 279
294 209
92 290
16 35
129 220
59 173
80 199
286 83
74 285
0 177
270 126
174 223
224 260
114 292
227 244
261 268
201 288
71 284
101 289
33 292
65 279
270 65
279 155
81 205
28 88
286 198
8 182
37 299
24 120
235 240
151 171
83 278
298 196
0 165
44 128
20 222
93 135
74 180
83 138
269 290
296 278
277 204
197 250
13 79
234 263
142 153
274 14
49 53
228 290
66 272
296 16
114 173
83 202
250 282
71 168
25 155
291 249
25 154
116 295
165 265
195 240
291 66
13 114
201 285
62 154
81 161
91 179
26 259
282 57
216 261
49 81
34 196
87 99
113 132
70 231
51 138
49 117
24 221
127 225
273 80
1 127
56 180
6 44
27 33
187 266
34 53
248 298
3 126
275 8
3 53
286 43
283 113
170 272
187 192
193 239
36 73
24 47
93 220
195 295
4 264
168 205
83 243
1 148
44 284
76 253
30 106
91 200
103 192
266 280
38 191
67 290
228 258
295 67
124 168
26 181
124 182
280 235
97 176
121 167
2 22
96 157
284 104
283 102
99 115
299 245
46 259
149 255
17 117
10 68
184 193
87 216
95 286
99 228
46 284
56 138
10 226
0 207
144 249
48 78
22 185
44 45
96 138
291 152
93 282
23 235
31 112
291 164
33 241
144 271
120 163
117 262
68 196
120 220
32 156
105 197
228 234
17 109
33 170
285 145
204 256
23 164
74 289
7 261
23 261
117 157
276 82
289 165
31 134
286 111
33 184
55 117
9 253
299 187
77 223
227 273
26 70
57 151
5 207
65 285
68 171
42 82
210 211
40 127
11 235
26 233
44 161
10 180
219 246
111 171
286 258
46 215
218 245
156 243
140 225
274 16
6 86
157 257
291 5
81 241
17 257
274 13
152 214
296 34
25 50
104 256
120 287
181 235
18 74
234 258
19 22
59 142
274 293
26 266
92 228
153 242
15 228
166 236
82 187
144 275
59 124
273 193
212 264
76 224
167 222
115 165
134 274
25 254
20 144
151 154
67 97
130 242
71 139
293 30
6 172
103 233
193 295
115 149
43 289
61 215
272 286
60 234
60 221
155 243
271 84
0 160
169 215
42 76
80 146
278 233
148 150
274 69
4 30
273 270
11 289
60 152
99 231
94 299
117 253
20 110
100 222
8 51
137 165
77 84
14 296
292 62
247 281
212 228
28 163
36 123
162 282
96 243
292 100
33 189
58 281
4 124
61 209
260 278
26 248
286 135
24 148
153 291
62 258
51 70
43 123
151 253
105 287
280 60
294 38
157 191
10 281
205 218
9 195
4 14
35 98
278 158
298 280
56 75
292 208
97 286
272 112
50 212
109 141
13 177
288 81
298 241
165 282
217 273
76 121
275 188
271 147
12 61
239 272
296 198
223 282
37 180
123 294
25 131
13 206
282 207
50 240
13 104
299 213
31 210
280 237
141 256
121 296
283 186
153 199
24 39
295 79
274 50
104 292
12 18
24 101
37 297
24 155
83 102
87 186
81 157
286 176
109 266
227 296
284 118
279 9
282 11
28 75
81 114
142 256
88 277
23 60
141 246
127 214
120 178
164 276
50 226
219 242
33 157
298 79
48 225
49 133
42 102
277 52
29 234
76 161
86 270
101 292
47 198
94 284
119 268
4 202
21 125
294 33
69 137
283 1
270 170
17 264
154 155
81 277
36 197
95 176
28 92
36 84
81 282
57 141
290 180
171 218
140 222
211 269
297 159
289 288
37 44
118 159
274 81
180 188
125 212
274 136
200 214
173 239
182 260
99 217
129 190
229 258
111 217
52 111
8 239
148 241
7 15
75 113
34 239
124 193
132 135
41 206
60 70
279 4
75 107
99 158
127 199
96 275
181 255
36 99
6 84
47 236
131 259
270 38
187 241
33 118
219 225
297 223
257 283
24 166
212 291
21 60
173 256
96 238
15 106
79 290
299 75
296 64
14 154
110 203
11 227
53 280
146 273
281 164
287 257
82 101
279 278
47 214
184 262
14 98
288 210
172 250
109 180
17 220
216 265
40 212
4 16
2 193
209 226
73 173
64 219
55 206
88 133
60 113
60 230
67 81
286 76
298 251
165 209
87 230
191 218
55 258
88 105
50 194
55 241
222 242
285 24
167 242
5 136
95 211
103 130
30 192
284 105
282 205
31 187
161 184
211 238
99 216
203 243
13 193
138 231
12 269
37 207
84 275
25 172
80 173
94 236
276 22
128 153
11 280
111 188
257 276
90 271
78 239
296 19
205 285
57 275
261 281
88 276
96 160
283 30
112 270
0 96
11 128
268 280
121 207
41 297
140 198
133 160
83 275
132 267
27 251
287 61
10 70
118 214
26 153
210 228
4 256
224 261
116 138
171 219
297 125
47 79
27 246
1 49
281 35
70 134
276 27
8 248
60 161
40 156
241 293
60 79
288 134
33 77
80 108
292 79
157 256
63 217
209 269
61 159
173 213
51 204
16 263
37 114
6 225
83 155
299 98
278 5
221 225
186 191
45 121
273 224
35 171
3 222
122 179
73 98
104 170
73 244
79 268
196 228
172 189
9 295
279 165
160 270
81 184
295 75
226 277
40 144
184 209
279 190
66 139
295 99
39 140
158 180
276 108
220 259
129 161
123 267
284 0
87 276
204 279
239 288
105 268
277 13
279 115
162 280
132 171
16 117
299 277
41 85
277 120
29 85
95 244
77 87
54 114
79 170
153 220
237 273
276 37
166 169
78 139
277 80
172 265
96 101
191 234
70 111
113 293
273 163
253 298
109 198
225 291
112 226
219 226
280 49
88 113
229 233
288 28
60 288
10 132
283 272
131 230
155 286
232 253
155 289
77 81
34 117
71 233
54 216
31 167
48 163
18 173
171 291
119 295
28 180
67 243
123 195
71 255
93 111
110 229
14 57
279 45
260 299
83 205
147 226
6 147
147 151
288 101
3 266
135 275
66 281
274 127
5 235
58 172
59 145
61 198
122 250
216 264
43 237
281 200
130 171
14 138
285 19
57 190
15 133
165 233
124 190
25 89
21 224
119 125
74 179
198 222
150 153
116 230
295 90
129 249
152 218
92 95
205 291
274 78
39 175
297 61
75 98
29 115
110 248
150 263
22 188
155 197
188 235
142 218
288 91
273 158
72 165
285 3
93 252
173 279
161 176
38 96
99 198
80 143
27 192
289 244
6 121
121 200
46 119
298 235
197 273
12 262
3 100
204 212
200 263
64 93
158 255
112 179
189 268
116 213
44 274
118 281
113 261
35 70
76 110
282 195
286 220
32 92
64 267
11 75
137 201
42 251
272 254
91 98
71 228
98 153
13 95
171 288
278 200
253 266
31 279
11 236
21 144
32 90
103 185
50 230
16 283
16 41
141 213
294 41
240 251
29 252
104 192
53 78
58 248
0 23
237 284
148 174
202 203
154 238
167 229
112 246
98 200
115 180
266 279
45 173
196 211
111 281
51 235
30 289
277 67
291 55
53 150
2 126
296 123
53 73
126 208
284 123
283 204
99 128
197 277
31 203
21 276
283 228
81 187
133 199
201 254
270 163
106 268
88 99
79 240
233 241
273 185
44 255
289 25
62 228
3 118
285 237
49 208
181 224
90 103
94 290
122 137
179 208
209 211
127 258
49 124
189 236
284 186
178 230
287 275
111 124
53 104
112 209
13 220
145 264
285 260
261 271
170 288
296 42
50 75
136 173
136 219
43 128
35 39
42 151
1 262
299 26
59 247
282 21
143 214
188 290
289 230
166 204
299 140
118 160
107 169
294 5
212 227
40 238
97 236
104 258
23 131
156 298
277 45
91 116
21 200
172 237
95 118
83 214
71 145
148 169
113 180
79 281
1 118
20 273
92 200
19 174
46 189
281 18
18 180
169 296
207 292
20 176
87 246
52 173
285 195
112 145
180 275
69 255
129 182
16 132
58 151
149 240
191 288
286 85
278 141
15 195
118 261
136 161
125 227
39 237
14 180
89 179
49 160
299 38
272 165
119 147
113 149
286 252
35 124
140 246
55 118
69 217
136 140
17 96
296 120
206 252
149 212
78 277
87 137
109 275
100 170
270 245
299 30
59 79
12 225
101 173
133 142
189 283
5 71
124 265
0 214
6 155
286 38
37 167
292 138
299 186
123 152
83 271
79 264
278 182
75 115
24 25
76 296
54 205
26 260
52 163
71 129
65 164
74 130
181 226
112 245
34 201
132 139
88 94
97 132
10 256
32 44
160 281
81 217
125 152
176 289
15 100
5 152
157 173
7 32
5 208
219 262
234 236
59 241
59 75
2 170
99 279
298 199
66 146
142 259
180 184
290 22
279 97
222 285
151 288
35 44
2 114
65 137
41 253
272 0
217 222
168 217
105 217
136 148
70 133
100 260
205 260
97 293
296 128
19 72
295 47
185 242
23 283
124 126
73 258
63 131
241 243
274 201
283 82
178 233
298 170
98 141
151 166
34 60
276 245
154 221
18 155
125 144
27 64
235 237
139 286
288 157
28 110
292 99
39 262
228 263
157 169
137 207
161 293
97 192
20 226
198 209
96 235
218 257
109 263
299 1
59 100
290 215
29 277
298 233
155 252
273 143
222 271
279 118
293 45
32 67
60 246
289 85
83 257
44 166
22 258
292 152
115 207
140 181
276 121
140 211
68 237
62 78
10 14
41 210
27 132
130 184
291 142
35 87
98 145
275 269
122 214
128 236
220 293
132 205
46 279
287 138
50 278
270 53
215 266
212 287
197 229
282 241
104 171
34 295
235 278
202 241
33 125
129 157
145 230
95 226
278 211
127 148
270 148
299 133
11 38
35 213
280 187
128 197
87 278
200 236
133 190
83 135
216 244
58 102
204 251
221 291
89 257
46 76
181 250
122 162
56 113
40 220
173 184
5 143
177 260
289 222
21 240
144 145
109 293
223 279
134 259
110 290
291 232
292 127
4 111
112 241
71 240
110 188
13 283
137 163
152 201
32 45
37 191
47 291
28 93
192 212
38 231
78 103
131 183
177 203
15 60
284 196
277 260
120 202
8 299
63 159
254 263
182 237
130 206
26 98
128 141
39 207
14 113
152 296
75 293
36 44
48 284
63 206
112 266
148 190
47 210
32 167
207 237
36 113
183 198
4 64
290 157
51 197
103 167
128 231
110 184
40 88
278 284
143 295
189 216
165 237
147 166
188 240
94 289
40 83
52 250
44 109
190 192
169 192
0 50
239 246
70 157
172 198
46 186
11 66
34 145
82 83
115 261
118 234
100 184
181 202
137 209
0 82
187 252
79 105
295 159
109 238
51 107
17 270
213 242
70 132
135 279
290 184
178 262
289 203
43 209
273 94
104 237
101 269
66 149
13 105
203 250
129 261
275 140
269 293
118 267
15 191
152 231
56 290
278 145
133 286
71 114
0 124
277 25
239 278
299 31
156 175
11 221
275 213
291 207
61 94
96 149
85 258
241 292
277 152
156 215
141 160
67 163
46 256
279 215
126 204
74 112
27 52
217 238
97 168
160 161
64 244
273 240
51 60
112 133
17 201
71 150
193 284
84 109
91 110
23 46
73 137
103 154
29 163
253 273
141 161
121 220
42 137
168 186
160 224
58 127
292 107
166 250
127 196
17 212
50 222
294 188
86 186
203 258
88 114
3 195
7 125
83 166
139 207
270 56
84 89
115 252
27 242
277 157
181 273
94 174
85 102
141 148
8 245
289 38
156 213
155 244
178 270
155 167
196 266
84 108
92 202
31 91
53 224
184 243
59 104
37 143
28 266
98 231
37 221
206 224
14 199
103 107
60 225
57 261
11 163
94 283
49 154
45 131
75 132
198 279
70 141
99 289
149 164
290 2
17 267
287 169
7 225
32 76
37 277
165 217
275 88
235 295
105 272
212 259
155 209
281 109
81 225
34 148
57 270
78 192
11 122
170 281
67 288
288 240
276 224
31 288
270 39
284 152
271 110
212 249
29 145
129 155
244 254
78 297
118 294
11 165
161 192
180 261
129 225
158 221
294 125
28 142
22 38
40 231
45 153
165 298
17 298
90 242
282 121
170 245
26 156
85 237
259 291
97 294
194 222
295 55
104 127
12 135
144 205
100 197
209 253
140 151
66 207
62 297
67 85
49 211
51 92
243 252
89 256
33 139
252 276
12 73
213 224
5 84
42 52
19 137
66 106
32 197
72 274
120 137
72 203
172 223
44 243
35 134
102 191
69 128
8 15
182 266
181 189
2 172
274 218
20 185
114 226
157 219
110 266
162 205
297 255
114 174
40 200
192 279
49 130
272 137
120 173
189 298
112 286
18 140
3 12
219 268
74 81
100 138
87 161
233 254
119 185
85 262
82 190
11 102
285 125
213 250
282 134
164 201
154 255
220 284
31 124
62 180
30 90
26 247
93 148
294 255
43 62
23 200
7 203
53 66
122 239
28 239
172 239
149 179
48 129
57 72
106 275
76 290
286 61
79 124
202 265
195 228
72 254
147 262
31 125
233 282
141 239
15 21
198 213
78 255
17 104
92 234
291 99
213 294
122 210
158 256
90 111
243 283
34 264
101 128
102 215
43 108
41 230
92 156
177 205
130 180
80 214
209 262
25 137
9 207
4 234
198 229
129 235
295 153
190 292
30 63
4 98
3 133
8 290
71 263
143 199
289 166
17 128
264 269
278 256
12 100
158 240
39 156
279 216
270 102
154 164
152 209
126 264
42 123
92 210
299 29
113 263
177 267
61 256
47 199
242 263
69 119
212 215
90 134
47 217
183 208
198 212
55 240
0 266
282 118
125 209
287 185
35 146
114 295
296 20
164 279
31 57
230 237
78 88
275 85
162 180
287 125
94 233
77 168
134 221
282 264
57 243
130 262
100 210
180 191
51 241
46 243
158 247
104 169
52 129
278 275
169 261
128 245
38 113
2 62
263 280
279 111
245 278
28 189
279 248
194 239
89 156
20 235
83 149
96 113
141 186
36 72
273 243
7 76
34 278
23 209
282 185
291 175
53 172
76 153
43 246
299 74
4 76
270 137
10 297
41 182
131 180
17 41
257 290
29 117
106 221
210 259
19 208
16 93
197 261
140 245
281 13
14 217
112 173
16 241
43 268
17 226
73 218
37 88
290 33
109 149
276 77
7 120
278 151
292 44
108 220
231 237
73 194
14 191
105 299
98 102
174 193
170 263
272 93
296 205
203 265
159 203
292 43
185 270
69 85
13 211
157 189
285 136
114 158
278 129
169 173
54 248
18 82
83 141
285 141
231 232
279 244
122 227
229 293
203 247
41 238
228 239
84 105
29 131
35 42
292 250
15 30
89 239
47 230
11 104
122 159
127 209
106 269
132 230
48 97
40 97
0 77
92 168
158 189
249 298
201 294
130 223
90 227
286 259
97 121
28 229
54 255
263 272
74 152
293 58
47 111
61 245
110 259
279 160
211 281
109 177
93 198
219 232
87 155
74 191
38 46
176 254
184 203
38 68
70 194
95 103
226 244
215 294
277 239
114 168
139 197
271 17
291 289
290 229
103 119
97 185
66 286
67 199
240 256
88 92
77 121
53 205
274 237
106 186
49 222
51 108
27 235
51 141
245 275
14 151
223 255
99 108
26 242
87 259
93 164
184 199
178 188
62 266
170 235
296 40
288 94
85 103
8 52
24 149
121 254
295 61
282 151
2 136
279 28
38 163
29 141
212 299
7 149
32 289
80 260
292 4
93 181
142 184
156 272
85 172
170 252
63 226
11 256
1 180
165 175
95 285
54 289
185 259
82 269
64 208
217 278
27 199
289 19
92 291
11 130
34 56
47 203
51 248
190 280
72 266
63 198
60 196
147 217
40 167
57 244
69 132
283 85
46 139
246 289
293 169
40 112
105 244
3 50
153 179
275 198
97 251
80 91
184 225
72 158
74 131
285 48
46 133
117 211
7 275
242 257
16 285
291 32
290 39
179 217
67 93
93 196
114 180
42 195
78 91
187 244
20 137
34 233
49 79
242 279
125 143
87 235
131 198
20 59
281 185
179 200
86 252
114 229
85 114
43 125
18 246
4 198
78 218
126 149
276 131
204 244
283 221
257 284
97 124
8 38
142 253
59 244
35 228
103 153
3 168
142 289
18 297
82 285
164 236
155 191
165 207
29 158
257 279
12 70
279 58
46 299
117 231
12 33
124 189
19 51
38 256
278 208
82 167
90 154
127 256
268 290
51 213
126 167
121 219
13 275
291 146
57 117
299 32
52 191
13 176
32 231
40 50
31 268
133 161
70 262
66 295
74 251
276 67
66 90
90 135
36 244
26 127
18 98
173 280
124 248
273 189
287 37
283 242
296 21
115 193
66 217
233 293
218 278
274 38
106 154
214 294
10 263
259 293
26 29
181 203
13 249
174 294
82 121
55 159
101 262
144 217
79 148
41 164
44 215
53 174
41 250
19 293
162 246
167 175
78 177
64 284
89 275
75 139
42 282
21 53
228 242
36 222
12 128
24 82
26 228
22 280
65 195
182 207
284 200
25 160
293 136
43 165
61 288
137 286
273 230
76 87
148 273
199 212
74 122
184 289
196 241
296 101
114 196
174 233
119 220
277 16
281 269
148 200
114 268
289 169
247 265
97 291
60 189
17 116
115 216
235 243
232 279
59 69
43 82
164 200
22 164
51 151
23 150
249 289
54 219
137 240
24 114
94 127
85 280
117 209
271 135
107 197
19 35
144 259
192 236
54 233
6 76
94 170
8 292
52 77
87 164
57 299
255 269
60 268
59 265
36 221
79 284
166 217
101 114
262 264
101 106
277 22
90 191
36 38
165 257
140 294
142 228
170 291
88 243
299 285
21 218
69 174
113 191
48 56
284 29
270 71
58 251
274 179
282 232
105 139
164 192
295 69
97 246
26 102
164 283
75 216
53 100
25 92
19 262
181 294
108 257
215 295
173 203
51 118
47 250
103 118
113 295
77 159
67 104
60 293
210 230
41 270
33 148
9 224
278 29
63 238
129 221
296 18
108 119
42 157
48 199
5 230
69 164
84 198
56 244
282 77
8 131
120 226
274 128
106 171
184 202
154 253
48 152
38 125
145 186
77 237
30 144
238 252
75 88
271 81
60 62
293 132
54 80
36 187
132 242
289 255
44 232
128 135
3 250
107 126
23 100
221 280
29 149
271 44
3 87
202 285
97 258
231 254
68 176
102 183
294 63
30 244
147 158
260 276
283 190
7 198
281 242
184 255
80 126
161 280
73 115
185 296
215 232
207 221
102 182
175 268
109 242
75 236
283 184
106 229
123 128
26 241
9 16
283 235
19 259
20 257
206 242
115 270
9 107
124 238
2 110
17 179
4 176
273 140
106 278
41 95
267 283
23 152
165 278
171 266
194 203
47 223
146 148
80 133
41 136
270 150
91 185
19 271
78 115
68 129
208 282
279 142
168 179
123 275
53 252
167 285
172 262
85 162
30 120
33 200
57 120
96 280
126 211
81 254
14 48
185 233
97 172
34 237
184 217
58 294
293 38
152 230
157 240
140 263
49 285
274 157
279 106
294 42
296 82
26 148
100 280
81 216
20 184
157 221
30 263
42 275
298 22
297 92
116 191
91 131
37 169
220 230
282 189
9 250
291 199
49 201
143 269
114 240
20 178
17 236
38 200
83 131
193 276
143 262
41 132
53 77
48 238
59 188
204 259
47 213
12 249
62 120
64 84
117 182
59 235
219 254
175 185
285 258
63 227
14 230
10 192
200 218
163 198
278 219
173 228
19 282
179 203
276 6
289 233
64 173
57 274
299 56
11 157
76 159
26 32
286 109
99 246
135 236
7 109
278 88
152 233
276 190
18 59
70 234
18 47
116 267
111 260
9 199
93 240
111 287
190 210
159 257
209 273
0 128
292 96
65 193
63 255
193 242
187 242
192 249
110 254
51 209
206 214
163 222
4 115
4 237
115 169
125 250
290 3
217 228
274 223
49 247
32 143
12 195
119 245
48 118
37 52
16 63
139 144
45 140
110 199
40 190
100 234
215 276
150 245
41 123
129 140
275 76
19 66
159 178
150 213
108 117
148 185
286 91
14 65
280 73
195 262
75 228
143 259
292 53
16 62
10 135
171 265
81 113
4 157
180 263
34 162
95 268
86 286
165 174
38 146
41 239
282 74
260 286
29 86
156 278
52 142
284 97
290 139
125 257
127 205
2 219
144 176
116 171
78 256
210 239
144 157
207 239
160 285
21 227
8 157
259 260
20 200
36 87
34 80
48 155
123 169
43 260
84 280
68 74
123 146
24 143
147 225
281 138
37 184
177 241
194 247
289 16
179 236
51 153
7 165
89 133
11 249
39 256
89 159
12 51
122 231
74 174
147 157
4 24
133 256
103 217
13 32
76 201
176 260
197 208
15 65
77 165
106 253
63 224
122 138
228 298
285 228
3 196
287 186
138 221
181 260
288 139
111 229
281 239
272 276
0 31
70 166
1 2
5 189
11 143
295 134
25 259
5 221
284 295
296 70
137 246
67 123
5 252
297 274
197 216
147 165
155 194
281 108
128 295
77 183
200 203
111 198
3 251
281 194
12 138
52 127
12 236
227 259
77 201
216 258
164 199
65 68
48 183
37 292
112 191
105 151
109 165
225 251
168 212
4 141
281 149
137 262
71 248
165 219
177 268
285 91
96 128
262 290
153 254
14 134
33 163
177 257
172 261
58 65
93 251
59 269
204 264
159 198
162 169
129 212
299 2
72 126
147 187
12 43
43 255
13 292
147 199
28 178
279 29
168 296
45 103
281 68
23 183
10 229
110 214
295 29
75 95
209 257
142 236
67 234
46 292
136 270
28 182
56 90
195 219
51 164
292 17
284 240
10 247
27 196
114 147
284 116
94 140
3 98
285 246
94 195
210 273
64 201
80 132
137 220
274 22
5 100
245 279
148 187
129 197
70 160
32 182
125 239
139 159
16 36
21 235
37 60
72 207
73 285
289 83
132 228
284 142
80 221
51 173
127 193
282 8
145 220
285 171
116 255
86 227
43 280
146 237
21 32
279 12
84 235
263 287
164 285
299 122
27 153
10 31
166 191
277 28
75 207
5 297
224 295
185 186
207 265
204 209
30 62
104 157
132 160
47 207
5 79
45 169
18 55
67 219
288 284
292 67
18 159
91 112
289 242
159 218
104 119
189 292
184 213
230 292
46 239
106 180
185 209
12 28
8 150
21 212
32 81
280 151
113 235
282 224
132 181
43 249
293 182
13 108
8 36
133 179
272 12
176 249
66 194
47 288
130 193
229 230
83 174
95 235
25 136
14 189
207 212
48 58
283 104
85 181
111 201
25 164
97 175
34 70
71 210
5 10
132 141
281 32
97 106
5 188
173 224
198 262
78 93
30 57
79 216
114 203
208 256
91 298
45 116
12 235
165 271
0 233
57 217
149 256
66 126
38 142
291 106
165 235
30 234
287 252
199 288
52 199
56 271
134 173
183 268
23 179
26 147
298 140
74 225
292 213
270 43
2 147
83 227
271 99
6 253
159 299
61 172
152 169
275 238
299 219
185 223
135 158
161 286
80 281
0 236
99 230
110 165
294 184
270 147
242 276
285 286
115 191
287 59
270 61
104 158
88 227
109 226
6 220
290 153
40 279
119 139
18 58
148 181
100 198
248 254
7 157
70 96
167 251
83 206
257 261
21 182
97 282
118 154
38 272
83 237
126 268
86 254
79 139
290 156
166 258
173 278
9 271
231 295
78 110
39 155
43 240
125 184
54 143
77 253
91 274
163 282
290 190
73 263
80 270
120 223
103 112
2 279
266 267
150 217
195 276
43 111
264 299
3 26
211 268
57 172
275 236
278 11
39 117
120 263
262 273
113 245
31 68
34 105
278 202
114 191
222 290
297 216
256 275
124 152
1 293
107 277
93 197
120 132
130 269
117 193
41 147
115 130
216 285
192 288
290 264
97 221
193 257
32 77
297 88
213 238
124 277
74 94
60 156
95 259
220 276
90 286
14 61
45 202
186 236
239 250
192 207
173 185
160 188
271 282
296 122
74 79
297 173
140 147
128 267
59 224
5 169
299 103
144 180
38 120
211 253
21 268
102 295
65 66
116 268
101 133
230 270
93 263
58 223
183 227
86 237
288 142
133 288
209 251
48 147
144 231
273 90
103 122
114 177
256 267
102 185
100 113
74 273
296 194
12 46
2 94
100 175
275 158
272 214
183 242
51 62
100 103
103 124
91 208
122 270
184 267
141 142
141 249
7 172
8 172
105 270
51 145
80 218
284 78
241 287
1 166
93 283
181 296
91 96
18 291
126 250
139 191
134 179
66 125
36 204
59 160
116 169
160 256
88 259
155 220
76 283
196 223
80 150
29 197
124 201
81 121
29 215
25 192
285 290
46 70
44 260
18 123
14 139
70 240
28 264
85 168
168 194
5 262
70 150
127 176
162 267
176 232
24 26
286 40
138 236
96 102
10 182
32 273
122 258
32 57
280 30
2 98
2 285
294 231
272 288
116 119
68 110
284 229
93 155
48 221
286 149
99 244
105 167
144 203
253 272
89 230
154 272
91 168
123 241
297 232
154 282
166 210
292 174
39 219
298 246
83 90
30 191
286 113
298 29
289 98
126 242
18 279
75 262
7 210
78 220
163 269
65 267
200 220
15 59
211 296
94 136
145 225
0 244
12 86
216 227
67 147
117 132
196 216
70 265
224 245
200 272
52 107
273 36
85 144
278 196
96 249
68 140
231 275
282 168
230 251
292 50
100 225
276 261
21 121
152 265
209 259
118 245
52 299
84 194
12 101
280 68
56 206
120 200
172 267
102 208
255 296
276 47
298 213
20 143
39 149
180 201
274 195
171 228
165 213
1 142
59 144
76 204
88 220
120 240
259 284
85 134
168 230
24 87
79 253
169 273
130 298
9 24
40 43
17 78
226 238
272 187
149 176
1 198
79 135
171 180
297 170
4 126
217 251
84 201
80 119
57 257
177 233
2 253
124 147
171 187
212 233
0 22
77 110
57 156
76 134
74 264
3 103
26 61
10 298
272 91
92 178
280 115
40 74
60 201
250 291
88 154
212 288
167 224
97 154
6 213
37 127
72 280
153 245
174 250
201 204
82 161
286 262
41 175
137 258
123 228
30 49
54 265
25 150
62 255
124 249
11 30
184 252
285 52
15 227
272 20
161 279
0 228
46 181
70 221
298 93
49 71
19 99
22 218
50 245
210 222
293 44
98 131
92 105
114 139
40 256
273 259
47 183
2 127
163 231
33 202
278 287
285 38
165 245
279 50
161 281
39 130
108 295
24 93
0 296
11 154
53 282
188 214
239 259
243 261
11 299
45 111
289 132
177 275
148 240
95 184
156 206
73 121
284 80
194 198
147 264
177 242
69 186
276 269
157 265
184 219
44 100
103 195
163 169
137 138
12 297
87 214
6 218
283 197
56 120
281 97
52 241
8 65
74 247
58 173
162 183
79 147
38 295
49 69
106 287
23 107
281 166
99 273
275 142
25 103
98 254
147 218
281 72
166 197
62 198
32 70
58 144
95 175
196 285
259 287
129 187
77 134
223 237
290 147
139 143
238 248
17 82
49 265
21 193
46 151
53 268
163 194
168 209
11 42
68 234
97 203
46 285
4 241
55 194
211 289
260 284
238 257
269 295
76 142
93 139
62 186
72 214
2 241
3 177
64 154
206 208
158 169
175 266
17 140
22 124
39 50
16 66
255 277
247 274
274 183
284 184
171 197
35 214
235 248
280 168
98 247
136 137
141 237
138 194
297 221
73 159
26 268
198 202
294 20
184 239
78 158
70 71
138 285
73 211
10 33
12 227
40 126
60 266
138 176
186 200
296 48
130 199
39 249
109 285
278 244
47 187
125 255
281 59
129 132
269 279
297 131
54 167
19 168
63 193
298 229
79 114
136 271
13 160
0 38
44 170
282 218
29 172
282 283
119 179
43 193
14 41
79 270
73 75
297 66
44 219
97 131
193 230
99 270
202 269
101 182
30 86
94 211
32 242
28 117
45 200
184 189
141 264
291 150
192 263
69 118
39 227
38 194
45 102
11 94
292 226
141 158
244 297
2 115
287 206
22 270
17 250
6 41
30 212
32 63
24 67
161 287
68 270
106 293
30 114
17 67
101 200
58 121
109 237
54 110
93 179
277 147
236 284
113 179
202 282
92 184
193 227
226 299
256 297
86 132
96 211
235 236
273 192
50 259
82 128
117 250
48 162
254 284
254 276
172 273
1 175
37 257
282 41
67 134
22 61
91 117
20 175
98 143
119 190
284 27
275 28
84 114
133 245
64 182
117 224
270 188
283 144
8 28
37 281
153 190
128 232
206 263
236 272
8 251
154 172
111 133
76 287
273 166
143 217
39 106
67 226
288 59
76 80
95 152
23 120
277 285
37 216
277 189
141 175
276 161
67 218
286 49
40 164
92 177
143 144
276 174
59 204
104 200
116 205
133 193
245 271
69 189
40 285
113 278
46 146
99 179
296 33
97 274
103 249
2 286
70 158
1 17
0 257
294 199
289 102
52 140
47 293
51 205
53 106
284 158
205 283
90 132
105 249
63 173
49 104
65 262
4 154
255 262
101 187
142 164
290 206
57 134
197 269
139 192
271 43
40 195
283 55
72 246
155 265
131 141
76 119
4 26
94 228
68 120
6 169
30 184
0 111
148 269
238 274
288 249
94 107
38 281
216 267
214 277
159 180
23 156
106 195
100 130
91 240
16 156
56 112
111 224
19 28
21 29
55 288
60 149
30 156
293 142
63 107
74 207
58 97
69 95
31 119
21 148
92 244
282 32
15 291
120 156
218 240
79 95
62 185
66 232
46 120
258 283
49 187
76 277
68 224
46 78
40 194
123 136
70 148
172 191
20 109
272 10
79 257
286 166
69 97
58 61
282 135
274 67
127 230
53 159
43 186
72 277
102 154
8 13
4 231
202 287
117 229
93 297
187 196
77 243
292 32
54 206
81 219
1 114
32 217
76 172
274 265
272 54
176 200
100 172
295 258
280 124
64 232
84 167
169 210
6 89
126 267
124 202
87 223
26 226
9 263
31 164
131 204
33 152
277 113
13 87
26 122
3 150
85 120
18 28
19 258
154 254
87 293
23 189
106 185
59 197
202 215
41 192
22 75
155 296
76 291
120 258
176 284
10 296
23 138
160 278
31 296
33 150
43 53
46 66
272 84
34 43
52 174
16 236
6 127
88 206
4 50
175 299
54 106
39 200
111 155
67 124
203 256
77 221
45 64
292 129
110 191
96 258
271 256
42 214
194 271
81 87
150 194
75 120
39 136
29 260
95 136
45 186
52 62
271 145
27 249
153 206
4 230
3 19
160 265
26 168
140 205
101 170
277 205
98 132
286 156
40 73
292 157
137 180
80 227
264 275
272 19
133 149
270 25
1 88
295 80
28 147
3 236
8 44
26 258
196 214
282 240
162 248
129 290
193 278
274 46
249 287
105 116
188 246
130 229
21 269
26 140
33 268
33 218
285 189
105 115
34 277
14 253
42 69
90 183
64 153
171 185
129 230
119 283
137 257
55 233
299 138
97 276
97 140
22 206
200 229
8 243
67 94
55 67
42 107
120 286
1 4
253 290
44 206
15 42
75 141
68 153
277 191
3 184
294 92
31 163
107 260
151 293
117 171
62 129
223 295
215 248
277 36
283 157
282 51
22 56
111 167
66 258
11 185
26 141
167 262
63 146
151 159
290 266
182 279
158 215
66 206
26 125
299 241
35 132
153 241
91 141
288 150
164 229
17 284
34 266
118 151
287 45
72 83
17 260
7 97
14 262
272 205
54 189
57 152
11 25
286 20
13 38
130 275
84 247
57 176
61 145
271 293
86 145
55 107
273 15
124 223
25 200
230 293
273 92
241 242
28 220
6 196
164 269
153 236
66 116
298 211
18 97
30 131
26 120
298 75
101 242
87 256
18 295
54 222
13 116
290 192
221 275
239 279
15 251
99 141
149 238
206 279
97 155
219 266
176 218
12 240
288 161
33 51
61 139
77 150
5 86
275 39
112 225
74 287
56 166
113 150
275 225
271 28
111 178
21 145
38 39
288 106
0 193
39 267
22 200
30 186
112 199
286 231
56 201
92 176
290 27
104 196
65 234
13 112
11 276
276 187
24 58
198 264
248 252
142 144
6 126
55 250
146 262
109 296
32 47
139 152
231 256
272 163
242 269
42 226
287 117
68 209
70 100
180 196
290 185
5 25
272 45
202 299
281 201
285 118
120 201
155 259
286 52
143 205
60 142
270 239
26 105
133 163
68 267
140 268
46 252
11 83
5 158
63 101
169 183
271 89
51 146
295 249
298 194
297 172
49 83
32 56
54 182
97 213
118 144
6 38
55 193
74 162
247 264
72 205
30 216
91 113
106 118
56 278
273 16
50 66
46 105
102 255
51 104
91 147
82 265
32 136
75 189
65 188
32 89
272 242
150 283
36 175
159 199
49 99
49 181
271 276
26 131
72 292
111 223
43 269
295 190
4 6
34 248
35 92
76 193
280 238
115 143
113 175
39 73
102 236
1 100
293 14
170 242
148 213
138 139
93 238
82 226
2 8
7 78
175 298
20 237
297 171
24 274
117 266
279 141
66 260
186 274
163 175
17 273
43 250
34 205
21 191
6 116
297 186
34 163
197 207
169 175
119 162
113 287
154 232
146 274
50 80
80 261
158 246
4 86
13 293
171 199
167 169
285 226
214 284
181 236
148 267
106 166
116 294
72 173
166 242
2 195
146 270
81 244
32 278
61 65
291 103
214 237
71 212
276 277
8 71
153 239
169 170
40 160
296 288
110 130
16 18
117 198
139 244
87 201
239 267
99 191
25 263
273 14
34 263
87 250
276 49
133 218
251 293
155 176
178 229
91 180
76 256
274 138
99 296
96 254
292 91
15 98
116 211
118 252
98 193
145 196
25 152
182 243
56 143
31 214
29 206
269 272
299 160
210 251
274 90
64 148
63 144
285 70
292 218
213 271
246 276
286 106
37 120
284 208
84 91
76 101
38 129
293 170
31 160
41 153
293 254
6 199
285 193
130 228
70 179
280 146
257 270
17 88
193 202
6 185
123 244
48 82
110 185
160 181
131 144
216 245
65 235
282 50
88 145
72 224
177 202
115 184
245 293
88 280
10 254
60 103
55 251
30 190
40 147
184 187
100 255
107 145
70 266
37 118
281 78
287 12
104 255
142 268
1 164
299 194
111 254
191 206
293 194
130 166
276 165
42 120
97 183
27 181
154 208
165 238
45 292
59 152
27 150
95 287
210 287
128 163
17 57
185 264
288 295
39 204
273 168
124 220
99 182
132 176
241 254
211 248
37 98
66 255
21 141
116 210
11 220
20 112
114 146
78 279
271 246
44 104
15 138
97 216
206 284
108 234
57 206
189 218
198 210
4 99
197 213
90 257
289 173
172 298
78 176
272 266
87 222
195 263
166 252
38 89
143 166
107 281
129 269
184 242
88 260
157 297
29 203
194 278
217 246
13 180
46 98
131 158
57 144
31 148
63 161
9 150
106 160
54 246
217 237
5 9
26 159
286 41
122 287
279 42
164 228
19 267
34 229
108 186
280 204
18 243
72 287
57 91
12 258
39 226
95 144
94 272
123 161
62 104
83 299
98 128
164 235
32 116
53 269
53 65
1 149
25 247
97 268
89 141
137 208
272 284
1 47
57 162
40 154
52 67
182 223
81 173
289 118
256 282
140 289
72 236
47 297
90 177
227 250
145 274
192 247
297 84
47 148
281 0
180 198
10 49
22 113
155 249
144 197
163 249
14 94
96 109
90 262
190 232
6 216
59 283
11 251
21 71
272 120
18 208
173 276
103 194
23 71
28 249
88 188
30 286
273 175
205 241
113 227
284 172
99 177
184 277
291 27
40 137
103 240
106 217
121 176
77 100
39 152
30 261
4 88
19 230
30 288
295 179
139 163
134 214
39 131
293 196
287 109
141 225
132 273
117 130
11 250
24 187
116 276
151 286
183 252
5 191
207 278
166 180
73 87
127 151
68 177
16 44
280 121
278 30
175 267
149 295
296 206
21 163
163 172
10 114
1 138
95 198
112 158
48 104
134 254
138 284
154 245
132 192
61 199
47 81
145 194
25 139
0 180
245 289
27 143
67 103
103 298
288 293
42 135
253 293
105 252
276 112
16 298
282 10
15 63
86 257
22 108
121 173
215 278
140 143
276 216
26 27
20 60
145 234
28 43
60 279
37 42
60 198
144 295
230 265
94 216
236 267
115 132
284 39
290 196
95 212
88 248
137 263
142 223
18 261
172 259
251 288
65 97
281 227
36 189
7 281
144 264
169 267
7 144
42 297
88 270
71 115
106 274
240 262
200 228
77 177
272 160
98 209
41 169
75 214
291 237
133 295
67 236
128 169
279 0
167 184
61 147
78 203
294 126
272 172
277 233
298 153
72 253
249 268
110 200
287 234
24 192
126 214
91 221
67 138
42 48
65 99
207 280
2 272
102 238
286 160
138 272
261 277
7 146
73 298
43 66
3 37
130 134
71 132
6 98
106 141
69 74
90 168
53 96
30 199
191 238
5 138
93 245
18 161
141 263
133 292
11 82
18 167
151 239
129 160
84 171
61 67
246 262
78 249
271 14
272 113
211 220
177 295
26 46
100 174
146 165
114 157
62 207
94 207
84 200
156 221
272 220
287 143
147 159
70 169
41 125
15 288
165 255
6 222
160 168
184 198
21 75
281 197
276 239
295 71
33 160
292 89
130 202
20 215
193 216
16 108
4 73
49 80
63 70
155 268
277 1
125 148
87 266
281 296
82 183
84 257
30 98
80 110
286 224
272 85
81 226
158 267
287 86
63 234
11 210
50 269
273 84
30 68
24 160
250 295
118 283
187 208
48 135
19 291
272 101
56 91
90 211
247 280
61 150
151 183
46 244
280 201
135 294
9 218
65 191
2 217
57 63
132 245
20 239
142 157
273 254
167 239
30 240
254 290
56 153
44 47
28 95
28 219
57 129
192 238
121 234
93 146
58 229
194 262
73 167
57 67
197 249
119 172
272 110
104 222
11 40
261 284
67 232
284 243
182 268
14 39
2 145
29 63
18 287
7 81
181 289
245 257
32 260
192 209
251 278
97 222
149 269
177 237
34 187
34 198
64 249
57 131
227 228
194 273
285 90
13 97
270 60
82 181
190 245
204 282
4 146
236 239
54 166
3 74
165 239
118 134
78 133
230 254
18 32
289 96
281 50
290 51
289 112
49 89
281 117
115 198
17 145
74 196
30 46
86 140
66 287
94 99
23 81
174 195
88 264
177 223
66 141
70 227
4 263
179 248
123 131
272 96
62 294
48 193
254 297
294 13
92 282
282 152
239 284
39 233
129 264
112 215
98 288
17 178
36 193
21 95
5 276
93 158
9 33
88 266
137 146
79 87
20 207
270 97
78 143
79 178
275 195
95 234
150 211
47 267
111 228
40 196
3 292
146 197
45 120
4 74
16 104
84 122
8 226
151 192
280 118
12 224
282 155
270 51
164 278
62 97
144 147
181 205
207 267
152 172
213 272
281 237
230 250
172 291
58 192
93 292
60 276
110 149
100 289
140 191
145 267
270 234
122 158
149 162
209 275
87 187
288 260
110 167
69 273
49 56
286 102
2 150
292 259
69 103
95 178
108 187
45 61
24 200
117 162
74 226
103 125
162 165
290 148
65 135
59 206
118 124
113 153
51 274
93 161
104 144
293 144
275 22
34 220
93 126
71 93
10 125
3 289
11 297
28 193
11 174
28 120
156 216
281 71
29 258
271 134
247 291
90 96
274 8
85 292
147 294
240 285
163 199
296 212
46 72
16 40
35 240
52 193
169 219
18 203
188 204
160 216
161 264
96 98
267 294
94 102
98 227
217 221
259 295
37 84
13 14
125 178
51 86
228 257
34 146
6 111
19 234
51 183
31 32
63 89
283 120
91 149
82 144
128 244
182 249
59 191
72 129
68 104
20 255
138 289
20 171
294 102
287 9
88 90
142 264
227 292
214 216
114 275
0 169
279 211
25 191
293 152
287 43
62 147
47 226
188 195
47 239
31 252
176 274
90 269
135 146
282 216
297 76
35 143
236 240
93 261
72 172
183 221
157 213
47 140
103 214
115 294
294 19
271 124
69 114
8 277
168 251
64 188
25 77
182 192
288 46
257 272
6 189
183 280
139 215
102 248
276 8
6 60
282 24
37 203
77 96
164 188
5 54
25 64
279 35
15 31
31 62
74 205
160 241
279 37
296 37
40 46
96 182
70 122
145 249
295 278
274 153
280 8
245 253
90 193
285 134
51 93
296 250
19 162
14 204
275 145
294 57
290 91
275 234
12 150
129 265
136 242
87 258
103 201
39 47
58 210
181 266
208 240
23 218
43 261
220 282
287 227
280 239
299 82
293 57
284 155
35 229
68 134
30 218
94 123
101 286
30 73
135 184
275 52
127 223
145 250
175 263
89 152
9 158
158 206
14 163
268 281
190 239
76 241
24 249
43 107
57 280
138 273
128 146
27 296
73 79
30 249
42 185
229 280
3 67
76 202
50 137
85 255
144 246
65 276
131 149
11 254
117 218
220 273
291 141
291 264
1 161
206 288
14 76
296 107
59 164
25 220
179 260
58 238
42 260
12 118
271 141
49 284
31 94
65 74
264 265
278 102
58 111
63 104
46 164
167 256
92 211
135 241
298 262
172 230
173 226
135 287
164 245
128 243
109 166
2 68
104 206
234 244
39 209
276 248
63 79
164 254
43 67
73 93
54 152
294 203
135 243
168 245
298 86
110 129
12 49
178 249
50 180
127 149
143 285
119 128
152 254
15 170
66 254
31 213
130 195
43 176
99 137
55 153
142 207
42 238
12 123
39 96
133 291
274 70
182 273
138 168
292 224
76 180
56 119
20 227
291 53
293 179
98 297
21 248
267 298
127 299
4 265
98 260
19 129
121 288
11 215
274 73
21 275
175 296
197 222
17 132
121 186
274 7
122 166
7 70
39 87
133 162
185 206
293 275
104 105
155 171
82 123
15 152
205 249
80 106
292 131
136 139
71 96
295 183
99 148
296 138
292 95
95 263
248 270
126 168
208 242
108 245
160 213
79 86
137 297
84 143
75 163
47 71
74 188
291 254
120 284
46 73
118 140
183 299
12 267
39 178
207 210
47 65
90 222
16 226
295 275
14 137
138 256
93 124
133 198
37 251
156 180
177 271
1 15
123 207
54 164
282 9
175 294
43 114
87 288
56 235
64 80
51 256
104 212
126 165
246 269
51 67
290 225
3 201
1 230
35 201
74 115
42 72
120 160
4 173
124 199
290 169
89 262
35 56
293 91
46 52
278 69
134 247
280 65
285 124
25 296
99 163
146 156
72 220
188 210
105 293
89 140
129 217
245 267
120 138
240 248
132 266
38 160
47 221
162 192
131 296
15 92
112 148
184 264
116 258
171 205
297 45
65 180
92 288
10 134
128 282
31 141
226 241
153 238
52 242
228 240
90 243
98 194
21 151
223 298
30 253
122 279
91 222
138 177
189 209
88 175
294 66
178 219
62 81
144 277
21 59
12 142
86 107
105 135
26 291
113 238
77 222
209 261
44 227
67 86
161 209
145 221
25 171
39 185
113 208
12 143
98 139
79 85
73 206
52 71
104 270
85 153
95 179
141 195
86 262
286 253
204 223
62 216
38 258
61 223
85 281
279 139
276 17
11 275
274 139
296 139
93 199
274 0
130 263
30 282
268 277
292 110
83 262
234 246
91 191
134 203
110 183
191 254
296 275
100 226
156 255
121 250
176 296
126 287
272 97
56 260
16 214
279 20
3 228
248 261
104 129
159 160
26 139
173 246
135 148
20 107
160 257
85 251
179 225
92 220
201 212
276 159
32 94
51 269
5 145
283 209
116 124
136 241
282 55
84 220
6 40
253 299
87 100
10 152
20 282
299 232
293 117
91 261
296 217
206 229
283 251
50 255
19 41
216 250
71 199
0 141
34 99
78 204
294 27
165 171
159 184
81 94
172 193
20 179
32 246
30 275
22 183
60 84
7 178
49 57
199 202
35 128
121 257
272 211
81 248
196 240
211 291
68 221
294 257
30 187
273 96
80 292
28 202
24 80
159 188
77 129
26 103
80 258
90 152
59 251
276 176
37 209
53 62
292 228
43 162
269 288
157 168
109 154
133 176
44 53
9 52
290 176
103 164
156 293
202 240
271 288
40 206
137 298
64 195
210 216
146 209
194 234
53 56
178 235
34 270
121 278
270 274
162 212
94 151
73 278
170 223
55 174
280 5
291 269
38 102
23 296
160 294
246 252
299 149
83 248
142 177
212 230
40 82
89 135
33 96
28 137
65 212
61 115
101 109
19 56
92 237
37 50
20 259
169 283
6 267
30 59
90 223
66 71
103 254
35 287
122 150
233 261
95 133
212 269
200 241
175 204
243 244
126 297
236 253
65 169
15 179
40 168
277 109
12 278
85 159
56 249
20 139
84 169
112 293
43 129
165 210
124 180
192 295
225 246
190 260
18 202
167 221
67 153
40 214
109 169
29 112
170 183
33 130
68 254
0 155
41 62
295 251
2 232
298 109
113 119
262 275
286 173
5 181
3 30
48 276
8 49
39 112
299 50
287 46
51 194
113 294
16 244
142 261
198 267
299 267
153 157
113 117
32 40
1 172
41 271
59 268
10 100
28 119
294 180
298 30
31 48
38 193
170 178
289 254
274 213
103 290
99 189
141 257
271 21
289 235
77 99
276 10
196 264
106 238
90 151
168 242
149 197
123 208
64 85
276 16
202 259
75 172
36 226
232 239
78 106
39 148
57 102
105 166
41 167
103 241
25 120
246 283
83 287
282 91
53 219
13 285
74 198
3 269
208 228
175 222
19 165
35 282
275 87
61 178
282 275
134 246
83 140
30 159
231 241
99 195
292 243
14 162
73 140
178 201
285 102
191 224
86 136
125 160
176 272
3 128
233 279
142 235
96 130
27 125
85 148
111 190
22 248
28 60
104 249
135 216
124 132
299 17
47 144
130 220
288 135
1 57
234 278
281 234
276 147
112 249
0 9
170 212
3 109
146 177
134 263
138 180
82 254
292 71
38 57
70 103
91 133
198 207
14 251
15 123
151 199
290 182
29 122
60 287
157 199
86 247
137 181
180 298
66 293
111 172
119 177
20 133
49 291
201 279
133 282
201 250
28 72
15 246
229 289
100 206
134 211
59 129
75 277
2 289
159 196
18 266
159 224
76 268
28 121
127 216
297 271
294 169
287 266
276 71
244 264
15 177
285 224
57 81
90 238
82 92
274 192
47 166
115 140
57 70
131 245
158 269
252 254
257 296
196 207
63 235
271 36
292 81
273 184
28 185
99 297
287 58
118 262
125 203
72 102
58 215
153 183
162 265
131 193
101 131
40 180
125 245
189 202
147 191
272 100
293 155
63 292
65 75
11 79
271 250
137 222
145 226
25 203
227 239
8 119
295 228
286 51
280 91
280 142
124 204
277 3
277 217
271 5
147 181
133 181
24 42
121 256
142 286
172 246
54 281
7 259
194 231
283 18
193 291
82 170
91 137
88 221
252 257
109 269
22 111
19 95
83 298
178 259
276 126
95 131
27 101
16 85
66 112
279 56
77 106
71 147
95 214
271 100
105 247
117 159
110 282
136 222
266 278
5 224
90 170
289 35
101 254
64 258
282 98
188 262
105 185
172 178
40 143
26 298
279 120
170 240
211 264
49 51
12 259
49 153
207 285
117 212
90 194
169 217
54 294
30 260
156 208
59 228
273 35
98 116
138 233
271 232
85 218
144 206
244 292
73 99
16 191
209 256
114 256
81 164
21 298
267 296
299 87
26 39
54 124
113 127
40 70
117 119
80 97
56 186
183 251
274 206
74 233
86 246
98 136
9 13
172 256
133 215
293 195
138 184
182 190
109 111
133 236
281 19
51 57
256 272
82 263
209 249
119 176
296 150
143 272
12 160
139 228
22 159
271 101
18 276
3 131
127 259
89 246
107 263
281 122
281 259
88 169
152 186
294 268
105 238
12 250
238 269
181 225
230 235
119 288
46 138
103 106
286 182
274 259
41 193
9 256
206 250
66 173
72 155
60 155
294 96
49 103
5 107
270 135
110 192
157 220
142 226
65 186
210 238
284 203
171 209
0 258
81 252
290 37
37 145
43 275
220 256
129 175
78 250
38 87
280 177
116 148
128 162
102 170
20 96
33 253
165 256
291 214
14 158
136 238
289 66
31 255
54 203
298 257
276 113
111 117
51 63
146 181
274 59
124 235
76 148
135 263
4 271
3 18
283 6
41 235
165 268
141 273
39 263
33 242
106 283
121 153
202 262
299 69
68 170
22 201
32 88
273 165
68 283
195 203
126 199
53 260
71 170
0 285
8 96
27 78
61 138
166 170
107 248
10 94
130 274
275 58
38 92
2 100
207 246
49 251
144 248
72 176
179 226
28 129
71 257
132 221
194 277
280 42
201 241
236 249
142 281
54 141
10 169
40 198
6 118
160 211
29 105
9 197
172 275
1 281
298 279
291 268
1 188
57 109
120 169
97 263
227 231
35 209
237 251
290 152
24 72
287 223
139 167
45 212
64 96
186 293
11 190
296 163
69 287
56 97
33 48
295 171
276 38
19 152
13 259
109 146
62 107
297 2
78 275
292 182
282 22
141 163
50 173
58 262
125 253
33 239
52 63
20 47
95 157
155 195
17 249
89 136
149 220
51 150
69 283
151 262
194 202
242 285
99 154
292 222
296 118
28 252
46 201
290 58
85 236
223 230
65 171
143 161
20 78
152 269
273 211
22 250
193 287
146 290
38 233
30 87
68 128
126 251
63 174
172 179
211 299
68 290
275 175
289 148
270 73
287 209
171 226
190 197
41 76
31 33
77 131
293 33
145 270
12 154
27 35
52 112
189 280
99 299
71 118
185 286
127 220
40 254
2 255
207 223
218 286
30 165
290 275
295 219
51 283
86 279
150 266
242 294
34 73
131 239
7 21
69 102
92 142
191 232
53 246
61 274
166 271
90 217
90 125
59 245
279 256
276 185
81 286
59 118
64 181
144 265
35 257
13 182
32 148
7 34
70 97
41 236
10 139
112 277
272 76
174 267
142 173
82 233
38 118
21 150
24 169
205 207
285 58
40 188
233 240
61 95
33 114
169 258
28 34
31 241
28 191
177 290
132 232
108 131
69 121
131 220
290 170
279 184
24 170
232 243
89 119
88 182
298 217
230 236
128 270
281 232
44 101
279 19
52 86
7 260
117 289
55 238
125 218
11 180
50 92
203 238
163 267
115 291
281 183
85 225
10 232
106 251
271 11
36 127
140 249
39 82
173 271
46 159
271 283
275 82
281 105
82 126
271 235
66 177
282 179
215 264
89 288
95 296
16 67
295 104
123 252
141 150
173 212
59 127
93 131
10 172
168 299
28 234
25 72
10 60
113 136
42 270
112 234
165 208
73 239
24 278
297 106
100 122
186 228
205 248
47 54
277 211
24 272
12 163
66 267
289 15
87 140
242 244
43 139
42 73
288 114
250 283
69 180
281 223
162 262
109 132
169 230
284 1
59 258
7 229
125 223
273 53
81 266
15 115
197 265
209 270
118 272
39 160
57 107
9 229
36 147
239 266
1 101
52 188
1 259
94 275
132 173
83 125
57 121
253 288
78 185
38 237
36 212
116 224
50 228
283 217
3 233
63 252
0 146
153 235
99 184
86 217
165 297
102 127
89 273
58 104
209 246
39 293
276 265
288 23
189 248
4 23
280 10
197 272
278 123
53 235
162 256
180 183
271 263
60 248
140 248
28 194
87 226
66 259
132 265
117 137
38 239
53 165
192 197
125 146
212 245
293 101
103 191
259 282
276 24
35 253
14 119
38 252
297 32
298 195
49 216
42 222
156 225
274 137
268 275
9 242
187 202
78 152
284 235
18 63
284 108
22 253
271 1
75 149
100 244
65 112
251 260
29 142
50 142
172 232
75 124
201 271
118 169
285 200
142 252
40 170
23 56
143 291
154 250
62 87
64 202
74 230
9 138
23 47
278 99
299 86
148 246
2 87
79 186
276 225
102 251
33 257
222 277
98 148
237 255
8 34
136 189
126 159
17 223
222 284
72 133
295 6
5 194
236 238
37 113
1 26
44 105
200 295
208 264
195 226
8 23
147 167
276 237
143 256
285 111
36 144
53 242
282 7
184 257
292 220
75 269
223 294
122 209
108 272
97 226
293 108
39 164
82 214
273 258
127 194
129 210
201 258
0 68
13 89
200 258
11 100
78 181
88 139
273 56
106 282
283 193
47 243
73 109
77 298
89 168
14 285
97 278
2 221
295 147
16 103
90 247
0 6
70 294
32 198
65 149
87 169
193 264
19 242
64 162
174 222
4 69
237 262
6 204
11 233
17 103
273 200
67 192
19 257
297 54
43 140
174 240
220 247
298 128
284 75
135 255
206 228
51 109
72 290
251 269
47 277
272 162
286 59
13 115
10 109
161 211
283 152
34 228
41 165
5 51
145 243
92 96
145 170
5 193
285 191
271 7
24 150
54 89
232 236
280 20
122 213
108 297
160 252
48 72
131 246
155 233
192 225
179 287
277 85
77 230
30 226
231 290
4 105
278 134
164 286
16 232
145 152
278 100
31 123
23 268
122 249
79 130
100 192
102 169
297 14
31 59
12 239
288 183
275 12
280 155
118 149
62 164
288 207
278 131
69 116
25 55
3 178
275 55
26 66
178 185
276 268
71 119
295 169
39 228
280 245
106 216
271 170
129 268
31 100
25 80
84 245
69 225
141 167
64 103
166 275
67 168
168 252
88 192
28 242
15 162
291 62
162 186
14 128
119 152
181 263
41 228
