148 225
25 223
154 45
234 7
199 165
174 52
6 132
156 232
20 139
59 154
197 16
114 153
226 63
36 219
62 131
30 39
19 212
111 190
142 168
202 60
198 67
145 101
24 150
194 62
47 107
123 209
227 105
118 236
246 31
126 243
45 108
3 188
141 91
11 111
83 125
220 15
98 113
77 150
227 192
134 58
158 64
209 206
139 45
180 104
129 173
176 129
44 159
195 210
78 160
55 78
46 112
208 214
203 60
235 151
10 17
110 121
57 213
32 182
221 173
8 32
17 41
109 158
75 80
244 100
131 52
174 32
234 23
125 180
40 42
81 213
141 123
57 174
57 162
20 199
68 173
134 66
135 45
129 141
205 69
31 211
220 33
117 192
237 92
211 65
146 75
241 100
168 40
225 55
24 170
177 154
44 62
113 131
225 48
113 216
134 21
198 229
219 79
141 235
98 147
71 146
67 179
1 58
72 111
64 148
124 152
124 131
242 26
30 70
166 25
54 210
92 163
178 115
102 192
36 135
228 118
140 114
245 122
63 222
134 9
170 116
13 47
139 230
19 76
155 85
196 155
170 92
184 10
4 35
74 138
46 228
148 60
232 195
204 49
18 208
91 186
37 145
51 52
158 243
152 99
13 167
218 25
110 162
137 80
56 157
80 140
113 197
106 216
147 47
34 234
39 65
11 95
158 93
191 109
181 95
143 161
47 136
11 82
135 39
81 85
114 118
5 180
84 153
3 237
58 196
214 91
165 14
78 145
17 209
0 57
74 140
73 189
175 90
15 77
238 69
12 119
249 14
62 83
230 59
19 115
160 100
182 3
39 223
215 77
25 182
104 114
211 111
115 153
135 110
99 208
31 162
9 152
73 164
184 52
248 173
200 75
212 76
73 203
147 79
152 89
206 1
180 159
109 234
178 92
246 17
155 36
176 76
126 194
87 136
202 81
28 215
146 2
119 183
56 160
120 170
15 161
11 212
119 155
212 70
154 219
67 116
174 95
13 205
212 84
107 164
60 100
56 242
187 120
213 123
216 108
117 237
56 96
247 192
212 134
14 46
142 16
141 97
171 73
201 6
165 81
48 121
183 27
128 154
80 235
125 164
215 152
189 125
91 140
181 244
144 125
121 249
144 161
169 76
234 5
205 126
30 186
137 229
8 17
42 235
7 12
8 69
218 193
215 122
29 140
78 82
237 132
183 212
206 128
221 127
56 149
31 108
241 104
169 82
162 92
158 123
8 222
222 124
223 71
31 58
120 194
157 181
5 192
224 42
237 67
30 76
215 100
187 183
110 219
182 49
27 239
240 2
208 11
206 53
55 91
249 53
68 85
208 51
51 95
240 106
79 220
162 41
222 196
156 107
188 120
211 91
222 70
172 98
61 187
73 202
147 64
84 177
76 235
16 227
217 76
203 122
243 230
222 60
204 105
80 188
0 34
161 173
86 110
98 214
220 211
8 86
17 224
101 211
156 30
217 229
104 222
227 143
20 92
12 131
124 135
23 99
178 112
173 21
81 139
22 164
193 192
165 16
91 153
22 84
172 236
49 199
170 17
137 82
221 212
238 34
79 114
200 244
155 206
187 105
161 209
241 112
154 98
146 50
20 141
126 227
9 225
27 234
23 55
37 102
202 64
141 109
51 56
138 55
5 25
246 26
23 108
134 48
73 216
71 135
113 116
193 111
50 85
16 47
207 156
12 246
50 203
140 189
42 207
19 237
149 58
25 130
14 71
129 138
116 238
87 152
119 223
1 134
213 9
153 30
81 90
8 66
112 222
164 72
217 22
78 165
173 211
40 100
95 206
194 4
19 205
131 92
145 177
69 92
37 115
148 119
233 83
139 109
16 141
243 85
231 58
3 128
214 205
220 7
236 116
225 13
53 199
46 64
0 126
158 79
222 132
37 147
6 146
51 80
240 206
180 212
115 176
42 86
95 148
244 101
240 70
169 40
62 203
204 34
60 212
9 69
163 52
184 243
42 200
68 239
246 101
114 146
193 23
5 39
2 8
0 60
63 83
48 53
147 19
36 64
94 175
100 116
136 114
0 197
97 215
109 235
230 189
188 153
36 162
191 192
17 211
74 128
63 219
204 76
0 37
46 79
203 80
24 154
12 60
5 23
246 198
159 189
0 129
77 226
87 245
53 148
191 151
150 69
153 94
209 81
146 25
172 56
241 67
2 178
142 4
18 249
148 77
235 24
123 140
137 91
52 94
46 226
136 123
186 44
19 60
129 134
45 179
205 98
178 6
188 75
110 171
228 67
5 222
7 158
211 151
33 114
39 245
137 78
173 15
117 206
202 16
80 196
190 207
127 187
215 194
205 60
145 31
123 202
38 217
18 47
241 30
219 75
195 52
240 54
147 85
193 80
215 187
65 146
69 218
249 102
27 190
47 101
226 248
42 53
199 119
35 166
216 115
143 207
182 2
123 167
109 180
147 2
218 107
78 81
174 67
12 230
151 102
50 244
5 112
37 189
129 193
154 235
56 92
186 42
41 198
147 226
175 44
118 224
176 111
52 215
216 98
169 85
41 207
48 241
78 153
16 92
148 80
30 249
47 226
209 83
115 220
54 151
18 88
170 63
185 56
127 205
4 62
12 234
164 103
18 80
137 141
33 84
214 38
22 112
21 27
167 105
46 53
92 113
165 65
165 54
157 47
140 48
193 101
27 218
137 215
92 190
138 34
94 163
152 123
207 31
167 53
131 117
0 1
146 66
26 229
44 225
139 36
20 42
90 155
239 178
222 98
66 105
167 38
234 173
160 183
213 48
128 162
116 202
182 72
140 98
27 81
225 56
17 125
70 99
157 19
80 156
9 14
93 157
162 87
174 80
124 229
110 133
29 167
237 154
105 110
146 185
136 132
224 39
244 11
176 105
17 248
167 191
218 131
37 47
2 22
186 6
122 177
145 152
120 217
102 201
112 206
210 180
162 38
170 146
119 247
116 153
136 45
15 88
111 223
124 231
150 123
139 42
212 100
44 120
158 111
239 104
34 66
249 60
203 161
155 185
66 84
158 54
165 33
54 123
131 184
2 24
0 67
13 137
13 36
6 99
235 108
221 66
134 211
108 118
95 195
198 9
19 230
206 7
34 151
187 145
109 243
12 104
175 80
238 127
45 71
217 154
79 221
30 65
24 228
168 91
34 82
205 233
115 232
91 224
194 228
172 190
14 79
60 78
157 230
91 112
212 155
99 134
237 221
18 97
90 174
226 24
18 219
213 90
121 205
49 57
221 119
213 107
235 48
41 107
0 20
220 41
245 96
130 236
18 188
29 79
118 227
80 109
207 208
39 75
108 249
157 28
189 115
42 243
240 81
135 181
246 80
131 188
210 107
208 94
151 2
197 155
165 122
164 34
140 106
189 0
37 83
172 128
21 60
144 45
240 211
133 234
144 44
116 134
181 78
183 66
44 83
221 215
132 109
19 135
3 143
195 50
146 118
47 52
144 34
42 88
170 9
125 205
7 51
92 206
140 152
105 129
227 24
146 95
244 98
17 172
98 144
232 1
4 66
43 58
160 246
232 217
123 240
20 27
153 111
239 99
26 241
69 126
145 220
232 134
150 80
218 106
73 173
4 127
82 118
209 10
201 9
136 39
31 151
68 206
215 95
18 227
230 213
209 223
72 101
93 197
212 213
42 70
218 85
55 181
134 113
128 222
70 232
208 101
55 152
131 5
133 107
94 225
38 85
248 125
62 235
240 94
214 29
2 132
90 117
68 154
69 120
93 209
231 46
50 122
65 112
122 147
52 107
241 168
177 206
131 28
39 164
159 125
24 33
80 213
236 95
207 83
186 195
40 215
0 226
96 101
112 166
52 144
4 248
81 92
11 87
95 192
48 96
202 46
139 127
14 232
98 207
51 246
135 207
171 21
233 114
229 103
223 168
248 225
3 79
158 114
128 176
41 214
15 202
167 14
33 181
168 215
28 111
100 198
61 73
141 142
104 191
6 159
227 98
183 221
154 64
168 224
218 230
155 49
248 116
51 220
161 73
229 18
146 225
209 23
21 43
62 233
207 162
2 186
7 106
198 180
82 147
7 231
132 144
52 173
6 82
105 113
31 171
60 137
243 36
36 197
151 37
17 140
126 188
237 83
173 42
225 219
52 97
53 137
194 35
118 212
12 218
48 177
70 82
202 27
193 84
187 58
148 228
184 227
150 96
123 125
22 93
72 107
104 121
6 81
50 249
240 158
145 68
30 38
53 226
84 111
206 222
21 136
8 30
96 196
175 207
52 55
86 165
46 217
46 239
4 39
136 201
8 89
24 73
14 120
82 221
165 131
16 133
185 142
1 125
14 123
236 25
137 198
211 108
224 29
185 164
180 15
180 215
135 174
7 189
57 117
171 102
233 58
156 23
84 201
14 173
194 93
175 233
184 39
26 64
241 156
21 235
193 188
146 103
234 114
199 5
166 245
204 4
90 233
226 114
146 93
169 141
41 168
110 129
162 195
94 173
87 145
117 156
19 133
60 172
186 127
21 239
62 231
243 211
178 89
142 160
138 175
173 0
242 122
11 76
132 10
96 145
146 72
3 244
161 245
70 178
51 116
7 56
100 219
186 249
198 32
242 210
201 25
121 222
161 220
145 71
55 201
29 211
199 14
245 230
243 114
243 127
172 16
2 82
11 172
107 233
24 188
197 11
22 118
108 152
93 112
120 134
137 43
96 102
215 101
163 96
0 160
242 67
233 55
84 117
68 223
159 246
17 178
21 230
53 168
117 185
66 204
160 185
166 55
196 38
80 136
208 95
224 93
249 3
126 171
52 56
218 211
226 28
67 120
207 227
80 126
241 194
166 5
162 76
246 220
219 122
16 171
162 56
119 127
221 5
140 60
199 167
210 66
169 70
171 26
147 104
70 71
9 95
46 121
39 72
25 34
23 182
122 223
102 129
190 20
154 121
118 135
237 144
52 105
243 92
176 133
220 0
16 147
21 133
225 15
151 20
194 36
7 36
211 188
195 42
47 127
214 10
18 135
129 145
140 246
237 26
119 235
42 209
102 223
212 233
188 106
115 247
21 63
6 197
26 152
208 234
233 56
164 38
79 131
113 126
148 31
236 129
209 177
57 65
219 38
131 45
33 110
155 7
5 231
74 144
98 117
29 170
87 150
77 132
40 185
59 61
79 146
93 177
65 154
248 47
33 104
79 129
80 199
183 249
185 200
196 115
11 46
194 30
25 179
236 133
216 197
74 247
79 117
210 60
157 34
147 229
25 111
153 227
172 79
29 111
30 169
174 87
175 178
94 146
244 185
170 241
34 188
62 82
86 123
50 132
73 144
55 106
123 205
70 111
90 137
146 130
72 238
219 55
239 215
12 57
171 85
23 104
72 203
189 108
38 67
158 41
29 196
145 32
221 75
13 242
105 209
104 133
96 208
188 61
13 195
50 99
239 111
2 52
130 226
47 114
235 28
127 141
144 113
23 160
128 220
102 159
47 217
42 142
206 185
1 37
24 116
172 90
138 8
12 223
141 94
146 135
245 154
67 195
31 161
39 96
180 32
138 154
239 82
29 34
123 207
97 131
137 112
105 169
143 224
49 129
188 70
51 225
64 218
142 59
122 228
90 153
67 205
172 39
117 240
0 142
104 195
29 124
105 231
238 121
18 136
140 1
161 89
126 167
219 192
214 31
161 30
151 16
21 78
178 33
187 152
240 10
3 127
183 143
159 113
224 226
88 205
236 65
50 54
142 78
176 43
156 33
114 173
149 139
163 125
23 72
127 137
154 221
30 163
0 195
183 75
34 235
87 240
221 109
238 196
165 69
224 18
43 132
207 34
247 175
99 112
172 61
36 121
82 97
98 174
206 181
232 152
69 85
15 207
163 57
165 120
64 79
169 45
248 128
29 135
226 14
190 164
11 127
10 45
105 116
17 116
13 39
168 57
56 85
55 163
222 242
108 147
212 119
79 144
153 77
116 237
141 122
219 121
167 41
72 166
62 172
172 103
6 193
146 221
19 241
13 48
100 203
141 173
243 119
41 52
44 213
227 43
133 102
27 45
35 132
93 128
249 156
201 112
84 139
237 50
1 23
248 29
54 201
122 138
25 137
142 40
9 10
199 109
34 89
160 42
70 187
114 219
142 85
75 123
208 85
211 132
83 97
210 241
154 81
224 116
40 138
231 31
156 209
185 37
16 131
236 136
140 191
33 180
33 88
189 92
128 131
3 107
211 90
11 26
18 35
171 111
188 96
93 98
236 232
105 120
77 165
71 211
159 105
230 148
23 230
181 13
128 183
40 204
220 30
43 130
46 76
105 144
9 236
9 132
39 159
51 79
36 186
226 34
3 154
238 53
232 11
46 186
113 190
47 51
234 21
19 55
230 194
13 188
200 230
31 35
233 28
75 241
4 93
23 135
141 92
93 200
152 14
88 230
78 241
247 210
59 185
214 125
162 72
173 167
121 129
169 238
40 149
9 234
78 103
144 213
206 190
121 162
150 118
179 72
5 113
241 4
48 212
248 129
26 231
42 68
20 177
28 159
141 156
9 209
71 143
247 48
110 210
195 20
229 55
97 122
23 76
11 164
242 112
52 69
99 225
237 140
158 125
119 138
13 147
40 244
156 65
92 99
100 185
193 241
95 235
106 113
70 128
32 231
232 75
93 133
115 138
136 23
187 114
66 249
186 83
212 63
104 226
152 67
146 195
148 114
203 101
27 221
191 115
151 179
207 43
29 231
48 107
181 87
166 130
89 160
152 68
151 126
69 102
219 43
134 60
239 65
247 113
107 178
25 180
186 108
18 169
66 136
157 16
164 85
230 68
55 180
168 243
84 154
177 121
7 27
25 183
238 129
55 211
3 84
166 151
201 224
185 201
18 210
149 50
136 162
164 62
55 84
10 46
72 173
234 118
142 201
221 83
182 126
21 179
130 2
69 115
59 198
232 213
12 197
188 142
41 206
42 125
56 226
111 227
12 137
156 131
207 40
248 39
191 137
124 142
162 200
63 159
27 225
215 93
30 144
131 19
55 128
37 126
58 96
205 219
113 121
218 3
244 197
20 50
74 165
75 242
174 195
40 143
170 55
180 19
227 151
19 162
205 154
33 214
160 126
139 71
34 113
16 68
7 233
30 159
68 153
43 72
171 24
25 44
0 98
52 147
56 204
241 65
159 100
152 40
233 89
243 48
34 227
109 126
226 73
194 49
96 107
87 169
172 102
204 124
17 238
33 75
32 197
16 220
214 216
24 121
26 76
246 79
154 108
169 129
186 67
70 185
201 63
230 107
43 78
241 128
235 219
90 129
203 128
40 62
212 104
123 229
245 23
133 242
195 35
190 117
31 218
109 248
247 114
160 8
185 163
243 141
86 153
24 42
234 103
239 194
102 220
116 123
106 154
7 22
12 50
167 121
142 89
96 128
183 93
135 32
123 124
186 17
228 187
32 195
15 23
146 112
194 129
60 108
196 67
162 10
193 244
192 49
195 26
69 122
160 129
17 212
202 3
213 103
16 70
83 108
135 78
73 210
74 233
33 142
145 122
28 192
17 138
51 62
66 154
111 220
98 228
221 76
103 199
243 8
141 47
147 115
180 193
160 161
26 220
217 70
143 89
25 235
3 178
72 122
39 115
86 208
147 179
221 53
199 172
37 202
40 206
53 83
206 19
150 73
66 201
74 90
52 79
136 125
161 188
191 82
223 77
57 237
54 222
137 245
15 196
62 134
47 132
156 124
50 93
39 122
52 233
78 192
22 103
173 230
143 234
67 75
74 147
73 206
53 142
225 42
141 27
46 192
210 52
237 53
109 228
220 172
89 157
4 120
230 110
36 69
32 212
128 219
141 49
153 52
231 38
38 201
156 112
116 187
38 71
233 127
70 244
203 7
169 162
182 28
26 203
220 92
13 84
203 149
168 65
181 154
42 62
60 159
225 143
99 199
15 145
110 130
31 182
28 206
41 161
75 115
226 30
83 138
114 174
63 221
158 210
9 146
28 49
240 59
189 79
191 218
221 131
211 125
175 92
206 57
1 50
10 76
3 95
18 24
42 210
139 26
79 234
72 124
32 36
179 83
157 20
221 69
136 248
179 102
215 51
196 105
14 103
72 134
153 242
47 139
69 196
90 206
111 177
216 52
60 232
170 187
102 200
65 245
166 34
74 116
32 53
16 224
224 96
234 127
238 231
76 213
198 249
139 129
35 60
5 174
122 243
34 77
30 51
43 217
148 236
187 181
216 176
116 240
18 51
242 79
209 227
138 24
146 36
149 242
206 239
191 163
37 93
100 117
215 82
210 12
233 5
108 232
36 210
233 126
12 106
208 125
118 173
157 24
44 230
220 181
227 54
85 212
159 0
223 4
228 30
3 77
18 58
166 129
79 181
244 213
174 23
204 201
186 184
18 222
243 46
153 38
138 7
96 142
184 22
26 138
30 143
227 21
68 156
9 88
171 49
21 98
64 249
156 71
158 91
32 69
200 24
161 8
92 247
188 207
230 209
228 210
244 66
174 185
152 195
91 145
41 102
90 235
111 168
215 128
66 178
181 67
90 122
46 61
122 211
35 161
183 162
48 209
133 67
94 217
216 8
43 143
161 77
16 209
115 168
73 141
63 179
87 176
198 214
163 210
206 81
115 134
9 67
239 0
26 52
99 205
134 24
68 99
47 192
187 154
233 242
27 63
91 150
211 28
186 18
236 39
62 120
87 217
2 16
204 243
9 193
142 140
140 79
158 55
95 228
22 175
99 143
75 213
181 204
189 5
159 162
149 126
92 176
37 52
10 190
100 184
56 105
120 207
97 236
149 79
157 136
113 206
233 73
121 209
167 198
32 210
173 23
215 198
30 192
56 67
70 201
53 72
51 100
90 214
6 53
229 102
7 239
99 137
35 160
244 9
137 27
0 165
99 159
243 179
56 89
238 216
7 46
2 170
207 117
85 118
182 66
96 123
156 97
196 99
18 63
100 181
98 246
137 47
210 132
172 186
144 150
5 190
230 149
138 46
179 125
212 124
36 44
29 194
131 73
41 146
241 220
7 166
45 212
25 35
179 97
134 235
199 77
89 165
141 72
6 222
221 249
201 15
58 185
208 112
22 241
219 111
247 25
27 50
147 175
135 28
152 49
25 225
31 205
169 148
9 111
35 179
147 63
70 220
66 106
81 183
40 86
24 81
154 92
131 99
59 224
92 184
133 96
232 167
70 157
61 160
185 43
57 129
87 107
64 185
247 101
197 76
39 67
113 166
6 118
20 183
33 115
230 81
233 154
172 101
18 237
46 128
186 224
228 47
230 100
37 219
236 99
96 239
166 101
229 27
135 100
176 74
190 154
16 140
80 108
228 75
130 125
208 105
178 20
128 159
242 177
155 26
239 55
210 49
182 104
111 123
202 177
157 240
76 226
185 27
8 100
229 13
79 231
84 85
106 168
69 100
143 196
218 77
109 233
71 138
168 32
226 168
140 7
31 80
33 230
144 64
25 46
230 3
108 114
74 191
221 47
17 104
62 124
215 192
112 174
131 51
149 72
65 125
178 117
99 242
61 243
39 219
204 192
163 34
37 223
193 92
75 223
79 179
7 66
172 27
221 21
58 158
140 19
52 119
189 19
27 47
200 95
157 99
115 180
40 182
215 13
62 122
23 115
85 204
13 71
116 208
28 140
67 199
235 210
135 220
191 91
176 45
193 47
193 207
237 186
162 238
186 57
8 83
180 39
130 14
128 169
116 143
71 187
53 202
142 137
58 74
133 94
75 157
222 34
130 152
174 219
162 176
36 208
239 122
245 223
128 228
156 116
54 57
73 89
23 36
52 191
21 232
213 13
25 189
241 93
226 122
79 222
152 80
180 14
226 144
185 105
132 63
151 218
160 149
179 246
180 83
125 134
96 162
143 19
120 143
39 196
14 189
25 248
16 54
27 112
100 157
239 225
204 116
248 122
245 47
245 11
218 47
89 94
201 240
76 220
175 116
221 56
183 51
139 96
145 124
6 9
243 105
18 181
248 80
36 38
3 207
53 150
130 74
141 241
136 228
61 175
146 124
209 240
241 99
25 170
48 210
140 105
54 198
173 18
208 155
80 166
198 47
35 94
135 22
43 60
145 20
170 28
58 186
229 87
102 161
229 81
197 119
2 45
79 233
190 208
98 111
51 97
210 217
239 197
195 107
213 115
23 187
63 84
9 199
76 230
66 96
41 148
205 89
168 50
147 81
245 74
113 157
129 154
39 142
111 119
244 240
227 22
187 168
248 23
52 92
144 27
6 117
240 0
119 126
112 121
68 171
140 126
247 77
40 131
82 248
35 127
118 200
66 226
65 194
249 117
191 108
142 155
207 23
9 73
1 188
134 6
129 133
171 100
17 77
67 229
148 102
147 145
18 139
63 150
71 76
248 103
133 24
117 153
184 17
248 207
130 69
183 102
192 115
199 24
90 161
201 20
185 32
78 199
186 74
176 224
159 16
98 150
74 124
165 241
224 238
211 183
46 224
234 24
100 235
214 117
183 104
47 142
226 78
217 112
50 170
165 12
121 147
132 0
165 110
124 218
101 116
184 169
189 188
89 203
5 207
42 217
176 187
223 196
187 207
142 133
95 191
45 120
186 235
223 217
69 186
57 175
119 120
120 190
209 90
23 180
1 73
164 45
147 75
113 196
32 193
137 114
158 159
227 194
205 112
189 96
93 130
107 205
109 217
2 10
190 193
23 58
145 225
190 98
110 149
154 87
95 188
185 245
0 39
7 185
145 34
213 15
138 203
118 126
24 113
210 117
246 241
234 53
154 111
8 85
81 156
63 141
10 26
153 1
28 152
236 204
192 98
173 38
194 155
91 231
247 206
173 66
229 56
67 175
143 33
19 150
24 108
65 240
181 125
36 133
246 40
188 71
70 214
245 222
1 228
47 84
75 142
198 66
172 33
136 93
228 94
116 191
171 99
86 134
149 155
158 144
96 181
135 12
211 182
75 129
207 194
186 73
183 213
199 230
49 154
168 146
124 155
207 116
183 22
20 214
170 240
97 206
189 224
164 92
245 40
211 75
91 92
205 1
63 174
102 155
104 128
72 97
244 154
107 185
180 64
89 242
102 231
123 247
2 78
158 130
177 3
25 100
219 31
70 204
104 112
171 190
131 29
63 243
92 108
36 148
31 201
27 32
174 142
36 40
151 98
96 216
225 128
247 143
45 110
85 99
220 42
127 190
239 95
144 84
7 79
12 36
99 237
199 212
133 120
187 44
210 76
170 6
104 198
5 17
178 14
41 43
9 219
81 227
75 97
173 116
144 72
104 150
138 104
88 93
111 198
97 182
9 87
223 52
246 148
147 242
57 202
186 128
248 84
141 78
21 182
31 67
163 113
159 111
156 148
102 234
114 125
62 242
241 91
14 149
131 90
95 154
87 185
165 161
165 96
62 71
228 244
192 202
156 152
184 108
195 227
83 241
163 107
118 124
199 1
10 152
62 103
19 103
208 50
8 119
126 128
192 220
213 218
208 47
58 166
38 123
68 96
222 37
3 121
170 61
97 137
122 192
33 246
80 238
102 153
59 229
121 242
6 220
90 215
209 149
199 87
134 94
192 136
169 54
17 93
64 124
33 81
135 176
136 242
30 213
186 60
221 117
245 199
220 110
242 91
209 229
239 32
196 7
203 46
57 91
60 220
93 211
177 15
136 112
98 241
231 57
73 153
4 24
209 192
178 137
239 120
239 60
218 127
156 196
141 220
237 28
160 133
109 165
91 222
4 116
142 224
16 241
235 75
93 138
68 105
88 199
199 186
239 219
158 47
196 86
225 84
111 217
177 35
153 25
176 97
56 206
62 185
43 168
129 200
24 139
159 72
165 222
58 176
107 120
106 197
184 67
219 112
99 116
175 224
217 106
142 246
27 51
249 232
122 128
241 42
89 93
49 217
232 150
149 177
194 44
178 128
88 151
130 1
67 90
52 138
140 84
9 46
232 23
203 64
214 105
88 178
239 124
43 158
167 76
116 189
215 19
140 184
247 37
92 194
159 84
204 168
127 219
100 158
168 0
35 105
131 175
200 184
198 126
80 171
32 56
235 226
171 107
99 198
85 231
38 192
27 180
170 18
167 70
9 118
168 51
195 219
232 15
245 24
113 212
233 135
147 73
63 152
247 66
13 226
181 149
160 218
244 51
139 60
58 77
12 98
38 237
28 208
239 42
209 1
41 42
18 126
37 107
77 102
145 228
12 58
121 244
161 57
20 158
50 222
137 136
56 218
35 42
204 111
173 47
60 229
228 6
106 189
240 72
8 139
116 233
52 206
189 65
12 176
199 18
115 121
17 175
46 240
155 72
172 88
226 191
203 44
175 114
141 114
159 204
249 22
86 234
178 24
169 65
77 133
246 30
244 4
44 94
10 213
120 227
156 76
11 92
233 142
181 54
156 93
74 149
143 7
165 183
83 99
148 48
160 26
48 67
202 90
69 213
200 189
230 75
151 83
247 46
10 58
244 77
81 101
143 114
20 70
14 198
48 196
227 70
33 160
0 55
215 203
29 54
26 165
162 100
8 110
33 49
13 85
179 74
219 105
169 164
152 217
66 93
62 76
219 124
177 55
88 142
101 134
117 248
160 172
162 69
88 123
89 213
145 119
184 83
4 240
167 75
73 242
97 205
226 86
205 130
224 123
149 173
133 38
76 94
226 91
67 84
82 125
90 226
187 45
229 35
59 164
220 124
23 88
166 148
191 233
204 99
169 92
18 145
190 82
166 218
234 40
28 177
49 175
196 104
27 241
120 177
208 104
152 227
42 105
104 228
146 15
130 23
45 127
6 109
223 127
234 77
191 128
57 178
159 188
144 185
239 100
12 214
61 79
20 119
160 104
12 178
175 226
235 71
200 61
26 172
56 115
239 227
31 136
35 189
50 72
19 239
53 222
155 52
227 188
160 69
147 234
245 21
199 11
93 175
28 238
165 34
89 147
4 145
163 54
230 84
194 113
90 178
64 145
91 124
57 150
156 86
93 179
85 152
208 182
242 85
39 120
244 52
165 248
164 58
119 249
106 185
68 97
233 227
179 77
176 84
15 124
53 225
134 110
93 205
214 189
85 180
233 103
19 53
142 5
236 18
102 247
31 173
39 140
219 198
165 35
139 101
27 113
138 72
44 184
5 204
199 235
146 16
158 87
106 198
112 229
41 234
161 98
178 25
133 60
140 103
83 159
24 175
211 206
211 195
183 26
232 93
201 124
60 106
115 122
178 10
47 230
226 15
187 157
19 234
105 207
242 117
65 121
193 94
59 242
48 115
157 43
23 212
218 33
20 188
19 98
105 153
247 122
222 32
231 86
131 93
213 114
17 94
46 195
34 52
26 210
176 27
189 246
156 110
9 206
180 73
82 122
83 222
235 96
165 108
106 138
194 5
186 239
140 38
141 118
200 98
105 213
46 101
18 184
11 21
31 43
11 230
21 222
217 234
2 181
109 116
33 76
28 228
76 120
103 218
8 87
239 221
238 154
110 142
112 239
199 132
3 98
106 233
225 45
183 240
134 57
246 215
132 66
27 54
217 150
23 153
204 53
35 98
226 33
86 119
97 106
186 23
190 152
43 144
103 115
92 229
242 47
102 217
81 171
225 77
167 187
197 127
212 227
68 236
54 99
216 229
22 165
51 214
179 46
212 194
175 109
176 207
30 232
224 50
133 101
31 177
89 202
226 38
6 192
176 41
222 85
201 33
4 193
98 198
84 132
155 64
184 117
78 244
176 64
126 129
28 224
23 191
13 156
168 131
5 78
96 160
15 147
198 58
76 189
189 212
158 208
248 120
55 197
164 55
29 238
129 142
222 115
200 112
32 86
115 154
98 122
181 112
6 104
56 163
93 244
56 141
180 111
49 100
206 60
138 110
176 71
171 248
62 206
191 178
214 171
138 121
167 178
99 111
59 208
11 40
209 67
129 153
2 70
45 87
14 30
157 126
56 88
207 67
160 175
231 52
24 181
218 176
11 144
235 38
25 70
161 80
83 181
229 9
75 82
78 224
137 24
213 231
42 171
197 162
115 240
61 64
238 26
141 163
213 93
41 76
0 116
45 191
232 118
241 15
62 157
34 44
210 170
20 161
64 223
44 163
62 128
5 152
15 214
247 22
224 187
83 139
177 23
170 21
61 189
227 84
29 40
0 107
214 28
73 76
47 103
7 52
16 236
131 37
76 86
30 91
92 156
229 15
131 232
208 57
182 84
234 58
228 34
220 190
130 173
67 77
142 31
83 105
39 235
64 66
222 64
67 87
190 70
108 200
43 90
48 223
200 54
149 169
237 82
220 12
150 125
93 97
13 115
141 106
149 45
176 219
246 181
8 112
96 193
21 189
42 84
50 243
213 73
249 49
23 166
215 26
76 232
111 229
52 54
173 91
62 232
40 141
29 155
59 60
192 82
227 115
88 211
8 111
118 170
24 205
65 66
43 212
130 196
185 194
61 201
152 132
49 118
210 164
183 34
104 171
165 47
115 224
197 59
49 64
54 56
56 104
207 44
73 124
53 229
163 134
204 162
49 145
238 19
76 180
131 54
40 105
178 240
63 210
183 214
25 77
189 104
104 157
163 188
121 172
55 151
25 64
218 87
14 126
11 168
3 145
33 53
38 223
174 94
91 246
9 238
10 150
79 171
14 214
227 177
166 197
61 168
138 56
1 36
176 238
71 89
246 158
51 127
227 42
62 93
21 41
219 222
114 172
120 171
67 72
158 115
50 66
3 248
24 153
153 61
156 234
88 92
66 184
248 12
111 115
144 228
6 83
39 131
140 171
78 129
203 88
30 244
200 147
34 125
241 35
11 102
169 26
155 40
107 246
138 12
82 218
16 185
140 94
156 15
80 114
131 142
187 67
86 237
245 53
13 184
227 85
94 223
232 4
121 212
74 145
5 217
168 69
235 216
19 29
32 158
198 53
92 219
237 34
208 79
118 140
89 225
147 120
33 145
76 129
94 188
217 124
179 200
223 63
29 110
42 164
145 85
9 12
88 104
189 150
149 98
138 30
230 79
243 91
159 86
136 89
169 64
244 87
204 94
204 29
137 233
9 49
130 75
36 37
35 190
46 175
226 112
243 161
194 66
34 54
131 158
107 147
28 71
187 148
89 117
43 97
80 222
39 97
234 120
49 218
182 115
165 30
153 198
135 194
193 11
55 215
102 136
82 159
81 99
112 128
197 108
191 55
3 46
68 248
62 111
158 148
175 2
152 29
187 8
19 51
120 150
242 50
120 179
242 187
217 118
169 190
26 54
211 186
148 89
185 226
193 114
184 165
94 139
29 116
224 19
85 245
136 6
208 113
216 54
234 89
42 236
201 215
184 48
162 203
8 162
195 128
146 43
206 48
224 202
162 127
200 158
181 158
150 20
120 142
160 194
121 183
56 220
47 244
40 188
91 221
60 76
22 98
245 58
81 136
74 221
242 44
19 176
162 111
228 42
86 90
24 144
157 17
90 152
52 207
135 127
220 105
150 113
68 172
5 114
57 197
89 166
149 54
87 177
228 7
52 186
56 110
111 147
100 126
220 114
245 248
141 62
142 199
69 139
58 202
11 222
188 52
17 100
156 75
131 119
169 46
133 164
137 32
96 178
51 143
198 223
24 237
137 172
10 229
156 109
191 2
164 74
197 198
119 128
12 121
17 18
172 247
202 145
12 244
61 129
44 91
63 146
233 184
219 226
153 124
233 31
164 43
108 115
12 63
177 208
219 131
27 93
185 217
40 209
238 135
74 100
186 196
75 122
137 28
98 177
188 91
70 200
10 168
63 75
248 142
14 205
113 188
39 214
206 55
219 72
87 98
18 117
209 80
207 46
178 185
244 71
132 15
217 186
47 175
7 191
41 244
65 213
78 161
213 94
184 70
142 208
163 58
61 247
191 13
101 207
148 141
9 91
248 42
44 235
212 138
218 119
182 176
243 66
216 193
152 157
152 48
47 104
14 92
156 146
175 204
21 165
51 178
13 124
231 56
61 139
33 179
115 119
239 30
143 37
230 220
248 8
171 63
16 60
214 108
125 206
113 114
98 110
223 125
19 201
92 183
221 138
233 177
120 132
62 234
188 41
143 142
49 228
163 32
222 129
247 40
185 148
235 77
163 24
98 242
31 215
22 116
120 153
238 27
147 66
57 68
199 241
148 7
80 201
24 211
124 240
225 80
227 23
67 212
24 238
205 235
106 163
48 49
131 18
93 180
220 212
11 192
211 127
243 118
14 23
60 218
180 157
182 114
146 99
169 53
68 120
92 167
140 227
32 190
163 9
152 237
223 215
73 78
24 54
77 149
17 40
3 15
184 30
228 45
44 196
121 146
186 19
123 159
177 119
73 96
74 206
200 218
236 70
103 105
22 195
189 52
44 171
199 47
214 149
39 183
89 215
205 43
98 220
80 104
183 108
13 153
41 87
57 110
198 61
210 2
26 42
88 243
166 32
186 21
2 105
48 93
249 175
6 56
74 151
21 75
206 116
228 232
33 197
11 125
194 116
51 216
21 105
211 98
238 59
3 156
173 45
92 130
189 44
176 208
249 51
215 131
222 249
8 93
238 245
32 224
41 211
58 108
98 231
175 0
185 88
248 18
196 4
83 220
120 158
199 19
20 176
173 80
163 3
44 96
44 114
150 48
210 120
190 124
34 150
159 93
9 125
186 219
43 88
4 23
23 46
172 231
213 39
69 78
158 68
96 140
41 62
84 98
128 160
232 175
129 215
13 249
163 229
225 12
173 85
21 103
91 200
212 237
236 50
221 179
112 232
158 165
37 99
67 82
114 208
173 33
182 122
109 249
224 34
71 241
193 39
142 50
205 21
124 186
119 153
217 45
177 166
160 27
124 167
175 246
176 172
66 230
229 64
108 133
112 167
14 239
53 231
139 40
156 247
215 169
55 79
180 86
52 143
80 147
84 183
95 162
98 153
7 71
90 190
167 35
109 188
178 225
108 116
53 228
163 102
211 12
100 105
19 184
138 63
200 121
247 221
221 46
161 68
19 128
197 41
53 56
75 158
157 63
182 78
132 56
61 206
183 192
122 161
143 131
203 209
231 179
49 68
182 71
112 182
217 195
196 229
113 145
187 206
140 26
187 6
46 182
28 146
186 61
37 235
210 6
29 180
195 9
145 41
176 166
85 179
89 235
123 155
25 145
143 209
61 207
118 182
56 127
61 63
62 150
4 165
43 133
236 59
135 49
93 132
203 206
107 130
133 151
242 69
114 152
166 179
58 78
172 94
155 86
150 242
196 94
43 108
37 142
96 225
28 107
23 244
192 83
22 66
123 177
168 97
126 222
209 39
40 171
2 79
4 109
187 24
135 112
150 0
79 168
7 30
75 77
28 201
229 85
129 247
1 98
179 47
172 45
0 228
40 220
27 67
149 4
189 15
168 28
182 163
124 187
17 114
82 206
151 137
18 46
139 56
144 219
21 95
164 86
117 145
119 176
40 191
212 249
144 214
132 192
165 92
39 57
31 168
9 249
0 180
10 166
110 168
171 119
45 244
49 132
58 61
45 227
181 72
194 82
234 84
172 184
8 246
244 119
12 86
143 62
92 188
99 221
78 90
70 183
5 170
195 137
57 172
214 118
197 22
176 212
235 197
248 93
131 22
130 175
158 99
19 146
242 19
23 215
207 63
249 55
247 198
29 95
104 132
237 62
66 73
12 173
173 86
78 164
11 248
146 32
70 176
129 223
221 178
172 5
172 133
109 153
53 122
206 47
174 171
53 146
58 88
238 5
23 149
176 122
242 84
35 83
6 246
161 82
140 185
204 197
196 5
130 109
176 94
181 53
128 146
48 237
190 97
127 192
129 185
200 15
4 221
70 126
54 211
70 137
136 101
232 127
170 115
28 32
150 240
60 117
138 199
51 67
213 158
139 12
6 36
46 189
41 47
43 63
202 106
178 116
169 109
199 106
90 208
164 12
101 149
44 202
86 147
32 96
236 111
38 179
76 148
217 32
16 214
205 81
137 56
12 87
179 173
164 54
178 7
229 6
11 188
59 203
223 116
149 6
147 20
221 96
119 185
185 180
5 48
68 111
199 203
215 96
201 134
32 201
174 141
175 15
53 74
83 175
28 138
132 26
15 113
78 96
40 193
82 99
161 137
202 194
31 64
241 51
208 217
121 181
231 139
20 34
71 159
164 95
144 194
96 169
224 163
24 36
137 49
180 31
52 169
184 6
213 49
115 199
117 202
69 70
58 91
181 0
53 76
177 60
195 97
146 92
210 166
98 152
170 245
129 243
231 27
134 96
148 124
147 46
214 9
48 114
56 128
135 138
192 131
140 67
90 230
38 108
118 144
14 109
136 247
247 16
123 172
132 29
212 115
9 75
141 193
163 64
206 25
211 233
177 29
2 203
213 12
92 98
241 0
49 96
8 176
30 200
79 170
57 245
194 118
5 242
174 146
81 239
151 17
107 129
179 198
50 150
116 166
116 198
123 249
91 142
157 92
101 125
131 50
246 87
196 12
133 79
145 57
10 24
188 171
123 154
165 167
196 76
121 234
179 249
38 74
0 206
239 125
28 193
193 191
137 110
29 206
111 209
101 141
157 14
92 205
127 144
172 117
225 134
31 210
211 59
199 175
49 209
243 3
213 163
228 90
216 86
193 68
44 52
126 197
162 60
9 106
222 118
120 161
117 158
206 39
73 247
12 160
30 47
198 27
27 212
27 242
150 166
167 202
48 76
102 124
64 200
64 247
18 62
174 217
196 118
28 121
24 46
0 177
30 208
240 92
61 211
23 98
229 185
13 190
4 192
15 24
119 156
107 110
210 46
45 95
225 72
5 121
93 154
243 206
112 246
140 165
164 82
48 71
161 7
107 127
7 119
6 84
8 144
214 24
233 245
179 37
214 48
104 225
141 26
8 102
60 175
203 188
161 130
31 117
232 59
7 151
121 173
12 233
178 179
11 148
72 120
62 197
189 32
75 86
223 140
99 124
89 231
204 209
81 126
219 123
46 132
141 68
42 57
13 136
48 119
167 73
47 204
154 230
193 172
99 192
81 195
162 39
193 50
189 100
22 76
249 19
247 12
87 156
157 244
74 88
194 67
201 106
157 198
128 165
181 223
11 50
48 95
83 178
21 88
151 107
209 181
94 219
71 90
246 130
217 244
160 176
234 211
143 44
221 92
25 203
105 230
151 197
115 208
224 64
139 103
247 201
228 11
150 106
51 223
163 69
104 193
231 3
197 132
153 92
59 62
147 195
234 139
194 103
104 135
190 141
12 67
241 94
236 146
166 222
59 226
231 137
8 128
10 248
57 125
137 122
162 108
168 171
154 7
112 159
122 185
14 69
133 89
26 112
153 126
21 135
9 177
10 180
211 42
229 96
209 43
175 122
97 139
27 48
178 62
148 208
169 125
145 242
224 58
220 234
202 219
35 50
193 107
60 191
148 8
202 52
188 107
98 215
239 184
212 218
231 55
183 1
46 246
35 39
228 55
234 18
127 172
158 191
198 44
91 187
118 176
121 176
176 55
38 41
69 114
237 211
62 173
3 97
111 128
28 158
41 200
202 41
64 240
90 219
109 200
205 20
215 33
62 118
235 156
213 120
42 216
136 103
238 89
161 42
221 115
163 120
8 18
75 165
127 195
21 157
176 173
19 155
63 87
61 162
8 39
48 156
161 228
140 151
48 64
75 207
75 171
78 175
217 7
131 206
187 1
181 150
44 229
68 195
155 25
241 24
142 45
239 69
157 120
195 117
210 224
224 119
47 55
68 137
242 82
124 228
176 220
240 102
151 6
8 129
214 84
150 18
97 112
197 56
32 43
67 149
194 76
167 160
11 150
108 215
241 76
97 102
27 64
237 223
1 214
177 164
110 131
15 178
13 130
137 19
181 86
44 153
106 114
86 107
36 207
128 226
237 23
87 226
247 99
192 84
150 119
53 191
143 72
97 197
174 11
28 72
134 3
45 180
200 195
0 102
211 153
8 196
0 80
10 84
200 144
85 107
213 199
10 130
181 178
235 146
52 120
206 235
139 55
195 209
109 218
228 106
137 71
45 143
103 106
37 59
111 116
90 200
193 65
103 131
59 234
141 195
236 102
84 114
202 0
40 184
243 76
197 112
181 107
8 45
231 223
171 70
171 78
152 163
149 102
2 49
168 96
49 214
29 97
61 114
204 215
130 119
183 17
195 25
45 147
176 44
127 146
171 173
177 146
149 97
18 178
64 149
53 110
120 129
219 87
189 24
166 1
20 159
247 234
202 82
181 4
204 131
163 217
17 200
17 235
183 13
249 87
159 87
11 51
192 59
89 115
138 77
160 112
41 88
216 147
2 108
69 194
