298 202
134 259
79 171
191 233
29 270
168 269
53 251
81 150
2 115
159 206
290 234
157 212
37 233
7 59
230 247
117 143
65 114
46 168
77 142
79 91
143 203
14 42
38 243
21 34
234 251
282 42
155 240
55 149
77 175
247 251
292 187
281 78
34 184
102 263
155 168
156 293
32 169
86 179
18 39
12 56
81 141
179 255
11 104
153 286
72 77
10 268
20 281
292 254
207 265
24 49
45 188
123 157
86 132
128 215
71 207
185 223
90 159
90 230
92 237
37 291
27 277
47 80
46 120
84 182
130 245
293 213
54 261
238 239
4 286
19 75
198 285
60 241
254 297
5 157
285 52
294 104
30 209
129 174
112 160
284 147
274 283
92 256
164 260
37 77
119 231
47 164
244 294
27 299
119 201
104 205
39 157
76 237
77 91
2 14
299 152
4 66
30 223
74 298
165 232
116 196
79 184
282 262
137 145
72 241
7 161
80 186
127 247
106 116
35 201
249 288
143 185
60 205
95 193
144 162
10 91
166 191
30 259
85 95
27 289
8 27
88 233
75 150
107 216
298 161
24 266
206 293
71 89
289 25
18 185
83 156
9 59
92 194
197 210
153 222
7 254
29 287
93 137
24 240
294 178
37 100
66 174
111 136
112 186
172 276
37 166
295 124
64 213
290 110
91 276
148 193
286 232
230 289
184 284
150 294
74 233
142 172
95 104
282 27
1 208
74 149
25 68
129 250
25 192
151 264
162 225
18 59
107 291
234 299
78 97
165 266
45 272
78 147
221 251
52 81
287 168
21 74
43 69
198 296
290 192
97 182
271 286
42 171
75 251
18 100
91 258
63 252
28 262
42 270
289 85
63 239
194 224
118 198
119 245
18 292
176 290
28 116
206 271
82 185
142 266
30 252
39 217
89 253
81 135
85 286
47 149
293 254
293 25
283 119
39 257
7 175
12 258
5 144
190 239
74 224
42 289
298 140
280 12
6 201
171 233
106 118
2 281
107 128
287 124
31 189
20 288
75 141
82 191
58 86
3 215
251 286
128 261
35 223
157 200
284 235
67 110
108 211
78 99
78 195
295 119
190 256
75 92
41 249
31 288
3 69
209 242
165 169
241 279
200 237
39 132
192 218
163 212
273 291
63 154
55 137
3 234
162 254
86 242
161 172
137 169
81 83
121 291
12 36
45 183
45 291
139 241
190 262
54 274
285 196
287 50
167 193
24 41
125 257
180 247
154 277
81 103
24 275
54 77
34 226
59 261
243 270
56 154
2 34
2 157
114 170
126 207
201 286
166 244
116 135
106 232
69 135
289 43
138 291
46 287
119 206
11 126
28 231
296 191
66 199
3 103
141 154
14 131
238 247
24 269
197 244
23 194
170 231
39 195
16 91
41 299
8 55
124 127
105 197
79 232
284 50
299 120
169 271
205 248
32 160
298 33
160 224
6 81
143 215
66 178
44 131
283 214
146 247
6 21
152 159
298 56
297 281
44 175
185 282
284 123
7 217
298 138
297 131
291 157
61 190
60 288
43 111
197 283
149 171
3 245
135 232
293 95
156 197
87 210
39 163
294 283
286 258
139 274
3 292
78 264
5 224
121 252
67 194
73 264
101 239
294 23
52 94
294 39
289 134
82 170
56 88
168 236
130 197
34 189
241 257
12 68
28 292
286 41
58 137
134 265
23 27
69 94
95 179
165 261
54 152
132 135
177 262
20 237
5 53
179 249
108 121
49 252
263 274
123 215
86 190
93 162
193 205
157 255
155 263
187 241
128 154
290 60
87 185
287 14
17 43
94 201
214 238
163 182
235 290
48 223
68 143
284 71
131 232
295 136
130 277
23 185
296 50
25 158
143 174
68 139
152 188
2 12
7 19
290 265
24 103
90 182
154 240
22 289
285 191
99 101
140 265
76 147
296 51
294 156
47 248
229 239
195 243
74 184
99 201
28 164
121 181
268 283
82 130
95 187
18 229
0 92
13 243
80 204
85 125
241 299
6 96
116 169
132 180
234 289
290 270
281 263
148 240
86 110
0 145
31 276
16 217
141 278
125 146
292 193
95 278
21 118
183 225
289 16
1 196
48 232
64 184
185 250
128 211
35 55
211 298
170 222
170 206
77 149
8 95
83 87
298 171
202 269
298 170
40 162
19 246
136 151
71 244
80 104
281 15
84 259
93 204
288 154
120 264
44 202
36 158
252 297
80 109
42 254
163 194
9 232
30 297
27 271
6 29
223 280
88 142
120 145
52 174
157 198
177 237
45 261
53 59
20 279
87 165
171 183
125 288
62 171
102 148
151 185
284 223
74 162
66 208
179 283
34 67
150 261
297 111
85 256
8 105
99 189
167 222
35 123
17 248
286 185
115 248
50 272
294 221
287 17
156 160
285 152
231 291
21 161
45 182
47 226
51 151
78 101
84 163
242 280
2 39
290 107
57 185
80 224
94 184
133 160
32 269
194 207
196 232
127 274
5 109
2 236
297 4
162 297
296 168
47 98
116 154
35 144
82 94
92 151
146 235
68 111
283 52
64 231
40 148
30 248
211 289
176 181
159 263
100 175
36 133
152 253
15 150
92 159
31 272
132 175
61 253
206 256
6 258
40 244
65 121
52 178
135 257
7 118
12 253
67 77
3 26
12 158
224 284
27 100
299 154
27 52
11 180
64 202
47 48
36 112
50 168
223 228
95 214
108 177
96 229
260 277
9 109
236 246
60 91
14 43
131 270
32 249
89 219
89 92
3 169
60 175
289 38
80 99
60 265
185 230
146 281
78 116
281 9
96 106
148 263
69 255
0 137
203 257
68 167
145 179
1 90
77 97
2 285
47 255
124 157
93 126
167 217
105 280
121 193
0 268
131 229
77 81
165 281
17 66
25 223
129 246
9 125
299 94
93 145
75 276
77 182
212 275
126 249
11 33
20 245
84 87
99 215
282 33
94 107
113 266
189 260
48 290
128 138
44 126
128 180
63 232
42 228
60 143
42 221
173 259
4 86
25 132
134 222
171 223
6 159
10 152
142 225
9 270
290 224
297 14
296 200
49 106
39 114
129 222
161 198
197 258
54 286
141 217
283 124
136 284
280 259
172 247
4 270
95 124
123 293
3 202
114 217
2 219
222 246
21 289
15 101
290 216
95 96
20 70
127 259
86 120
298 100
89 133
24 156
253 268
3 161
19 56
75 103
49 144
201 226
264 285
71 178
24 248
281 115
141 225
78 112
75 187
29 234
210 220
115 158
30 110
296 214
126 258
137 156
21 235
197 243
201 213
49 297
140 185
66 238
297 117
292 217
61 273
162 163
57 201
171 238
50 137
5 234
293 146
23 125
294 5
136 190
128 239
221 222
40 246
4 69
24 45
81 196
183 270
132 170
299 142
209 219
31 237
270 293
183 198
68 164
96 258
289 149
150 218
26 40
159 218
21 61
131 271
17 33
70 99
193 272
8 226
168 265
298 221
80 184
273 294
27 292
62 73
82 219
13 178
294 155
51 261
295 266
85 160
125 130
280 73
122 242
25 213
43 201
63 270
220 256
67 235
288 197
69 298
285 80
55 69
290 7
71 173
133 201
42 162
284 113
100 275
296 128
138 157
11 258
171 219
51 130
298 96
121 155
180 209
163 291
81 227
87 163
193 212
299 179
101 223
23 218
287 280
49 69
285 24
60 165
1 5
74 105
293 65
109 197
64 241
42 206
99 184
64 135
296 255
214 266
289 28
85 205
116 198
70 78
34 161
29 249
182 278
47 291
3 197
74 169
220 247
139 275
137 204
5 108
24 110
187 215
1 207
39 220
104 171
35 183
103 235
167 230
44 87
200 218
203 243
136 181
91 218
123 203
53 249
4 149
183 279
121 276
100 272
240 292
9 38
292 77
27 101
297 16
166 297
85 260
281 49
135 220
49 61
123 248
169 250
132 214
16 104
42 151
84 93
7 164
18 279
2 224
0 72
149 188
1 206
40 299
127 191
5 202
139 151
178 265
157 230
93 169
143 158
25 228
120 180
11 85
291 38
141 184
101 164
293 177
11 252
197 200
26 162
25 171
14 61
215 269
161 264
290 241
282 223
295 56
262 284
58 168
285 202
14 235
56 274
105 191
291 31
295 196
25 252
24 77
47 165
25 170
217 299
283 296
75 104
158 294
285 195
24 186
127 195
28 266
100 144
298 38
81 116
167 173
107 218
44 196
172 297
109 120
83 91
22 75
14 75
28 159
73 256
30 139
6 170
36 289
281 295
170 182
276 286
36 79
81 246
91 270
0 115
30 122
11 47
13 40
56 201
251 270
101 173
292 137
142 186
146 227
36 227
9 36
14 299
6 84
36 281
48 218
26 128
169 298
281 96
20 76
117 230
201 255
112 127
243 291
245 279
164 268
55 162
218 237
108 233
60 181
186 188
57 263
206 218
39 93
11 224
102 144
71 81
155 292
236 279
32 101
63 243
147 218
280 37
73 272
295 63
88 189
222 276
138 263
284 277
97 247
30 85
73 171
288 270
128 268
70 262
182 191
19 34
72 163
8 261
98 202
18 238
104 225
294 299
25 43
15 33
254 270
21 243
84 258
49 191
62 179
101 243
32 35
44 53
176 214
290 206
11 243
16 32
4 285
109 214
55 242
183 230
271 290
133 162
2 237
28 121
197 252
214 277
184 262
221 225
92 231
147 169
110 160
93 121
48 272
284 5
103 296
155 288
67 299
216 233
67 225
31 55
27 272
95 190
22 32
297 220
233 265
35 89
106 288
294 291
274 276
84 133
262 297
47 163
133 227
237 271
88 277
57 76
2 159
178 181
210 287
297 276
116 147
152 231
222 229
12 89
288 294
15 206
183 266
170 244
42 101
5 283
59 240
180 250
292 22
112 249
7 17
145 282
76 242
128 274
149 272
6 234
48 118
14 167
72 222
112 268
34 238
18 149
80 214
32 224
159 170
120 224
157 271
59 154
8 272
295 184
35 257
190 218
52 274
247 250
61 244
47 134
288 160
161 222
27 109
148 234
286 131
108 191
24 139
45 234
127 204
54 163
167 271
174 283
159 261
17 207
28 243
60 139
12 197
242 249
30 82
68 238
180 264
71 238
71 157
1 27
91 253
95 234
3 272
186 271
14 144
42 267
40 278
131 177
121 150
17 250
18 197
184 233
69 172
66 228
4 45
18 90
174 237
11 158
110 187
209 288
97 229
284 112
38 115
291 32
11 75
59 145
117 188
64 196
161 180
9 110
193 238
29 265
29 111
203 231
108 226
32 58
290 49
84 158
56 95
41 94
114 211
109 159
31 132
114 266
7 227
2 37
281 277
281 26
217 274
55 81
46 112
141 251
137 164
16 149
2 131
196 224
235 275
151 182
16 51
159 252
122 220
285 218
186 220
67 292
121 123
12 103
44 114
43 236
102 255
54 90
32 87
222 252
84 119
297 246
205 249
74 256
282 44
295 132
202 227
40 241
288 108
40 44
18 276
82 126
134 288
148 249
41 175
49 220
126 220
95 211
183 188
4 163
291 227
43 96
39 82
37 57
290 12
72 193
35 294
78 238
54 130
294 135
280 106
139 198
212 217
71 289
115 179
22 180
154 207
182 194
289 163
37 41
298 7
192 243
215 270
289 217
185 204
286 164
87 272
173 191
169 211
212 227
27 90
136 251
157 237
103 135
48 154
280 70
88 195
179 258
107 232
61 114
235 278
11 141
240 286
45 153
84 147
47 283
22 258
219 289
20 221
90 100
15 292
291 246
83 283
23 208
139 283
2 150
206 244
13 160
284 42
15 169
180 212
30 285
8 265
96 289
49 231
111 209
211 258
202 207
117 212
129 288
290 139
134 139
0 202
11 39
14 99
63 120
53 88
205 218
10 177
280 233
281 55
297 177
43 187
170 177
298 164
121 173
185 216
45 299
42 292
49 238
204 273
217 240
38 204
65 225
28 110
108 291
34 204
99 234
178 237
284 22
62 225
184 292
112 157
223 234
48 124
81 271
102 201
4 68
185 231
206 209
66 247
144 247
61 208
29 179
16 202
85 184
283 88
47 235
231 293
138 242
156 256
57 278
142 145
284 46
146 231
281 285
52 151
3 270
147 196
293 166
89 194
56 246
2 146
191 192
17 32
38 224
99 147
153 284
110 163
118 277
286 68
119 225
283 25
53 206
50 281
114 202
256 272
144 161
103 194
285 17
293 269
54 66
214 225
163 218
26 273
76 86
67 76
184 208
39 288
84 261
88 264
203 233
48 56
51 231
0 256
28 86
52 100
118 211
286 108
83 95
99 196
136 245
49 190
248 249
59 153
136 221
57 108
212 297
57 68
162 214
32 213
115 271
291 196
0 4
51 186
135 261
110 296
184 200
107 172
116 133
39 246
81 298
292 48
18 33
132 219
4 236
48 88
41 233
103 163
64 119
62 166
111 121
188 221
86 159
17 299
149 282
36 55
65 193
53 162
126 208
30 274
37 191
107 184
44 168
83 188
7 292
24 228
24 184
147 230
14 130
37 203
140 232
108 167
278 292
50 226
112 202
16 165
2 96
215 296
135 262
102 247
283 252
148 206
132 137
221 258
2 92
188 291
192 264
156 225
179 273
149 151
68 219
242 258
281 19
77 215
63 186
97 197
74 191
24 106
58 201
81 105
171 211
115 241
75 288
53 229
118 258
26 227
38 285
217 227
28 53
44 264
152 196
53 113
3 101
286 152
23 135
284 188
299 213
27 71
74 75
46 184
299 105
246 295
75 137
157 166
202 278
30 75
60 295
114 231
137 219
21 192
33 200
226 234
59 292
25 123
291 123
292 251
25 276
70 123
158 234
26 52
196 256
10 174
140 236
238 243
15 88
60 177
150 291
28 188
105 170
51 254
163 200
168 270
207 232
207 215
90 164
55 89
281 95
61 189
92 253
37 151
181 207
59 123
86 140
16 157
105 196
13 184
19 221
27 179
18 189
75 118
286 267
150 292
292 128
51 69
58 185
97 249
48 61
140 264
221 273
266 281
73 245
21 271
290 148
157 257
76 183
23 197
70 241
9 260
76 165
21 79
87 108
30 238
73 81
212 268
77 88
9 16
160 200
65 269
193 296
101 220
213 242
177 270
114 248
298 179
81 297
97 233
22 226
40 161
77 102
26 99
37 206
20 69
100 212
244 255
69 197
219 242
109 230
125 204
206 299
102 181
22 25
136 299
76 161
1 257
26 112
16 184
152 182
31 108
17 190
57 217
62 298
122 210
106 231
36 142
1 79
285 213
31 127
225 239
17 194
132 299
129 141
53 283
12 279
293 252
39 121
168 214
165 200
76 119
28 31
95 288
33 71
159 285
45 86
299 91
287 202
114 226
288 189
91 92
13 120
154 253
12 169
9 61
284 177
291 67
23 85
203 260
57 125
4 17
199 290
11 286
126 234
19 225
7 134
298 250
184 261
269 283
2 133
55 88
42 246
182 247
293 278
43 67
104 184
122 257
174 251
44 261
299 110
298 174
125 172
35 298
89 211
36 296
27 233
21 48
36 283
37 260
3 299
299 106
138 256
292 75
222 261
43 229
78 246
41 44
60 118
42 195
144 274
117 218
121 151
175 228
131 159
52 261
295 205
122 221
39 297
5 176
2 259
93 215
84 253
62 103
25 70
296 91
58 242
295 168
125 192
33 165
143 237
293 7
75 107
41 58
115 154
207 214
108 261
83 213
31 213
31 121
224 247
63 190
140 189
197 240
109 285
81 195
281 52
50 228
50 114
47 128
59 249
107 230
93 244
7 148
1 159
75 124
64 227
186 228
110 117
83 147
88 172
298 217
84 157
31 36
251 297
100 101
35 85
287 63
235 255
27 105
172 267
96 119
176 218
2 101
30 251
67 259
283 125
55 195
6 48
76 213
104 155
62 65
23 207
8 277
54 225
65 297
207 213
16 40
136 234
13 110
87 176
2 49
84 162
13 124
71 253
96 242
83 198
104 116
83 241
290 135
227 256
181 279
44 238
127 291
68 288
292 61
174 289
289 45
75 229
297 264
242 289
47 178
295 6
295 77
0 161
262 279
128 134
289 194
45 296
139 265
123 211
136 275
258 287
32 33
29 177
102 284
194 245
26 30
9 12
56 175
25 225
289 186
130 237
143 212
83 228
213 222
161 247
59 214
86 285
212 279
151 273
294 191
215 247
293 198
189 259
63 76
188 257
65 177
167 185
47 238
111 273
281 32
218 293
289 183
11 145
84 218
283 273
13 175
240 246
15 83
4 34
36 291
124 154
233 288
193 256
58 243
50 229
76 290
143 155
14 213
42 50
158 223
205 238
14 228
23 229
250 254
4 148
234 293
284 231
22 196
72 94
151 162
140 235
298 112
163 213
151 157
140 177
114 203
139 271
96 147
54 107
197 278
69 181
111 276
37 264
286 195
33 236
253 278
168 293
36 184
123 244
228 265
295 267
40 165
25 195
63 157
153 267
139 211
115 127
198 288
81 104
33 102
5 239
7 160
83 179
7 244
111 117
83 286
4 179
135 247
69 132
45 263
19 159
145 231
287 67
72 259
92 149
109 274
140 150
57 124
2 201
129 236
103 267
286 121
34 221
242 284
121 210
57 283
127 140
128 171
1 188
288 21
145 250
96 157
38 238
128 245
170 192
15 126
288 157
123 274
299 237
1 2
217 254
18 152
146 148
29 240
185 205
35 112
97 226
28 187
54 67
35 231
4 269
146 210
139 159
109 121
78 271
99 182
96 101
32 105
15 70
56 268
44 77
21 31
99 286
25 32
243 260
7 72
42 134
40 239
8 106
96 208
77 238
129 271
76 233
28 184
280 190
22 38
154 198
65 152
186 270
58 206
10 55
246 283
289 241
94 223
196 252
72 128
131 242
8 126
280 26
186 197
179 235
280 271
37 238
185 238
290 9
213 244
297 123
212 282
76 92
296 164
4 139
43 93
126 235
289 11
15 288
202 260
57 264
29 167
163 211
182 229
75 248
97 234
49 78
152 156
82 157
41 186
33 176
20 194
186 234
12 24
47 274
299 262
38 163
294 297
3 199
58 105
46 297
168 201
107 154
184 271
99 181
4 188
170 200
86 198
32 55
216 268
53 273
41 262
208 274
73 127
102 211
101 278
37 144
13 282
167 204
247 261
36 278
154 209
60 260
299 56
63 283
163 273
165 251
65 258
32 63
69 151
6 165
178 209
108 200
21 175
67 236
113 219
155 235
203 244
48 227
128 179
95 176
131 180
36 118
41 96
87 169
38 255
97 201
286 165
295 217
170 270
94 195
32 82
31 120
79 111
44 76
109 225
92 112
137 196
232 259
79 240
64 188
156 196
298 265
293 121
124 247
104 117
122 126
40 149
48 58
17 256
250 260
293 91
117 133
98 119
205 257
48 245
293 249
19 193
285 0
84 243
82 193
109 194
248 260
138 208
23 299
46 289
38 250
25 291
101 103
50 115
136 274
61 129
7 286
133 292
8 202
98 255
67 202
2 11
100 208
78 142
229 296
4 246
168 199
55 231
184 253
237 289
76 121
62 285
287 160
290 37
80 144
65 274
73 261
115 166
100 296
82 154
128 146
203 204
236 252
233 248
160 271
246 299
286 20
0 39
75 179
27 84
25 141
100 196
104 175
26 231
235 289
21 269
84 279
10 73
222 239
295 157
40 111
58 66
140 212
98 192
243 249
35 139
282 232
280 224
90 291
17 89
20 162
41 234
255 283
216 293
104 194
90 168
68 271
286 138
88 198
77 198
167 268
128 198
33 84
125 254
289 225
226 227
140 215
6 133
172 231
50 222
155 265
99 116
117 219
173 284
60 277
3 118
159 251
220 295
119 180
293 247
59 202
26 283
186 239
8 283
173 176
113 226
225 261
113 205
94 206
114 168
59 226
59 110
22 193
57 96
118 291
201 232
125 145
183 268
294 282
45 169
67 191
128 236
108 166
36 224
46 82
189 282
125 132
224 275
102 150
70 193
281 67
14 91
37 271
170 285
0 116
68 119
103 120
77 166
67 171
59 124
32 149
168 192
104 139
103 141
110 236
106 210
82 274
213 227
20 55
194 239
142 223
86 125
12 215
15 273
18 172
234 252
19 209
292 252
80 196
172 258
76 245
63 293
36 109
43 186
18 97
17 297
60 224
287 101
298 2
87 124
149 157
16 186
154 267
180 197
58 81
100 199
106 142
21 281
202 235
294 134
221 255
27 263
195 253
50 221
225 275
196 220
0 291
282 122
293 28
6 43
105 229
55 197
136 217
195 226
25 187
64 222
140 273
19 174
190 266
187 299
284 87
201 284
69 272
86 183
286 130
281 137
158 248
18 271
22 168
207 287
115 168
14 150
48 291
201 287
81 139
42 259
57 225
8 280
27 138
228 251
120 251
83 288
38 129
159 272
287 218
288 269
107 221
179 225
137 227
27 262
223 236
44 228
44 290
114 264
295 185
1 77
203 247
16 124
0 36
198 242
111 245
3 224
132 224
24 286
241 285
295 48
244 266
195 201
93 136
95 250
33 202
43 270
172 241
275 290
97 262
136 297
12 210
142 287
14 118
103 198
42 47
34 140
115 189
290 74
18 44
225 267
64 197
49 118
18 159
153 209
17 87
16 283
49 131
121 171
0 155
214 275
164 195
42 286
116 236
170 272
281 256
161 294
142 249
3 73
142 159
138 288
102 246
2 207
2 240
111 192
69 79
223 253
38 83
126 139
283 185
116 266
56 210
291 255
11 231
193 231
5 252
8 120
56 160
58 262
45 57
138 259
49 289
39 89
99 216
127 202
42 158
78 129
43 135
24 134
105 151
20 23
62 109
76 124
83 108
20 117
75 97
243 294
81 137
148 207
44 214
144 209
118 176
169 197
68 224
35 197
59 66
41 279
35 110
38 175
76 101
24 112
215 275
298 121
14 55
46 280
113 155
46 111
68 206
144 267
48 81
66 109
205 247
77 208
5 58
177 178
75 95
0 31
280 92
86 168
280 116
285 235
97 103
52 265
45 270
38 124
198 251
202 288
290 92
82 216
26 143
108 172
34 91
102 266
25 206
20 294
18 146
61 272
285 294
16 128
14 262
6 199
264 275
213 260
75 223
281 196
202 232
72 175
285 248
281 72
72 142
94 155
78 189
37 127
42 256
42 54
96 228
7 49
83 196
165 212
46 261
16 231
164 272
59 265
144 217
211 216
282 63
14 168
224 297
58 93
176 196
199 268
110 257
179 253
185 254
153 173
80 220
135 267
84 286
182 275
2 189
12 263
4 65
148 248
146 262
151 252
286 200
35 181
121 169
12 172
92 140
14 266
8 210
92 186
9 252
296 77
11 51
239 244
127 227
243 253
39 298
118 181
53 294
287 219
181 182
34 93
229 277
57 218
173 197
74 286
298 168
81 209
71 161
26 161
175 179
102 216
296 149
281 235
17 161
21 227
180 220
30 219
216 271
43 59
66 275
80 168
28 216
10 81
61 282
243 259
196 276
0 158
281 171
117 159
298 20
104 143
106 117
281 29
54 187
164 293
206 227
126 206
216 238
267 297
47 135
137 149
5 256
115 199
36 151
267 271
75 191
101 259
66 192
40 238
102 261
19 64
112 299
157 188
30 275
69 162
95 292
3 271
293 42
212 250
63 65
186 277
77 192
174 207
280 266
127 249
15 212
228 252
154 293
148 294
59 183
99 171
65 164
6 60
23 104
151 244
3 52
291 51
165 182
97 163
5 197
152 276
87 178
290 153
19 84
55 64
92 162
119 277
18 80
23 105
2 286
197 284
108 245
82 86
117 194
146 248
161 243
2 103
195 200
53 153
118 132
112 179
134 267
112 115
92 223
246 268
100 155
3 62
5 130
37 43
190 261
287 105
160 255
174 299
20 30
3 187
289 97
211 250
208 221
17 18
0 173
69 283
294 257
170 245
117 225
107 195
55 239
212 254
55 110
178 210
44 272
131 172
140 275
85 274
156 283
172 250
232 261
120 269
57 107
29 192
33 148
184 273
184 217
152 267
99 151
53 217
97 180
122 205
130 133
89 244
84 241
281 232
42 210
93 141
53 167
6 129
133 140
115 235
199 223
46 208
290 262
73 152
27 172
277 294
152 256
15 144
230 294
299 141
11 110
95 125
136 164
32 267
220 223
137 171
10 191
298 106
98 118
230 291
31 119
92 216
120 201
79 212
137 212
124 147
101 148
288 268
165 259
117 134
205 224
31 287
152 225
82 132
163 208
80 146
167 276
108 188
6 151
226 274
112 251
291 190
145 183
30 268
26 254
296 130
154 168
64 183
293 263
165 229
52 55
291 106
194 270
201 221
247 249
21 296
83 142
91 238
10 25
180 251
285 53
86 299
31 145
143 175
281 74
133 252
74 179
21 25
14 115
112 232
31 169
160 167
89 125
44 215
22 121
291 214
27 226
48 92
16 58
3 180
293 264
257 258
97 116
225 272
294 110
16 86
204 261
64 233
210 251
284 215
62 86
78 201
6 164
103 259
289 246
36 215
154 213
283 183
37 240
67 106
43 44
214 292
285 100
0 230
286 40
140 274
79 180
253 270
147 209
248 297
277 290
92 228
27 123
219 236
85 122
276 290
115 124
82 265
235 279
199 225
73 249
52 71
130 235
124 244
67 125
77 122
164 235
5 229
289 23
70 287
152 186
288 88
140 281
290 138
27 201
53 221
140 205
100 247
60 154
190 196
32 155
132 139
14 49
27 242
284 0
103 112
122 212
72 132
132 158
196 222
72 265
113 274
91 158
286 295
90 144
29 229
198 266
147 224
101 209
123 169
33 135
50 195
289 58
138 218
22 249
30 89
10 103
62 142
66 225
129 193
60 172
10 72
198 209
296 231
137 201
171 195
290 233
294 115
263 266
243 247
130 258
56 212
288 147
2 104
94 95
75 83
61 231
24 171
5 162
34 121
6 298
28 37
293 274
297 48
192 253
149 233
97 136
25 229
89 269
98 153
55 279
149 206
127 229
81 211
91 235
121 253
297 42
280 185
273 279
86 254
170 252
111 168
20 290
288 168
45 250
129 189
134 272
207 238
272 273
195 275
5 282
28 221
280 165
91 272
6 83
225 241
125 299
94 229
14 78
136 175
82 267
297 222
53 248
280 124
299 140
94 227
298 247
59 289
126 271
102 116
64 256
102 191
9 226
83 287
74 288
49 121
184 205
100 184
139 296
287 261
226 230
56 128
163 204
78 95
20 139
269 298
11 189
203 293
40 200
200 278
44 52
54 192
37 139
153 230
32 286
154 238
127 280
107 234
1 160
110 126
5 15
252 265
4 190
293 232
157 194
160 177
204 278
124 222
21 282
98 124
12 63
22 223
97 207
151 280
51 298
8 141
9 35
32 94
33 186
68 144
106 216
146 252
56 100
11 62
156 240
90 112
144 261
59 205
148 197
144 149
94 128
32 273
37 236
4 133
229 271
281 284
80 193
15 193
38 144
282 257
298 107
168 243
294 76
21 156
25 125
56 98
73 201
201 296
112 248
293 266
228 283
124 211
101 231
126 284
87 247
70 263
207 218
64 209
193 219
128 252
98 218
226 231
238 258
136 225
289 121
96 149
74 83
26 226
286 72
95 213
117 136
24 167
18 157
140 262
158 259
202 243
121 206
156 177
203 254
5 212
298 130
163 221
221 252
283 157
281 86
32 64
294 180
286 127
24 227
58 212
29 66
91 185
198 275
252 272
69 196
282 121
285 125
97 283
205 259
260 299
14 106
137 221
149 175
13 88
188 268
297 145
123 160
31 92
81 220
139 263
149 215
134 143
13 237
25 224
230 295
37 148
31 73
14 117
149 275
124 196
243 251
58 291
49 68
18 262
297 87
152 173
61 78
256 269
245 262
138 203
53 109
2 204
95 107
11 162
0 142
39 101
195 245
175 233
41 198
287 161
19 179
100 142
73 292
36 269
91 190
280 102
54 102
86 166
281 68
129 257
12 230
298 141
97 270
67 201
78 135
188 296
87 263
75 164
288 13
66 146
83 166
49 163
63 233
107 161
166 188
161 182
133 138
121 246
56 150
19 236
245 249
7 42
103 180
289 272
22 203
156 263
6 47
282 2
44 80
228 286
172 222
54 217
158 231
132 233
297 159
130 274
100 250
65 203
131 244
127 214
103 222
95 142
56 142
50 148
90 282
68 108
88 188
85 171
109 271
120 131
106 111
183 272
2 43
256 293
34 170
60 259
8 85
75 116
17 28
156 222
136 286
13 42
43 73
52 179
41 79
82 215
157 252
56 213
281 84
159 280
61 173
146 197
72 227
114 271
293 211
26 260
13 254
41 68
280 136
135 157
151 174
126 219
175 298
39 137
174 269
252 263
230 250
12 217
219 286
46 254
218 231
89 137
51 290
12 70
57 88
51 238
1 291
175 282
0 272
2 214
107 214
38 293
133 221
52 206
11 137
109 256
119 262
11 101
299 80
133 285
157 238
12 154
292 262
283 152
242 294
287 84
79 161
34 249
26 230
293 27
89 254
72 84
202 265
92 101
293 183
287 64
153 231
100 143
35 263
115 282
38 68
292 267
1 137
86 173
81 284
80 253
35 74
32 104
144 299
150 222
1 234
104 281
68 202
260 265
40 73
3 20
109 258
67 209
21 228
258 288
130 184
105 204
74 204
76 177
166 298
297 180
31 53
125 249
41 139
70 90
175 278
62 70
65 148
62 238
103 116
32 130
111 161
115 191
21 294
7 236
4 230
39 231
63 244
208 285
155 230
26 224
20 99
61 122
91 231
209 284
3 61
11 139
297 230
136 247
108 161
114 247
54 88
123 257
185 191
4 147
299 280
80 239
101 117
288 82
5 178
282 235
188 275
53 212
18 26
44 207
222 269
72 216
231 295
244 291
142 298
141 234
159 247
299 240
86 194
123 152
153 157
14 156
66 232
86 115
46 171
50 241
282 155
49 105
127 258
34 72
11 112
158 246
165 183
218 257
102 113
131 274
57 111
15 145
91 115
16 216
2 262
50 69
92 248
232 289
23 143
75 208
58 174
281 127
37 135
141 245
201 288
23 200
78 250
28 82
4 237
112 230
86 296
56 85
285 123
173 287
283 237
6 22
9 148
117 132
109 174
1 226
92 93
6 279
284 11
259 286
58 261
123 127
154 290
2 108
54 272
183 220
12 111
126 133
144 203
19 283
293 245
298 176
246 247
293 54
213 228
214 258
197 294
81 155
155 293
104 224
203 207
93 174
206 226
152 218
6 248
89 129
77 230
72 230
4 241
139 202
70 261
180 280
104 269
41 242
57 194
181 183
130 255
110 222
189 230
80 260
24 129
8 29
298 37
112 164
77 288
298 143
61 296
125 234
62 204
88 97
160 290
13 185
89 208
47 84
4 233
290 244
51 112
196 225
4 46
117 157
224 233
86 298
36 139
297 102
206 287
43 288
17 262
291 252
200 217
179 205
62 163
46 108
56 107
289 202
12 141
67 127
19 93
298 109
117 129
110 112
74 125
120 220
83 245
109 205
26 160
296 250
26 72
127 137
286 184
41 107
118 183
7 179
283 14
10 149
66 114
9 163
44 236
72 298
292 273
117 195
252 268
120 162
296 199
51 165
94 133
46 81
210 243
165 264
8 266
14 74
70 165
33 237
294 159
23 54
280 198
90 127
76 102
281 76
34 181
175 203
144 259
188 265
292 118
228 268
85 134
28 30
46 265
138 165
105 263
176 250
51 281
242 287
46 123
8 22
80 211
33 64
66 74
35 293
283 68
76 162
29 155
106 241
76 255
29 132
86 253
35 41
179 200
32 123
20 185
88 184
99 251
13 23
124 276
20 93
122 172
36 221
114 139
204 206
17 75
137 175
177 227
31 197
97 167
287 204
125 228
178 264
253 299
2 128
64 170
132 194
38 99
128 266
297 64
153 207
9 272
34 66
65 153
287 26
229 270
113 212
286 178
37 162
36 199
122 193
56 220
104 109
104 189
152 223
282 275
292 58
47 265
10 150
180 187
280 71
252 288
292 213
141 223
171 208
11 234
160 284
114 181
283 279
108 154
81 122
80 172
292 124
90 160
288 93
288 208
100 151
105 291
152 262
172 214
241 250
31 153
233 274
133 255
291 68
290 246
28 204
162 279
289 199
54 244
103 106
20 166
284 62
18 173
50 57
98 291
7 199
58 239
53 268
21 195
56 275
76 289
94 204
21 244
142 165
281 161
79 263
36 123
109 164
212 253
50 96
207 249
66 79
129 201
35 184
100 135
44 265
160 213
83 252
30 169
0 24
25 104
145 214
69 85
75 94
39 178
76 157
18 103
128 158
41 223
111 278
140 145
146 154
30 136
4 251
101 215
102 186
256 275
293 43
157 260
201 278
84 289
233 266
72 112
84 215
58 74
166 279
204 212
83 190
172 275
106 213
299 289
31 200
147 223
20 260
68 252
297 96
153 221
159 164
99 166
4 197
108 271
118 284
129 237
41 119
125 284
285 260
217 243
60 122
244 269
15 181
66 108
144 224
100 178
246 274
143 229
92 289
6 11
84 210
22 255
293 125
259 268
149 164
23 262
91 229
72 234
78 244
143 172
117 174
296 108
25 295
129 181
47 138
133 236
172 277
200 219
42 126
111 225
288 103
291 92
149 185
131 239
160 217
174 199
285 220
183 217
214 239
291 63
25 60
197 224
83 263
286 79
10 166
64 285
160 222
44 66
8 77
45 122
13 82
207 254
32 37
13 32
80 188
81 171
31 277
234 244
211 248
180 274
5 106
291 57
2 91
177 218
137 259
191 193
84 271
75 196
97 125
101 165
24 262
63 82
34 215
146 161
210 291
95 290
78 153
96 183
95 210
154 261
119 139
147 164
71 123
194 287
103 251
98 108
286 140
69 223
84 294
296 213
147 176
50 280
12 265
183 281
104 276
282 240
11 218
295 4
281 192
6 145
21 39
297 41
284 44
94 228
77 174
4 159
108 253
87 157
107 118
297 94
281 236
76 78
79 181
79 235
59 71
89 246
56 288
51 263
114 191
29 274
299 65
118 290
114 254
3 196
78 193
249 291
55 62
65 259
286 28
32 288
103 129
128 284
221 297
15 244
82 160
284 185
47 210
295 221
134 212
115 209
129 151
42 233
40 231
97 133
136 189
8 234
20 84
29 245
188 297
281 244
286 149
155 211
73 82
84 254
8 254
19 63
75 298
27 93
176 220
116 152
239 257
94 244
288 231
46 159
1 200
32 131
280 11
101 221
290 126
100 158
240 269
50 66
291 19
53 155
69 97
130 186
27 212
45 160
27 159
1 235
41 291
143 273
68 168
298 83
296 134
41 292
54 184
51 81
77 84
68 93
33 122
102 149
292 198
82 188
163 236
29 205
64 217
299 139
137 257
97 238
184 297
4 29
2 299
147 187
125 160
99 135
34 235
97 251
98 167
107 197
45 276
1 254
286 56
83 195
7 240
48 191
205 230
286 65
33 164
97 162
278 297
35 83
4 67
56 168
121 170
65 181
8 19
89 240
94 275
183 261
187 200
18 105
71 270
180 219
234 243
1 7
105 141
29 207
290 186
289 132
116 215
90 278
71 227
11 208
193 274
174 180
124 205
77 95
25 177
198 256
286 260
61 263
126 221
187 207
136 290
297 141
9 222
81 256
38 297
57 162
78 131
12 213
43 164
21 181
19 111
98 280
118 229
220 279
148 285
136 244
55 104
4 206
100 133
6 252
133 248
112 206
145 221
2 81
12 127
280 18
191 224
109 185
246 275
281 18
290 104
55 87
77 279
13 134
76 129
127 151
131 267
236 261
139 175
290 79
1 113
22 271
291 154
13 187
47 169
299 43
60 240
40 53
289 73
63 109
191 211
1 297
155 180
15 290
66 137
43 208
184 220
81 217
71 148
123 139
38 222
286 217
6 101
4 151
93 255
101 290
294 93
295 94
113 232
13 63
47 173
297 164
66 267
136 201
11 14
9 241
16 64
120 140
20 256
146 147
106 260
128 184
220 271
152 209
94 241
2 164
25 78
22 80
83 165
52 77
235 273
191 297
96 148
32 117
189 195
16 73
120 189
26 82
5 107
19 200
70 222
215 263
130 201
23 110
91 124
71 105
170 249
123 232
40 134
113 198
121 283
125 271
6 231
286 146
203 270
299 54
194 249
79 120
76 228
187 277
123 286
253 283
106 242
3 282
194 242
59 108
284 2
5 128
139 236
102 115
33 266
294 16
294 264
4 170
61 255
5 265
74 107
149 251
100 239
46 231
72 121
142 227
0 177
77 187
55 202
144 291
193 247
113 213
24 88
194 246
40 255
299 162
36 252
72 78
207 244
150 296
71 229
42 181
296 119
51 166
65 118
63 164
291 27
155 200
118 199
111 279
68 159
36 69
175 250
22 251
20 176
22 213
160 294
178 223
159 197
8 155
113 144
5 34
207 245
82 121
20 79
20 147
119 181
31 154
61 186
27 294
47 193
0 192
53 209
80 112
283 140
75 219
206 213
66 142
186 276
9 191
56 266
63 88
145 200
12 240
138 139
9 283
25 227
58 176
33 269
118 235
157 167
223 272
267 278
29 215
35 66
280 15
132 185
2 60
281 6
75 299
221 234
4 273
291 247
0 67
162 179
296 174
131 295
120 296
293 88
159 283
242 272
49 138
84 129
225 237
120 128
88 203
15 98
58 150
171 252
93 200
153 181
162 239
7 113
88 236
36 159
28 241
105 213
289 159
174 276
61 72
285 118
0 133
1 278
17 116
146 292
180 210
207 248
42 232
179 190
297 47
246 296
165 247
116 117
63 94
151 177
45 46
65 200
20 269
66 89
44 67
293 67
59 61
166 190
214 250
294 120
8 168
1 216
52 62
82 246
37 223
187 209
95 248
298 182
163 202
58 215
62 153
248 289
9 151
206 279
66 188
15 143
72 271
20 261
112 275
81 263
13 170
72 258
180 268
160 229
1 236
21 44
124 141
80 231
4 21
138 225
27 124
188 209
200 221
23 151
54 156
83 125
11 28
88 260
50 84
187 262
92 109
148 296
222 243
32 254
115 152
56 83
144 179
270 277
31 163
54 260
71 104
181 256
35 253
131 255
72 140
83 187
13 100
4 99
124 219
39 118
78 108
182 257
235 237
15 166
120 258
79 140
139 168
27 145
71 103
103 234
59 100
101 261
184 206
81 158
18 237
18 267
295 70
211 214
46 144
118 246
188 261
99 267
80 226
94 291
71 156
55 230
199 297
123 275
145 203
62 87
101 193
236 270
163 260
109 196
137 182
145 243
129 213
6 158
253 269
23 215
21 247
64 203
74 127
43 77
298 118
137 289
55 166
287 53
4 117
94 252
249 287
86 243
48 215
127 253
29 261
31 284
107 287
69 160
64 262
13 168
44 81
68 113
207 224
295 146
61 91
208 232
67 118
289 144
181 228
281 1
102 173
299 221
65 219
62 78
66 100
1 263
21 199
166 250
173 286
109 235
99 115
294 9
6 148
84 192
135 265
180 261
116 125
291 22
196 299
74 195
9 30
23 166
69 141
16 156
109 279
33 97
295 269
105 199
299 171
144 255
140 158
286 253
55 234
106 107
9 158
125 166
283 198
20 128
16 225
154 255
30 146
139 245
21 60
136 224
39 229
117 131
99 105
288 5
159 179
0 87
63 269
239 266
164 219
115 255
155 297
129 179
289 110
2 98
293 152
128 207
290 124
280 278
139 143
4 171
294 245
47 51
205 216
283 265
270 279
34 139
24 86
50 253
132 244
50 128
91 179
23 25
35 275
198 261
291 265
247 256
288 66
228 255
23 97
123 174
103 270
92 292
55 92
103 255
198 226
217 275
1 262
72 229
196 294
296 56
21 216
4 221
178 231
24 34
81 173
170 203
133 198
215 292
198 219
89 284
285 37
32 124
123 237
40 95
40 270
150 229
34 248
288 190
86 105
28 87
77 219
50 261
102 287
40 168
236 257
74 247
115 207
137 163
61 62
80 155
141 213
282 138
46 83
12 46
214 243
281 7
66 143
67 112
14 48
272 294
119 252
217 252
111 158
34 264
190 200
282 52
32 207
28 57
195 290
253 255
28 261
68 256
12 203
155 276
2 190
97 147
47 148
21 177
290 30
171 294
20 150
147 249
76 85
59 60
1 46
199 206
136 187
290 170
231 287
38 45
36 264
139 163
38 208
5 194
10 273
288 185
9 43
90 119
165 178
188 210
49 270
288 71
237 276
35 242
224 255
49 62
128 287
219 292
76 282
35 238
246 251
79 100
51 252
61 280
28 154
113 137
200 281
172 298
106 249
69 288
205 210
117 163
76 84
136 161
91 163
299 34
21 102
98 281
114 286
178 235
51 196
127 149
39 203
205 209
51 153
292 80
71 212
9 19
48 75
165 279
105 259
35 217
190 236
85 254
134 138
55 260
101 204
94 185
136 271
115 263
43 237
292 228
86 239
64 270
52 157
0 26
8 91
27 244
265 266
117 211
200 259
296 217
10 108
253 293
80 225
297 160
144 292
26 118
68 255
22 198
36 134
24 146
49 184
217 262
89 248
59 260
96 185
30 203
142 218
158 229
66 93
55 273
58 251
288 18
186 215
122 136
173 187
190 242
113 288
143 228
129 173
292 244
75 151
126 160
126 201
156 171
65 129
118 160
91 268
22 54
69 134
83 242
58 138
280 148
130 291
299 147
286 183
61 246
200 272
128 247
51 260
90 220
57 238
15 152
107 178
288 132
45 67
281 194
34 115
21 223
16 201
206 240
45 180
112 156
295 199
295 162
40 124
291 239
121 148
105 185
107 297
39 117
26 28
70 214
89 200
22 280
189 209
22 164
77 298
137 191
40 269
148 224
157 251
157 264
72 289
182 186
72 118
42 141
34 157
17 58
201 208
244 285
120 192
19 278
89 147
39 162
131 173
187 197
281 85
63 224
49 218
8 166
202 213
297 95
111 171
5 31
225 292
104 127
51 205
1 245
18 174
177 294
101 289
6 36
177 179
193 271
56 111
105 147
92 147
78 225
34 112
32 191
47 72
282 202
104 243
97 188
49 228
171 243
99 167
297 2
72 154
156 292
287 182
105 142
281 47
30 190
20 213
287 58
21 77
65 78
91 142
175 212
172 286
116 246
98 243
5 123
16 276
77 276
263 286
103 282
23 155
96 163
288 218
32 54
98 249
52 240
294 129
186 222
226 285
185 200
23 298
255 265
297 101
114 171
34 255
228 239
48 108
16 145
64 200
254 259
153 201
156 279
142 289
62 71
55 262
102 109
204 208
152 202
48 274
210 229
67 241
293 119
102 136
44 166
282 206
128 192
291 235
202 248
17 57
8 167
299 29
10 264
54 56
82 294
58 144
293 49
61 278
185 267
35 230
5 22
79 107
136 211
19 298
111 172
295 198
115 259
46 242
174 264
114 201
157 159
205 228
34 119
109 192
103 113
207 225
252 280
202 240
78 160
177 250
50 204
156 261
63 131
296 238
295 296
133 278
34 85
22 240
237 243
123 140
288 23
248 270
120 195
193 255
225 263
287 195
291 14
194 240
128 145
157 276
53 62
208 298
141 207
21 139
95 206
8 57
19 163
193 249
91 180
2 271
8 138
125 153
132 138
9 264
16 57
37 204
293 85
72 266
110 115
128 220
115 289
64 182
24 158
91 224
53 130
0 146
121 198
297 112
299 290
61 117
18 83
167 231
10 32
22 151
16 71
197 212
172 204
58 266
51 92
172 173
108 118
23 205
88 263
186 236
31 86
90 155
2 182
8 71
38 73
160 195
243 277
156 211
17 122
43 145
159 293
26 229
86 267
76 118
52 199
44 63
223 262
39 213
238 293
87 156
100 266
37 124
286 48
146 166
116 160
42 55
203 261
244 254
50 103
1 55
162 166
297 215
208 233
13 113
123 161
47 75
12 161
218 264
80 133
127 293
192 207
14 211
73 84
117 180
119 221
35 200
35 111
230 234
29 129
126 232
299 76
9 253
101 212
41 205
161 213
30 217
99 128
72 152
122 190
61 251
15 155
66 239
23 147
17 150
10 186
181 238
299 87
285 88
38 159
168 266
285 144
158 181
234 262
192 226
214 272
23 114
174 215
298 229
93 206
225 243
96 204
49 273
147 238
1 108
53 131
150 208
155 256
102 130
71 181
62 111
90 226
91 182
62 104
101 160
53 99
168 210
271 284
293 202
48 153
32 195
1 119
10 151
14 17
12 209
114 236
221 266
195 205
18 148
18 88
282 46
200 210
286 117
86 219
178 198
219 239
290 117
96 194
287 59
288 62
25 154
158 163
212 286
33 95
85 238
113 220
292 192
218 298
187 237
186 230
51 58
109 190
120 275
50 182
84 267
40 273
98 278
141 255
55 298
84 225
79 238
285 134
167 226
282 218
299 177
164 247
85 111
190 285
145 262
283 160
121 288
96 267
214 245
154 232
280 30
162 178
28 222
22 135
15 109
30 95
103 289
151 158
4 296
99 210
284 279
115 231
28 291
72 86
16 31
2 10
13 33
11 35
291 115
242 265
67 84
172 234
16 85
42 152
43 203
127 136
105 212
18 203
45 249
160 209
110 231
52 181
67 80
215 289
88 242
107 200
13 252
28 245
153 283
286 132
11 86
49 98
3 36
297 223
78 209
138 195
203 281
23 71
80 276
39 299
65 139
10 224
213 237
6 104
102 189
167 282
281 267
147 235
55 210
161 212
295 134
142 248
26 171
290 190
275 278
55 74
136 165
34 291
12 22
168 228
66 291
109 272
1 19
65 211
63 235
281 139
107 243
110 167
240 249
120 285
6 18
201 203
125 178
36 38
68 140
230 277
203 264
299 250
10 261
49 200
92 268
217 284
9 216
71 282
36 290
288 243
134 247
131 256
131 140
280 57
65 220
116 118
116 209
135 169
22 197
143 183
72 262
79 295
36 87
289 263
276 282
24 211
38 108
281 48
48 165
75 82
18 181
149 216
42 88
54 161
110 172
151 216
141 204
46 215
36 75
160 189
92 160
8 287
178 214
28 65
77 270
28 139
212 295
11 248
66 116
139 181
49 262
122 274
96 113
52 65
26 137
194 217
142 252
101 206
23 101
98 276
296 284
12 100
80 170
10 219
53 158
45 212
58 156
145 153
59 256
13 47
283 145
187 232
289 102
48 249
122 166
67 213
60 108
112 158
266 290
46 119
49 77
96 102
195 231
296 52
96 269
13 251
258 267
12 102
50 174
109 270
84 245
94 98
60 86
139 244
294 293
39 200
27 247
74 168
5 279
73 234
77 94
118 121
135 149
67 198
60 245
291 3
30 68
14 182
70 138
37 111
8 242
72 104
61 130
48 241
68 263
17 146
181 270
65 261
117 196
91 107
92 261
143 282
40 233
196 226
105 214
138 173
30 221
68 228
30 138
138 196
282 239
162 190
58 122
91 267
75 159
287 35
150 179
177 191
109 244
40 61
182 184
156 253
232 292
92 104
70 148
42 224
16 100
190 194
188 196
95 282
187 202
288 46
140 186
170 193
110 297
107 150
218 230
262 295
5 255
152 233
114 257
39 268
92 288
8 76
216 258
297 122
299 129
68 175
11 153
86 129
3 92
255 292
56 223
59 62
52 127
105 236
90 217
19 132
143 263
36 228
74 170
50 295
2 3
147 222
267 272
218 235
0 207
54 214
65 149
31 294
50 95
106 258
8 73
144 227
294 125
113 149
100 150
46 78
122 123
68 80
169 236
122 286
93 237
0 82
124 271
193 216
156 163
0 11
150 197
52 269
142 245
110 249
194 243
49 170
184 191
169 258
24 272
292 275
68 96
164 259
191 213
30 148
288 4
108 237
298 152
28 41
76 135
122 163
78 96
154 275
34 46
106 121
227 296
71 93
283 76
59 134
32 165
107 169
78 211
150 169
298 45
25 200
119 136
0 93
73 179
144 164
37 133
47 60
22 46
160 178
202 219
5 71
3 236
59 212
274 290
248 293
212 232
152 268
32 67
68 266
20 54
0 25
52 194
20 52
32 98
19 226
32 238
226 233
142 169
26 93
50 141
120 197
121 267
7 117
87 119
105 156
77 137
268 292
30 226
202 253
289 212
143 226
4 20
67 188
167 189
62 229
19 211
64 255
292 230
52 258
37 134
160 223
154 197
99 154
252 277
145 236
134 168
11 27
179 183
122 293
226 242
187 289
63 159
32 126
148 267
85 234
18 60
94 122
295 88
18 42
104 202
108 255
189 240
299 0
299 261
10 106
145 275
19 240
6 149
217 290
39 153
187 291
33 279
286 176
57 148
198 247
15 26
125 197
256 271
49 272
103 104
69 293
37 69
165 190
30 205
125 295
260 278
84 126
165 245
101 114
76 113
135 178
171 272
200 262
295 213
122 196
33 295
170 189
116 172
1 156
292 86
7 241
91 186
6 168
205 287
188 267
285 155
18 254
121 241
10 92
290 162
73 122
9 27
288 221
30 140
115 176
133 239
227 263
286 236
151 208
100 288
227 232
185 270
289 207
60 280
55 225
246 276
23 163
179 266
186 285
6 71
172 256
30 91
136 207
57 294
126 254
16 247
141 193
22 224
238 251
14 263
67 101
290 14
235 258
77 190
42 103
177 286
287 226
287 275
47 116
179 189
41 290
179 261
86 178
104 282
291 168
12 147
285 102
95 249
257 277
125 151
41 177
283 74
33 109
297 29
0 257
290 261
48 122
156 202
218 238
88 107
8 16
5 32
290 212
274 295
118 133
77 210
79 86
183 204
156 243
56 239
22 283
298 70
62 286
248 274
295 31
15 118
292 237
289 283
115 290
26 296
281 130
232 234
175 218
158 187
49 123
106 209
284 158
72 245
106 168
294 194
61 290
239 287
149 269
52 231
131 265
22 228
149 179
57 233
21 196
79 270
284 146
63 202
5 169
94 240
45 163
88 292
50 129
110 203
40 143
19 153
266 288
14 214
129 190
36 37
251 260
142 188
6 184
59 99
194 238
76 193
40 41
110 286
59 276
190 253
72 228
56 141
59 295
73 189
129 295
138 284
111 293
48 202
169 251
30 77
226 228
281 156
75 257
95 284
148 243
33 73
139 146
39 57
22 123
70 176
21 51
49 266
217 256
128 201
288 264
90 279
292 266
111 268
46 212
26 152
210 278
162 252
233 252
100 130
86 158
282 25
286 21
295 222
203 283
0 48
68 130
172 265
280 167
110 217
119 141
86 126
283 131
51 96
244 246
290 180
3 238
49 145
94 217
214 219
98 123
16 153
197 266
83 272
10 256
291 218
92 239
189 263
52 238
122 164
89 232
238 253
103 156
39 191
127 275
65 71
174 201
43 76
299 175
147 285
48 216
145 251
59 169
22 207
205 269
29 194
15 191
127 147
252 278
288 210
133 145
4 42
54 248
94 105
70 299
86 245
227 275
95 181
175 287
11 21
70 114
202 220
278 289
46 205
290 113
192 261
65 171
294 229
108 206
52 237
181 184
247 263
48 210
24 247
62 94
27 104
222 288
285 3
253 287
252 273
286 15
73 169
87 269
109 231
3 146
19 275
24 111
16 268
77 243
88 179
209 248
60 153
67 132
51 184
88 226
84 142
104 136
122 130
107 227
129 260
110 221
190 214
39 206
146 272
165 292
183 192
97 298
193 242
157 190
36 287
113 247
135 151
0 283
293 73
46 118
26 181
284 236
5 13
129 198
225 252
105 164
151 154
10 104
113 272
128 195
0 228
69 152
104 178
28 212
89 146
79 94
66 177
116 197
296 206
66 148
137 167
156 236
51 138
60 116
186 232
299 222
41 191
289 143
107 122
176 203
61 274
68 272
60 264
45 216
34 165
102 239
12 132
60 187
90 157
28 232
115 269
38 92
7 207
59 167
12 150
101 112
110 235
35 38
18 134
271 294
56 293
72 251
68 220
63 271
89 215
129 134
92 103
220 261
184 264
192 194
5 246
4 64
128 136
36 203
86 233
63 173
291 185
20 273
48 85
119 134
13 136
181 252
97 101
95 140
60 150
66 173
120 290
4 284
8 82
291 202
102 112
54 57
14 147
200 256
139 243
47 110
71 165
183 288
299 256
22 235
142 196
19 296
16 134
37 182
59 144
114 299
37 142
95 225
70 126
58 146
184 192
90 97
161 185
158 226
88 131
159 177
98 242
283 217
50 118
84 217
145 259
281 56
7 153
107 296
296 244
42 76
4 247
137 210
9 45
108 145
23 241
15 297
67 278
71 194
161 221
192 268
115 194
98 226
50 217
54 118
93 240
94 268
133 250
36 279
54 74
72 231
88 244
299 255
3 106
94 213
24 53
63 126
49 294
93 287
250 285
139 223
46 114
261 269
51 114
13 97
146 240
130 143
98 260
130 261
182 202
289 50
28 178
47 224
152 176
54 251
106 109
57 87
36 111
285 6
90 280
104 150
89 169
34 279
139 292
145 291
111 191
145 148
30 134
288 172
70 232
98 150
123 214
198 208
61 96
295 167
87 102
244 272
66 95
38 128
235 271
212 257
99 143
57 275
61 295
200 207
34 107
299 271
14 284
194 258
186 205
6 49
43 98
39 286
286 76
293 23
22 161
85 151
239 269
292 83
50 82
210 290
7 82
236 248
97 126
36 206
221 244
286 241
5 91
22 51
90 143
114 159
5 220
131 223
20 292
293 53
88 261
4 242
112 125
157 178
286 100
121 207
61 171
165 269
167 267
18 131
182 273
212 258
180 183
37 258
284 12
25 234
68 148
161 288
192 201
105 282
143 210
103 137
20 178
54 110
14 172
58 98
116 238
133 193
57 130
32 43
189 218
134 210
5 96
1 185
82 194
285 60
1 51
125 227
66 85
119 191
38 239
89 235
56 112
185 219
296 87
197 275
88 130
294 298
173 212
0 75
142 262
91 261
143 168
236 277
22 267
29 144
47 85
178 234
174 177
61 197
281 114
79 251
4 54
20 218
294 33
79 237
18 50
151 256
41 125
39 124
290 22
220 230
85 253
122 149
139 269
210 265
57 298
285 108
151 195
75 139
68 176
98 104
58 101
180 238
97 198
293 239
297 234
30 210
193 269
171 216
2 199
22 248
27 139
242 255
297 227
244 268
187 242
264 279
179 275
8 231
281 186
133 245
140 201
281 243
76 256
26 76
65 98
291 135
16 203
47 222
129 263
176 228
4 248
10 189
216 288
97 100
162 245
93 279
136 219
131 196
142 149
129 272
45 285
84 148
286 234
124 159
166 287
73 144
282 22
159 210
20 231
127 177
282 211
50 177
54 119
19 171
129 289
10 230
178 196
249 281
152 184
41 105
107 219
25 172
97 149
250 264
42 165
24 74
25 280
13 94
71 98
112 279
0 99
143 287
281 142
22 102
50 184
43 238
294 44
3 280
213 265
133 257
96 259
124 261
31 146
150 247
282 23
102 193
208 216
176 242
53 140
46 56
185 240
48 209
79 289
19 160
70 117
93 257
18 53
74 161
12 16
60 292
30 181
45 256
9 218
87 264
282 156
134 186
81 287
281 245
287 191
47 299
178 266
60 298
282 209
243 299
138 151
77 124
292 250
226 270
55 79
137 140
156 232
33 208
3 170
282 133
289 86
291 189
72 150
66 180
297 106
68 293
123 204
73 126
7 296
70 108
128 200
141 268
156 187
158 228
158 269
118 281
24 132
49 134
46 62
85 162
299 231
181 263
67 216
122 165
132 150
179 290
78 218
14 93
55 61
288 277
11 188
175 293
286 45
23 177
74 198
176 259
12 186
2 57
60 144
130 154
14 178
215 218
64 198
297 211
114 188
100 159
142 150
92 178
243 256
153 161
246 272
114 234
37 46
160 215
182 214
59 266
79 265
94 245
287 47
97 259
105 208
148 291
142 295
0 88
14 220
160 282
299 282
168 177
31 47
10 236
58 186
79 118
222 272
119 220
81 197
115 227
81 179
103 147
142 269
160 241
211 272
70 104
33 182
51 226
290 211
52 149
100 244
210 225
11 271
218 295
296 285
299 107
137 288
287 134
8 235
63 228
148 256
211 213
126 224
168 212
42 174
36 187
292 172
3 84
193 200
281 119
111 134
198 240
65 271
183 277
282 39
24 116
149 262
298 4
233 269
36 197
136 267
73 243
224 246
119 207
107 166
197 237
19 31
11 272
115 283
174 291
21 170
54 279
13 273
54 179
141 147
82 133
168 258
114 142
229 276
28 224
151 156
293 0
82 158
97 107
201 258
37 243
130 170
146 237
54 265
183 213
4 268
22 237
67 238
5 80
286 159
41 148
63 182
92 167
172 237
258 275
89 291
73 275
39 161
40 158
16 182
27 270
46 259
64 294
177 274
153 277
26 186
25 274
54 104
197 228
7 30
118 136
6 66
69 138
289 293
14 46
74 279
102 105
112 254
26 111
291 76
87 251
290 178
29 59
110 227
10 86
60 197
289 180
284 120
137 181
71 262
55 95
7 57
63 242
219 267
47 78
214 215
62 128
113 156
71 196
78 145
71 132
146 279
106 160
160 250
75 131
46 198
251 281
231 277
115 278
87 172
36 205
286 5
153 235
288 224
160 235
193 239
124 239
280 188
289 39
78 114
29 186
234 253
19 251
111 119
56 169
25 34
68 197
152 199
0 58
76 227
88 101
0 171
61 214
140 194
282 109
137 168
291 69
81 123
21 201
57 139
61 98
199 229
225 244
107 115
138 233
9 176
75 264
287 270
22 214
8 129
167 277
10 238
200 275
47 258
26 180
167 238
298 116
95 253
27 257
100 173
68 150
297 237
0 296
35 67
245 256
44 108
58 59
58 268
23 157
85 278
3 297
281 233
87 276
127 145
66 255
80 208
28 80
288 212
75 210
97 161
287 214
52 141
295 158
70 91
110 251
1 293
98 115
25 113
89 264
142 275
68 149
81 132
282 81
177 226
185 260
120 161
10 232
15 294
295 263
296 245
13 235
188 241
55 109
11 273
78 203
166 273
19 279
12 243
217 294
13 39
138 278
106 133
60 156
118 212
295 234
162 283
77 85
178 281
284 186
45 53
295 57
60 254
178 205
23 121
46 148
97 112
284 129
16 163
192 203
3 155
85 218
56 75
138 249
40 160
203 269
65 122
43 119
63 132
47 286
37 125
78 146
55 244
292 79
6 14
16 131
120 222
134 283
57 170
19 22
144 281
97 228
86 145
73 119
14 180
93 128
107 275
71 226
187 235
187 243
116 163
6 256
5 79
141 197
283 104
164 294
11 12
124 229
48 120
163 164
294 138
157 240
68 211
57 208
49 72
209 289
23 124
299 279
62 126
282 65
170 211
43 99
0 73
13 75
83 278
2 46
147 203
256 283
106 217
12 271
24 264
172 235
99 204
21 143
15 79
14 251
182 210
159 248
142 268
173 298
27 261
58 245
121 233
27 285
23 225
291 44
9 227
1 253
8 26
149 283
145 171
33 270
137 190
193 250
285 245
120 243
16 291
263 290
117 299
101 156
54 180
51 64
104 220
91 250
64 125
39 60
188 224
66 234
124 162
45 252
88 108
83 210
170 191
90 108
294 67
266 270
206 233
62 221
29 103
20 180
238 287
133 287
79 127
64 214
130 169
299 203
57 224
286 143
53 191
285 61
44 229
173 277
4 207
127 203
284 3
211 295
53 127
222 226
297 189
296 157
148 295
171 235
62 240
39 55
85 124
87 294
157 174
186 233
20 49
52 160
286 8
127 181
191 209
63 275
223 288
28 123
62 216
86 92
46 58
96 151
139 161
37 62
134 292
157 290
18 241
97 145
282 168
0 51
98 200
34 35
47 50
7 151
170 240
58 125
70 268
198 273
14 30
41 196
193 230
133 242
135 216
118 272
33 121
41 188
205 294
181 267
164 205
190 234
102 158
250 288
135 210
244 273
247 265
24 50
47 288
35 186
92 170
97 132
299 8
151 198
99 183
152 249
8 296
74 259
56 285
46 105
131 161
51 115
98 186
61 180
189 256
56 233
53 237
47 257
137 202
288 182
87 281
88 298
127 190
17 51
237 247
153 208
143 156
120 171
298 195
98 201
18 178
134 195
11 228
20 106
77 176
156 167
129 202
79 88
88 265
61 232
7 229
66 295
281 79
11 221
88 221
90 263
289 264
207 275
210 233
79 163
195 266
16 151
62 254
12 179
70 120
172 299
272 297
80 251
18 215
179 295
206 280
114 219
45 81
110 239
1 232
53 194
124 240
239 272
95 151
80 143
77 284
138 141
50 227
123 217
110 260
67 221
218 299
108 267
172 225
41 59
171 194
175 257
134 242
183 229
205 271
90 181
5 249
80 270
178 213
178 192
144 242
299 57
202 208
140 287
130 175
216 265
35 172
162 189
43 85
128 137
256 268
273 280
216 255
297 176
48 267
24 222
87 145
102 250
297 50
169 222
163 227
4 154
77 193
17 70
3 219
19 61
60 65
75 102
11 89
4 40
14 20
20 28
280 249
53 103
13 176
211 261
108 195
295 62
64 181
127 252
202 234
34 102
165 238
296 270
158 185
22 167
12 146
36 100
104 149
203 219
54 271
222 235
96 244
82 258
179 188
46 136
6 26
121 240
18 45
58 160
185 255
113 283
150 188
231 243
51 55
297 125
70 83
109 161
75 134
63 150
292 50
297 206
283 51
183 243
25 240
2 64
283 54
158 287
193 213
63 181
49 113
40 167
136 231
6 261
283 155
138 207
143 285
99 178
35 82
45 60
173 254
291 197
15 299
27 117
36 85
88 215
23 221
28 93
298 261
292 44
27 102
149 230
6 260
14 145
39 72
187 290
228 298
93 98
84 260
297 270
79 258
49 135
32 297
290 83
47 211
72 159
267 269
41 90
110 237
126 246
45 218
165 293
67 136
56 249
83 109
12 72
104 295
106 162
70 121
69 148
141 189
225 250
105 294
195 196
114 256
13 145
126 216
138 188
147 219
49 242
85 209
133 165
68 184
283 170
73 211
110 155
109 131
57 166
239 247
173 240
72 119
162 211
6 13
151 168
289 162
96 230
73 166
117 207
162 250
26 197
22 218
102 123
168 178
169 255
225 247
217 244
54 157
33 238
148 279
113 277
38 249
76 123
6 282
123 163
40 43
1 107
171 232
110 178
108 217
262 270
7 87
55 118
23 32
107 186
18 168
53 261
80 102
158 162
70 105
298 76
196 271
198 262
76 258
208 280
147 268
39 111
3 160
97 211
75 233
106 278
281 122
3 21
138 210
283 33
299 158
169 244
5 295
115 230
164 223
71 171
5 160
43 157
118 127
40 183
160 205
52 224
102 226
25 197
62 158
141 186
83 130
47 140
286 192
19 95
215 250
56 200
74 100
113 201
48 128
163 168
115 264
10 163
152 185
65 281
117 181
164 177
282 252
187 213
91 285
8 96
34 283
291 131
285 141
13 281
91 222
60 188
7 34
86 223
54 92
48 201
50 123
184 225
66 269
24 201
132 248
45 275
293 2
167 249
20 110
68 251
105 132
42 153
280 132
167 174
45 203
41 243
158 186
166 251
186 287
184 209
19 79
170 187
179 257
104 222
77 294
118 270
42 62
178 238
63 141
281 24
109 153
74 115
124 187
36 153
290 19
90 204
272 296
68 142
212 270
281 166
205 207
22 70
172 206
43 126
207 267
294 58
104 197
100 161
82 255
260 264
9 225
195 294
68 249
175 253
9 221
130 270
213 245
106 165
141 265
16 192
290 132
186 295
102 159
291 129
73 128
195 262
219 274
53 54
78 169
10 192
57 209
296 265
150 157
280 194
180 204
117 250
200 294
95 228
298 289
223 235
90 258
64 76
14 279
117 120
147 183
282 93
51 154
95 265
32 298
221 287
100 290
9 131
51 233
25 262
108 147
159 228
88 129
140 203
18 208
167 255
175 279
291 204
8 177
27 153
296 20
164 263
124 185
30 54
49 224
42 265
102 154
213 250
86 282
115 133
291 54
289 258
14 60
71 201
7 33
154 161
102 236
115 220
112 242
180 206
226 299
133 286
82 231
57 146
193 295
13 153
76 122
126 129
290 33
114 258
153 252
61 242
229 290
289 64
149 250
284 33
158 258
62 299
218 223
6 131
139 279
198 230
133 175
124 204
286 264
162 268
147 149
195 283
187 249
159 277
282 264
123 193
273 277
104 207
85 195
211 281
119 203
110 146
30 246
10 178
134 192
66 200
295 226
93 277
74 235
36 217
105 207
12 274
208 259
32 121
186 240
198 212
112 225
33 130
81 138
70 125
122 128
26 255
37 138
40 138
281 212
33 66
232 253
285 171
73 99
234 266
44 212
224 273
123 187
286 261
284 104
69 109
146 282
11 118
14 51
4 39
83 129
284 149
30 175
138 184
31 285
287 279
110 201
283 201
268 289
295 149
80 246
137 290
124 181
232 236
189 198
75 171
194 225
1 270
118 209
68 171
134 202
33 40
27 57
17 196
72 147
5 135
186 280
117 160
132 161
120 215
214 227
288 135
199 212
208 244
3 198
192 195
171 209
53 69
299 273
41 84
189 223
163 250
136 230
299 165
135 272
179 230
20 82
181 286
4 245
283 250
179 234
161 236
221 226
221 270
34 239
293 45
48 164
130 264
38 254
171 214
130 216
227 261
180 217
68 158
149 244
9 210
11 76
216 282
196 297
56 166
62 79
177 232
105 175
170 199
150 152
290 256
284 179
215 235
133 173
56 119
119 168
13 144
81 109
280 88
104 118
29 124
250 258
114 153
292 160
286 124
92 242
218 246
297 89
178 212
143 145
80 85
5 47
69 262
166 189
78 252
148 260
144 195
190 299
292 180
296 62
152 164
1 250
178 197
110 252
297 204
100 118
292 8
12 139
150 159
285 21
8 237
119 280
49 104
155 247
78 234
33 146
26 62
128 172
15 253
93 297
135 140
82 234
87 197
189 268
48 131
96 108
18 31
296 226
89 257
33 74
35 90
288 179
292 31
72 255
237 258
90 114
193 196
48 186
258 270
31 266
223 266
44 112
137 294
19 260
84 102
3 151
64 275
132 202
292 1
93 221
143 181
220 244
136 185
175 184
42 220
76 163
70 203
164 199
284 83
56 287
35 261
27 202
106 172
147 162
87 295
24 124
9 98
284 82
168 209
9 81
163 199
64 65
21 78
163 255
121 199
67 100
36 65
61 170
30 36
11 225
181 285
161 188
102 296
137 271
194 274
184 294
200 273
140 202
108 282
63 160
195 248
16 141
50 78
59 272
4 140
22 293
170 225
91 242
121 140
273 297
148 288
74 82
48 273
160 168
61 111
93 245
9 33
99 137
32 102
11 22
101 216
291 266
13 209
183 208
222 254
191 248
125 205
76 106
0 102
70 122
216 223
133 192
30 239
184 236
170 232
152 288
145 247
2 125
172 228
87 200
211 276
169 215
22 96
189 281
56 289
198 270
285 261
10 130
70 73
11 269
285 131
16 170
97 257
64 282
94 265
86 252
53 78
292 183
123 281
111 118
293 132
168 246
40 56
163 259
9 172
287 38
114 241
186 291
243 297
83 251
12 84
23 127
238 261
1 299
6 24
19 215
29 161
295 34
119 133
42 167
241 298
163 267
201 231
135 219
33 119
196 292
150 257
175 183
97 214
283 224
24 271
50 251
30 260
6 169
65 173
170 239
55 160
79 138
76 144
83 134
49 54
282 256
52 53
25 117
14 243
48 255
290 84
193 240
130 193
286 10
134 173
184 235
113 249
135 148
283 50
40 237
122 141
48 67
42 299
8 203
15 108
178 185
251 273
105 176
107 201
225 229
74 243
130 244
117 232
152 232
62 192
15 96
122 260
190 271
285 201
198 213
28 114
126 217
292 19
103 297
290 238
21 72
17 186
242 274
71 205
133 216
31 106
231 283
110 127
219 259
13 91
17 145
59 132
15 20
30 249
151 170
116 217
120 166
290 272
38 262
131 212
114 229
183 276
117 176
138 222
190 225
296 230
69 154
298 280
87 188
226 245
30 156
17 230
169 293
236 249
207 292
36 120
24 93
131 133
101 136
108 231
59 114
17 139
84 136
130 272
139 201
299 251
15 29
197 253
112 181
138 231
294 263
110 197
22 171
284 64
105 257
69 261
202 258
118 207
108 150
101 254
242 293
3 266
126 298
147 253
140 256
245 247
34 205
41 214
206 298
7 48
86 263
54 204
52 286
131 284
176 178
163 174
80 163
53 272
187 221
16 94
14 234
183 219
293 120
130 215
220 275
31 122
296 92
89 95
4 199
60 186
214 251
90 197
62 152
66 294
132 169
284 294
63 77
156 237
73 248
7 222
55 205
44 249
174 225
109 281
185 246
122 142
17 20
6 74
122 216
44 124
19 73
43 143
235 266
9 244
57 126
220 299
27 149
285 114
280 176
29 251
42 98
224 268
146 173
0 41
135 204
53 270
55 296
56 84
282 174
211 294
282 87
187 193
283 96
211 285
6 172
263 275
75 294
140 247
42 160
283 18
215 217
104 123
213 232
94 225
13 260
27 129
292 195
33 184
114 290
97 169
158 197
40 64
289 277
66 172
13 207
35 42
292 293
127 153
25 284
128 205
238 289
36 189
58 77
161 277
159 212
8 275
101 230
111 197
51 236
130 257
246 266
48 121
255 270
163 215
145 293
245 288
139 273
81 183
218 248
99 102
7 29
22 244
3 258
142 151
103 177
169 264
13 195
297 139
184 252
112 174
296 33
73 141
86 136
137 146
1 277
105 178
40 175
299 119
77 168
297 85
110 145
294 103
19 256
59 203
281 148
29 33
29 68
159 226
89 182
106 253
283 130
44 203
30 173
109 187
31 144
222 242
145 256
113 264
142 220
215 242
179 214
281 35
283 223
96 144
293 230
288 257
38 266
196 257
47 208
18 214
198 221
0 53
53 213
180 282
101 184
287 60
40 257
202 221
35 187
146 268
290 89
153 185
130 229
177 223
5 163
134 236
77 262
281 209
114 296
14 183
83 162
21 237
108 264
42 191
29 47
25 79
298 253
10 153
127 154
37 289
144 170
194 263
89 150
159 205
59 201
211 267
75 212
55 175
92 287
38 203
38 133
132 172
286 245
199 258
57 120
39 131
294 190
32 148
295 183
110 131
58 189
117 268
145 287
78 288
204 225
75 232
85 229
214 237
87 190
4 118
95 270
52 104
206 262
56 96
55 200
115 228
92 275
57 292
209 246
118 236
282 158
26 95
144 156
41 114
157 246
63 274
31 273
186 224
145 192
64 271
159 168
1 68
85 110
90 136
14 24
294 254
26 122
172 296
227 240
48 256
17 56
5 161
33 227
205 296
281 57
160 273
58 102
86 119
144 238
26 286
69 299
135 167
61 277
207 272
286 169
7 91
245 280
12 125
52 186
73 263
77 223
65 147
37 286
144 251
49 234
69 260
84 123
36 234
264 272
20 47
178 195
58 203
64 190
89 234
242 279
299 247
23 159
48 144
163 178
146 176
8 192
197 236
228 246
133 258
179 197
12 42
254 280
135 252
17 212
133 154
3 274
226 235
160 226
176 179
217 221
62 88
194 290
238 267
7 132
70 256
97 236
281 105
295 177
152 217
280 129
151 249
219 238
281 206
46 85
288 295
285 269
41 269
152 175
26 277
204 214
110 218
57 65
188 254
11 57
123 240
100 105
113 127
14 197
130 263
25 264
81 96
23 266
41 273
53 238
104 132
43 168
24 135
13 298
31 32
259 269
34 94
5 244
166 261
36 254
123 136
218 294
8 128
130 289
22 37
10 48
28 135
5 103
65 204
40 90
121 168
256 277
62 218
79 116
68 115
59 89
18 179
141 266
111 122
141 293
186 272
280 168
24 291
37 270
29 183
256 259
293 142
0 186
80 173
75 249
83 112
129 231
22 88
114 273
238 278
31 147
76 262
9 144
144 158
30 292
297 171
83 177
48 261
229 279
56 158
42 161
297 19
23 61
244 264
286 77
173 285
176 221
96 245
106 218
158 220
50 111
49 132
116 158
295 30
172 259
208 287
289 291
173 206
193 199
126 292
11 164
297 20
262 280
206 216
40 57
8 53
50 60
125 171
232 270
202 273
26 253
18 55
281 214
137 185
119 185
86 284
19 105
286 75
97 127
9 271
270 284
40 274
245 287
77 130
67 258
181 200
95 120
119 187
73 187
130 236
79 273
116 129
280 235
77 78
45 114
218 275
5 14
283 59
119 247
2 139
172 176
26 155
282 134
104 126
48 73
238 295
114 200
94 254
256 276
154 227
31 113
294 224
283 56
189 299
27 37
236 265
186 187
9 25
292 66
61 102
278 288
148 292
281 246
83 163
283 100
56 146
87 181
103 132
13 211
111 230
25 208
76 126
106 138
78 241
202 286
93 192
90 232
166 268
52 147
132 259
53 83
25 83
83 282
2 112
10 209
59 253
224 296
12 177
278 291
186 203
207 262
125 138
35 88
283 215
297 298
103 152
19 113
293 71
19 257
247 292
73 77
165 219
69 129
5 248
116 166
29 156
56 257
201 298
4 144
255 284
297 114
46 146
227 244
60 209
27 279
36 93
95 111
32 153
111 270
240 284
34 290
182 230
158 268
75 258
53 245
120 127
37 215
55 73
299 178
38 195
6 120
107 280
143 146
144 191
163 261
41 221
298 125
6 137
15 120
148 166
114 131
112 194
97 173
23 210
42 247
28 111
137 186
15 63
172 185
72 116
174 181
38 46
6 118
115 295
16 278
187 188
83 94
40 100
290 66
103 197
129 279
98 183
136 298
64 154
200 277
140 187
169 224
53 271
162 238
55 232
87 113
51 136
38 149
230 263
13 103
122 284
286 101
71 275
77 225
191 221
71 74
175 185
68 169
182 290
20 90
21 183
25 164
66 112
81 289
36 129
281 30
22 185
120 214
93 269
230 241
8 92
24 113
24 273
202 271
60 103
6 12
214 260
81 205
16 243
139 227
248 255
106 235
209 280
152 277
221 250
239 270
120 252
4 93
47 215
69 76
23 240
133 185
296 155
159 217
295 53
299 200
217 257
4 224
291 77
57 82
24 226
143 206
78 258
42 294
75 230
158 253
83 237
10 199
209 237
223 247
196 197
154 285
14 154
212 251
150 248
104 107
43 222
104 111
223 294
1 162
17 132
43 87
64 159
32 172
146 212
1 172
32 196
284 181
27 241
284 178
280 226
35 131
62 123
297 75
193 228
119 202
228 240
1 287
214 299
25 51
69 131
80 87
281 239
56 125
130 267
149 287
25 249
67 260
33 117
13 71
8 276
197 269
254 275
241 251
277 287
127 134
60 213
297 25
1 76
288 261
62 131
10 291
22 104
272 288
44 281
34 209
84 231
92 260
5 78
55 72
290 174
119 249
130 230
227 283
15 202
82 108
35 140
205 258
189 206
142 199
62 245
148 163
93 242
7 46
297 242
58 166
280 156
161 173
188 251
96 152
176 264
132 192
65 223
287 167
224 281
113 132
78 127
96 282
172 252
167 285
169 240
87 136
192 270
297 61
297 52
21 270
225 256
156 285
291 173
201 280
299 201
22 277
80 154
290 18
85 296
281 89
33 256
243 269
209 287
80 291
202 238
105 201
205 242
287 294
25 275
96 154
280 232
294 226
5 12
26 53
75 129
65 74
64 186
135 170
295 156
40 174
103 190
72 167
89 195
49 185
1 221
42 255
280 53
294 113
58 121
100 270
4 100
293 24
93 115
151 267
280 117
21 110
25 89
53 97
175 220
69 184
175 187
291 167
59 152
169 201
157 202
31 167
72 226
97 286
117 292
7 176
214 231
127 219
7 212
165 184
25 185
292 208
70 129
31 54
65 268
9 111
78 149
69 169
198 201
17 25
67 196
189 221
151 187
120 200
26 192
73 150
15 278
159 268
166 195
215 237
226 251
27 187
151 207
287 100
23 247
22 57
137 193
118 186
153 170
29 75
2 256
281 219
242 273
65 109
126 225
172 269
294 70
179 203
121 194
292 142
70 289
209 257
119 297
21 27
84 242
14 83
32 193
68 120
117 246
292 25
8 127
296 22
287 72
97 293
222 260
126 226
240 245
191 254
11 38
64 243
88 139
116 213
18 106
292 279
285 149
284 65
239 276
6 78
193 278
16 88
50 277
144 174
125 213
206 284
133 215
123 264
89 237
32 118
286 50
284 84
18 291
79 129
30 225
117 161
43 292
297 163
63 177
151 242
27 111
9 261
88 219
299 85
210 213
69 229
180 265
87 98
295 80
9 203
81 264
162 185
6 8
291 97
289 93
7 139
259 284
209 231
101 131
10 46
132 165
21 87
76 170
60 109
35 198
129 227
47 141
123 238
48 160
294 215
177 208
5 82
110 238
17 157
236 239
284 92
131 298
283 132
224 238
17 191
61 240
76 221
89 172
41 71
44 137
71 84
238 257
175 181
171 274
3 15
104 105
285 138
53 82
291 254
23 257
228 284
35 190
273 284
44 198
19 114
290 25
205 227
164 285
290 52
25 110
286 119
21 236
153 224
94 169
160 211
147 195
25 198
62 228
160 281
147 185
68 245
8 122
31 70
30 42
21 96
284 169
40 154
179 229
288 114
143 150
188 285
116 226
120 151
288 30
46 160
41 135
274 299
102 194
3 81
110 144
289 12
283 236
209 273
60 236
44 266
289 6
281 63
92 226
85 288
119 260
67 81
183 216
129 256
0 248
56 238
19 89
283 277
96 268
287 157
288 11
30 50
116 242
293 11
94 221
26 235
138 178
12 20
40 186
93 256
116 167
175 291
135 228
144 183
21 278
128 169
59 106
128 164
289 233
210 274
27 141
49 141
138 247
97 273
55 204
13 90
49 204
21 280
80 189
13 118
55 223
17 201
82 182
175 210
196 221
116 146
66 282
150 205
15 86
163 176
210 247
73 252
189 292
126 214
157 243
83 262
99 269
145 187
21 158
128 277
101 200
47 111
47 151
49 93
4 155
174 182
205 240
33 67
288 298
105 243
295 85
203 221
254 256
126 210
111 250
12 104
134 184
92 294
179 217
1 135
1 22
86 225
50 149
297 161
112 239
34 175
70 288
10 183
255 295
28 51
25 118
101 118
282 78
27 232
118 131
48 190
31 178
74 98
192 223
34 65
54 146
96 206
283 257
163 249
16 205
73 142
44 123
294 71
65 238
214 288
95 118
177 220
55 157
57 105
59 296
69 281
82 88
220 240
106 238
99 117
85 245
25 278
114 240
73 279
293 153
70 274
40 146
108 175
4 218
107 160
282 43
74 135
39 44
169 172
50 54
54 240
84 239
72 73
79 165
224 260
168 180
129 226
48 262
161 269
157 236
167 205
62 198
52 192
38 100
295 121
87 150
155 164
126 286
77 252
182 183
106 281
53 275
77 170
69 212
209 298
210 266
88 267
293 192
133 155
67 257
31 275
64 97
63 285
218 240
149 239
135 282
89 112
297 185
45 280
160 191
21 250
31 155
178 251
65 168
143 193
113 160
202 245
141 161
23 201
68 225
57 296
222 286
158 190
37 102
1 233
97 218
8 285
22 130
187 297
143 277
287 230
144 180
95 138
118 238
285 81
133 210
151 228
29 58
36 236
101 111
64 185
90 201
85 199
56 134
24 214
132 191
170 215
294 214
75 267
32 175
93 120
190 298
84 109
136 240
96 287
182 286
282 58
170 287
2 151
152 226
67 208
255 288
41 85
77 184
40 266
23 137
292 218
75 99
286 215
62 271
53 297
39 196
49 58
85 291
175 266
188 247
284 282
55 214
188 226
83 247
16 120
3 34
283 120
118 253
66 113
184 283
288 51
42 216
235 295
51 228
46 197
25 47
115 184
46 115
127 264
57 221
36 121
10 76
21 105
28 252
155 261
51 145
178 191
20 228
67 153
220 263
128 218
14 277
75 161
42 163
290 90
212 287
48 142
80 126
79 261
30 277
106 284
104 232
102 212
165 246
69 124
194 255
222 259
79 199
147 257
118 215
74 134
15 45
94 118
102 139
16 23
283 168
63 70
99 217
26 274
241 265
190 207
195 229
65 291
289 24
164 230
153 189
113 204
69 241
68 248
3 213
41 98
4 234
54 230
282 89
168 289
33 185
37 122
124 194
35 262
136 166
108 274
0 215
142 294
255 260
103 258
63 111
156 207
43 160
94 232
16 67
111 260
66 166
16 122
21 63
88 90
112 274
239 279
52 278
71 265
27 55
132 243
166 245
30 106
66 227
104 196
63 158
43 182
72 188
5 137
102 134
93 220
21 221
258 269
215 239
289 203
9 249
129 252
45 254
233 259
34 186
4 208
78 152
101 152
148 268
60 226
47 280
90 177
85 285
52 202
108 290
282 246
202 229
2 235
43 60
284 67
99 118
33 35
39 91
86 95
284 233
68 76
91 209
32 230
40 208
141 206
206 285
243 298
2 27
194 264
135 251
296 82
2 245
9 136
100 260
11 251
175 261
123 207
263 292
215 291
99 283
105 125
92 144
56 209
93 148
26 108
54 91
143 162
18 187
68 277
35 127
195 278
39 236
0 77
181 268
43 217
30 38
133 269
58 226
105 289
212 260
296 96
226 262
164 283
56 267
29 54
107 222
21 58
21 292
100 273
138 272
117 266
95 202
62 272
19 91
28 233
131 176
190 193
115 167
41 136
190 263
233 257
26 236
39 112
149 261
82 277
3 182
245 248
282 36
281 185
34 45
282 91
22 247
121 195
57 100
19 167
154 254
47 183
94 136
123 186
112 113
21 229
106 287
14 270
12 91
82 128
147 266
25 108
16 20
24 56
244 253
122 225
187 240
15 54
215 246
201 289
71 95
174 259
188 237
64 180
66 117
145 162
71 139
155 228
288 260
94 214
70 184
12 288
58 211
298 225
284 249
57 240
137 150
70 190
28 34
233 296
186 296
55 183
31 236
129 177
78 296
73 151
12 241
12 166
209 210
27 66
229 255
150 214
38 53
114 220
108 115
44 246
75 203
33 210
289 173
25 221
158 264
40 209
161 299
31 164
49 100
258 283
41 132
62 75
168 187
113 296
115 186
99 186
72 100
142 161
108 173
121 214
99 150
63 299
62 181
296 263
25 124
286 282
49 283
225 259
115 218
117 283
8 225
1 133
137 297
73 233
55 245
199 208
109 127
25 263
4 177
285 246
61 68
100 146
126 248
138 279
284 171
213 286
60 61
37 239
103 223
282 98
205 266
61 258
40 163
285 44
118 240
134 251
201 254
98 132
11 20
94 178
71 182
146 204
66 193
282 221
24 29
38 49
68 95
283 61
43 185
77 228
54 65
9 224
293 104
89 249
27 208
71 271
231 253
287 132
94 148
91 112
116 182
179 278
156 221
40 70
8 244
169 183
226 239
136 203
107 246
114 265
292 188
29 72
282 113
59 299
146 172
221 243
299 151
291 141
76 107
114 178
269 287
127 226
193 211
232 255
289 213
130 202
116 210
41 253
128 210
125 239
69 74
217 279
16 263
23 209
299 150
293 21
148 246
7 260
21 168
113 186
289 160
105 258
7 224
38 183
244 260
295 7
180 186
1 29
169 281
104 297
73 113
179 194
153 223
233 238
297 181
152 290
33 268
254 262
35 78
138 150
220 222
295 107
7 110
41 264
94 100
106 219
98 180
32 177
158 233
81 130
191 299
290 184
174 267
0 60
26 258
105 166
48 110
298 246
97 152
119 227
289 216
288 42
111 218
291 52
111 141
83 231
35 272
191 256
125 167
6 208
24 57
32 252
67 249
38 119
252 260
83 223
115 161
171 239
298 94
53 299
291 103
0 221
15 106
211 280
175 285
46 250
40 215
9 78
173 182
59 168
165 222
125 199
132 227
11 25
192 227
71 83
7 188
227 243
188 266
88 247
132 245
3 278
17 218
17 246
3 249
125 201
217 229
295 123
118 237
181 211
100 201
26 201
139 226
59 113
87 218
82 139
35 297
87 214
141 242
19 85
122 204
32 217
32 49
51 192
105 187
35 292
92 202
166 213
29 165
62 262
121 257
69 228
297 205
297 168
139 254
113 255
55 213
94 212
188 282
142 258
284 298
126 239
280 78
16 45
66 88
105 160
254 266
5 190
84 203
34 179
121 268
47 179
149 217
123 200
261 265
112 265
5 51
284 227
284 143
283 142
43 171
295 145
287 222
155 208
61 158
57 63
120 175
216 299
33 47
237 253
60 63
226 249
30 92
19 43
28 264
55 80
124 266
92 174
282 269
141 202
142 226
93 130
106 272
150 161
19 233
86 214
44 233
144 176
66 204
40 230
89 145
4 152
10 211
14 218
288 107
84 96
134 276
89 280
162 192
47 150
99 266
171 288
135 275
88 158
215 221
120 274
76 202
113 237
225 295
55 233
281 136
98 157
52 66
8 212
282 203
224 274
122 188
108 193
59 87
139 149
189 200
99 164
286 80
167 240
264 280
110 138
235 269
59 209
59 278
11 98
35 168
162 213
100 109
292 55
27 68
194 216
26 141
212 243
44 107
51 141
130 200
299 99
2 186
42 201
92 128
67 267
59 227
248 258
155 186
131 233
295 133
134 187
131 182
56 195
11 265
147 248
56 122
1 153
1 67
6 175
4 223
171 275
0 9
261 291
77 272
51 227
37 99
73 262
100 206
124 272
94 162
73 135
162 202
292 151
149 249
145 242
295 242
156 226
28 131
294 63
284 194
41 200
72 260
44 270
119 150
72 106
148 203
113 120
52 108
87 168
66 252
64 160
46 68
37 265
172 226
98 224
60 296
123 208
127 265
53 279
148 239
187 264
210 218
74 158
49 111
149 298
287 48
46 257
0 247
10 27
70 74
151 171
293 98
77 259
47 290
84 121
51 220
37 38
171 254
37 112
284 225
137 253
112 168
17 167
134 162
281 205
227 285
294 108
52 161
271 292
63 201
299 164
109 211
95 271
136 193
159 236
181 272
196 203
1 131
4 36
1 282
85 257
107 119
267 294
287 117
60 229
52 137
157 169
47 182
38 140
286 13
105 296
291 64
95 252
6 40
39 211
1 212
194 261
102 256
140 199
64 100
125 287
125 185
223 276
143 160
95 116
134 171
25 193
34 38
57 214
100 230
133 277
22 133
161 257
3 56
74 174
5 258
19 108
168 188
125 282
174 243
180 236
68 124
125 200
167 187
281 110
6 280
108 247
149 256
16 178
114 238
23 267
101 157
41 260
278 279
233 241
74 103
6 138
293 8
1 138
281 58
53 102
124 243
71 292
251 253
89 274
289 140
17 148
13 174
72 87
28 40
76 117
285 151
12 41
124 191
106 246
45 90
172 208
72 294
17 60
282 173
211 246
27 42
158 184
15 219
203 267
296 258
51 201
21 224
191 279
291 112
139 270
102 203
288 139
66 245
73 250
109 184
157 215
182 244
29 276
31 219
47 147
150 174
34 126
159 234
111 184
57 273
123 278
222 271
138 211
94 256
204 264
160 279
148 244
41 248
129 172
219 227
85 261
207 251
68 299
191 197
130 142
173 235
17 184
30 64
33 221
7 120
54 194
240 252
34 197
58 240
294 69
145 244
143 161
163 235
291 208
33 260
52 120
35 210
136 149
265 288
1 161
16 256
155 162
63 219
17 254
112 116
157 229
41 159
13 198
28 259
290 26
291 192
142 164
251 274
68 90
1 272
33 232
107 193
40 213
35 49
66 233
88 230
196 261
191 271
150 184
142 212
41 69
165 298
9 113
31 249
114 261
38 205
9 53
97 106
152 201
274 294
73 168
75 279
284 103
103 123
57 243
10 156
192 224
133 272
118 257
219 232
35 125
8 173
101 288
296 25
87 261
93 246
18 66
287 236
178 261
116 186
81 164
22 150
105 284
142 267
123 144
143 269
93 197
21 217
10 47
80 105
221 284
13 221
152 280
126 196
218 261
170 268
31 180
292 113
86 290
247 273
283 64
101 119
163 254
15 53
107 133
33 127
151 214
258 291
6 180
203 212
289 145
27 268
32 201
38 206
293 82
94 285
157 256
28 47
234 238
43 54
108 180
0 278
27 254
23 81
25 53
11 63
160 212
24 260
287 244
83 299
102 265
6 107
57 234
67 87
285 224
111 157
37 292
88 134
10 121
97 195
51 79
295 52
294 91
100 115
45 80
165 177
78 202
159 189
110 165
109 265
178 220
56 144
56 73
286 95
46 154
16 49
84 263
5 187
169 254
127 263
85 258
200 220
103 166
70 119
246 277
5 33
35 43
149 279
202 231
293 126
4 225
294 100
281 278
154 199
67 142
151 246
256 262
32 62
162 184
27 222
281 134
52 234
81 113
274 281
299 145
113 159
70 204
26 263
206 223
122 183
238 282
255 267
77 90
10 107
116 120
43 241
64 130
105 238
70 124
4 265
150 217
149 199
282 164
297 90
81 142
21 222
106 180
219 247
294 111
169 287
125 175
70 97
58 133
131 252
11 257
288 89
179 226
58 194
110 262
294 10
1 246
65 245
152 162
21 133
35 175
139 239
143 177
177 269
249 257
2 16
97 143
103 204
243 293
30 187
74 118
106 247
264 267
281 64
9 154
188 274
70 166
280 210
74 203
11 71
83 184
81 151
170 221
8 88
136 191
72 284
280 121
73 163
297 26
78 157
98 241
283 108
189 271
129 188
295 74
139 232
166 237
107 282
8 145
67 143
170 181
98 163
42 116
130 210
86 147
136 173
90 275
47 82
198 255
52 95
103 207
67 82
38 229
22 239
129 293
231 297
53 263
96 181
79 99
35 289
98 209
287 262
4 19
142 180
60 163
139 180
227 288
294 189
75 197
5 112
294 269
42 280
167 237
41 65
121 174
49 274
219 277
141 188
11 292
64 113
73 270
73 238
161 197
241 266
106 159
31 49
199 213
25 246
2 140
44 145
299 163
53 149
120 141
25 212
86 163
27 114
37 97
80 235
107 281
185 259
34 42
39 59
172 188
47 202
44 216
202 275
102 294
219 234
177 283
104 187
215 238
40 192
163 216
64 146
142 273
231 248
288 126
269 280
130 173
222 282
194 299
31 224
119 156
287 203
102 170
158 214
27 79
145 147
156 162
50 216
297 91
