219 231
37 118
213 126
186 36
15 159
166 189
150 4
139 160
67 106
109 154
162 29
156 28
100 129
17 88
160 58
131 114
170 49
28 224
164 37
156 83
88 131
51 75
133 147
208 29
80 114
14 231
141 88
39 237
220 35
140 143
145 112
30 239
99 149
59 213
215 92
128 234
141 32
88 120
192 60
135 140
58 89
206 178
206 18
34 94
174 80
63 135
185 197
102 185
232 228
246 242
19 213
29 105
225 210
87 135
99 106
158 153
202 122
90 143
68 178
131 22
205 34
198 17
166 108
36 48
143 37
15 30
206 19
211 52
236 8
198 52
200 66
172 156
190 122
210 83
147 0
180 175
1 14
248 81
28 231
178 50
241 41
49 57
133 79
136 82
158 85
154 33
17 101
205 2
83 148
12 244
191 30
238 69
87 159
158 168
38 225
7 129
222 193
2 5
168 155
46 172
190 53
67 143
154 58
174 93
65 71
195 101
27 208
97 169
94 222
139 171
26 212
33 55
55 122
131 26
138 216
19 56
75 245
67 199
69 237
199 157
174 42
183 209
174 12
30 156
170 20
54 67
170 100
144 69
224 46
125 221
184 168
73 234
16 184
212 87
25 180
193 100
232 106
19 150
181 60
167 45
18 152
137 62
191 38
59 189
232 84
120 175
31 37
124 142
151 84
218 213
242 51
49 228
60 116
139 176
4 83
12 219
233 12
98 203
182 143
149 81
60 75
4 51
227 73
230 139
46 228
221 96
224 41
115 172
98 243
169 63
157 52
217 95
240 4
233 13
214 129
139 234
77 214
20 201
63 195
105 207
180 218
116 212
37 157
168 240
229 137
238 4
69 96
7 128
135 2
131 116
188 94
59 137
214 3
149 85
179 109
14 169
114 236
245 121
73 139
166 20
87 246
201 109
144 54
118 133
1 38
196 94
24 204
84 156
219 191
126 157
33 152
100 138
142 63
39 161
181 229
62 119
33 128
86 199
43 246
116 149
244 124
153 4
178 187
192 124
162 39
229 7
47 90
193 73
46 153
107 167
48 60
160 234
8 114
243 134
239 111
222 205
168 147
240 24
218 17
109 167
71 212
77 103
207 24
69 124
169 32
179 100
217 160
228 6
10 168
1 225
202 102
157 179
21 93
178 105
21 59
180 95
70 239
219 35
204 104
215 12
155 56
50 239
40 223
185 229
154 108
42 171
10 70
176 22
230 109
18 94
117 226
52 169
26 59
158 167
0 198
213 18
18 236
245 50
219 60
0 142
151 116
145 147
198 123
218 117
39 152
202 98
166 123
51 236
162 85
21 246
136 51
121 155
4 245
89 140
43 137
5 49
55 104
48 164
190 91
91 206
206 64
234 177
53 92
98 178
237 133
160 129
27 172
52 90
5 173
99 195
206 85
3 92
127 137
140 145
212 114
244 101
207 46
36 61
119 204
9 51
101 248
17 87
92 144
35 160
8 76
150 246
41 49
195 15
237 93
98 120
35 62
127 209
46 235
12 89
106 192
84 90
5 124
10 99
166 198
76 193
190 45
198 144
201 112
87 151
98 193
53 59
213 125
24 77
54 153
246 67
236 65
170 205
200 64
152 0
33 140
177 38
193 238
26 109
62 94
136 96
31 191
89 249
55 91
30 222
168 52
200 171
205 108
136 112
222 125
147 106
28 66
176 186
149 25
187 86
69 141
84 163
248 67
54 134
27 61
215 39
231 4
205 191
59 71
8 175
72 200
33 70
237 136
209 196
2 57
110 223
3 149
128 226
128 175
80 107
111 191
198 132
182 119
192 23
171 247
200 30
147 82
239 110
66 194
54 120
135 122
201 246
215 120
11 209
146 77
43 240
241 106
189 77
35 67
136 128
49 248
142 69
212 32
202 18
79 109
115 117
82 239
10 69
51 189
216 81
61 153
84 181
160 76
148 23
200 82
102 234
203 232
198 60
12 27
237 120
195 124
87 169
26 106
28 97
246 117
18 163
178 40
169 50
81 142
163 128
106 199
243 21
14 196
42 147
146 158
159 21
177 72
162 207
8 149
220 51
2 217
17 123
220 199
114 192
187 32
129 195
186 124
146 19
224 18
182 176
162 242
4 62
151 146
224 80
244 38
115 123
197 98
236 142
8 107
188 74
53 128
31 98
58 183
174 51
217 27
125 227
104 115
104 120
66 73
246 70
230 52
13 228
190 226
74 126
91 133
180 131
137 26
195 85
180 183
113 148
130 246
129 141
23 181
29 236
89 121
155 24
62 64
66 233
245 33
32 94
49 70
98 136
134 129
127 177
90 168
87 185
147 123
210 147
51 73
109 185
241 44
191 78
26 242
186 16
70 114
183 161
144 42
124 158
146 39
15 113
242 36
148 31
31 156
75 213
18 30
77 187
25 173
244 247
122 168
164 189
248 70
245 12
248 192
117 163
80 175
36 41
234 148
242 17
25 88
191 26
115 239
231 76
151 33
106 224
82 208
14 204
60 175
199 38
90 115
193 11
105 145
24 149
154 116
177 62
121 189
163 12
213 139
15 22
24 98
29 189
140 80
65 80
185 89
43 150
209 0
36 91
68 73
65 247
232 234
194 95
211 75
19 47
238 70
47 49
133 177
74 93
29 237
185 162
214 194
38 247
132 119
242 152
7 151
244 226
81 130
133 216
103 217
138 86
243 183
210 42
16 120
229 19
22 98
241 17
116 193
159 85
145 3
222 119
234 4
143 44
216 180
128 145
176 232
93 110
231 97
227 166
232 238
134 121
84 248
193 189
92 233
155 241
143 200
199 18
166 229
83 170
167 106
164 81
141 197
54 70
213 15
228 75
191 21
41 128
2 170
162 181
205 93
94 111
22 240
89 248
14 18
132 122
183 2
224 98
9 153
125 169
159 71
116 205
36 99
131 150
185 92
182 118
122 249
187 49
36 249
57 165
31 35
241 212
101 163
205 104
2 82
132 32
141 222
174 47
189 70
196 7
193 77
89 200
171 140
202 91
69 218
224 73
113 153
33 58
17 133
81 145
41 206
79 243
42 216
40 71
133 73
50 141
52 223
50 175
122 238
130 242
139 236
148 19
237 40
216 201
241 189
35 126
51 154
131 136
102 205
117 208
2 100
218 60
131 25
194 73
196 97
186 68
227 0
133 97
94 113
213 44
208 76
216 24
185 28
78 224
177 93
164 82
236 183
81 84
216 35
106 198
112 236
63 146
136 124
33 230
242 103
205 159
136 121
33 190
243 101
194 80
233 191
56 124
52 190
7 102
17 171
9 178
216 207
105 121
119 234
51 248
127 142
168 199
129 228
20 43
114 248
87 211
199 52
61 159
9 83
87 176
86 115
177 84
2 42
15 53
53 242
149 126
14 191
54 182
100 188
50 206
65 149
158 86
59 120
157 188
77 134
27 165
9 174
232 155
88 200
31 167
110 215
204 232
216 144
183 165
214 62
145 24
173 63
210 159
166 64
14 165
14 59
152 175
26 115
178 27
88 218
93 118
107 219
55 120
93 190
193 63
172 127
225 73
28 239
76 104
202 242
173 115
131 133
99 170
120 220
237 2
169 225
117 155
3 215
241 150
140 201
48 103
189 149
77 122
16 245
10 228
36 94
99 216
184 30
82 243
19 145
237 211
18 178
67 182
32 55
35 202
222 244
172 200
225 187
12 69
80 115
153 74
73 141
220 248
199 126
64 79
115 158
9 10
16 96
209 22
29 70
174 43
59 131
9 93
202 201
245 135
3 8
138 87
47 127
208 21
148 45
174 125
163 127
10 111
217 244
215 183
91 145
168 212
246 15
7 36
76 230
209 129
62 144
138 81
180 152
12 129
209 9
79 229
56 152
164 162
211 102
60 135
52 191
184 5
215 163
94 154
234 199
146 68
138 78
230 3
123 234
189 105
225 80
133 12
190 41
234 57
140 53
172 155
225 40
26 135
53 198
214 48
152 32
206 46
56 148
15 249
106 138
44 142
10 58
235 9
108 150
12 57
32 185
11 158
23 187
97 106
237 140
238 49
244 97
12 248
156 100
236 129
44 226
13 83
64 235
201 83
126 222
111 163
108 220
158 210
57 126
226 217
90 188
204 235
154 112
196 58
246 224
190 215
247 220
216 210
196 0
72 190
9 150
93 147
61 213
67 245
35 133
48 209
78 135
81 197
46 142
208 7
68 158
12 135
54 185
197 182
90 159
69 120
43 213
167 81
180 158
130 60
26 193
192 2
248 245
47 104
246 64
92 247
153 184
189 246
34 116
2 112
199 89
38 88
27 134
168 67
135 98
58 170
79 143
237 103
40 99
72 115
0 160
237 166
205 223
68 207
3 15
227 170
145 223
230 118
177 77
229 238
223 86
141 5
41 70
66 97
79 212
182 53
237 126
172 137
46 122
164 79
226 146
190 55
38 124
32 170
49 76
71 208
146 69
69 173
92 186
135 93
71 114
63 233
71 85
234 86
188 205
106 162
132 102
198 121
165 122
214 112
171 50
232 108
220 129
222 79
105 120
218 87
117 198
141 142
247 143
20 224
51 237
61 114
137 65
28 38
16 47
119 138
234 213
158 78
186 156
150 79
147 75
110 248
132 23
43 195
221 65
234 77
81 114
240 15
179 121
148 236
64 214
4 90
160 57
242 16
53 211
34 106
208 17
17 81
127 243
29 146
167 192
54 154
37 219
139 133
230 193
153 86
175 136
221 210
10 240
14 158
145 152
39 47
124 172
209 88
17 230
89 193
215 96
111 201
63 218
13 36
214 34
160 84
69 204
135 74
243 78
158 246
60 178
182 231
178 104
103 128
227 197
209 13
91 168
11 30
50 186
165 249
46 247
36 44
123 233
214 152
176 126
60 193
4 23
146 212
212 121
181 129
5 119
135 4
94 121
23 115
178 63
53 65
133 16
52 149
162 61
53 189
0 72
12 40
234 48
206 55
21 88
229 47
35 128
232 184
46 69
46 107
197 87
59 208
58 174
109 168
163 150
78 102
207 55
28 29
143 109
205 232
211 57
154 180
173 52
61 68
70 135
236 208
90 213
157 106
9 234
143 51
157 216
87 133
32 168
168 185
176 225
158 135
100 176
200 180
4 114
167 173
117 233
145 54
98 117
14 148
206 170
213 102
78 170
82 217
0 66
25 234
176 92
6 149
42 143
12 100
115 198
180 19
15 78
32 228
204 179
157 85
110 225
142 98
159 141
214 222
203 79
144 31
26 57
11 242
99 201
59 215
207 89
10 137
12 234
154 129
160 110
14 159
33 184
21 248
99 199
72 208
38 231
249 160
94 238
97 208
73 143
105 246
84 247
221 72
226 107
56 132
221 211
69 78
175 210
49 207
21 80
145 78
35 150
154 26
106 120
233 223
146 27
134 55
110 190
59 147
49 80
195 95
192 111
238 59
180 76
29 185
46 205
204 151
65 217
174 206
66 198
3 53
57 214
136 37
143 191
164 34
165 240
170 152
78 232
178 77
69 221
79 112
106 154
211 155
100 249
184 145
25 176
18 238
196 20
5 126
56 64
224 113
55 103
0 235
97 207
165 108
222 3
42 81
219 127
208 221
131 63
76 212
79 119
177 60
41 249
13 37
35 52
64 99
85 103
169 3
165 87
200 14
108 177
182 233
154 212
209 97
221 46
5 59
31 240
4 127
17 57
9 104
154 3
9 88
32 80
110 226
41 186
6 220
208 91
44 132
240 108
185 151
50 218
94 103
10 181
29 110
132 47
164 101
9 64
58 179
80 193
0 36
27 55
246 50
103 241
176 117
105 213
246 124
211 127
151 193
222 71
243 126
1 158
68 106
139 72
87 104
221 44
203 44
246 60
44 171
217 210
195 80
160 88
142 181
163 2
195 23
85 109
213 39
161 75
25 101
158 99
136 167
104 215
99 179
148 134
57 84
50 194
141 65
83 231
17 82
2 206
50 110
206 240
30 136
113 184
165 204
84 87
19 105
4 56
23 102
206 241
28 33
146 90
209 91
82 190
172 83
24 249
97 198
8 151
66 239
102 236
236 34
65 84
188 79
26 173
48 129
6 73
8 120
173 236
228 54
85 186
62 199
236 63
172 186
247 14
5 219
134 47
40 68
106 240
202 38
85 155
14 168
85 91
248 1
159 29
198 245
97 234
152 2
100 131
224 110
13 112
33 240
200 177
80 118
200 32
129 240
46 54
51 69
206 120
138 4
180 115
44 75
143 0
11 127
6 173
188 56
122 245
18 241
80 154
183 40
84 158
196 66
82 122
220 16
157 129
137 120
81 124
221 181
157 193
64 148
109 129
92 187
73 222
198 168
194 31
25 203
157 161
193 115
46 100
175 238
199 58
95 244
144 3
182 181
65 110
211 97
169 243
228 245
209 107
191 232
215 122
67 163
132 96
212 120
1 232
210 36
25 157
243 61
36 75
11 69
136 14
24 157
129 243
210 143
189 106
207 57
52 196
12 51
9 184
240 17
131 104
53 112
64 109
173 89
143 225
238 115
113 132
50 192
201 13
243 224
13 231
65 195
69 72
146 33
23 237
71 225
41 223
214 91
148 123
67 157
26 80
71 138
26 75
154 131
0 94
103 188
30 123
57 70
35 203
39 58
48 124
0 224
116 150
228 187
236 83
133 89
79 103
195 21
216 96
42 206
80 215
14 57
241 120
27 96
235 86
77 129
19 79
84 138
55 230
183 110
18 128
78 92
177 51
164 83
39 122
208 232
98 228
175 39
67 145
104 175
85 140
186 76
216 154
222 98
33 175
167 10
17 239
129 248
144 124
96 140
7 131
116 236
145 103
132 223
130 31
213 194
1 236
117 158
233 93
233 165
122 212
221 109
67 130
46 180
129 203
133 49
25 148
157 97
166 244
52 123
205 186
110 124
157 231
55 204
2 109
204 36
132 20
44 73
204 17
48 79
192 145
213 203
137 115
72 236
120 228
230 107
60 206
77 120
189 161
141 80
76 111
23 222
213 34
24 65
158 63
159 32
231 132
155 80
170 96
155 101
181 31
175 79
60 213
241 58
55 240
217 102
83 99
249 102
33 73
174 114
208 65
70 108
181 20
136 91
103 219
12 67
134 209
207 106
101 227
157 40
76 142
146 87
167 44
218 105
204 31
122 195
139 11
62 215
125 127
25 46
195 100
12 130
92 184
92 96
210 98
196 109
25 40
92 183
67 207
35 100
230 69
138 25
68 91
245 91
218 2
203 61
98 147
190 191
75 218
109 183
8 83
54 222
87 102
247 3
191 174
171 231
242 219
51 221
43 111
95 192
10 225
239 44
38 138
200 103
7 100
181 228
9 129
207 36
11 157
228 223
10 233
64 107
154 34
24 203
234 69
223 67
142 80
193 166
139 218
33 238
147 139
92 249
207 86
57 104
192 42
188 240
192 122
249 31
8 41
29 118
27 142
201 121
221 33
218 149
215 69
187 59
126 168
159 9
67 181
116 159
162 163
226 122
90 178
165 217
68 102
213 41
9 80
171 73
248 75
41 159
224 14
78 93
16 247
135 1
176 125
118 134
223 247
235 5
234 98
193 92
249 93
170 172
74 169
149 80
14 150
50 81
196 88
175 223
77 228
163 133
205 79
12 182
86 91
240 232
89 96
65 238
119 212
77 209
36 137
103 119
58 204
180 164
152 24
135 95
100 242
180 146
228 1
161 36
240 28
77 140
149 100
21 148
242 99
213 10
237 161
25 105
113 236
240 114
224 173
146 116
53 208
211 123
108 135
207 17
238 194
7 17
244 4
41 164
220 34
81 116
232 163
208 145
199 77
27 248
169 36
36 108
237 67
43 132
2 204
135 51
22 163
37 114
185 79
220 127
127 179
204 72
135 48
18 143
61 111
170 66
156 142
143 206
149 102
15 247
207 95
225 186
206 56
27 196
44 169
244 14
36 67
84 176
112 128
133 214
91 146
168 85
208 47
145 133
239 40
111 225
79 173
114 147
70 143
196 219
151 98
177 215
22 143
185 98
54 180
51 246
152 115
142 175
150 3
62 127
15 199
243 32
135 131
22 196
150 203
1 201
4 159
94 230
51 215
9 171
154 61
248 212
86 178
159 154
45 51
97 184
33 57
207 93
9 238
224 237
10 53
140 12
29 94
133 209
33 166
11 246
178 55
157 38
205 45
75 101
7 189
8 17
12 161
176 135
216 140
149 124
33 244
239 212
101 196
163 236
186 183
197 117
4 82
0 125
150 104
49 240
64 91
179 30
225 108
200 192
232 60
11 221
134 204
204 166
20 215
82 233
109 247
171 224
119 157
213 106
222 211
163 238
243 99
43 209
5 245
23 157
128 244
25 83
240 102
109 137
177 19
122 242
200 12
1 99
180 107
176 190
215 234
79 125
18 27
171 115
218 6
49 165
242 81
89 134
173 153
180 70
138 140
220 236
242 224
0 155
247 73
125 166
28 55
187 21
78 148
162 17
60 225
189 128
26 54
48 58
190 172
47 126
96 199
16 159
20 97
234 1
103 122
236 10
202 8
117 249
210 138
14 145
210 73
53 129
234 36
79 223
10 47
74 156
8 99
131 179
112 157
230 72
143 115
238 0
23 207
173 201
209 197
16 238
171 235
15 38
157 31
150 86
243 173
183 173
152 222
168 87
47 159
94 243
54 90
51 217
245 93
57 172
9 217
246 0
27 147
222 37
121 156
4 79
176 197
137 187
65 138
77 220
141 37
124 154
108 227
137 44
69 223
228 112
49 213
150 83
31 78
116 119
31 115
183 99
223 12
57 129
22 241
84 131
18 69
49 234
97 224
77 213
216 41
0 64
159 91
104 145
79 228
38 89
90 158
187 7
133 221
143 58
95 185
172 20
225 151
220 178
215 64
228 204
193 57
52 239
23 42
227 57
17 122
90 139
187 80
218 79
18 155
143 104
65 158
235 101
54 64
82 187
50 57
136 190
241 180
195 92
12 156
81 161
151 147
153 118
79 170
115 155
35 167
32 88
4 210
5 180
111 175
150 85
156 110
211 3
133 67
71 83
11 231
224 212
83 113
204 16
214 122
63 203
62 170
178 66
181 231
74 230
18 31
249 139
66 243
57 202
17 216
161 7
90 137
5 78
29 180
90 193
174 112
74 132
49 197
39 44
176 35
84 159
93 134
228 138
240 236
6 19
157 116
15 50
68 86
219 34
75 88
11 226
4 52
11 24
193 20
213 163
197 70
138 98
63 175
231 202
234 109
10 41
238 86
159 204
112 242
139 7
219 79
217 98
71 76
130 80
167 36
4 93
196 26
178 177
125 181
194 124
57 83
159 206
207 80
5 242
157 123
149 150
152 86
160 78
200 158
18 142
85 176
200 28
155 111
173 107
136 88
59 157
240 140
118 158
248 24
62 167
201 182
13 40
48 67
142 231
64 187
33 88
77 179
72 84
224 105
67 244
35 82
227 27
88 205
203 149
8 233
34 76
200 58
168 21
5 91
185 71
29 134
238 35
5 108
171 3
191 114
180 97
92 190
86 233
65 207
243 178
65 101
90 192
1 45
61 88
80 137
17 194
17 201
212 227
149 146
77 118
249 62
123 216
36 145
69 105
24 60
53 154
130 153
185 154
50 98
246 61
65 116
60 209
98 239
131 76
97 104
158 209
214 170
75 168
172 79
214 238
144 43
14 121
30 107
135 190
28 212
47 157
168 170
64 234
226 202
35 39
111 119
11 84
183 35
141 2
16 244
188 88
37 84
181 123
126 220
180 18
108 167
196 38
46 87
161 60
228 85
17 131
26 175
173 31
187 43
235 81
201 10
156 130
152 179
196 86
109 203
24 183
33 63
157 151
147 74
109 135
246 164
240 87
83 100
176 47
136 22
206 99
196 45
57 130
70 204
49 194
23 92
232 97
106 140
9 54
196 92
70 247
161 37
205 7
116 180
168 57
92 135
184 202
81 192
158 120
63 151
30 166
225 37
85 204
39 184
189 214
73 198
221 214
22 211
36 68
49 54
245 128
71 202
223 92
92 212
99 220
239 159
20 142
71 193
23 54
186 33
148 38
226 18
209 190
20 83
23 212
228 11
69 125
144 73
161 62
34 160
6 57
117 241
142 17
9 172
97 178
42 78
15 229
175 13
166 77
69 211
47 106
230 4
220 24
76 195
174 236
181 180
137 30
29 102
59 162
112 129
111 234
135 53
177 47
158 48
3 234
37 169
143 64
162 171
10 193
43 180
216 28
131 90
65 198
99 166
220 188
132 185
215 224
8 142
19 168
155 66
29 77
216 112
240 139
207 150
244 3
195 70
165 33
107 198
45 48
3 158
49 128
48 82
94 197
97 116
81 82
28 113
72 162
65 102
2 188
246 202
16 144
24 44
123 174
243 27
49 246
103 246
75 170
191 129
74 164
97 189
172 89
227 145
82 114
199 139
96 110
244 77
248 164
28 214
41 74
146 36
37 165
147 80
160 83
85 167
64 213
246 211
173 98
117 212
169 51
171 114
38 239
71 232
17 80
3 47
211 220
158 5
196 128
161 193
110 242
164 173
53 213
192 134
111 174
218 21
235 54
240 107
168 219
59 161
116 139
140 17
109 215
126 127
148 213
