104 174
43 190
114 206
39 223
208 126
213 191
103 188
86 167
253 174
67 175
251 31
78 173
231 50
0 79
290 170
236 133
121 134
25 285
19 269
294 173
280 120
154 235
289 111
88 136
43 219
25 82
101 217
271 177
145 256
136 247
28 208
159 185
129 135
201 166
276 114
126 148
34 201
10 41
27 247
201 25
241 82
12 287
262 90
217 7
77 174
92 248
68 143
127 244
259 31
295 52
46 149
191 201
0 216
249 197
63 124
177 228
93 255
42 75
80 188
253 201
103 228
266 64
23 251
146 298
161 224
58 117
8 115
188 298
280 186
206 70
279 116
215 165
218 160
245 264
230 81
51 205
153 240
45 97
114 116
45 137
184 226
249 10
288 110
142 170
170 236
45 253
59 89
59 192
112 180
286 123
216 107
104 116
253 298
288 152
75 118
83 243
6 223
259 194
144 204
236 118
41 195
233 144
66 126
150 242
15 53
275 5
288 181
288 132
105 202
232 288
94 131
268 161
255 250
208 252
241 14
84 144
44 261
249 106
161 299
281 33
207 129
52 115
63 177
216 136
185 192
253 177
79 220
199 214
35 143
224 112
269 199
146 168
214 282
31 196
53 101
211 30
288 242
205 58
47 185
212 123
242 17
193 198
30 67
274 128
46 50
229 43
288 64
84 124
67 208
75 278
271 21
34 218
177 220
163 201
12 212
46 263
242 176
11 212
204 286
84 296
194 287
289 76
230 65
58 181
161 194
215 69
281 97
108 152
210 21
271 196
86 161
144 200
59 98
243 103
39 197
94 266
96 179
91 223
70 128
103 266
40 251
252 115
298 129
23 51
229 13
285 21
251 20
263 176
115 221
208 239
145 174
13 190
231 140
91 292
265 181
179 191
48 231
48 285
123 170
4 61
256 86
87 257
17 256
51 245
285 272
46 138
102 222
245 168
98 107
74 118
235 166
255 152
181 200
8 124
99 283
181 188
72 198
142 161
275 187
31 126
193 205
269 161
11 77
15 145
50 130
276 280
10 72
52 117
7 142
42 196
9 48
89 159
40 262
222 256
267 155
9 95
168 292
88 120
226 25
178 222
210 40
74 252
76 123
132 138
53 61
244 103
113 207
16 224
47 173
108 136
191 244
99 273
154 240
281 62
238 14
54 188
98 161
48 206
71 95
271 154
223 104
249 267
24 72
267 195
247 170
216 27
212 197
205 3
248 87
43 169
29 176
45 99
260 61
167 275
201 278
266 151
56 156
60 258
231 158
93 192
205 247
200 229
120 230
299 10
181 211
237 30
141 166
281 113
257 89
60 163
245 135
242 144
65 73
143 147
56 107
35 260
75 255
289 158
4 122
25 202
239 104
19 249
132 229
277 73
55 178
295 26
1 202
217 56
56 66
119 281
211 157
61 65
73 127
247 206
147 236
203 51
23 60
35 46
252 88
144 224
30 82
38 88
274 194
247 43
2 249
28 107
295 48
111 138
83 98
164 292
46 291
17 152
154 191
50 270
33 257
239 122
143 296
264 125
30 65
123 200
28 58
156 229
45 165
242 163
76 137
290 123
24 272
75 295
286 202
221 7
73 211
275 182
87 177
64 147
96 279
3 229
134 246
164 249
14 296
266 110
253 200
114 117
136 191
4 109
51 296
0 257
86 137
106 173
56 234
128 266
294 166
92 166
270 89
249 127
83 123
1 114
273 86
81 152
277 137
81 100
222 193
92 289
78 154
13 28
241 27
57 253
291 6
181 271
148 268
129 188
272 264
149 294
26 238
14 108
221 181
110 185
113 267
288 87
209 76
249 275
25 197
120 274
293 130
199 265
248 196
60 247
200 238
13 110
126 244
230 113
241 4
226 13
151 179
59 125
62 158
277 289
281 176
104 119
38 125
23 242
54 139
237 121
208 158
47 147
286 197
3 53
281 26
138 237
116 193
208 148
116 257
113 268
158 240
149 166
15 246
212 47
209 65
61 263
181 192
295 61
166 237
112 221
108 118
59 110
102 109
219 164
136 164
242 108
35 81
98 155
255 97
287 16
65 201
111 123
299 257
248 36
285 200
31 155
299 35
3 195
184 262
155 245
66 73
3 231
11 94
87 231
54 296
65 196
232 283
82 255
225 287
233 36
268 134
43 240
29 111
63 172
7 290
76 220
268 76
296 39
78 277
52 234
133 231
272 64
19 64
219 14
75 156
258 147
2 229
0 89
238 257
37 204
100 293
18 255
266 190
133 268
29 200
226 187
151 177
51 52
223 23
45 127
174 247
0 133
39 283
224 229
280 10
248 97
90 100
290 1
184 230
249 216
262 144
295 33
284 76
269 257
29 55
124 203
28 288
256 262
32 250
265 66
239 18
269 79
144 189
114 137
20 248
281 244
151 250
208 120
273 161
227 52
211 10
149 207
272 276
219 148
126 260
74 268
153 242
240 178
99 189
36 75
209 155
152 182
46 236
159 242
145 290
172 256
3 165
212 185
129 252
84 165
228 107
20 144
296 151
98 212
118 194
74 128
4 264
177 283
78 288
230 203
41 220
243 127
163 261
31 106
277 130
54 127
294 230
267 296
31 53
74 271
204 63
165 256
228 233
288 270
207 241
287 4
201 45
106 163
137 168
182 298
14 116
298 204
178 204
299 168
49 299
134 153
90 165
18 219
71 204
119 194
209 238
122 232
275 294
222 277
48 220
268 86
8 131
50 95
217 209
250 165
122 150
30 139
7 168
235 55
11 182
218 12
106 148
138 233
75 79
79 113
244 25
224 50
263 7
270 209
2 299
65 287
17 194
18 180
93 293
73 248
105 245
81 251
288 279
119 242
244 132
114 256
38 52
37 42
70 224
224 199
62 194
112 144
89 283
55 83
182 197
249 23
0 172
98 130
253 102
189 245
50 221
130 245
209 285
276 44
211 186
292 154
33 85
51 123
9 280
88 254
240 86
283 42
238 81
253 198
221 161
236 13
298 180
295 141
6 156
213 262
250 86
171 294
242 140
9 178
29 30
108 115
99 225
89 120
89 272
242 14
288 9
23 160
133 203
202 181
56 90
37 183
228 21
272 157
87 191
154 282
154 169
138 192
236 150
46 110
215 32
109 191
63 171
279 261
10 49
259 151
112 170
248 210
100 157
164 257
220 122
27 142
24 31
112 239
267 111
296 192
86 178
169 226
239 8
182 192
225 93
240 194
172 210
244 169
180 276
124 200
257 192
270 79
178 200
223 179
114 187
217 18
71 118
279 266
253 17
115 298
192 282
30 120
297 71
219 108
46 247
55 185
35 142
9 84
151 157
55 234
247 189
129 175
254 78
256 141
274 277
58 78
204 255
99 232
235 180
143 232
79 122
264 83
77 235
14 48
163 212
268 112
52 281
22 195
169 170
208 283
166 280
76 106
297 152
243 114
26 58
294 14
157 262
245 93
275 146
229 84
89 141
10 79
224 140
177 223
280 131
289 46
74 272
156 191
247 153
11 292
7 264
130 162
1 234
276 56
233 208
105 250
153 207
92 155
17 121
211 47
211 166
283 119
223 52
261 205
191 193
44 226
201 144
244 22
127 188
90 122
202 147
61 197
205 273
13 135
17 252
33 247
128 130
4 159
81 258
238 89
152 163
2 23
54 109
268 49
127 162
217 189
257 57
238 115
249 9
296 149
217 226
184 214
110 120
149 275
297 26
209 232
0 186
98 270
212 164
242 82
140 161
226 237
94 248
39 228
162 226
153 253
132 246
82 292
258 119
5 288
245 44
186 252
261 159
293 74
141 165
254 1
286 10
19 151
117 155
120 161
32 42
285 171
21 206
33 130
203 125
151 236
284 288
99 114
86 272
5 81
16 127
122 153
107 148
292 18
168 184
288 37
257 10
174 248
158 256
0 286
79 114
31 114
95 220
96 103
40 156
137 246
92 275
289 143
125 130
203 27
61 67
24 143
26 255
126 141
233 111
5 269
129 216
293 183
220 216
157 183
220 12
250 161
242 104
149 284
12 198
10 123
149 193
187 251
294 165
299 62
95 210
60 81
58 283
104 162
3 225
162 203
218 72
126 216
124 195
98 220
272 70
202 41
19 26
60 217
292 54
260 160
112 183
234 99
298 108
162 189
257 153
27 214
3 137
61 184
42 211
236 7
278 152
35 220
115 251
202 151
43 45
3 20
127 137
29 120
164 199
273 67
209 226
219 25
7 203
202 194
263 84
265 281
208 173
277 179
261 35
7 183
57 158
199 285
87 278
200 90
15 275
283 95
273 96
258 80
75 155
258 202
281 211
47 275
191 250
213 82
249 156
67 165
288 191
86 139
84 194
192 266
0 246
262 275
256 121
63 199
125 151
110 204
91 207
272 17
114 263
12 257
98 292
50 148
269 29
284 102
258 166
259 292
22 184
169 272
37 48
255 51
89 287
238 170
193 272
58 193
114 298
278 67
103 134
153 259
42 232
153 297
283 118
54 273
243 70
124 125
15 174
66 261
48 226
270 156
214 35
245 47
210 227
73 152
202 59
142 166
6 203
173 261
28 274
57 161
291 248
152 214
155 283
235 161
156 293
168 278
62 256
238 62
96 294
26 178
249 195
134 250
215 110
73 116
261 168
43 262
9 103
130 269
297 284
296 127
107 199
277 74
247 76
259 41
53 123
208 125
10 144
33 123
73 132
2 62
254 100
15 139
73 266
72 213
289 147
259 176
68 126
30 225
265 159
45 180
97 160
147 265
0 13
184 265
84 182
205 79
48 126
154 157
86 135
39 259
23 284
49 59
226 45
60 87
128 204
206 143
116 248
79 215
204 294
165 245
115 228
268 165
253 28
276 178
277 24
22 197
41 179
127 183
87 117
85 87
88 107
293 215
212 198
205 80
159 189
95 198
264 143
97 278
282 220
245 50
77 172
249 33
283 202
282 9
19 265
284 271
252 159
236 134
33 242
44 87
287 69
136 202
226 251
178 197
176 266
224 208
257 124
14 207
200 2
64 239
85 158
41 283
4 52
222 33
4 291
260 21
255 61
32 95
93 95
68 151
211 50
146 207
243 163
278 13
138 175
33 94
127 272
98 177
178 280
211 165
211 225
4 171
92 138
202 99
2 281
232 104
59 90
269 77
279 3
37 84
293 299
210 192
274 242
12 87
92 108
47 67
191 212
238 158
5 218
22 219
49 76
200 129
144 159
258 153
36 254
252 82
17 72
255 122
238 219
112 245
71 84
72 170
46 54
293 89
132 275
89 274
125 170
19 272
89 269
65 113
28 129
257 75
92 168
81 239
63 82
64 226
262 77
289 90
276 23
168 260
42 195
265 28
202 45
25 278
184 237
38 254
113 162
176 255
199 237
61 195
91 239
234 140
254 149
214 164
112 127
95 264
77 89
274 53
233 68
163 225
221 239
10 107
171 218
173 273
57 202
45 147
26 176
94 198
293 251
95 177
276 153
232 217
61 133
224 14
42 180
288 140
285 228
85 210
42 292
32 130
58 222
295 191
251 146
151 264
215 231
49 115
103 140
73 74
262 17
86 288
243 271
38 47
10 130
273 214
160 221
215 115
91 165
7 279
7 194
223 94
129 242
285 87
196 282
121 180
252 184
224 55
252 162
42 225
8 174
257 72
86 187
283 187
108 221
38 85
49 175
261 10
165 235
98 117
287 103
52 212
138 176
213 234
10 175
112 288
36 147
69 234
269 47
82 130
80 166
148 167
111 260
284 63
89 200
79 245
129 198
27 47
250 176
211 180
202 267
52 170
36 187
5 39
105 149
269 136
262 139
267 200
207 232
87 180
161 185
14 237
80 172
2 142
169 188
16 151
264 48
55 96
76 180
177 279
27 262
44 92
284 144
39 239
20 47
42 81
110 206
65 148
11 173
0 107
183 198
273 3
279 132
114 183
93 191
5 12
257 272
269 52
283 115
195 291
22 148
103 278
87 148
205 68
283 113
116 238
6 212
99 170
122 230
257 108
247 114
87 156
252 111
89 290
128 269
160 275
119 206
114 231
20 43
50 70
112 185
43 268
19 105
259 73
71 291
29 220
64 196
147 262
33 254
173 284
200 71
93 189
225 125
14 25
173 290
63 115
110 291
261 243
29 170
34 40
13 296
131 152
157 212
144 160
82 114
236 84
128 296
272 244
195 296
138 217
218 185
232 117
150 299
276 17
23 202
101 265
122 256
203 28
173 298
127 255
11 241
262 166
261 60
37 208
203 169
207 78
294 99
247 113
241 232
287 131
111 125
93 297
3 179
31 288
133 168
252 282
298 151
283 130
142 221
79 93
255 68
12 75
247 194
27 229
8 65
284 154
127 260
239 231
142 299
45 67
221 6
35 107
83 204
9 205
18 98
248 72
35 237
100 259
251 260
166 270
55 106
3 90
42 294
294 22
181 292
274 224
204 127
233 131
227 199
289 32
118 147
278 57
62 181
35 56
265 167
209 16
101 230
21 182
78 118
52 191
88 121
6 144
17 22
176 267
296 9
154 263
135 252
196 241
247 40
156 164
281 257
290 152
31 61
89 258
7 184
50 271
149 247
71 221
145 273
140 214
236 245
251 66
201 292
243 104
221 72
73 191
90 159
37 244
50 283
243 90
69 206
182 213
30 229
65 137
7 258
18 268
241 124
62 260
199 287
263 178
130 183
196 286
66 68
44 205
138 220
57 127
289 184
111 188
12 272
229 257
244 36
127 163
63 223
258 36
148 205
60 114
193 196
167 253
80 133
212 279
21 145
252 73
26 154
216 19
30 60
260 98
72 276
12 238
140 264
252 72
149 228
139 203
298 190
134 209
81 174
277 49
119 275
4 60
25 177
246 122
174 244
55 124
285 33
121 128
12 147
157 233
248 273
90 133
203 33
203 143
91 107
295 105
0 70
223 290
234 2
79 264
72 88
25 293
292 29
126 182
90 261
146 163
46 153
26 73
35 298
262 203
212 214
140 149
10 36
31 190
135 190
260 198
100 162
268 22
29 74
60 287
283 15
97 198
206 28
8 151
9 256
235 128
94 225
201 168
215 26
246 3
238 144
101 106
239 50
165 180
7 134
247 280
45 209
224 214
10 242
193 244
210 222
161 216
135 172
266 92
8 242
299 261
45 213
206 269
241 239
240 283
295 98
115 234
288 155
34 295
90 169
219 298
115 149
110 115
114 182
254 63
181 289
25 245
129 226
126 221
205 115
3 260
256 240
236 77
149 243
296 15
36 189
48 87
23 144
218 82
48 193
280 8
109 130
207 115
1 291
297 169
136 284
200 198
14 41
222 16
245 48
297 53
25 125
216 65
38 168
258 62
247 100
10 29
226 155
266 249
38 82
112 187
94 264
261 37
250 78
134 176
21 259
250 264
22 98
118 247
145 264
288 94
275 103
42 132
210 237
169 268
161 165
298 37
198 294
273 200
269 69
70 79
162 245
217 199
122 128
19 267
123 202
110 186
62 201
23 58
30 131
37 185
116 143
227 29
51 177
33 79
258 206
281 171
38 51
11 135
39 61
168 285
115 197
296 220
281 165
80 85
201 159
172 207
179 252
13 73
86 241
68 125
86 235
106 218
153 176
221 64
14 213
228 91
145 169
192 268
110 249
233 162
22 59
41 191
7 33
4 21
216 3
299 48
289 56
152 223
236 29
278 237
238 298
98 105
12 178
146 292
180 219
114 233
225 187
228 213
71 141
269 127
272 91
276 105
131 207
292 40
53 258
124 218
89 140
210 285
87 113
206 129
281 47
285 194
110 263
32 72
262 126
239 163
26 263
14 217
243 5
69 77
252 136
278 142
102 108
64 146
45 87
72 201
37 151
180 185
55 204
275 38
155 223
2 231
21 25
267 199
28 86
88 91
87 275
235 50
55 72
188 285
19 278
236 175
98 299
36 43
91 163
122 209
275 111
41 137
182 257
2 106
184 187
284 199
102 204
97 206
176 292
35 238
12 106
34 250
23 296
41 217
79 162
17 173
187 216
88 176
33 266
143 240
13 255
9 262
95 104
170 223
41 182
13 288
12 96
161 246
44 118
177 216
207 263
199 243
241 104
207 3
281 41
291 215
140 143
208 145
4 143
88 269
103 258
2 238
257 43
166 219
10 253
6 72
285 44
217 104
64 290
206 87
130 177
250 123
39 121
234 224
294 74
104 201
201 89
134 148
220 224
197 235
239 292
42 153
104 273
0 248
85 268
284 52
73 255
33 142
12 133
238 149
218 30
185 294
6 89
3 251
270 101
289 85
209 66
251 122
155 156
187 221
73 254
202 68
107 298
66 83
243 54
243 94
154 238
31 64
38 290
6 184
144 173
28 136
238 0
17 131
169 223
254 172
276 238
47 112
206 16
111 120
78 272
201 222
181 273
256 124
50 119
234 12
13 192
67 99
171 267
289 13
297 9
3 136
37 45
57 77
234 37
114 177
298 131
49 117
191 270
65 219
297 28
222 225
210 9
239 228
13 62
145 259
72 203
170 214
113 149
103 172
84 238
60 210
201 156
195 276
277 125
87 253
75 96
66 124
4 108
9 196
213 150
22 147
243 30
74 108
85 258
83 249
98 193
76 208
121 159
257 25
152 275
56 189
28 164
115 137
254 166
90 166
294 82
35 71
202 66
261 7
59 184
110 202
100 190
2 288
274 144
94 136
104 260
168 212
7 238
115 152
16 138
96 133
18 90
30 233
211 45
73 190
232 38
52 173
75 281
59 117
237 6
221 235
21 135
243 153
7 297
168 195
50 214
50 269
74 127
102 122
284 153
28 207
107 190
135 286
168 267
95 274
143 207
158 299
1 79
73 79
50 171
2 55
292 199
235 284
191 264
226 0
116 263
243 125
161 177
6 193
200 193
244 69
263 34
96 247
69 113
96 256
203 182
94 167
58 145
248 117
217 154
22 100
138 174
51 269
255 34
91 177
272 88
269 114
252 84
268 4
70 167
18 204
49 89
27 56
291 289
254 59
169 267
200 236
229 77
31 169
166 234
257 176
209 9
61 223
152 183
170 280
213 166
42 104
75 125
51 241
87 101
49 284
172 280
97 269
110 212
75 197
27 72
282 8
200 156
265 246
220 111
42 62
256 176
295 41
70 155
54 244
61 292
299 1
44 221
16 229
31 191
66 175
83 121
225 136
85 263
239 250
294 43
115 165
145 218
59 228
135 260
250 189
34 224
63 292
120 169
8 111
31 77
244 155
241 130
258 176
98 126
276 150
200 109
55 256
81 243
76 175
49 206
11 291
201 3
256 53
283 160
299 136
293 144
209 236
284 137
191 258
156 285
268 242
167 260
4 67
289 47
14 102
3 157
288 80
6 82
83 260
89 219
14 164
8 14
6 263
45 107
274 112
247 83
56 272
268 13
194 272
35 52
28 290
293 189
201 164
282 35
50 64
143 277
256 6
159 217
69 242
47 225
84 131
252 83
216 295
161 206
204 96
24 278
36 185
150 162
195 203
298 48
137 293
235 151
240 286
66 95
73 192
5 263
49 253
285 159
110 132
206 126
265 120
136 153
241 147
158 223
271 42
239 150
200 19
33 121
248 148
227 167
36 278
118 231
273 246
2 262
23 262
47 194
109 133
248 86
39 229
293 95
30 244
89 186
260 80
50 110
201 224
213 144
221 262
228 58
206 207
159 241
207 128
228 218
158 222
198 297
101 289
14 268
62 186
15 61
223 112
207 57
13 196
135 257
213 263
226 254
215 189
59 67
56 79
128 202
252 79
296 26
106 143
157 164
147 259
182 259
239 86
285 150
66 181
28 134
98 103
71 79
271 94
35 205
41 167
60 158
74 102
43 220
223 8
266 229
238 57
261 111
82 212
150 254
237 22
7 167
42 84
73 271
19 290
92 245
106 110
11 139
101 296
220 145
200 82
288 30
52 246
253 92
213 125
90 94
31 173
257 94
60 102
180 266
258 8
109 258
77 146
98 209
60 277
295 144
12 47
267 124
238 247
87 97
38 121
296 60
288 147
42 51
125 222
272 44
208 201
261 228
163 203
216 147
8 288
84 119
4 276
61 257
80 96
231 185
79 221
285 13
24 62
10 12
245 122
284 77
223 99
275 181
12 136
264 187
218 260
94 170
280 150
118 285
278 45
105 181
288 83
109 236
35 125
160 175
245 140
126 168
46 85
265 2
14 282
116 153
108 173
239 52
246 130
274 146
23 256
226 183
212 266
146 279
224 187
236 179
182 237
86 133
17 82
166 233
66 267
77 276
277 41
142 213
23 95
46 188
104 181
48 296
269 197
220 168
87 128
81 235
238 156
105 127
90 109
272 85
113 164
36 274
148 215
14 212
70 259
99 161
261 57
225 240
228 145
81 275
44 125
83 284
293 49
278 81
91 281
285 37
100 269
16 277
294 143
43 286
104 211
222 184
20 32
180 260
32 291
159 163
37 212
172 178
200 244
82 175
40 296
74 110
161 166
199 297
74 227
247 61
208 238
67 171
12 205
131 221
20 29
162 171
94 255
230 283
286 152
205 95
117 185
14 239
58 106
251 269
257 28
27 275
76 176
285 267
42 155
19 34
51 149
204 15
88 111
221 117
20 121
53 118
21 160
20 209
184 194
122 203
12 253
29 100
92 110
114 211
39 58
58 196
236 154
56 224
179 292
75 275
273 4
5 160
144 168
31 136
238 188
54 83
232 155
112 265
39 287
191 298
172 241
229 19
155 204
44 295
87 280
229 96
242 42
145 227
219 161
244 43
263 115
54 179
294 94
295 113
246 63
164 279
211 102
210 129
175 185
204 67
278 96
136 208
294 25
103 215
52 60
252 104
16 272
36 275
59 129
271 39
28 66
3 269
254 192
191 290
41 73
7 283
231 105
108 177
117 256
294 12
114 190
86 264
208 183
294 129
274 220
9 276
238 66
216 14
117 286
62 146
58 118
46 169
104 123
227 33
9 140
256 3
110 160
39 76
244 19
130 148
232 17
138 239
61 169
70 122
229 108
24 184
44 154
288 10
86 109
8 28
109 222
258 240
19 98
61 136
286 27
13 244
263 51
136 222
190 217
99 186
231 116
293 117
217 133
61 103
12 35
284 73
284 11
271 292
248 251
67 72
229 20
281 290
286 28
205 170
266 121
72 280
48 69
206 54
194 231
52 193
122 260
71 283
140 222
4 244
74 187
202 67
245 128
210 170
265 197
24 95
140 185
223 283
156 252
15 205
221 257
111 161
181 280
218 194
60 192
268 285
31 247
200 182
72 217
48 164
196 253
139 205
44 48
131 257
212 175
82 195
164 239
8 286
251 137
221 60
116 151
31 110
273 15
41 72
88 277
57 61
213 237
232 146
1 14
278 141
141 299
183 203
257 80
104 132
290 226
248 294
254 16
30 262
29 134
110 294
56 198
275 175
69 175
18 127
16 108
256 27
8 123
214 17
256 292
257 3
109 192
210 104
146 208
49 61
127 168
238 27
270 208
245 15
216 184
34 214
277 173
111 153
291 113
267 69
40 170
294 142
238 98
129 130
200 12
10 244
256 93
221 68
53 172
198 236
106 248
11 15
271 58
144 210
96 173
163 240
256 187
219 169
46 261
210 102
62 269
145 187
50 124
31 222
43 208
297 221
1 191
75 189
226 11
293 188
71 170
57 88
48 64
133 294
51 120
208 254
77 274
269 32
266 97
150 225
28 101
124 263
123 128
238 179
244 282
260 232
234 3
16 166
88 250
73 264
267 98
117 119
287 63
44 158
185 254
2 109
143 176
266 31
41 50
90 195
209 0
282 77
129 273
260 110
276 20
194 298
234 19
10 64
284 198
143 223
231 257
226 41
14 192
124 274
292 125
18 188
206 79
118 157
225 288
263 171
21 23
163 285
224 242
214 291
10 102
249 49
145 232
264 201
26 85
43 238
49 255
43 295
178 231
272 145
280 151
41 144
266 95
210 153
284 109
256 52
176 234
168 281
27 210
78 112
97 271
218 77
90 251
240 141
287 181
95 273
231 189
267 6
284 181
279 281
223 164
97 234
267 187
144 231
62 266
47 181
18 136
268 184
217 240
38 222
204 101
106 165
32 247
169 191
290 80
256 138
117 147
136 197
210 189
45 105
55 199
299 170
196 199
279 80
47 139
280 102
268 51
63 216
31 270
7 79
284 184
222 60
153 218
132 179
282 202
151 175
13 272
223 172
2 260
72 202
156 230
134 293
144 205
137 180
36 158
19 139
236 120
163 235
222 211
213 31
297 141
272 295
297 115
94 171
93 232
52 167
102 246
234 182
141 159
218 217
249 91
18 236
13 283
9 79
140 198
34 159
257 215
272 111
263 76
274 166
94 269
281 106
270 26
233 191
77 197
163 218
229 203
114 196
294 253
238 13
127 154
102 296
171 268
133 190
67 112
275 129
25 192
42 212
46 233
247 62
176 205
13 51
212 143
176 211
258 68
94 230
162 281
38 68
102 143
79 106
28 113
92 204
284 41
68 290
256 67
170 286
206 186
213 172
244 198
220 55
33 289
149 190
33 138
262 210
97 186
108 110
50 94
121 167
292 293
55 114
125 250
147 150
162 216
12 226
290 232
23 62
185 282
77 160
6 108
290 29
274 92
224 86
42 101
287 217
61 297
208 20
194 248
172 185
259 208
21 251
219 154
43 212
237 82
299 144
46 243
132 191
213 171
172 255
179 272
295 29
163 198
41 85
207 152
298 1
26 161
59 136
245 97
15 25
158 159
189 287
202 17
59 131
248 268
48 288
185 278
280 14
268 3
246 193
277 161
48 130
56 214
68 178
80 156
254 37
292 193
53 63
227 32
108 218
127 128
232 256
290 297
211 2
15 156
130 225
227 56
158 193
229 145
100 256
272 288
295 197
102 240
215 288
142 245
298 172
226 7
272 26
277 162
82 286
241 286
107 289
9 57
230 79
278 100
44 137
133 169
213 84
180 244
251 130
18 147
245 9
130 239
163 169
2 40
265 165
185 216
195 259
93 147
136 171
215 218
211 266
226 190
275 17
198 214
103 264
98 254
169 209
266 35
250 108
139 235
73 164
296 227
105 183
20 259
235 32
217 35
170 196
147 240
219 69
141 171
6 160
55 270
267 293
268 35
19 108
96 258
291 294
292 12
159 176
62 171
156 257
56 191
29 213
149 214
239 178
109 131
145 168
237 186
208 5
31 39
203 257
246 86
229 127
281 84
73 297
250 110
93 162
101 164
191 254
236 207
43 170
80 266
250 109
241 98
186 268
178 219
46 239
108 268
75 76
48 284
241 144
204 148
209 94
52 155
185 271
248 129
31 269
208 107
249 74
29 212
247 154
84 125
218 49
220 117
176 278
208 154
221 276
274 263
132 144
218 69
296 96
60 90
294 70
298 85
277 183
137 190
261 67
13 206
1 221
5 268
221 125
84 250
207 108
101 185
290 39
89 188
239 72
197 270
57 214
234 17
61 276
67 83
213 246
25 35
213 229
292 45
84 264
137 288
0 140
24 279
239 234
138 282
21 121
205 17
294 118
149 172
200 126
114 219
26 288
129 290
243 52
136 198
69 85
271 126
211 69
61 187
54 90
153 230
140 283
13 37
88 240
233 241
21 159
246 188
287 21
221 282
38 288
47 129
253 217
234 26
167 195
11 225
17 227
7 49
246 38
280 55
254 157
130 227
7 73
146 247
87 254
270 0
27 291
241 3
8 67
270 292
38 71
54 74
243 101
88 126
231 139
95 120
8 259
161 176
65 298
73 93
19 22
60 64
247 132
151 154
291 139
29 78
238 24
280 119
225 21
170 231
293 198
4 255
272 185
18 265
42 208
7 58
116 178
141 222
194 250
134 228
73 198
124 137
220 213
42 278
129 250
246 32
116 136
96 196
246 127
281 163
221 116
108 259
285 280
117 170
290 53
271 172
259 192
60 134
175 211
88 153
275 80
63 97
63 117
90 172
68 275
67 237
285 292
244 137
44 214
281 29
232 262
238 285
158 242
94 175
77 171
18 294
149 239
295 67
55 111
22 204
74 292
46 283
159 237
124 139
296 71
209 178
74 149
150 232
273 74
121 204
227 66
124 292
93 104
296 79
102 148
56 88
51 211
299 194
180 238
20 183
194 296
77 120
33 216
127 191
23 239
63 282
