74 135
59 119
78 129
4 72
96 123
148 121
30 149
147 125
71 89
39 85
55 57
31 139
15 80
52 134
33 106
70 148
39 64
31 43
68 129
144 10
15 130
63 86
56 134
63 107
26 115
47 64
117 134
42 73
6 11
144 38
23 76
41 84
92 146
98 121
23 134
4 66
50 88
27 121
65 109
64 144
29 71
50 120
37 122
51 83
21 108
70 86
45 53
13 42
18 138
11 122
144 18
99 126
67 83
141 103
30 102
62 65
39 99
148 4
145 20
10 134
27 40
36 115
147 74
2 124
103 112
12 77
113 129
144 112
4 96
92 123
6 37
46 133
5 98
66 122
146 11
90 113
5 131
41 73
16 54
7 51
20 147
72 135
148 11
95 99
145 89
11 117
15 134
146 99
11 78
20 53
18 84
54 84
108 132
61 136
112 145
66 119
16 139
34 61
19 98
93 149
10 14
67 79
54 91
84 115
42 58
6 70
27 38
24 50
28 132
49 89
41 101
11 31
149 137
11 116
13 104
103 114
8 134
83 142
71 105
126 139
53 133
57 68
21 72
0 94
69 113
69 80
15 56
88 133
47 62
145 76
74 90
7 20
7 130
89 122
9 139
25 123
142 46
44 63
144 93
91 124
32 37
30 124
35 109
108 135
6 87
35 87
4 135
66 118
28 67
39 102
107 109
35 136
107 129
88 122
73 104
37 49
30 114
85 140
25 44
94 149
140 33
58 108
48 59
76 81
73 126
11 86
54 110
2 139
53 110
14 26
18 73
64 133
126 132
20 108
110 121
42 125
140 34
20 143
106 137
62 63
51 63
29 104
11 85
149 61
19 79
98 133
17 67
86 105
61 70
75 129
9 110
63 67
142 20
148 83
24 71
23 79
97 125
144 39
32 87
3 28
19 84
39 44
50 117
75 113
29 83
76 123
39 52
9 119
43 92
12 95
53 118
143 77
141 71
16 96
17 36
6 57
55 56
70 96
57 89
147 90
41 79
16 99
39 118
14 95
19 91
66 69
10 58
45 64
12 121
27 81
87 117
37 117
13 118
79 115
89 121
28 124
9 113
80 101
68 121
149 143
17 132
17 55
0 39
88 148
89 99
34 83
26 140
34 133
2 71
78 87
143 31
121 132
106 140
37 96
24 55
8 56
148 111
116 129
108 129
108 126
52 94
27 146
22 77
28 37
141 135
48 131
79 131
16 27
34 89
54 89
48 56
11 30
105 129
22 144
86 108
57 84
144 35
27 131
31 66
43 112
91 92
52 104
70 142
27 119
149 104
52 69
40 47
53 127
63 110
34 71
28 65
21 64
37 125
41 138
85 147
83 108
58 94
145 56
74 103
28 70
50 66
66 107
140 133
118 136
143 122
19 139
36 58
19 53
7 127
6 73
5 40
147 77
25 143
102 103
31 75
142 6
67 124
22 135
61 85
72 79
30 127
62 112
1 125
142 118
16 44
90 123
51 141
12 39
35 51
1 121
138 148
94 99
145 116
6 7
64 107
38 52
28 44
6 137
142 106
102 133
97 122
92 141
148 125
11 58
99 102
90 133
141 66
108 116
7 109
7 74
24 125
125 135
3 133
142 90
50 144
7 19
95 105
41 92
8 71
57 140
50 104
140 61
21 25
16 21
7 48
28 96
94 102
7 42
35 96
98 132
9 112
86 124
112 131
44 67
51 123
11 110
91 148
96 125
20 38
36 59
36 144
51 139
21 103
77 99
8 38
93 97
71 130
73 131
11 61
13 34
86 132
146 134
149 110
147 98
33 71
32 60
66 103
71 78
43 46
89 113
107 120
73 142
141 81
148 24
148 143
12 93
88 110
146 21
5 54
31 105
22 112
9 141
34 114
1 13
31 132
55 122
96 99
100 127
17 44
87 128
143 135
43 136
40 116
25 132
145 82
60 120
25 74
50 102
136 141
4 67
85 114
7 71
42 97
12 56
115 135
78 141
32 63
14 130
28 94
81 109
111 144
20 36
54 71
71 119
142 0
35 85
38 148
51 64
5 41
13 49
2 112
3 105
58 122
18 21
12 31
20 128
145 59
45 133
8 121
80 97
15 110
17 85
39 70
64 83
143 46
72 139
53 140
32 115
87 122
78 123
36 116
39 89
67 125
52 85
7 104
142 57
110 112
55 64
25 57
47 78
143 106
148 90
73 89
20 47
11 83
31 125
26 39
18 89
73 105
34 95
48 78
106 144
14 112
26 63
78 86
13 61
17 88
72 102
34 126
60 64
40 92
32 78
69 95
47 81
1 6
61 145
69 137
141 18
9 117
144 14
0 117
107 123
23 92
24 85
10 64
4 12
3 144
60 126
145 108
73 134
97 110
63 71
131 136
45 139
0 149
75 123
144 127
67 137
17 94
145 7
0 78
99 133
6 52
6 34
119 128
51 112
58 128
1 132
143 73
32 61
9 118
15 17
8 85
31 106
14 18
94 144
14 62
110 138
1 59
9 77
63 98
9 63
30 105
23 66
48 143
63 123
22 120
21 124
11 33
28 41
12 41
100 128
57 130
29 116
25 138
82 97
2 85
52 143
122 125
88 98
105 141
61 99
30 34
52 112
3 4
66 74
80 84
87 97
148 42
72 83
24 64
141 1
8 123
2 111
20 99
2 147
141 43
7 50
55 108
148 19
44 137
20 148
109 110
63 133
137 145
144 66
10 139
79 119
89 123
42 119
83 129
14 55
47 113
54 61
103 106
111 117
38 53
65 77
20 81
84 128
9 103
98 146
52 59
148 105
26 111
42 62
119 130
44 93
10 78
1 138
32 147
94 114
140 9
24 122
17 38
45 57
96 128
47 103
8 104
81 112
44 111
17 23
81 135
111 119
