107 111
84 126
91 112
43 86
37 123
101 118
138 96
130 103
90 129
99 110
114 148
81 93
136 118
81 97
79 121
6 145
37 133
137 39
10 30
143 139
40 60
10 108
20 98
33 34
1 83
19 55
64 98
139 73
1 103
48 124
25 138
83 137
107 121
144 67
57 120
35 85
8 124
4 94
149 12
26 127
131 23
29 134
5 33
9 80
135 118
61 70
96 144
67 68
147 42
6 55
93 108
79 113
121 134
60 127
53 106
34 121
22 53
146 100
80 132
94 107
44 127
10 70
68 131
65 95
83 85
55 82
10 97
145 3
50 138
36 101
4 51
61 135
55 138
95 102
144 27
37 134
146 82
130 32
95 114
140 31
40 98
23 80
0 77
138 133
55 97
146 32
0 99
85 107
32 100
62 68
14 59
145 123
46 100
146 98
34 112
101 123
2 29
6 107
64 79
130 2
4 16
131 89
28 104
98 138
7 57
44 78
83 118
55 72
0 93
125 127
95 118
32 106
144 33
61 130
10 103
82 106
84 117
57 79
143 107
43 133
79 98
90 144
82 128
22 131
138 24
93 105
50 63
145 5
131 147
144 12
71 103
116 140
39 47
4 62
64 130
1 38
16 52
12 16
78 114
120 137
87 131
118 144
43 99
4 14
57 97
29 30
135 113
136 114
135 51
143 125
146 128
66 116
134 65
0 129
66 70
121 126
142 138
58 100
1 53
131 92
27 108
146 46
133 9
54 131
135 73
129 146
86 109
108 118
145 79
31 114
105 110
78 149
48 138
15 47
131 39
132 61
1 68
46 82
36 145
141 21
18 82
135 83
122 143
135 25
141 12
30 67
52 117
145 17
81 121
4 43
46 61
142 101
135 76
27 93
57 148
87 145
41 91
76 97
9 10
136 34
132 108
2 15
85 125
13 145
36 119
9 93
109 148
50 62
29 127
61 118
3 53
25 119
64 129
105 122
133 26
4 18
68 88
62 94
81 141
9 100
49 86
4 10
80 116
130 35
75 80
76 149
147 9
90 118
147 56
71 102
34 116
42 52
62 133
15 55
67 114
4 5
103 146
12 30
35 94
110 134
21 144
43 96
32 37
120 141
133 101
77 140
39 107
44 56
48 118
22 79
15 122
47 148
130 49
10 56
19 102
97 117
26 32
23 95
18 92
15 127
2 124
56 82
110 113
130 66
10 67
10 36
75 136
5 21
25 74
120 147
10 138
145 43
7 30
41 105
78 115
40 117
72 83
37 52
45 119
48 110
138 63
139 124
141 108
59 146
31 62
134 33
63 97
149 106
133 97
32 141
24 97
57 93
25 91
40 143
7 122
80 87
76 123
80 114
143 128
2 64
84 94
120 127
68 89
148 87
128 133
41 106
3 71
44 139
69 87
144 122
12 94
135 82
8 66
130 38
30 108
149 75
132 94
40 139
56 142
8 10
147 59
41 137
142 85
7 23
82 121
0 101
28 33
64 82
62 113
131 139
47 98
1 123
3 69
138 45
36 53
60 72
38 142
17 128
144 19
26 60
61 94
45 66
1 62
137 62
16 51
88 98
122 149
43 44
58 59
42 95
8 139
119 143
127 139
140 60
80 105
18 60
130 76
90 110
131 48
33 112
111 126
134 56
0 46
117 127
85 115
4 32
137 67
149 25
44 98
90 112
84 91
105 140
23 113
57 110
49 124
1 132
134 78
77 92
30 121
133 14
14 25
74 125
69 73
58 79
134 25
34 105
132 93
35 114
143 144
146 19
3 149
54 89
11 122
72 94
46 94
34 56
64 126
28 49
144 138
16 131
37 137
95 130
76 146
141 52
47 134
22 68
62 118
132 47
21 72
24 41
123 141
131 82
11 38
141 28
41 112
136 61
3 31
37 50
58 75
136 112
23 73
15 44
132 65
15 128
113 116
139 86
136 88
73 96
21 62
143 33
140 74
65 85
52 133
4 92
24 85
107 140
35 132
39 78
142 123
78 137
66 84
8 46
88 134
79 141
130 12
142 29
147 140
100 137
7 89
17 33
60 67
138 101
9 16
9 116
0 123
136 83
69 79
13 68
21 90
5 69
1 88
10 148
143 9
141 84
64 99
93 110
1 63
139 2
19 147
67 142
134 50
80 130
61 68
130 10
49 138
3 52
8 136
20 133
131 60
147 105
148 115
99 138
114 141
131 109
136 116
10 81
84 120
137 95
17 35
105 115
128 140
114 119
24 62
19 117
79 110
130 107
9 63
54 57
34 125
75 77
20 81
137 106
104 132
140 21
19 127
138 102
33 113
119 128
75 125
51 54
2 57
87 99
27 80
104 128
139 96
134 8
147 45
10 16
17 68
132 50
1 96
140 82
117 122
131 4
105 108
9 101
49 123
46 132
41 75
41 148
18 137
48 83
5 135
26 80
148 39
118 122
4 68
57 104
134 92
12 110
10 83
133 92
84 113
82 108
49 105
145 25
5 71
147 77
33 42
148 9
66 122
91 127
19 121
18 25
18 27
11 63
47 116
61 74
64 136
17 138
125 147
89 140
149 58
23 141
14 109
146 44
43 65
26 61
143 80
75 145
134 22
143 44
138 16
63 72
25 64
146 35
147 126
58 112
70 98
71 81
4 37
56 125
35 71
16 28
146 42
139 146
31 49
68 119
72 119
78 105
103 114
58 122
130 68
6 92
19 65
20 139
70 93
98 115
78 111
135 45
137 104
136 117
72 127
96 140
57 69
106 108
147 5
142 110
10 75
25 101
25 34
71 101
52 116
39 116
37 63
13 32
93 111
38 106
70 149
25 108
142 52
37 131
147 8
20 47
95 127
136 125
114 134
38 107
88 117
3 21
135 58
45 97
147 37
149 38
24 95
64 76
144 50
36 129
11 96
25 92
90 123
63 111
16 89
9 12
21 41
32 59
121 146
12 117
22 60
142 37
79 107
67 133
62 99
73 90
45 63
95 120
5 141
43 51
70 130
71 147
94 106
9 77
112 119
7 88
68 128
98 111
0 62
11 52
136 19
36 68
88 120
138 90
146 72
75 138
42 92
52 125
91 143
148 135
11 43
127 146
50 111
51 138
21 58
102 146
19 21
38 125
6 16
145 103
109 137
32 82
114 127
72 75
54 125
95 115
6 123
135 120
10 137
135 87
86 137
149 85
74 96
12 91
39 128
32 71
48 60
46 144
15 136
14 16
1 8
5 92
147 11
79 123
12 56
130 128
74 88
145 119
69 140
141 143
133 77
44 141
67 143
68 134
15 69
141 71
2 12
146 16
91 122
80 140
88 93
14 34
27 89
92 113
45 145
1 69
33 110
139 43
6 109
144 106
141 96
1 78
73 123
15 48
97 127
102 130
72 106
38 93
28 95
63 109
131 74
107 135
132 126
57 128
28 111
84 125
149 102
80 120
24 59
48 112
146 34
7 45
101 140
52 148
32 90
12 147
31 70
11 28
52 61
2 75
21 74
9 124
25 76
21 88
145 132
44 100
149 91
59 112
18 100
5 112
54 120
65 94
35 131
148 83
16 48
141 82
55 79
28 38
31 96
20 43
64 145
145 72
31 92
143 83
9 146
78 136
72 134
7 90
31 117
139 144
65 135
7 33
146 23
35 126
4 140
48 130
136 95
7 147
149 148
74 117
7 128
148 7
119 132
145 106
35 66
76 103
3 43
127 143
28 136
103 136
36 97
21 34
142 36
102 137
146 15
81 82
25 121
52 118
32 119
15 103
13 59
146 84
34 40
144 98
0 120
29 46
30 97
143 129
30 94
48 143
141 99
62 124
50 118
28 135
63 123
125 137
28 83
36 80
81 140
84 97
14 38
12 58
146 5
145 12
46 137
142 10
137 92
134 104
28 31
58 104
14 121
0 48
15 96
106 107
55 87
5 7
144 124
11 118
64 68
14 26
2 41
148 35
26 51
56 124
1 41
39 138
5 67
132 86
42 82
86 105
63 74
131 55
3 113
80 142
137 131
92 138
43 127
57 121
35 121
114 118
41 83
10 66
41 111
57 77
3 125
29 118
66 68
27 105
120 139
33 80
86 103
49 131
77 125
137 97
35 105
141 43
138 129
131 63
106 131
141 9
44 51
28 84
2 71
6 54
62 79
104 108
99 119
6 120
4 73
45 107
34 58
130 5
134 30
31 136
135 117
18 21
32 61
140 94
108 145
137 34
140 26
137 119
5 111
63 128
96 128
52 59
41 141
131 76
109 121
8 43
31 129
40 97
56 149
133 31
147 70
149 49
50 81
1 91
98 143
89 107
70 77
14 50
89 137
149 5
79 109
75 129
45 55
126 142
9 119
130 6
147 75
20 64
144 101
10 147
141 128
39 54
59 109
41 79
18 86
35 43
136 70
103 126
29 90
88 91
133 36
36 86
22 41
13 22
75 122
3 56
92 124
134 128
99 113
22 89
137 124
9 137
71 109
67 145
144 52
89 145
137 143
60 109
53 65
48 117
24 47
7 91
8 78
36 146
140 148
17 59
70 108
23 32
29 131
0 41
136 110
137 21
67 116
22 72
132 101
16 76
41 82
28 97
137 61
12 88
94 98
143 70
108 137
54 65
37 149
140 124
72 86
1 31
48 74
123 136
134 27
15 125
118 133
44 80
8 100
77 131
65 73
135 108
40 87
143 88
148 40
7 44
23 123
30 57
53 85
146 81
140 55
143 51
108 115
40 122
36 58
20 105
110 116
45 87
137 88
1 117
82 132
142 91
9 111
48 102
21 100
97 146
52 70
145 51
146 69
23 107
83 149
134 96
85 135
141 89
22 132
13 58
23 40
17 28
26 36
2 100
139 53
35 93
144 126
112 118
135 6
23 41
10 135
27 94
146 96
45 124
1 113
5 30
43 142
50 64
56 87
0 16
143 131
43 124
45 100
98 141
1 15
50 139
17 69
128 142
144 107
25 46
79 108
149 111
130 137
93 94
14 86
72 117
12 50
25 57
37 45
149 113
69 112
63 91
109 136
137 122
76 85
2 99
36 128
53 97
7 86
51 136
26 69
3 111
69 138
138 14
43 58
19 63
34 95
76 139
32 136
71 114
17 124
69 111
21 29
8 79
63 144
76 109
138 119
73 118
30 118
30 62
149 60
139 58
68 93
95 108
147 137
30 82
130 74
137 123
32 101
53 143
142 135
81 110
8 125
98 100
7 117
149 14
92 140
29 140
147 16
8 121
60 87
99 126
69 98
66 88
46 86
104 126
37 81
145 122
14 20
46 134
49 116
136 107
135 40
25 66
9 130
4 70
8 131
67 102
100 145
26 104
19 70
2 34
126 136
82 113
65 100
136 124
52 98
149 112
16 66
34 63
21 54
31 120
60 137
32 93
27 69
87 112
147 138
41 124
44 96
60 133
50 94
18 114
5 129
2 8
7 98
19 33
32 52
60 74
39 95
47 105
53 66
32 148
136 54
145 37
78 126
71 137
32 140
146 65
73 88
58 69
149 65
39 127
79 111
82 117
90 111
43 138
42 94
98 145
64 107
2 68
29 102
36 93
57 63
45 51
29 69
132 97
27 111
44 140
23 99
134 119
139 90
1 65
134 64
36 38
15 53
141 73
14 44
16 21
143 81
57 147
17 126
65 119
139 10
47 60
60 111
2 78
47 80
20 25
65 123
132 83
147 119
44 129
147 50
120 148
44 120
36 139
95 121
50 100
61 149
35 100
25 125
148 77
19 135
43 120
47 149
28 52
145 22
40 67
23 139
57 62
92 112
81 139
28 71
147 94
35 138
20 97
79 131
20 129
55 112
52 131
