184 69
267 269
156 160
241 96
259 116
30 252
97 166
26 88
274 145
21 208
59 239
154 264
103 258
274 164
232 293
43 224
94 161
264 35
226 6
214 276
58 75
181 274
233 38
257 97
202 228
3 199
295 68
279 152
222 52
19 227
9 27
221 262
129 151
196 55
23 32
177 204
53 112
263 153
247 237
76 273
263 122
205 53
210 154
179 288
30 167
282 32
48 213
192 78
245 31
61 182
248 83
72 159
187 216
183 69
105 107
232 14
273 53
255 196
123 139
221 279
190 86
262 98
102 228
268 245
71 131
223 13
295 120
205 97
197 144
55 97
247 44
89 174
59 225
190 97
288 117
204 44
267 57
201 181
252 205
224 192
214 115
61 134
125 196
250 150
292 123
256 161
49 265
65 113
236 33
252 87
112 216
229 71
114 224
173 177
49 159
241 29
104 135
258 175
226 90
231 136
241 44
239 71
286 201
230 219
35 214
147 268
254 285
260 207
5 299
262 120
122 151
47 215
51 160
221 97
252 214
185 67
5 110
41 172
292 5
14 253
232 128
135 298
53 89
9 117
36 285
32 203
79 97
267 104
183 243
249 159
247 221
202 53
130 288
251 125
13 199
87 116
61 137
183 37
219 55
41 261
85 291
187 156
42 92
181 148
219 277
89 256
218 153
131 169
113 150
54 236
181 14
120 241
56 211
242 269
140 197
249 81
235 21
53 179
28 171
145 176
243 221
75 272
107 130
245 9
88 227
42 58
32 156
150 264
217 143
262 4
38 268
298 90
74 83
25 299
221 80
136 289
170 285
35 158
120 208
279 170
221 26
299 45
63 291
247 166
31 273
39 181
249 213
103 262
212 178
220 28
18 87
293 161
38 270
190 236
255 152
104 276
27 84
215 56
46 294
196 82
169 213
76 138
190 229
48 199
147 222
234 215
161 194
130 252
211 133
142 268
93 154
208 165
107 200
255 0
46 256
24 77
265 147
234 57
26 119
284 174
290 37
37 163
294 233
231 40
86 234
197 164
79 269
257 163
54 218
96 169
223 38
139 268
231 227
138 155
281 272
283 215
217 297
51 139
19 131
108 142
221 146
186 40
233 250
32 179
231 125
229 102
62 167
127 163
200 206
8 84
210 84
45 234
127 285
10 22
38 282
91 185
239 45
206 27
107 125
31 276
15 225
223 49
109 175
289 70
44 67
2 112
112 143
150 165
120 152
232 12
223 195
23 288
272 58
270 223
198 155
30 179
135 230
6 269
63 179
279 87
156 255
61 67
36 243
240 285
222 198
145 191
54 176
199 243
299 83
69 91
102 151
203 15
196 76
279 138
74 148
75 81
260 55
40 128
80 276
206 24
122 150
65 159
204 74
283 45
22 39
295 32
65 230
112 227
221 128
254 169
203 219
222 149
254 47
109 114
11 147
217 247
273 11
103 140
218 79
57 90
229 153
244 14
58 264
204 215
115 297
119 202
243 59
68 133
269 33
275 230
54 140
68 73
5 65
255 22
295 64
181 110
232 27
135 174
293 36
16 200
45 251
262 125
238 243
164 232
34 143
87 231
196 136
82 241
69 291
278 232
150 202
25 193
13 188
293 178
124 176
226 39
162 244
194 121
102 251
201 106
254 163
117 268
67 142
165 232
163 179
226 76
232 206
197 40
15 179
21 139
263 121
271 101
281 141
287 40
254 276
184 29
155 228
46 104
241 179
234 282
260 296
20 72
257 174
257 7
202 78
21 197
44 194
85 154
277 129
221 217
248 6
79 137
132 166
191 31
50 185
158 236
179 224
198 85
181 16
295 40
3 149
91 240
235 63
214 139
284 50
215 120
34 202
146 298
232 74
67 261
224 58
296 34
106 294
43 44
116 222
202 160
203 117
44 193
195 34
271 253
221 85
108 120
8 90
9 152
27 243
266 96
4 83
207 14
128 136
269 28
12 236
252 126
215 112
63 172
116 169
46 69
197 203
83 232
39 136
114 130
251 148
98 239
20 71
3 155
38 232
111 287
89 267
193 164
237 36
235 116
108 286
96 102
153 257
237 289
87 221
160 165
127 258
277 235
138 255
122 153
85 290
233 53
251 88
200 108
8 35
41 156
62 235
112 219
225 128
201 76
161 173
112 120
30 96
272 21
258 269
52 281
277 46
206 145
43 258
264 94
283 102
199 139
24 123
67 213
258 122
94 234
184 9
75 79
206 124
54 253
27 47
125 199
228 20
185 74
45 274
198 143
188 269
253 159
91 198
89 110
70 195
143 234
262 270
297 144
12 212
5 153
205 162
88 192
46 191
3 132
0 111
57 73
195 22
27 133
29 269
48 205
218 155
27 155
138 154
4 23
57 188
70 120
15 63
252 45
33 248
228 53
38 267
87 290
278 172
39 154
296 103
297 184
279 132
90 137
26 232
197 42
25 271
3 8
84 170
207 297
149 167
144 239
226 123
28 213
270 153
80 88
3 101
8 265
37 145
198 30
223 9
130 138
120 238
40 161
75 184
247 59
193 11
25 126
230 144
89 131
245 102
43 77
230 179
65 293
168 292
254 9
285 50
237 243
252 110
190 75
18 146
211 168
184 86
81 111
83 114
83 211
2 65
98 156
279 122
101 131
232 57
142 182
54 67
183 175
216 287
73 153
183 156
12 81
18 83
71 291
49 280
231 269
183 7
134 219
255 150
18 93
184 279
143 278
22 73
200 117
283 26
40 78
72 167
122 275
156 185
233 62
186 275
111 140
155 268
285 76
20 298
85 209
187 256
221 49
134 175
72 227
282 101
97 151
85 157
186 95
283 8
257 90
3 96
48 141
226 58
39 90
177 259
185 288
183 139
69 139
260 158
171 191
163 248
45 66
124 218
11 297
136 150
2 109
256 74
268 161
229 206
28 58
273 167
245 28
65 126
36 79
251 81
2 61
232 156
243 232
48 271
211 174
131 228
118 144
273 222
290 149
239 240
283 263
97 139
152 286
149 190
34 224
82 202
81 236
17 216
12 92
269 57
241 19
17 105
269 15
21 189
111 258
103 198
165 272
237 20
181 164
270 59
81 102
29 97
207 256
198 152
277 63
276 9
124 198
11 72
263 257
102 192
155 184
207 70
263 128
261 133
133 200
263 33
148 207
78 143
242 217
146 291
16 130
77 237
0 258
192 96
95 151
86 217
74 91
7 70
157 288
243 98
216 21
119 156
164 288
37 118
289 50
87 238
210 119
20 151
218 92
5 297
299 13
222 62
65 169
97 223
84 174
122 248
245 243
70 298
225 285
78 156
113 219
172 280
299 177
22 97
6 179
61 249
254 269
98 131
228 99
151 170
75 248
251 106
203 134
276 39
202 17
1 130
156 297
210 111
279 92
187 64
290 203
264 225
66 131
247 33
129 166
243 259
215 84
208 19
69 218
3 11
59 232
14 294
275 72
192 248
17 111
295 57
162 164
50 74
275 39
2 152
238 146
292 13
271 171
226 110
54 280
284 235
165 210
33 188
158 292
176 270
129 155
92 148
1 19
175 192
298 242
146 237
109 231
115 244
198 8
0 157
82 135
194 29
153 159
168 231
115 145
297 149
14 78
148 183
222 40
29 144
190 156
74 243
185 31
224 157
22 61
266 110
15 61
255 133
33 173
232 257
223 193
283 163
110 280
55 284
11 100
163 185
220 117
222 81
252 271
146 200
255 74
34 41
61 110
67 81
287 39
175 232
44 211
69 169
144 198
92 255
215 138
3 75
280 44
57 117
274 273
43 139
4 192
92 256
42 90
156 175
277 53
140 253
7 10
3 60
179 208
288 64
201 107
3 203
62 99
27 225
240 168
154 177
276 85
266 33
117 235
24 170
295 100
0 164
47 261
14 249
54 241
129 244
54 159
14 138
32 273
1 45
291 29
286 171
259 285
297 161
26 292
56 291
41 170
42 223
6 245
273 28
261 115
226 68
83 269
220 159
244 45
122 241
198 99
187 79
87 152
218 101
195 174
9 40
293 251
242 45
13 263
277 169
133 214
118 168
288 135
101 149
200 124
22 286
96 170
282 160
10 94
53 78
284 220
181 142
18 70
170 263
256 181
257 48
150 195
96 138
268 149
254 35
72 164
189 81
190 38
83 249
24 156
82 176
19 182
84 182
143 175
32 65
71 285
220 47
198 223
210 71
68 278
249 259
143 231
206 34
79 238
240 266
14 183
69 173
35 202
179 217
284 86
129 238
44 197
262 63
3 248
274 177
215 176
208 15
217 296
15 45
281 69
24 254
117 129
29 88
209 149
221 115
62 250
239 157
28 81
282 87
30 160
220 139
9 24
96 252
145 148
262 57
14 236
19 136
128 277
252 116
254 283
272 16
10 212
218 1
169 184
256 61
214 227
90 141
189 85
158 297
268 272
114 118
35 239
270 100
42 158
264 79
286 51
242 192
268 121
280 135
293 14
258 110
93 266
92 184
269 113
136 182
11 216
163 236
276 133
45 46
62 286
86 260
119 147
297 138
55 171
20 41
277 39
26 171
182 195
297 36
189 93
264 159
172 192
284 236
266 106
283 57
23 125
4 45
169 175
280 116
266 31
47 150
249 164
256 297
76 193
249 232
211 47
281 113
110 264
25 104
86 120
182 74
160 298
102 174
156 295
245 101
246 65
253 195
234 22
107 151
20 96
266 274
80 118
183 100
128 175
269 136
40 116
261 236
169 194
246 46
292 125
71 275
113 255
12 185
184 58
173 228
29 51
83 282
128 163
194 76
47 267
214 46
203 133
64 250
234 160
193 284
13 291
237 55
59 160
247 87
219 159
174 177
270 109
7 187
102 271
276 199
264 25
290 5
250 260
232 216
210 68
92 120
37 134
206 170
203 163
241 116
275 292
141 149
199 31
217 106
8 154
100 217
216 46
219 85
59 213
194 95
44 213
184 151
247 128
180 48
118 246
70 187
33 37
239 135
208 119
241 74
176 286
18 264
272 286
159 167
136 200
133 293
253 40
101 223
33 48
8 167
25 284
18 61
176 195
121 266
283 11
266 156
270 94
205 85
23 269
210 146
16 299
70 244
223 294
20 108
196 206
50 144
259 26
95 114
108 213
229 121
17 49
129 240
10 222
224 257
31 141
279 119
163 249
30 127
228 184
290 59
194 61
33 46
99 285
248 173
114 141
79 89
183 225
186 37
249 142
260 59
6 296
15 126
262 22
31 250
296 20
7 199
230 222
35 103
98 207
32 38
270 261
149 197
74 123
244 256
116 228
247 104
5 42
80 82
34 112
218 93
198 276
203 184
163 227
9 156
52 57
80 162
247 146
188 52
282 62
186 293
47 219
47 196
193 61
285 58
272 9
98 155
256 196
64 100
190 106
138 177
59 218
63 226
295 53
57 170
223 16
297 77
298 52
129 226
250 52
44 293
121 181
15 89
90 114
162 181
86 89
83 286
6 121
266 169
214 249
43 59
160 206
219 126
211 205
224 23
208 27
216 237
93 110
279 228
209 22
194 71
42 83
186 105
283 34
54 74
52 64
280 99
245 62
72 165
59 273
44 184
163 200
254 158
54 286
251 243
105 111
13 289
168 237
0 19
240 81
261 50
16 296
262 124
277 153
284 165
177 243
72 89
235 171
237 16
264 50
150 248
267 145
280 15
95 219
37 225
145 207
264 84
183 162
154 181
213 29
231 218
201 98
112 135
138 252
52 164
147 203
292 213
51 224
23 64
122 149
14 252
40 191
195 130
3 139
13 163
281 53
18 133
292 19
280 137
245 92
115 161
268 170
158 231
10 275
199 263
42 70
106 117
261 142
93 290
193 233
244 209
60 184
184 31
259 109
195 121
128 215
74 225
54 174
76 146
14 55
80 295
130 156
291 5
112 121
280 243
207 76
273 123
200 143
2 33
19 127
64 171
6 140
205 133
220 51
136 234
63 148
105 149
293 76
176 233
292 93
232 143
189 243
50 160
195 299
223 53
238 70
245 146
182 87
127 218
36 167
45 171
259 137
269 54
221 41
185 145
68 104
36 168
14 214
256 283
78 288
184 293
211 231
31 38
260 1
84 144
111 141
160 238
40 145
72 150
213 212
270 62
3 178
71 181
206 280
207 81
198 156
77 92
97 240
76 176
284 167
147 237
21 298
127 284
245 286
0 141
289 77
294 97
216 142
22 147
37 151
237 143
234 225
192 274
219 289
241 47
2 84
150 216
88 162
251 130
54 237
251 41
282 52
239 227
32 298
285 34
38 158
18 186
282 285
125 183
103 235
70 269
109 285
18 38
190 4
53 145
131 157
298 36
15 95
139 264
114 205
205 24
139 266
22 257
36 75
28 53
44 98
258 30
260 4
299 187
55 233
20 166
252 86
65 285
193 16
106 159
18 67
178 199
85 127
158 233
11 174
86 108
72 277
181 23
236 297
230 150
51 164
239 269
93 137
293 3
287 203
249 256
133 180
95 242
8 111
1 277
26 45
171 244
208 8
29 68
202 50
287 297
126 154
207 135
71 114
230 99
226 177
26 182
133 290
239 70
202 65
227 171
74 216
32 48
295 17
38 109
114 276
17 106
32 55
251 98
8 220
100 191
258 277
71 128
74 219
296 289
278 34
262 169
66 67
50 198
17 103
249 72
263 41
48 203
286 5
198 35
53 244
95 206
241 213
98 173
139 160
283 296
105 233
8 69
68 247
185 273
277 101
260 33
165 220
239 97
150 180
112 249
267 157
255 202
86 110
233 288
26 49
234 88
90 105
216 41
266 10
289 164
120 162
100 130
198 139
215 54
30 49
13 32
194 280
198 108
140 280
183 117
95 248
67 171
62 295
80 191
130 226
30 295
220 44
73 243
1 129
93 134
235 281
70 138
69 289
26 226
45 223
77 161
256 261
7 170
214 2
29 32
190 74
53 88
176 217
256 176
151 154
56 129
272 242
277 79
8 93
102 158
250 5
283 58
47 233
87 103
280 123
232 171
103 297
92 155
275 55
198 266
272 48
161 222
49 276
59 251
163 166
91 112
250 199
187 279
299 109
181 26
210 29
91 144
278 89
287 67
259 277
238 149
104 107
243 127
261 79
55 282
66 91
272 89
286 72
215 123
118 153
1 136
231 14
217 147
292 209
37 94
224 15
78 267
118 183
127 160
73 239
57 201
234 294
269 294
169 246
15 50
185 110
11 88
78 81
227 9
114 258
226 53
82 177
264 249
128 258
61 181
121 196
281 64
63 195
26 28
138 292
70 267
223 57
82 114
74 273
3 125
7 280
104 149
106 135
183 275
248 58
31 173
196 172
298 134
89 273
81 194
249 192
218 223
171 289
233 128
226 155
3 193
296 46
75 294
247 50
26 37
88 140
219 250
295 14
181 217
273 77
21 185
286 106
250 59
182 108
41 237
217 89
208 86
210 242
4 13
274 159
181 147
34 51
71 150
121 269
6 124
180 98
11 267
178 294
245 133
118 138
0 7
52 105
18 286
51 199
71 284
175 200
155 179
20 39
236 105
31 295
219 212
63 64
192 173
198 46
208 2
250 55
226 152
202 103
198 31
282 86
89 221
203 6
278 299
79 250
62 143
272 29
269 245
235 282
226 275
132 172
126 258
64 230
185 100
76 265
287 93
271 6
169 271
33 43
97 256
31 55
21 271
106 170
6 32
248 292
189 58
118 268
39 271
294 289
56 209
126 157
211 173
142 217
283 88
199 136
278 267
16 63
212 18
107 121
5 184
211 273
53 276
54 102
249 93
19 52
78 237
98 194
205 8
5 48
278 19
82 120
190 69
226 23
72 226
140 299
287 158
61 199
46 73
235 47
275 237
71 174
213 195
68 285
230 153
68 203
297 258
235 19
209 133
72 174
178 275
183 172
93 213
236 60
52 178
41 179
215 108
238 225
148 276
11 43
260 289
196 173
245 259
157 196
272 36
279 210
164 247
7 266
74 163
224 87
210 36
188 123
203 171
47 202
46 136
32 177
3 48
274 43
81 210
182 273
166 293
262 106
39 49
38 266
254 99
166 197
105 208
58 135
284 11
96 239
17 40
52 225
207 177
79 107
29 111
263 261
9 75
34 129
254 166
243 152
111 294
265 66
42 106
141 259
40 68
179 297
271 57
68 160
56 194
97 142
22 92
84 263
285 20
137 297
222 129
11 34
186 79
98 118
29 164
231 6
228 56
205 146
230 67
128 139
191 225
131 233
134 277
242 110
264 115
58 96
271 76
209 2
88 264
233 162
113 259
211 42
129 264
28 199
65 259
93 152
196 80
266 66
120 173
37 88
227 162
36 39
264 6
183 186
151 159
224 264
269 63
283 125
217 160
219 19
175 266
5 188
289 148
296 176
226 274
258 17
37 127
76 209
144 242
91 128
89 109
175 206
121 290
35 207
45 250
295 76
202 8
88 146
149 273
32 254
223 12
13 83
180 217
75 256
265 54
44 145
28 274
240 79
187 123
106 205
81 107
21 248
26 67
254 115
57 84
144 210
5 43
191 123
196 94
202 258
246 39
85 110
27 202
296 31
142 281
185 132
184 66
264 96
42 248
54 271
205 100
215 61
42 220
219 69
201 179
217 90
61 100
141 210
181 40
290 57
53 95
266 57
225 49
290 78
181 91
103 246
56 121
245 20
98 126
292 156
254 121
223 72
190 242
125 167
259 7
239 51
181 104
83 277
289 82
169 232
154 186
200 250
206 106
238 166
85 280
161 254
210 174
240 126
130 177
0 128
284 65
273 0
209 41
128 218
212 101
272 221
274 70
231 132
14 186
11 209
97 299
292 171
29 39
202 41
229 137
242 142
224 120
21 161
256 119
87 131
194 247
179 233
223 64
84 91
26 166
10 201
36 276
99 284
275 164
20 280
24 296
118 125
234 55
143 250
106 193
90 296
29 79
25 124
167 285
127 254
206 142
203 91
274 14
122 144
267 25
66 238
121 126
43 164
67 71
89 100
279 136
263 35
100 290
234 64
108 127
0 234
72 276
202 135
181 120
222 23
211 62
210 9
83 131
152 290
198 157
258 75
47 283
3 20
49 161
207 27
10 39
274 180
7 123
266 250
296 78
186 125
270 90
76 191
23 49
126 270
1 71
282 175
65 288
100 245
154 247
23 116
292 134
191 28
298 271
276 111
20 148
128 283
25 102
295 58
284 17
109 152
59 258
277 269
253 243
16 80
193 116
248 73
17 113
113 148
207 250
249 105
252 36
7 217
93 178
133 256
222 257
174 258
141 196
188 62
45 221
27 283
84 135
261 138
298 95
97 201
273 51
4 123
48 221
215 101
186 161
72 175
0 165
45 290
105 260
166 167
45 68
285 208
29 91
22 80
274 115
90 276
195 179
106 281
197 156
199 32
23 254
281 167
215 22
8 100
30 231
182 66
103 168
263 298
245 77
153 281
275 119
12 246
109 199
7 149
20 202
282 82
172 297
11 21
149 256
34 57
258 261
93 279
61 238
231 25
32 157
268 71
71 200
37 80
74 269
211 155
67 295
283 104
61 228
233 61
280 144
69 259
98 271
2 257
119 167
64 151
107 230
60 66
219 210
36 223
283 81
35 274
72 98
229 246
88 104
203 83
23 272
129 170
43 155
222 130
197 224
280 136
50 171
41 219
81 87
100 152
95 106
265 33
242 137
228 248
287 166
160 203
139 189
205 122
19 283
50 183
298 161
201 90
86 97
114 124
6 76
143 282
25 207
133 136
12 140
224 265
273 145
229 151
22 124
244 200
220 288
244 271
205 216
168 229
177 234
218 257
2 172
265 72
173 208
20 163
216 128
292 31
279 105
105 128
98 277
261 5
138 257
7 181
223 95
83 115
80 171
288 24
73 127
54 116
118 226
23 72
152 219
296 108
185 98
131 254
248 46
277 7
4 168
192 60
264 119
82 155
298 172
244 68
174 292
246 10
19 63
236 2
25 160
204 111
120 155
135 260
88 267
293 17
51 209
271 22
201 184
220 201
287 56
216 140
198 101
37 239
117 286
79 113
94 185
298 83
270 86
26 246
38 45
187 269
212 264
224 72
30 134
13 174
238 102
48 64
243 124
135 225
275 204
92 285
248 189
260 9
12 120
53 81
53 222
94 219
105 122
113 236
23 76
273 119
32 112
270 28
236 9
6 145
196 122
14 91
130 282
244 166
250 160
295 69
178 266
207 152
7 157
95 118
178 247
84 191
182 129
133 242
187 112
56 196
42 157
284 138
149 294
261 65
284 119
47 143
204 281
263 145
297 176
194 134
261 7
8 32
165 252
184 36
190 24
261 134
276 99
266 288
3 235
37 296
49 74
5 103
86 117
222 114
291 0
23 250
206 209
202 179
86 246
24 91
33 104
186 20
225 16
187 22
9 137
179 235
25 91
281 164
121 129
161 176
175 290
129 178
147 253
166 278
1 282
45 285
200 113
136 185
239 83
201 148
191 252
273 6
17 126
218 33
57 89
229 127
164 194
291 86
132 287
190 33
152 231
18 265
158 250
221 172
64 266
27 298
257 193
37 234
205 150
122 249
219 65
269 132
60 244
87 130
83 210
246 202
215 113
227 75
58 169
127 237
91 103
143 269
250 35
68 81
224 17
190 144
30 147
96 233
39 252
110 211
215 296
63 138
252 97
280 153
75 91
73 282
238 23
294 131
60 158
165 209
45 164
257 62
70 144
97 193
258 138
142 145
112 132
165 291
248 134
40 243
152 156
50 158
102 138
19 279
124 252
256 118
39 110
162 211
119 240
226 125
15 85
269 55
200 99
187 138
145 296
13 85
71 123
137 183
1 233
289 33
154 292
141 287
27 99
17 285
239 257
12 266
207 139
292 172
293 119
236 156
29 125
294 17
261 36
289 41
99 166
56 242
50 196
200 88
221 16
267 26
89 195
286 166
289 124
75 100
90 258
192 128
118 274
11 280
134 286
79 239
270 133
274 30
184 100
185 42
222 37
128 207
224 170
22 32
220 222
244 55
34 281
285 179
147 207
108 114
270 229
68 216
264 23
272 7
24 257
80 261
4 75
103 186
127 170
273 235
284 95
197 139
170 252
185 264
279 100
39 71
217 71
129 140
254 194
227 52
51 256
259 269
100 238
48 65
207 220
259 161
105 164
107 159
133 232
255 244
19 264
10 262
28 40
247 28
62 194
36 124
148 188
4 125
21 153
183 127
155 230
194 80
179 214
219 109
18 198
263 91
43 193
202 212
114 166
143 291
248 263
24 107
30 232
283 193
40 114
169 202
167 184
153 215
133 165
252 78
147 199
83 275
77 214
44 180
136 173
134 184
295 70
44 287
109 148
11 188
189 172
275 137
66 264
201 62
22 78
257 65
202 172
289 109
203 92
84 153
212 240
22 240
9 93
32 289
199 18
171 178
278 149
169 273
17 24
291 144
135 287
78 204
24 217
84 167
194 137
229 11
249 7
227 177
88 111
56 59
264 149
225 166
34 159
233 281
152 162
123 211
268 144
125 158
50 148
229 118
193 226
75 209
228 103
294 18
156 231
211 225
43 49
278 48
266 59
117 159
297 3
285 3
195 35
243 70
109 197
246 54
299 205
7 36
126 282
291 98
234 70
190 241
30 238
266 114
217 145
81 146
248 51
180 33
198 51
177 225
65 256
236 100
27 101
71 250
67 139
164 255
124 256
91 150
194 190
261 197
167 264
212 157
271 3
48 117
223 202
81 257
253 158
65 252
212 59
234 141
57 119
69 146
235 11
120 153
34 134
142 177
89 166
30 215
136 141
205 27
236 103
50 177
39 85
100 250
258 79
1 120
211 57
48 185
280 185
259 79
112 128
52 226
8 217
292 139
82 119
297 30
177 195
145 230
211 37
194 72
213 75
208 34
180 153
18 244
74 96
293 168
134 191
127 139
5 31
133 182
70 73
73 85
225 155
238 82
218 156
297 190
247 158
22 207
234 60
239 90
120 139
204 66
27 42
196 276
5 81
182 64
169 186
183 86
92 195
263 254
26 254
229 124
121 191
259 297
34 299
65 299
218 132
186 100
0 153
154 272
293 188
261 181
216 215
102 230
249 3
233 87
213 239
137 203
253 256
253 236
193 128
145 260
198 154
141 221
60 149
215 15
123 128
83 173
267 101
181 85
110 279
211 267
299 106
62 88
286 118
278 176
32 160
43 209
131 268
140 270
142 226
48 172
67 220
90 281
281 55
156 277
249 49
295 1
270 68
247 235
131 229
204 25
262 139
216 176
286 10
180 12
46 223
69 132
218 274
214 155
5 111
81 167
230 115
235 129
52 277
46 60
70 103
65 161
133 224
203 282
258 121
214 101
33 168
199 150
196 186
218 109
236 86
174 236
33 52
180 41
214 163
86 141
279 265
123 171
272 82
212 98
240 95
22 60
146 240
61 292
157 245
236 169
290 138
73 135
188 137
54 121
102 135
239 112
34 237
19 296
224 128
284 61
15 154
108 290
36 121
259 247
114 294
33 274
86 131
242 222
89 210
91 152
291 104
64 268
4 66
59 154
101 170
61 258
29 219
226 65
22 133
38 91
12 42
3 78
164 245
266 11
228 65
120 179
34 273
164 273
59 65
21 32
56 259
83 237
119 161
42 239
170 233
281 37
4 182
130 205
217 81
291 74
279 150
134 244
223 30
95 205
283 108
62 216
244 109
294 174
225 162
59 168
292 135
113 262
231 63
230 44
121 239
271 123
119 151
36 56
96 149
190 50
111 123
278 24
132 232
180 186
180 178
116 224
213 191
183 102
54 279
116 233
103 125
116 128
45 144
189 59
205 126
259 6
66 143
276 40
175 237
261 69
141 207
253 10
263 61
288 282
149 203
18 99
281 121
187 111
129 225
26 34
226 132
125 127
257 70
13 146
225 75
37 53
191 59
5 235
216 101
180 299
28 272
243 6
109 216
38 192
141 263
66 278
103 112
17 192
278 179
7 161
278 71
236 36
173 227
108 185
67 249
193 32
71 134
43 84
244 136
145 279
223 100
23 297
261 249
248 208
123 137
242 281
7 222
28 139
96 216
57 264
294 135
88 92
82 283
116 119
71 109
105 160
157 206
220 197
194 63
80 101
230 41
217 62
234 239
251 104
59 276
100 260
201 41
186 278
265 2
118 135
296 27
10 49
214 177
46 251
196 110
55 292
187 286
1 268
283 121
253 96
107 209
42 172
16 68
77 160
124 231
224 13
41 74
36 291
156 207
43 285
210 142
108 109
8 89
254 50
102 178
58 108
265 249
70 250
13 152
10 280
211 49
240 169
129 173
297 4
152 291
258 86
260 93
39 44
255 15
78 124
62 195
257 23
132 229
283 290
128 199
112 277
34 287
26 163
198 218
35 212
40 223
34 141
107 172
47 210
51 234
60 151
294 171
188 32
61 99
232 103
238 127
264 187
198 43
96 175
86 287
185 14
104 132
98 117
241 72
297 132
281 27
231 274
188 166
44 143
37 243
65 282
6 13
202 83
76 199
146 244
209 106
236 213
231 191
32 128
67 192
143 287
296 94
257 279
199 70
298 102
289 165
204 50
44 137
201 138
261 284
91 148
185 211
38 123
21 144
212 191
196 58
64 86
110 207
205 94
196 139
226 27
56 232
23 91
295 84
220 58
219 128
182 46
161 190
236 90
169 279
191 52
12 35
164 267
239 6
60 72
115 293
141 254
250 104
147 255
50 288
40 101
173 202
260 297
32 47
240 56
118 121
163 253
25 272
63 105
281 217
243 48
95 224
180 92
119 158
295 255
289 282
203 25
282 6
271 161
68 98
127 190
223 86
192 132
38 277
122 293
126 283
152 153
114 245
105 292
117 157
180 135
214 123
196 19
242 235
236 37
50 219
238 133
213 10
202 104
148 212
77 287
214 202
186 93
83 284
38 160
297 37
230 17
243 213
145 254
94 143
49 55
25 130
168 265
273 94
61 88
238 4
113 261
71 178
124 159
281 129
3 55
64 65
222 162
234 173
89 188
221 298
271 104
9 138
104 289
44 295
295 97
275 180
63 177
184 260
72 126
144 279
116 272
98 296
64 213
246 286
229 92
255 272
22 82
94 239
285 297
253 291
205 21
59 228
234 98
168 297
297 91
106 182
285 196
66 124
111 201
253 276
278 61
253 206
31 65
258 139
141 144
238 12
227 116
33 221
3 127
41 149
94 244
174 269
85 183
118 231
91 130
258 211
231 119
253 60
31 163
165 196
32 130
234 49
140 248
135 192
125 134
254 1
240 132
136 268
260 107
2 124
8 182
244 193
279 131
32 171
268 14
169 182
142 264
183 260
142 192
236 172
55 232
30 272
138 283
131 203
234 226
176 179
231 185
138 299
123 225
255 73
276 7
40 271
183 27
252 259
159 196
48 293
167 296
244 41
6 274
73 145
276 191
131 163
177 245
29 150
42 292
256 45
252 95
4 127
207 47
122 259
180 172
188 35
30 144
203 122
240 104
65 263
262 164
140 289
196 59
243 227
197 246
26 129
67 83
93 109
202 88
61 286
229 264
43 226
187 289
269 118
256 57
279 155
76 106
254 15
209 110
244 177
285 84
299 102
203 103
24 127
46 110
223 156
55 151
189 143
239 23
29 94
131 174
55 221
25 117
255 25
14 18
262 285
98 281
9 290
103 155
108 207
230 33
130 234
224 82
73 211
56 120
15 297
218 281
91 184
266 61
277 55
235 86
264 8
237 267
222 18
67 187
260 54
146 297
294 181
125 289
159 265
256 62
212 165
155 270
12 204
137 158
203 104
11 149
110 170
226 172
205 136
153 232
51 180
282 112
265 51
27 234
205 232
215 48
232 60
283 171
281 101
0 105
12 65
151 177
244 16
56 115
45 279
76 297
14 71
176 240
143 186
75 157
54 108
57 111
135 265
67 107
8 104
9 233
100 129
33 47
235 99
108 292
206 26
23 57
139 140
130 134
101 236
257 34
207 101
249 78
233 82
72 181
77 234
213 97
2 133
111 288
256 85
231 238
25 45
214 269
239 61
44 170
196 168
261 60
13 177
106 283
3 122
24 238
234 58
55 150
118 128
16 26
206 18
258 267
268 86
35 64
16 39
283 14
134 156
11 90
94 175
74 125
173 281
212 109
166 198
46 152
127 282
183 88
186 17
89 161
24 196
148 287
196 31
32 141
282 153
284 43
195 270
140 157
57 185
20 28
236 143
0 134
267 35
95 108
147 232
58 270
272 214
250 264
17 20
284 102
0 192
266 291
120 202
108 291
214 53
31 133
186 184
17 164
55 297
56 145
283 182
102 272
146 267
275 179
185 289
91 96
295 4
206 110
270 77
113 237
229 163
204 0
10 29
59 109
185 22
203 85
249 152
55 68
166 255
267 295
155 169
285 168
207 280
65 69
21 291
57 175
243 50
269 46
101 158
188 39
206 220
216 36
196 116
73 223
229 284
190 49
211 159
114 257
40 149
289 91
194 82
298 12
37 47
54 128
237 23
104 223
202 272
31 113
53 269
152 282
134 180
194 142
109 144
181 43
299 155
194 13
147 188
34 72
263 86
181 273
94 146
182 156
22 89
235 67
30 148
2 259
162 279
262 78
21 230
168 222
227 1
30 264
231 268
232 146
1 89
38 115
40 240
298 54
117 130
38 141
255 186
99 211
223 54
182 32
92 168
74 288
6 82
230 55
224 73
282 49
270 236
216 153
235 34
282 15
103 169
280 147
9 141
194 83
230 226
189 52
185 293
136 160
163 187
278 10
143 155
76 236
108 174
203 29
8 259
279 160
22 253
9 197
189 7
128 235
143 166
172 193
211 175
236 144
242 100
51 82
63 264
290 4
41 256
277 31
238 171
54 135
6 166
50 117
71 198
159 170
51 107
16 115
286 141
284 72
287 103
108 171
4 161
133 279
195 116
46 257
77 192
98 133
252 140
235 93
291 239
260 115
181 87
173 278
256 99
204 116
59 253
121 156
84 227
213 55
25 277
187 205
263 25
108 163
34 241
34 84
35 113
108 231
21 29
193 171
258 32
196 179
3 175
14 93
259 67
76 216
102 292
196 210
34 103
16 286
112 117
275 141
234 74
48 210
290 46
286 273
292 188
56 151
50 205
14 69
15 216
143 239
105 237
206 135
214 162
243 12
290 204
224 61
110 167
226 47
206 22
189 185
175 209
92 283
222 196
184 7
251 255
65 209
193 40
137 220
36 92
141 237
1 226
239 249
5 17
260 103
132 272
92 242
83 222
232 101
213 100
26 59
188 51
241 89
255 149
88 197
86 128
231 61
226 40
216 134
86 133
121 260
96 193
29 221
65 292
198 1
261 176
258 160
254 93
210 147
252 38
94 136
191 62
107 138
261 90
166 222
21 215
280 57
267 2
117 276
257 291
229 245
210 121
218 108
102 182
135 222
226 284
9 291
288 173
298 2
79 133
262 159
266 295
85 278
41 264
11 12
74 116
81 168
77 162
47 284
99 240
147 214
261 286
247 52
124 131
292 25
44 201
199 108
252 111
234 53
294 221
187 274
290 206
172 250
40 97
102 287
41 59
253 211
47 97
167 221
38 49
77 262
196 120
250 92
162 191
77 123
218 47
58 123
138 235
37 86
231 107
97 222
221 107
100 280
106 213
177 296
49 176
16 195
59 141
292 252
75 134
57 135
83 104
160 261
164 207
140 246
281 85
52 273
122 236
52 287
264 281
265 44
158 179
201 42
34 137
22 33
84 231
276 231
136 278
111 149
46 71
45 107
148 180
90 251
116 122
0 131
294 271
7 54
27 273
275 176
102 139
216 143
212 75
50 53
7 125
87 241
72 296
280 145
197 273
164 178
282 147
275 253
112 130
262 177
25 94
69 109
149 249
213 131
196 177
71 99
203 161
49 172
8 211
141 292
113 177
290 269
128 140
224 40
286 292
220 163
78 224
42 257
21 49
162 266
275 143
170 257
279 13
194 113
72 267
111 169
281 31
244 48
52 230
208 130
279 207
210 275
53 218
241 167
60 240
122 137
258 158
216 166
130 263
139 173
75 173
96 219
240 165
23 194
79 153
221 162
16 31
20 29
216 97
117 191
237 132
295 138
68 238
12 104
279 218
68 257
187 73
20 122
294 119
282 117
52 77
149 182
54 85
116 176
37 111
286 143
96 289
24 215
28 295
299 127
189 146
274 167
103 132
186 11
76 174
3 14
83 106
88 120
186 114
240 55
130 244
54 161
252 118
53 176
293 111
151 155
87 167
154 250
76 85
199 11
37 57
98 272
216 80
244 294
265 1
54 138
279 139
32 152
244 74
211 70
115 153
58 71
85 257
251 58
240 278
196 26
211 78
199 255
215 109
287 241
22 70
86 163
22 216
166 192
118 157
158 188
191 108
72 131
119 274
267 120
19 209
87 234
282 95
42 199
280 50
231 228
190 298
264 164
46 145
22 128
81 83
1 287
93 259
123 203
10 227
11 22
47 145
6 55
147 204
41 133
10 193
23 160
299 117
259 20
8 246
239 141
87 219
206 108
291 190
297 10
95 178
270 165
189 221
201 210
197 103
218 173
263 239
83 265
72 235
41 99
34 56
203 168
204 178
134 274
263 24
200 116
252 143
223 133
80 288
285 19
51 104
289 0
187 10
256 168
266 149
149 161
39 225
58 219
214 15
152 238
215 106
129 142
297 173
11 221
277 248
109 226
184 212
192 72
199 77
225 102
58 238
131 183
237 11
106 186
192 183
74 189
215 154
207 42
35 90
254 265
248 236
252 152
233 169
287 167
33 272
22 160
52 63
257 160
262 79
190 15
202 85
271 218
149 188
296 67
205 121
206 57
261 165
198 52
222 13
245 191
59 176
280 178
133 263
32 99
7 56
96 98
67 244
60 154
218 61
218 75
108 184
225 77
264 87
8 42
88 112
179 226
222 156
282 159
290 92
287 45
198 169
35 162
240 14
230 283
28 167
290 67
278 105
269 152
0 100
271 178
297 109
223 51
120 229
89 190
205 105
154 170
246 30
174 230
275 279
229 94
70 130
195 98
53 193
15 55
235 214
231 56
53 148
292 37
74 102
296 35
258 290
178 289
292 59
224 38
207 91
116 290
48 248
215 59
45 176
2 160
160 251
85 272
21 28
89 291
177 198
25 167
139 206
227 197
214 1
154 270
0 232
186 203
112 275
89 130
13 95
40 71
243 103
157 270
105 131
270 97
23 121
212 190
40 192
18 296
281 255
78 272
90 171
33 151
180 137
43 69
229 179
207 56
36 89
264 217
287 252
257 87
187 166
35 150
149 207
33 83
270 171
104 130
47 260
199 231
170 204
183 114
23 221
267 142
234 290
41 155
105 284
220 152
61 288
6 74
217 152
33 71
296 237
273 296
10 74
287 288
64 299
286 296
78 129
30 202
118 223
206 68
237 67
220 113
79 229
86 298
161 228
92 118
117 162
254 94
284 48
133 269
124 144
271 280
245 112
233 289
126 238
78 133
180 11
290 176
0 202
43 103
276 225
182 62
21 146
40 52
126 194
264 28
52 195
147 177
198 97
70 186
83 159
182 206
7 64
31 109
73 283
14 238
279 38
194 176
273 109
218 130
174 274
283 80
25 128
248 271
1 92
21 256
150 164
259 64
102 202
249 131
122 166
121 231
256 103
69 280
269 131
17 190
79 96
14 242
13 35
38 147
38 253
297 58
52 204
263 81
216 162
195 154
287 293
29 139
41 89
132 179
253 148
268 16
53 219
110 164
205 77
234 56
135 217
185 103
211 248
211 23
288 259
183 55
5 77
177 293
89 141
265 120
238 96
66 112
230 80
159 248
273 156
198 134
153 197
221 34
41 187
296 246
22 150
53 256
281 71
261 293
36 127
54 62
8 147
180 0
267 140
264 263
6 182
92 105
251 14
75 117
97 156
112 171
187 215
180 122
186 69
185 222
47 49
189 11
156 265
28 174
44 115
196 74
53 212
223 285
215 63
174 246
243 175
245 48
267 214
112 222
138 145
121 247
20 109
173 247
86 144
270 122
136 153
69 221
50 209
193 151
40 130
38 104
60 231
85 211
104 176
260 133
257 37
235 130
156 161
22 233
98 232
115 149
21 129
7 232
68 180
45 165
293 22
124 133
24 85
192 33
53 64
38 220
137 244
141 178
265 138
3 198
114 226
170 245
96 276
65 164
107 185
232 9
187 245
19 67
19 80
194 68
197 174
62 234
146 284
42 121
264 116
84 211
109 286
45 272
195 82
148 233
161 183
257 75
139 187
251 72
266 89
79 180
64 70
210 18
172 281
4 275
64 236
78 205
209 172
226 14
60 101
21 259
119 253
154 214
237 42
44 227
255 89
17 184
14 106
32 54
238 145
91 132
9 86
100 255
204 173
29 57
3 123
119 254
64 215
182 0
70 271
265 200
172 291
247 112
103 283
56 125
7 20
98 253
68 166
248 221
215 39
31 256
254 89
232 64
59 161
273 170
29 172
62 142
254 80
91 188
218 63
277 226
258 287
292 36
276 43
171 190
256 156
213 245
207 57
157 241
273 298
130 197
39 74
159 255
1 82
237 32
133 169
43 172
21 117
5 115
96 196
41 85
14 291
135 209
73 129
9 145
126 134
125 136
232 212
220 142
139 248
38 275
271 99
36 224
5 60
22 290
111 274
65 94
24 110
235 108
258 1
93 245
269 134
35 54
268 4
239 84
24 256
246 95
56 247
58 129
22 90
191 241
117 269
10 143
228 176
118 212
178 221
204 271
291 241
5 105
136 170
191 15
131 167
101 235
64 255
292 87
228 276
218 125
73 175
0 43
133 167
151 297
291 70
189 32
297 2
140 238
182 77
218 68
29 209
267 210
73 95
217 119
211 201
134 249
297 169
110 122
280 76
103 208
229 147
270 164
263 138
214 277
73 244
166 295
282 114
184 263
56 181
223 159
25 151
295 155
48 297
227 123
87 281
140 148
199 104
69 161
39 73
99 215
29 74
170 181
296 58
22 274
267 71
298 119
125 194
53 170
160 164
175 259
96 120
28 222
88 114
64 186
235 127
219 75
71 126
71 193
51 257
249 130
257 36
287 114
180 8
118 123
71 127
164 285
54 185
107 174
8 270
88 168
192 205
166 205
37 152
39 145
208 137
262 112
0 176
34 108
220 86
254 154
254 259
269 280
172 225
215 26
9 262
278 72
10 216
187 228
14 73
207 215
196 38
219 243
197 231
7 89
238 224
50 246
139 168
65 95
44 146
218 24
26 117
189 231
268 50
9 299
285 59
194 53
223 20
273 290
213 165
293 125
40 76
89 288
21 221
213 159
212 149
276 262
127 181
203 159
32 103
241 23
194 84
100 226
50 137
270 87
65 105
219 80
293 112
74 236
268 219
0 242
42 218
220 211
9 207
168 172
208 240
0 152
18 79
71 138
257 171
269 193
79 83
24 161
203 65
119 143
201 47
228 179
279 191
79 275
191 132
216 182
105 239
8 123
285 6
64 138
292 140
255 14
23 296
246 164
94 157
287 82
183 64
156 249
35 252
15 110
261 77
21 222
242 7
190 178
276 88
185 28
31 254
6 133
43 113
156 271
195 99
212 97
0 73
115 203
124 247
150 152
30 174
280 236
284 117
198 200
232 92
181 101
52 101
85 102
27 170
198 131
106 230
216 144
265 262
76 221
242 169
167 286
220 36
61 210
113 206
187 178
298 124
124 199
19 137
204 174
154 217
72 146
191 208
80 128
82 248
138 197
218 6
281 177
123 135
246 28
222 272
230 47
9 297
51 112
259 164
205 139
280 5
215 90
63 81
218 158
298 53
19 87
228 113
3 171
153 213
269 49
284 31
83 236
192 66
11 281
44 141
225 212
9 85
203 262
207 168
244 4
42 290
272 64
111 113
86 119
6 30
291 99
65 273
273 82
98 119
68 232
84 143
8 193
270 34
30 58
276 169
16 208
170 219
47 127
34 109
52 197
199 138
148 193
283 66
244 90
282 243
182 131
284 175
9 16
279 125
271 141
68 137
250 247
269 173
93 146
44 176
225 24
292 85
148 191
202 68
203 132
206 0
239 50
271 124
241 163
267 225
194 128
157 253
171 268
293 96
131 258
1 17
133 159
152 164
198 107
27 53
217 4
269 120
199 41
227 38
31 251
6 50
26 168
211 189
276 175
75 201
181 90
241 134
57 96
73 106
252 93
89 260
140 163
107 253
138 285
270 145
295 104
92 296
182 15
239 91
146 248
26 46
46 148
211 113
201 192
221 78
285 200
273 160
90 158
251 47
227 160
51 281
203 47
36 178
43 211
2 21
43 252
183 31
29 36
134 187
21 119
60 255
103 120
82 244
41 137
7 205
73 84
64 176
75 153
54 258
273 23
106 113
60 299
298 163
250 21
24 29
29 216
261 291
232 152
90 237
257 18
5 28
265 87
254 83
208 39
8 267
295 290
223 48
110 224
41 255
49 64
121 212
17 298
73 141
230 136
132 295
37 279
131 216
250 84
107 293
266 22
138 160
261 269
80 108
129 168
296 48
151 258
35 227
17 215
274 149
56 91
253 8
231 104
109 294
188 66
45 84
253 66
209 60
236 164
61 174
71 271
202 168
242 126
118 263
103 295
35 233
53 271
281 249
131 172
27 293
208 160
210 13
292 222
92 193
145 162
20 194
93 231
25 92
209 185
224 66
29 191
50 287
5 240
46 202
104 236
103 167
293 197
41 146
249 129
23 213
127 135
277 166
206 154
217 129
287 14
74 285
222 251
242 18
4 185
175 187
67 248
259 90
197 93
11 232
195 107
31 137
210 221
163 168
230 139
99 173
239 167
239 145
233 155
22 96
241 106
87 284
205 45
88 260
268 252
151 224
274 123
222 126
137 141
47 288
87 297
243 196
228 76
271 157
271 109
299 128
182 153
281 210
216 37
206 97
263 136
288 110
159 245
211 183
209 34
141 270
237 103
23 202
118 178
14 277
210 265
172 184
73 114
22 129
88 177
27 209
101 217
14 147
240 290
141 272
89 128
209 272
185 55
256 17
58 156
117 253
208 156
181 52
37 165
262 156
178 201
16 42
170 269
241 204
78 228
274 199
112 162
244 250
266 41
119 154
258 170
116 144
277 26
132 164
76 121
79 292
229 256
206 173
2 18
216 284
252 120
238 263
87 97
68 197
294 209
278 96
228 12
204 297
4 173
139 229
120 205
44 235
143 245
291 168
186 98
54 288
265 94
92 170
75 118
10 47
4 208
51 244
227 57
233 20
79 185
37 238
57 69
138 180
135 289
78 120
222 38
61 106
41 157
57 143
145 290
22 142
158 276
282 47
214 149
4 175
101 270
144 275
53 259
233 5
143 242
272 99
273 162
80 106
272 178
105 203
195 64
190 26
190 208
287 92
11 92
286 58
288 69
209 26
152 176
4 104
293 146
66 233
47 225
135 172
290 14
100 136
282 78
94 166
232 4
280 118
70 220
260 239
268 198
290 170
129 180
42 108
174 264
113 238
230 71
193 45
17 22
114 193
218 110
39 125
296 159
164 251
263 115
68 119
137 291
255 101
138 288
255 44
13 173
196 154
38 139
118 292
211 75
203 51
43 71
43 80
64 228
285 26
142 243
243 46
88 175
189 289
260 166
70 168
2 232
8 125
49 257
47 232
277 65
292 58
189 1
168 287
42 205
18 207
89 154
175 231
214 134
180 149
155 222
20 26
260 72
39 179
122 142
109 225
256 174
189 242
14 174
255 88
75 137
6 176
19 76
73 188
63 275
298 270
12 59
247 140
49 121
197 190
133 137
219 90
89 294
259 131
30 47
55 299
189 239
95 170
258 83
265 229
37 43
126 297
39 221
203 5
277 81
24 126
5 78
149 192
213 18
294 153
269 13
16 185
151 285
247 156
166 265
145 277
192 52
257 156
95 289
256 33
292 162
241 88
7 146
85 165
80 270
209 235
94 198
11 46
282 59
290 221
218 26
101 104
107 117
50 51
291 223
62 77
11 250
0 281
24 34
2 92
66 198
46 159
201 82
146 182
150 218
255 76
182 35
90 264
56 119
276 172
34 293
3 280
198 170
51 186
291 251
20 238
17 146
283 286
68 125
39 114
205 145
176 202
50 210
246 53
99 128
248 151
232 42
293 179
272 32
63 225
62 164
64 218
190 115
268 33
215 252
151 281
161 195
120 198
20 276
9 127
257 282
197 108
253 138
234 43
143 290
113 241
231 15
92 112
16 194
144 204
209 13
19 165
262 238
276 12
73 176
186 45
86 191
47 122
11 89
9 55
116 148
97 219
146 186
18 246
5 264
198 118
20 128
21 107
185 6
294 179
212 168
285 130
24 272
263 1
274 158
40 218
253 198
288 194
232 179
171 215
98 266
245 82
69 284
124 215
109 250
286 114
53 291
126 145
193 38
11 158
285 54
275 35
29 167
242 96
4 26
223 135
61 176
82 152
180 22
247 99
136 233
8 105
120 121
217 45
109 195
266 154
71 182
242 61
84 138
137 227
189 10
50 272
15 143
60 136
3 36
75 179
114 152
75 154
192 125
247 184
3 184
180 128
264 151
49 180
61 148
202 76
25 183
125 268
290 156
130 162
42 273
198 136
275 202
216 154
11 118
68 103
193 170
195 108
34 274
169 269
6 250
261 86
17 289
252 198
18 192
294 9
34 104
65 200
128 201
281 282
193 252
275 33
267 176
10 150
277 218
129 146
64 191
288 255
292 114
267 117
9 102
266 253
182 94
229 20
254 118
78 286
157 222
195 29
98 221
150 153
99 122
237 51
182 48
230 50
72 258
9 237
279 22
271 228
18 263
151 276
225 148
223 121
217 103
32 140
46 84
3 51
236 70
39 182
11 222
188 113
75 177
56 185
149 206
59 127
150 204
71 224
70 232
265 38
10 122
206 51
24 92
130 145
285 9
233 149
6 202
107 247
98 181
253 210
29 101
102 289
73 173
261 262
234 236
227 159
254 84
238 141
45 175
79 244
289 7
8 288
211 146
181 228
82 288
55 108
215 264
283 289
225 289
53 56
208 61
42 73
234 144
117 156
234 185
262 119
235 245
228 203
53 249
296 295
134 200
238 22
110 161
84 229
183 132
79 243
223 127
251 181
188 72
33 291
185 232
62 133
24 37
151 230
185 252
294 58
180 107
168 263
99 249
30 201
151 179
233 255
232 6
242 37
255 90
164 189
6 134
263 147
38 111
15 141
176 203
253 124
51 196
190 251
46 233
122 131
99 278
124 149
17 108
267 40
202 74
292 18
122 135
295 21
101 192
271 117
44 64
30 63
233 15
30 40
240 112
109 151
0 63
111 219
200 168
267 222
211 5
201 12
283 101
258 66
31 42
48 187
173 255
38 207
197 26
275 245
205 34
63 159
24 56
111 211
29 255
140 212
226 124
243 155
9 128
53 293
147 201
18 59
140 204
236 112
233 26
97 283
88 252
150 224
88 149
217 23
106 178
269 38
68 191
262 160
213 121
32 57
68 136
14 23
151 187
259 13
23 33
41 234
218 10
97 238
11 194
21 27
243 212
3 141
125 241
260 295
299 184
7 169
173 237
96 280
292 76
205 12
263 50
255 56
188 55
20 239
5 191
18 259
199 133
78 289
213 83
76 137
191 58
209 53
288 244
40 211
226 269
256 271
24 280
1 163
181 225
23 197
220 168
45 270
189 38
176 274
23 118
78 177
183 249
230 170
223 228
242 62
218 267
79 214
208 117
49 235
134 282
220 278
132 136
219 189
11 239
207 66
294 161
185 115
263 0
37 218
235 17
153 154
113 214
42 264
91 141
70 106
222 150
148 273
155 197
242 60
33 290
7 286
219 166
241 28
74 248
59 192
251 23
264 171
96 127
54 145
77 149
266 94
284 3
243 35
34 128
19 276
244 2
222 221
69 220
8 164
289 170
198 59
156 293
278 35
1 297
298 144
289 11
67 104
39 185
191 224
31 108
243 193
110 139
14 47
75 171
123 210
74 201
15 106
94 141
219 38
104 252
299 210
259 98
129 167
248 105
224 30
73 203
208 3
189 176
184 174
191 147
193 247
266 80
234 81
286 127
194 14
96 209
231 33
271 139
272 19
180 29
60 140
137 281
98 112
204 139
263 275
236 16
196 115
70 177
30 230
285 1
158 225
220 102
123 184
102 107
45 114
235 139
89 111
237 38
182 297
252 129
273 46
155 174
247 46
206 40
251 197
117 213
89 259
295 102
270 256
11 248
170 276
42 129
288 73
216 39
229 220
127 260
230 254
198 4
275 52
85 170
199 29
239 57
177 230
252 68
279 146
183 124
242 21
111 174
207 171
236 150
118 228
21 79
242 68
278 146
50 161
5 181
207 212
264 295
296 66
43 286
62 280
48 67
241 65
231 48
12 281
97 244
88 137
0 283
110 221
238 3
50 153
252 1
288 103
19 24
60 70
33 149
79 136
2 174
276 290
53 247
71 167
296 252
10 241
120 274
145 169
203 17
34 231
129 283
271 15
250 195
72 206
64 125
73 212
126 239
5 34
277 279
39 139
28 67
75 124
155 176
230 22
12 116
242 91
171 266
173 212
167 192
193 36
252 163
31 41
51 131
286 82
56 98
241 18
78 128
274 122
207 174
20 240
278 8
95 137
41 217
88 295
59 87
196 105
91 210
74 112
168 217
144 235
127 155
113 166
192 236
4 150
110 159
200 8
297 98
236 72
29 284
7 84
17 205
221 154
201 151
215 178
23 29
149 162
277 264
211 32
253 70
154 155
5 53
22 43
249 106
209 21
257 130
50 116
153 298
268 271
200 40
26 278
56 124
31 253
207 217
101 213
249 71
34 151
95 269
254 46
83 99
22 41
28 83
299 69
28 86
212 60
60 245
268 204
243 10
188 160
258 46
22 219
67 113
58 260
32 153
19 34
54 124
286 66
233 83
290 112
189 50
34 63
248 117
233 163
298 128
208 76
5 269
209 179
242 70
97 105
199 290
83 129
108 203
62 87
28 96
247 14
53 178
27 138
64 73
219 35
226 249
243 99
66 259
228 47
141 282
282 16
278 123
18 226
199 101
295 60
243 84
21 152
235 162
63 232
68 128
276 67
16 143
53 75
267 171
54 117
171 222
219 177
3 95
259 163
55 163
289 168
72 187
42 78
147 290
39 47
37 213
161 289
139 176
142 187
244 148
19 299
143 151
247 285
79 101
218 51
15 109
158 210
86 194
7 142
26 274
33 227
38 87
217 194
225 168
76 100
280 134
33 57
35 108
243 194
232 106
122 291
262 34
169 201
239 107
169 203
260 119
20 162
205 251
212 163
159 212
240 174
224 270
18 147
55 228
47 139
211 65
71 75
289 150
84 86
266 204
271 90
177 287
291 54
136 195
187 126
250 136
45 147
238 67
7 83
17 142
259 38
33 119
7 111
62 185
191 83
142 279
28 152
181 128
296 79
229 251
294 39
2 94
118 218
200 172
72 92
255 79
270 117
49 299
147 185
233 134
257 112
122 232
283 63
29 43
209 173
257 67
217 139
151 269
5 260
53 142
12 268
91 97
188 299
242 220
43 197
158 275
27 276
236 221
291 199
78 218
23 214
63 82
170 175
59 204
154 265
225 156
85 249
6 37
137 256
296 220
191 78
223 58
107 147
28 110
182 97
14 188
287 173
272 172
208 182
82 214
44 263
108 139
228 24
11 63
242 74
269 159
41 247
287 228
37 295
134 151
291 260
272 282
200 220
283 169
153 243
58 162
142 285
272 71
69 94
258 133
135 284
180 256
152 172
49 184
265 50
21 277
17 23
215 263
15 260
40 88
0 171
244 8
10 58
86 160
36 139
135 233
276 141
138 166
131 190
217 77
95 199
0 135
46 242
239 273
290 153
193 200
228 171
45 211
219 15
59 263
275 64
111 167
251 61
188 140
5 163
6 56
244 93
86 179
229 93
46 117
285 106
109 169
219 115
58 198
52 185
241 194
180 209
265 68
292 103
186 2
15 138
40 273
144 152
184 146
110 240
270 5
28 142
268 179
238 59
242 2
92 294
41 222
55 93
295 65
68 154
74 174
296 169
189 159
52 72
281 19
257 17
40 106
45 218
246 172
261 11
269 191
272 8
79 176
264 198
265 31
44 285
2 134
19 211
227 272
262 75
26 150
0 3
65 243
67 236
159 247
206 132
22 50
268 158
184 27
248 188
176 224
27 168
113 285
124 189
57 102
217 299
136 283
275 58
248 294
138 277
79 177
7 133
203 139
6 213
100 120
202 84
106 118
5 40
24 177
12 54
251 114
242 157
125 150
68 130
121 190
258 278
14 72
65 85
74 178
266 120
15 213
6 186
211 244
72 99
89 121
204 124
138 245
263 148
84 213
256 157
101 161
189 27
290 60
4 215
272 10
97 277
221 63
196 33
92 236
280 163
148 243
271 172
244 86
290 97
52 61
58 113
153 183
123 262
168 258
28 293
72 73
75 112
154 201
19 128
212 230
282 202
223 59
9 284
123 229
150 233
12 167
41 212
12 154
14 234
59 181
232 54
239 16
101 247
76 171
62 132
206 155
114 215
30 265
107 229
39 127
248 97
218 74
119 227
215 222
170 255
41 292
29 82
70 85
206 58
244 192
160 212
14 173
173 249
24 252
0 189
281 292
40 298
30 220
270 99
120 227
156 294
74 75
140 241
255 36
234 254
208 124
240 53
10 127
274 225
78 93
17 51
153 181
87 107
53 286
293 244
23 38
216 114
238 5
246 61
209 288
29 225
196 16
33 42
56 174
6 27
38 215
31 177
293 140
44 195
42 151
33 240
147 287
193 26
23 41
202 206
110 189
108 256
232 86
293 157
220 19
102 206
182 30
203 233
131 199
183 189
250 41
243 45
241 131
94 158
70 149
19 244
54 147
221 17
16 177
239 62
275 54
278 188
180 37
146 274
214 125
253 68
143 259
230 1
79 212
27 132
25 226
32 246
215 200
165 241
59 200
62 273
290 264
246 200
216 249
81 90
260 162
82 243
57 181
230 59
167 206
209 170
105 275
130 223
8 257
232 176
103 179
262 11
199 224
45 167
48 247
150 287
242 241
273 179
44 65
36 190
5 101
79 129
53 257
29 256
157 203
179 246
190 71
130 215
14 225
277 158
245 116
36 145
220 93
7 134
7 265
47 63
140 221
187 165
68 76
246 129
211 115
30 75
254 178
245 51
243 44
201 260
142 244
37 46
90 168
44 56
201 16
142 231
96 277
183 57
182 255
288 149
54 175
9 131
130 157
66 243
112 263
218 23
162 249
269 291
36 271
103 160
153 190
25 268
176 259
234 118
71 116
252 276
211 210
259 73
6 190
197 252
196 42
270 169
211 14
293 5
257 220
49 140
133 233
186 158
298 26
204 135
194 43
216 277
45 222
249 151
57 109
211 22
238 254
73 74
152 273
31 272
230 181
298 115
160 192
259 71
212 298
230 53
120 128
215 29
211 238
279 267
292 129
34 36
19 106
10 37
59 240
68 83
279 33
180 112
165 285
258 274
237 194
187 146
263 278
55 122
226 74
113 164
104 224
277 47
32 161
288 55
210 104
68 138
211 256
205 116
291 116
83 199
185 72
56 229
0 12
289 263
264 72
92 123
225 80
40 288
2 130
70 114
27 255
118 142
12 100
26 192
229 8
82 103
19 287
42 265
213 107
126 137
224 32
29 52
13 98
75 107
249 5
220 182
10 279
163 299
51 62
286 129
199 163
272 167
45 200
244 100
188 153
2 3
110 239
247 98
65 163
190 12
186 238
13 193
24 143
102 134
189 62
199 149
206 23
295 160
26 295
296 7
250 262
118 207
230 42
200 25
87 91
298 204
121 277
241 68
102 193
282 148
135 255
262 58
11 47
1 102
17 57
272 233
77 196
5 33
230 9
292 28
235 41
100 182
56 184
218 161
58 205
10 21
204 287
261 166
292 280
244 75
286 125
214 141
38 272
205 6
213 158
189 35
10 59
182 199
107 220
110 126
126 226
282 57
192 110
85 142
149 174
124 225
93 239
21 262
104 238
124 135
272 118
161 217
241 38
268 215
258 50
272 83
5 234
282 94
203 72
88 125
190 277
95 265
248 154
201 278
157 180
251 172
1 60
18 243
123 189
36 199
197 298
222 178
199 162
103 148
182 236
48 57
238 75
235 205
141 142
59 82
264 62
295 5
290 131
109 164
10 281
55 59
70 89
105 158
267 83
76 102
249 37
56 252
9 133
32 248
111 148
102 186
80 178
197 55
23 66
210 116
176 192
24 299
253 220
178 228
183 53
294 108
52 108
173 291
296 161
227 46
73 144
122 159
6 29
0 132
102 170
184 144
235 241
38 177
267 112
172 248
150 265
231 258
259 119
149 187
299 226
142 299
220 185
203 9
238 10
21 114
22 254
105 180
183 21
212 134
56 94
213 128
162 234
81 252
24 208
278 25
151 210
291 131
5 166
231 67
233 210
231 246
39 59
102 165
54 184
95 203
103 221
15 18
80 84
201 91
294 254
91 175
257 159
171 248
285 155
262 95
55 131
86 253
298 147
205 274
254 14
23 40
52 283
19 49
2 135
14 143
217 22
245 147
208 143
259 171
17 121
296 225
53 200
296 245
123 288
51 262
281 163
44 112
183 254
276 129
26 290
52 97
100 121
253 151
25 68
267 217
190 111
238 147
56 222
67 178
88 219
246 189
37 142
271 75
56 244
41 142
271 74
86 126
197 270
210 20
294 32
188 37
5 155
268 116
113 154
84 97
283 152
292 94
34 114
296 21
32 136
139 142
255 19
17 109
15 124
254 245
41 121
63 92
58 148
17 207
177 222
286 1
143 162
19 294
227 39
51 293
299 111
231 52
48 173
258 156
209 67
280 142
285 39
211 74
86 158
252 160
32 83
187 281
26 93
19 223
245 257
285 283
12 15
281 32
227 156
101 144
54 148
24 58
50 242
229 98
119 129
263 55
188 117
241 22
116 202
157 238
11 196
100 158
179 234
10 270
256 87
29 181
97 125
46 103
93 161
256 64
52 66
245 80
188 161
273 135
228 16
255 134
226 163
25 74
265 164
243 228
225 114
278 112
234 178
242 255
12 133
158 244
210 284
291 213
20 113
13 19
281 251
259 78
109 139
78 291
51 178
229 209
248 78
63 95
295 188
210 191
22 223
208 9
199 94
164 208
288 207
272 20
276 97
278 90
262 20
16 62
1 24
282 232
126 143
45 230
209 57
115 270
295 177
263 94
289 52
1 139
120 163
254 91
267 243
119 219
61 102
275 207
47 162
218 21
189 106
229 207
174 291
81 205
239 179
252 121
161 232
198 149
160 225
215 156
284 149
127 191
34 169
100 167
105 272
30 117
23 163
284 12
197 266
74 115
226 75
74 142
155 253
114 146
21 204
209 81
238 9
35 256
243 162
240 25
30 269
191 107
3 267
124 242
297 145
52 295
146 171
201 268
26 237
92 109
182 113
23 191
235 43
235 18
298 29
131 246
182 55
183 138
184 268
199 75
45 191
77 246
263 268
36 289
240 298
113 139
281 183
26 95
19 64
59 278
59 152
242 34
190 99
231 183
119 267
84 158
291 156
259 174
73 122
94 206
66 226
57 66
282 214
229 286
216 130
30 67
194 26
261 102
191 158
48 224
235 258
250 20
46 244
8 113
1 228
115 164
237 133
10 28
136 254
64 287
103 141
209 49
259 12
22 122
66 227
158 209
14 206
146 251
36 245
196 229
72 173
191 165
171 247
192 131
5 90
246 48
21 141
288 36
159 270
177 231
84 88
195 96
257 43
180 169
231 288
145 199
100 163
229 283
40 105
5 117
50 168
87 151
220 105
286 41
204 127
205 49
160 283
265 269
285 202
94 128
25 191
200 48
129 229
103 192
226 175
299 141
267 102
249 44
97 107
205 149
241 255
185 175
48 263
225 41
48 175
295 299
239 292
98 202
27 164
216 125
40 190
187 37
122 179
210 46
80 99
32 165
240 84
243 85
44 81
135 241
131 193
203 239
219 259
28 297
149 176
239 69
48 280
183 72
279 200
227 129
275 34
258 130
298 38
7 234
247 213
297 93
187 88
211 33
206 99
221 27
10 92
207 12
269 287
212 56
263 191
269 225
9 65
242 94
273 295
283 37
227 184
184 126
160 292
19 282
247 287
61 62
55 174
118 181
109 274
5 206
268 235
195 264
248 226
297 32
277 12
31 50
142 172
220 128
161 290
70 227
7 103
284 34
286 29
112 129
103 190
12 30
115 249
103 176
228 132
81 178
188 44
178 244
103 180
204 142
224 178
55 186
208 297
100 259
127 157
282 74
234 11
293 24
284 114
228 96
211 102
17 268
157 287
151 266
144 192
259 110
25 252
45 149
197 75
100 104
141 243
138 294
33 224
25 212
165 198
150 254
275 90
276 178
287 275
185 130
176 187
172 241
280 171
290 21
250 148
86 264
10 202
233 172
53 80
218 134
257 152
115 175
286 157
93 133
89 192
13 82
37 266
90 146
277 41
186 144
92 142
205 257
238 213
199 156
261 89
0 35
107 267
105 148
74 170
70 167
19 74
272 96
219 116
190 261
42 170
39 157
272 70
96 232
32 33
276 71
179 200
253 125
100 286
203 173
231 220
244 283
202 62
36 171
160 176
241 115
206 235
274 124
8 78
219 137
122 257
227 65
138 196
52 88
34 196
79 159
284 253
262 115
126 269
243 279
251 171
228 2
236 27
299 29
169 173
194 224
283 109
182 52
228 117
206 184
38 258
202 139
249 238
169 218
198 41
30 158
277 176
125 148
22 214
58 247
208 72
154 298
176 249
126 224
257 119
250 126
72 157
210 220
192 3
149 251
28 89
194 152
292 299
42 68
288 260
77 280
104 156
212 136
220 254
154 291
228 242
0 151
101 262
269 285
275 91
294 116
214 165
45 173
264 22
293 252
208 121
247 10
234 39
26 139
291 45
15 121
146 287
204 22
180 111
82 181
281 108
19 61
253 30
198 81
27 174
248 191
138 272
108 240
43 216
290 32
30 64
53 60
27 269
202 45
253 224
79 272
269 32
203 63
226 35
98 193
175 221
218 46
263 11
249 257
67 123
32 89
50 294
268 129
196 251
274 264
207 116
232 118
197 279
280 112
97 101
97 186
39 162
204 75
195 225
4 193
132 169
15 281
53 61
68 151
106 260
13 275
223 99
15 54
289 113
216 13
79 289
49 294
235 122
44 202
49 160
225 167
45 196
118 156
23 289
70 241
115 299
236 183
113 231
127 175
232 102
284 234
78 153
270 222
195 106
29 161
87 108
269 292
2 128
184 18
234 46
226 257
267 65
227 294
87 202
285 75
112 144
85 264
10 70
165 280
274 227
4 181
22 135
248 89
29 149
184 53
128 138
261 178
276 17
18 225
217 55
66 156
15 258
12 250
76 108
197 127
228 237
229 280
60 110
198 26
215 27
142 168
119 200
26 151
250 38
183 24
281 6
43 270
268 178
28 80
55 60
123 159
71 108
92 222
278 6
77 277
122 170
187 122
44 61
298 23
262 17
196 87
172 261
240 89
205 61
188 297
17 227
32 150
243 239
197 247
11 245
291 34
251 49
264 147
69 254
181 36
229 148
6 209
48 290
82 209
28 224
29 122
80 138
87 160
55 86
296 238
219 162
197 183
218 263
141 181
275 43
76 136
148 257
56 298
182 99
179 296
206 8
227 194
251 118
192 117
81 160
68 149
127 202
157 226
202 19
133 265
138 280
202 15
12 173
259 235
298 159
51 208
117 273
88 119
172 212
143 288
38 140
279 46
228 122
2 252
58 187
289 147
295 99
249 73
279 203
57 174
79 111
88 289
189 120
232 91
197 25
230 43
58 208
250 183
195 45
19 251
23 35
204 67
116 142
42 114
33 125
203 156
98 149
148 179
14 101
161 272
258 84
78 159
201 159
72 271
35 222
192 209
171 209
86 161
16 179
261 42
232 277
23 152
156 179
24 109
247 207
235 100
180 168
82 151
8 149
151 191
208 108
199 172
173 245
4 27
230 137
280 9
161 238
68 169
75 88
61 112
93 104
38 235
282 14
223 134
223 197
207 95
2 10
214 142
183 1
38 134
253 110
70 277
11 175
38 80
176 231
250 82
95 134
81 158
175 238
227 113
77 173
239 103
217 157
137 238
132 137
63 244
46 184
154 156
70 72
181 161
272 170
28 177
206 299
283 241
87 262
7 41
144 211
145 208
37 285
175 273
216 209
171 184
85 223
138 233
7 211
208 228
205 68
258 53
32 279
107 162
185 152
260 11
8 10
58 82
271 236
140 210
113 246
271 259
130 269
225 58
240 11
113 123
93 164
62 134
200 115
291 254
234 50
66 171
168 245
204 118
95 125
231 10
30 125
191 186
195 7
240 154
77 180
200 66
55 82
32 249
233 48
235 166
19 172
195 5
44 222
198 7
267 271
160 172
64 149
132 208
267 64
237 94
112 233
117 165
91 278
168 239
269 149
31 166
215 95
167 217
238 273
200 149
206 16
262 84
280 93
186 48
192 61
110 134
98 137
63 198
5 30
45 264
14 111
24 122
4 271
81 262
59 298
85 252
286 27
263 114
289 5
86 212
131 230
156 274
242 273
185 51
268 130
195 138
35 136
92 259
275 115
172 218
69 212
271 59
164 272
50 97
239 147
212 175
174 175
107 252
167 198
53 110
130 213
100 114
208 89
37 241
121 125
150 274
283 134
116 146
35 102
161 292
73 258
44 217
129 288
120 184
122 206
74 155
135 171
164 237
114 168
195 295
3 35
180 258
141 255
222 89
121 176
82 232
188 41
69 136
262 68
286 15
73 134
204 65
121 167
191 135
52 131
215 292
190 179
167 270
266 60
110 190
112 225
133 251
213 227
287 49
195 229
253 85
277 178
97 100
54 205
255 236
281 36
252 77
5 139
88 173
4 38
66 163
84 106
188 144
287 25
0 13
160 290
31 186
293 57
135 181
51 102
107 250
11 167
175 245
219 205
126 166
295 151
152 284
283 178
157 264
85 194
231 100
189 22
129 275
223 220
260 26
258 77
68 102
286 175
27 178
9 154
149 298
21 265
94 123
272 169
82 295
279 56
113 128
2 176
122 215
107 254
230 148
71 169
215 166
7 248
229 59
193 65
257 66
240 120
252 186
287 69
166 171
150 295
43 53
5 215
199 82
47 252
183 93
272 177
236 71
128 153
195 26
236 232
84 228
37 299
198 60
283 216
222 115
290 142
279 271
246 194
32 187
12 253
166 183
128 185
139 215
110 187
100 275
64 185
63 200
259 275
68 178
102 296
89 290
79 132
1 85
104 230
183 258
7 33
287 7
113 144
31 216
10 65
298 168
225 108
89 97
184 275
274 105
262 168
239 2
117 141
262 74
8 156
227 98
128 257
266 203
205 163
22 144
217 118
55 248
59 241
106 258
259 194
198 116
63 299
117 198
226 201
15 104
31 44
277 136
48 137
232 100
274 232
265 204
37 71
29 264
105 176
116 212
26 79
170 179
151 260
290 132
243 63
230 32
216 73
20 281
76 117
119 270
49 69
65 112
270 89
7 27
112 289
100 222
97 215
194 146
108 153
212 20
104 144
5 38
281 58
87 120
115 243
87 248
96 295
223 194
237 150
234 193
253 170
205 74
171 180
222 123
21 181
8 190
27 204
263 37
285 201
187 27
190 90
129 160
30 81
74 261
278 14
227 108
41 206
33 174
243 179
23 173
286 232
265 63
195 233
102 244
50 180
122 146
246 78
275 117
56 246
81 86
209 168
37 253
250 173
67 223
63 273
180 219
187 223
164 266
116 270
100 146
69 172
228 220
213 16
38 144
239 38
250 131
261 54
238 136
81 106
108 288
44 165
252 32
36 179
241 99
221 176
75 237
154 171
18 64
155 245
226 56
104 148
63 144
257 72
103 150
22 64
266 70
215 115
9 106
48 287
24 187
157 221
114 174
234 17
201 112
196 152
54 157
33 183
240 142
156 162
213 63
269 94
241 8
235 85
263 243
231 171
114 262
15 62
181 84
271 275
93 169
271 167
75 293
259 5
145 155
114 117
152 209
94 293
225 122
20 55
49 245
51 183
72 197
8 137
33 100
149 163
55 140
54 166
183 291
136 162
15 74
110 145
77 148
120 170
88 171
94 295
278 107
40 296
155 193
255 194
2 138
239 3
7 55
290 114
110 130
37 209
153 238
190 154
57 99
288 85
246 158
53 248
283 40
206 119
271 111
249 127
28 254
81 150
158 204
27 188
21 299
14 161
61 265
17 120
30 188
142 184
39 148
36 279
279 154
195 149
135 150
297 35
101 137
235 16
258 146
185 25
226 190
226 102
177 232
76 262
299 110
158 165
237 10
95 249
95 193
113 273
220 138
210 179
222 165
67 206
2 168
13 252
2 293
274 125
237 185
85 149
234 12
237 205
191 136
236 259
225 73
216 261
70 213
162 174
120 230
253 99
75 163
18 200
197 67
94 98
280 177
237 251
247 29
259 135
296 149
276 64
220 147
289 68
227 139
194 30
214 258
164 182
240 67
150 194
23 48
100 188
205 40
203 226
100 278
45 262
245 195
199 123
242 27
6 127
167 185
33 34
109 190
164 216
237 187
118 276
55 294
52 211
248 72
277 36
282 88
44 226
245 106
61 122
97 162
292 80
52 206
265 112
48 150
58 279
45 155
214 52
173 276
237 101
227 21
183 101
126 237
226 28
150 166
40 198
54 134
24 112
157 191
4 115
248 119
30 185
36 154
213 27
250 299
58 155
170 280
67 93
78 181
102 274
146 260
122 140
48 113
235 118
102 279
242 179
285 63
219 175
223 151
44 139
233 67
150 299
54 255
60 287
11 94
16 267
26 248
142 253
120 296
268 45
25 55
55 110
27 237
95 162
134 228
151 195
170 236
48 153
101 201
116 188
200 158
5 130
102 114
38 43
238 196
48 145
292 247
75 122
112 155
229 0
255 136
49 219
213 288
185 238
280 86
8 260
183 214
266 143
130 259
105 271
225 292
286 67
40 262
124 235
282 209
7 226
9 151
93 151
38 293
165 203
14 89
271 50
123 125
7 273
244 153
197 121
231 75
208 1
263 149
275 148
211 3
111 298
23 234
230 292
144 162
25 211
118 282
123 150
200 13
209 132
263 143
233 3
275 109
292 35
125 282
192 31
281 111
23 102
264 269
236 127
41 127
170 286
112 248
285 33
174 290
242 39
47 194
11 36
131 220
15 217
72 229
185 126
65 268
175 261
183 89
105 140
227 118
250 140
85 191
9 217
218 140
288 134
250 121
177 251
5 125
233 124
45 121
224 173
8 243
291 94
97 152
171 205
137 269
38 225
63 298
272 130
43 95
186 253
136 158
35 49
268 296
196 145
252 75
277 58
213 14
165 278
98 274
35 72
78 269
66 282
35 132
60 281
201 77
204 53
289 267
255 143
13 65
7 85
92 188
134 231
270 181
214 176
183 174
257 40
292 111
91 276
180 82
61 271
284 111
149 152
56 84
31 194
19 158
57 272
43 297
285 175
262 148
179 290
241 144
226 33
277 20
57 228
129 294
121 272
205 231
186 111
273 209
46 255
296 175
10 148
45 65
72 136
2 13
243 0
38 203
19 217
113 207
265 118
199 122
147 230
37 66
48 148
262 134
271 28
12 69
6 138
190 29
97 123
203 53
58 154
47 119
11 272
31 136
200 297
48 197
248 233
65 283
3 290
223 18
205 99
222 261
16 165
44 156
249 285
240 37
75 138
34 185
285 79
229 249
40 156
119 179
50 227
276 187
248 281
292 295
219 220
230 129
204 18
266 130
248 164
23 112
122 198
189 65
107 244
213 180
135 295
299 257
200 256
201 34
270 30
63 69
289 179
293 62
220 148
47 168
37 246
295 133
124 240
212 247
267 48
49 208
169 267
213 122
173 213
273 139
30 154
236 299
25 147
121 151
21 75
115 276
178 253
109 138
280 265
291 236
248 41
181 102
2 287
278 43
147 252
237 8
202 61
203 55
290 239
88 98
80 151
24 79
3 104
199 164
14 80
64 90
119 215
256 56
256 106
257 30
141 218
10 209
105 231
266 276
224 258
12 293
207 60
193 64
183 235
242 282
123 232
117 250
68 260
265 192
299 282
47 80
173 264
4 235
274 163
265 97
25 269
25 29
173 189
218 295
65 140
35 180
56 270
124 272
92 111
41 299
199 173
295 137
192 120
160 191
141 205
67 183
203 146
22 130
223 251
29 234
146 159
245 183
4 170
55 165
278 51
0 159
155 175
9 195
3 81
210 41
13 54
71 221
0 92
243 14
236 133
225 232
89 172
47 174
205 23
295 147
196 249
263 132
42 217
21 56
247 2
208 250
216 77
63 70
295 46
216 108
124 236
8 97
227 79
185 24
74 105
56 166
56 278
62 160
84 198
179 207
58 103
130 142
3 19
73 267
261 283
284 272
231 95
187 144
298 156
52 219
296 68
194 260
169 244
178 207
54 158
240 21
193 122
56 142
77 82
235 81
23 242
265 202
220 18
7 139
200 157
224 21
80 256
280 64
28 195
269 66
74 144
252 103
86 134
86 202
141 180
35 241
245 123
261 126
272 234
281 271
89 226
220 180
292 142
54 196
67 252
247 210
152 179
167 276
237 162
208 237
136 253
124 163
226 31
241 81
187 94
295 129
298 266
234 195
81 159
254 167
132 163
113 263
245 17
111 171
72 96
252 153
46 286
214 28
276 10
298 125
60 168
255 114
222 265
148 252
61 217
128 144
96 128
254 207
114 227
194 136
19 150
293 218
238 119
265 111
59 140
116 118
202 39
259 82
225 125
29 206
198 111
221 118
59 169
262 118
133 259
50 176
186 185
187 5
131 133
16 232
13 66
20 105
141 206
215 231
240 113
203 230
31 119
144 283
19 236
20 67
48 51
54 86
25 58
258 163
175 264
66 151
146 277
186 61
126 276
38 231
211 103
137 164
123 234
62 67
298 97
285 72
173 216
161 215
272 181
42 87
84 290
180 272
110 142
17 149
46 92
181 81
237 266
172 215
106 272
98 177
195 281
163 268
195 53
295 176
6 80
251 147
194 39
179 271
37 153
199 92
22 197
248 103
104 261
281 4
87 271
194 60
13 272
222 231
14 212
86 166
222 297
263 162
298 141
109 191
241 2
21 157
82 249
165 290
210 124
81 291
226 115
99 210
91 271
190 237
191 1
14 103
110 120
229 89
294 155
121 218
246 122
277 102
114 265
187 236
147 275
249 111
10 215
177 189
56 77
26 165
52 144
246 64
220 64
1 16
1 160
258 189
178 239
88 170
283 43
85 227
280 270
48 61
37 41
81 223
139 218
277 170
298 89
136 246
14 131
23 126
182 123
0 238
88 246
114 191
195 51
69 140
89 247
15 265
105 296
112 220
249 63
190 81
276 177
2 238
42 133
83 105
23 71
37 52
8 28
45 204
47 141
200 42
273 171
220 12
122 176
57 263
250 89
239 169
128 209
187 125
290 189
49 279
264 40
234 182
212 9
136 186
66 250
57 184
17 55
165 238
182 178
276 16
128 169
165 175
224 164
3 158
223 84
281 223
29 212
255 291
293 105
25 76
292 132
50 87
234 208
153 278
137 173
231 103
24 48
267 80
263 21
186 34
182 68
102 109
218 31
163 293
210 57
168 286
144 282
228 214
250 144
251 113
192 2
215 289
257 204
62 125
188 56
245 230
58 81
235 13
66 263
181 25
133 181
96 148
297 198
56 71
118 288
232 81
281 162
116 125
222 173
30 121
232 43
193 105
140 149
46 161
298 112
141 182
249 9
57 237
7 124
254 225
18 155
42 259
275 125
7 255
212 110
76 156
4 79
86 151
77 290
262 298
65 239
76 123
247 245
126 259
285 264
229 114
13 139
19 268
188 83
171 183
22 199
200 77
26 231
218 82
186 74
298 246
50 251
228 6
64 115
80 115
153 269
202 59
194 153
180 165
2 249
46 86
179 295
273 12
82 138
9 83
227 78
236 80
272 211
157 175
260 22
188 119
208 44
21 113
103 264
11 108
130 286
32 39
225 100
123 275
53 237
184 79
281 159
92 97
274 147
89 296
218 9
295 294
31 85
203 204
155 166
262 277
195 6
4 184
166 209
91 131
280 191
200 39
201 110
195 169
201 95
222 48
111 192
71 187
47 163
167 262
187 231
22 98
10 81
261 22
218 287
213 62
237 283
287 121
235 24
224 124
222 55
35 38
137 184
41 98
275 80
263 7
87 188
28 50
162 262
11 75
23 292
47 59
36 126
239 192
59 235
233 101
289 87
164 218
254 160
186 10
277 283
28 276
283 61
51 285
217 110
183 142
219 256
11 271
63 284
288 38
36 73
256 10
103 294
112 291
233 52
294 23
298 157
206 163
239 86
224 84
69 155
197 97
191 125
102 247
234 131
271 130
103 222
180 143
27 259
50 218
248 76
258 7
119 258
250 261
182 18
296 56
293 92
258 123
48 128
211 12
29 77
168 214
281 62
33 120
31 217
94 169
208 149
130 296
36 182
291 49
21 179
37 244
5 86
119 268
140 232
82 222
213 179
265 39
77 87
290 55
247 31
144 214
194 88
203 192
119 245
53 187
208 43
273 67
236 10
290 201
108 137
127 203
66 206
137 217
214 57
206 42
25 44
261 0
128 156
139 154
214 61
160 247
291 6
15 149
262 33
33 179
67 272
88 182
25 199
144 207
236 47
135 212
131 235
2 42
38 191
12 146
240 150
120 133
234 15
243 111
74 134
0 79
5 49
247 109
52 122
267 205
193 266
34 249
294 68
37 101
210 190
207 205
0 57
96 237
211 90
172 279
34 272
210 266
37 96
221 92
112 115
198 23
213 276
254 281
215 49
24 234
255 59
3 77
101 273
55 58
242 24
129 215
124 150
280 97
140 161
299 10
248 280
98 175
139 178
258 67
43 101
116 172
135 160
10 163
230 112
142 211
103 131
43 45
292 89
265 47
93 185
239 36
272 26
158 296
44 109
81 267
82 156
205 111
23 104
103 124
53 224
169 225
34 48
29 69
234 145
9 29
0 211
255 49
66 261
27 235
84 286
132 177
201 145
240 16
184 153
22 149
22 287
48 226
246 252
35 190
0 143
298 164
16 184
88 216
47 258
293 78
297 17
173 230
207 51
144 252
226 88
22 119
137 292
271 110
7 21
143 161
95 200
251 30
156 159
182 1
50 295
104 226
139 159
245 299
19 90
40 45
201 64
4 293
287 101
20 27
44 240
109 161
206 289
208 20
99 199
178 287
260 144
99 169
169 250
235 232
16 178
64 139
182 76
230 88
108 263
65 146
265 178
288 253
293 158
219 101
245 131
194 192
183 149
46 228
5 274
161 277
175 295
165 293
215 19
56 90
249 86
59 287
172 252
172 216
167 263
25 258
237 161
251 154
121 285
0 259
85 133
165 182
199 78
14 107
258 167
253 172
274 61
94 283
0 61
24 140
56 144
263 105
133 166
294 159
266 181
272 148
214 167
105 151
112 113
34 269
280 84
255 66
214 232
197 7
188 150
237 73
21 62
252 262
13 195
47 147
24 145
270 150
237 166
250 159
11 163
288 178
101 296
5 276
55 238
229 188
211 121
176 279
272 54
135 137
21 38
275 42
296 36
258 49
127 178
55 73
102 167
114 283
205 159
11 109
208 93
235 8
91 230
248 125
35 157
157 240
121 163
8 82
258 185
20 282
128 276
68 183
127 251
90 159
38 119
30 206
145 165
195 97
265 93
26 213
138 298
253 6
236 110
184 168
5 52
205 248
163 264
35 85
90 220
226 24
27 62
243 114
8 293
35 71
234 19
52 243
233 165
4 31
209 241
48 140
112 119
1 201
168 296
7 99
1 117
36 295
32 44
233 89
189 55
66 201
84 276
27 31
212 30
288 136
282 158
236 177
139 165
18 168
187 45
275 106
80 116
79 211
42 136
142 223
65 168
257 99
21 182
189 261
98 143
171 206
23 50
179 262
206 278
228 158
265 157
4 145
263 95
199 57
265 55
20 195
130 131
11 170
38 131
184 118
34 119
133 248
13 72
223 8
52 241
138 289
153 297
199 12
199 112
40 230
257 106
277 237
277 28
197 147
96 178
55 106
121 186
25 166
1 18
257 158
16 51
23 83
78 119
290 71
274 290
205 2
13 205
74 233
78 203
21 101
71 96
194 160
83 235
88 143
97 104
88 258
204 152
94 179
190 119
251 100
262 43
27 97
30 80
183 23
109 220
294 151
34 167
128 165
153 266
47 83
35 246
43 85
149 159
168 238
68 95
63 137
195 65
13 61
128 149
107 168
192 153
60 89
188 266
130 173
217 241
28 41
261 152
60 90
239 156
241 133
180 38
284 154
286 70
277 122
12 74
219 71
26 109
274 0
33 242
224 5
1 262
52 146
246 17
264 67
254 280
105 172
294 21
261 85
210 120
17 44
90 256
279 166
234 155
27 123
291 2
18 40
85 244
252 188
221 245
218 8
104 293
135 162
272 108
226 270
69 282
88 130
228 165
167 218
279 159
240 206
210 15
188 8
241 232
22 151
130 132
171 226
246 51
69 75
15 227
173 251
25 78
135 141
138 178
155 260
229 184
177 291
123 183
92 169
164 201
54 209
283 154
34 90
189 222
59 277
177 273
182 70
257 31
9 103
289 39
261 151
139 225
110 230
259 55
44 270
286 63
45 113
125 269
98 103
262 158
121 220
47 57
225 82
204 110
83 160
255 278
7 137
6 254
8 286
199 177
158 249
297 83
250 132
123 129
64 216
228 169
234 128
295 114
65 151
272 49
71 111
87 298
246 15
151 256
294 292
66 115
14 76
127 184
276 3
78 226
45 85
84 208
1 137
274 15
70 283
168 185
59 72
62 73
78 112
23 110
216 83
203 181
64 164
281 43
208 12
272 249
282 139
255 42
58 132
214 3
13 189
275 161
213 134
29 146
209 230
17 74
119 183
133 190
267 150
251 153
46 130
169 252
225 208
79 293
24 42
133 272
266 45
151 275
38 101
196 52
246 102
126 193
3 213
208 162
116 277
278 55
82 113
260 113
39 75
75 274
267 98
222 14
245 109
86 201
97 254
202 129
187 145
23 268
32 74
161 261
45 130
48 179
12 247
51 216
195 71
145 286
124 284
18 181
192 256
247 73
29 126
232 34
121 249
233 182
144 170
274 200
191 18
98 139
57 249
269 58
171 297
83 176
286 237
186 240
200 20
247 142
40 57
1 61
154 202
0 58
239 155
114 217
250 34
218 170
41 186
281 30
183 34
115 256
210 118
75 259
236 214
77 195
288 222
261 150
163 272
216 5
185 154
261 140
277 147
236 239
214 281
216 63
78 265
199 167
239 133
135 136
90 119
17 83
23 299
98 265
173 277
160 214
63 147
131 265
45 168
226 160
106 233
80 130
294 270
185 92
228 159
33 53
42 104
224 75
167 233
259 134
273 33
197 56
109 243
1 105
255 218
16 138
12 245
53 216
45 231
105 290
181 35
90 121
148 200
164 254
139 294
243 105
218 20
34 155
40 220
277 35
218 135
19 132
88 157
164 213
184 219
79 105
253 51
195 88
222 43
244 5
98 108
94 96
198 296
296 29
54 233
263 186
0 213
36 47
279 42
277 11
7 108
222 142
275 103
143 264
181 10
12 187
170 183
70 139
263 69
266 26
99 162
295 154
227 133
242 130
188 60
288 6
90 133
3 38
238 31
67 115
254 253
5 123
260 78
101 196
125 260
244 260
91 216
53 161
49 187
298 107
228 180
59 115
243 7
18 176
113 178
118 182
183 284
68 88
266 122
9 279
10 31
102 128
31 237
21 258
22 26
77 145
216 178
33 84
90 153
191 124
238 241
145 202
28 163
35 176
48 216
228 218
42 44
233 161
275 110
218 77
249 88
180 100
225 11
117 204
3 241
5 239
69 292
80 113
73 151
192 34
195 68
4 76
42 210
229 199
54 133
5 227
228 27
0 112
271 82
267 61
237 15
202 155
64 202
255 68
67 76
223 47
64 241
29 76
72 121
116 181
29 157
32 217
183 154
32 61
75 133
237 24
203 243
61 68
146 155
287 208
159 290
107 166
184 130
62 102
204 99
224 50
254 109
104 113
125 256
103 215
289 256
247 286
251 254
83 240
244 118
232 115
215 66
188 90
59 233
51 73
262 266
61 160
276 112
185 122
276 8
65 224
76 168
197 33
285 166
209 186
249 125
88 222
24 33
20 112
163 284
93 108
260 18
95 163
149 259
185 86
298 182
8 196
40 69
91 117
44 164
30 140
257 179
72 87
65 276
284 8
264 71
86 224
173 299
171 272
220 116
234 109
134 150
37 158
204 296
68 165
290 285
74 164
232 129
210 72
70 137
129 211
17 73
230 20
230 119
11 45
6 22
7 50
31 79
213 43
281 143
285 289
55 208
75 175
196 294
111 150
234 116
152 186
134 226
259 31
75 195
53 254
299 79
269 164
104 190
38 169
210 152
272 298
244 13
221 228
18 163
98 105
84 257
107 259
293 19
281 117
66 293
199 58
36 61
89 145
180 146
228 174
25 260
294 64
31 285
89 133
91 177
200 44
63 276
36 65
197 4
39 280
298 259
124 201
161 274
202 146
238 47
107 206
275 78
242 150
152 163
200 49
53 294
68 153
89 140
277 76
67 87
194 168
173 210
188 175
203 178
107 208
1 181
102 184
115 236
56 262
299 107
232 223
276 184
71 85
271 217
220 235
214 231
67 79
240 46
192 163
6 246
11 185
36 152
292 131
60 84
43 217
59 101
255 217
219 207
185 179
26 253
184 277
82 157
235 160
229 74
61 189
55 62
34 131
244 269
184 68
52 186
268 73
251 68
296 193
89 119
18 55
299 27
53 90
66 77
242 89
82 98
25 59
23 260
250 15
188 112
6 123
203 125
194 94
62 200
129 287
216 56
242 240
239 68
9 296
51 60
71 218
147 183
229 233
44 154
180 14
289 173
299 113
33 107
137 166
81 156
129 181
5 46
163 296
190 184
82 108
33 103
233 141
276 77
6 159
255 4
108 268
138 207
32 192
260 222
195 54
37 104
152 287
243 104
157 295
9 28
208 77
119 290
260 174
25 49
38 145
122 174
208 99
13 74
144 182
61 257
233 60
32 116
278 101
257 290
16 176
166 196
155 161
248 293
212 106
230 141
1 5
233 231
192 70
174 299
137 187
150 192
28 221
67 70
273 186
246 73
10 261
101 163
195 278
212 112
219 227
69 196
39 82
260 95
198 140
131 210
120 219
54 220
206 127
247 176
76 169
1 251
236 109
141 175
229 135
274 73
280 168
145 228
28 159
86 109
206 174
6 152
79 204
144 165
237 145
70 193
285 252
78 176
217 290
66 155
199 143
287 283
296 88
232 41
196 170
101 178
155 249
69 224
143 195
256 171
115 233
231 166
254 170
21 174
263 77
196 176
50 101
68 204
155 177
161 185
143 272
217 125
190 286
201 152
120 270
221 42
234 93
135 277
154 252
87 294
222 241
128 223
157 263
120 292
16 123
201 176
215 51
285 47
167 183
234 266
57 82
293 228
16 192
273 230
197 90
110 147
74 98
114 198
256 242
240 200
29 222
194 268
6 144
197 27
80 235
84 201
291 130
127 180
83 140
172 201
122 261
165 236
157 237
120 175
205 73
239 158
117 247
89 220
25 97
70 273
132 221
23 210
215 219
200 174
225 31
1 169
20 241
94 226
93 159
210 125
98 152
34 76
37 157
106 158
15 257
256 215
57 202
14 44
159 280
106 200
292 104
154 169
5 99
129 194
62 98
58 99
291 136
232 181
255 98
203 248
277 13
143 218
261 33
56 123
121 276
271 43
56 88
193 165
14 298
262 274
65 160
26 183
213 294
207 1
74 87
260 19
200 46
57 169
61 113
218 100
152 298
285 143
275 264
67 169
24 275
7 246
166 207
35 93
199 20
25 222
290 107
36 286
180 158
5 132
197 51
265 189
200 10
1 59
26 125
172 231
109 120
210 75
38 212
76 90
91 249
277 289
157 251
277 8
214 97
238 195
259 10
136 251
61 121
282 221
174 194
41 97
238 1
214 25
173 256
34 132
73 97
166 201
259 49
225 1
142 278
106 290
0 65
189 108
42 169
87 207
200 81
23 185
230 62
95 297
292 24
74 199
192 1
9 50
41 214
257 64
28 253
198 146
284 110
108 251
293 116
51 201
279 258
288 17
90 287
113 226
64 121
51 98
241 162
111 251
127 185
1 22
34 98
152 215
74 258
176 207
121 185
224 49
296 30
93 240
262 117
219 283
152 251
210 59
75 140
32 244
47 178
116 299
156 191
45 265
237 136
130 143
28 114
80 122
226 62
2 253
127 274
124 293
42 132
226 178
215 6
267 42
135 203
56 136
111 145
181 195
44 225
234 157
25 136
254 129
32 80
20 146
225 46
86 135
214 174
33 79
261 267
145 167
24 236
201 171
168 255
194 54
256 47
185 202
283 39
243 9
143 247
287 75
201 73
5 161
19 298
111 263
261 163
194 245
265 123
46 155
67 86
49 216
77 235
131 287
55 179
223 110
201 46
210 164
83 92
5 97
23 137
74 131
204 155
171 246
215 133
83 178
247 97
20 256
285 64
265 297
215 68
222 104
106 194
15 102
274 57
228 133
64 91
248 111
144 205
117 279
78 216
295 217
13 153
138 192
241 91
251 244
96 227
16 271
58 271
244 295
24 131
264 144
262 151
274 221
66 295
201 273
57 105
278 138
188 131
260 98
193 94
58 221
284 287
19 22
267 128
81 124
119 218
278 65
225 84
195 284
18 29
46 231
258 215
293 183
39 152
89 187
211 191
16 93
254 33
64 111
262 259
292 262
126 243
169 231
7 225
112 281
186 141
75 108
81 298
22 247
294 12
126 294
138 275
7 228
29 266
106 149
294 115
294 211
112 189
68 105
29 70
54 125
220 273
104 269
51 163
94 108
228 26
51 126
194 77
60 148
193 60
21 288
237 107
233 39
10 46
256 42
200 222
253 261
77 253
134 137
138 249
252 33
257 132
73 139
281 176
109 284
145 231
138 212
57 97
84 175
229 101
284 22
33 89
117 124
282 132
209 251
270 12
93 97
266 166
86 200
145 282
98 289
213 31
69 245
88 89
217 120
121 242
100 126
211 227
295 152
271 96
35 164
113 190
35 221
183 144
146 296
163 222
228 156
199 161
214 4
67 147
80 279
226 165
243 240
80 188
235 150
108 180
48 268
295 13
180 142
71 247
58 73
231 112
186 142
211 63
2 7
226 151
256 52
57 115
266 142
273 37
17 191
256 14
234 69
273 187
13 84
49 162
292 195
120 290
33 156
109 267
244 152
20 152
126 298
27 91
39 124
24 64
137 243
7 42
221 36
117 297
152 200
10 110
196 286
253 64
255 96
218 12
282 80
206 161
153 262
204 97
268 283
97 275
31 142
73 113
68 171
71 294
66 289
212 266
293 154
197 160
268 106
174 202
61 293
59 185
156 285
273 48
43 112
271 282
199 225
0 209
163 237
128 162
119 233
80 213
233 73
273 5
186 188
259 253
255 158
66 213
166 245
203 2
259 197
269 84
262 150
248 130
89 169
135 178
52 294
33 205
72 198
25 40
202 191
298 39
112 243
272 262
137 192
156 167
240 34
85 262
282 162
20 120
113 257
238 54
90 176
268 166
282 56
227 145
214 153
43 67
142 274
217 144
16 188
53 221
71 209
144 223
17 253
116 256
18 278
295 246
242 195
237 144
269 18
244 197
146 175
275 153
162 277
296 162
211 28
20 201
15 142
93 267
236 93
122 284
195 114
252 21
233 80
291 164
17 296
283 264
217 191
180 192
217 59
275 25
283 21
31 127
146 170
214 58
199 119
283 210
262 53
250 168
260 120
243 118
187 260
73 154
163 225
21 260
14 95
38 106
176 185
166 203
153 288
260 137
222 169
27 59
189 84
13 294
96 269
59 284
288 276
71 172
39 77
26 230
48 94
11 107
168 284
292 165
79 217
230 143
139 212
138 186
244 71
67 111
220 24
123 293
214 127
283 131
105 245
4 276
271 106
26 134
79 93
99 131
17 277
146 223
228 62
122 240
215 73
214 86
209 61
113 295
222 96
227 92
143 178
283 293
159 194
141 220
103 286
268 21
181 234
112 198
27 137
86 196
115 204
48 240
103 207
201 232
13 31
147 195
292 1
281 92
43 104
91 285
227 115
236 210
280 18
37 139
48 289
247 15
224 79
80 226
267 44
289 143
239 21
209 55
249 287
234 269
188 135
79 283
246 137
210 19
32 186
166 178
282 81
211 126
19 169
214 84
102 112
230 239
42 191
26 240
114 156
251 39
202 18
1 78
120 212
85 259
182 81
3 291
234 242
266 117
114 160
33 209
285 28
191 81
106 211
193 173
62 190
14 145
288 283
226 216
47 192
143 174
261 27
269 68
189 147
9 240
115 116
4 55
198 174
237 298
224 181
202 111
202 43
26 147
38 70
36 134
176 258
107 114
217 150
98 144
51 95
175 294
48 276
287 138
193 201
58 139
71 245
28 135
200 292
52 153
264 1
66 298
36 259
36 234
108 279
55 78
117 259
274 80
262 180
187 141
107 238
237 278
201 156
244 173
298 103
54 177
210 162
222 285
108 155
245 73
240 134
52 81
165 230
94 247
135 232
219 121
36 153
152 294
160 269
198 249
194 240
16 254
19 274
283 30
21 145
276 258
187 278
287 76
126 212
3 185
105 214
48 53
4 124
103 139
296 70
51 230
180 119
286 180
1 57
220 295
127 209
59 69
180 70
297 113
46 282
284 10
32 155
290 135
292 91
52 133
263 47
57 138
268 183
129 298
249 120
26 42
213 275
136 286
2 12
154 162
285 5
94 153
286 0
82 298
7 270
285 251
224 46
79 88
132 230
48 152
199 281
20 236
227 82
141 215
116 283
67 269
79 127
229 212
50 57
240 291
288 11
230 217
119 164
174 180
49 189
59 208
77 229
110 237
80 229
60 271
251 112
190 288
249 240
140 213
155 238
1 104
26 55
95 191
231 178
59 138
240 191
185 274
257 58
146 204
48 131
234 115
196 298
42 260
4 70
39 236
227 170
234 52
30 217
254 239
144 263
13 270
284 137
111 277
197 297
240 148
107 123
39 205
187 219
257 265
196 104
58 246
256 290
188 17
226 97
1 96
265 212
64 291
33 169
79 141
137 282
253 135
222 90
100 254
21 123
196 257
278 28
257 161
70 281
254 38
70 204
293 102
15 56
36 205
254 173
288 226
125 184
33 217
86 267
75 180
1 161
8 240
140 254
99 226
52 54
75 221
295 242
191 43
51 123
38 247
260 139
7 61
199 53
256 19
30 171
294 59
50 244
283 99
59 182
224 168
11 146
41 84
224 0
2 120
43 126
277 74
216 288
257 4
169 237
291 40
296 5
27 127
157 283
113 298
235 106
85 138
158 241
41 280
0 194
201 195
61 282
275 165
41 215
203 175
128 229
243 147
5 122
214 45
135 258
26 297
121 234
102 188
232 124
51 159
243 135
3 89
296 287
196 215
55 201
20 135
135 186
109 159
234 4
184 136
242 147
285 157
210 90
42 125
70 105
188 156
84 147
149 181
4 266
138 260
21 83
203 210
275 0
229 298
15 172
288 84
28 232
298 249
189 275
140 257
191 139
192 35
268 29
163 165
294 190
95 177
10 19
217 108
23 282
13 260
74 146
283 153
288 77
148 171
106 236
91 228
58 192
184 235
237 61
18 131
280 111
280 34
220 85
27 249
22 88
35 99
14 142
138 181
266 68
296 119
220 75
98 209
270 51
59 246
143 209
156 259
119 189
185 203
95 259
22 236
97 144
59 110
218 106
19 269
85 231
47 250
41 243
213 216
231 4
267 91
59 117
96 126
165 282
73 152
33 131
35 232
66 196
88 135
120 199
90 106
44 128
70 104
276 89
65 77
42 112
98 171
276 41
31 51
44 77
64 277
212 23
228 107
247 54
40 249
294 81
89 271
111 267
230 198
268 291
24 63
259 278
242 165
95 146
233 154
255 151
83 217
261 75
267 75
204 16
277 68
237 246
194 200
279 298
176 276
7 180
299 118
284 176
291 150
228 23
94 215
183 76
289 81
93 223
25 139
51 157
109 133
190 189
269 65
201 287
67 198
274 64
106 120
242 140
251 80
10 167
6 106
63 123
265 56
60 246
232 31
197 53
67 136
82 292
162 272
41 183
262 102
36 230
234 256
47 72
266 51
285 11
259 290
15 278
42 285
107 225
107 287
82 143
261 114
232 76
297 0
268 122
108 246
55 175
121 199
268 94
31 200
165 299
37 280
223 102
58 164
263 68
162 287
242 6
252 63
207 99
181 117
208 87
274 170
282 208
141 209
293 90
270 65
269 243
88 256
116 158
270 84
67 165
217 182
32 131
208 29
245 258
227 141
274 107
8 214
232 298
122 229
218 184
236 277
158 175
4 212
112 214
9 282
297 139
270 144
92 131
35 203
77 176
299 58
46 268
248 94
124 294
271 129
184 77
53 87
93 224
3 294
244 140
202 182
215 45
60 230
135 147
45 133
26 256
234 235
24 202
231 223
113 169
57 231
187 177
46 137
156 169
194 40
196 49
278 242
89 116
239 92
192 222
15 270
30 128
206 131
212 24
66 235
29 204
194 215
105 178
203 58
64 108
283 111
94 267
152 184
90 169
97 103
278 135
296 97
53 227
14 169
184 107
124 192
269 71
112 176
194 89
275 96
118 233
76 112
289 121
228 209
4 258
234 289
29 151
296 2
292 115
122 132
259 146
86 140
95 132
124 173
165 168
241 128
102 161
2 141
237 65
286 39
29 193
0 56
195 231
14 102
178 278
232 93
260 267
81 148
213 143
204 151
22 220
56 140
189 36
193 5
98 204
49 107
276 107
105 125
249 175
2 294
197 118
33 202
142 154
248 79
51 143
215 43
56 139
293 58
80 166
140 195
128 141
179 198
277 189
10 36
241 205
137 271
186 234
67 135
222 117
217 109
124 174
50 259
46 284
0 285
275 172
25 127
192 11
255 109
52 53
61 140
67 215
38 148
123 267
31 221
14 179
35 94
123 170
32 121
247 131
111 242
257 92
85 168
136 272
42 250
73 77
247 138
80 140
33 118
47 116
265 151
140 275
68 129
290 244
197 74
127 208
18 130
238 277
223 225
168 195
64 147
3 99
1 223
158 208
248 49
141 203
278 92
13 63
28 73
85 167
36 246
238 13
79 215
17 239
102 278
59 156
58 242
171 265
68 231
209 144
98 269
92 99
161 169
268 39
275 177
230 169
209 140
271 34
210 168
285 206
23 113
218 62
203 44
0 290
42 167
51 106
183 267
189 250
10 95
75 279
186 178
163 251
188 273
7 250
93 100
126 284
18 122
58 255
221 43
50 84
60 64
297 123
42 137
63 281
75 130
217 141
140 151
23 140
192 143
116 226
46 186
19 126
203 126
236 141
276 66
113 202
88 151
121 278
228 125
212 22
207 157
258 26
270 299
108 122
195 85
279 50
271 44
200 154
162 195
38 143
230 172
247 241
48 232
262 146
9 132
188 118
4 33
248 12
46 189
27 124
38 151
245 78
13 257
42 43
85 159
250 87
209 95
70 87
197 65
17 25
297 19
234 80
24 290
236 46
3 50
205 112
162 169
154 280
184 296
33 67
76 283
62 127
180 23
61 129
270 227
91 258
210 202
188 101
69 204
49 233
251 85
9 149
289 245
277 150
195 69
101 253
52 140
269 106
290 76
32 37
204 126
70 256
137 224
66 89
188 106
31 160
172 256
196 219
132 285
161 265
101 157
10 79
69 92
38 213
82 191
261 99
109 110
175 190
147 216
114 187
78 79
228 140
185 2
233 166
79 149
30 86
237 149
63 279
201 5
259 86
223 79
111 220
60 75
133 151
47 227
12 225
11 93
134 138
290 241
212 28
207 65
124 219
257 74
190 73
42 228
254 155
112 181
244 184
122 247
38 274
0 49
101 288
18 293
189 157
7 109
277 33
52 118
194 67
163 207
45 116
10 63
260 7
180 254
276 109
144 173
29 159
222 59
196 95
0 8
180 10
31 102
108 130
247 111
28 259
96 119
107 158
255 91
148 155
99 111
10 214
254 264
188 58
270 251
202 118
60 104
202 158
142 191
246 44
291 23
271 19
24 283
41 273
207 32
40 282
40 160
30 240
205 208
294 215
290 171
226 239
9 72
167 295
86 168
193 166
41 164
222 106
77 249
78 162
33 38
96 122
195 266
245 44
184 242
223 155
299 213
210 268
38 229
230 19
130 283
171 274
80 164
183 9
279 135
188 189
57 192
297 167
264 179
224 139
121 284
41 86
4 146
261 158
95 138
226 149
185 37
284 279
163 279
57 129
299 4
111 114
277 78
1 144
288 154
33 157
294 167
109 263
95 267
248 92
5 141
249 172
268 167
110 273
124 227
195 41
63 261
47 50
295 124
287 65
74 274
270 16
156 250
240 71
51 66
117 172
153 250
244 47
170 284
153 235
119 142
25 220
219 84
55 296
76 154
251 55
222 253
247 170
298 294
259 127
211 180
0 148
107 270
204 239
162 220
39 256
56 173
10 102
265 37
42 160
62 119
199 272
77 293
10 293
87 215
155 282
209 24
146 206
164 196
13 126
57 173
235 56
200 203
67 216
124 180
188 247
249 267
265 25
21 207
182 247
72 262
255 53
36 136
299 123
243 81
294 98
230 157
180 144
13 122
96 285
233 51
256 142
230 69
60 262
64 178
177 260
86 275
265 124
94 171
255 111
76 133
219 18
230 68
274 21
24 113
290 155
224 14
198 173
48 85
196 183
246 145
279 12
73 89
209 222
21 40
45 295
121 174
296 50
109 174
242 132
48 188
57 265
4 179
256 77
155 168
287 234
40 72
202 105
93 216
246 43
114 140
93 228
28 165
191 155
68 159
247 168
60 159
129 195
140 220
184 13
26 203
28 238
188 121
259 144
15 129
297 82
6 118
176 251
192 298
286 284
13 62
188 259
65 210
202 153
256 13
161 189
233 30
133 292
242 35
9 289
182 212
123 263
266 222
56 137
129 212
65 107
291 270
84 96
22 24
253 16
236 119
278 74
232 49
171 218
269 110
52 103
157 219
195 124
51 287
205 296
143 253
27 272
252 224
249 114
54 68
152 199
16 57
8 122
185 174
259 284
31 288
249 169
190 82
121 147
140 201
64 127
46 97
231 153
77 147
295 12
12 98
187 116
8 209
73 128
271 86
190 169
67 112
66 72
1 155
55 65
202 40
52 223
262 273
212 231
9 220
178 202
297 72
8 23
64 143
274 281
27 247
291 196
250 76
133 235
32 274
105 241
12 145
267 244
191 243
140 171
120 176
119 205
69 171
264 43
256 128
243 3
21 169
261 244
171 287
226 92
274 114
93 298
205 16
190 148
87 209
240 36
211 154
273 129
19 270
213 283
47 212
193 69
204 41
215 220
33 54
295 42
14 139
291 11
241 292
269 135
171 196
236 260
267 18
204 128
241 246
296 53
210 270
53 165
240 173
285 153
191 239
176 238
70 153
185 207
56 66
94 284
94 258
74 159
157 281
203 207
11 127
34 203
226 34
180 62
258 218
103 151
54 203
186 123
39 291
115 179
278 22
296 64
126 231
279 282
27 51
76 274
122 262
72 114
275 128
135 199
3 135
151 282
101 274
88 136
299 62
137 206
91 173
97 176
15 68
101 117
262 286
235 230
43 137
98 170
221 131
250 241
163 294
25 62
214 137
297 94
105 135
293 149
137 273
65 234
244 145
250 129
6 110
133 285
238 7
279 283
273 138
63 100
254 175
48 62
172 217
194 185
86 169
210 85
197 15
200 47
240 68
32 259
4 34
299 209
222 278
116 121
203 110
9 165
216 174
126 161
6 234
259 276
214 67
183 39
84 244
214 87
21 217
185 151
184 45
174 187
269 202
109 282
103 227
24 158
70 189
144 166
199 215
241 46
169 187
124 288
214 209
288 171
78 144
227 179
69 100
19 245
239 161
32 176
218 256
83 198
4 172
212 67
186 83
205 89
96 163
189 3
190 53
97 153
254 18
10 113
295 91
259 54
188 61
164 226
130 140
5 114
1 119
232 40
285 267
233 259
270 11
63 107
263 43
11 28
62 231
276 11
287 3
26 120
78 154
29 81
27 275
33 264
60 288
36 54
137 286
292 257
57 153
29 207
0 226
270 106
120 177
179 281
255 23
263 146
213 235
139 256
238 251
289 244
11 171
274 211
221 168
286 282
256 197
186 225
180 55
290 225
55 227
233 247
225 51
295 169
44 142
286 298
236 1
168 273
113 218
290 34
206 36
61 276
94 241
46 67
284 199
217 266
177 193
270 174
217 63
196 241
291 287
144 167
129 262
114 278
4 58
201 168
91 268
274 209
108 144
166 284
7 58
269 107
3 23
47 55
269 9
277 118
121 261
40 43
102 254
283 146
113 176
224 6
282 174
212 92
148 196
196 231
265 4
75 268
70 81
52 80
100 128
267 154
112 241
65 251
24 82
241 108
26 114
192 49
175 279
274 278
25 88
19 253
258 48
7 51
204 48
231 138
60 296
284 14
232 109
181 106
180 259
59 207
233 104
92 254
72 113
235 107
253 7
276 275
238 170
7 274
47 278
181 95
182 140
29 237
149 248
224 4
172 238
198 299
198 57
20 221
157 296
91 222
7 145
24 171
18 65
39 175
13 73
246 115
109 229
285 148
296 109
265 145
297 240
85 91
16 155
50 83
106 288
149 231
188 128
202 126
173 279
19 242
1 111
244 264
127 222
218 142
95 150
132 249
242 55
2 166
4 147
230 187
12 82
3 40
295 51
278 134
108 226
46 172
49 178
41 76
263 124
193 27
37 221
235 89
125 168
90 161
10 232
246 288
73 155
297 16
76 178
47 213
58 168
116 199
237 5
292 159
255 126
85 216
263 49
247 293
285 265
252 213
46 289
253 39
96 179
122 123
229 263
239 30
99 102
260 84
22 243
2 246
298 186
63 109
221 12
218 174
248 47
92 157
50 276
197 12
291 175
252 52
69 124
90 156
20 247
249 66
93 291
21 282
197 215
158 265
262 220
190 152
194 36
147 299
289 42
168 268
192 253
83 165
45 115
225 174
52 142
211 290
6 44
221 261
224 275
19 102
134 195
264 127
67 250
9 219
250 94
112 126
216 244
271 5
13 91
292 218
61 108
147 292
207 216
72 120
240 209
213 287
263 5
3 106
68 196
136 197
43 249
110 180
100 287
234 120
214 55
23 36
59 114
150 247
216 177
21 190
158 272
76 192
261 59
163 250
45 77
107 175
60 74
139 286
205 242
201 139
109 268
249 104
2 151
11 114
292 121
15 256
27 211
143 147
88 210
279 28
128 187
232 32
257 39
209 262
165 229
228 13
196 14
107 160
279 213
211 72
258 22
60 128
220 5
189 158
72 101
13 117
166 288
283 105
137 277
33 75
267 122
290 267
103 170
250 294
43 261
298 13
91 99
210 35
296 124
31 148
67 294
27 263
61 244
213 89
9 166
175 224
269 211
255 116
283 212
90 149
113 127
259 132
19 263
203 154
54 79
207 104
256 0
67 288
181 190
60 134
237 129
248 260
246 233
8 91
212 50
14 82
35 293
231 18
223 103
136 218
295 115
198 182
45 99
286 149
276 190
188 67
202 28
213 7
36 45
143 187
193 72
210 78
128 217
19 237
151 153
120 285
194 45
258 236
9 178
222 122
3 4
194 265
62 248
40 118
4 155
188 198
87 111
63 96
142 282
298 296
68 93
151 182
281 14
273 73
155 216
261 52
290 173
59 132
153 249
185 44
252 23
296 259
46 70
220 95
76 148
230 73
263 131
235 119
225 97
169 207
233 122
216 75
6 286
39 100
198 125
72 281
281 184
237 250
93 238
210 58
123 261
23 274
188 49
23 119
3 133
208 169
42 100
231 69
204 95
194 173
124 285
47 188
18 142
10 140
247 129
52 56
271 66
274 103
235 32
136 149
48 237
111 264
211 92
228 110
256 162
90 118
213 85
264 189
289 71
83 157
265 199
245 136
97 147
217 229
7 24
16 46
122 124
29 183
45 286
260 182
81 292
24 160
22 210
207 33
229 104
73 108
22 280
230 138
135 201
254 101
223 0
32 215
96 254
295 121
264 219
208 257
146 233
107 182
83 153
111 241
59 165
32 145
120 140
185 96
216 20
182 115
19 226
268 176
232 113
39 217
112 256
183 130
36 250
186 99
208 157
176 193
121 193
158 193
240 166
195 24
295 250
94 197
0 121
182 122
34 166
42 212
3 29
205 108
145 235
10 168
35 255
232 75
53 189
43 170
263 32
235 1
204 34
293 25
183 120
231 98
152 246
130 289
249 146
128 278
180 234
200 128
95 112
26 208
284 129
275 98
179 282
276 298
68 134
23 229
40 270
80 215
259 96
221 212
296 107
16 287
189 220
129 290
154 231
261 45
185 135
106 161
273 72
229 294
60 211
13 131
20 168
77 239
271 133
264 107
200 93
2 266
68 193
165 177
42 149
251 167
30 199
60 270
15 238
86 156
207 161
244 119
148 286
22 227
264 140
212 71
65 101
214 120
7 220
10 199
25 243
0 122
195 17
274 10
70 115
233 0
267 67
215 151
63 246
271 27
205 75
204 122
164 279
259 59
153 185
72 218
263 40
139 195
149 186
46 106
