27 370
269 369
85 247
38 147
42 70
131 221
172 319
136 319
133 260
209 282
388 207
239 358
0 343
389 62
325 328
122 266
62 267
31 137
51 367
23 231
172 382
30 34
0 340
89 119
318 361
303 384
167 271
168 315
24 161
5 228
74 355
242 326
185 238
113 373
60 85
19 386
237 326
63 299
353 372
57 136
269 284
53 230
163 284
233 399
17 382
323 346
18 194
115 250
53 399
91 281
107 178
173 252
85 322
69 74
204 334
18 232
168 340
86 120
348 359
91 289
17 219
296 314
110 384
116 297
386 240
15 245
385 97
61 266
176 225
21 379
68 196
171 311
92 297
24 295
57 102
103 136
84 154
78 195
65 327
37 302
36 226
78 162
399 250
294 324
394 280
104 113
395 337
100 236
103 159
53 260
74 161
202 213
2 333
47 331
158 392
123 379
92 267
32 90
44 99
76 272
398 377
213 335
216 255
186 362
187 328
13 365
164 357
30 219
69 133
14 161
248 261
225 250
188 286
191 357
12 146
215 280
203 324
255 285
80 173
15 197
173 327
95 150
124 308
240 243
60 247
99 217
8 120
395 97
390 83
113 395
113 164
264 321
274 379
221 244
172 178
224 373
257 372
66 165
59 202
28 55
245 394
109 167
272 371
184 219
236 239
96 216
26 174
181 214
194 203
145 174
93 316
200 369
315 350
24 175
389 30
161 244
14 45
206 304
103 371
88 399
35 91
27 166
40 193
149 180
59 174
244 389
72 93
53 173
177 398
100 280
157 257
373 380
145 326
230 251
37 113
290 330
109 254
94 111
52 312
173 200
17 185
397 348
139 242
331 339
56 70
18 220
56 77
253 344
332 377
210 348
214 225
249 304
67 267
391 358
64 274
46 256
92 233
61 391
148 283
3 121
7 180
309 383
45 358
20 230
339 371
28 70
113 355
179 186
125 308
114 211
15 41
113 323
66 138
51 86
19 248
139 300
19 170
218 373
195 239
89 110
200 324
214 327
399 375
26 318
119 379
259 381
204 380
233 275
29 67
183 229
394 242
43 138
3 269
110 185
180 301
234 242
390 213
72 147
45 50
324 368
145 153
47 242
43 356
111 171
165 303
62 318
144 263
57 265
392 62
77 193
4 77
394 52
178 181
341 367
387 238
55 161
36 272
148 250
248 350
27 195
394 21
25 326
315 339
397 199
21 201
66 169
103 304
161 283
40 180
38 243
31 279
164 267
115 258
71 215
199 320
216 296
30 32
24 162
33 322
209 284
172 321
15 91
66 321
95 361
231 258
121 140
87 189
96 99
10 334
245 251
297 329
87 240
207 220
45 262
215 283
307 374
90 297
49 127
59 315
50 394
0 363
61 104
399 187
168 363
107 377
140 266
270 306
2 265
249 385
277 359
179 371
398 232
123 334
74 254
21 157
4 199
21 65
399 4
244 287
188 228
44 100
205 235
150 313
65 235
45 183
26 41
54 301
351 374
11 357
55 227
23 84
394 104
273 361
62 228
57 202
94 207
161 219
42 179
262 308
94 101
3 339
205 245
18 267
78 183
255 317
391 104
58 199
99 261
95 391
154 399
313 320
80 146
303 332
62 134
3 170
148 372
13 60
185 337
170 354
230 267
193 350
112 295
39 145
134 396
71 381
171 194
206 253
11 277
148 363
52 393
243 333
59 341
385 323
288 305
216 293
147 239
395 367
80 145
55 286
137 350
158 235
42 325
193 343
340 386
386 314
137 301
50 303
125 182
196 302
180 229
147 274
388 169
198 301
294 350
37 284
301 394
86 343
337 338
93 294
144 173
42 59
11 397
181 246
44 210
90 226
81 176
387 236
111 382
236 251
112 275
201 305
195 304
89 262
180 276
386 75
18 101
51 274
16 139
60 309
215 249
159 177
58 312
281 340
16 306
127 147
32 376
337 350
177 202
131 342
50 196
104 332
149 182
207 242
386 225
138 389
288 334
264 359
73 310
386 186
207 391
18 85
0 246
99 286
82 288
53 365
35 186
85 274
237 311
218 315
70 356
354 396
14 36
339 363
170 193
5 265
188 334
182 291
264 368
329 349
41 390
50 260
103 195
55 88
130 370
70 211
245 383
148 349
213 306
395 379
80 257
51 331
88 269
178 293
21 53
393 362
130 202
28 182
249 332
44 367
67 329
388 335
2 344
279 322
395 366
208 364
179 337
39 184
239 258
120 334
103 229
68 300
213 317
160 187
216 266
239 373
25 103
198 300
293 350
177 191
232 360
101 180
87 134
31 241
0 25
27 265
232 247
293 354
45 322
30 104
385 3
98 188
87 198
131 283
90 202
234 291
40 360
180 194
200 362
55 100
197 327
192 321
130 388
104 171
268 289
232 386
147 251
12 247
160 338
47 118
208 325
131 154
37 181
126 228
232 298
50 144
29 268
157 256
191 256
12 168
280 301
100 127
26 80
135 234
305 351
123 320
182 230
129 353
278 368
87 387
196 358
57 208
295 332
102 162
40 279
179 392
55 238
165 187
204 332
114 186
92 379
192 277
98 144
128 310
390 199
283 323
238 308
211 322
80 216
24 97
116 125
57 271
6 288
27 169
126 158
79 222
333 377
53 63
175 329
101 213
117 251
68 295
108 159
282 294
391 254
168 221
187 226
206 283
84 239
70 95
104 276
40 281
20 361
49 62
99 189
105 294
149 239
287 349
232 355
251 343
330 345
54 217
190 346
181 190
157 208
264 290
204 304
295 398
25 266
9 130
96 321
31 162
336 365
4 12
145 338
17 320
187 275
267 391
102 267
172 284
40 100
135 295
173 359
156 288
94 289
192 396
113 352
170 390
71 353
64 166
89 126
36 164
118 355
317 368
71 199
327 340
141 153
393 46
60 182
88 276
19 364
228 308
260 336
191 379
217 280
4 204
252 390
207 255
113 294
101 203
162 167
198 229
200 218
361 395
128 230
129 347
3 18
134 319
107 207
395 190
118 396
130 153
220 258
75 77
394 207
5 387
169 184
125 393
391 328
296 396
25 354
399 177
200 309
30 322
134 160
243 304
3 217
100 115
87 102
117 385
35 226
286 388
100 208
387 57
59 183
228 394
385 139
84 107
189 276
64 162
235 272
64 119
28 242
66 239
96 310
127 351
31 228
108 204
65 232
47 303
112 386
183 382
297 365
212 347
280 295
12 136
27 285
69 96
285 314
91 206
358 362
50 103
121 192
66 327
329 332
239 390
52 114
241 311
12 299
151 184
37 384
151 335
239 376
9 175
393 19
170 291
155 206
304 387
14 229
119 275
139 382
287 333
301 372
229 368
216 247
69 154
59 207
1 115
122 328
70 254
13 186
32 91
179 230
276 353
120 308
326 390
241 334
135 201
115 272
189 331
228 285
91 98
290 303
109 169
42 365
106 129
118 235
129 250
95 201
29 355
293 387
112 343
88 316
35 118
360 388
83 383
56 74
309 345
389 118
298 382
319 382
194 249
369 373
303 322
3 263
158 307
6 162
28 109
281 286
238 366
232 241
252 399
19 89
306 369
201 339
124 357
303 383
40 365
57 363
389 69
385 164
34 63
131 152
28 62
141 306
129 372
323 368
189 216
135 368
83 91
142 387
54 230
187 326
399 266
4 224
389 173
26 387
18 61
168 366
47 184
318 326
360 365
56 63
39 185
171 236
193 360
55 188
139 304
77 129
195 234
242 387
29 169
48 264
76 339
186 270
0 74
204 238
151 387
399 360
176 362
52 187
2 251
130 193
8 95
364 396
4 393
161 177
195 285
16 200
171 249
195 226
135 238
115 209
265 377
238 307
85 138
126 316
130 312
15 268
72 399
217 378
74 193
49 172
20 359
201 333
394 141
25 195
3 118
98 238
286 385
190 303
285 384
284 358
91 265
70 216
54 157
241 261
173 206
29 254
293 397
5 374
91 373
93 271
88 321
114 379
74 189
54 315
202 307
129 346
399 236
14 57
286 334
102 147
266 383
31 247
318 390
387 93
168 368
39 158
60 165
102 241
164 305
387 265
67 108
103 261
163 196
175 297
26 198
4 128
26 179
112 137
385 18
202 319
55 138
264 311
393 26
200 207
6 264
79 287
230 377
33 319
149 166
340 349
36 286
104 363
98 284
213 375
117 195
397 197
173 348
102 119
36 321
122 347
21 184
41 110
241 270
20 64
321 322
10 65
169 183
216 339
311 378
2 107
17 310
79 300
201 229
65 296
306 327
20 255
397 106
71 180
85 232
119 256
35 382
173 353
200 283
109 147
326 356
96 312
38 154
257 260
2 75
77 219
69 190
65 122
391 0
269 351
136 348
66 126
391 108
107 313
260 393
395 170
198 199
121 211
215 241
47 52
40 166
251 274
47 379
52 269
90 181
29 379
97 275
175 252
0 116
11 73
284 296
374 384
88 189
396 327
112 315
51 159
274 325
165 326
74 348
82 282
111 112
116 333
150 317
71 289
202 325
204 327
34 342
102 291
233 393
91 237
55 366
174 316
342 398
191 237
85 234
119 177
46 286
56 174
128 304
30 255
162 282
125 195
33 172
152 211
78 226
31 33
159 301
387 211
167 391
399 136
112 276
212 219
19 330
21 84
10 235
320 344
79 372
12 78
18 309
173 369
44 127
84 297
387 78
108 328
76 89
31 47
84 369
323 357
185 317
43 117
106 306
283 315
294 351
25 38
160 370
119 322
73 307
166 355
83 376
320 355
4 162
13 151
65 399
220 378
21 323
75 226
207 349
22 139
208 214
72 314
270 370
129 246
81 295
137 233
98 395
8 105
212 352
202 222
58 369
60 303
80 241
115 261
142 315
124 277
143 233
218 329
71 177
129 238
385 205
312 364
35 282
123 226
117 329
59 274
43 208
399 370
156 322
110 305
94 316
115 350
194 223
95 343
75 370
13 385
137 195
100 350
134 380
217 391
174 308
396 275
290 384
18 302
132 135
88 159
234 255
207 313
92 340
323 370
109 178
242 378
174 362
105 288
155 264
398 134
318 357
75 129
394 250
86 128
216 321
389 302
62 168
257 362
268 379
61 131
113 162
7 70
174 346
53 192
189 392
47 275
50 306
113 276
14 287
271 323
119 335
37 42
70 347
225 231
7 258
42 356
240 253
144 154
87 227
112 300
385 184
120 276
274 370
181 260
94 309
397 3
66 322
67 188
12 124
117 339
162 190
193 271
274 391
137 290
10 185
31 292
228 309
59 367
37 387
88 112
218 254
103 129
22 127
85 219
22 169
398 251
136 168
356 361
195 196
145 254
17 352
385 180
40 333
295 318
5 283
355 367
255 345
109 269
149 340
29 140
398 224
248 355
17 27
299 367
14 137
84 200
389 343
14 305
397 359
56 213
98 298
288 341
128 397
213 316
9 172
221 356
304 312
5 42
55 311
159 335
79 394
146 249
139 206
177 207
1 358
42 290
210 393
21 214
29 189
51 335
0 54
135 336
332 393
90 204
106 276
292 310
389 36
308 357
256 365
67 391
117 384
4 89
85 253
152 364
395 292
176 189
0 165
129 342
103 218
389 55
181 284
19 284
293 396
97 146
261 342
189 281
147 243
220 367
235 387
162 187
6 335
46 396
55 334
108 299
53 318
57 86
110 170
17 201
87 257
67 342
76 269
54 112
81 250
268 307
60 300
33 358
146 310
15 384
35 162
308 360
30 123
280 341
282 291
50 337
109 362
153 336
82 305
30 256
131 357
34 238
16 324
239 319
394 286
106 286
155 198
289 314
227 331
56 343
24 359
399 313
96 105
70 225
74 225
91 199
130 347
7 207
280 343
182 345
178 300
297 380
30 54
183 285
40 44
92 372
221 227
64 224
296 399
303 351
242 270
24 219
386 299
197 299
283 376
389 353
139 282
110 184
226 228
91 270
94 192
152 232
262 279
106 222
63 166
285 352
77 300
208 372
41 222
171 342
56 285
37 377
398 268
392 333
297 391
83 110
191 258
396 20
110 339
77 197
157 230
41 278
152 179
327 359
395 229
397 55
211 222
144 171
8 276
245 377
195 219
172 296
71 272
107 342
198 371
156 216
229 237
22 399
3 109
35 81
155 156
0 207
84 147
35 112
175 257
170 206
82 295
61 216
59 364
61 296
114 142
124 166
9 21
236 271
308 376
55 167
26 107
77 254
108 306
12 327
291 326
72 104
5 195
0 53
28 218
267 398
253 375
11 243
399 178
39 150
65 98
9 14
131 238
50 137
83 359
166 183
147 262
82 186
398 92
67 157
102 354
134 313
50 138
396 26
115 349
87 320
70 302
85 156
274 383
11 95
7 383
286 360
399 116
17 151
336 359
43 337
343 349
48 314
223 319
65 104
153 236
390 86
6 153
18 329
8 109
398 23
137 396
90 277
65 341
388 181
211 285
267 301
173 179
226 243
397 46
150 249
102 115
59 242
102 109
7 178
235 287
279 334
59 138
39 376
133 236
31 347
127 289
394 313
234 341
233 258
299 315
229 258
103 189
293 395
395 355
396 307
261 297
83 157
88 232
91 169
98 239
43 285
157 329
53 55
68 121
257 274
398 247
205 360
189 262
10 158
138 311
23 355
100 256
22 385
151 267
58 200
2 357
151 328
212 274
238 368
125 311
148 253
55 150
24 113
131 286
186 327
104 175
98 300
134 169
33 301
131 224
23 42
53 356
126 256
81 350
285 341
31 129
142 349
207 229
23 202
87 229
21 257
149 290
100 185
93 306
293 318
392 147
215 327
124 143
133 141
43 280
57 338
250 354
265 344
93 157
86 340
36 161
164 368
4 363
395 319
11 85
47 321
66 333
216 380
10 315
175 184
301 336
22 312
335 361
46 392
100 268
142 158
27 270
2 274
276 364
313 386
228 376
269 282
14 367
118 120
234 277
244 369
85 155
394 251
23 210
66 149
318 363
239 339
100 199
255 362
139 253
102 245
131 285
164 264
122 288
275 279
212 354
80 137
105 220
396 286
182 376
5 176
216 398
393 225
116 251
143 201
9 16
201 278
4 217
95 231
247 344
210 245
73 387
281 300
119 154
198 356
92 150
261 309
60 331
21 216
399 333
390 201
186 204
55 180
142 352
173 320
343 356
148 368
305 313
112 128
124 209
52 143
290 313
130 177
21 251
271 318
65 252
66 343
62 297
4 320
399 199
100 178
355 378
15 176
60 346
240 257
150 396
59 141
116 362
388 287
37 233
165 222
66 101
195 371
34 176
283 349
49 92
36 212
115 280
34 174
126 194
238 392
118 398
145 152
94 334
224 283
67 186
43 164
2 40
176 346
18 226
275 349
7 243
0 287
114 221
387 244
47 235
56 131
100 378
138 333
109 242
56 234
67 215
30 151
191 239
11 235
0 261
11 64
111 219
59 131
61 307
159 297
134 240
28 275
96 269
146 367
390 244
311 329
184 377
114 263
273 377
99 330
224 295
43 210
391 33
0 110
102 321
28 240
6 271
25 216
46 135
32 134
4 140
37 290
124 283
213 250
393 172
18 106
146 359
57 174
221 353
202 294
174 291
76 77
80 98
269 295
26 388
244 374
53 261
182 228
96 255
330 362
137 377
399 98
45 330
161 266
328 368
74 123
12 25
223 231
142 292
135 211
154 207
360 364
258 365
392 39
12 234
227 336
117 373
32 330
390 134
113 187
80 147
257 271
134 267
165 378
71 221
147 267
93 366
80 303
385 373
53 97
71 190
79 189
394 95
178 216
122 179
64 68
250 319
70 272
316 354
109 371
81 159
69 233
21 93
9 280
100 120
73 84
234 390
197 262
276 389
148 263
111 335
229 364
168 352
53 142
145 228
96 324
32 93
175 278
203 227
11 301
22 398
277 319
70 288
388 167
56 109
38 45
261 359
171 340
28 297
397 361
395 61
24 382
21 376
5 21
156 260
141 371
20 331
26 370
307 332
393 179
18 326
184 199
148 365
388 37
6 218
254 327
53 164
13 235
266 391
49 114
237 366
205 368
136 243
217 319
209 277
7 13
244 265
88 109
160 218
125 152
386 110
250 295
358 383
105 375
95 281
25 312
45 349
95 370
144 366
340 344
388 109
250 334
206 280
14 301
178 251
39 319
14 251
27 234
86 188
27 93
77 106
141 265
38 128
50 87
90 134
3 148
40 258
53 219
237 346
286 374
167 209
170 254
161 390
223 332
64 98
34 320
0 197
97 360
92 275
398 58
118 326
386 39
12 339
291 344
191 235
336 390
236 273
59 68
96 311
215 223
155 313
388 176
4 378
29 76
396 328
18 347
168 278
169 213
92 247
124 176
179 397
172 384
82 205
41 66
240 297
0 44
12 308
78 307
12 381
64 290
62 196
249 322
304 388
171 247
76 79
10 211
201 279
206 332
388 328
41 331
158 390
57 352
87 388
13 72
44 375
288 346
131 257
91 387
68 208
0 97
334 337
73 169
266 322
6 345
139 278
186 250
197 342
2 157
205 221
389 346
87 158
274 368
137 248
117 161
181 371
118 382
150 278
185 197
45 174
136 271
96 268
41 385
81 119
102 309
75 228
48 333
232 292
69 138
90 252
47 48
111 146
295 328
18 340
54 184
16 220
80 158
124 156
63 164
394 351
206 365
217 250
62 281
61 76
296 315
129 391
33 355
213 332
62 221
30 223
34 69
33 134
184 207
103 337
103 396
90 219
30 79
64 373
133 205
154 255
115 392
65 360
5 10
181 357
11 15
158 254
124 168
91 378
255 329
42 330
11 194
39 180
91 325
386 195
260 303
295 348
187 195
386 228
9 242
168 174
46 291
70 182
189 269
125 186
55 354
169 189
192 293
135 217
395 80
355 371
286 315
373 377
390 330
326 352
98 367
291 342
236 261
314 344
286 294
13 223
320 338
55 212
83 88
56 253
8 184
168 218
127 249
49 330
88 144
240 244
56 139
301 384
6 219
113 209
98 105
166 335
154 366
154 379
95 386
88 295
393 98
238 245
207 355
44 95
272 350
213 245
24 194
98 311
86 313
14 243
152 322
179 345
101 396
270 287
12 219
386 368
252 309
3 136
121 390
255 335
56 176
21 247
291 372
303 376
95 263
4 334
18 190
37 125
102 118
87 159
17 169
395 63
83 350
194 242
77 298
214 381
35 60
45 338
66 392
50 128
298 310
245 381
243 386
92 209
107 319
2 279
8 98
397 108
260 293
41 91
36 77
54 357
197 293
40 354
44 110
61 302
161 166
63 334
259 312
392 7
99 148
99 265
172 347
118 320
312 320
77 292
292 334
15 175
149 383
22 150
27 238
61 261
121 370
118 272
10 202
3 346
3 17
124 186
102 165
191 369
212 268
232 350
50 210
113 150
176 263
78 146
81 153
80 138
9 274
174 385
67 264
278 279
316 367
396 337
393 340
145 387
123 173
232 342
158 367
113 336
34 281
127 241
182 227
207 352
74 251
87 275
335 364
198 355
71 90
191 263
103 349
137 219
24 362
4 167
184 361
395 35
105 319
136 302
56 297
3 189
64 347
75 99
106 351
176 343
239 272
288 385
2 92
31 115
360 396
106 298
363 385
345 356
4 251
292 331
106 236
0 143
317 375
220 313
144 206
80 348
200 287
222 392
113 207
4 240
38 65
196 290
10 299
239 361
340 365
63 194
129 208
37 267
251 389
270 394
203 372
84 389
390 304
131 274
70 284
129 337
184 212
5 205
67 175
48 340
3 325
37 230
92 152
195 322
259 399
181 362
297 307
143 330
24 248
298 319
213 221
394 201
82 127
118 342
71 360
93 336
212 221
157 187
165 397
133 175
96 170
187 255
100 164
315 378
5 154
174 396
193 339
224 254
19 171
388 272
84 99
257 278
6 169
77 346
6 56
180 275
66 314
86 199
124 192
317 347
19 372
248 343
150 333
120 339
391 166
125 332
229 295
91 140
184 363
1 327
172 235
108 117
129 306
183 350
78 349
241 387
394 132
25 366
99 174
125 241
252 276
168 236
151 392
360 367
15 217
165 238
213 228
213 311
8 52
77 380
77 395
226 378
53 211
254 309
335 339
83 355
10 328
97 127
204 337
268 318
175 362
125 127
66 104
7 69
64 311
143 374
161 326
315 341
135 392
63 370
12 378
61 291
40 385
1 82
67 120
40 282
140 164
320 327
204 324
47 261
237 284
79 198
152 354
244 245
183 336
127 159
145 246
56 361
159 229
136 311
22 94
174 330
4 95
280 386
385 265
112 268
14 291
115 164
51 343
184 270
96 391
151 269
216 276
92 347
172 357
48 165
390 383
186 249
42 278
212 324
207 296
14 354
62 260
284 287
118 313
67 71
150 256
7 249
97 206
67 312
72 349
143 207
172 305
345 358
40 153
113 250
178 238
39 193
108 380
389 195
97 120
92 280
43 90
388 25
220 376
49 358
115 286
229 266
39 51
230 379
6 380
61 287
189 249
105 254
77 207
19 245
155 380
203 231
163 296
193 241
395 145
112 260
210 370
50 229
118 333
68 202
41 191
270 339
20 175
66 351
68 127
73 276
258 279
140 348
187 301
322 356
65 337
273 359
26 212
16 353
20 385
4 49
108 161
398 97
80 132
135 158
185 255
76 361
94 236
83 129
30 174
230 366
147 195
222 358
240 266
120 332
171 365
279 343
343 378
17 61
202 379
107 361
331 390
42 96
187 266
29 265
253 307
66 278
231 237
114 291
387 153
20 237
174 213
55 259
174 211
51 356
185 199
392 332
240 252
398 210
133 317
389 217
87 149
113 277
90 274
107 141
11 76
89 310
385 113
53 81
65 381
198 318
392 360
132 266
38 49
25 162
58 335
190 396
289 370
24 196
38 219
35 354
131 195
140 290
244 306
76 387
256 263
75 361
28 299
128 287
387 183
193 382
292 397
81 341
243 253
287 381
65 387
41 394
91 92
191 270
393 66
20 165
17 305
92 206
272 364
323 332
45 391
130 231
397 258
9 331
84 212
61 99
79 329
85 377
242 252
398 127
192 211
85 340
92 399
179 373
232 268
12 235
45 370
178 280
32 148
90 241
108 260
122 204
214 243
84 225
199 203
40 196
138 320
389 385
38 394
215 300
0 62
80 237
56 367
99 177
294 341
128 250
52 274
76 375
279 388
133 154
91 311
126 146
8 9
139 258
392 106
386 320
82 97
280 293
84 195
88 346
386 397
348 374
27 292
30 36
3 154
248 281
125 128
115 378
49 74
322 389
127 207
218 282
151 376
151 280
319 396
165 328
57 254
267 395
146 392
121 180
238 276
259 370
0 188
57 193
178 305
57 351
96 174
67 387
77 351
129 277
75 237
34 55
286 301
191 312
6 129
83 352
88 268
165 232
271 288
2 332
40 264
193 379
190 336
208 275
86 329
254 352
50 276
26 270
199 229
94 268
237 342
334 375
175 386
200 390
155 258
46 248
4 333
28 107
49 257
265 300
215 266
113 312
197 383
112 139
290 382
269 301
60 170
116 282
248 389
393 192
12 394
154 322
240 374
164 210
114 175
186 246
147 347
131 397
98 304
19 115
203 207
125 253
170 199
254 338
41 328
394 44
5 211
43 94
46 216
260 381
312 372
0 35
121 311
38 143
59 129
34 39
158 193
311 332
44 268
61 122
124 162
116 365
218 256
25 211
196 220
149 207
206 230
34 166
340 356
52 252
15 223
89 296
144 348
195 380
37 112
151 383
111 284
73 103
41 337
178 384
106 192
368 374
278 371
323 372
13 273
7 273
132 371
98 336
136 176
83 282
31 225
105 134
393 226
105 332
186 309
395 294
240 294
186 292
147 370
71 290
51 172
247 340
182 374
135 265
158 294
36 83
68 163
148 271
204 299
25 187
228 231
100 258
74 196
76 389
72 75
252 263
139 199
387 196
299 399
14 183
237 264
118 131
47 248
91 334
51 90
45 324
180 193
109 256
191 261
67 398
144 328
32 100
149 306
16 169
219 254
171 221
308 363
180 289
5 305
158 216
392 25
298 329
148 186
233 365
72 397
132 391
175 394
96 211
79 86
279 308
11 214
180 340
157 353
17 297
252 298
392 283
162 292
53 181
132 140
15 145
148 337
42 84
51 320
255 396
196 227
81 326
105 393
97 399
114 340
8 28
90 259
5 91
117 341
60 208
272 396
29 380
170 345
261 262
35 44
69 204
327 328
139 388
223 366
119 199
42 344
63 257
80 367
43 44
189 306
46 132
393 300
397 95
12 183
164 204
269 328
100 203
1 181
263 280
150 266
49 314
41 301
175 220
28 162
66 385
60 94
173 215
161 293
109 265
316 376
24 47
120 246
186 242
75 373
316 334
140 371
35 364
258 384
313 323
102 237
144 232
3 194
77 227
89 368
125 337
177 319
42 104
36 210
268 269
277 340
316 343
56 261
69 298
276 369
202 251
20 253
163 348
89 125
70 236
326 362
198 283
236 332
189 333
238 267
108 338
105 253
142 144
132 200
132 161
397 202
50 96
164 242
107 132
72 287
163 269
185 351
102 299
267 269
118 310
221 299
228 276
84 238
149 167
57 356
94 265
391 131
391 144
283 386
158 221
236 302
392 264
149 335
125 281
394 334
233 309
295 388
290 327
237 303
76 88
9 117
216 399
138 310
159 185
82 301
86 150
275 290
177 208
137 395
94 142
105 292
91 242
152 263
207 253
256 311
195 307
137 286
173 292
40 202
4 219
62 259
130 160
2 50
131 246
34 151
114 250
79 277
225 350
63 394
135 177
294 299
30 248
397 322
34 384
4 88
67 229
314 336
144 191
256 274
51 225
243 264
177 366
336 380
44 202
184 305
151 283
142 290
169 365
171 381
16 55
126 186
79 209
37 210
92 236
260 313
304 357
140 182
152 228
209 315
76 316
160 321
399 316
255 368
132 178
120 251
92 202
218 323
20 83
390 227
119 170
43 276
116 356
115 244
208 328
22 32
0 234
75 242
192 283
196 363
318 388
61 298
182 343
65 183
395 213
70 235
397 300
85 203
179 189
304 317
138 335
328 369
20 357
4 22
123 184
151 256
64 273
192 391
44 102
155 184
1 54
47 369
225 385
203 263
39 333
321 371
242 356
118 399
64 296
44 221
389 41
77 180
9 388
99 314
218 236
386 202
40 192
233 289
208 265
1 221
74 245
316 396
86 295
107 185
263 299
143 179
87 253
57 70
104 293
192 217
276 313
28 395
87 259
84 179
25 200
80 88
109 381
390 104
133 309
260 335
48 141
8 226
89 298
97 274
189 255
122 196
118 339
154 374
53 115
308 327
202 391
395 27
253 292
78 278
221 323
104 301
133 261
207 222
47 131
14 115
60 348
392 340
171 351
147 294
24 149
248 346
210 221
153 246
329 396
171 387
76 380
131 134
57 315
135 267
50 346
193 252
77 342
55 248
325 398
40 42
45 392
106 163
14 317
248 349
166 387
341 354
85 306
202 232
152 382
34 62
106 347
155 222
143 341
149 172
379 396
274 333
90 245
117 334
393 127
133 151
165 317
47 164
153 307
258 394
243 301
14 331
104 158
279 380
396 114
123 156
267 330
77 246
56 212
7 215
387 158
119 222
134 232
30 115
80 185
221 273
21 298
66 225
49 106
180 232
399 42
138 185
86 100
104 120
235 381
88 237
207 320
174 358
194 270
56 258
228 384
62 191
148 279
168 220
163 374
154 251
38 357
215 346
31 340
150 301
135 160
161 359
133 339
211 340
278 307
172 389
212 340
133 281
310 343
179 203
77 240
365 372
227 309
301 382
177 257
9 134
46 338
23 369
43 274
107 158
103 124
105 313
233 278
248 251
2 220
21 38
278 293
201 365
50 362
177 369
48 244
394 85
397 65
154 373
162 195
260 357
191 346
287 298
190 342
333 384
51 131
369 375
168 170
18 367
4 254
136 191
303 342
207 374
167 285
220 284
48 75
167 283
191 200
159 162
36 382
310 364
196 367
111 204
67 326
79 201
77 360
6 317
19 334
194 318
36 46
150 172
106 287
178 274
392 246
386 13
24 316
138 297
148 201
186 197
266 314
6 98
395 306
389 260
209 376
134 320
240 351
87 115
244 313
60 217
102 363
390 195
17 62
221 352
204 305
253 297
38 388
233 310
54 296
198 274
2 397
212 364
16 266
326 392
387 212
93 331
151 193
237 355
26 340
129 359
282 341
174 365
110 179
95 211
8 75
152 277
120 292
143 234
154 317
33 46
21 259
133 165
1 98
133 232
82 300
17 114
290 293
119 270
72 197
390 120
386 276
216 227
155 207
184 294
50 69
79 253
135 176
397 185
398 208
240 354
52 324
37 208
76 390
392 377
183 363
225 361
5 216
173 289
399 8
123 257
29 356
89 399
91 188
39 192
101 295
243 272
136 138
327 389
270 288
24 282
107 183
64 100
223 338
14 25
207 227
27 63
36 187
228 315
210 265
398 252
200 307
121 244
318 339
40 144
64 376
213 334
71 195
13 169
26 226
311 327
81 146
149 183
94 388
156 159
172 314
115 222
46 176
227 246
251 385
144 287
53 126
369 387
196 270
337 382
45 243
276 285
177 183
153 249
3 369
219 389
17 33
220 225
92 135
159 319
114 369
92 214
4 161
24 228
38 57
22 365
216 283
154 240
35 76
297 393
60 298
273 328
210 260
26 87
14 219
65 277
360 373
7 291
122 211
4 139
91 220
246 278
9 111
177 239
6 188
209 395
157 396
126 180
35 59
64 316
26 166
7 45
91 104
282 301
285 373
256 375
270 280
115 192
153 342
307 370
154 307
304 325
126 139
61 382
50 61
158 291
19 120
248 377
322 351
100 189
215 385
173 247
293 299
72 153
309 394
332 399
238 241
130 372
160 384
390 257
156 228
292 378
225 338
218 349
37 190
289 313
114 167
54 77
26 295
320 352
107 121
249 278
68 338
140 228
43 45
9 342
110 130
184 226
253 351
88 397
190 328
226 264
163 260
230 351
226 301
183 286
93 125
193 314
141 185
182 359
187 356
96 241
157 226
34 307
17 362
74 105
284 306
291 296
69 381
54 145
23 208
235 337
75 280
118 205
123 198
68 287
28 64
73 106
385 10
140 217
142 209
223 285
13 249
38 55
249 276
138 356
173 377
68 89
270 320
142 318
309 331
23 130
160 360
33 259
65 340
74 314
299 343
141 175
319 347
48 239
258 280
293 324
229 333
136 337
393 244
22 272
38 170
386 17
44 190
30 145
79 154
238 274
114 351
9 179
176 397
141 288
111 312
103 132
73 298
11 327
203 273
87 338
399 398
25 164
264 348
278 335
69 235
165 294
67 327
97 228
64 128
22 140
36 327
72 142
177 253
398 315
335 387
22 327
184 262
283 388
254 368
174 181
322 399
150 161
44 390
39 76
94 382
190 335
91 218
275 346
17 342
112 190
217 283
270 391
121 275
12 32
217 380
286 375
40 211
167 356
229 327
74 78
101 378
212 318
120 344
1 231
386 254
141 171
58 85
186 252
197 326
147 222
395 159
2 258
63 288
258 322
393 182
390 361
228 243
63 177
321 336
56 365
319 361
22 89
8 224
271 337
289 307
274 285
37 222
105 275
331 374
9 112
29 34
226 275
246 388
95 173
4 349
135 341
60 388
36 311
321 383
40 323
102 292
60 108
260 361
224 351
142 354
13 62
395 271
235 310
20 213
328 399
29 167
174 217
276 378
391 22
176 291
159 198
388 375
126 213
10 278
2 26
397 143
90 253
161 346
388 172
398 303
82 158
175 251
109 395
262 395
200 226
98 319
181 347
392 219
261 380
236 260
163 395
222 293
46 138
158 303
169 297
67 234
117 309
13 255
180 297
34 389
70 122
69 227
398 15
43 177
28 96
247 298
11 65
67 117
200 224
385 380
168 180
137 394
64 220
95 357
259 317
3 285
192 235
101 115
397 320
82 91
4 235
3 181
210 250
17 123
129 399
31 92
391 212
204 363
104 337
319 337
195 251
174 390
284 369
81 313
395 184
377 391
179 336
126 233
21 226
376 395
70 246
18 306
116 159
53 146
295 325
39 362
116 230
46 214
240 282
68 84
34 285
204 244
278 364
130 294
390 323
89 247
138 203
144 360
63 146
59 200
274 360
321 328
303 361
158 217
88 298
155 328
206 361
8 39
11 31
209 253
53 335
124 314
18 188
127 329
171 270
311 350
21 389
127 330
46 161
15 195
146 356
103 205
98 337
89 100
215 374
119 185
364 390
195 223
87 380
255 382
282 365
180 231
229 280
151 308
104 217
137 250
108 223
124 261
201 245
308 345
5 294
83 233
105 317
386 56
150 339
218 268
356 392
52 368
7 347
102 273
174 290
215 354
133 282
393 247
72 182
219 287
66 219
30 324
294 377
199 293
94 390
94 266
206 354
258 329
249 376
139 158
385 86
234 373
396 381
15 132
226 394
11 347
394 172
282 385
45 61
395 106
198 367
192 199
100 132
260 276
101 255
139 274
92 303
130 357
168 199
117 282
398 70
4 307
393 117
203 315
88 358
54 203
381 398
148 273
389 254
399 287
299 313
18 76
314 326
28 78
5 318
28 267
76 351
0 84
391 292
140 295
106 136
117 123
391 14
207 372
73 380
201 231
102 140
227 338
261 304
58 288
126 155
241 250
104 372
22 49
128 160
62 116
181 334
57 261
198 295
229 318
102 111
147 167
121 181
110 396
5 259
118 176
73 99
390 357
332 349
344 377
393 82
23 362
59 320
119 184
385 43
248 250
282 324
156 397
17 160
92 94
397 111
62 322
158 321
45 321
33 218
61 375
279 336
263 331
364 395
199 290
268 361
159 231
44 277
394 271
62 158
45 390
70 185
59 268
247 339
7 187
295 331
105 222
151 293
24 42
310 396
4 55
283 355
88 283
77 114
211 284
39 295
329 335
91 300
166 316
176 318
220 303
12 288
104 212
300 328
169 300
388 195
328 343
15 328
19 377
25 90
100 116
212 335
67 192
390 266
387 111
26 59
320 332
170 323
112 217
120 189
118 365
81 231
321 354
397 302
206 259
70 385
6 146
397 298
216 259
44 347
15 87
79 246
395 86
43 148
290 302
263 314
179 387
141 271
304 334
7 92
269 276
107 180
171 172
327 385
190 249
226 253
167 184
6 259
87 328
106 279
225 308
213 272
100 177
85 170
121 247
66 378
333 367
32 362
168 372
223 390
218 291
82 308
104 244
179 245
148 304
71 77
156 383
228 326
216 300
9 15
17 66
4 124
96 213
154 187
128 260
182 314
115 376
126 312
234 282
36 310
88 377
1 141
111 309
278 362
80 139
28 291
48 207
278 377
3 168
63 195
180 372
176 194
261 301
198 353
61 213
18 231
176 390
184 367
10 302
145 190
161 311
149 321
16 219
292 374
60 241
90 394
50 107
274 353
44 124
106 214
240 371
27 383
274 365
315 373
185 282
66 367
90 174
32 56
38 257
111 225
235 372
6 122
62 266
337 349
43 197
11 121
75 329
88 240
29 147
323 347
297 324
391 29
211 253
391 66
87 179
391 55
39 186
156 265
389 158
152 367
61 193
293 303
36 199
12 271
201 262
314 356
71 384
317 358
175 232
83 246
302 366
201 349
116 211
24 395
283 347
399 34
68 334
218 377
358 368
40 55
22 242
112 338
139 219
386 41
392 320
82 335
16 303
228 328
92 252
97 133
193 359
13 371
237 390
184 344
147 335
388 327
242 379
138 249
183 252
327 353
219 373
35 235
137 376
137 247
132 325
12 377
108 206
0 12
112 372
227 387
25 127
19 277
62 335
339 398
177 380
189 261
75 97
32 381
137 270
187 223
136 177
61 222
13 107
50 367
74 192
12 285
48 186
56 66
38 68
387 108
131 168
166 266
131 183
106 360
29 201
268 329
40 198
191 220
208 297
390 159
173 180
71 291
4 221
136 149
89 273
161 270
12 166
72 352
156 377
228 362
399 174
98 371
177 340
139 164
121 272
305 354
355 369
291 381
305 342
388 10
79 356
110 112
229 384
112 280
177 364
389 218
189 325
347 353
16 242
46 230
7 301
44 170
70 248
165 351
78 179
81 305
146 284
289 356
210 357
394 189
13 295
253 275
100 315
333 335
103 368
161 292
126 203
30 134
162 284
0 280
10 123
21 348
102 350
95 244
166 286
265 398
51 313
78 256
204 320
44 244
74 118
13 331
14 389
180 348
390 273
81 141
60 185
115 354
211 390
244 247
262 397
47 123
396 362
268 382
342 391
317 398
55 351
208 273
40 389
135 196
105 221
11 181
64 260
79 388
108 111
386 267
89 268
267 381
97 272
51 248
47 299
15 79
18 383
61 284
255 259
54 207
351 361
250 341
1 22
280 325
99 127
17 353
15 297
11 101
349 377
4 57
32 184
395 151
28 195
162 246
247 376
5 280
387 80
148 298
25 159
279 296
39 327
21 397
41 200
138 229
218 367
60 362
100 224
208 387
45 145
20 267
213 305
69 104
17 351
122 387
43 165
137 146
160 176
324 342
85 356
74 96
49 241
193 346
391 69
30 207
318 384
89 366
79 149
129 209
367 374
228 337
331 343
30 284
43 259
392 41
113 199
62 71
220 249
21 117
300 332
71 82
101 228
244 303
257 336
69 314
68 231
297 326
221 324
180 237
25 183
49 391
275 306
38 295
19 51
63 347
256 360
246 297
164 247
290 298
49 250
93 319
81 162
148 247
1 324
74 369
393 162
395 289
8 295
159 244
59 168
118 155
197 305
131 315
1 380
20 295
246 266
148 179
4 381
329 342
165 233
241 252
69 280
96 332
300 375
389 326
89 245
385 105
162 260
234 376
183 226
9 345
144 235
2 19
52 292
185 216
398 175
372 399
128 367
72 115
96 184
190 382
110 237
54 302
1 140
31 99
235 258
242 324
24 369
65 298
136 294
108 192
90 109
121 315
27 245
66 132
135 354
171 275
94 374
0 224
104 224
302 377
341 391
22 339
285 322
395 19
105 201
230 242
138 271
21 176
126 183
91 320
240 261
111 258
390 47
156 174
165 323
7 190
76 346
159 314
34 167
85 354
115 242
159 228
387 310
48 68
269 288
160 213
76 124
266 280
200 299
185 313
274 282
77 98
158 397
86 380
17 285
162 188
256 280
193 197
385 223
127 171
153 241
116 178
22 264
7 264
306 393
91 165
182 381
63 141
125 227
256 269
245 311
199 208
198 366
252 347
168 207
80 302
391 42
143 248
178 325
126 134
170 341
84 201
399 227
242 330
29 39
93 264
33 364
0 269
32 263
4 298
57 140
188 264
173 345
399 29
30 96
109 310
17 203
396 97
78 188
329 338
79 378
120 237
216 274
279 303
394 209
26 91
218 368
45 301
116 161
290 381
212 302
58 305
79 371
123 139
94 226
141 268
52 160
167 294
103 157
36 318
