9 87
52 150
154 194
133 235
82 241
96 199
95 122
249 98
82 170
133 188
54 120
108 248
84 145
225 249
37 65
6 42
56 219
69 105
29 230
54 122
30 51
79 117
184 217
111 171
50 87
25 229
248 185
151 196
41 75
241 33
55 72
243 224
149 203
83 232
29 186
49 110
36 102
43 67
28 143
18 131
31 249
148 178
100 194
2 165
238 243
47 206
83 210
173 206
88 115
52 192
122 152
87 88
84 203
101 229
60 249
248 46
115 165
242 154
204 207
177 210
25 134
65 232
45 191
18 128
125 197
81 128
52 99
4 241
86 94
63 146
223 234
92 211
149 247
148 184
100 162
25 155
128 186
139 156
75 239
111 228
118 199
46 93
159 198
159 203
29 216
17 230
109 234
51 220
159 179
17 162
172 209
17 118
0 213
125 166
57 100
71 205
32 57
14 69
8 162
15 59
38 50
57 153
14 98
53 96
60 87
7 99
187 243
140 177
44 155
241 145
244 225
5 53
31 45
60 215
189 226
147 153
68 70
66 195
5 90
41 69
29 147
9 224
93 210
150 192
96 194
50 137
249 127
73 79
21 74
195 229
95 214
183 185
61 92
194 247
176 177
247 70
60 223
54 133
75 124
33 50
106 199
10 165
75 161
129 168
220 242
94 234
93 137
166 234
147 172
19 33
217 223
95 248
2 96
63 218
24 147
58 169
10 72
48 69
136 151
206 232
7 209
38 199
1 77
10 125
6 159
245 66
104 183
118 213
104 224
96 171
146 168
120 211
212 225
211 248
207 248
29 207
35 201
63 215
155 165
36 81
66 190
11 249
226 249
101 154
52 234
197 242
104 240
27 131
39 59
103 223
6 243
38 62
44 150
8 47
69 74
103 150
50 78
153 247
9 144
243 157
51 129
19 114
56 249
244 198
17 123
113 229
240 171
7 109
9 62
2 38
85 210
39 67
93 131
61 200
6 205
34 150
31 39
40 235
175 235
194 222
249 49
66 114
130 245
15 145
154 215
104 176
157 170
218 232
10 127
81 194
140 213
94 180
130 143
47 160
9 126
75 111
31 115
5 246
82 189
9 36
11 110
68 77
187 246
244 143
249 72
48 236
129 194
40 112
197 231
161 240
147 183
241 230
78 178
242 10
71 193
119 223
133 244
81 93
31 119
83 154
123 167
50 245
5 111
51 56
184 222
18 226
141 219
142 218
92 236
4 186
108 141
115 144
161 180
187 203
69 79
21 63
158 206
51 143
122 227
55 71
22 125
30 63
150 195
127 187
246 6
37 67
245 160
2 111
6 215
29 182
145 177
217 228
105 208
246 86
138 218
227 245
101 111
78 80
92 206
39 142
212 246
78 101
115 142
30 46
76 92
10 132
2 125
38 239
72 247
99 212
14 246
179 241
184 234
74 241
117 194
115 182
1 55
53 88
7 178
126 160
123 130
69 173
37 62
116 137
48 54
82 140
53 94
70 224
152 161
157 202
33 149
133 249
53 142
89 240
16 218
245 23
15 154
108 146
160 228
171 175
21 141
196 236
93 181
144 147
36 84
74 210
107 213
248 8
47 146
242 157
84 152
27 103
46 204
203 245
9 233
5 128
142 153
30 129
126 129
56 245
97 106
92 208
24 36
83 99
4 153
33 173
12 210
3 156
8 102
241 242
196 200
138 188
79 110
194 223
95 216
1 153
240 162
132 134
90 195
73 220
35 187
65 200
1 41
43 127
52 203
49 143
246 95
45 65
39 148
82 159
140 171
246 159
67 105
240 111
242 147
186 245
244 219
216 233
176 232
40 157
140 196
155 203
73 161
82 84
81 104
43 130
87 180
201 245
61 117
78 132
121 168
94 165
195 230
42 222
159 210
151 209
99 228
126 145
248 87
245 166
112 148
58 119
47 49
241 67
28 126
51 198
27 202
13 240
112 160
12 77
36 47
0 242
52 168
64 198
92 97
240 124
120 237
108 226
243 12
62 198
131 241
68 187
166 196
121 179
38 84
57 65
31 60
134 143
171 230
28 158
110 157
10 75
34 194
151 247
1 239
48 55
58 108
36 75
14 110
36 247
48 228
134 206
83 230
185 189
0 57
142 248
135 247
31 54
24 248
93 158
244 11
53 111
39 181
200 211
116 211
26 204
153 206
43 68
119 233
50 156
245 31
108 169
26 126
88 107
110 175
35 100
126 155
66 232
104 162
60 96
150 226
196 229
61 140
182 218
205 215
84 245
241 240
99 103
243 234
132 233
245 1
78 215
249 112
103 232
3 57
162 194
92 159
65 215
16 95
65 124
12 21
113 156
20 87
5 43
65 221
42 213
45 97
79 133
22 79
131 178
114 146
94 221
247 143
88 171
102 210
139 192
69 87
171 209
9 79
109 179
70 102
87 210
46 208
103 107
60 233
28 210
128 174
164 189
61 239
152 159
88 201
13 149
180 244
116 187
55 118
16 75
27 145
56 190
144 189
46 239
99 127
1 114
9 72
110 212
248 26
58 82
63 141
89 232
84 105
110 228
45 49
11 30
193 240
168 193
80 112
91 190
92 124
169 172
246 217
199 239
5 88
70 164
27 150
82 125
37 230
137 235
94 169
211 225
12 31
59 167
1 4
114 141
191 236
74 126
124 214
11 43
245 25
8 37
247 185
20 245
2 94
32 95
55 203
53 133
43 173
127 175
120 133
75 247
11 24
160 210
108 225
164 220
145 222
42 145
170 207
63 226
54 113
65 121
243 72
175 203
65 180
178 232
112 201
78 174
45 215
204 205
14 36
209 239
64 66
200 244
102 126
7 221
103 115
3 240
54 140
27 213
43 81
95 186
205 239
161 187
188 211
42 157
186 231
32 49
48 105
18 225
10 97
169 244
25 136
3 193
100 147
248 226
69 100
45 114
26 219
104 130
194 227
49 234
91 177
149 228
12 28
24 169
245 129
138 245
111 146
50 105
79 106
167 246
106 245
249 201
43 198
248 94
86 129
10 124
23 87
34 228
149 165
38 141
121 174
203 205
130 154
41 216
96 213
141 214
123 191
81 234
19 24
156 236
248 118
107 234
16 154
66 248
150 177
68 239
7 124
75 182
7 146
50 228
205 244
160 186
182 200
10 161
240 64
0 48
103 120
99 153
17 76
2 87
89 136
140 159
78 117
94 177
82 136
94 240
129 184
221 223
131 153
88 224
36 174
167 183
79 229
50 82
24 206
108 125
0 95
24 141
7 87
89 205
226 235
125 191
81 91
50 179
178 186
169 226
6 29
50 121
85 88
113 158
10 144
12 245
240 196
64 183
241 44
29 87
60 118
33 128
50 93
140 240
200 213
19 27
19 248
58 121
100 144
130 225
180 203
47 143
72 115
248 117
173 184
17 195
184 186
140 210
23 25
45 67
23 205
0 126
179 199
45 234
122 185
6 222
29 35
127 236
108 190
35 38
60 111
95 209
242 218
8 129
17 63
26 192
17 175
12 122
29 185
75 204
245 57
83 120
6 184
46 246
151 170
102 247
246 70
3 9
3 155
49 226
7 168
166 210
145 249
54 196
30 54
120 183
5 100
40 88
9 108
20 198
178 204
0 243
162 173
171 187
26 208
128 170
118 128
117 154
212 240
5 46
153 203
246 97
60 169
247 195
125 126
175 238
199 204
28 61
13 242
30 79
131 203
75 126
56 186
79 141
62 166
72 206
23 168
8 223
7 197
2 245
119 226
108 124
8 172
98 123
40 212
167 226
67 248
246 236
10 90
80 147
45 123
27 214
243 195
246 74
185 229
60 247
154 155
48 221
82 88
171 190
14 247
19 194
202 211
87 111
125 226
15 99
9 17
126 141
60 167
2 86
35 206
133 204
190 225
15 31
113 239
171 193
47 239
120 136
122 188
70 110
107 175
46 164
58 144
37 111
72 118
14 65
119 211
31 151
27 248
10 34
42 201
42 146
70 76
114 221
22 148
45 243
44 76
166 167
163 165
28 132
243 62
43 171
82 161
47 144
248 29
124 145
116 224
69 121
34 58
75 92
22 172
60 187
227 249
83 123
52 166
192 241
116 154
1 97
71 220
107 116
62 67
111 130
190 231
30 156
5 200
139 179
140 232
137 204
78 96
27 52
56 123
84 136
17 93
128 230
105 231
59 200
115 240
10 64
170 214
12 223
109 172
243 9
16 160
14 199
241 154
49 188
68 225
47 234
44 206
39 43
59 76
95 151
40 50
63 232
13 103
82 173
54 248
49 72
69 86
105 151
17 241
248 92
77 209
28 104
249 66
49 196
102 112
42 155
24 157
78 139
44 243
139 247
71 157
26 249
160 247
46 178
194 211
52 73
35 229
129 210
245 193
7 17
32 220
243 77
105 217
43 136
75 215
35 172
135 242
55 233
16 89
15 54
118 231
51 74
11 96
50 140
7 134
245 139
59 212
79 157
190 236
65 183
38 187
152 168
247 58
60 120
41 85
76 224
82 147
20 192
128 199
21 123
28 236
209 242
128 168
244 184
57 181
209 222
18 31
123 170
248 96
22 207
7 153
90 164
88 195
16 126
82 217
139 144
170 192
32 99
54 56
116 136
51 218
174 201
241 87
54 59
34 101
142 182
42 196
24 103
89 164
86 90
46 205
198 226
129 225
63 67
199 240
156 180
21 113
151 206
74 206
241 232
242 137
30 187
93 94
157 217
146 244
151 245
76 113
249 171
56 109
46 48
18 207
19 95
247 227
15 20
57 226
116 229
32 155
1 89
40 221
70 235
14 78
124 135
41 116
29 232
18 132
245 69
245 243
141 237
68 220
99 129
67 155
242 151
130 161
249 175
246 25
75 117
72 168
4 190
131 139
37 44
132 179
214 246
97 229
0 201
7 234
27 35
245 102
13 106
19 44
70 200
77 151
68 222
53 152
22 53
21 59
150 213
124 144
183 247
14 58
183 206
85 208
100 209
80 143
0 184
115 157
115 132
4 244
222 237
183 217
0 11
4 232
84 185
34 132
30 104
163 189
71 85
77 164
14 169
193 209
100 245
245 48
184 229
32 234
16 90
52 229
28 152
59 71
87 238
52 125
30 134
59 70
3 44
245 185
43 249
112 154
248 56
28 211
107 154
192 236
46 192
121 197
240 125
63 105
62 235
73 132
159 221
89 206
1 54
134 212
77 232
15 52
187 200
82 178
48 103
12 149
31 47
213 224
44 153
25 181
73 88
247 229
92 241
177 181
96 124
4 111
120 228
188 189
30 34
42 205
70 172
132 145
103 236
158 249
84 128
163 187
8 159
54 225
96 149
2 97
79 88
63 162
64 222
56 158
14 90
96 167
245 132
68 196
114 135
9 50
229 242
246 166
108 134
128 211
99 150
79 206
166 172
82 146
77 123
1 202
101 150
246 78
62 227
8 174
63 233
190 241
159 249
73 225
200 248
97 236
70 114
234 239
103 108
210 211
23 238
168 222
7 115
15 55
114 187
24 246
15 27
58 189
39 93
85 178
94 148
223 233
132 192
42 43
11 73
96 184
65 242
59 192
86 239
29 62
117 239
139 234
39 232
146 208
70 183
119 199
180 205
114 136
204 226
25 125
129 207
84 140
3 212
134 150
37 195
32 47
13 95
35 162
104 188
165 248
27 119
22 102
73 237
7 72
202 248
170 209
247 189
48 75
45 207
141 148
23 224
27 153
68 97
166 191
35 42
83 95
22 188
30 203
183 208
156 233
83 167
120 143
247 46
245 73
106 197
198 212
165 238
205 242
241 123
158 205
27 79
146 172
149 231
165 235
155 227
43 244
135 153
203 217
168 240
191 196
74 194
134 223
59 239
124 194
61 229
52 183
51 158
100 230
72 170
91 232
98 227
63 85
249 81
177 191
99 136
57 188
80 182
104 168
131 182
70 162
108 135
21 48
155 241
105 226
83 203
55 96
66 158
242 101
135 179
153 176
214 249
150 220
93 170
140 222
38 181
25 182
51 52
242 105
244 111
68 235
91 155
159 189
90 194
140 160
147 214
186 240
0 40
79 226
195 224
36 87
52 110
46 89
173 243
196 213
84 210
59 211
181 228
4 134
100 243
248 178
39 149
234 246
23 41
108 150
1 6
98 236
120 238
74 215
124 238
55 166
189 203
36 130
228 237
21 40
163 222
162 170
33 210
0 224
46 60
7 88
214 222
12 229
116 194
107 168
119 188
80 202
128 249
122 241
126 135
26 78
247 123
172 215
52 214
14 73
70 93
99 158
121 245
104 150
45 233
83 139
124 224
120 203
249 154
63 148
0 165
94 124
164 232
134 232
2 237
245 97
20 156
72 103
65 195
2 80
242 175
32 56
10 16
120 248
53 109
193 210
4 28
20 78
38 127
206 240
14 127
25 53
14 48
240 118
80 125
75 200
87 89
20 203
110 134
9 138
78 142
218 243
242 61
120 129
244 18
16 159
29 161
9 91
159 234
28 95
136 162
3 145
74 148
94 122
2 84
119 120
124 159
37 193
39 106
76 223
9 156
104 138
116 183
20 142
140 161
61 77
245 220
82 112
97 179
58 124
9 220
176 196
83 126
0 29
38 49
8 79
185 237
28 189
106 202
53 158
195 219
103 203
125 151
30 227
98 115
41 181
83 188
19 62
41 57
17 141
83 94
36 245
187 188
36 60
132 181
44 231
3 91
148 209
15 26
139 165
241 197
41 161
146 238
9 73
16 235
130 205
24 189
67 68
3 152
228 242
188 220
130 219
3 134
5 198
35 109
118 146
27 237
105 189
201 226
21 217
104 177
58 225
180 242
244 70
158 224
57 221
19 68
148 158
145 227
55 223
0 15
9 124
0 38
17 236
221 226
61 236
9 76
58 91
10 95
247 74
12 150
30 68
71 80
72 181
49 218
87 182
15 161
114 196
37 76
28 122
113 133
118 234
37 170
13 166
158 213
132 147
17 67
161 224
40 73
33 103
127 203
149 226
32 51
249 203
24 240
248 146
71 197
48 84
137 140
83 190
4 85
82 208
74 217
185 231
103 162
97 160
178 223
10 241
148 168
53 216
243 47
152 247
163 203
185 246
240 175
12 79
3 137
155 184
146 220
14 52
1 3
7 48
122 200
57 69
42 143
29 144
23 177
78 116
90 187
174 241
40 209
111 221
109 230
33 185
14 244
243 165
75 135
112 215
161 228
70 73
39 114
30 31
17 186
68 160
244 141
180 202
80 174
20 109
87 236
242 212
18 171
61 72
68 146
242 38
61 201
40 181
74 131
81 133
165 200
148 228
93 103
155 238
101 142
143 161
36 226
76 242
75 148
96 147
66 79
10 224
1 145
166 249
58 97
246 224
195 223
249 73
183 209
108 163
138 155
169 194
38 183
15 193
183 234
103 208
59 246
210 236
57 99
246 153
249 210
74 234
123 129
166 239
11 120
12 198
20 62
18 86
4 34
103 230
65 90
69 240
31 176
124 160
75 162
47 108
1 70
21 231
91 119
120 124
27 108
14 96
28 49
115 217
69 191
246 145
80 113
195 205
186 216
7 227
26 33
57 128
61 148
242 5
241 218
130 131
131 187
75 107
31 201
100 139
187 237
220 230
39 215
97 99
40 47
170 187
2 32
59 165
18 155
243 3
97 100
131 239
248 190
13 69
146 236
98 203
74 152
20 136
11 128
145 245
153 181
23 122
0 37
247 119
96 121
103 239
112 164
5 162
91 200
62 182
241 166
30 132
31 106
223 243
73 195
28 245
95 128
176 221
39 179
143 199
182 213
100 160
62 233
81 154
162 228
229 248
62 123
237 244
121 230
62 163
242 55
240 36
145 167
17 181
50 171
94 200
93 238
151 226
16 122
243 137
65 100
85 128
34 91
60 121
18 99
14 56
203 207
71 95
248 143
91 156
136 205
28 118
60 122
12 126
204 232
168 232
249 4
8 103
94 233
154 160
84 184
23 119
71 229
15 111
55 218
26 245
49 207
245 176
125 230
184 231
152 182
21 97
84 169
11 201
27 40
147 241
25 111
242 187
63 156
114 115
5 39
99 141
17 52
17 169
107 181
30 152
244 168
95 194
3 166
92 137
19 169
169 219
122 193
20 246
40 139
68 158
147 161
22 127
6 189
47 246
61 248
211 218
65 163
34 214
12 156
4 121
49 239
138 157
17 155
127 128
244 53
19 39
10 113
245 154
26 50
246 102
58 220
110 239
110 249
22 88
60 237
22 64
176 178
122 172
67 143
161 205
102 205
121 123
150 230
63 82
140 149
11 167
32 37
195 242
69 147
20 186
92 199
80 245
22 66
89 114
59 242
103 147
23 72
102 136
248 0
240 249
38 138
40 137
39 75
112 223
135 237
9 187
52 224
75 139
54 123
35 143
15 186
41 156
161 186
59 136
98 146
65 208
187 234
0 9
51 225
138 166
88 219
138 172
72 93
65 137
50 198
118 143
39 45
175 192
240 19
72 95
34 117
247 234
39 119
80 91
14 235
107 225
235 249
196 243
130 155
31 98
141 176
32 186
0 198
34 142
50 92
30 115
64 245
87 212
117 180
23 203
240 235
73 241
139 215
10 223
39 48
24 44
35 51
1 142
75 132
0 89
9 92
241 231
87 98
21 228
97 189
129 233
178 184
42 173
37 43
48 177
49 246
61 116
13 125
69 101
18 104
145 157
2 177
131 163
135 171
243 230
245 135
86 88
160 166
169 214
94 235
241 112
146 235
73 138
1 53
93 139
27 120
40 237
35 212
105 221
19 189
205 223
7 174
181 208
89 176
115 179
116 121
60 193
52 157
130 132
41 175
155 207
25 162
154 187
216 230
242 30
247 25
19 201
249 33
26 240
93 216
130 193
74 79
3 158
59 68
19 97
43 246
98 237
47 186
66 155
10 69
35 60
30 142
145 232
41 192
76 164
138 160
113 208
137 139
70 171
105 247
112 169
14 30
69 150
204 233
67 191
99 211
23 52
139 226
82 228
8 202
12 203
2 169
43 192
150 169
22 63
160 223
0 178
11 245
29 82
246 72
10 210
9 80
15 221
240 52
26 188
67 147
24 135
101 226
243 14
11 39
80 106
105 141
68 90
109 236
38 190
31 213
17 97
4 95
62 176
166 231
109 159
15 30
81 99
16 216
248 184
41 179
77 89
144 199
67 212
245 228
11 23
245 37
248 227
19 79
112 194
131 192
54 177
4 221
76 194
30 163
129 215
4 83
58 78
26 142
13 19
24 68
73 244
46 163
2 173
115 121
136 164
22 192
69 159
156 169
31 149
191 229
53 137
83 144
127 205
154 216
199 203
56 113
140 154
55 85
10 50
217 236
96 193
109 219
39 52
78 168
21 219
53 177
22 62
61 142
11 20
142 205
10 222
241 34
133 203
102 225
249 206
61 232
43 195
3 66
39 74
37 242
143 174
48 193
216 234
249 229
34 174
9 85
109 213
2 68
120 197
12 182
0 64
65 219
177 229
22 190
76 126
59 169
123 154
134 193
32 245
163 177
126 154
22 103
26 191
109 184
111 235
148 205
206 216
245 191
96 191
64 125
55 79
33 219
45 204
31 155
134 164
107 176
244 12
32 105
86 175
61 208
28 80
120 241
225 243
68 121
5 131
28 31
61 216
13 16
29 249
245 192
43 233
33 110
112 179
45 106
2 56
20 202
61 141
8 181
222 236
36 86
18 170
77 158
166 248
30 107
34 48
163 210
46 184
122 233
7 60
95 100
32 42
76 239
18 134
32 218
204 214
18 137
96 205
7 15
110 201
159 202
71 74
26 180
60 211
139 198
134 176
111 155
220 248
84 115
159 206
240 167
23 107
101 170
240 239
8 11
48 188
131 233
130 202
35 140
99 154
3 82
24 48
245 4
38 243
63 192
144 196
48 189
152 172
214 224
53 76
68 228
139 244
61 213
188 232
88 214
30 66
17 77
144 175
96 226
5 24
187 233
176 187
242 72
3 204
75 224
16 82
91 120
246 123
51 242
83 165
202 235
19 171
43 163
95 157
52 193
116 165
53 105
213 232
31 221
36 48
18 223
159 237
245 170
64 111
244 84
62 95
19 158
96 224
121 173
217 225
31 109
39 42
39 161
58 195
159 232
144 235
66 75
26 226
101 114
133 173
138 162
24 69
214 231
165 229
137 244
7 164
92 110
27 45
147 232
180 215
126 173
156 209
111 204
84 92
244 69
61 225
2 4
11 214
59 121
57 60
174 217
189 205
125 153
123 141
216 241
17 198
45 201
32 166
149 188
100 246
32 92
249 18
3 187
49 225
101 109
22 228
52 225
184 233
139 240
7 203
8 77
249 70
97 103
46 106
55 111
164 208
60 241
34 219
6 214
186 195
220 235
3 153
41 53
28 249
179 203
2 209
59 125
17 167
123 211
31 75
126 165
46 214
32 200
59 203
111 185
20 132
10 234
48 49
36 85
51 123
171 235
1 179
30 58
168 212
98 128
49 92
216 249
63 209
82 219
75 175
116 149
107 208
160 202
8 24
124 247
73 159
190 198
13 54
25 113
100 132
23 95
47 156
125 167
41 114
108 140
93 200
243 159
249 9
91 114
249 6
82 163
71 160
65 211
186 247
184 208
29 192
112 146
27 137
130 165
66 241
141 165
96 127
158 237
21 24
179 233
69 225
5 129
109 116
51 185
23 30
97 240
124 181
17 53
15 212
55 83
26 108
101 119
64 93
94 154
118 136
116 143
91 125
113 168
24 91
1 39
6 183
5 188
147 193
86 224
40 183
41 205
75 101
41 182
40 203
13 234
183 207
124 180
56 178
242 156
36 198
54 189
35 149
173 180
145 169
89 155
87 169
31 179
59 72
64 73
16 26
23 121
140 183
22 156
241 164
176 242
85 248
98 179
82 119
248 189
81 211
132 160
20 176
8 194
178 237
130 186
32 164
102 108
19 181
103 171
61 84
198 223
246 99
11 190
16 165
11 242
67 69
103 233
10 191
39 172
162 167
14 83
129 237
154 226
132 133
77 183
14 180
98 136
0 229
33 217
156 245
78 183
244 204
38 136
159 180
103 113
18 87
41 239
195 221
25 139
103 135
195 225
182 194
24 114
109 226
246 139
243 158
47 237
49 53
162 185
120 217
24 81
88 109
92 120
224 229
3 211
53 54
12 33
4 92
25 52
8 34
191 221
91 209
6 220
90 110
34 236
71 92
135 181
110 149
28 67
55 119
71 180
127 234
7 27
64 193
70 194
166 212
40 53
7 249
129 198
247 80
8 63
55 162
71 135
198 229
72 154
7 138
113 178
241 130
39 115
155 242
98 192
244 228
3 151
11 181
53 110
66 175
99 221
10 200
137 249
21 248
147 176
74 125
226 232
24 216
123 178
241 36
152 189
72 228
172 201
173 228
6 87
56 63
25 107
247 230
168 242
73 204
6 116
108 192
58 187
32 109
99 105
178 182
245 118
96 98
107 199
128 221
6 28
87 230
81 118
86 151
244 75
22 137
70 218
127 218
16 233
100 173
67 149
103 142
9 146
48 156
45 147
80 214
16 20
185 224
1 156
193 203
242 22
93 187
244 64
6 127
41 128
47 53
72 94
92 190
95 156
193 239
241 187
212 245
23 49
86 104
81 170
134 207
102 144
57 137
112 229
29 208
130 239
34 85
169 217
248 159
67 157
37 167
88 200
3 120
17 143
34 49
63 228
118 137
47 135
109 175
15 90
13 89
159 182
71 116
114 217
17 219
151 220
146 247
25 80
29 91
48 178
107 161
78 249
118 197
36 231
48 98
77 181
83 214
79 160
97 147
112 188
143 243
3 248
88 221
53 132
55 58
27 34
133 247
66 203
43 217
30 171
60 62
51 235
14 182
205 211
77 113
23 29
94 121
15 28
217 249
85 155
92 108
25 237
159 200
153 186
34 172
60 175
61 138
19 135
130 204
38 173
245 63
181 213
37 136
37 38
49 165
33 58
66 244
0 217
117 183
68 69
13 178
1 241
225 239
182 199
100 133
89 148
23 48
110 229
240 60
94 166
91 241
28 91
181 185
240 187
53 176
93 161
57 86
70 186
61 125
45 115
43 189
112 115
28 243
10 60
73 185
58 71
244 218
24 47
158 169
235 248
23 81
80 241
5 133
240 93
34 168
47 150
61 186
159 218
39 196
141 181
73 150
93 232
96 179
73 243
117 135
16 200
2 16
15 243
139 188
39 165
86 182
10 103
50 101
89 186
7 104
80 194
58 95
248 140
7 40
16 92
27 126
103 127
6 204
58 117
47 75
52 116
13 20
54 92
179 194
195 214
37 54
122 224
41 120
33 122
123 134
97 161
117 175
60 143
75 209
72 215
59 155
69 168
111 177
244 131
166 176
73 140
14 187
94 144
13 129
57 147
241 14
8 240
64 119
15 64
6 156
53 232
184 237
64 149
55 124
46 47
79 188
20 162
0 16
92 210
209 220
212 248
66 166
91 199
40 202
168 198
76 199
27 82
8 209
42 61
74 170
224 241
64 82
157 224
86 132
33 169
101 122
243 24
117 128
0 168
8 219
136 224
30 110
102 128
54 128
62 194
56 57
106 147
133 138
112 191
0 145
47 77
16 19
53 149
26 159
27 101
3 225
45 149
154 248
71 101
175 213
16 181
172 248
246 235
85 96
62 207
205 217
162 172
191 223
18 67
1 170
20 152
44 58
246 82
243 86
135 139
68 188
73 187
11 196
147 223
165 224
58 131
128 200
240 49
187 198
98 144
25 39
240 92
66 214
49 111
168 178
135 227
99 234
37 56
14 185
19 164
132 166
7 103
38 111
45 221
249 193
137 218
103 110
45 84
42 168
105 225
12 108
0 43
8 64
4 240
197 210
16 234
81 114
165 212
22 91
166 232
85 227
68 199
167 205
180 216
113 209
84 246
46 101
22 105
249 87
32 79
0 239
1 69
135 193
90 244
45 92
163 248
193 224
59 131
74 175
186 188
66 219
249 94
18 198
30 204
77 229
72 221
136 204
5 107
116 150
22 65
109 135
22 206
148 197
76 135
161 168
53 115
173 189
158 182
69 104
187 228
47 222
237 240
33 89
12 153
105 235
46 94
188 219
13 215
55 174
242 39
73 229
247 62
135 201
20 147
180 243
47 221
100 241
181 230
7 14
4 98
29 199
42 89
125 149
227 238
129 156
80 178
75 125
162 195
4 64
90 158
53 224
63 68
136 249
110 136
56 165
157 204
0 196
120 142
243 203
55 132
1 215
230 244
199 206
39 237
152 239
15 35
195 208
158 248
190 194
50 169
240 105
125 131
100 130
4 141
106 138
52 201
61 211
58 77
17 60
134 147
72 196
42 80
195 249
27 222
124 175
4 23
82 180
50 211
123 234
17 232
242 138
107 235
64 173
3 52
207 215
37 184
19 126
66 193
22 43
46 116
64 70
63 247
36 120
232 233
57 177
152 197
114 163
101 227
20 227
98 140
168 190
143 193
14 70
174 228
5 45
8 192
84 219
204 220
103 225
85 129
52 129
37 109
124 147
15 97
77 152
101 169
22 48
142 190
105 142
58 120
33 232
126 144
11 149
42 218
39 69
103 249
94 164
114 246
27 203
6 148
116 163
164 177
38 229
139 242
5 230
166 200
8 94
112 143
141 200
96 160
46 162
55 93
3 25
19 173
5 101
248 25
126 208
74 198
62 186
249 246
68 107
247 199
147 245
26 235
86 177
87 173
118 210
54 121
52 161
145 172
171 244
121 213
62 185
169 208
243 22
93 118
139 203
29 247
244 185
216 246
87 151
70 94
87 108
29 233
149 168
28 229
1 168
82 176
37 248
96 198
111 121
81 221
36 61
87 229
214 243
247 218
39 227
247 198
133 242
94 213
5 121
247 92
135 152
46 128
248 100
5 236
19 29
28 204
222 225
157 241
243 174
79 134
103 143
63 150
245 134
124 163
39 89
152 231
247 150
239 242
82 115
80 221
67 93
60 141
23 108
241 169
102 200
6 219
145 199
63 134
117 157
243 102
76 80
127 130
47 167
74 211
240 41
42 249
72 150
49 243
121 235
72 209
61 161
16 212
87 129
116 190
20 41
172 199
15 71
20 81
126 130
26 150
6 27
165 198
108 201
80 228
123 171
61 231
3 109
85 193
27 245
128 153
96 182
0 107
55 182
134 159
125 212
64 110
61 97
132 214
71 221
166 199
25 36
115 184
41 81
142 222
104 225
13 154
96 168
149 227
83 146
62 223
113 201
39 186
91 103
21 88
248 10
73 141
156 198
3 35
83 141
36 112
131 211
158 245
115 191
215 243
146 159
155 196
62 129
31 248
94 129
155 237
91 196
30 224
193 227
53 236
76 81
34 72
65 93
125 150
195 237
44 91
155 240
55 135
244 104
192 207
185 211
88 121
20 194
245 47
72 217
22 78
35 36
170 193
108 127
25 236
69 242
29 178
27 181
46 121
84 93
116 218
16 249
13 72
1 73
37 118
160 204
106 236
70 225
39 240
247 9
163 190
74 233
153 218
214 234
98 208
7 16
194 206
172 197
58 145
80 200
56 162
18 81
18 45
123 238
166 236
74 113
94 102
210 212
