162 196
82 118
70 88
100 157
30 159
113 188
22 65
198 167
83 185
88 94
24 170
192 170
188 171
60 154
11 106
94 162
12 62
146 186
148 172
8 197
49 117
170 186
145 158
85 114
188 57
131 191
106 197
3 158
7 75
190 181
193 97
87 191
48 107
24 166
59 159
27 78
186 129
189 158
29 141
27 151
17 80
68 94
44 192
155 171
77 183
110 127
15 73
29 109
28 163
79 119
58 120
131 160
28 48
42 169
34 90
123 175
82 143
8 145
0 198
73 126
114 126
65 149
162 165
63 185
195 163
4 123
189 97
199 144
66 196
70 110
159 198
64 80
11 170
51 108
107 161
140 178
87 155
129 163
46 72
190 198
191 17
195 72
194 96
76 144
96 147
121 126
45 109
46 70
53 85
10 76
89 157
62 79
186 74
92 98
103 166
12 58
164 180
90 161
14 115
134 151
17 75
53 193
65 95
65 181
6 180
75 98
65 182
19 167
37 163
126 150
77 134
2 80
185 163
32 189
65 155
47 86
6 181
32 77
156 160
195 94
14 127
79 134
188 2
187 29
74 137
92 134
0 186
3 170
60 83
23 99
119 125
105 192
199 114
118 170
93 163
45 197
171 198
55 182
57 102
70 112
31 129
165 172
63 186
27 59
11 112
30 107
9 37
136 141
78 177
26 39
49 177
98 134
190 157
25 165
186 78
45 70
11 63
19 163
48 65
73 194
52 55
56 194
130 145
90 188
109 129
59 89
53 171
53 197
30 80
41 84
169 184
12 76
94 190
97 157
107 114
32 191
40 171
186 118
124 130
92 180
56 127
41 68
5 118
193 116
13 74
12 47
130 188
96 162
95 123
7 103
14 101
141 170
70 155
128 135
12 137
126 153
5 73
17 139
109 157
50 81
194 8
4 21
4 132
45 92
61 177
76 142
122 173
68 82
170 194
91 98
0 67
156 194
51 114
117 162
56 86
62 83
28 93
3 123
7 127
42 72
84 152
115 194
196 87
41 80
21 53
129 137
36 118
187 63
5 62
192 59
191 150
46 120
199 120
126 132
64 191
50 199
6 7
97 174
90 128
48 111
43 169
195 36
78 154
39 159
106 139
11 88
193 163
41 93
22 76
106 149
133 188
40 155
32 60
36 45
59 87
45 110
0 99
68 149
194 13
78 144
41 168
127 155
67 198
185 34
56 137
92 139
182 186
36 196
85 175
82 89
5 14
115 138
21 135
194 172
21 151
67 76
32 119
193 107
4 29
86 186
19 145
121 182
71 160
18 167
101 110
199 31
29 66
190 95
185 87
51 178
62 141
35 131
10 17
47 62
141 181
81 192
71 90
66 103
184 192
32 80
185 108
94 192
56 64
31 42
192 102
9 85
40 102
19 153
80 82
90 104
148 177
22 199
145 171
195 71
62 94
27 31
51 188
101 166
129 155
126 168
7 57
41 50
127 166
94 98
20 172
55 155
49 75
19 89
23 45
51 99
31 85
40 115
12 156
142 191
108 172
63 139
104 155
25 152
134 170
104 120
50 133
152 197
198 35
36 135
5 95
143 184
36 50
4 57
42 162
32 120
22 99
60 82
115 145
114 130
97 167
191 52
175 191
16 120
112 144
48 72
34 129
129 176
128 197
133 166
111 157
87 199
56 134
96 190
72 76
48 109
88 113
185 149
195 27
13 150
3 134
192 3
9 155
103 174
111 129
65 158
138 195
1 180
44 46
37 167
73 136
23 108
34 48
111 198
109 141
45 98
14 82
122 132
113 149
181 197
191 169
36 101
93 121
196 3
132 184
124 147
4 111
0 152
189 20
42 112
60 195
193 147
82 99
49 122
106 130
42 184
19 99
151 164
17 30
42 88
31 79
56 160
147 156
52 131
0 72
56 110
195 5
24 82
4 175
195 139
103 189
115 175
94 159
10 61
3 140
69 73
21 125
93 173
199 106
24 25
37 120
11 40
8 172
53 66
186 152
11 173
20 108
6 51
98 149
104 171
149 158
27 183
122 156
78 134
185 72
78 117
19 186
51 101
108 140
90 116
28 32
4 33
169 187
0 1
45 166
10 25
118 127
199 62
189 147
99 113
133 145
140 171
5 160
52 148
136 198
9 126
197 18
39 41
144 184
32 152
83 188
16 170
107 143
83 181
4 64
76 105
195 176
25 159
139 161
50 115
17 113
21 26
150 189
9 87
87 157
118 136
124 191
198 133
185 2
116 161
188 154
192 53
192 172
38 150
41 178
142 196
38 117
19 185
189 22
24 59
33 60
71 74
13 149
61 139
80 118
76 165
16 100
18 62
14 126
14 142
116 158
90 130
82 135
109 126
115 126
86 178
103 184
189 188
1 109
73 171
67 100
198 46
185 129
38 58
39 111
199 46
194 1
25 126
162 168
125 129
27 32
47 75
69 174
185 171
190 2
139 185
74 110
95 181
24 28
111 199
34 84
11 148
104 133
12 119
74 128
47 137
64 107
143 189
46 48
56 173
31 49
109 163
197 13
49 50
53 73
74 195
114 173
197 89
112 136
12 66
60 141
133 174
61 152
199 122
137 183
18 73
11 71
114 179
48 59
115 161
198 183
19 156
35 180
186 93
26 162
32 180
146 179
16 158
15 157
194 28
167 172
186 104
61 128
11 51
69 197
65 113
103 117
193 16
26 33
132 178
45 131
98 142
13 174
81 182
137 176
61 120
20 48
43 165
16 132
53 128
161 199
95 101
99 132
130 198
8 104
45 175
68 150
163 170
146 154
121 149
90 162
193 83
157 179
19 150
110 181
61 145
193 44
5 46
160 190
50 102
75 191
16 74
191 90
63 181
32 56
15 156
51 78
72 176
49 57
134 166
101 132
88 111
18 175
117 199
57 152
99 184
79 136
198 29
125 179
9 44
11 154
75 166
12 63
6 184
153 191
61 99
5 127
8 128
145 187
198 66
13 191
68 116
29 69
98 159
9 149
12 64
54 154
189 43
10 34
184 194
1 71
33 73
187 21
16 42
114 195
64 85
26 158
20 106
39 168
93 113
58 62
50 70
70 184
63 91
134 168
185 160
65 198
85 97
56 113
128 174
11 81
130 186
39 158
191 130
196 131
19 21
192 9
57 61
73 130
193 194
181 192
44 133
38 39
67 123
196 79
44 64
193 72
22 149
88 117
22 186
42 147
124 135
52 117
16 99
81 154
150 188
56 128
30 186
11 135
190 126
1 186
103 142
24 158
121 123
93 151
101 118
194 97
122 133
78 80
4 177
126 170
10 170
199 169
169 179
18 98
110 148
17 158
120 138
84 171
92 176
130 189
62 153
7 152
16 92
11 171
48 146
22 70
37 38
62 190
73 147
19 64
5 81
57 70
68 172
192 109
97 113
0 18
54 88
195 175
29 75
135 167
68 169
45 161
58 141
10 129
26 83
33 152
5 66
7 161
198 150
135 184
130 138
56 116
78 139
23 82
47 163
39 149
51 125
34 53
108 191
168 184
101 105
50 197
127 184
14 109
135 152
24 84
66 160
86 176
4 20
1 165
137 162
199 115
53 196
96 145
146 153
55 178
104 125
49 72
117 167
196 166
18 151
36 100
68 89
50 67
38 187
11 181
15 20
91 182
188 174
37 135
45 146
31 147
185 178
54 117
51 112
81 146
119 197
128 198
55 165
56 71
67 72
75 93
194 107
95 154
75 180
57 174
44 123
127 130
14 96
42 125
53 87
22 80
16 85
2 108
73 167
23 144
194 108
97 185
140 184
88 89
39 115
77 89
55 117
177 195
24 37
58 66
185 115
8 156
13 108
22 89
42 122
193 153
70 156
30 106
187 0
187 125
30 141
152 171
153 174
195 109
62 80
7 120
113 180
37 143
150 194
33 167
81 193
112 119
63 148
192 143
163 174
39 142
6 92
35 89
117 143
37 48
109 135
74 76
192 157
115 158
60 138
162 176
1 64
14 141
148 169
75 118
25 155
91 126
66 86
5 198
85 94
48 64
46 131
27 45
93 103
53 178
21 122
17 133
38 111
22 169
12 140
191 157
29 129
191 36
48 130
33 44
117 177
50 180
39 112
5 22
77 117
71 191
122 151
167 185
149 171
81 152
29 147
77 193
105 171
22 112
63 75
100 197
117 176
17 87
64 168
130 140
17 64
149 193
83 87
10 138
60 113
11 80
106 148
196 20
78 158
194 12
120 146
75 121
166 186
133 171
47 65
29 37
71 140
42 90
188 141
41 111
37 43
46 53
196 83
41 124
83 94
126 182
130 156
70 78
50 110
57 100
11 12
50 149
4 194
15 28
3 77
194 72
193 66
11 197
93 156
94 122
80 120
191 63
62 73
126 165
41 127
27 122
116 149
47 59
16 45
47 140
186 183
83 186
44 156
15 177
84 179
29 166
48 160
189 56
17 178
156 191
183 197
22 120
11 114
47 114
118 152
102 184
192 22
134 148
1 163
9 49
2 162
64 132
197 90
19 55
97 104
70 120
96 154
52 155
50 114
87 156
87 93
114 160
69 92
101 184
192 70
145 163
44 98
49 129
32 125
10 163
198 50
75 185
114 123
55 174
18 55
104 153
2 105
108 159
2 28
11 90
27 130
144 176
62 65
31 117
64 89
18 131
114 158
105 149
14 31
36 49
6 121
83 110
66 80
26 36
25 45
188 183
60 167
80 106
16 70
10 62
101 154
65 147
7 142
2 13
13 153
83 187
80 90
189 12
52 116
2 36
95 130
0 168
41 95
99 155
110 172
94 164
8 170
102 144
9 59
78 146
199 154
57 72
198 145
199 34
93 160
143 146
154 158
54 102
194 68
187 172
44 94
36 193
37 124
114 121
87 124
31 140
19 119
55 81
185 44
34 164
0 126
121 194
167 175
145 161
10 110
47 90
145 173
1 160
111 160
5 128
194 58
90 141
65 126
96 111
30 108
69 157
15 123
84 181
122 166
197 105
42 143
50 88
47 185
137 139
100 195
185 65
198 102
5 148
50 97
110 163
88 92
84 182
72 73
198 95
133 150
98 172
59 86
183 193
101 178
26 28
0 154
102 148
83 166
88 102
73 106
38 198
9 77
14 40
156 162
188 196
0 22
11 193
104 127
0 146
144 160
15 181
9 147
116 135
102 135
192 136
39 144
118 131
25 180
163 191
21 84
61 126
20 31
129 194
31 187
83 126
98 119
74 97
42 50
155 187
99 195
136 162
155 162
21 64
72 128
196 41
168 185
29 114
24 153
50 109
122 134
19 76
117 128
71 179
32 150
77 194
45 194
56 132
66 168
3 95
31 154
1 142
27 129
56 180
84 192
22 92
43 171
194 67
60 170
192 168
11 73
15 109
8 129
7 188
38 112
31 181
157 182
47 121
4 62
21 141
198 112
185 3
105 191
85 126
32 44
59 113
17 167
6 23
196 6
38 64
198 1
18 144
30 123
39 152
16 180
72 79
108 171
188 149
109 149
196 59
98 101
62 105
69 75
119 151
18 57
122 137
5 166
34 119
95 111
98 188
55 98
151 171
45 140
188 152
31 123
13 183
97 180
29 91
17 157
18 118
147 163
27 100
57 98
45 144
54 194
4 107
100 145
32 151
104 122
57 71
198 181
45 73
36 160
150 175
46 129
48 175
103 109
3 68
25 58
95 148
24 55
165 170
28 173
194 63
135 144
188 33
95 151
82 140
14 144
43 93
16 30
16 76
141 157
30 75
175 187
146 185
23 157
194 160
33 117
10 78
18 102
67 139
23 32
40 168
75 79
38 104
61 157
6 94
40 70
186 168
56 165
0 120
129 195
20 157
194 127
9 57
149 152
198 32
9 16
46 134
65 144
27 99
6 67
77 83
57 131
23 100
34 181
38 151
47 99
13 124
199 183
30 64
127 131
12 21
1 98
31 124
22 77
67 158
23 93
31 132
3 163
90 158
15 137
107 156
54 190
106 137
15 19
28 119
24 101
93 126
14 71
37 140
6 22
57 148
14 186
24 62
127 145
95 162
80 193
17 67
130 155
181 195
22 118
198 20
191 160
50 108
124 128
97 122
55 133
190 121
188 20
27 54
12 79
70 188
95 117
113 150
37 46
0 107
32 155
124 181
147 154
66 132
2 74
15 50
15 118
59 107
53 144
185 141
117 132
35 150
73 154
106 110
120 166
80 107
32 106
11 25
57 85
192 89
187 183
43 182
19 120
59 62
108 111
77 113
2 34
8 120
0 7
7 172
47 70
6 159
55 80
25 100
100 116
73 85
69 120
20 119
6 31
69 181
199 11
191 112
78 106
11 149
108 154
198 143
75 173
197 175
14 129
7 126
74 141
84 96
90 92
100 190
40 101
27 186
90 105
10 36
193 181
36 84
33 49
17 78
32 74
100 113
61 191
159 180
7 93
6 29
15 189
92 96
98 118
28 128
132 177
191 2
12 114
22 81
134 143
107 197
47 50
64 180
29 143
80 121
58 178
199 172
87 147
76 96
32 63
25 38
140 167
123 143
121 138
18 114
11 92
80 139
20 135
5 37
16 131
63 65
34 144
23 37
186 45
121 168
68 98
163 188
132 147
3 127
145 180
70 159
75 145
92 137
186 85
41 147
35 36
9 34
2 57
12 174
12 141
53 103
89 107
94 115
87 162
44 146
65 163
72 90
109 116
68 107
46 58
57 118
186 66
83 182
126 197
87 163
142 170
54 126
35 115
14 113
105 127
4 46
113 159
107 159
60 133
8 121
128 183
7 173
92 104
60 86
2 156
42 128
6 173
28 164
90 118
51 81
195 131
53 164
70 92
178 187
193 96
0 27
77 196
41 197
66 131
21 188
13 167
6 185
110 171
48 99
83 106
193 102
69 115
68 139
75 156
125 159
33 147
196 139
49 93
102 132
59 135
102 146
117 184
48 183
132 149
94 119
188 24
194 31
196 70
1 25
28 101
35 93
27 114
42 43
112 188
5 184
45 172
27 107
153 182
44 99
140 183
28 57
64 98
23 114
70 139
78 168
58 78
8 137
134 153
5 185
161 182
120 153
23 39
14 153
131 171
116 171
93 167
3 102
193 180
162 183
94 132
26 151
73 82
89 127
0 119
109 156
51 118
159 183
53 133
16 191
69 94
155 163
46 172
88 158
44 127
78 110
19 67
68 154
13 198
164 188
189 26
112 129
46 183
9 81
149 181
191 99
15 119
199 43
19 94
129 174
39 189
44 83
110 199
19 129
23 168
59 124
139 176
100 125
51 164
126 142
187 127
114 169
53 140
190 168
31 53
157 195
87 121
6 111
20 144
134 169
81 177
135 142
197 144
44 70
99 135
173 177
92 122
82 177
127 188
24 172
82 180
75 116
20 90
14 173
97 116
195 39
42 189
89 151
188 148
22 147
87 130
130 148
81 90
69 70
41 55
67 89
116 176
18 35
109 170
135 199
11 36
113 154
37 72
54 183
162 167
49 198
83 180
85 118
44 78
24 87
8 18
60 173
25 174
128 157
39 153
101 141
60 102
71 75
188 107
35 141
197 58
104 172
42 98
71 136
189 89
103 173
98 168
75 85
199 4
68 119
26 101
34 100
30 111
186 128
68 146
53 119
111 137
13 111
17 132
34 42
34 72
15 194
122 191
199 93
79 153
164 185
19 71
105 146
56 57
15 187
79 125
121 193
17 180
93 182
35 157
139 141
9 138
0 24
38 100
196 65
159 191
110 118
65 170
83 114
32 139
80 172
8 10
18 178
137 160
81 115
116 148
58 95
93 154
40 182
197 133
13 136
193 57
127 191
128 175
34 152
38 173
198 155
101 192
196 125
59 166
27 87
64 144
107 135
27 53
28 144
101 197
26 94
190 115
146 148
109 151
45 67
194 116
3 159
23 170
15 104
24 61
118 125
81 149
43 78
43 86
58 72
54 92
165 174
3 72
23 42
35 83
126 196
1 104
34 66
45 58
29 119
33 199
52 138
22 101
2 140
62 164
92 166
104 164
86 181
191 141
81 125
37 164
133 170
33 84
123 142
116 138
66 85
134 144
105 142
41 132
101 153
53 105
3 6
129 144
57 127
1 162
96 98
72 186
148 149
124 198
77 84
125 175
24 140
3 8
74 136
194 179
95 180
53 62
58 189
17 54
6 144
128 180
31 171
9 189
89 175
5 38
136 172
17 198
56 197
186 176
55 164
88 116
94 107
135 191
157 194
15 97
37 39
128 140
121 199
65 180
53 168
77 167
10 14
32 182
29 87
6 73
25 151
59 170
26 69
196 116
44 130
73 148
111 135
28 45
119 120
63 82
79 178
188 169
50 164
77 109
18 143
59 74
26 35
145 167
49 137
141 144
166 178
106 188
100 129
199 125
72 111
104 150
160 176
43 51
93 147
74 140
3 21
109 114
80 185
147 188
24 54
8 89
54 108
131 152
145 176
16 51
11 76
194 132
86 143
193 128
115 159
85 148
4 121
32 89
40 111
47 157
94 141
51 80
53 134
154 173
44 131
56 103
27 38
87 168
72 135
150 173
63 131
186 77
39 154
47 92
186 89
144 156
36 119
107 124
49 67
55 162
11 122
54 95
109 110
10 93
81 127
51 83
54 90
196 10
92 113
123 162
127 138
66 98
61 144
7 134
47 170
92 141
70 150
10 75
81 91
123 134
197 122
109 197
87 107
64 178
198 7
66 165
6 146
197 135
31 138
22 91
185 0
140 161
26 93
57 63
117 192
69 97
71 115
49 90
94 120
139 149
78 118
139 186
14 54
148 161
145 153
3 171
120 124
189 76
51 70
141 148
57 59
190 129
135 189
59 66
2 27
108 123
81 122
123 124
153 188
50 131
22 143
65 195
90 156
52 102
197 23
57 141
24 156
110 122
156 175
198 68
116 168
119 132
48 122
190 68
26 85
18 90
1 39
120 192
42 187
177 180
32 48
189 92
11 129
78 127
57 82
138 185
56 66
185 67
127 161
35 145
82 157
187 108
8 66
178 179
190 91
21 56
186 44
21 98
32 136
70 135
30 36
53 170
76 179
150 193
59 128
33 77
185 99
199 96
25 196
11 60
29 165
11 183
35 95
26 148
13 92
126 134
19 187
94 153
46 170
174 193
126 138
64 135
85 136
11 130
162 185
6 63
16 18
10 109
191 167
69 72
82 151
134 191
14 68
120 197
195 0
62 167
62 165
107 171
88 169
113 153
54 187
27 63
46 155
120 122
9 151
10 124
55 132
89 110
192 179
12 158
3 157
95 107
51 143
72 141
16 144
19 109
4 140
22 138
44 48
103 105
66 79
196 138
34 183
65 168
157 164
15 72
8 153
63 108
103 115
117 172
161 163
105 159
8 107
42 113
111 136
191 148
198 199
195 11
29 81
36 89
24 141
186 25
54 119
196 100
65 99
26 116
107 170
191 86
0 131
73 193
105 152
13 126
53 190
74 83
32 181
186 4
44 108
5 191
150 184
69 106
6 47
43 89
30 156
75 115
48 178
74 169
53 106
77 172
187 151
49 190
70 85
75 127
11 132
52 174
197 39
192 24
30 155
40 110
95 141
193 124
73 114
84 194
193 106
15 117
67 141
97 164
2 20
195 31
50 94
2 15
26 134
13 123
143 188
64 67
121 133
45 196
20 104
114 143
24 66
63 169
52 82
5 72
6 171
6 143
100 175
188 60
1 190
185 122
1 184
54 163
151 161
5 142
86 117
89 103
58 80
29 146
110 116
5 121
75 160
34 180
55 130
23 87
141 182
22 115
189 41
123 163
74 162
31 45
1 100
5 58
160 189
127 132
12 49
54 173
22 49
56 80
7 101
17 44
192 65
1 178
179 184
54 167
41 155
30 33
2 113
196 97
114 154
28 110
11 134
43 131
110 121
142 185
146 167
2 135
73 160
29 108
187 98
133 163
188 77
45 74
41 144
40 71
71 190
37 191
56 107
118 197
48 133
89 196
133 192
20 66
71 102
47 58
27 167
42 104
155 184
195 155
130 167
24 190
9 71
27 124
11 121
187 69
124 167
52 171
98 131
186 100
145 183
142 167
102 112
82 172
185 125
197 67
73 141
38 128
32 108
50 73
4 73
50 147
38 76
190 108
158 188
27 192
148 193
144 164
32 130
52 133
55 71
189 52
75 102
137 141
31 81
93 197
50 124
76 92
132 181
63 199
62 160
189 161
47 123
39 199
20 180
90 119
1 110
196 167
5 186
128 151
189 183
25 177
54 189
41 72
165 182
1 166
67 102
60 81
3 153
135 176
102 186
60 151
4 185
0 172
104 149
44 55
111 145
4 95
37 144
120 198
197 63
198 121
45 99
71 188
88 184
51 52
14 154
38 47
36 86
83 154
12 153
56 119
74 184
27 158
5 153
139 166
198 83
7 184
43 150
199 163
62 78
141 197
18 181
77 93
72 104
196 121
133 134
54 178
84 136
1 46
43 173
187 7
64 150
39 187
119 189
16 90
55 167
46 147
84 155
186 26
7 109
136 171
15 150
3 132
44 59
194 90
199 6
97 133
92 173
114 197
169 192
64 79
16 68
126 154
59 98
6 161
99 159
71 135
82 112
64 84
149 169
20 29
137 140
113 122
108 175
187 10
41 140
171 175
12 18
21 157
141 171
2 104
35 184
29 102
119 183
196 96
186 52
33 72
117 142
5 54
46 180
38 191
199 119
82 95
73 142
114 164
187 184
185 153
84 185
192 146
23 153
46 112
91 93
20 117
105 150
68 113
29 65
22 127
21 88
67 170
57 115
13 97
35 78
128 145
159 171
3 57
191 4
7 163
12 169
60 126
44 132
190 76
78 91
56 109
120 194
54 65
122 135
22 40
93 152
62 161
5 83
16 197
111 156
186 47
138 155
62 74
11 68
20 61
190 101
21 58
105 108
28 75
34 52
79 184
56 88
44 75
67 103
197 111
78 109
43 119
67 87
52 168
3 149
67 196
27 154
91 174
156 176
72 102
39 53
28 79
157 163
77 101
193 151
23 184
145 193
36 82
82 91
0 55
39 105
35 127
119 191
2 44
96 138
31 175
26 193
112 194
198 138
192 42
41 149
4 110
185 90
71 77
67 113
64 195
36 174
7 124
8 36
44 77
56 157
40 64
113 167
73 197
117 139
2 145
13 140
9 67
196 74
23 61
39 59
54 103
36 171
189 171
104 199
15 160
43 68
70 108
52 162
192 148
199 133
152 156
8 35
30 98
197 86
41 137
101 182
151 155
66 81
92 135
0 189
49 121
19 168
104 119
47 139
190 21
37 49
57 117
110 156
30 180
105 163
13 93
33 43
7 53
155 182
25 72
24 30
10 156
185 22
118 181
71 117
107 120
73 150
189 178
189 19
88 179
100 103
59 73
46 103
190 43
61 162
190 17
7 9
188 104
143 163
70 172
75 197
17 154
115 120
91 171
81 188
147 197
104 116
56 79
42 55
61 193
27 141
47 107
34 98
189 73
73 98
10 54
73 107
69 161
35 144
38 164
126 167
47 53
197 70
81 109
1 121
8 151
69 77
146 160
189 91
40 51
78 119
12 30
5 15
97 175
21 95
27 138
74 155
95 132
165 188
195 70
62 139
61 183
157 158
104 136
13 38
46 137
112 149
195 167
22 43
27 81
42 135
185 59
40 164
12 160
71 96
38 125
68 90
68 92
7 175
193 45
42 62
86 189
14 65
190 64
42 121
27 119
116 159
172 183
63 157
32 129
113 125
61 134
105 167
56 175
119 195
49 118
16 39
56 178
132 186
16 113
66 109
198 30
104 115
110 165
63 107
102 170
34 171
188 121
90 149
42 101
70 102
128 179
16 65
190 151
69 158
19 92
58 188
71 130
179 196
196 174
10 105
157 188
41 43
184 198
9 180
189 65
193 63
198 15
44 165
26 62
49 196
29 56
45 154
7 104
134 156
56 68
25 179
2 161
50 140
9 135
9 136
8 23
36 43
34 127
122 193
45 179
55 177
130 174
140 159
28 78
39 165
74 187
22 137
108 156
115 129
66 90
129 143
186 110
67 187
85 110
30 31
17 137
21 143
102 123
53 177
44 196
106 186
69 121
153 171
17 129
186 190
6 135
198 103
163 198
129 184
94 158
191 185
23 49
14 17
79 123
30 176
197 33
37 99
185 137
9 169
18 185
8 37
8 165
117 145
194 23
45 60
195 62
170 176
164 172
65 165
12 105
122 184
186 76
102 141
3 187
46 100
79 127
34 141
44 79
135 156
31 69
75 111
199 160
199 9
67 160
108 127
9 43
78 96
62 159
38 185
40 65
3 82
10 133
125 165
143 177
18 154
61 127
143 155
79 100
78 145
96 185
57 79
59 71
27 40
186 97
16 24
102 145
192 64
63 190
131 199
42 61
97 98
18 191
10 19
12 48
44 125
147 175
196 19
91 130
87 186
52 199
195 25
20 130
52 75
3 194
196 140
156 171
119 172
35 178
100 155
186 121
134 190
90 117
4 142
192 82
104 135
26 88
129 177
4 48
65 72
55 188
11 70
128 163
191 44
160 195
83 92
78 86
4 55
31 198
1 75
148 156
5 9
88 153
45 103
1 131
83 169
114 155
146 172
55 180
43 141
52 88
198 90
86 144
14 49
166 170
55 94
191 67
8 27
59 127
8 30
49 154
39 141
51 153
62 156
73 181
171 183
25 94
78 197
3 55
91 167
199 173
29 174
196 46
5 59
3 11
72 147
155 167
134 147
67 161
75 179
28 51
49 96
56 146
101 147
98 166
167 197
98 120
34 124
35 88
44 167
16 190
87 105
66 169
91 144
66 194
189 18
199 97
20 21
169 190
85 176
194 165
35 118
37 113
187 26
135 143
54 174
63 147
27 71
89 134
95 104
104 130
173 175
85 104
187 60
132 157
40 148
119 148
128 192
28 181
112 148
98 165
81 111
126 147
52 84
100 122
191 26
164 167
168 173
145 184
8 182
195 115
103 183
48 144
188 53
27 34
117 163
198 11
195 112
186 145
136 166
189 59
110 125
188 117
7 74
49 74
8 133
57 143
132 141
20 91
32 127
78 137
28 161
144 151
67 184
32 138
192 49
75 150
102 175
4 157
188 105
19 131
115 149
124 173
23 59
29 186
193 37
134 160
132 193
15 102
56 82
185 172
55 181
25 50
23 90
191 76
28 127
117 141
18 22
34 115
113 185
45 185
8 95
43 81
45 153
1 199
16 31
199 138
60 93
5 175
195 76
59 88
3 61
84 103
196 178
41 88
30 179
66 89
20 32
91 177
97 198
15 138
193 30
71 79
41 131
11 184
64 194
50 78
186 98
104 124
192 50
37 53
0 178
48 174
39 95
61 121
156 185
62 154
18 86
53 186
41 83
27 80
30 56
131 157
117 168
35 124
152 192
187 100
72 80
87 142
83 125
171 193
199 64
137 171
63 143
3 79
114 124
83 141
137 168
47 89
103 182
22 32
30 57
27 33
73 119
191 20
21 61
74 87
46 195
54 168
106 178
40 123
107 165
19 191
33 138
58 113
72 170
103 172
147 165
94 169
16 168
57 144
196 82
105 137
63 85
99 144
53 56
12 32
90 93
84 129
18 72
195 22
97 153
31 106
108 198
168 178
124 159
28 147
112 196
169 170
194 114
4 90
77 175
198 153
70 177
78 103
59 91
1 164
195 84
20 82
7 90
4 135
30 184
40 100
156 195
49 166
104 156
198 161
48 189
60 106
129 181
71 175
129 166
162 195
36 38
102 118
198 110
20 171
45 164
9 133
69 167
38 196
88 123
43 138
134 140
104 195
188 173
133 186
47 127
47 101
52 178
197 27
144 168
61 168
45 121
121 184
35 70
87 150
188 125
196 57
194 91
12 34
18 24
175 190
59 153
16 139
53 91
34 197
80 169
47 152
41 47
79 197
72 84
19 68
9 130
128 130
18 29
101 134
198 157
192 142
36 166
55 64
116 132
137 193
0 191
22 184
58 186
102 110
189 68
3 114
11 168
118 155
24 127
25 147
78 193
198 123
148 195
22 30
53 93
22 36
90 112
36 124
133 168
1 40
3 32
185 183
27 162
187 41
151 183
116 139
24 57
20 147
89 199
112 121
120 129
15 26
120 156
53 118
22 95
46 102
36 143
72 179
63 68
26 108
1 82
56 121
1 50
23 91
194 20
16 162
2 75
101 149
198 37
4 149
40 162
62 144
186 179
28 34
85 99
53 116
12 186
77 131
186 18
49 104
73 187
130 144
185 175
25 84
83 183
132 187
87 151
127 172
69 165
38 199
1 9
103 113
145 172
107 140
98 145
3 150
114 146
86 194
62 174
56 76
112 185
21 99
84 168
41 179
101 145
35 80
12 93
193 1
80 155
99 192
9 80
33 103
81 153
194 168
87 103
23 132
191 140
16 148
99 139
109 117
60 89
95 192
175 199
125 139
55 171
13 143
38 91
194 10
38 52
79 86
190 154
41 176
196 91
8 40
49 174
20 124
187 37
82 87
50 85
199 20
38 119
105 157
93 198
38 126
22 158
69 176
39 113
106 166
197 136
74 105
22 58
69 171
16 96
13 47
72 81
121 161
2 195
124 150
0 5
63 79
112 145
97 125
105 195
76 81
197 80
81 162
190 116
65 115
84 102
1 130
17 99
61 172
197 97
0 65
192 83
37 55
69 152
49 86
118 187
186 122
61 159
84 134
53 141
68 75
1 42
67 127
134 174
194 167
190 109
192 125
42 172
107 134
45 50
83 191
105 187
190 166
9 53
31 74
119 192
126 180
191 100
165 189
108 169
19 73
17 149
94 139
27 101
88 106
57 120
86 110
31 153
76 164
191 129
8 134
89 101
132 158
26 48
65 142
65 75
97 187
80 128
71 199
25 164
139 142
87 100
32 173
14 92
43 178
56 89
33 88
33 137
21 182
61 170
55 145
189 27
158 186
0 108
187 72
126 171
93 129
198 148
22 197
18 28
70 98
59 90
25 69
52 126
195 96
137 190
35 59
15 126
61 194
14 97
59 190
103 193
193 70
50 190
40 107
33 160
71 141
27 88
121 152
93 100
52 65
193 120
153 186
58 160
192 176
122 177
68 193
0 53
35 50
133 162
71 162
65 69
3 105
43 125
62 127
189 4
29 103
156 164
54 106
9 23
29 42
15 62
99 119
72 123
188 99
83 139
3 52
28 95
43 103
43 69
96 189
47 56
146 173
3 161
60 194
187 23
45 149
12 165
78 130
9 123
122 179
14 41
101 115
119 181
143 165
186 68
50 96
32 33
26 68
43 147
44 173
7 86
146 187
60 91
35 195
114 162
5 150
156 161
57 121
135 147
194 87
109 198
171 194
120 130
7 159
147 164
115 152
4 113
11 72
40 53
63 89
16 67
40 93
125 184
30 73
20 134
39 128
28 180
45 184
11 107
124 188
31 190
70 129
137 163
2 155
35 133
188 194
37 183
52 93
17 111
123 194
124 138
56 151
116 174
195 108
28 121
82 120
18 36
188 193
17 126
186 157
142 143
53 94
49 142
47 197
106 152
108 153
185 147
47 165
31 92
45 143
34 64
52 165
48 113
86 139
64 116
57 155
81 174
21 60
198 85
154 175
195 48
190 125
192 87
0 17
28 84
198 71
198 79
196 5
78 175
46 65
192 135
27 116
81 103
108 181
6 79
85 183
64 157
116 133
190 148
143 161
82 128
42 163
5 89
186 33
19 121
198 84
187 82
26 120
31 136
50 134
134 167
109 118
24 119
67 112
56 196
57 172
11 185
17 148
196 9
123 188
35 155
31 186
51 150
4 136
4 39
26 175
187 154
4 56
88 177
72 92
21 123
71 120
192 15
45 108
2 186
59 165
87 140
12 146
62 104
119 161
75 143
160 167
11 56
186 199
88 124
66 115
128 132
107 116
129 170
12 112
189 109
84 148
45 187
16 192
191 39
199 184
196 24
118 145
74 190
1 23
14 23
50 113
29 67
14 179
96 114
8 177
92 191
47 154
78 123
189 151
31 148
118 147
65 134
112 173
147 178
57 75
93 166
199 152
51 199
188 79
32 159
65 137
197 148
123 189
141 156
185 106
90 134
31 44
167 173
24 145
122 159
39 176
83 184
150 158
32 154
22 83
87 119
39 64
198 172
38 114
27 94
44 143
4 37
37 44
21 35
7 122
54 85
170 197
189 62
18 190
124 134
49 188
43 45
8 56
20 138
92 177
67 95
16 122
125 181
112 157
5 193
85 98
124 126
197 59
189 179
47 138
45 104
86 192
38 172
52 128
28 176
19 180
3 154
28 191
188 76
124 142
59 68
8 168
73 103
197 102
29 144
153 175
93 133
41 54
44 194
47 63
64 177
62 149
77 151
64 134
115 157
95 167
191 173
73 166
90 120
46 74
32 99
84 121
29 179
198 158
2 151
121 147
52 152
48 90
117 166
31 34
197 15
189 157
156 187
135 158
74 153
53 70
108 138
193 93
86 196
71 147
8 9
9 197
120 134
188 176
67 193
123 139
54 182
96 183
24 106
197 171
19 198
99 111
189 60
19 125
61 101
131 164
20 70
24 191
154 174
43 162
52 110
78 99
94 99
115 164
134 159
188 108
16 17
199 77
68 143
3 139
36 91
97 178
197 180
64 146
81 101
36 69
116 160
24 85
1 92
185 1
12 149
190 119
55 163
127 144
121 162
44 181
36 65
83 131
18 34
73 108
75 178
186 62
20 74
23 136
76 110
142 178
18 142
39 43
17 94
101 130
166 199
9 83
85 159
65 161
41 87
0 139
59 65
101 107
41 116
76 181
127 141
140 152
54 198
33 79
53 117
80 102
102 156
9 117
8 64
153 190
44 161
197 178
37 117
77 78
117 191
7 147
5 80
186 125
186 174
25 109
30 173
47 153
17 25
145 170
27 120
5 47
112 189
21 174
34 145
95 179
3 116
0 134
114 147
133 167
89 165
51 180
32 167
37 138
75 133
2 157
93 139
23 147
42 175
31 59
41 57
83 101
69 131
185 180
120 125
7 27
197 40
9 30
1 120
119 196
6 74
39 139
3 138
104 185
16 195
84 124
53 121
118 142
5 43
186 15
81 150
67 74
81 93
146 177
87 134
83 108
191 151
49 73
134 197
59 104
136 182
35 197
4 72
2 178
60 186
145 179
186 23
199 197
0 57
96 125
30 189
5 110
91 118
80 103
5 136
185 53
141 180
20 47
84 131
67 136
66 181
102 196
6 122
68 185
93 165
18 61
111 167
24 90
52 80
186 126
71 196
104 144
194 140
186 107
136 143
38 148
102 133
83 178
159 192
25 142
8 25
185 39
153 164
6 25
38 170
112 118
171 174
81 112
120 147
99 130
82 154
99 173
9 15
88 152
60 142
108 170
199 109
187 52
60 125
148 171
188 22
28 103
194 174
184 185
145 150
16 86
103 160
73 173
147 169
79 85
188 138
26 180
11 86
92 131
64 189
191 6
6 66
14 88
71 103
28 186
52 92
19 101
175 178
77 133
46 114
65 172
187 153
101 104
190 67
68 183
191 139
111 114
72 163
74 194
21 91
130 158
6 71
113 151
43 112
43 114
116 147
192 20
169 185
38 162
54 197
51 105
189 37
131 169
72 83
91 108
96 142
60 177
24 64
199 164
101 122
5 169
199 149
187 143
32 176
198 122
33 46
55 73
73 94
91 109
5 84
194 196
4 124
164 165
40 79
79 120
133 147
58 196
44 155
69 199
17 42
186 161
41 51
0 184
63 179
76 138
26 58
54 82
196 99
8 158
74 180
163 192
60 111
123 153
33 47
14 172
88 135
64 197
199 98
37 101
31 60
6 198
134 155
29 76
199 15
2 25
27 47
34 196
26 90
92 158
54 62
184 193
1 149
90 114
103 188
43 174
22 172
48 188
150 170
167 174
39 89
56 171
6 166
41 59
97 139
110 158
41 102
50 54
181 185
107 142
38 62
31 145
52 79
81 96
102 122
196 17
65 85
189 49
102 139
47 49
187 65
103 191
192 6
110 143
80 122
85 180
192 71
60 197
71 149
68 120
25 121
17 35
160 186
134 179
66 78
4 166
73 116
71 150
136 199
33 38
19 174
91 135
6 88
195 178
84 199
114 189
148 185
95 152
111 186
39 46
71 132
42 114
85 149
65 183
11 45
28 104
52 170
52 141
25 169
26 182
94 150
186 185
78 111
93 149
72 103
12 130
187 110
164 181
195 133
13 121
34 157
194 169
134 158
44 117
8 16
75 106
133 139
89 177
129 130
42 131
11 190
92 129
41 148
65 121
47 187
117 174
9 28
153 192
0 56
8 187
6 34
6 33
120 128
194 134
65 93
63 154
104 148
53 158
62 116
41 104
44 54
8 148
80 84
22 151
23 188
9 162
126 166
106 136
143 193
25 183
2 64
2 153
40 112
8 53
63 178
194 131
42 70
98 181
30 124
12 129
185 61
168 169
70 163
25 131
48 117
107 122
109 144
71 124
106 159
65 100
55 119
70 165
67 166
65 190
158 159
13 199
124 178
191 102
169 174
48 145
11 77
96 153
98 191
12 195
150 174
135 181
36 51
26 100
21 51
54 99
48 114
109 143
45 132
51 160
150 154
128 164
189 14
91 106
82 165
106 107
141 178
23 165
117 160
185 123
80 162
85 119
37 92
33 122
75 103
76 166
15 193
150 166
191 77
22 98
40 84
183 190
72 116
68 115
92 159
116 137
74 124
69 123
199 56
34 50
30 181
45 54
98 102
17 165
134 177
86 168
106 156
55 62
11 82
197 176
36 188
175 192
27 185
167 170
92 147
4 182
65 154
3 42
118 177
81 84
40 95
15 23
190 172
186 164
23 107
83 130
195 58
187 162
83 84
50 151
26 53
3 18
81 114
10 31
3 175
106 128
62 137
11 194
18 122
103 127
15 168
51 130
68 196
12 113
55 61
117 118
88 101
39 98
61 138
21 50
38 137
193 9
145 157
140 162
61 178
55 153
52 66
5 10
85 128
16 87
46 130
168 177
17 130
150 169
11 94
198 21
18 174
77 96
97 136
78 126
22 26
26 40
185 107
69 191
7 82
121 136
53 187
99 168
162 171
95 197
31 76
54 63
43 153
108 146
122 123
35 117
43 191
78 187
121 132
163 179
60 116
187 61
139 174
190 22
0 92
129 197
144 194
8 183
26 125
29 118
72 165
158 180
124 143
186 8
13 104
55 84
84 154
102 158
74 139
32 43
56 120
187 34
60 131
46 176
56 140
36 47
84 197
114 139
58 193
29 169
62 142
11 176
35 189
86 113
69 102
53 122
4 164
122 157
143 168
47 122
3 169
186 135
12 170
3 182
50 55
8 34
26 55
195 75
24 120
29 180
42 178
193 178
13 28
164 184
51 132
25 28
101 173
41 175
124 146
197 110
23 68
38 174
67 107
193 74
94 138
5 23
54 192
90 155
80 170
132 148
63 90
66 157
105 196
91 142
155 156
101 148
44 50
44 45
74 198
81 167
51 163
16 123
114 198
125 154
5 39
60 132
114 132
13 105
102 157
147 166
161 183
13 130
46 55
18 139
19 192
56 77
83 119
12 133
14 35
81 130
52 69
55 59
113 139
59 116
3 184
142 168
123 133
122 192
80 182
161 162
189 1
13 163
20 177
180 190
151 167
25 26
121 195
3 135
32 177
21 106
190 51
120 189
125 183
113 184
41 194
138 148
27 177
47 105
21 89
7 165
33 62
19 158
28 122
66 114
199 14
193 23
76 112
109 162
83 171
164 171
69 119
196 127
67 101
16 117
69 103
18 100
185 134
0 70
52 89
191 166
161 191
93 94
69 89
126 136
186 193
3 23
72 130
64 153
10 44
61 141
11 109
79 118
25 143
160 180
190 30
13 80
60 160
71 121
113 166
142 166
179 197
190 104
29 63
1 129
172 188
20 145
89 118
9 99
114 120
15 134
62 181
54 86
17 141
186 61
199 145
81 185
67 148
70 162
46 145
45 69
9 121
188 75
116 117
3 47
7 44
44 149
190 123
19 72
105 119
13 54
43 77
52 67
191 110
64 140
196 8
10 83
7 89
9 70
108 164
190 52
53 123
27 79
60 123
115 178
189 198
33 42
91 179
48 56
21 140
36 105
42 186
190 150
65 123
116 121
73 84
42 180
100 169
41 105
60 190
198 48
130 197
40 199
41 117
79 169
20 126
58 94
186 167
192 4
118 166
65 176
194 135
40 41
56 102
31 168
20 87
36 189
2 141
