26 153
9 13
98 185
12 161
29 114
74 198
15 75
69 73
139 174
18 109
64 133
15 126
51 169
6 65
35 54
23 193
115 144
41 73
198 136
185 26
1 73
182 96
62 196
175 131
181 150
188 122
185 126
178 116
183 104
99 153
76 79
196 168
11 143
4 107
15 127
71 136
82 141
53 72
31 39
20 35
60 138
64 124
72 165
5 23
116 167
55 97
6 46
134 174
38 147
100 168
137 140
73 174
116 177
0 134
136 179
151 168
49 63
42 126
8 23
24 135
143 179
128 145
66 138
173 121
59 176
22 85
4 7
185 102
33 86
1 169
195 177
173 125
75 177
131 138
80 193
172 56
19 57
60 91
4 70
134 160
11 108
0 45
7 195
73 117
179 82
44 69
50 63
42 115
87 156
51 131
173 46
4 168
19 119
199 83
37 151
186 23
36 77
115 119
187 67
194 23
98 144
117 138
70 115
71 76
18 181
149 159
53 84
2 158
60 159
130 131
195 5
55 80
89 157
189 126
32 108
20 118
180 107
12 135
35 196
33 173
31 113
89 162
49 124
14 74
140 157
174 84
20 137
3 97
102 182
74 182
12 45
27 82
43 73
23 56
106 152
67 121
151 157
88 133
26 59
17 84
19 154
4 170
175 139
39 84
22 191
184 85
19 192
122 179
5 128
137 174
176 155
180 29
116 145
111 154
48 158
187 105
192 139
2 167
37 51
88 162
59 142
179 43
53 115
196 59
10 123
25 198
102 135
93 191
33 122
84 198
70 147
176 84
184 123
199 36
44 80
160 190
20 22
72 145
6 127
77 93
134 178
107 139
188 139
90 170
70 191
36 97
83 85
14 151
129 194
51 68
174 116
48 113
98 124
171 120
76 91
0 133
175 11
91 168
38 131
11 26
171 80
83 101
52 178
16 137
98 181
12 27
88 141
153 163
26 135
36 109
2 175
45 141
8 41
195 83
85 148
3 70
45 135
64 147
190 81
179 8
183 41
17 104
54 134
65 102
15 65
28 147
26 144
84 149
81 91
110 196
155 173
187 76
196 185
14 46
63 182
21 158
3 190
20 176
195 66
9 27
60 179
141 188
63 146
183 159
137 196
0 76
63 176
14 192
193 70
187 29
147 177
105 163
89 173
183 141
3 164
189 61
116 192
19 59
190 116
186 131
106 146
87 110
75 84
152 189
151 174
186 178
34 143
187 94
32 150
39 121
13 177
188 86
49 137
32 77
178 62
31 192
92 146
58 103
148 189
39 52
11 56
93 146
41 60
196 95
30 168
80 136
184 95
29 197
150 176
77 101
102 173
6 87
75 193
16 133
81 105
31 137
193 17
103 113
14 196
46 53
86 128
88 189
19 35
170 117
71 139
44 109
11 173
174 178
179 88
146 171
120 159
180 86
20 87
190 40
32 98
187 69
191 13
44 48
127 137
154 186
69 186
12 86
151 158
183 23
51 126
47 135
35 109
28 39
112 164
39 150
187 134
164 166
16 130
7 193
2 81
25 48
190 34
11 99
17 83
60 128
171 135
47 65
28 72
183 35
140 180
194 15
198 11
98 126
47 88
59 134
4 27
54 155
95 134
186 28
101 120
50 194
57 132
20 104
115 155
184 106
59 192
52 158
187 100
197 119
108 144
198 171
23 121
179 162
41 55
61 97
5 193
175 53
51 166
159 176
46 169
31 183
49 125
190 19
118 197
56 146
50 62
1 91
114 133
85 119
47 182
181 90
86 194
79 191
56 152
132 138
48 120
36 113
110 147
17 124
197 196
22 35
12 168
184 116
51 69
51 140
193 65
7 107
199 134
44 182
78 156
101 151
81 144
51 117
65 117
147 188
177 31
169 177
74 94
170 72
29 148
183 49
128 129
180 121
100 142
183 94
61 165
8 17
43 94
24 34
49 193
58 165
12 110
10 83
39 142
178 17
129 196
11 31
187 140
24 140
94 199
78 171
14 25
178 89
101 199
26 187
39 50
0 1
24 119
78 132
170 103
185 7
42 80
26 45
60 132
16 96
69 138
19 81
78 150
197 126
149 194
30 189
179 74
1 72
0 146
129 140
106 157
178 169
45 99
12 31
132 191
77 151
44 72
21 183
185 148
170 148
74 176
97 131
80 117
173 39
188 56
105 107
10 18
56 195
195 129
104 134
57 82
121 140
71 113
37 57
34 77
127 167
122 193
99 131
55 94
175 173
183 0
68 105
186 95
84 160
0 17
14 42
70 123
27 149
103 196
151 197
112 167
187 111
143 146
16 99
80 82
133 140
111 171
45 58
180 161
37 165
4 137
76 163
182 13
34 145
10 128
109 155
37 175
68 75
12 48
185 57
119 194
17 61
110 159
185 68
166 170
199 126
156 170
184 65
172 2
54 56
10 105
0 21
158 164
167 171
34 189
49 119
199 130
81 98
181 115
102 136
43 154
149 172
4 131
170 178
114 199
182 163
38 189
7 71
183 162
198 150
176 62
118 142
176 190
9 176
19 78
12 158
196 91
130 189
165 194
50 118
23 109
40 68
61 82
68 139
34 54
172 7
175 186
128 194
78 165
78 151
68 172
36 130
23 162
193 132
63 180
116 194
32 146
58 116
132 167
181 187
68 160
171 126
27 129
70 120
6 72
168 194
192 96
189 193
43 83
118 145
182 46
57 179
193 190
44 170
42 64
43 107
125 143
171 127
189 10
28 192
60 139
61 130
47 75
197 43
172 32
10 166
50 58
32 92
191 67
137 156
171 67
84 152
145 173
24 88
67 169
131 187
183 139
171 84
41 146
43 111
31 124
199 76
2 12
178 85
170 180
18 57
27 166
9 125
85 174
172 131
10 155
57 176
43 178
4 26
1 9
60 71
63 178
161 192
34 61
15 195
15 184
90 192
15 130
119 184
8 124
4 171
180 19
197 102
25 56
134 180
22 74
183 106
12 148
51 90
79 85
10 120
153 165
146 174
39 125
77 107
197 132
51 127
186 12
29 57
50 60
104 121
95 132
29 62
11 199
67 150
119 174
21 144
20 144
170 8
18 85
27 134
147 172
73 120
66 120
40 191
121 165
191 162
47 61
175 5
96 183
113 168
53 140
26 188
4 65
97 161
24 61
177 117
3 104
41 193
123 176
186 63
39 151
31 34
2 38
76 152
14 102
94 190
87 160
82 112
59 116
5 101
12 143
95 153
25 152
30 194
50 100
66 79
9 167
16 188
60 103
127 194
183 195
174 43
11 106
81 166
21 101
115 125
132 181
50 69
172 69
130 139
62 157
18 108
182 150
123 139
164 175
42 150
55 134
26 102
96 124
62 118
182 12
58 99
180 74
31 189
4 193
190 91
88 180
113 124
40 135
82 114
171 196
117 184
104 129
81 169
84 158
3 156
30 156
14 97
186 98
9 36
4 104
109 136
94 100
118 127
186 167
56 117
150 173
18 175
40 152
155 168
43 180
140 142
113 143
68 69
170 131
113 155
14 39
37 185
176 136
34 193
136 142
53 64
72 197
33 188
41 132
184 111
177 104
6 157
58 172
117 165
113 157
95 156
4 92
48 57
58 171
32 177
82 169
109 194
44 122
35 95
140 163
173 108
6 158
32 119
23 54
170 46
85 171
150 193
181 7
21 100
145 197
153 162
72 73
96 107
83 198
93 115
22 94
29 141
19 51
84 130
151 163
137 179
11 25
75 82
67 140
128 175
188 181
48 190
48 84
119 160
54 76
36 64
115 156
23 80
180 93
7 25
3 78
96 197
67 154
61 74
53 135
30 53
193 168
11 42
173 70
21 51
64 156
36 169
19 87
191 133
59 184
60 174
195 198
187 64
54 139
179 71
170 159
64 177
3 74
134 148
17 129
190 23
43 45
199 54
126 136
192 174
53 155
57 167
9 55
8 171
173 140
81 130
128 172
184 74
120 192
33 182
64 88
182 37
74 99
192 57
9 91
51 170
175 109
36 58
111 179
106 186
69 108
57 108
86 144
166 187
183 168
37 40
80 176
43 160
48 138
114 163
1 70
122 187
191 83
163 169
55 78
148 197
180 41
63 97
13 76
85 125
133 172
72 138
123 140
199 37
76 93
101 119
105 185
93 189
136 178
16 167
24 121
130 137
188 53
60 121
32 186
180 138
55 155
102 199
185 84
25 153
77 126
7 102
69 72
194 46
79 81
179 37
54 106
111 117
23 172
80 161
134 149
54 148
47 100
192 126
178 54
28 104
73 124
35 70
52 90
31 56
66 88
11 133
47 107
19 60
180 30
52 75
71 109
153 190
107 145
180 115
119 198
129 143
29 70
40 160
112 147
55 183
143 191
9 127
62 170
186 64
41 76
185 30
29 198
122 153
184 115
51 157
71 167
73 195
98 168
197 142
175 166
65 126
38 161
16 111
28 111
194 34
196 12
5 167
132 162
171 173
4 58
197 120
70 177
179 55
109 131
72 117
41 117
173 94
52 81
4 158
36 128
193 152
177 40
55 66
172 170
1 119
95 101
1 170
133 198
197 98
122 165
26 53
36 186
30 124
26 62
18 163
142 187
68 76
29 178
26 57
52 108
52 69
122 197
7 33
185 151
86 169
114 120
81 175
44 45
175 129
55 121
60 80
184 98
74 163
28 184
179 127
147 171
118 172
97 123
189 145
173 62
80 122
189 194
113 135
182 94
156 193
33 111
97 128
104 168
197 2
34 139
109 179
38 190
32 42
14 137
11 19
2 150
175 193
174 94
34 76
17 53
67 85
82 115
23 180
66 81
175 12
95 125
70 194
52 197
85 96
122 171
86 89
112 131
35 51
174 187
183 132
38 157
175 121
18 164
87 105
124 174
180 90
13 169
109 138
92 197
25 164
84 154
16 170
182 154
180 92
189 96
19 92
48 160
21 116
40 147
127 147
102 157
21 173
47 154
71 128
81 140
96 149
186 46
70 182
184 126
198 22
34 73
109 199
197 138
44 137
49 84
84 196
6 116
190 43
41 112
62 199
29 99
74 138
177 111
15 64
182 2
145 184
10 103
191 121
35 76
16 138
24 79
171 137
9 184
142 175
187 145
89 194
190 7
2 198
182 197
189 83
55 69
32 83
91 169
115 132
181 52
171 68
22 102
154 159
30 120
84 107
101 125
194 102
46 179
72 172
94 146
5 129
136 161
47 193
100 174
134 169
0 24
47 110
116 169
28 46
68 177
173 59
4 64
92 144
184 94
131 165
16 180
66 99
132 156
178 164
174 122
52 159
110 153
181 190
14 109
46 116
39 61
78 149
53 68
177 54
143 192
3 31
108 138
114 191
19 74
9 33
34 65
120 142
176 121
34 128
99 105
56 81
104 131
98 139
28 188
90 135
99 179
96 122
33 63
193 149
172 64
148 188
48 67
62 65
5 134
86 175
117 131
175 116
139 149
113 130
101 118
29 36
55 176
2 87
96 162
120 196
24 53
104 137
199 2
62 97
42 103
2 152
33 142
34 125
118 191
180 120
198 155
198 63
172 21
106 169
191 135
101 147
55 171
100 127
130 143
30 72
190 188
185 6
153 171
18 149
81 83
52 150
25 156
111 190
186 130
2 114
41 105
22 125
51 180
194 148
171 123
5 153
160 173
54 94
11 191
44 136
107 172
42 143
183 63
115 194
170 54
172 20
45 125
130 164
12 131
190 156
38 146
94 152
75 179
185 79
47 146
178 15
12 184
181 116
