13 50
84 64
73 95
52 76
84 57
35 53
23 63
18 49
64 74
84 18
4 54
96 24
31 68
51 62
15 70
85 70
34 42
92 37
30 65
34 74
94 46
87 65
82 93
71 79
80 0
34 85
99 24
91 50
21 73
77 97
0 18
39 43
3 16
29 70
74 76
31 54
12 91
50 64
16 42
56 78
83 67
10 46
98 14
85 31
5 6
21 34
2 99
24 36
89 46
88 39
13 94
35 65
25 46
82 71
20 66
18 77
37 81
47 76
35 36
50 60
1 36
88 65
6 96
32 91
9 30
26 59
91 3
68 79
40 44
12 17
11 76
99 5
40 43
87 66
80 1
26 40
68 78
2 16
8 43
31 33
57 65
71 85
57 95
12 32
81 52
11 29
55 77
21 76
21 79
70 87
52 79
23 75
65 79
50 70
80 71
29 45
19 79
46 50
12 72
41 60
14 71
84 44
9 29
48 62
68 94
99 76
25 62
28 93
0 35
0 48
2 4
60 85
1 62
35 47
30 84
86 19
62 84
90 29
82 92
68 76
84 59
16 97
14 63
80 22
41 57
34 49
80 20
97 32
55 56
17 72
21 58
93 71
98 3
5 95
5 35
94 53
52 74
29 53
28 86
94 72
17 56
19 36
84 63
59 62
41 86
87 67
17 59
8 39
9 52
52 92
89 36
92 7
98 49
54 74
84 21
23 37
80 13
33 83
95 37
48 51
7 65
21 45
89 50
44 97
5 81
3 21
14 75
64 99
52 62
94 56
27 71
89 94
29 78
91 70
55 82
5 82
8 16
98 40
72 96
54 94
56 71
17 52
10 16
44 48
6 39
24 64
93 35
44 96
39 61
86 15
23 66
31 36
62 74
23 97
31 63
17 82
18 57
97 98
67 70
83 82
9 77
98 15
4 98
50 92
4 86
30 73
50 97
28 55
26 37
28 44
59 61
19 34
80 36
91 67
8 28
91 46
13 56
97 21
99 50
20 50
13 30
98 47
60 86
92 48
26 72
62 78
37 61
88 41
91 9
88 57
12 52
28 38
41 67
19 92
43 74
80 79
24 86
14 49
35 87
81 86
56 67
93 29
83 5
29 37
49 58
19 24
2 53
21 26
88 29
74 91
89 9
48 70
65 80
85 42
0 37
80 40
60 61
25 92
41 91
49 56
56 92
95 31
23 69
39 65
14 64
83 47
37 98
88 51
92 99
22 75
52 54
48 71
4 68
49 75
22 64
24 31
75 84
52 97
54 71
27 81
88 25
9 67
81 32
99 35
7 33
7 12
3 4
51 69
80 52
68 98
47 51
16 17
64 67
4 99
0 83
20 86
4 35
42 81
46 74
56 76
1 48
53 56
28 57
22 45
8 47
24 62
32 87
44 70
2 33
89 64
87 79
20 55
43 68
58 68
52 99
67 90
72 78
38 74
71 88
94 98
20 64
22 94
14 48
91 7
5 28
60 68
94 18
7 34
5 69
95 41
0 27
12 42
35 92
2 14
88 47
7 94
38 86
26 77
94 14
1 85
10 49
72 74
34 37
9 57
38 72
47 60
13 91
17 75
99 58
92 24
23 65
29 69
91 77
0 16
65 96
97 64
19 87
61 64
91 63
43 67
80 50
15 90
11 68
51 86
98 42
0 74
90 22
85 64
95 88
53 73
96 45
25 90
93 7
92 33
50 79
96 60
89 73
80 58
52 75
82 6
24 93
20 76
5 77
93 18
44 55
67 73
92 23
77 96
16 61
57 74
14 90
13 71
18 43
50 51
80 7
68 86
50 69
43 80
81 59
58 75
51 66
14 55
40 49
39 64
15 92
22 51
49 60
88 87
65 94
19 73
13 23
19 50
36 58
8 21
95 92
82 45
27 51
10 11
74 83
29 72
55 74
96 10
90 8
90 97
7 16
2 86
12 19
88 62
16 56
98 79
17 25
0 14
43 99
94 10
79 95
85 77
18 64
11 66
4 18
93 47
71 97
90 53
87 60
96 30
5 91
40 52
34 51
89 25
94 60
73 85
21 51
58 73
9 44
45 87
88 2
80 48
46 71
9 86
12 77
37 87
77 89
85 33
49 67
32 73
35 88
81 43
16 90
18 90
88 68
36 54
42 47
42 89
83 11
81 1
1 47
42 48
30 75
11 71
28 98
10 60
20 87
3 75
99 25
18 38
59 92
94 47
58 66
1 17
16 67
4 20
46 68
92 70
90 73
97 9
2 75
10 71
28 75
10 76
94 21
82 61
19 28
63 73
39 56
9 93
8 72
82 37
3 39
27 79
26 33
12 24
47 58
80 92
91 4
40 66
48 61
15 69
46 98
85 36
39 47
96 58
19 88
96 69
92 34
20 69
12 28
58 79
28 63
98 1
15 18
45 95
22 53
91 1
4 70
88 64
16 48
24 52
9 87
11 39
7 98
6 51
90 36
99 41
0 7
81 34
80 25
75 78
25 29
13 74
22 36
92 76
85 20
86 36
60 65
81 54
90 76
73 76
97 54
41 73
60 62
23 56
11 30
23 57
17 68
49 80
65 92
93 19
60 71
14 77
1 67
21 23
83 41
99 34
96 25
69 94
43 91
95 7
7 21
9 90
22 25
0 65
12 54
89 12
89 38
45 46
74 94
14 97
58 81
23 24
11 13
4 6
44 69
59 64
95 40
14 35
80 63
30 54
59 75
15 57
99 37
82 65
97 70
69 98
82 50
22 95
64 71
10 20
1 84
44 66
35 49
81 3
23 51
37 72
19 52
87 25
16 27
86 54
4 37
97 68
12 78
88 8
91 40
22 47
91 20
59 95
10 31
60 64
44 76
84 72
10 33
58 78
22 76
19 43
79 99
53 69
86 92
24 82
83 56
34 66
82 53
3 37
72 80
66 85
92 17
92 42
91 66
68 69
28 58
62 77
1 46
7 96
82 69
9 69
83 27
20 57
83 46
8 37
51 81
20 90
17 86
67 84
80 9
16 23
5 71
20 56
35 56
76 83
84 58
90 47
37 96
96 75
36 65
94 59
89 68
89 65
14 23
1 8
31 80
83 69
29 91
73 82
15 88
96 53
9 56
4 15
3 67
95 2
84 79
32 52
83 44
35 63
95 61
88 4
93 50
83 53
25 95
0 25
86 31
93 44
31 44
41 61
95 68
12 73
5 66
39 87
24 34
94 1
99 69
24 85
86 69
75 97
94 44
7 11
46 61
10 53
15 83
30 68
15 23
34 58
32 79
90 43
49 76
40 62
15 65
6 81
76 96
93 40
13 76
15 97
6 33
45 47
60 82
31 56
97 11
22 70
97 45
14 69
23 39
46 54
8 34
4 95
57 64
4 5
22 50
15 61
35 81
55 65
58 93
12 99
29 57
20 83
93 73
13 54
50 58
5 34
89 54
38 98
70 73
56 65
99 66
21 50
56 96
41 78
25 55
83 75
95 62
17 65
19 70
3 9
94 79
72 86
12 26
12 13
96 48
18 39
7 19
12 57
18 82
67 68
38 71
90 41
87 75
4 14
8 55
13 70
41 74
21 71
89 23
34 75
36 40
95 35
81 16
58 65
80 28
87 30
63 98
22 62
43 83
55 78
3 65
30 61
2 5
39 54
87 49
50 72
95 66
16 99
96 21
49 59
0 50
11 49
0 29
84 45
89 17
51 73
58 89
81 65
90 40
76 98
10 78
2 27
73 92
9 28
28 33
4 47
35 69
25 52
28 66
7 63
11 38
6 98
5 47
24 70
20 59
14 44
44 63
6 68
94 88
97 51
87 17
25 35
23 47
21 46
95 1
91 56
53 92
99 97
93 36
84 22
30 98
57 69
13 85
1 52
8 76
99 28
33 60
12 29
39 51
92 67
98 85
88 48
97 53
84 96
11 73
33 54
16 98
34 38
89 40
92 45
41 92
86 47
58 92
16 83
6 23
27 40
17 33
80 39
48 49
74 79
37 89
27 84
89 72
84 36
22 61
64 78
85 74
6 84
93 17
58 74
90 38
26 60
1 61
35 83
84 69
77 83
59 78
11 59
34 88
56 79
5 39
90 55
38 93
4 36
53 88
8 58
7 85
27 44
20 31
77 92
85 3
30 33
1 27
87 43
2 83
43 95
8 20
97 48
32 42
22 71
1 3
63 69
4 55
48 84
16 19
47 72
23 96
81 36
1 42
25 81
84 28
6 12
11 77
94 38
34 48
44 80
20 33
0 26
62 80
85 48
22 37
91 45
4 59
94 39
98 10
85 32
81 9
98 70
97 25
3 96
98 57
84 16
70 71
42 75
10 35
80 89
59 90
73 84
39 50
13 46
42 64
52 91
94 91
13 77
89 18
44 68
97 43
73 88
57 90
83 13
63 66
70 93
32 70
39 83
91 71
46 85
13 36
11 96
65 85
86 13
21 68
80 5
27 49
37 86
92 74
9 75
7 88
9 41
5 90
44 61
10 70
88 30
81 19
20 70
97 62
22 52
92 31
1 92
81 13
18 33
17 55
83 93
77 88
78 86
17 67
96 36
24 65
44 85
1 93
8 86
21 32
35 79
11 46
97 12
88 37
14 26
84 24
93 39
11 19
47 62
28 48
35 51
83 6
27 72
47 95
48 83
28 45
88 79
6 72
86 96
27 68
74 77
37 68
91 57
22 68
59 79
6 42
9 53
3 18
0 87
62 99
74 80
23 74
0 88
53 78
51 57
82 1
23 67
21 70
10 79
96 59
95 11
9 35
2 85
82 8
49 73
13 60
4 62
95 23
90 6
86 34
6 47
62 81
37 60
32 89
39 60
83 71
13 18
93 62
18 73
22 82
86 10
79 96
86 3
93 43
31 49
55 61
18 42
37 46
80 6
57 72
15 91
78 94
4 72
87 18
53 75
14 40
47 79
35 42
81 39
89 35
17 63
2 31
23 81
95 65
68 71
84 34
89 78
26 73
53 89
10 82
13 57
53 57
88 17
15 26
83 40
13 66
77 80
58 98
19 89
29 46
26 91
37 65
0 92
97 95
33 90
94 36
85 23
14 20
89 41
10 44
18 75
97 39
26 32
6 36
8 46
61 70
36 51
22 33
26 65
99 78
88 81
98 92
19 25
4 31
94 17
81 68
92 39
12 36
22 98
5 86
3 69
13 28
54 92
19 66
52 85
24 76
17 43
85 0
35 59
14 47
84 82
90 66
84 50
20 30
90 13
92 16
22 55
83 26
50 76
53 67
7 23
8 77
67 99
98 95
25 84
82 0
84 31
12 95
0 81
5 97
10 24
66 92
30 94
1 11
38 95
80 26
20 44
91 64
18 24
26 81
28 30
16 22
85 22
87 55
10 73
48 76
22 88
40 63
16 43
33 79
3 29
97 28
83 30
81 28
29 65
20 29
94 42
12 21
12 55
83 59
10 57
29 56
97 42
87 64
32 88
6 97
2 38
67 85
20 77
43 73
46 60
86 52
5 11
85 55
1 66
42 50
18 76
15 54
4 83
17 77
39 53
95 17
29 39
21 33
1 5
91 47
95 78
81 29
67 96
70 72
