226 42
19 182
232 140
73 150
105 194
91 246
88 215
42 111
240 98
162 245
35 43
28 69
102 151
53 156
101 142
78 110
137 139
60 179
13 239
229 220
182 230
80 81
90 165
7 63
89 200
120 209
103 226
108 231
13 61
205 229
23 55
249 188
23 237
63 75
105 150
242 219
240 217
66 205
75 105
134 218
35 218
30 38
218 227
42 47
23 104
89 102
8 193
118 183
31 174
228 87
228 245
76 204
32 234
53 237
80 170
148 215
154 180
63 99
245 172
1 3
64 103
188 228
163 225
25 221
25 61
44 93
9 153
16 116
42 74
90 155
124 223
178 243
47 160
4 87
34 179
8 201
244 204
143 161
83 174
246 179
94 167
111 176
249 233
231 244
45 49
225 96
10 119
24 143
95 140
247 73
1 131
14 241
29 125
150 223
80 227
4 141
130 231
129 238
67 105
16 99
87 98
242 151
234 51
21 43
102 230
90 240
144 169
67 207
34 106
119 194
98 194
152 161
14 185
118 199
50 94
147 166
7 233
42 200
62 65
182 227
227 113
119 162
114 162
246 51
16 245
24 210
141 211
12 31
149 220
73 91
1 88
39 184
1 69
50 202
53 221
76 110
4 201
37 53
248 143
16 229
186 220
136 150
244 158
27 39
19 31
233 142
50 185
52 90
51 202
6 124
242 17
222 224
64 75
20 107
238 55
235 8
23 133
90 184
145 232
37 216
35 58
2 243
234 102
248 232
70 100
104 245
160 179
23 87
58 118
26 170
46 111
79 134
154 155
45 74
154 193
249 153
60 169
162 186
49 90
4 59
67 192
249 201
133 211
90 147
7 238
56 178
79 153
86 157
10 173
204 205
152 183
165 196
233 161
118 181
25 112
62 73
25 216
249 68
56 174
23 76
31 124
200 231
50 153
16 73
60 97
112 127
137 211
104 136
227 9
178 208
110 216
105 162
115 120
2 211
138 248
116 147
249 198
44 148
25 245
229 34
39 231
122 180
16 163
92 164
44 203
33 195
126 139
149 182
187 217
29 103
227 17
115 124
27 126
144 231
71 81
248 223
47 204
80 242
78 171
237 62
158 192
59 173
235 113
5 137
25 134
249 44
235 6
102 106
228 234
248 66
51 73
188 192
14 32
106 163
229 92
136 155
1 216
41 86
90 216
26 128
76 223
100 113
162 228
229 239
113 194
72 115
24 111
185 223
80 220
97 112
66 158
149 233
31 243
188 217
76 169
5 176
249 139
116 209
10 48
156 168
101 226
248 96
53 206
17 138
110 122
6 92
127 202
43 110
21 238
81 119
74 179
53 143
32 156
234 48
24 85
158 206
36 185
120 144
153 172
119 133
176 219
244 24
170 209
133 219
33 87
62 84
85 224
71 132
126 184
10 69
37 208
233 216
241 45
128 164
16 207
236 22
109 221
12 109
32 141
129 203
239 134
26 219
96 135
106 206
23 200
87 157
29 100
128 190
94 110
118 189
12 35
97 119
137 192
197 222
67 186
70 196
46 131
127 143
65 148
50 198
44 89
115 168
26 137
26 159
19 74
51 170
34 57
50 79
32 241
229 137
233 147
31 138
230 40
230 222
10 179
11 23
133 173
41 135
164 206
115 224
19 106
138 154
40 201
227 76
142 172
154 208
90 210
54 118
65 139
143 178
40 154
238 9
245 70
33 44
31 83
122 207
225 80
237 101
83 173
237 244
20 176
42 249
225 68
68 79
1 31
134 206
93 100
59 95
49 96
30 128
30 200
136 222
141 217
8 60
237 10
171 180
234 105
221 244
122 143
19 53
122 144
241 38
131 211
22 99
107 165
42 213
240 99
2 98
59 164
46 145
74 80
152 195
54 60
163 192
112 173
42 155
178 234
115 184
170 213
12 140
225 141
226 27
7 10
42 229
77 147
17 46
47 228
87 91
66 137
177 217
48 92
121 206
61 112
67 75
6 85
127 220
20 201
239 18
12 96
100 185
16 37
114 125
22 209
246 139
110 173
88 160
147 198
231 235
97 200
238 232
243 11
32 33
23 183
76 122
15 231
100 122
49 133
38 81
22 167
46 241
50 89
63 161
153 233
98 103
229 91
11 177
23 178
212 213
8 78
75 169
234 115
13 173
10 210
62 174
52 111
33 247
49 141
17 81
241 236
44 211
29 42
237 91
117 234
100 150
244 120
134 138
47 194
186 204
108 249
188 218
238 46
205 223
243 174
77 138
25 30
230 63
51 138
73 222
166 234
236 106
96 160
211 222
18 108
55 142
105 247
41 67
242 217
89 142
29 87
216 222
39 230
121 232
235 228
0 33
88 246
237 75
235 138
89 106
86 163
75 114
6 183
95 109
149 249
153 192
151 179
89 118
238 153
64 84
101 185
226 84
39 101
120 149
85 173
102 175
239 16
40 202
20 180
116 173
46 56
123 168
18 188
107 245
130 242
90 103
202 222
129 172
241 136
118 223
122 226
51 211
160 180
128 245
55 113
48 244
45 205
243 130
1 100
65 172
163 239
80 149
241 122
138 155
12 15
163 229
4 98
73 229
140 225
175 204
164 240
66 212
248 54
162 190
123 144
7 178
247 104
21 35
117 191
119 151
0 40
3 230
106 217
2 139
6 105
228 187
248 214
243 217
180 200
115 154
34 79
30 92
193 202
83 121
12 188
211 237
47 183
142 224
38 101
73 158
111 112
146 193
187 237
84 214
234 21
239 195
186 207
11 61
161 207
235 130
236 5
248 191
75 161
27 89
9 23
134 148
141 157
23 98
122 235
49 79
38 47
120 145
230 138
228 64
99 193
22 157
228 180
8 199
243 102
149 189
22 42
133 151
48 170
102 114
203 218
63 173
1 93
88 186
3 156
18 76
229 233
202 221
11 95
248 72
125 167
5 118
141 174
83 84
228 97
45 55
246 112
201 221
246 53
65 88
123 156
38 84
247 142
69 73
34 211
228 83
240 9
209 230
240 128
244 36
164 211
230 66
248 104
107 182
231 120
80 127
36 103
16 62
87 179
232 37
84 99
233 10
14 171
24 199
113 177
1 61
58 165
246 66
232 24
80 133
227 4
6 131
49 147
54 130
14 111
212 222
67 107
63 194
2 185
37 130
31 107
101 160
230 150
34 170
44 84
3 168
33 49
130 233
0 50
70 205
10 32
246 109
62 125
44 97
5 23
76 151
228 211
197 232
4 104
244 103
96 186
21 96
79 188
248 55
225 210
70 103
174 241
62 158
20 52
60 232
244 91
73 136
50 182
10 63
243 44
43 157
39 229
75 146
88 110
192 241
100 238
58 67
242 207
56 135
171 249
34 91
114 180
226 99
58 158
9 49
77 169
58 146
155 177
62 191
12 227
210 224
156 240
89 189
145 165
47 207
143 199
28 82
79 211
53 166
39 246
148 203
103 121
61 198
138 217
45 216
247 9
137 174
126 175
50 145
53 89
172 209
246 150
156 210
248 120
12 150
100 102
139 149
10 140
245 146
249 247
219 240
61 99
60 62
97 191
107 170
246 101
228 95
45 92
57 95
54 109
118 222
84 232
60 225
208 210
14 138
195 219
33 184
62 206
16 59
53 168
42 108
183 238
114 200
163 193
123 163
85 115
87 173
190 233
181 241
149 183
78 114
2 149
31 205
48 231
147 155
165 225
86 156
20 169
43 230
48 185
134 190
230 151
120 170
227 42
166 204
37 194
58 205
199 216
238 171
49 158
6 145
233 162
127 174
231 94
11 139
2 195
5 83
157 246
234 129
19 102
113 215
150 195
39 57
247 38
11 248
42 185
34 116
84 191
57 123
189 223
247 223
4 187
236 33
21 213
58 73
28 74
31 145
31 140
16 155
247 139
233 185
247 64
123 239
24 219
21 72
199 210
24 54
16 26
240 0
55 76
156 188
119 209
231 126
43 246
20 215
82 214
137 235
45 165
239 39
169 199
234 103
56 109
20 47
19 167
71 234
116 184
30 188
81 152
163 201
0 151
32 46
34 210
249 51
47 153
89 158
80 190
138 189
232 44
9 152
111 219
12 156
134 202
91 165
32 175
102 138
13 200
213 242
168 210
209 229
14 87
40 240
156 242
119 195
26 173
1 201
171 219
151 241
29 145
60 83
159 200
58 213
48 226
80 90
65 225
130 186
234 55
190 218
15 116
75 197
123 195
229 82
58 99
11 236
30 167
153 245
4 169
209 215
40 198
110 215
243 177
122 163
124 237
79 118
75 239
75 207
228 14
80 223
3 218
49 171
74 246
24 201
120 151
248 78
72 124
159 171
63 111
70 179
176 181
230 208
242 183
56 97
71 195
60 87
8 31
55 201
61 123
238 5
136 179
105 180
64 93
25 222
37 213
144 163
107 123
25 156
246 158
61 143
108 211
247 63
114 211
102 222
64 101
244 52
6 88
179 192
231 11
73 166
96 236
142 165
86 94
109 206
23 219
168 198
94 194
53 131
26 129
194 248
61 141
158 210
101 138
69 145
147 171
52 234
13 91
148 210
19 78
239 150
64 82
37 219
41 148
71 189
244 4
156 176
145 155
29 153
133 150
59 151
103 119
233 202
249 77
78 166
91 226
141 156
23 132
129 213
84 132
100 211
225 188
249 79
1 174
80 155
90 138
60 220
90 233
43 63
9 181
32 44
14 43
246 35
25 43
244 219
238 36
8 111
91 200
28 247
96 182
123 134
2 144
104 214
245 148
42 109
138 243
91 156
150 241
144 228
110 241
234 39
240 44
60 217
131 160
94 147
9 139
4 102
6 236
212 244
3 101
47 90
239 172
231 154
198 217
8 43
40 112
132 202
110 165
4 147
231 69
23 196
50 107
13 186
145 171
28 235
23 172
133 157
5 55
30 155
126 200
4 191
69 193
111 203
84 222
53 98
2 244
110 111
104 108
227 148
174 221
115 147
133 180
60 182
140 206
184 216
109 210
234 189
45 91
30 198
25 106
79 99
156 202
36 212
245 145
234 109
8 22
4 149
96 185
68 180
89 210
48 224
41 152
7 131
26 153
172 173
42 187
58 131
234 38
235 248
97 137
30 168
67 244
81 123
249 36
94 236
13 133
61 152
67 174
245 113
246 204
144 207
198 243
49 86
22 72
97 221
1 161
72 117
107 210
237 43
106 195
3 159
10 57
187 233
233 43
226 210
9 127
56 141
235 29
18 168
168 215
166 172
130 228
0 134
21 33
138 221
94 101
170 207
94 168
249 134
82 247
170 206
21 77
157 160
52 148
135 195
160 201
120 235
48 139
99 237
83 246
94 137
67 134
72 222
46 139
241 58
243 96
27 168
175 245
230 194
64 199
22 105
237 135
246 64
0 235
241 176
83 244
132 212
27 249
106 221
43 176
230 118
247 95
89 229
90 144
53 62
123 236
112 200
247 62
91 147
111 156
68 216
90 213
105 233
120 233
92 180
148 228
176 209
197 202
18 22
153 180
233 28
65 180
7 100
109 176
98 139
44 190
70 232
43 132
5 162
64 189
51 222
105 243
238 123
28 152
163 189
239 85
227 120
69 162
152 237
118 180
160 203
32 49
126 222
79 140
129 150
244 75
248 4
55 150
235 237
46 106
89 221
234 233
24 76
26 176
99 163
132 216
226 168
66 150
127 198
121 214
12 210
169 190
69 184
78 169
37 132
14 210
206 247
46 160
32 222
5 47
137 149
246 212
121 213
72 109
157 221
38 158
5 138
131 147
245 39
249 119
95 184
148 199
230 149
60 139
111 174
76 112
45 159
169 206
56 216
124 221
136 247
243 66
97 186
237 0
88 134
7 98
176 207
42 247
23 197
53 70
6 123
41 170
155 213
100 194
106 119
81 230
70 129
71 170
56 78
12 41
149 160
27 187
73 90
17 213
84 110
147 216
62 148
86 103
30 57
130 189
59 146
51 130
77 112
74 97
64 239
125 219
68 223
139 169
22 172
40 217
59 62
126 187
75 156
93 212
16 172
51 193
87 187
56 94
49 113
238 207
112 115
3 160
17 152
193 241
203 237
59 122
242 131
19 224
44 51
94 146
92 146
98 170
176 195
58 171
230 94
92 192
18 195
76 179
235 12
55 203
6 155
146 249
103 186
96 227
70 99
28 186
110 237
53 163
50 208
228 208
45 246
227 102
31 247
76 136
160 224
90 137
190 247
239 48
193 208
26 99
141 241
230 93
45 120
235 194
150 228
75 221
12 149
137 152
52 85
81 183
107 145
235 104
122 249
21 243
41 110
29 227
118 217
57 183
42 52
78 190
45 171
181 200
46 248
96 188
233 209
44 106
243 234
70 235
2 17
125 220
232 17
70 153
0 88
26 82
55 204
241 188
3 73
158 216
36 141
176 230
158 204
85 211
64 150
19 125
55 146
172 178
183 230
3 109
151 245
98 180
110 156
4 195
233 45
105 122
249 110
229 170
48 72
240 17
83 239
37 176
25 57
26 190
15 137
249 96
15 75
54 84
89 101
2 178
45 83
248 244
142 237
68 96
43 146
51 215
69 207
161 187
105 196
112 165
10 40
25 49
21 214
73 179
200 213
33 107
175 225
131 199
7 39
80 142
247 123
62 67
241 34
97 174
225 62
19 70
134 169
122 161
109 117
4 115
16 225
114 223
10 247
84 215
39 85
9 138
27 140
225 224
100 114
71 192
176 215
20 40
36 77
89 152
195 248
23 71
234 112
26 208
21 218
70 114
94 119
94 95
43 218
11 223
159 208
150 236
118 242
0 232
82 138
236 144
71 114
65 153
158 247
99 136
249 35
63 107
225 211
75 202
168 183
196 208
28 160
241 87
177 230
34 45
154 218
34 80
148 232
69 243
242 216
1 117
97 164
106 147
77 238
228 201
46 88
240 114
25 119
54 239
90 130
49 129
236 28
245 231
125 193
10 162
105 147
45 114
73 153
155 161
11 66
238 58
12 205
50 200
55 181
199 204
199 215
49 186
54 224
61 172
150 231
178 206
233 138
88 175
17 154
121 142
168 220
26 49
63 142
247 97
2 48
15 196
39 155
159 219
7 147
181 185
27 122
248 88
117 229
91 240
84 239
77 208
42 181
142 199
214 218
244 128
48 190
72 112
55 80
59 128
27 219
92 141
81 244
117 245
26 246
246 151
113 171
228 80
236 186
84 95
140 203
22 31
8 62
32 99
248 212
141 178
2 208
64 174
137 205
230 89
161 223
185 239
79 193
17 109
195 211
155 173
17 201
180 227
75 87
7 90
226 248
84 96
16 101
5 228
153 213
15 238
229 103
130 174
238 160
23 142
239 188
61 108
30 32
17 139
58 186
106 117
179 214
85 174
129 210
7 152
140 240
231 110
126 166
125 158
7 151
51 232
230 97
73 128
15 140
109 164
21 190
227 116
243 19
115 145
244 118
247 88
237 209
225 15
179 198
31 173
243 137
62 179
158 172
102 145
144 173
16 186
38 203
249 240
96 211
200 246
64 148
242 200
117 228
98 208
242 197
138 197
131 146
102 215
36 99
61 233
151 194
209 222
52 113
22 148
46 150
18 249
139 192
120 141
189 229
87 145
109 150
28 226
58 175
42 62
137 189
239 37
12 95
122 216
65 82
238 228
77 78
42 128
27 206
152 167
178 190
29 147
181 244
107 163
13 179
229 211
248 135
58 242
50 228
50 142
6 9
61 79
150 191
116 142
160 247
62 72
81 210
78 153
167 216
15 16
234 200
194 234
234 89
182 241
210 237
6 247
35 87
245 108
106 215
241 69
27 71
92 129
216 247
156 172
25 198
1 151
3 50
64 191
189 230
80 112
88 238
7 209
246 30
6 230
5 107
121 216
145 198
204 224
20 178
8 94
86 202
143 144
40 236
239 19
70 187
19 84
7 57
7 167
114 115
98 197
146 161
47 182
6 204
243 160
39 233
19 227
167 193
238 239
33 108
249 248
242 211
172 191
246 159
150 204
235 148
97 173
122 245
127 154
225 119
47 81
46 61
0 174
227 44
25 48
127 136
119 189
20 117
236 177
33 220
5 43
10 100
57 72
82 126
141 146
242 12
104 204
239 62
235 11
141 231
21 215
181 207
116 133
51 63
173 239
6 125
140 204
92 189
213 243
98 164
119 164
24 158
29 230
62 141
49 193
24 228
45 185
8 207
226 185
111 186
2 158
42 99
249 104
106 157
219 227
227 128
249 29
33 204
230 50
101 213
63 199
228 143
42 161
20 28
94 209
13 38
29 190
53 171
230 162
227 63
18 235
243 104
12 24
160 219
244 227
243 77
241 24
210 218
5 219
127 194
246 205
133 199
205 207
22 186
51 84
233 70
113 165
44 237
243 1
229 77
99 162
245 100
59 189
75 184
150 244
17 65
123 222
236 120
55 178
142 235
245 84
186 209
49 216
227 50
89 123
3 134
115 197
123 204
29 151
39 197
97 98
104 231
86 166
86 123
40 46
248 9
42 166
229 246
81 221
68 163
35 148
83 162
233 36
138 222
74 203
29 137
44 80
0 201
31 146
12 77
39 218
87 124
106 124
2 228
92 170
39 226
245 139
43 238
226 50
113 211
146 201
25 68
58 179
245 69
70 107
61 144
12 88
49 228
121 211
77 125
60 125
90 238
36 63
129 242
247 117
54 196
226 69
47 149
28 164
96 245
137 206
31 69
24 230
133 183
162 167
55 106
20 230
96 221
44 109
227 123
131 224
2 24
105 121
18 120
22 109
109 132
3 93
79 94
79 144
36 231
12 66
130 223
4 240
113 136
66 188
226 24
87 93
206 241
57 243
12 113
3 79
159 203
149 212
33 188
140 176
181 220
156 247
46 82
93 178
79 245
229 118
53 121
51 59
64 213
42 159
15 245
229 100
31 210
14 219
7 197
211 223
7 45
230 215
218 244
57 158
87 106
70 204
237 94
212 216
87 192
59 231
101 139
62 107
11 147
225 32
85 93
22 89
227 72
65 230
143 232
247 161
239 225
236 206
248 73
161 239
44 164
49 88
116 235
112 116
54 240
115 129
108 131
2 165
102 136
4 52
109 140
64 113
243 5
96 147
169 176
107 154
19 137
236 103
0 175
130 153
112 248
104 187
22 94
0 128
153 231
247 94
31 81
91 247
163 194
112 179
108 158
48 159
166 198
50 240
95 169
249 226
124 169
67 208
202 214
28 55
40 129
4 209
203 206
39 104
158 241
165 239
62 180
24 115
40 119
176 220
166 217
241 161
191 192
85 177
55 231
104 158
236 135
87 120
244 130
123 201
228 161
75 76
237 28
117 136
107 184
110 211
237 208
80 165
228 174
236 86
90 189
116 151
108 173
106 169
72 173
98 155
232 92
190 195
20 156
235 208
162 211
26 77
172 220
172 212
141 198
52 60
75 208
87 114
167 190
71 233
248 154
91 106
32 172
244 27
10 194
7 21
37 175
63 190
240 177
92 127
177 237
3 41
84 140
115 210
75 100
23 53
165 206
141 237
102 239
25 223
228 157
129 149
120 171
71 242
110 123
25 63
98 163
81 246
190 226
234 246
61 64
15 172
33 135
67 151
42 90
27 107
133 159
52 182
159 214
15 110
15 81
12 21
96 112
26 63
230 44
238 162
158 236
40 57
114 191
233 174
248 155
55 141
5 152
6 114
172 181
245 21
117 132
239 125
98 200
193 214
241 170
234 64
1 155
247 224
5 67
248 91
25 56
170 193
84 126
95 176
236 143
139 233
32 198
125 126
101 127
48 75
226 111
144 183
100 124
241 68
74 79
10 141
100 148
197 201
12 64
226 68
31 172
89 199
42 154
12 178
18 230
54 222
7 170
84 113
148 204
163 177
131 202
58 71
54 233
109 211
51 91
33 75
5 60
69 154
184 188
81 141
123 131
199 211
153 236
166 209
239 178
22 81
248 132
76 191
174 212
16 153
230 214
180 224
45 167
107 152
52 154
27 124
14 193
43 103
36 209
56 63
244 196
38 76
229 124
240 109
83 199
82 199
221 234
19 244
11 184
229 240
5 212
90 106
38 162
91 150
43 220
84 249
26 205
95 231
29 222
0 210
33 209
3 165
35 95
140 163
11 175
218 246
68 199
240 154
237 47
1 92
58 159
76 201
3 86
74 174
20 94
43 123
165 186
72 110
48 218
54 126
151 153
202 224
120 222
113 184
93 118
168 189
230 134
32 203
139 212
38 179
150 222
19 199
207 248
17 91
64 140
235 166
231 136
232 136
99 202
153 183
244 49
86 87
118 141
243 154
65 112
139 178
44 150
69 123
25 74
63 236
14 44
142 188
247 248
19 49
55 92
229 21
33 147
242 2
6 142
172 185
104 159
132 168
10 185
114 230
5 104
98 115
101 218
68 154
88 236
49 70
79 169
0 56
108 147
34 184
135 241
106 203
78 217
238 117
144 198
238 185
171 190
138 195
15 244
119 230
123 164
242 169
178 212
110 136
69 197
41 226
67 188
62 120
217 244
171 235
167 246
35 123
26 151
133 223
95 189
204 210
44 215
249 140
242 244
92 249
244 29
182 210
246 79
95 119
247 126
2 53
34 195
63 129
241 15
244 8
235 232
81 226
236 157
41 85
69 121
73 135
69 215
0 211
233 92
23 107
94 188
32 199
95 138
244 222
14 132
124 207
95 149
38 157
83 97
134 234
240 172
79 163
237 11
229 95
60 223
86 247
47 65
241 221
47 230
43 112
14 108
135 179
8 212
82 95
12 141
77 235
119 161
22 64
138 241
93 106
19 226
53 55
184 244
116 172
7 190
139 161
1 159
168 201
48 99
64 156
43 198
10 223
230 219
58 233
157 210
97 176
71 180
19 75
140 183
66 160
31 152
22 237
35 232
229 129
124 154
25 94
22 122
91 154
52 216
29 107
90 188
246 142
14 66
34 43
230 13
240 72
119 141
6 61
20 200
240 216
8 209
163 238
209 226
150 165
237 114
19 156
197 236
124 139
102 110
238 201
161 190
137 207
136 217
226 15
55 132
246 192
239 108
116 205
90 164
5 39
43 187
24 68
84 165
52 70
123 172
184 208
188 209
75 157
82 228
118 133
249 156
245 188
52 227
79 107
186 246
226 133
101 168
62 220
237 143
93 104
52 168
193 232
146 238
19 170
31 42
189 217
147 246
57 169
1 5
10 138
108 155
3 217
246 140
67 99
238 47
38 60
145 207
104 155
111 150
85 142
29 158
80 171
228 116
96 214
21 204
151 157
97 153
118 152
234 226
39 77
70 110
171 212
245 76
40 161
4 235
1 224
35 102
78 174
239 148
99 200
238 236
173 218
196 221
109 163
64 65
102 228
35 188
114 221
26 70
114 178
17 75
77 151
239 217
157 164
247 96
100 189
245 60
28 59
247 125
1 203
20 37
55 208
241 30
20 42
18 115
83 168
17 142
8 77
121 192
19 27
20 59
113 183
23 169
12 45
36 146
140 169
31 169
33 38
45 145
44 184
2 107
215 245
138 171
129 158
47 211
158 232
25 73
0 59
83 192
137 156
4 112
139 168
234 216
155 201
40 141
121 222
85 96
116 177
248 144
15 51
3 138
174 246
12 206
5 129
123 147
58 203
191 235
169 238
35 179
89 233
51 70
127 238
35 127
41 114
80 182
233 231
186 239
119 154
18 90
96 98
1 191
79 100
233 164
170 195
90 99
80 161
13 59
205 235
106 125
234 99
103 126
142 173
33 178
225 157
2 194
14 99
86 149
97 118
49 242
108 146
147 148
242 66
131 161
102 121
51 242
247 35
26 236
71 231
105 185
95 180
81 107
228 73
23 191
3 87
6 181
3 28
128 179
91 225
215 222
119 208
227 65
79 179
164 201
95 164
102 157
116 226
60 89
243 111
122 228
60 215
117 143
10 225
237 145
96 131
1 46
36 66
55 210
26 209
38 62
20 179
74 207
118 236
77 167
17 107
214 225
107 192
128 209
243 180
9 132
41 159
226 147
217 234
124 165
156 181
120 121
23 84
148 192
19 143
197 208
35 208
113 206
227 176
244 135
76 121
65 95
142 155
217 232
84 114
144 170
227 189
69 143
57 211
144 160
67 130
143 202
48 180
62 218
144 154
76 164
32 139
51 154
190 191
1 164
127 159
88 153
160 214
177 184
64 146
238 156
239 218
19 191
228 120
64 98
156 216
84 167
88 135
124 159
182 218
30 51
115 199
193 245
28 107
228 192
95 163
156 213
160 169
117 220
71 220
111 141
229 41
8 107
42 207
228 164
27 42
24 157
57 209
243 28
113 196
82 162
5 229
152 168
39 210
61 148
104 131
8 72
230 205
38 109
80 187
18 89
137 218
4 129
189 237
37 48
186 190
111 137
102 143
236 134
159 170
71 165
6 76
163 245
226 93
139 237
72 224
180 184
28 97
186 206
64 114
11 57
25 212
201 231
228 61
23 221
95 190
31 56
64 245
130 222
24 190
162 206
0 53
36 51
237 107
80 193
111 134
239 205
6 157
57 230
17 233
13 149
110 138
104 109
66 106
130 195
78 213
237 16
68 85
15 103
246 130
174 190
151 172
235 125
21 112
90 218
244 68
116 154
40 117
0 159
117 210
93 175
236 100
83 219
40 147
230 211
244 182
9 13
97 129
170 180
109 207
238 12
12 32
100 139
116 240
181 206
142 230
148 158
228 151
174 175
166 229
28 38
123 145
7 174
76 85
230 9
66 175
53 130
37 141
48 199
146 184
18 215
203 244
165 214
166 187
18 240
9 246
36 116
65 228
37 102
159 202
240 26
246 215
102 211
19 25
171 193
236 222
87 108
236 60
89 176
60 116
32 97
228 183
58 126
232 69
2 41
145 196
32 137
236 166
72 220
199 237
134 207
232 88
83 172
108 193
185 235
136 201
229 58
26 211
45 105
29 200
52 186
169 207
234 148
115 211
167 209
185 216
120 185
107 207
226 2
42 184
149 223
52 149
246 181
198 213
113 175
16 77
108 240
230 83
95 170
227 92
156 186
63 200
158 160
107 198
155 170
235 7
83 104
42 193
93 208
60 141
231 146
22 204
91 183
16 228
50 106
47 128
28 110
0 182
1 188
242 122
76 216
42 178
35 56
41 113
128 175
22 217
42 216
27 132
40 122
157 188
11 169
229 230
227 1
18 199
33 222
232 114
50 183
235 45
46 113
133 181
13 155
15 68
40 55
31 49
98 181
232 99
162 225
192 222
182 205
12 19
165 180
2 222
149 172
72 153
226 79
103 160
47 142
225 24
242 68
231 174
229 228
30 247
17 105
37 181
234 173
90 118
43 154
175 218
84 196
202 229
16 215
236 64
45 50
101 118
94 201
228 153
33 67
6 57
25 28
226 110
102 149
198 220
247 177
10 106
171 200
63 211
179 237
243 191
66 247
59 96
32 37
232 142
47 85
131 169
41 185
18 198
19 51
75 173
238 172
102 111
121 157
57 61
227 221
63 80
20 109
108 210
31 221
22 219
78 106
131 143
225 14
18 205
95 105
35 70
239 145
115 225
42 96
39 206
91 120
68 111
9 18
88 114
231 37
66 140
5 41
87 208
246 211
42 167
141 155
119 181
21 152
143 225
69 211
230 125
122 247
216 238
115 245
118 241
37 124
86 131
246 138
61 113
85 106
240 138
133 217
21 235
247 36
15 148
57 190
136 228
83 149
155 237
132 188
34 54
105 241
79 180
227 61
21 29
61 109
88 144
63 101
232 97
228 163
93 198
148 177
87 92
238 87
103 248
226 186
56 168
46 173
235 56
175 236
52 195
27 176
7 187
6 62
25 46
238 45
246 233
8 71
111 193
67 74
17 136
226 215
107 205
41 164
51 178
20 131
70 131
138 234
141 196
238 91
181 213
13 238
58 112
236 84
7 231
183 222
165 199
79 214
208 234
104 216
104 105
57 189
3 241
130 234
51 245
117 224
194 196
26 239
163 167
230 204
20 172
225 55
102 205
187 210
94 154
46 60
13 30
12 230
19 131
27 243
189 226
89 181
128 159
182 192
187 189
132 218
74 170
71 186
52 160
52 233
116 201
1 10
163 240
246 170
28 223
17 111
146 158
82 109
31 127
229 213
244 13
148 219
16 94
37 52
103 177
10 27
60 198
95 246
59 222
6 83
232 161
235 197
201 205
80 181
95 154
101 249
118 153
187 192
46 116
41 134
41 72
54 162
206 224
22 188
114 126
129 243
53 193
102 220
229 182
232 233
104 227
30 56
19 116
6 30
104 237
9 83
150 232
125 242
108 110
227 133
8 28
56 69
94 219
157 176
145 189
111 123
97 182
13 128
71 240
131 241
86 112
234 202
76 207
34 148
83 236
59 162
87 143
159 194
130 207
50 148
25 172
122 156
55 189
65 231
82 204
119 196
67 110
15 98
118 150
33 120
32 40
242 196
1 22
245 123
165 197
77 157
28 173
64 144
12 76
196 201
249 155
86 196
1 229
241 12
41 48
19 194
124 225
47 89
79 112
45 122
41 180
84 211
39 194
227 224
32 239
51 168
157 234
122 125
124 144
86 130
33 227
187 209
225 134
128 136
104 206
43 189
144 153
103 224
43 96
8 120
105 227
214 217
55 135
237 97
83 196
36 101
80 202
50 161
43 68
226 7
22 161
116 144
57 219
242 62
92 151
49 112
173 194
84 230
14 145
92 100
102 135
86 225
28 99
59 226
70 231
87 236
236 14
138 168
151 163
235 220
72 178
75 235
12 180
214 216
69 79
238 66
139 204
107 181
146 182
142 176
61 102
20 248
10 68
41 54
11 249
60 75
39 148
5 215
71 98
180 189
142 222
48 198
95 225
70 207
200 217
14 55
41 217
37 214
50 90
1 15
100 153
143 192
44 191
109 225
80 192
246 223
73 137
159 195
240 39
57 135
85 190
113 116
41 62
9 43
6 223
37 244
67 77
105 178
27 239
42 110
15 149
2 218
163 183
150 162
72 228
79 96
209 238
241 108
154 209
38 108
7 241
234 196
66 112
227 179
147 249
19 129
8 57
125 188
41 167
20 34
54 234
27 61
97 202
4 215
92 218
171 197
27 146
155 221
172 233
99 214
232 157
103 107
76 196
43 179
71 86
238 69
229 74
12 213
98 110
122 129
84 216
243 195
10 36
167 210
24 136
2 75
21 58
96 234
190 198
122 182
203 213
40 92
81 94
43 244
39 45
12 173
65 98
99 141
235 230
13 43
27 65
182 219
141 188
25 128
13 207
137 244
1 199
86 210
45 89
249 107
149 247
10 121
73 99
66 121
4 238
16 128
70 168
48 166
246 86
81 237
102 153
89 171
139 202
153 225
237 121
241 144
114 228
133 216
14 238
153 205
14 242
29 66
48 66
239 235
248 31
147 211
109 190
30 149
42 114
5 147
30 103
245 207
139 142
233 150
48 161
240 121
57 97
7 34
28 73
238 200
129 216
119 202
245 190
50 69
126 148
229 147
149 242
27 142
22 239
226 228
145 247
59 191
101 149
29 115
24 25
47 236
7 62
189 220
126 191
243 124
229 108
227 69
75 96
211 218
39 225
200 208
13 116
238 23
72 234
233 24
210 212
227 22
51 106
65 246
230 168
59 129
8 172
244 202
157 240
57 80
191 240
35 140
40 113
120 226
79 152
90 100
113 241
199 233
121 208
12 124
43 81
18 60
118 173
24 166
15 181
14 90
4 172
10 70
241 155
177 202
65 158
106 123
102 200
64 169
9 116
244 119
2 143
82 155
166 218
113 127
105 130
109 152
76 197
246 6
76 163
139 239
142 209
27 36
4 83
83 203
232 75
14 239
22 40
111 223
7 171
66 167
246 28
124 194
47 73
32 79
64 202
229 127
3 161
116 211
15 128
51 173
82 123
69 195
151 173
28 111
139 166
152 206
23 64
12 179
207 234
167 217
68 145
22 174
0 138
233 14
10 154
121 138
63 162
131 191
4 203
143 201
59 60
165 192
94 140
199 238
9 93
146 220
95 173
228 121
11 127
63 153
57 234
49 76
86 106
10 177
0 187
8 93
33 78
87 167
37 223
195 208
42 145
10 189
33 103
154 189
190 230
142 154
158 167
242 193
57 88
82 144
57 159
150 216
63 90
89 248
231 27
131 205
11 214
128 146
40 172
125 153
155 202
224 246
149 191
96 121
11 88
15 177
70 192
14 188
39 84
83 195
57 131
13 17
21 42
58 231
60 77
46 157
117 137
31 177
73 82
11 40
9 109
11 26
231 97
225 180
21 219
101 115
239 157
47 84
227 74
158 212
184 233
241 152
149 243
6 205
14 208
244 178
62 205
8 139
229 18
58 249
95 235
45 140
105 184
113 162
9 105
1 167
118 177
0 8
5 28
74 99
161 227
10 133
59 139
47 117
249 164
113 149
16 118
89 159
126 241
15 112
6 194
49 69
230 90
42 190
144 235
0 242
34 219
117 217
39 94
8 56
69 230
97 167
50 144
111 244
138 207
33 90
84 241
146 172
125 226
242 109
19 152
245 140
60 86
248 220
172 184
1 94
206 216
91 177
79 183
15 115
15 159
24 174
22 136
12 87
40 211
80 120
96 138
34 153
152 207
128 192
8 101
64 179
71 167
243 148
21 95
40 153
80 114
235 9
76 206
13 168
54 57
161 249
72 122
8 223
24 104
27 174
236 246
85 141
246 165
230 221
50 100
60 130
42 220
58 152
36 80
119 238
4 225
151 240
32 219
119 138
102 208
243 68
228 216
19 55
118 140
3 193
140 175
27 32
227 212
207 249
189 206
70 208
131 159
52 65
19 39
48 235
33 63
36 108
40 151
100 216
132 222
236 189
36 91
237 162
28 51
31 209
239 9
42 126
217 229
62 163
66 187
81 224
29 95
51 235
79 190
30 202
21 242
30 165
131 152
192 194
173 191
51 152
245 184
176 204
145 235
34 190
136 227
12 191
8 75
91 166
237 4
51 72
40 108
60 160
71 146
8 18
137 173
215 218
233 44
139 209
222 243
36 74
91 142
100 222
68 117
119 145
227 134
91 122
147 236
46 249
27 159
48 219
15 138
248 65
206 222
246 155
123 196
114 209
24 188
47 208
17 200
110 192
127 213
115 217
84 189
104 166
151 182
78 105
248 186
33 74
8 12
135 189
49 140
36 128
1 90
8 239
18 203
110 147
91 222
237 190
197 219
142 210
206 248
119 223
11 194
15 152
8 47
231 86
244 88
224 231
14 142
81 176
134 223
114 229
113 174
6 18
87 100
66 201
121 143
187 198
30 187
190 199
18 217
27 192
203 239
30 189
181 225
196 223
230 52
50 171
171 189
230 202
199 200
238 244
243 90
47 186
59 247
8 213
27 214
214 223
243 122
106 185
66 206
102 147
51 135
166 195
219 241
32 58
72 147
48 100
7 246
237 132
17 170
220 232
131 196
235 218
28 92
129 132
119 144
17 66
64 138
237 96
94 220
232 106
89 203
5 204
80 139
73 157
200 211
16 243
143 242
233 159
75 144
2 237
247 185
167 177
108 198
160 166
56 79
88 217
164 231
243 197
74 184
74 102
29 50
227 99
243 100
230 80
33 229
249 126
4 66
42 135
107 173
56 189
230 128
13 157
184 186
20 111
241 223
41 182
156 183
228 197
191 236
247 110
63 205
85 196
238 225
215 236
150 181
153 204
149 164
51 64
58 93
210 221
162 202
11 209
37 123
96 124
139 145
185 206
227 88
205 208
21 157
8 13
54 218
60 157
241 59
59 163
166 223
138 183
165 185
54 143
63 143
70 210
214 229
48 103
167 220
9 200
52 166
227 172
38 191
62 113
159 165
9 121
222 227
243 0
115 246
72 139
6 42
145 160
208 248
48 146
150 176
97 99
24 127
65 125
19 90
16 193
13 214
38 80
46 148
142 241
78 216
205 233
37 165
118 220
225 37
113 248
226 188
197 227
99 212
6 122
54 249
112 237
40 67
34 59
73 89
97 160
67 214
235 226
132 182
16 214
37 104
63 187
46 237
95 135
127 248
240 86
34 64
117 226
235 64
66 101
208 229
112 178
39 232
41 192
130 208
25 114
7 61
69 168
6 55
59 136
57 240
243 84
0 183
54 140
4 130
201 247
30 182
42 211
25 146
48 77
230 70
25 220
46 126
102 236
244 142
7 91
127 243
11 176
179 205
96 179
33 182
90 115
34 144
54 95
230 217
247 29
147 174
80 175
190 232
47 157
229 105
88 191
183 212
54 179
64 115
47 66
104 122
35 118
65 217
235 74
199 227
57 214
230 11
17 186
70 215
97 125
24 67
26 37
41 69
228 19
14 209
31 215
17 161
75 219
229 218
18 54
249 50
76 118
187 196
99 181
15 176
22 199
139 243
232 55
70 201
182 202
45 219
32 80
235 136
34 169
111 138
235 206
11 207
42 238
108 127
117 163
105 198
61 213
154 158
20 61
73 232
141 199
23 41
235 186
50 175
66 99
68 229
10 241
125 203
95 230
178 216
57 120
2 21
231 45
164 210
134 179
73 181
210 222
131 203
81 113
89 165
232 173
36 184
41 138
213 220
113 228
38 50
131 226
203 245
228 177
70 209
90 186
229 102
43 215
90 134
226 213
31 51
52 170
80 140
37 148
246 209
71 125
8 103
68 76
28 201
16 249
51 183
69 91
3 240
51 69
15 121
9 63
229 110
10 122
83 242
238 215
51 198
158 211
34 123
45 169
246 14
88 230
0 71
118 123
200 243
98 184
36 81
74 182
62 223
101 145
81 177
18 109
88 182
144 175
115 139
57 167
36 173
108 199
229 175
122 152
117 194
85 114
43 119
14 29
1 212
246 96
64 105
98 102
30 135
142 177
82 246
51 228
25 34
40 177
126 237
65 197
236 137
40 95
92 203
9 87
64 66
18 117
227 109
95 202
0 25
123 126
246 129
149 175
1 246
230 137
30 228
128 154
119 216
2 173
71 92
114 120
249 74
79 142
105 136
1 19
84 108
49 220
74 191
15 93
237 102
98 201
170 184
171 228
111 172
230 213
228 230
229 181
71 152
123 234
132 223
240 69
165 179
223 225
66 74
121 132
227 66
146 205
103 217
94 197
33 180
78 179
82 224
167 248
81 219
166 214
86 145
242 60
34 145
115 219
70 242
90 127
37 242
9 162
61 87
93 194
6 54
41 125
10 130
32 48
101 210
201 215
5 90
48 95
238 176
244 117
37 184
8 67
7 225
243 85
17 207
247 240
207 227
21 160
17 220
8 179
226 12
236 67
139 141
25 37
231 186
133 186
172 188
158 181
178 217
80 214
238 89
18 34
106 107
23 62
30 172
33 153
137 144
238 218
248 8
111 205
56 150
229 46
15 123
18 210
49 175
28 72
27 69
38 120
37 120
48 183
125 127
84 131
17 228
91 125
34 65
87 197
77 188
227 122
148 225
161 243
33 183
62 195
28 46
249 199
55 219
78 219
21 120
87 138
45 139
25 111
240 142
56 147
59 104
74 168
89 219
113 152
70 183
150 205
24 236
85 148
76 188
9 91
244 205
52 198
127 211
0 30
238 59
179 217
160 178
181 233
45 206
82 120
233 35
78 97
1 58
74 230
92 175
139 193
90 135
213 221
239 2
66 67
131 216
66 237
69 177
229 154
100 138
3 170
75 187
237 83
45 46
229 152
210 246
70 111
198 226
237 115
19 41
53 109
243 179
93 207
30 152
6 221
41 225
165 166
234 27
191 204
115 148
5 142
247 99
33 230
78 84
87 123
21 244
37 155
30 248
63 148
150 159
243 74
77 191
245 105
214 236
134 154
9 157
51 194
44 210
116 125
137 166
156 212
165 248
205 220
41 71
21 163
124 141
58 125
126 155
234 76
34 147
135 155
204 247
201 242
64 89
1 80
84 136
232 28
55 186
10 124
63 229
232 38
99 166
245 144
125 173
244 73
36 55
87 146
235 110
91 148
29 78
21 24
160 241
26 112
30 245
243 114
45 175
54 211
20 38
21 198
239 208
166 237
58 106
42 218
112 201
22 248
249 117
51 146
10 199
39 48
33 241
39 96
248 27
64 157
17 86
56 66
88 196
68 185
19 44
104 172
125 229
20 195
138 224
86 140
57 162
149 232
177 214
10 186
19 135
83 211
225 242
121 226
134 167
61 68
75 97
12 26
59 168
90 217
7 122
12 102
29 82
245 170
76 86
51 113
66 139
136 197
59 216
104 184
118 211
229 197
132 195
249 62
133 238
114 116
8 154
231 34
21 64
9 191
54 230
135 249
154 212
237 163
132 210
47 241
28 139
34 71
121 231
239 113
97 229
10 163
243 53
156 227
127 153
10 87
239 78
61 173
44 224
19 112
11 246
239 219
130 227
47 178
118 134
32 193
149 218
114 186
233 96
198 248
215 229
67 82
23 182
4 123
64 229
66 180
241 207
132 207
178 228
95 132
91 100
26 126
77 168
235 234
113 172
107 132
49 225
236 133
68 144
99 238
10 116
152 235
30 82
167 185
227 5
19 141
123 137
71 243
113 236
232 213
94 106
42 164
246 68
9 120
134 186
140 199
231 18
202 226
38 155
233 97
245 127
127 179
66 84
32 197
158 197
152 244
190 248
152 157
134 238
47 158
197 220
125 200
229 164
17 20
95 174
28 94
110 214
168 231
53 183
241 198
160 202
130 241
74 211
80 201
29 81
95 146
48 156
232 219
16 203
239 63
47 187
54 131
33 159
32 104
37 191
82 83
30 205
157 227
238 212
68 234
73 122
3 221
65 203
93 171
49 212
37 163
229 169
230 98
62 231
45 201
89 220
225 202
89 207
168 247
143 231
6 185
61 139
249 98
30 123
32 112
44 107
82 213
227 35
207 213
243 162
70 119
168 203
145 187
243 181
79 215
17 23
75 243
86 155
87 247
8 125
54 98
45 228
115 203
127 191
149 166
8 133
97 169
13 28
57 163
163 180
79 189
66 208
35 114
101 103
235 224
98 239
33 121
136 170
58 129
39 188
84 231
211 215
90 148
32 100
114 122
229 133
107 191
94 227
18 172
99 228
45 218
51 224
56 190
44 145
15 48
97 203
35 242
122 126
10 43
105 160
162 166
41 44
115 135
126 146
228 133
211 219
233 140
154 211
85 156
247 124
102 201
180 220
129 181
185 203
25 227
158 209
67 203
231 66
50 57
10 31
245 49
159 216
246 84
20 222
83 156
61 240
31 77
24 141
40 235
249 31
193 204
1 211
238 60
95 158
30 194
33 219
242 43
97 241
102 130
43 52
132 160
98 134
26 191
27 45
120 148
94 228
240 16
42 147
236 169
19 34
112 168
145 209
32 208
43 105
137 161
40 66
88 241
239 50
53 129
218 221
64 117
88 138
241 166
230 161
4 70
176 231
188 220
2 123
29 152
186 213
84 242
82 94
187 249
73 223
122 169
32 215
62 132
121 199
2 109
109 236
1 132
234 29
51 165
106 239
53 214
230 76
182 228
66 162
77 196
240 7
76 175
118 149
248 192
38 46
61 145
62 184
64 91
56 116
35 162
18 46
237 80
102 174
51 221
15 201
16 76
43 214
79 227
32 113
174 197
68 208
170 224
72 188
88 161
246 222
65 166
155 240
108 209
9 39
155 231
9 147
41 66
243 142
244 149
238 53
146 147
24 196
155 193
247 199
54 219
1 146
57 225
31 149
82 151
40 88
184 249
26 59
41 206
36 38
185 213
85 146
113 181
53 64
38 186
233 6
236 130
17 209
242 180
139 154
106 142
27 162
187 245
116 166
16 79
38 212
33 60
64 172
222 240
41 249
63 195
11 153
12 222
14 51
83 213
129 194
20 199
14 165
247 11
66 244
42 98
74 201
58 237
92 212
107 202
86 221
229 183
85 88
10 171
187 246
42 68
33 152
95 98
9 102
34 122
53 187
231 57
106 245
247 74
246 55
71 107
99 216
47 99
49 142
58 195
36 138
124 204
39 110
105 129
241 117
63 234
136 212
9 128
103 167
191 229
100 212
91 114
29 188
154 159
34 98
237 105
110 131
32 231
85 192
15 56
21 205
51 196
10 248
93 112
7 18
237 201
60 120
64 142
247 232
164 189
117 181
155 203
168 196
78 205
88 198
86 214
140 228
76 139
32 130
56 115
24 38
182 239
62 103
53 202
9 204
133 169
28 85
233 146
98 238
127 189
42 225
41 47
65 219
52 169
89 216
192 221
170 233
149 161
236 187
39 138
150 160
48 188
60 165
199 235
98 198
233 84
231 100
160 168
126 240
237 140
225 79
106 176
104 203
219 234
24 248
115 242
55 102
1 67
10 105
226 135
128 236
6 187
67 149
153 217
182 216
235 183
35 122
3 19
109 136
93 111
70 125
32 233
228 154
92 113
229 222
214 224
141 215
9 106
241 213
21 28
48 82
225 72
245 112
11 199
6 40
80 216
43 226
232 101
53 75
67 200
63 218
225 169
230 49
16 119
237 133
126 188
58 104
74 214
55 121
52 194
134 210
229 241
228 25
40 51
82 148
98 104
228 33
6 89
46 119
69 229
43 106
109 143
36 172
227 86
192 203
107 128
6 109
100 205
177 205
114 189
227 178
232 78
13 176
178 183
32 209
67 181
106 209
161 163
85 170
95 216
141 180
11 196
4 223
133 177
48 54
159 227
1 112
121 204
124 245
239 44
90 215
137 172
78 125
3 21
35 71
16 132
129 244
247 171
19 145
243 120
23 34
79 156
166 182
3 70
168 208
110 130
14 109
110 144
136 198
37 103
229 219
26 166
247 111
6 50
96 196
64 159
134 242
238 63
47 62
127 177
231 161
50 194
226 180
82 210
130 143
149 208
121 207
49 53
41 150
120 191
232 48
137 181
85 219
22 160
104 189
43 65
244 1
244 44
81 130
166 244
243 219
2 145
25 150
125 233
147 205
125 186
248 150
142 234
165 219
86 107
240 192
179 184
112 221
129 163
123 191
69 112
56 210
1 36
22 110
58 84
246 120
235 105
245 10
232 162
111 229
26 140
14 126
4 137
111 144
17 175
90 198
162 208
148 237
72 184
27 73
235 69
245 161
116 198
35 121
10 88
124 234
159 179
91 204
57 66
67 141
13 247
37 55
59 63
32 188
7 195
45 60
28 212
148 152
23 159
20 129
2 78
54 183
16 120
5 13
54 169
102 132
244 169
3 37
198 205
232 90
131 222
43 169
11 218
94 210
245 208
12 34
3 58
53 134
226 220
47 139
123 129
118 158
61 207
174 218
239 212
248 203
232 124
11 94
210 211
111 241
134 135
200 247
55 249
30 75
174 178
42 142
229 40
20 31
7 179
107 148
64 145
77 172
117 232
4 12
55 193
38 77
27 247
96 114
239 169
239 201
35 150
226 153
131 239
248 111
99 170
244 54
77 141
241 5
16 233
50 78
100 226
85 99
100 143
155 167
60 185
102 182
70 195
12 175
93 231
126 202
118 127
75 248
226 36
94 216
168 200
189 246
147 185
73 171
18 124
108 190
27 163
26 193
30 69
163 191
186 187
67 123
140 235
126 238
57 229
26 189
125 222
100 103
226 216
240 171
0 173
234 161
9 165
238 166
239 210
92 179
241 91
95 215
12 120
143 238
62 157
125 134
241 50
52 205
86 226
107 157
119 227
59 71
155 229
3 33
2 153
91 214
188 200
81 242
19 192
75 127
54 182
97 123
146 168
101 191
190 215
12 197
18 102
88 96
244 211
81 225
21 34
18 32
127 182
57 100
227 169
120 175
68 137
15 136
87 121
119 134
80 146
2 59
73 141
228 32
71 204
228 57
84 144
37 224
56 182
19 132
36 186
17 247
67 106
102 134
242 209
168 176
80 219
44 104
245 98
23 68
233 75
175 211
117 201
231 20
61 182
130 204
133 143
165 210
26 39
239 168
210 223
42 153
232 179
86 228
131 232
61 174
68 131
231 138
73 238
109 229
233 34
228 131
62 115
39 161
28 79
180 201
142 218
237 1
2 97
89 245
0 42
198 237
158 223
9 74
78 93
57 140
233 57
18 68
8 92
48 84
232 26
111 167
37 63
151 232
169 198
28 100
97 168
84 208
236 62
232 201
70 193
91 139
65 222
83 136
41 244
86 102
113 212
138 150
8 127
48 71
20 171
2 219
136 153
7 69
19 151
87 156
103 211
107 144
11 36
225 125
235 98
186 200
26 27
117 193
88 147
66 228
4 249
29 72
134 194
151 213
24 202
24 66
147 242
44 170
67 73
15 92
108 120
153 185
236 178
105 117
245 194
60 186
96 103
106 213
27 101
247 65
46 140
234 186
63 137
100 136
104 195
49 168
160 217
69 179
16 143
197 217
147 182
122 127
20 89
19 126
227 142
39 113
178 189
55 58
83 226
7 224
21 55
71 133
159 213
92 238
67 86
80 85
61 229
248 168
4 182
67 165
188 203
149 197
137 165
105 144
151 243
25 127
243 126
125 185
3 126
119 131
112 130
34 137
76 125
57 193
40 196
68 224
134 226
103 161
227 20
98 206
230 61
22 106
112 161
66 115
41 99
239 175
120 156
135 165
248 237
54 146
230 156
96 203
54 92
9 175
203 242
145 210
53 107
112 210
6 164
157 209
242 166
231 1
96 148
14 161
23 80
86 194
2 19
54 176
1 184
233 177
171 178
19 200
9 21
42 112
16 111
21 126
159 163
17 174
65 77
56 144
53 135
78 85
68 134
44 72
85 241
249 120
78 122
185 217
21 31
137 178
74 202
120 122
242 89
74 105
17 148
168 172
238 141
122 210
236 211
139 156
83 206
189 211
222 237
26 38
44 46
209 211
70 194
175 221
27 127
237 229
2 160
171 194
210 235
90 178
8 121
233 217
118 231
234 119
100 241
101 114
6 99
21 40
49 127
28 156
98 173
38 141
69 167
143 176
225 167
51 150
27 92
234 240
45 85
2 94
209 249
24 69
42 158
231 128
154 168
93 94
247 14
243 41
85 168
248 14
76 97
206 244
44 70
241 29
249 166
114 156
81 186
8 14
59 78
2 189
69 219
26 40
115 188
11 142
249 138
31 109
35 170
242 160
140 223
33 56
230 112
150 153
107 206
236 151
227 60
104 119
29 171
69 248
108 121
109 205
23 167
32 136
92 148
109 146
130 184
93 174
239 45
127 151
182 193
70 98
169 247
221 236
115 126
68 87
178 192
247 184
232 72
50 170
161 174
34 165
167 230
109 133
1 21
216 220
35 189
73 156
132 226
31 218
95 99
137 143
9 211
63 175
72 167
239 246
55 56
3 98
117 128
232 129
12 220
240 218
16 93
248 236
53 116
120 220
244 155
130 145
78 155
84 106
124 129
99 113
5 184
161 194
213 223
138 232
226 77
48 70
82 105
39 211
151 204
80 147
19 165
56 176
64 122
124 140
231 43
45 194
65 80
232 202
95 114
82 161
244 148
22 154
143 164
92 142
27 44
19 87
212 228
85 183
194 201
53 157
135 184
13 224
115 153
10 67
65 170
48 157
3 91
86 176
27 216
40 72
76 128
15 216
83 218
122 145
52 214
9 119
187 221
38 238
109 231
110 166
95 152
245 225
225 196
44 229
20 142
239 142
236 195
82 111
73 117
45 48
58 137
25 189
240 55
48 115
93 137
22 173
8 217
26 117
249 221
153 191
69 71
108 175
53 102
176 179
83 233
15 24
59 175
112 243
2 80
58 68
112 167
76 140
67 116
37 59
100 246
128 169
103 106
32 243
158 243
177 179
14 133
31 142
105 179
73 88
110 224
56 67
229 234
12 86
7 153
15 57
28 29
77 156
236 145
96 136
33 164
46 211
236 162
66 70
50 82
44 81
235 37
234 94
238 195
67 224
3 153
130 151
76 247
57 139
89 174
236 119
188 190
34 118
10 39
117 215
69 74
58 141
18 241
32 184
43 125
118 166
187 194
21 82
170 228
61 91
44 166
94 202
115 238
75 165
113 145
42 160
249 57
16 171
92 183
41 187
0 178
20 124
133 242
11 242
247 114
1 34
80 196
182 223
190 240
244 131
150 237
4 221
126 134
112 177
50 83
244 180
8 240
30 193
235 196
244 84
247 183
45 166
30 244
49 131
209 248
8 99
79 216
183 216
7 41
6 101
235 181
20 245
22 215
53 188
226 207
236 131
51 201
64 97
226 1
14 118
54 100
110 194
30 71
55 179
196 211
228 139
117 185
231 47
48 228
235 241
242 248
66 135
40 169
110 154
39 179
146 236
133 189
215 219
8 147
228 213
104 114
145 159
249 196
48 243
138 169
79 181
41 178
95 128
111 173
6 19
64 166
79 111
29 148
40 158
210 227
69 157
5 203
241 60
53 180
53 144
184 211
241 39
163 181
11 190
133 174
185 240
13 243
21 158
33 105
10 115
28 109
84 149
133 248
127 149
129 190
123 177
9 88
207 235
112 240
212 218
12 57
221 247
84 134
13 95
62 196
141 200
44 167
81 92
139 191
135 235
31 39
147 243
227 215
19 176
62 100
69 216
65 224
43 207
21 168
23 128
2 216
226 49
242 26
39 99
161 224
85 133
239 147
61 170
239 66
26 207
67 96
93 215
82 186
109 214
6 222
53 81
76 149
25 182
35 59
54 142
5 155
31 103
63 246
106 138
112 152
226 8
119 167
28 193
174 182
55 138
1 134
185 228
246 113
227 186
129 160
111 215
58 168
173 198
237 103
33 177
12 200
171 198
154 183
229 107
35 234
178 194
22 208
38 104
181 226
6 111
102 245
103 122
243 143
168 241
226 144
163 216
52 222
42 172
247 103
230 166
191 193
14 110
1 14
72 125
146 192
143 184
26 210
50 189
30 104
62 207
8 130
176 210
71 105
77 215
14 48
29 189
133 214
77 193
236 34
110 202
68 101
21 102
230 56
69 169
144 192
166 168
70 72
96 168
72 230
62 210
2 248
246 213
55 207
2 91
236 8
22 50
39 167
43 93
230 124
100 175
141 192
3 228
83 95
77 164
110 126
94 128
77 239
5 46
186 196
38 143
47 115
179 218
126 234
127 208
145 186
46 176
28 140
164 245
169 202
97 121
156 165
146 164
86 125
42 92
249 186
226 174
108 182
122 173
92 174
118 175
225 105
241 65
34 136
9 79
127 219
53 71
53 108
79 136
26 155
134 177
231 82
52 69
6 214
229 224
25 226
246 21
45 119
119 130
101 194
10 29
15 155
246 116
127 190
79 88
7 85
134 151
60 137
51 156
5 153
115 208
242 194
61 166
9 68
242 168
61 125
35 81
99 194
63 216
31 233
205 214
102 164
214 233
228 34
91 186
229 25
241 187
64 209
34 103
71 229
238 213
43 163
15 247
128 207
4 106
60 237
164 234
231 46
238 108
24 82
88 128
127 150
170 248
85 104
239 117
68 116
54 66
240 224
226 61
40 219
24 72
96 189
27 131
246 176
11 239
81 143
140 157
5 230
108 242
225 93
48 113
64 238
228 4
27 128
49 111
249 17
117 179
158 226
41 179
61 153
23 206
12 139
232 45
38 235
70 140
37 209
43 111
0 66
128 219
127 231
222 234
2 33
205 222
10 206
246 20
23 152
237 19
87 198
131 175
49 181
16 28
6 11
6 69
232 2
198 214
30 213
5 78
82 160
44 134
151 192
205 236
29 187
231 169
239 200
29 67
116 148
100 207
236 200
0 185
228 35
134 201
238 1
21 173
243 3
135 204
175 214
47 202
25 27
15 77
165 204
149 201
48 165
187 208
23 81
86 211
58 60
36 136
32 45
24 103
12 126
14 54
109 159
219 231
105 139
73 224
15 215
47 54
4 208
107 180
155 160
141 185
111 113
70 81
8 113
44 58
53 84
46 242
64 104
77 133
54 83
245 111
107 164
125 214
237 38
249 100
105 146
244 72
28 66
126 197
37 91
67 101
74 197
38 57
6 147
20 135
145 218
156 237
35 175
7 140
167 184
225 171
197 214
54 229
139 158
92 245
140 193
31 134
237 57
45 128
245 28
240 5
3 246
227 214
247 84
196 236
14 83
2 35
35 237
27 83
126 159
13 174
51 240
247 72
18 202
59 70
140 190
248 147
113 187
9 96
233 65
36 204
136 185
19 193
19 79
246 124
20 57
37 50
30 67
68 157
154 222
14 112
38 107
246 146
93 243
243 221
38 90
3 142
10 155
60 248
7 65
5 93
142 143
117 142
229 98
58 248
176 198
104 125
33 41
8 227
27 246
195 198
18 26
75 106
235 106
73 173
146 177
168 184
12 155
249 20
234 60
43 66
2 204
1 176
234 182
164 221
113 180
162 172
31 224
103 221
102 116
49 179
96 208
41 155
15 228
87 89
86 174
3 125
54 96
99 153
13 94
238 157
235 201
64 126
33 65
242 101
27 147
20 242
50 116
85 249
238 107
84 193
35 200
9 108
58 211
239 216
228 206
10 81
33 232
248 181
11 200
137 145
243 103
225 178
40 206
239 109
246 67
231 184
71 223
87 88
113 138
46 243
246 180
34 77
13 237
143 217
16 51
154 174
94 151
115 214
152 208
48 210
62 110
61 197
31 202
240 19
23 75
173 224
110 187
237 178
13 73
61 206
67 199
118 146
95 165
6 118
7 70
30 115
13 161
227 145
37 172
157 219
231 175
52 53
87 134
82 149
184 248
236 101
23 139
25 92
134 212
227 162
204 245
122 240
31 141
234 143
2 168
46 226
0 215
152 194
105 205
39 146
240 160
50 75
209 223
244 109
51 116
178 241
73 76
138 164
156 246
167 245
80 189
29 46
18 238
132 159
245 41
107 187
125 165
41 126
83 222
129 184
138 184
96 239
83 249
88 151
242 10
12 244
19 127
242 132
36 199
164 220
103 185
24 186
22 181
246 73
6 8
70 85
131 243
51 149
231 122
236 17
53 158
80 97
2 206
47 170
75 199
80 226
81 213
141 158
81 179
13 110
105 218
71 177
118 126
129 186
58 181
121 137
190 213
53 148
249 37
230 122
147 153
118 130
138 209
13 115
86 170
189 210
225 248
123 133
56 62
77 132
238 175
18 74
109 138
97 144
245 85
96 165
111 114
24 194
244 125
244 89
112 174
249 231
68 222
30 159
194 243
81 114
52 248
84 105
9 89
188 248
122 157
41 232
171 185
82 181
241 99
111 130
246 232
101 157
101 141
48 112
82 170
220 249
169 237
144 234
204 226
57 224
104 128
31 74
230 115
109 126
2 12
76 143
83 144
45 173
124 213
151 158
249 8
40 103
21 121
178 210
84 86
52 58
236 136
11 108
230 237
2 26
249 61
196 213
212 224
19 235
1 113
11 44
213 219
84 188
96 192
233 60
149 193
114 117
70 169
87 169
249 48
47 180
232 172
99 222
90 193
28 209
29 166
99 109
225 216
232 154
11 179
22 75
64 187
182 184
17 221
163 199
144 151
13 228
92 221
103 195
23 37
11 77
12 145
97 214
132 176
248 35
114 194
134 139
49 233
244 50
242 148
18 36
187 201
73 145
37 198
2 240
110 134
2 207
232 8
242 50
244 112
13 39
175 249
87 142
44 154
77 227
51 141
236 59
126 205
86 138
141 175
115 223
13 108
113 208
243 34
247 153
20 115
183 194
111 209
226 219
117 212
3 144
237 158
98 166
57 179
17 146
39 214
67 148
67 206
90 150
159 190
5 66
166 206
49 56
59 158
226 150
97 108
11 29
113 200
70 219
150 184
238 61
203 224
172 179
45 179
16 95
19 52
9 245
187 193
8 74
16 40
66 110
78 137
101 156
100 230
230 139
229 119
10 244
25 129
247 154
190 219
142 159
123 154
247 147
33 162
22 33
14 33
40 218
236 85
41 98
242 234
40 71
38 111
246 248
239 211
64 151
165 223
173 211
235 97
158 190
34 78
76 100
17 43
156 235
27 33
78 197
0 105
42 43
47 61
158 165
74 188
142 169
82 237
31 179
10 47
17 117
83 154
208 221
118 185
234 213
70 144
239 213
22 52
245 83
113 117
41 218
159 188
153 248
146 214
186 241
134 147
40 225
113 199
154 207
28 204
170 203
239 136
87 144
50 174
235 2
249 23
177 215
249 86
236 55
86 172
86 199
77 244
69 152
0 101
89 135
165 216
34 158
46 161
56 60
225 123
33 213
162 194
62 117
23 93
112 143
24 49
26 156
13 210
245 75
52 165
44 139
94 100
11 125
176 185
76 228
140 149
229 30
30 144
147 232
79 197
87 115
19 100
5 71
37 205
113 141
86 197
32 69
218 231
216 221
39 242
40 89
235 5
93 223
104 193
76 138
146 157
14 96
227 83
94 198
40 244
48 109
83 127
91 143
137 219
166 183
244 170
52 246
60 191
2 150
38 41
94 245
52 95
200 218
0 76
240 81
118 247
40 115
150 240
196 237
212 214
45 147
194 207
48 104
75 249
237 175
225 197
111 147
86 161
28 167
236 30
26 90
149 203
226 200
57 215
73 102
231 113
27 197
150 227
76 215
228 218
175 248
61 235
57 203
109 112
42 156
1 138
235 212
90 200
85 247
216 236
91 218
57 121
9 202
35 109
49 201
89 184
59 195
249 47
228 0
4 76
82 198
225 52
32 56
34 135
226 66
18 191
71 155
120 132
1 152
163 221
87 181
135 203
45 79
102 197
146 224
226 148
71 218
97 157
8 35
38 70
153 212
63 104
32 106
25 117
193 244
50 103
32 173
231 98
247 0
17 30
41 43
22 139
245 54
145 215
58 149
127 176
161 200
41 223
15 235
5 156
238 174
141 184
173 184
34 140
71 184
194 240
240 123
46 73
198 221
45 158
31 37
100 240
41 84
11 53
18 53
115 174
65 122
244 190
118 171
45 141
109 228
242 110
249 230
5 145
200 223
233 78
237 176
77 154
96 164
176 217
67 125
155 204
0 21
248 159
167 236
79 129
80 231
31 55
227 117
154 199
120 147
211 247
20 187
231 68
11 219
14 153
102 184
27 43
225 204
239 179
49 92
20 33
110 137
32 150
244 69
243 218
15 20
126 149
114 149
74 169
6 208
29 88
155 197
242 13
86 218
41 51
18 75
236 105
38 199
44 183
176 242
136 234
148 163
2 200
27 60
55 183
4 65
234 139
28 127
78 224
39 182
235 58
9 125
103 212
86 235
3 45
58 228
130 187
241 129
225 208
121 141
225 20
238 114
45 187
109 247
134 181
10 76
23 108
104 145
86 121
143 177
8 21
126 217
87 171
76 156
57 124
242 221
68 95
190 192
77 90
38 207
86 222
38 230
100 112
18 212
226 232
37 67
246 202
227 85
10 166
55 103
248 152
243 166
72 76
45 75
134 156
246 102
79 106
33 91
146 165
177 210
77 108
46 104
170 182
98 106
135 207
47 213
136 176
12 73
66 133
7 130
133 138
65 236
143 218
44 223
17 194
5 178
11 72
130 157
70 238
218 248
244 93
30 133
43 188
1 144
39 141
6 59
234 183
2 4
233 220
27 183
27 104
48 176
238 83
227 129
84 179
243 215
178 235
74 248
13 158
238 57
125 217
73 84
229 96
203 227
207 240
36 85
87 158
52 89
7 180
234 131
169 248
13 145
245 81
246 12
159 225
234 75
28 189
217 247
81 199
98 158
18 209
138 194
233 59
71 202
24 249
142 195
83 142
54 123
76 162
32 194
106 233
32 127
17 59
248 151
15 37
28 178
35 78
96 193
28 96
83 177
243 76
65 240
1 248
93 102
12 169
69 139
53 205
76 166
12 184
227 149
23 61
30 130
146 247
92 158
245 135
231 165
18 228
166 190
0 43
112 223
232 123
146 186
43 183
100 214
118 176
31 57
24 120
52 114
137 141
70 158
56 131
231 147
1 205
74 198
156 179
157 194
119 136
76 142
234 58
229 140
83 165
17 214
248 122
21 25
31 34
151 235
119 153
121 219
144 150
