66 244
102 125
93 219
222 58
80 149
228 76
25 224
50 158
236 81
37 164
23 29
1 155
33 145
152 155
211 84
238 81
105 194
146 236
17 70
60 91
180 243
249 230
247 80
238 117
5 135
43 166
95 102
205 10
38 87
132 145
111 150
170 46
121 161
207 67
74 225
241 116
103 190
181 97
64 152
140 198
69 231
82 133
224 39
60 207
10 53
206 232
156 65
165 152
246 222
193 19
59 129
148 171
187 154
71 132
184 18
208 38
160 95
93 143
14 196
173 9
201 224
38 154
51 214
57 164
105 146
111 135
29 80
3 16
189 144
39 96
151 115
166 111
2 64
34 41
188 23
241 213
54 242
240 238
190 125
141 237
70 130
216 206
172 194
123 138
237 153
159 243
229 90
156 28
170 104
43 177
185 192
124 182
183 98
75 146
165 44
211 128
30 87
45 120
71 83
162 20
231 162
131 151
210 129
239 152
31 83
17 57
112 126
48 146
222 43
10 33
222 117
31 151
157 64
158 33
128 219
225 33
5 21
100 209
89 97
174 51
244 3
7 30
174 223
39 237
173 37
162 34
139 183
185 247
236 182
87 146
80 171
230 149
204 214
150 44
103 118
160 187
161 100
12 226
217 105
200 94
145 160
82 241
109 249
66 238
31 163
150 204
182 133
221 135
232 235
179 99
167 150
49 159
232 78
121 226
151 84
11 207
193 123
93 112
120 169
45 122
183 84
202 83
214 6
2 126
45 157
215 133
159 135
136 167
223 24
115 179
56 105
1 99
113 143
6 92
103 124
195 77
179 147
20 81
26 172
25 38
216 37
42 234
220 168
29 129
18 140
30 248
114 129
126 137
166 162
160 86
205 112
9 158
46 71
201 240
28 174
4 24
234 219
1 175
18 152
58 87
184 59
13 72
216 192
207 144
197 14
188 142
73 219
34 197
167 48
72 148
76 96
104 240
238 140
79 151
13 78
67 180
93 104
180 137
88 116
136 219
202 27
56 152
128 226
197 150
70 85
171 182
40 48
130 201
31 161
50 91
6 169
71 99
231 139
21 84
165 134
212 97
108 239
84 94
214 131
34 45
85 130
35 125
26 210
122 217
99 219
170 159
218 129
115 188
222 23
47 189
125 229
107 222
20 178
16 132
153 10
240 28
153 132
209 52
174 219
232 17
113 206
240 6
131 171
50 230
242 232
166 138
83 189
205 161
87 193
66 241
55 149
233 34
111 133
35 186
40 58
197 138
126 172
92 135
160 85
160 5
31 177
150 50
18 104
52 80
34 184
115 184
99 210
37 231
124 187
155 32
25 116
25 173
166 46
32 91
68 122
234 222
168 39
68 164
40 172
115 226
78 166
33 77
87 144
30 240
71 108
40 86
198 187
13 145
153 151
158 186
182 58
234 127
39 99
193 120
27 121
155 124
211 130
235 118
125 170
165 38
97 139
20 232
44 153
89 235
191 95
84 166
243 58
165 61
14 210
131 233
9 20
53 243
93 222
43 163
43 140
11 171
233 33
197 144
26 113
161 12
233 113
12 45
127 180
5 104
18 199
180 142
36 174
178 94
182 92
178 184
212 82
166 235
239 167
186 83
53 91
173 32
63 166
21 68
127 214
218 232
8 23
74 136
29 102
13 95
169 231
6 10
69 74
153 60
8 129
127 162
135 188
151 90
112 177
68 234
49 71
209 50
79 103
199 119
169 137
200 216
219 60
53 190
161 41
61 232
220 52
183 41
236 174
208 52
158 10
65 103
234 143
4 196
144 183
30 158
139 174
169 98
75 194
133 144
40 230
45 72
235 179
122 141
117 122
4 142
30 137
56 183
227 98
211 224
14 18
16 186
229 236
146 187
113 218
81 90
15 221
62 89
226 0
237 198
14 249
71 124
245 49
178 144
200 24
195 34
15 88
89 159
154 102
11 37
37 144
47 91
24 173
168 101
18 108
125 243
231 28
73 145
159 140
217 33
40 62
26 231
128 137
130 192
184 2
172 159
102 246
72 147
76 146
216 7
77 240
181 121
6 151
130 132
62 108
226 21
70 77
202 10
89 217
183 235
210 142
134 229
17 144
217 58
249 100
240 209
84 144
248 237
116 120
236 185
17 148
25 171
243 228
42 72
245 88
234 83
155 5
63 131
124 129
186 235
243 139
17 165
155 197
43 74
207 79
181 95
187 169
165 33
195 36
36 118
240 231
61 171
89 212
36 198
216 128
37 169
182 3
19 26
16 72
178 157
177 155
72 156
237 46
31 116
42 65
178 156
19 91
192 136
20 74
128 241
49 59
1 48
94 156
15 36
118 132
222 211
24 96
158 71
211 248
76 241
96 120
194 220
189 50
83 170
77 112
44 68
154 90
183 76
125 206
191 130
56 161
68 218
249 64
9 151
159 142
11 177
99 175
156 162
235 115
220 142
9 147
161 1
196 87
241 37
234 128
65 207
58 228
171 70
220 18
3 139
37 148
237 85
158 56
219 24
34 101
6 54
159 141
134 170
157 182
37 196
172 67
241 51
234 78
108 195
165 148
71 201
178 32
14 76
162 208
150 151
195 178
69 106
184 156
39 169
90 102
113 168
183 59
109 117
222 123
204 35
34 91
17 31
88 134
96 169
168 73
182 189
0 223
63 107
12 91
244 126
128 218
46 73
246 48
180 79
48 108
13 110
245 16
173 62
99 211
164 60
82 238
96 125
22 133
43 104
241 75
206 66
148 164
63 178
91 120
62 249
200 106
98 246
92 235
149 184
164 88
26 243
16 168
110 162
89 129
162 44
145 182
43 164
174 244
154 114
200 58
239 141
117 165
28 130
172 64
34 121
47 53
119 174
201 80
177 5
42 44
174 142
28 220
170 91
98 151
240 18
26 176
235 155
215 12
116 117
50 121
13 241
93 114
45 202
12 174
162 56
95 176
38 125
152 83
37 84
205 227
203 232
116 184
169 41
158 76
43 75
173 207
178 168
84 169
163 243
119 203
118 187
54 248
69 138
17 125
171 113
34 244
115 177
56 87
212 141
94 166
131 211
243 191
57 67
178 12
163 225
134 181
84 120
227 52
133 160
238 180
63 243
111 191
122 225
63 113
208 83
172 20
163 161
193 226
38 140
27 83
75 138
112 118
180 224
126 171
240 66
18 239
104 156
59 219
233 223
150 62
62 113
41 121
149 158
23 141
195 45
181 188
203 108
224 54
207 86
44 135
148 209
236 129
111 228
110 228
88 208
31 75
192 206
198 126
49 88
42 109
179 128
175 27
161 71
59 93
43 128
154 146
17 97
118 126
32 240
177 206
235 248
215 39
37 108
71 176
137 215
195 197
171 15
166 44
190 14
141 143
186 172
114 190
29 213
71 118
75 207
28 42
225 15
59 229
169 65
10 201
218 217
232 25
22 39
50 207
106 137
172 135
154 137
247 135
221 10
1 64
31 40
23 149
144 145
219 12
33 239
199 181
129 227
197 208
185 13
64 82
240 55
244 123
26 139
23 195
166 2
174 246
10 210
60 105
106 129
13 153
197 161
103 165
198 249
200 10
155 64
173 138
31 76
160 132
157 83
35 52
31 99
116 145
213 190
58 219
58 188
31 84
147 212
200 16
241 86
161 199
225 125
80 133
111 205
38 226
63 201
144 243
160 45
158 129
76 173
242 185
26 214
72 109
51 61
231 144
164 7
193 64
248 140
38 172
94 99
244 0
26 60
30 172
66 176
91 115
121 214
50 85
198 181
7 14
206 88
0 217
102 127
240 36
100 167
92 152
20 72
212 117
72 126
214 185
54 174
85 152
29 67
30 91
208 129
49 228
224 240
230 217
9 153
147 243
24 210
82 223
6 7
41 142
246 83
11 153
247 111
199 118
224 216
211 93
141 230
171 46
199 69
48 227
25 140
166 0
170 113
88 93
139 147
214 66
2 59
86 163
218 122
27 191
135 187
185 10
49 221
175 199
107 229
200 118
67 88
67 140
172 25
160 9
175 145
73 204
230 83
94 131
34 229
228 140
131 136
142 153
232 88
201 194
168 124
77 91
228 48
210 12
19 169
100 175
87 126
34 159
225 124
194 36
49 137
47 106
150 22
116 141
228 200
153 173
196 71
154 185
37 118
239 3
221 161
175 192
206 169
243 96
90 144
57 135
187 17
62 104
85 108
225 120
152 121
54 185
51 95
61 230
29 61
14 82
93 188
224 32
37 111
132 238
92 217
178 91
18 75
140 227
205 17
45 206
24 191
162 136
61 91
240 13
174 53
235 3
201 36
177 127
22 82
45 107
95 200
150 41
52 212
52 129
174 241
100 137
145 243
57 126
57 132
246 103
232 108
219 78
70 234
239 157
186 80
0 60
237 118
176 179
200 63
223 221
25 111
156 35
11 69
53 169
206 70
16 37
204 222
91 244
4 210
181 191
92 184
104 109
243 115
62 102
151 122
195 12
239 42
7 53
206 65
43 206
77 126
5 216
21 111
135 215
151 160
207 103
22 130
188 180
60 175
7 189
207 1
5 245
175 21
185 249
42 243
40 68
248 136
242 22
148 226
215 242
54 116
24 47
186 87
7 165
230 60
113 212
10 133
27 100
57 140
183 3
232 58
82 131
165 78
206 148
44 139
170 86
123 216
217 49
61 71
179 140
222 6
51 175
24 212
207 7
191 3
102 240
63 156
192 135
25 237
192 35
204 13
197 79
13 229
13 236
195 122
173 72
1 11
19 49
155 87
27 68
86 146
90 247
174 116
172 215
249 141
168 138
211 34
124 212
81 199
247 225
224 11
157 127
101 202
207 217
141 205
190 173
101 169
31 172
247 115
188 2
139 240
29 165
217 220
189 149
14 234
38 93
226 55
85 231
14 25
110 235
8 195
71 110
32 193
43 188
116 198
225 17
174 5
121 237
61 97
135 217
65 101
117 143
207 69
36 200
207 234
154 25
229 99
180 112
153 27
25 56
162 115
43 91
130 199
138 210
203 105
241 96
159 106
213 87
204 38
178 124
107 110
19 36
113 191
11 220
76 230
35 214
153 62
85 183
112 160
151 89
155 106
97 231
239 23
248 183
189 4
21 210
184 89
25 63
21 60
216 173
189 161
191 196
7 115
225 85
8 199
202 98
29 230
116 181
29 110
16 66
87 110
150 59
125 213
133 248
33 78
207 6
242 8
105 135
59 118
93 217
3 49
35 145
6 217
194 15
164 25
46 193
203 79
129 164
163 166
107 151
64 137
212 11
13 30
35 97
198 41
216 107
25 138
181 100
192 16
26 109
96 237
12 171
228 31
57 74
185 199
4 203
35 198
180 103
20 159
238 93
248 27
192 143
213 242
87 189
54 62
86 193
7 161
204 4
200 54
169 234
230 147
195 129
109 130
10 149
189 66
212 76
236 141
245 233
44 97
59 90
235 9
59 134
3 138
91 132
1 156
4 168
190 205
246 97
32 100
199 195
211 80
11 144
180 37
8 56
9 79
18 54
42 110
123 225
11 125
9 72
243 18
247 103
106 219
57 239
152 176
57 115
45 222
166 56
218 147
217 104
52 125
10 162
52 194
36 50
218 30
27 34
194 112
80 100
140 208
233 32
204 81
33 90
230 116
131 142
154 116
212 99
13 242
20 242
218 2
51 118
167 54
32 65
19 222
4 199
28 34
64 208
176 158
215 5
181 29
10 243
240 96
178 142
15 132
12 247
228 152
94 112
205 57
244 196
162 47
92 111
120 247
230 82
230 52
4 40
15 162
145 224
188 114
208 144
59 205
77 164
151 50
69 88
46 148
165 199
61 131
71 91
125 150
175 166
70 247
14 16
96 154
63 124
119 141
36 75
171 53
246 70
176 20
112 241
108 186
2 217
117 170
240 93
1 170
192 155
248 87
13 15
170 145
22 209
36 41
150 106
160 242
81 89
162 227
244 120
28 121
212 161
48 214
222 238
222 108
59 114
9 227
12 135
28 194
131 237
230 85
59 67
5 173
117 134
30 167
103 248
177 76
83 110
107 241
35 87
121 195
175 32
201 162
5 14
190 111
244 231
190 221
105 205
217 61
13 100
33 156
231 30
87 134
38 213
202 41
71 116
35 216
40 164
72 232
194 174
87 140
69 80
3 66
40 131
180 25
38 76
83 215
235 25
114 171
121 184
152 147
231 86
131 223
194 2
242 47
168 55
231 15
140 217
87 159
45 109
22 202
163 14
192 83
14 111
107 235
54 108
22 203
192 230
212 8
71 97
202 48
54 243
179 63
11 19
65 106
165 112
146 182
21 154
80 144
228 103
106 128
199 29
94 222
176 137
43 180
72 220
218 228
24 130
2 124
27 210
220 129
213 171
126 184
220 128
24 124
97 197
152 95
157 86
205 191
236 241
33 44
174 220
79 232
221 131
212 59
124 170
1 84
153 152
40 109
182 32
125 182
46 180
7 228
160 62
21 201
35 124
2 223
75 88
225 138
84 138
22 28
8 51
234 130
104 133
241 23
206 129
11 115
26 151
220 54
109 113
212 162
223 50
151 161
247 125
132 205
171 9
137 159
151 36
117 241
165 90
227 181
76 229
133 201
117 192
14 84
6 91
195 75
181 228
188 75
172 78
153 102
203 113
155 171
223 88
155 176
20 114
83 224
60 215
123 160
10 159
17 110
43 121
95 134
221 85
11 129
217 64
233 116
156 50
82 206
206 189
198 216
193 17
239 89
9 81
153 148
245 1
12 130
32 141
139 229
186 170
68 246
150 57
81 209
128 177
83 125
77 80
158 38
64 151
68 232
25 199
54 85
214 135
177 41
148 196
228 57
62 182
132 202
230 14
111 231
170 68
171 38
131 210
225 178
200 3
141 197
166 215
242 52
2 190
186 36
71 207
66 100
220 131
113 209
195 219
211 187
247 97
194 117
64 166
162 131
94 220
22 186
245 123
4 60
223 12
208 97
6 204
160 48
157 188
11 120
161 152
67 220
112 128
62 74
188 88
102 238
41 220
163 143
157 168
205 137
79 143
91 127
156 24
152 27
161 222
207 21
190 195
173 18
74 91
221 100
217 100
116 136
64 228
164 33
60 113
68 149
161 181
178 46
93 199
195 52
228 5
28 154
185 50
122 125
108 136
134 150
54 173
206 61
249 118
45 161
49 128
37 178
170 94
19 43
67 152
116 118
41 54
171 107
165 59
176 48
29 201
1 67
18 73
119 210
44 180
41 49
148 234
202 99
214 139
225 5
233 15
238 123
35 120
138 205
221 229
162 105
166 186
11 50
28 195
190 128
164 50
23 246
22 64
90 108
23 243
13 121
43 52
120 123
61 92
32 110
222 83
104 123
154 105
32 226
63 172
88 209
77 231
22 147
167 4
134 162
66 164
3 124
61 115
62 76
171 138
109 141
2 151
0 77
183 227
159 213
124 243
234 180
13 127
120 184
153 91
34 237
156 48
19 56
58 139
102 229
171 240
30 40
5 91
222 35
86 214
11 181
230 24
64 73
1 125
130 214
154 54
181 112
176 161
70 82
240 31
51 195
221 116
17 123
25 155
249 2
129 175
113 227
8 203
20 53
5 157
222 200
71 81
236 24
73 84
21 82
140 223
9 57
30 73
4 247
169 29
114 124
69 156
2 140
14 112
93 165
106 249
40 44
242 26
158 157
145 239
181 13
238 28
86 246
89 167
242 178
205 230
206 75
147 194
14 39
216 4
3 42
228 188
8 66
179 19
224 20
120 148
49 79
162 137
231 117
3 115
15 28
14 203
34 249
119 146
103 134
178 202
241 246
20 111
12 71
118 138
65 99
65 170
191 107
9 34
214 126
41 114
220 37
66 202
193 183
165 95
2 138
245 57
176 97
154 155
179 181
129 186
148 180
71 107
83 228
76 214
219 105
76 231
151 28
155 40
139 225
192 78
17 198
16 45
160 58
206 11
103 131
1 96
62 184
174 84
117 177
162 168
93 95
11 27
121 191
2 245
243 88
106 180
91 224
118 220
34 154
67 159
138 232
164 141
238 52
217 131
133 221
7 84
86 240
74 102
216 19
14 175
249 226
34 67
197 18
239 47
236 27
211 90
230 62
177 140
37 77
205 226
99 171
194 232
214 58
212 153
151 60
68 241
163 204
207 26
148 182
142 246
199 219
187 162
190 79
3 218
124 126
115 123
1 43
201 30
169 16
79 219
193 16
235 18
7 199
24 89
181 18
9 24
222 76
213 140
248 58
199 218
199 6
211 58
129 188
124 248
163 48
195 118
229 126
176 201
6 209
146 158
83 194
102 146
109 159
122 220
187 176
199 141
8 210
180 172
162 53
194 204
78 121
215 56
57 203
93 141
220 13
50 169
219 143
186 58
7 110
52 132
183 70
218 1
98 121
227 28
156 101
106 188
244 30
104 241
248 118
153 30
197 39
80 163
230 112
104 143
221 30
142 235
7 15
239 102
129 214
49 103
164 203
151 234
245 192
30 242
191 170
156 215
228 248
47 136
8 40
59 101
17 85
191 0
71 125
0 139
245 119
2 93
197 102
192 99
34 181
53 100
121 155
131 165
192 51
48 79
5 18
230 134
198 70
211 120
17 45
160 102
115 240
178 147
22 171
178 129
168 135
243 61
44 167
3 141
142 215
234 163
166 240
199 157
83 166
132 200
121 149
224 51
193 61
195 100
104 110
180 88
19 20
173 81
206 122
112 221
18 71
239 115
175 107
103 116
173 14
109 238
4 202
169 162
151 34
188 61
202 167
32 101
197 75
203 235
198 201
207 119
168 47
130 196
143 226
94 163
223 147
220 21
235 161
155 62
179 114
41 68
93 138
33 134
63 75
114 183
4 38
199 112
87 105
202 81
219 205
0 120
76 199
80 181
231 134
95 153
137 155
16 33
121 221
48 201
149 248
211 135
115 161
158 3
50 59
27 36
166 88
149 202
233 25
94 231
229 19
214 177
161 132
130 144
144 201
244 95
7 215
23 161
182 13
27 158
56 79
123 247
193 141
164 46
42 174
17 78
21 46
9 129
241 103
39 77
12 186
111 184
82 140
55 89
227 133
15 70
56 75
243 129
221 230
154 222
27 95
102 145
226 110
133 220
58 212
26 124
223 142
237 47
169 143
205 238
41 209
148 200
177 16
34 219
87 176
129 161
133 169
150 108
218 28
56 134
181 3
168 31
204 231
182 85
191 105
191 76
224 44
129 235
234 12
68 136
21 161
50 89
43 148
235 37
68 76
101 193
97 161
155 222
85 91
228 209
45 96
0 195
87 135
172 171
237 20
64 87
64 139
240 245
106 208
118 179
43 120
38 88
45 182
235 87
25 205
29 246
247 134
9 27
24 84
155 52
84 219
15 77
23 145
148 155
103 198
107 170
241 115
24 103
221 148
121 164
1 151
165 18
222 34
197 200
0 178
194 56
96 184
65 192
151 62
31 89
163 111
160 18
197 56
125 237
24 68
4 245
29 197
22 142
188 25
50 116
177 160
249 40
180 110
242 86
114 232
176 11
47 212
136 189
91 106
18 86
2 25
61 234
40 114
57 162
225 25
62 106
9 168
189 178
96 238
41 193
11 54
204 29
70 109
2 112
0 238
232 107
28 236
55 134
226 174
206 162
81 94
56 127
4 70
171 29
80 224
27 243
60 99
17 104
207 112
18 211
38 51
222 142
49 187
130 147
94 245
44 66
82 149
156 112
167 67
37 223
207 53
27 189
241 120
226 140
68 84
68 141
227 124
138 235
7 39
25 96
202 215
126 196
114 133
22 43
66 192
42 153
242 32
180 98
114 165
52 68
4 175
65 249
204 34
75 111
19 32
1 24
235 86
119 202
73 163
41 143
111 207
213 139
84 229
249 16
144 216
10 100
55 75
79 223
54 178
127 242
20 197
199 117
155 187
188 18
78 89
197 77
184 132
214 102
172 22
94 183
9 219
210 71
182 139
142 155
62 175
27 55
115 208
208 167
90 210
28 221
27 208
3 243
88 227
130 222
9 137
102 137
92 144
17 203
14 34
196 101
23 139
59 100
246 87
159 8
190 146
203 130
47 177
163 178
16 36
72 180
226 42
59 80
152 132
237 122
3 207
52 174
21 67
113 204
148 218
171 127
100 112
123 176
183 21
45 93
187 44
223 167
178 36
191 82
234 19
87 92
247 218
9 159
171 106
48 180
171 101
5 19
164 38
21 230
245 159
33 155
182 98
118 228
232 38
181 39
52 166
157 26
89 132
232 43
9 148
188 66
146 162
65 144
85 242
244 64
163 202
227 59
192 54
100 102
13 45
146 209
111 112
249 209
151 61
13 124
157 185
198 150
49 211
63 115
191 110
4 96
206 22
148 187
142 248
50 53
52 231
244 212
15 40
201 146
158 86
62 154
237 112
20 125
84 233
240 95
166 85
138 194
72 239
233 215
14 155
240 54
60 74
103 218
12 50
57 70
55 133
5 15
34 194
146 248
242 117
113 173
186 217
220 146
41 166
89 118
141 148
18 65
6 179
34 48
159 75
158 73
220 19
78 87
163 142
247 51
90 94
194 229
170 141
27 56
236 60
81 157
229 31
163 64
159 158
135 180
120 196
146 235
214 46
75 106
194 22
213 23
6 174
39 143
194 80
14 102
150 5
229 86
64 234
160 212
169 247
192 25
168 245
60 195
236 106
243 74
22 195
173 181
210 7
248 239
180 5
4 41
219 149
146 230
123 149
57 181
22 56
72 236
37 217
161 135
215 128
95 219
205 204
142 143
230 77
75 213
113 125
190 5
28 35
150 234
27 232
190 87
36 222
11 187
239 12
173 47
184 74
169 145
85 131
32 120
189 38
9 31
123 227
20 194
214 32
166 128
229 106
167 169
67 103
238 13
142 182
169 109
219 212
24 101
167 119
181 6
245 229
56 92
15 55
67 185
96 190
249 24
208 141
53 133
221 141
183 31
56 110
230 42
1 162
168 130
192 30
189 101
11 154
190 164
241 137
135 140
210 40
91 187
199 70
93 235
197 105
195 95
71 115
191 35
85 107
115 135
109 246
39 59
200 60
152 123
31 68
67 84
159 112
177 93
76 167
200 75
214 196
24 78
56 245
176 36
50 118
194 139
119 217
191 42
128 214
170 74
30 140
36 94
2 172
220 215
248 33
163 198
222 88
177 101
110 210
20 186
232 112
241 238
223 101
69 191
110 146
177 195
195 135
241 212
176 1
116 226
236 49
186 86
129 229
212 2
180 31
154 123
187 204
229 189
77 198
122 221
206 127
200 249
167 152
91 128
238 245
36 218
69 204
156 124
21 102
234 243
71 180
23 194
236 46
28 111
231 109
182 162
44 140
181 2
187 105
224 43
10 105
89 190
108 147
6 104
204 51
180 100
236 19
155 153
208 172
178 183
81 83
66 96
21 182
214 83
134 232
51 112
156 57
114 217
214 132
190 191
186 115
78 151
114 138
192 90
89 201
129 203
180 136
187 84
19 232
60 229
92 202
0 179
156 0
15 90
86 238
151 142
167 93
190 138
36 107
156 172
128 162
22 173
78 98
213 63
171 33
17 141
150 39
31 50
199 104
7 168
24 203
136 173
128 202
18 186
24 95
234 99
249 12
78 160
104 154
201 111
78 88
187 26
166 150
89 107
237 187
218 26
84 111
27 109
186 50
152 48
101 217
75 221
86 99
73 119
187 171
109 156
105 112
100 153
184 241
193 96
133 232
46 225
108 148
193 31
157 197
44 117
70 231
137 209
9 177
42 120
196 183
192 222
22 44
62 68
119 144
96 178
237 9
227 115
1 101
44 170
190 133
55 201
46 211
70 87
217 67
160 156
6 14
248 17
136 182
177 10
75 212
100 103
215 217
157 180
70 185
72 90
106 174
240 179
48 110
98 127
162 12
171 133
249 21
195 112
31 220
203 134
168 12
184 5
1 224
3 94
123 213
105 173
74 87
40 198
193 45
74 180
230 98
128 247
167 96
90 130
176 27
19 156
227 105
50 115
170 66
95 157
209 25
63 153
225 94
69 130
205 128
163 74
98 220
211 76
74 228
187 90
120 152
17 218
234 109
188 122
150 33
167 27
197 204
115 140
182 88
180 62
179 94
185 141
155 17
145 166
238 198
60 87
142 154
12 170
156 169
79 145
43 86
24 110
242 121
159 68
236 56
26 169
87 227
47 103
194 57
248 1
21 63
51 244
66 130
46 82
157 19
243 76
157 170
9 202
223 110
27 101
56 57
4 73
202 5
54 191
76 82
52 110
153 234
5 247
9 170
58 138
72 169
47 224
216 11
106 176
168 141
171 97
194 4
25 125
242 89
18 103
152 50
3 121
44 86
149 240
146 149
209 119
100 243
58 94
59 126
108 201
87 93
174 4
66 106
175 124
61 163
207 81
243 6
35 193
219 89
245 120
7 25
37 188
70 78
130 166
107 115
26 51
68 162
105 242
127 163
75 246
165 19
179 124
165 43
3 140
13 82
11 79
72 231
190 71
243 9
189 186
166 67
123 164
219 81
208 28
15 95
183 122
104 162
222 60
198 23
155 21
56 226
225 93
238 229
134 242
220 160
177 54
79 165
109 112
239 41
180 209
123 188
171 88
146 177
169 3
207 22
201 6
91 102
121 235
137 242
3 60
2 23
171 26
78 188
232 188
209 223
176 12
17 178
230 35
167 45
195 103
146 152
160 4
1 49
153 96
232 23
34 187
13 94
139 146
172 3
210 31
37 56
234 136
180 233
150 60
23 223
163 13
163 20
176 132
6 121
84 152
8 62
44 172
101 143
0 202
51 104
175 127
124 191
189 205
135 248
201 175
98 138
29 245
59 244
171 186
63 142
213 245
155 78
46 129
11 100
17 120
132 212
106 165
197 87
167 116
20 116
16 85
231 99
49 162
168 36
17 221
206 6
147 198
223 36
144 179
38 58
143 223
23 134
94 184
237 41
235 170
25 198
26 111
176 211
48 185
23 57
193 67
63 71
185 39
225 57
52 198
84 133
226 47
123 187
240 14
17 223
206 98
138 143
120 213
226 215
188 85
197 69
239 67
161 242
172 97
111 126
121 231
79 237
204 50
61 197
97 152
111 156
236 88
101 152
148 178
204 206
233 19
207 64
132 201
135 148
186 191
162 190
1 2
87 98
206 38
154 69
51 158
13 126
56 65
123 136
241 202
186 123
141 243
230 186
78 194
76 248
102 121
34 152
199 63
198 91
72 190
68 102
59 187
148 161
31 110
126 148
47 119
208 54
64 223
185 33
180 225
2 127
109 209
62 69
114 243
35 38
10 224
246 35
195 9
0 231
33 95
170 131
52 95
89 112
63 164
46 50
3 26
235 24
45 114
152 66
195 59
204 225
248 11
59 82
246 42
71 121
222 28
20 126
19 142
167 53
247 74
55 225
213 41
215 247
27 151
27 161
61 98
237 89
221 214
186 181
146 218
71 92
195 54
90 212
16 67
231 95
220 135
74 107
195 74
221 52
77 233
225 136
112 244
8 246
241 41
4 225
167 94
249 6
196 172
51 237
50 131
80 137
229 44
222 75
142 234
187 0
247 38
199 135
86 191
27 38
10 219
18 244
206 36
61 176
198 31
219 141
204 114
13 92
246 60
37 131
194 180
22 122
3 176
108 172
150 67
170 96
87 119
167 114
55 111
0 22
177 122
192 0
16 189
147 200
40 85
41 81
218 99
6 24
158 119
194 200
215 71
179 68
246 3
231 236
72 136
159 209
44 228
35 190
34 217
95 196
62 166
124 216
233 81
15 152
91 117
220 230
69 178
225 142
25 51
16 96
12 203
186 94
208 138
87 245
135 169
6 138
242 128
121 218
195 7
106 190
55 91
155 77
204 115
63 175
218 52
40 175
118 137
73 166
11 23
60 198
144 153
18 120
86 230
229 23
146 194
133 247
226 106
8 33
205 110
45 70
41 50
77 246
41 48
71 167
219 169
102 119
18 81
7 23
22 79
8 238
15 170
117 145
141 215
187 141
152 73
175 238
130 181
7 10
243 99
183 68
88 202
43 102
159 128
182 26
210 79
226 54
32 162
119 130
83 218
26 196
173 60
67 135
171 137
133 149
214 43
215 109
180 60
223 107
15 33
164 0
200 14
244 62
73 113
185 125
34 76
210 195
170 126
178 74
145 197
75 119
66 98
6 216
173 86
5 77
161 146
242 2
32 69
175 131
27 131
83 167
71 156
10 99
195 35
168 0
239 149
203 191
83 101
216 199
23 183
226 88
52 144
107 144
226 67
244 25
9 144
30 74
55 76
121 185
65 92
12 54
46 199
114 115
154 135
1 35
222 243
111 130
106 228
4 98
231 9
180 130
98 231
62 67
153 34
98 140
166 5
175 224
216 117
28 179
102 233
13 40
162 81
76 110
104 194
154 14
11 200
195 246
181 129
132 155
21 219
88 240
217 137
18 82
243 13
77 183
242 182
131 212
219 190
164 48
199 158
237 28
152 199
237 93
103 179
106 125
155 216
21 149
19 162
208 65
43 59
236 143
200 150
177 126
166 3
22 52
161 249
249 129
214 145
22 78
2 36
168 88
17 108
2 119
199 139
220 30
208 202
197 17
174 81
196 155
168 53
68 175
163 52
235 227
198 229
243 91
75 127
36 89
197 129
185 127
240 71
190 23
71 138
25 115
127 151
163 63
202 73
73 83
3 105
245 50
97 204
19 147
34 40
181 122
219 139
185 4
56 142
231 209
203 224
38 191
6 153
97 122
7 62
22 121
97 149
185 2
189 55
31 186
31 248
153 195
205 65
174 140
4 33
86 114
15 75
25 170
4 237
227 198
17 69
34 247
160 119
239 190
218 37
188 249
171 14
225 117
6 139
210 217
230 128
20 98
38 114
205 71
20 88
29 185
205 76
241 146
123 246
154 228
91 174
101 211
180 66
2 28
2 228
187 207
175 0
172 57
176 149
133 233
156 122
33 182
0 102
68 126
53 110
11 245
178 137
44 52
29 144
201 23
110 112
189 139
198 200
143 198
217 60
20 33
232 192
192 150
2 137
10 122
88 235
195 98
96 97
187 175
53 61
189 71
63 152
211 14
9 87
78 147
122 233
103 123
193 130
44 50
26 152
51 76
20 236
203 25
103 189
237 65
201 199
36 129
213 85
52 141
14 116
245 116
243 140
67 68
210 17
17 32
162 66
172 160
150 109
71 233
214 68
239 153
48 131
80 227
152 3
111 204
121 170
20 76
184 99
244 170
131 209
164 199
110 234
37 201
171 115
216 46
10 77
15 92
215 124
88 97
182 78
140 166
80 138
241 91
17 216
199 36
219 65
0 149
20 214
247 112
27 229
45 52
62 201
115 117
88 174
89 153
17 231
148 202
220 80
206 141
214 74
57 175
113 234
224 66
69 145
73 188
6 16
107 156
249 27
135 235
191 108
212 118
96 160
220 139
19 180
35 144
157 59
0 85
34 149
151 3
197 44
90 246
66 76
33 246
202 89
13 62
176 160
202 67
188 42
163 149
224 57
30 69
217 165
56 202
51 212
20 83
157 61
30 106
47 124
106 147
17 138
29 148
210 102
5 84
51 94
180 109
151 139
237 83
190 235
169 48
193 142
8 191
15 31
201 16
196 118
154 196
20 21
92 240
207 13
249 20
206 139
5 51
67 208
190 30
144 249
114 194
176 89
182 177
213 142
108 213
64 195
167 144
41 105
249 232
238 174
3 215
16 27
159 14
15 49
37 102
159 147
205 20
16 116
206 62
29 43
116 155
14 21
95 107
197 133
132 168
30 72
192 82
211 10
75 79
236 192
160 99
38 49
208 218
11 205
120 240
130 146
80 111
200 112
209 147
245 42
97 138
192 24
155 41
168 179
80 153
43 185
171 7
208 32
13 208
139 180
75 135
153 77
226 237
213 40
230 89
166 22
249 114
44 136
145 206
194 183
203 45
40 61
247 39
48 154
227 222
24 127
160 44
43 199
156 10
14 181
233 72
163 4
21 134
63 174
34 130
185 94
15 178
38 68
240 173
65 141
159 153
139 193
181 194
180 179
19 80
221 0
70 116
154 131
222 11
133 162
40 157
2 102
137 212
247 148
190 40
244 17
152 148
103 166
165 54
56 64
204 137
186 39
238 49
224 226
13 176
18 212
19 249
245 59
240 108
35 83
1 202
157 30
89 234
150 92
91 231
123 128
172 134
85 121
173 129
42 80
23 45
176 43
57 154
114 152
16 248
240 147
223 42
120 142
65 107
13 230
13 75
23 236
139 226
66 87
204 136
37 48
42 113
229 135
209 48
5 76
88 120
152 211
28 106
61 166
212 74
204 77
115 231
25 89
214 136
103 185
212 17
74 213
85 181
16 204
57 104
67 79
47 89
175 37
8 75
82 174
231 80
114 234
174 90
114 172
168 136
221 90
191 178
238 217
157 213
220 169
164 11
103 113
54 142
12 60
11 198
243 135
68 142
117 142
225 8
172 249
41 87
163 12
113 172
233 69
77 172
68 140
84 177
46 240
65 145
33 184
221 39
32 169
58 184
146 165
182 103
176 8
243 196
115 249
188 19
26 232
91 194
79 214
140 192
61 150
17 59
100 225
100 151
128 208
189 146
210 93
19 228
4 43
42 247
181 183
231 234
58 67
15 140
138 154
44 131
31 123
184 125
5 171
31 107
210 19
113 225
198 16
14 104
146 188
248 4
145 244
107 173
169 23
214 91
48 183
159 238
30 168
16 174
24 149
126 130
234 0
89 195
17 80
193 74
202 6
67 221
63 183
126 149
9 115
178 53
39 183
187 127
167 51
139 201
129 209
239 111
0 142
224 139
12 58
14 47
43 170
35 118
63 79
10 59
84 236
25 197
157 230
20 54
22 31
174 71
51 246
5 231
157 186
122 203
226 147
170 33
79 211
50 215
217 142
176 237
97 119
183 127
206 17
225 75
35 142
239 225
187 183
156 205
200 98
193 127
105 136
218 127
65 138
49 202
44 110
191 34
54 104
55 120
178 44
233 149
65 94
190 74
215 112
209 101
158 236
228 40
230 107
199 129
31 37
71 102
201 212
99 103
215 79
4 9
63 230
124 222
80 136
28 153
51 198
62 86
13 90
35 234
227 121
38 242
78 193
179 18
182 81
216 121
196 35
132 191
217 41
210 237
77 229
49 85
61 239
95 185
168 13
184 87
10 183
38 169
136 146
196 65
82 169
236 142
107 234
172 237
91 149
158 214
105 200
65 129
7 105
30 120
61 78
160 13
231 42
247 14
47 131
241 167
188 221
195 16
9 199
175 18
230 95
101 132
201 86
14 70
204 49
30 176
122 186
171 55
37 129
61 149
31 155
223 9
52 169
221 108
14 217
31 153
0 13
38 85
8 146
29 49
190 34
173 33
71 227
6 80
34 109
174 61
158 200
117 218
237 57
198 232
36 83
200 247
33 112
219 80
243 82
60 137
38 244
218 27
117 123
208 61
136 213
4 80
207 160
12 27
33 58
182 196
230 92
50 242
191 37
159 146
101 239
234 98
240 181
35 172
14 56
197 99
234 170
19 133
155 167
6 116
24 39
161 24
88 231
163 71
209 61
39 161
0 81
245 209
214 61
240 63
55 81
211 70
176 35
90 133
34 123
178 39
105 229
175 223
34 248
47 126
37 145
195 24
3 61
207 214
151 4
196 42
174 105
148 204
223 133
15 161
96 248
243 108
69 189
57 109
44 105
201 149
17 26
23 102
231 44
242 102
175 23
7 221
193 132
94 108
43 131
160 90
26 229
6 183
225 47
192 116
187 92
187 98
244 68
10 206
14 191
136 203
146 247
167 14
152 174
211 5
196 59
34 94
215 180
187 112
235 75
235 148
145 219
190 57
67 243
131 141
167 26
98 238
20 61
58 141
105 163
239 112
30 148
53 198
168 19
145 235
176 219
20 119
196 81
174 29
152 118
230 3
193 229
229 45
178 42
151 117
13 69
108 205
236 214
202 147
215 53
75 86
4 228
9 85
180 175
89 104
172 91
230 241
103 208
45 141
90 226
52 54
144 185
232 98
215 28
121 127
84 198
36 103
248 90
210 49
51 151
185 52
81 135
98 105
220 76
145 149
11 51
3 170
86 225
220 101
90 93
204 26
100 121
156 60
196 147
94 154
212 1
226 119
220 147
81 102
18 153
58 238
55 152
191 133
159 92
18 170
159 58
183 155
169 136
24 36
25 75
208 148
42 206
209 106
215 66
61 148
16 137
210 176
137 151
32 50
131 247
43 134
248 41
125 159
8 65
14 238
177 229
25 87
78 171
15 37
160 152
4 152
236 122
214 150
202 37
191 66
5 223
187 138
163 34
25 78
92 161
26 36
152 179
206 24
78 103
171 72
29 126
153 186
158 49
0 196
56 243
56 214
39 151
104 195
59 182
65 110
47 117
204 5
13 125
185 57
171 119
236 34
230 38
212 77
14 59
58 167
154 50
224 46
77 163
213 52
199 121
161 28
158 170
177 32
181 176
184 139
188 172
40 222
181 58
214 49
237 218
23 168
81 153
173 121
98 218
229 119
37 219
155 59
227 10
178 220
92 118
106 246
220 5
85 198
131 159
66 195
15 101
235 126
88 153
192 212
232 124
204 143
12 220
44 151
71 202
52 192
216 56
36 93
91 139
234 199
213 238
187 136
249 99
77 223
1 116
223 192
76 79
247 184
2 33
116 127
72 195
62 93
247 93
21 132
185 21
207 222
163 124
163 167
239 52
199 114
68 237
162 78
63 148
20 80
243 146
17 239
181 219
233 107
58 197
242 248
155 180
4 28
31 86
67 81
97 126
170 151
178 133
87 233
69 246
167 13
82 216
73 121
71 159
233 17
125 246
20 62
40 103
213 229
29 116
66 232
193 11
201 210
51 191
13 103
193 4
196 89
241 127
14 40
14 52
32 231
237 48
136 205
62 210
231 156
236 203
22 152
142 145
212 57
23 206
106 112
245 51
27 211
137 216
44 193
180 61
60 142
15 210
248 46
34 81
152 110
241 85
59 141
99 135
53 197
161 0
34 245
136 141
128 187
160 122
159 48
3 101
224 17
235 11
19 227
157 193
198 230
210 115
222 16
176 159
210 82
173 100
64 131
35 211
59 85
77 177
145 195
74 148
183 124
49 215
191 21
184 54
137 214
66 69
1 45
71 151
70 192
151 148
184 0
3 119
158 108
189 164
49 205
14 133
177 51
205 124
131 132
151 203
159 217
185 145
162 72
103 240
162 0
224 127
157 27
29 217
107 231
199 99
47 240
172 71
158 238
177 36
213 83
19 55
101 214
181 64
39 66
213 37
194 123
35 158
209 141
114 146
179 81
10 75
43 94
93 139
170 225
48 190
234 2
151 171
212 10
186 140
3 78
154 23
80 130
183 57
160 100
237 204
32 212
96 148
120 126
84 107
112 219
29 182
193 83
19 67
177 188
159 225
47 220
215 35
183 33
203 106
188 118
87 228
240 140
78 164
211 227
190 73
83 221
149 226
111 152
233 239
2 187
69 126
62 92
38 60
229 95
164 8
238 129
221 72
185 36
243 57
177 130
174 193
102 169
233 120
45 199
45 173
160 148
49 114
22 161
27 103
249 56
80 238
188 113
103 213
11 38
22 62
25 189
22 54
178 61
14 107
23 143
208 82
62 226
7 247
65 167
92 214
115 125
63 235
156 81
33 135
213 133
216 43
220 16
152 220
245 45
205 13
194 21
155 104
125 133
211 142
180 8
19 112
127 216
188 52
203 56
223 92
157 16
98 118
230 87
142 196
37 87
168 223
58 129
235 52
246 120
199 10
182 37
202 36
88 218
26 119
1 112
17 209
217 42
35 171
48 106
67 117
98 204
105 218
21 171
57 169
178 56
22 37
54 183
38 98
242 41
124 221
81 152
81 225
242 53
41 195
248 178
29 162
201 226
96 108
173 88
98 116
11 132
236 240
218 64
12 212
195 32
221 1
100 190
187 94
2 47
6 208
249 102
131 249
214 148
100 165
199 21
53 195
165 6
8 84
15 208
30 189
183 175
147 211
160 22
225 140
208 26
41 225
227 69
246 117
151 207
47 118
182 63
171 105
186 214
168 139
135 155
30 185
215 45
236 108
108 115
44 83
218 19
231 188
137 141
1 85
155 143
141 196
157 100
24 118
103 181
240 123
210 50
18 201
131 203
188 62
51 77
132 136
146 168
65 163
230 19
23 59
65 201
205 103
36 120
226 73
113 213
196 51
88 239
150 45
205 77
222 184
3 159
221 63
53 134
182 22
185 118
32 76
128 132
244 92
114 119
174 68
109 123
235 27
155 98
120 170
238 206
124 165
203 99
11 126
191 189
183 83
169 123
65 122
203 193
26 54
58 102
17 18
23 129
91 203
146 181
38 249
168 3
45 200
35 249
191 233
30 75
21 36
65 240
181 190
131 218
227 40
6 247
233 147
18 34
237 215
103 108
35 200
117 191
91 176
96 106
235 80
83 154
239 245
164 69
151 222
87 180
163 32
5 66
157 131
248 63
109 134
189 163
249 87
137 211
228 53
215 77
216 113
197 89
230 91
203 110
49 197
50 142
186 221
175 89
19 198
197 220
209 182
4 118
31 55
87 204
195 69
9 175
32 114
187 119
120 239
9 70
37 126
5 172
51 139
2 42
140 209
212 60
11 128
218 73
97 120
136 231
161 142
155 48
169 248
27 45
113 201
35 178
208 199
62 163
127 143
57 219
182 7
12 180
48 243
222 213
210 125
170 129
241 102
51 136
137 145
217 15
91 143
107 177
165 200
235 128
93 244
237 129
34 196
130 187
173 233
220 216
187 1
189 10
179 8
202 44
224 198
34 110
97 193
1 210
236 126
206 140
117 223
30 80
204 108
15 164
138 165
232 42
216 10
70 226
48 119
196 140
197 47
13 113
190 49
143 201
198 155
232 193
100 206
52 75
58 60
205 172
242 238
71 188
185 25
155 65
164 4
107 238
210 55
30 224
84 171
187 227
89 224
54 151
240 72
220 69
106 119
22 164
129 140
247 118
30 237
146 186
187 139
2 145
207 8
0 82
164 42
186 135
51 223
45 240
134 239
160 25
100 131
12 109
84 135
230 32
129 169
47 160
41 151
53 200
25 90
10 125
47 217
83 229
120 188
240 75
220 243
226 81
160 240
208 153
110 187
7 141
33 62
21 247
231 142
53 99
11 77
194 25
13 105
28 39
211 55
39 122
127 201
138 218
30 173
99 248
52 79
170 89
20 44
46 151
19 240
70 104
65 86
48 138
167 107
208 113
88 229
14 243
241 43
223 186
89 165
49 184
31 49
208 48
66 177
12 13
196 143
187 4
95 192
138 156
135 141
24 139
84 153
5 29
239 54
226 136
89 122
40 72
210 147
237 69
0 73
143 179
15 76
75 76
197 120
52 190
120 191
141 153
118 119
205 4
157 146
100 188
38 134
182 191
112 203
68 204
243 113
227 45
176 86
210 208
80 168
93 195
158 103
134 249
56 229
237 149
183 37
181 41
0 38
170 10
207 35
3 109
107 160
22 107
43 78
45 76
212 111
190 11
192 195
70 112
54 231
63 91
14 236
172 191
161 138
105 168
52 67
238 69
233 157
17 38
199 146
31 146
61 203
14 31
124 125
152 31
31 118
111 199
209 40
76 223
150 93
111 198
157 120
67 131
61 70
23 40
153 133
166 243
92 180
127 247
200 209
154 127
195 168
24 169
221 224
2 91
41 174
80 143
118 171
34 175
107 112
56 107
238 47
63 136
69 177
171 130
247 31
113 189
159 17
82 182
84 223
76 89
204 10
216 62
149 165
62 73
68 143
140 246
173 171
21 32
177 234
212 85
53 105
22 114
145 187
156 13
36 221
201 46
230 68
150 143
53 107
150 155
232 130
151 5
104 183
48 128
193 47
32 160
100 154
154 81
133 175
245 62
201 141
154 225
54 66
41 243
58 104
52 158
1 220
215 161
86 211
152 52
79 100
239 53
3 113
105 198
230 197
5 142
201 190
187 170
186 38
158 57
34 147
38 188
217 19
107 218
222 110
139 190
83 181
5 199
63 64
227 77
31 102
177 1
71 86
0 213
128 147
229 185
188 143
123 167
247 144
154 199
128 244
82 183
46 195
76 125
213 7
222 231
190 117
24 97
112 197
247 182
143 180
69 101
243 39
159 80
177 79
223 196
0 1
217 65
107 225
147 239
158 205
197 94
21 204
36 141
126 157
194 66
118 206
99 132
3 203
109 143
132 237
111 124
174 96
188 186
41 216
53 71
247 201
186 114
84 113
30 47
203 116
140 168
196 39
7 58
238 95
47 246
78 79
29 152
18 219
234 105
200 19
246 71
213 137
223 33
10 160
185 20
162 48
41 52
101 184
119 189
19 53
111 202
152 175
159 221
84 242
86 108
236 73
53 86
96 231
224 137
134 221
146 239
105 231
219 29
145 205
220 196
76 201
73 127
79 166
84 248
4 64
170 93
229 37
194 102
205 195
96 156
198 151
13 80
83 99
88 110
212 31
242 228
96 232
177 94
60 133
210 41
78 198
89 144
212 129
69 248
25 168
102 173
154 93
188 130
229 17
71 77
74 118
162 21
6 211
3 83
23 71
7 46
182 64
234 55
188 84
13 34
5 217
213 138
181 197
94 136
43 80
78 238
13 190
206 240
104 132
226 101
211 91
213 208
69 168
64 127
75 203
1 18
65 108
184 21
230 74
241 36
172 141
5 132
237 3
21 237
42 205
11 82
242 129
7 24
12 194
12 73
193 54
244 245
91 192
245 3
239 224
245 133
181 87
20 35
170 130
179 122
23 210
18 209
104 245
184 202
1 138
15 84
190 105
167 8
35 179
122 200
13 232
121 178
196 77
99 244
195 1
211 25
239 203
232 119
185 11
79 121
167 24
53 157
51 182
222 17
179 3
94 173
69 107
42 183
238 57
163 118
71 221
204 123
168 147
12 144
44 243
168 127
107 116
158 117
25 219
32 59
53 126
130 213
63 211
174 221
39 57
196 82
27 57
6 177
93 228
249 74
131 192
240 114
34 44
7 9
156 195
179 60
160 211
66 84
59 62
173 114
4 165
109 158
164 106
14 183
103 139
154 17
21 221
226 107
157 208
189 6
99 153
249 156
235 201
140 235
222 188
244 6
9 71
195 126
242 144
241 224
154 41
94 110
46 204
187 181
89 194
227 85
182 83
129 130
239 30
164 218
154 88
196 145
34 49
195 105
210 180
68 194
20 48
105 230
118 174
175 64
211 201
170 14
128 163
80 127
12 95
146 222
85 222
192 64
188 76
197 85
6 77
129 139
184 128
96 201
191 104
97 186
53 121
142 214
244 42
205 212
93 196
236 51
236 26
219 123
1 171
227 203
41 129
236 102
53 232
63 170
16 235
219 17
56 163
49 167
168 45
225 19
185 219
226 127
51 168
206 26
9 107
6 213
155 118
46 109
193 43
181 60
156 58
30 77
93 149
175 24
15 249
93 164
225 236
18 79
97 128
184 107
26 245
70 115
22 99
8 161
51 242
17 243
228 112
76 136
179 135
114 161
53 217
203 248
27 89
70 153
193 234
247 62
21 130
6 13
55 85
4 105
198 211
248 215
20 47
168 41
200 242
192 42
133 179
206 131
41 145
175 132
202 237
246 122
65 120
218 16
46 229
161 203
207 201
39 111
174 206
193 56
205 85
53 79
202 7
141 228
22 183
133 135
238 89
227 135
6 117
164 74
46 153
154 56
103 126
151 143
16 82
122 165
223 61
196 75
208 145
124 150
115 142
178 92
31 119
242 60
93 192
77 129
133 236
13 42
217 79
189 236
93 172
167 99
13 18
80 160
7 120
246 38
49 154
225 103
125 188
46 197
112 153
3 107
125 158
190 83
245 148
76 117
184 68
159 40
208 70
221 53
77 218
89 90
107 188
241 176
87 125
133 146
48 206
138 149
235 58
230 81
42 124
204 158
134 220
14 113
135 230
222 87
187 120
159 148
218 225
80 146
135 177
212 145
245 39
86 156
248 9
243 86
106 157
40 53
155 38
231 19
8 145
248 137
46 213
141 149
103 191
135 157
241 29
188 158
106 244
240 141
151 230
40 158
88 197
103 161
121 176
11 199
82 231
45 163
229 15
178 21
87 219
231 223
144 196
203 86
178 60
199 197
75 105
9 132
57 134
227 93
91 155
218 0
219 101
216 85
150 157
213 235
44 98
222 42
79 200
47 151
144 157
188 1
151 173
207 202
110 184
38 95
227 178
134 176
245 15
129 239
178 48
15 30
211 57
23 207
15 105
142 171
160 59
15 212
188 112
135 236
35 43
2 201
78 113
204 245
208 130
26 33
207 219
170 76
171 245
231 39
186 74
96 116
156 230
184 159
182 120
42 211
47 85
145 183
46 220
49 95
49 155
15 149
17 147
179 32
24 137
19 226
142 144
116 163
239 46
58 224
111 145
119 183
120 135
100 226
144 239
86 118
89 95
161 18
166 16
213 11
185 191
164 222
27 132
222 139
118 143
20 70
141 211
73 195
217 4
24 248
17 182
241 53
49 231
168 128
9 103
242 155
215 231
150 8
93 218
160 37
150 243
164 146
77 219
164 134
84 146
45 65
5 74
35 143
167 201
165 234
35 44
157 25
180 213
103 172
175 7
85 236
163 35
134 190
72 139
246 151
173 130
210 145
45 77
103 210
56 160
58 70
82 145
110 130
242 130
179 184
27 85
77 174
167 36
59 130
27 230
113 127
244 223
91 215
248 25
150 229
169 170
101 236
239 103
33 96
191 6
67 196
165 156
23 30
67 200
208 234
45 147
14 219
132 227
151 53
64 145
242 95
51 235
235 151
156 191
4 123
200 37
97 160
44 195
71 247
206 99
175 104
55 126
188 14
91 212
85 204
2 149
71 144
62 97
193 66
86 232
111 249
186 29
205 198
162 139
50 149
57 59
86 155
236 6
194 237
135 143
82 189
221 6
131 164
87 175
197 170
188 238
42 149
225 127
42 88
8 60
150 146
141 166
96 197
41 94
86 89
96 206
5 149
222 116
55 161
235 103
46 108
166 181
169 46
48 187
5 152
27 74
118 159
73 228
27 50
179 130
224 86
187 108
51 60
163 219
173 70
2 189
73 96
102 166
206 102
214 10
168 92
245 131
26 72
234 124
59 226
68 85
217 248
64 180
32 97
84 91
83 160
163 70
30 95
248 154
17 126
8 149
212 138
5 130
178 211
53 182
165 104
37 238
147 148
192 92
25 132
84 214
153 92
27 207
16 74
40 98
45 241
79 128
182 89
241 73
184 108
154 207
161 37
5 162
85 89
166 4
19 64
229 187
167 90
89 120
4 122
92 233
133 209
227 4
193 90
77 146
67 124
102 245
182 2
144 186
203 64
81 190
16 241
32 58
124 224
66 160
140 162
26 211
121 197
26 179
35 75
25 97
45 83
24 242
9 247
171 224
16 76
44 169
55 79
205 121
78 120
36 74
144 192
40 191
165 135
232 10
180 201
225 146
4 179
189 218
166 200
154 115
35 50
200 178
211 48
171 248
55 62
11 36
150 31
206 230
168 43
243 40
54 164
47 107
134 196
56 176
22 218
116 189
198 158
205 23
95 146
107 158
59 125
167 20
185 140
95 232
128 130
172 96
30 141
166 98
192 49
111 206
187 242
222 233
161 4
237 145
216 77
54 97
94 182
136 171
247 24
75 152
155 74
185 248
101 233
74 108
37 104
155 209
232 139
113 182
229 78
43 219
78 202
18 53
174 126
139 191
122 161
2 109
160 238
220 88
116 172
163 39
167 139
11 78
125 149
191 97
113 195
183 2
222 113
174 146
188 193
229 52
203 148
229 215
241 99
22 149
174 49
221 22
206 53
67 78
227 94
101 134
197 5
170 211
9 123
12 117
106 201
246 12
159 41
229 98
159 236
84 162
66 155
222 89
224 204
24 79
168 112
57 171
44 203
193 21
201 98
28 109
179 46
244 195
238 111
69 218
178 152
66 219
144 173
227 56
5 138
221 200
41 175
182 12
49 243
34 36
30 70
173 111
94 174
153 131
188 67
109 119
207 62
112 213
223 112
16 182
245 8
68 109
40 42
101 139
7 45
156 216
242 25
62 120
133 200
183 53
63 88
162 36
47 122
244 148
12 110
195 85
183 214
53 249
205 100
79 102
19 186
178 33
21 233
204 19
87 102
242 65
194 32
173 67
189 226
32 130
235 215
142 186
241 84
32 118
167 1
70 118
0 105
225 179
115 132
178 164
32 103
61 81
209 36
51 193
34 138
234 69
133 176
226 111
11 237
220 66
206 237
231 83
229 104
99 228
202 95
226 64
19 28
189 11
214 168
211 245
77 133
177 60
239 236
28 162
22 111
49 213
125 175
164 12
113 205
172 74
164 115
13 213
1 23
166 238
221 76
183 164
230 143
160 117
174 1
135 183
54 68
201 75
0 174
185 84
65 133
26 48
31 98
54 72
174 75
202 76
174 239
67 235
249 162
108 237
60 86
157 142
114 144
12 222
49 176
162 18
143 189
101 135
224 49
28 124
117 132
166 104
240 107
221 57
50 108
222 186
238 246
216 24
112 149
98 181
150 231
25 127
38 116
77 134
146 180
164 226
232 173
8 61
190 200
213 77
137 163
115 222
103 197
241 139
21 229
90 235
164 91
18 248
227 11
66 196
225 202
98 164
177 249
187 115
188 72
246 112
206 73
38 225
40 197
18 217
63 97
184 232
201 34
135 198
204 67
191 1
116 191
22 53
152 13
189 34
179 119
33 205
122 173
73 82
78 186
223 149
62 157
239 91
163 41
33 116
173 212
220 125
63 207
163 200
161 98
92 205
71 109
119 185
0 3
173 178
179 108
154 231
16 98
169 78
27 228
175 76
39 125
38 180
167 191
116 196
236 179
21 148
164 53
52 55
152 149
16 107
241 70
69 193
223 229
21 126
0 75
165 244
198 32
4 171
227 114
216 145
197 8
162 126
207 92
63 106
46 68
214 89
133 136
204 233
120 178
194 219
67 93
19 66
178 55
244 121
4 239
249 66
35 146
83 133
1 190
73 111
177 4
114 177
52 93
188 194
18 109
168 210
70 176
191 88
231 20
57 217
79 95
242 79
212 94
196 50
249 68
245 145
166 228
188 190
39 210
150 96
207 15
242 98
158 187
70 83
104 186
195 225
48 229
53 76
225 32
74 123
197 66
174 122
70 103
90 114
6 51
59 94
82 160
2 210
154 145
153 59
162 117
213 166
108 122
246 242
76 245
95 216
93 96
63 203
63 227
208 102
172 123
80 155
69 158
105 158
23 94
9 201
4 55
12 43
171 170
90 139
37 222
75 104
228 180
94 159
150 81
82 200
41 93
173 61
95 111
244 100
18 223
214 201
197 84
22 63
118 226
164 26
198 129
189 96
208 81
150 130
208 43
39 140
168 81
174 24
195 90
142 208
36 197
170 127
24 245
0 79
40 107
27 139
12 165
4 114
102 144
100 116
201 156
10 129
31 147
173 248
1 68
17 241
50 54
29 98
24 62
173 85
32 243
190 54
161 5
190 116
102 216
28 142
205 159
229 158
2 111
38 106
159 81
100 183
9 88
218 142
81 188
34 212
16 114
76 105
223 21
219 122
191 90
231 31
5 193
104 114
238 146
146 205
225 1
184 230
93 202
192 110
135 228
84 100
15 188
192 76
161 73
59 152
189 84
77 137
42 89
104 169
179 67
31 175
26 29
35 88
206 190
198 6
207 211
227 31
199 183
227 148
92 241
30 165
41 171
236 119
102 227
11 114
222 71
220 249
161 139
33 73
223 113
69 115
10 229
30 54
195 194
143 207
128 249
233 109
140 233
246 59
195 204
85 228
183 213
67 174
202 114
168 161
153 3
211 52
74 86
157 103
71 186
200 69
40 127
216 93
248 160
103 200
133 208
33 48
207 2
143 167
197 160
43 239
26 61
222 125
167 137
156 142
18 44
193 88
27 86
174 190
164 135
209 57
78 90
154 188
2 103
149 217
95 182
245 166
216 184
169 12
6 38
164 113
27 136
18 178
198 180
38 240
64 213
143 231
114 141
33 161
179 239
165 166
227 247
73 205
218 44
236 78
103 222
201 114
177 243
33 130
33 142
182 122
239 70
8 17
188 99
46 117
35 199
195 130
152 191
95 225
73 156
161 72
12 72
190 3
98 114
99 155
3 214
240 82
50 167
235 124
223 68
225 28
211 23
176 119
36 183
87 231
36 138
21 70
212 50
186 3
3 155
115 220
211 20
11 72
230 161
2 85
203 16
26 165
148 149
235 236
180 41
67 192
45 154
204 130
21 212
14 136
126 242
228 1
183 25
115 133
173 101
225 106
37 93
118 151
8 224
183 20
247 41
216 223
191 228
46 49
218 125
155 122
143 239
16 81
82 163
227 122
9 232
173 99
33 85
204 57
39 119
60 152
164 73
179 65
224 126
10 90
36 47
222 189
134 248
179 57
229 147
62 241
190 4
222 18
65 160
17 42
2 225
232 0
188 74
11 92
76 149
87 91
112 193
29 166
57 199
235 43
82 95
154 64
21 192
133 239
244 98
20 124
26 235
102 217
193 81
27 192
91 221
158 2
165 233
54 194
161 66
106 149
242 92
243 69
61 224
220 100
156 121
98 156
246 82
5 248
241 165
241 108
22 155
123 223
38 52
171 23
11 45
176 125
217 180
216 1
196 64
96 216
124 211
200 141
38 248
175 70
77 199
188 97
112 222
96 191
127 248
5 11
174 130
201 92
25 133
157 175
130 142
72 131
64 156
19 244
23 36
32 127
209 136
129 172
15 223
28 50
28 242
174 235
93 183
120 199
6 47
197 148
249 196
198 81
5 224
93 233
102 107
162 216
239 58
16 242
132 139
198 0
60 184
76 119
184 10
10 169
221 233
192 55
56 78
56 218
163 235
214 116
222 221
58 81
220 43
160 76
67 163
11 195
119 235
234 82
11 97
137 139
203 39
245 27
165 15
244 115
126 228
223 90
213 34
181 96
216 81
29 76
82 132
119 173
154 139
97 244
207 20
117 197
206 64
239 11
154 68
47 120
165 147
47 159
182 9
103 234
42 116
42 50
2 226
154 20
163 249
7 68
65 91
42 146
236 41
30 193
192 147
25 141
2 77
108 114
122 157
29 35
188 24
181 111
209 82
90 104
192 98
219 228
72 99
58 71
143 212
44 102
28 79
215 134
108 245
65 150
18 135
235 173
148 167
244 8
135 182
166 66
4 231
38 103
208 36
121 233
235 209
164 102
133 167
194 111
208 49
10 97
9 80
118 210
19 38
183 47
180 78
206 171
7 148
114 247
43 100
43 201
141 189
108 121
148 238
54 155
46 245
79 124
168 151
213 246
117 187
20 27
60 213
200 29
65 186
3 75
113 147
73 105
207 41
25 128
203 215
215 22
121 141
63 212
117 182
156 108
5 122
213 135
224 116
221 127
68 247
8 192
105 128
55 140
51 70
80 123
208 77
33 125
5 168
219 51
209 179
208 45
49 77
151 116
26 193
8 228
184 40
213 96
197 101
204 7
69 112
224 118
91 131
114 148
2 197
94 97
51 99
23 103
196 112
205 210
18 95
215 8
240 162
168 90
163 157
47 154
124 240
14 46
25 236
196 29
189 67
236 138
240 223
202 217
20 219
7 82
159 194
185 150
249 132
177 169
54 146
181 120
94 226
112 173
43 101
42 156
165 57
18 70
235 2
123 234
213 30
12 206
26 189
241 57
248 249
144 151
186 194
130 143
14 156
70 142
64 86
90 203
86 126
198 125
165 168
56 138
38 194
53 245
87 174
181 16
200 119
200 22
46 137
181 150
102 115
152 142
99 235
19 27
69 188
110 155
62 218
105 120
200 108
77 135
16 63
211 1
55 246
184 206
207 77
13 194
63 205
4 188
153 72
169 218
218 224
62 236
69 187
17 74
221 38
0 104
204 65
59 247
223 178
63 112
58 205
212 199
152 138
150 163
218 223
48 141
143 175
18 122
177 7
107 202
9 174
195 170
200 101
207 139
187 137
124 219
209 212
75 191
8 70
87 202
244 90
235 106
33 186
204 56
24 92
123 207
183 166
187 12
179 42
5 58
151 33
243 112
166 197
106 121
146 148
100 219
136 244
248 115
184 86
128 193
5 53
62 121
86 220
163 0
77 138
186 77
81 98
79 247
187 28
60 97
25 30
77 203
104 227
216 195
241 46
121 248
15 213
127 211
176 2
61 69
242 181
166 7
207 34
167 102
165 77
58 134
14 142
129 202
89 209
200 21
97 238
11 55
192 105
192 137
71 153
227 78
89 164
171 58
197 12
103 148
231 114
180 149
189 200
17 227
203 18
9 58
39 55
154 79
44 104
105 138
104 139
171 121
203 197
22 103
226 60
65 93
8 236
197 1
91 157
22 33
248 59
45 51
210 59
215 105
49 244
4 138
150 104
209 105
230 5
0 26
35 104
177 2
15 175
247 40
157 200
41 99
171 242
189 13
81 227
59 108
209 134
58 125
191 71
89 150
120 176
32 156
44 206
193 100
196 138
13 23
42 185
157 125
34 228
57 236
246 92
65 241
80 177
54 141
168 237
118 134
163 90
215 48
239 118
97 113
156 77
245 80
28 128
12 242
23 162
210 54
88 94
184 83
3 53
222 68
139 238
86 129
39 176
58 166
150 188
152 1
35 218
208 3
210 84
168 242
34 164
47 88
214 118
119 237
191 56
26 162
45 126
9 113
218 92
0 107
177 59
248 109
190 60
15 20
28 197
206 76
130 221
156 166
126 205
181 84
18 227
189 70
71 244
225 184
201 38
186 160
166 36
34 209
83 145
22 96
186 225
176 47
153 115
164 6
28 158
4 133
169 20
122 143
0 229
65 128
40 208
242 170
171 123
49 80
210 160
9 222
170 61
213 164
246 24
128 186
157 44
203 143
159 239
76 155
3 238
88 114
43 133
172 136
156 30
192 68
173 77
15 116
219 204
112 206
205 225
213 134
61 95
245 113
225 65
228 80
29 159
9 61
160 15
201 93
40 138
63 72
233 24
136 247
62 171
240 215
45 67
22 123
188 89
214 200
245 167
122 147
12 80
222 22
224 40
39 72
63 76
156 220
76 106
151 197
245 135
145 213
108 215
230 118
107 212
244 133
80 221
108 181
184 78
56 179
151 77
161 204
229 30
57 71
19 90
233 206
157 177
138 249
148 236
216 140
214 206
103 106
93 181
232 143
72 196
232 117
18 76
44 175
14 147
240 118
55 94
99 115
81 167
122 129
190 88
76 104
216 126
114 132
3 131
214 208
165 27
173 66
110 201
22 101
163 240
2 37
5 156
1 75
77 103
23 124
246 19
202 117
116 138
38 217
65 132
97 151
192 11
236 187
134 144
85 148
68 78
207 9
160 109
99 183
50 190
166 15
164 49
43 73
111 117
152 25
167 35
120 230
67 120
181 118
35 169
174 173
11 166
243 138
182 180
74 223
76 238
99 181
220 190
7 42
40 150
151 66
81 133
162 71
208 151
91 188
95 172
15 35
231 48
75 98
51 67
68 135
186 2
75 156
33 129
235 15
165 56
162 220
23 108
153 134
78 132
84 243
215 18
227 130
238 61
187 125
206 41
4 136
78 97
45 71
154 132
224 168
97 124
22 97
159 157
215 89
11 102
244 137
11 30
101 242
10 36
181 131
201 58
117 233
66 178
5 175
56 80
2 66
47 147
42 158
67 97
205 26
52 117
192 22
123 236
66 102
30 215
38 141
46 167
13 174
91 126
168 158
101 111
35 223
199 78
44 190
43 192
220 224
217 113
53 192
72 210
196 41
119 223
188 224
239 13
47 187
179 139
121 177
5 9
230 53
31 63
148 168
178 216
157 43
186 54
209 171
196 125
2 154
11 234
34 157
219 140
210 96
79 228
10 80
211 3
4 186
45 46
153 244
20 210
239 116
171 141
5 48
147 241
195 193
218 135
215 170
153 56
201 112
197 235
30 228
229 50
248 212
106 145
125 223
16 206
232 29
222 74
173 120
189 93
183 116
224 107
60 141
73 196
31 232
216 222
136 233
234 139
45 115
46 209
198 213
106 231
128 140
230 18
197 137
194 1
210 101
205 75
152 137
88 233
174 242
226 244
211 102
11 74
62 167
18 171
154 240
165 72
157 148
97 99
68 101
195 19
95 249
28 188
12 121
43 182
167 161
9 37
187 104
168 145
214 152
231 7
201 79
42 238
46 232
3 135
189 81
245 128
1 88
105 140
210 100
65 238
245 142
24 140
221 147
245 111
90 185
226 96
169 31
49 98
200 128
18 228
25 234
207 104
230 9
180 248
201 59
78 176
57 160
22 113
9 141
58 234
59 192
50 76
132 199
73 107
1 42
11 53
175 136
159 202
38 45
230 180
230 93
52 77
84 154
215 16
90 222
31 156
184 246
220 238
25 91
9 244
205 101
109 200
1 109
99 106
190 185
56 181
45 54
55 219
93 241
158 88
155 8
99 227
218 14
237 50
116 129
165 67
189 88
111 129
178 75
74 143
167 31
165 192
7 56
219 88
43 173
193 75
243 75
26 180
78 218
228 60
77 111
237 147
193 190
238 10
228 195
244 52
165 248
10 25
27 194
151 220
166 124
99 119
22 136
170 238
50 111
100 113
27 58
218 5
203 49
7 128
33 118
60 78
22 77
232 246
181 229
14 37
72 200
179 104
219 67
162 46
54 115
214 172
165 246
158 245
18 100
197 38
93 151
9 178
241 69
172 88
53 247
98 142
246 114
162 148
35 126
83 141
150 27
132 140
31 133
7 61
103 120
237 22
165 45
75 229
80 198
62 215
153 191
140 234
211 85
59 234
91 110
178 82
92 123
21 180
69 215
201 68
247 174
9 74
1 113
147 249
170 88
235 1
16 113
184 57
21 135
96 219
159 233
7 64
241 32
243 102
210 64
34 58
245 217
236 175
30 155
239 25
18 195
234 40
30 103
53 122
75 142
201 238
115 217
220 91
170 77
158 227
240 2
172 110
32 36
108 185
154 91
230 236
169 121
50 110
75 149
178 123
157 235
166 51
19 54
124 246
218 230
4 197
6 149
62 147
244 240
164 67
217 3
30 222
79 89
76 244
219 26
188 248
80 84
104 222
67 223
177 123
246 22
6 192
201 85
241 185
195 123
4 42
39 164
246 236
160 127
194 97
20 212
78 239
55 197
197 37
224 238
15 136
8 42
154 237
204 110
189 193
36 236
181 119
186 212
187 54
87 163
126 138
118 164
188 41
199 64
127 142
44 154
24 168
205 97
15 247
16 130
214 52
225 77
234 195
186 21
82 165
248 220
172 124
32 187
153 210
230 67
198 101
33 128
78 228
31 149
147 164
65 90
205 102
195 6
197 239
208 241
90 220
233 190
16 136
137 161
81 141
52 70
100 108
234 181
27 195
100 176
116 162
212 81
15 135
134 226
81 171
201 172
193 108
68 186
119 137
91 129
191 55
165 48
93 121
7 51
39 213
57 139
139 176
224 108
207 40
218 51
7 85
27 59
159 186
216 112
8 100
175 19
28 204
179 142
192 160
15 214
103 212
113 179
46 212
223 203
41 85
136 145
105 245
134 146
200 144
190 9
75 234
238 171
4 101
0 112
216 14
90 101
175 78
120 163
223 45
89 142
55 72
183 74
243 119
167 106
222 67
194 95
0 101
154 7
5 101
163 188
213 88
30 132
101 140
80 215
93 125
170 28
78 106
54 122
60 194
216 15
5 117
78 109
9 23
56 112
30 206
4 222
131 146
234 7
37 149
17 66
240 106
209 116
226 187
206 72
85 105
96 126
165 68
193 136
233 129
51 209
29 226
225 80
111 114
182 211
216 3
141 207
9 127
84 109
181 153
167 69
190 12
170 111
157 74
81 191
147 183
226 78
188 3
48 244
102 156
92 102
164 64
65 162
18 62
15 198
55 217
100 213
6 61
68 178
114 160
239 50
196 102
129 204
163 10
172 46
166 69
184 229
227 248
42 91
164 201
105 111
148 189
47 70
215 147
74 233
49 67
221 88
215 68
57 82
35 208
126 175
72 134
39 45
164 182
163 88
55 202
42 134
248 192
246 234
27 160
31 47
181 86
119 190
185 24
249 33
0 97
210 51
41 249
185 87
196 122
218 6
215 0
49 70
235 62
233 20
208 37
117 139
31 122
75 144
116 212
41 211
213 237
231 62
235 33
71 160
44 155
230 208
235 14
223 145
189 5
223 206
39 198
88 181
235 38
228 178
157 123
78 181
193 115
41 136
168 117
205 46
176 207
201 26
67 218
20 122
140 242
236 52
43 223
2 214
134 206
118 193
125 162
147 185
86 165
9 17
86 144
219 132
142 168
211 115
173 123
117 188
89 152
194 142
14 57
82 126
56 140
70 144
108 217
57 208
214 149
160 51
183 229
157 222
100 163
240 10
13 70
215 127
229 118
227 62
81 101
249 231
32 44
245 58
82 203
148 175
8 200
163 153
167 37
30 126
174 17
236 234
9 96
236 92
12 152
192 12
17 96
13 217
236 66
33 231
247 108
178 78
53 58
249 216
10 91
34 122
86 125
135 216
64 99
140 200
218 108
43 88
175 150
63 247
16 226
88 192
184 70
193 38
67 162
12 34
193 94
73 198
58 183
186 44
6 120
165 87
2 224
121 151
217 66
100 168
226 20
223 55
6 12
242 114
216 47
147 225
147 227
151 57
211 65
167 85
114 159
140 224
245 74
173 27
82 122
140 241
39 108
179 148
70 101
11 109
232 15
55 115
182 11
160 219
151 72
86 221
188 31
216 72
185 96
2 57
81 88
149 179
199 92
6 123
135 205
243 73
241 186
191 72
80 86
187 190
4 212
102 113
235 84
69 119
227 188
214 16
213 221
149 232
124 195
123 249
114 205
234 100
113 148
5 123
4 113
69 94
192 7
149 247
78 242
104 180
95 132
175 111
243 235
209 127
230 58
77 168
244 27
11 35
172 45
157 21
123 243
198 55
168 234
240 43
75 242
222 29
226 137
149 164
211 209
85 146
93 178
170 53
81 247
18 151
155 228
132 233
85 126
220 130
224 72
217 205
61 121
172 94
150 72
96 166
63 155
171 212
180 36
85 127
207 146
108 118
205 84
3 40
125 209
13 115
227 144
200 34
218 54
126 181
172 18
202 84
74 241
39 101
51 145
97 195
82 157
198 7
103 129
140 164
124 169
179 207
9 138
187 149
170 100
14 73
105 202
162 94
19 144
131 193
76 197
216 29
78 100
234 38
225 10
168 102
63 215
165 113
228 56
174 44
156 140
54 182
20 245
217 46
230 138
120 210
89 179
173 186
4 182
233 38
8 132
107 243
38 44
230 113
139 170
163 121
179 188
238 79
11 136
234 245
100 141
183 44
86 154
58 146
240 52
18 176
195 48
0 53
120 224
228 129
179 110
148 166
43 103
68 226
78 170
225 181
168 106
200 169
34 135
234 120
187 36
175 92
195 235
180 113
180 119
247 46
171 163
40 205
186 143
68 110
46 69
101 153
116 176
152 141
68 107
190 165
69 236
247 32
220 61
244 86
197 142
209 237
15 60
224 121
167 231
129 157
161 52
104 246
178 40
220 36
145 234
56 196
150 85
112 158
96 155
137 238
10 186
83 241
45 140
161 65
178 45
108 127
7 225
166 89
247 236
49 222
156 46
100 247
150 95
5 200
237 98
219 72
244 118
247 230
26 114
118 170
27 134
208 110
112 157
49 157
156 118
54 100
45 156
118 141
79 213
170 38
58 131
154 85
42 49
218 55
155 173
246 31
165 99
182 69
67 72
102 126
90 128
91 238
25 93
217 145
29 101
235 28
68 157
235 59
230 72
46 226
141 144
24 132
235 116
122 131
132 137
121 135
43 56
20 149
16 70
101 180
3 82
66 124
231 227
193 55
159 103
246 84
12 87
100 240
16 65
24 135
80 122
63 118
57 93
225 121
90 142
215 195
236 64
22 188
58 202
32 248
8 135
52 159
177 143
245 117
189 33
235 46
170 132
20 175
92 147
239 161
94 160
196 1
21 57
21 245
178 108
66 145
144 165
226 51
28 86
138 157
166 21
43 61
80 125
29 210
231 55
128 224
194 71
215 101
78 140
76 90
219 83
111 144
232 5
183 24
26 168
32 148
193 99
237 37
248 56
153 22
14 202
60 85
212 43
17 134
188 92
220 126
187 27
161 34
155 73
13 212
89 192
71 171
29 31
64 189
178 30
82 125
26 147
77 139
8 26
123 141
190 140
29 228
223 72
230 235
207 166
193 20
4 159
156 26
92 116
97 115
174 207
127 220
233 63
151 81
230 148
188 44
67 71
31 159
211 11
27 154
35 132
242 7
197 131
234 34
202 120
94 128
12 83
239 187
96 215
240 109
42 193
29 63
30 164
162 3
2 169
167 187
117 185
113 221
204 96
157 105
19 47
174 131
79 116
147 189
228 139
203 107
79 202
22 61
183 4
71 195
196 233
160 159
21 108
2 15
48 184
221 97
222 191
161 140
202 135
43 118
127 246
233 138
239 199
141 217
188 151
187 114
164 126
235 74
9 149
30 34
208 7
61 233
14 248
100 199
164 133
234 32
127 197
81 222
65 166
157 0
104 106
223 124
164 85
55 233
241 87
218 63
235 120
179 85
204 203
130 184
158 152
114 244
185 162
21 101
219 147
15 81
120 165
25 156
103 127
196 123
61 113
235 187
217 75
103 155
64 170
12 26
212 169
18 35
9 99
3 27
237 177
196 177
2 41
44 200
29 195
179 121
201 5
172 70
151 76
95 177
205 144
207 38
24 166
62 221
189 63
156 67
200 87
53 189
105 244
132 198
26 44
152 88
190 101
239 27
184 43
213 82
174 189
119 248
86 162
136 176
79 235
35 173
136 139
51 162
98 239
161 109
139 197
17 63
173 97
190 85
178 80
18 40
31 145
126 147
78 81
156 243
57 231
95 187
218 97
52 135
208 89
202 69
204 1
171 60
51 101
5 233
190 249
173 231
213 73
115 221
166 146
190 0
49 122
27 172
139 156
237 44
226 170
228 184
10 55
45 166
42 165
163 244
35 109
210 146
249 130
164 92
237 144
52 203
219 33
35 201
221 118
40 133
81 160
152 58
159 95
12 68
98 211
17 132
14 232
171 229
115 119
103 146
58 172
10 215
209 53
107 213
72 208
170 11
167 124
26 78
115 191
159 188
68 72
214 96
231 217
39 58
72 163
58 74
244 187
165 51
53 222
242 70
244 143
37 83
235 199
248 238
174 64
234 190
6 124
150 220
185 19
241 170
13 249
249 97
192 71
177 18
58 190
72 177
84 106
78 233
144 202
219 159
192 246
0 28
83 179
22 227
144 203
172 243
205 248
10 46
119 205
18 136
154 110
87 128
231 63
20 133
183 61
183 64
183 246
58 127
8 88
83 201
43 115
175 102
2 69
48 170
136 149
8 30
114 224
33 75
198 117
68 182
35 165
248 53
233 232
22 75
234 131
110 160
83 127
187 100
10 138
127 166
159 113
210 192
153 109
21 79
184 243
75 132
179 11
60 103
123 208
19 194
114 181
38 185
4 146
124 213
209 193
134 147
229 62
97 243
24 125
82 110
164 95
141 234
7 181
198 65
48 240
41 246
217 189
216 231
220 132
247 26
212 159
16 164
69 229
155 145
246 73
112 130
183 120
35 168
132 162
54 153
34 178
4 22
196 36
53 60
185 196
203 205
154 162
169 210
189 105
221 66
103 211
59 79
120 127
47 92
183 243
89 131
35 111
237 70
140 144
162 4
189 171
248 125
142 230
12 106
52 100
58 179
225 194
34 79
51 150
5 99
20 105
124 230
189 17
46 99
39 207
126 152
230 1
30 200
65 113
12 233
4 233
49 186
241 79
208 204
59 170
47 186
216 94
58 193
157 50
44 164
136 217
124 164
234 48
23 146
79 205
70 155
89 126
15 25
174 20
239 209
197 9
58 165
27 180
170 69
240 230
73 210
200 85
239 231
150 36
223 135
154 153
7 94
142 150
183 217
101 105
11 146
213 158
213 10
208 159
94 109
237 55
245 201
5 154
102 207
44 219
82 135
199 95
129 131
42 45
223 27
188 26
110 218
163 9
210 204
70 221
44 223
244 173
168 64
235 102
218 47
118 225
25 114
230 169
239 170
76 97
45 69
119 125
13 60
54 88
196 33
202 91
71 139
173 132
61 200
87 145
92 151
119 227
52 106
30 226
35 242
124 157
229 239
236 178
39 64
107 249
218 204
219 129
60 208
127 182
208 2
6 83
152 112
126 240
237 60
166 70
222 174
49 216
114 180
34 107
23 117
132 148
247 209
28 211
219 233
54 147
1 3
81 104
104 128
229 18
185 77
87 169
92 133
249 82
46 142
249 93
1 37
177 23
31 72
234 51
76 114
79 179
77 221
210 83
199 220
213 32
153 75
226 36
99 149
30 241
235 130
53 128
170 40
187 121
169 55
105 186
171 45
217 62
109 126
154 218
206 195
237 211
118 223
153 229
189 52
48 60
79 225
36 111
60 214
18 134
44 184
182 160
7 151
17 140
185 89
180 125
170 98
9 22
7 29
172 15
40 200
82 93
130 225
155 115
170 52
245 140
200 131
39 93
163 98
190 148
99 147
233 178
109 185
36 105
208 22
72 128
42 47
91 138
38 89
156 95
171 44
164 168
229 178
68 86
240 98
61 177
16 150
186 23
57 118
211 74
53 202
70 98
50 63
15 239
14 41
150 154
170 97
17 215
206 71
242 218
38 153
84 167
174 103
189 145
11 57
232 71
245 7
41 234
66 228
8 239
180 90
166 92
84 165
138 239
102 134
171 218
150 122
75 228
209 215
216 103
18 238
170 39
226 133
158 116
8 178
51 208
51 105
53 114
188 133
237 76
212 80
21 232
132 134
74 131
118 202
242 113
