272 152
106 159
73 159
5 187
274 244
58 197
281 113
213 259
175 226
98 190
159 250
21 88
90 185
44 141
114 232
203 260
4 194
29 114
94 204
163 261
142 151
109 289
16 49
212 268
298 260
198 224
149 290
130 212
117 129
56 242
102 270
132 262
75 99
136 217
130 297
110 249
62 144
140 237
40 274
187 231
97 110
59 298
275 228
54 209
297 85
299 187
95 197
79 139
98 203
281 60
252 287
66 103
23 156
41 90
114 188
145 236
26 74
130 284
5 106
180 235
269 295
143 294
12 239
121 291
52 201
0 21
11 112
72 95
38 246
144 209
14 272
56 255
100 105
151 214
87 231
47 66
83 239
5 188
33 296
227 256
273 109
276 253
93 178
78 96
74 95
65 228
23 246
290 161
70 293
132 265
8 43
275 72
294 91
272 255
200 250
290 88
41 243
46 289
71 127
298 190
14 253
47 185
120 244
294 266
142 235
60 278
200 279
33 40
78 222
198 278
217 220
23 292
37 103
18 228
29 113
15 109
291 268
77 225
286 141
9 96
273 116
213 236
221 293
1 21
242 255
290 145
48 156
86 295
156 238
63 209
165 269
107 208
2 88
5 256
48 287
119 173
105 201
224 240
19 238
1 127
81 257
139 228
79 290
65 94
102 289
96 257
107 122
110 281
25 38
34 143
47 294
286 279
128 287
190 286
59 61
10 116
22 261
95 143
53 232
104 132
288 83
287 173
189 284
270 21
70 240
161 195
284 238
1 227
281 161
209 262
9 18
1 207
271 283
279 71
35 89
0 56
292 148
158 192
8 121
226 227
7 18
41 156
229 233
85 107
81 114
27 33
60 117
29 38
270 288
5 178
2 5
67 282
140 175
147 234
108 252
283 154
102 205
250 282
85 239
90 151
189 198
169 210
27 282
147 169
34 296
273 244
46 195
294 180
243 255
19 48
271 83
21 107
278 140
33 287
282 215
64 180
162 259
146 261
287 104
37 91
4 242
73 173
251 253
133 288
157 219
207 256
123 273
19 189
296 239
177 189
287 13
18 42
117 135
150 159
39 140
44 275
13 27
7 53
179 212
64 201
55 108
149 291
256 291
292 74
129 291
8 211
149 281
165 288
224 238
20 173
299 284
134 188
185 298
10 25
87 189
15 138
36 102
275 13
289 45
121 223
123 213
118 151
222 226
275 41
167 249
69 210
53 271
54 182
65 235
4 293
118 209
32 182
124 251
279 248
57 117
126 185
191 279
182 189
11 101
86 94
293 265
6 96
254 260
79 106
150 177
145 240
119 208
31 185
294 94
101 255
0 42
0 295
234 238
254 271
235 238
150 216
139 231
15 40
14 67
132 182
58 227
25 264
86 298
289 4
133 269
123 265
274 57
237 297
73 208
292 177
75 132
288 140
43 191
287 94
122 135
134 276
65 266
186 227
1 128
58 296
34 166
70 216
5 95
142 278
291 202
262 283
27 205
297 72
277 61
59 240
197 299
34 281
158 201
142 197
54 214
228 259
202 235
32 97
133 298
125 199
271 112
250 285
236 248
96 228
289 92
45 223
58 139
275 164
113 201
25 181
95 211
40 95
54 244
219 268
184 289
148 262
30 233
26 153
111 159
287 206
281 39
43 169
43 283
227 238
274 97
48 236
257 264
67 212
66 271
291 228
124 260
96 153
24 279
53 263
62 255
282 228
25 273
3 5
69 160
10 287
45 118
172 232
49 225
183 290
3 65
55 141
1 260
299 89
214 227
33 122
33 143
295 65
101 126
34 97
57 106
109 223
78 283
153 173
43 73
284 240
281 206
293 245
124 252
290 259
294 149
234 262
284 163
75 200
63 246
96 215
106 198
90 125
280 236
135 174
12 244
291 181
28 269
210 283
182 264
32 58
272 30
84 200
298 257
79 215
144 199
162 197
172 266
292 30
121 147
273 59
74 225
232 296
178 208
27 59
212 266
163 264
28 57
99 146
153 225
38 279
187 268
69 183
146 272
45 284
1 266
16 206
92 184
31 254
68 217
114 213
92 248
19 192
78 256
150 264
299 203
179 282
289 18
71 288
46 85
244 292
281 143
34 171
129 257
138 198
145 167
39 262
261 280
98 276
272 141
130 189
185 227
293 16
78 168
87 227
119 191
16 223
164 191
152 287
278 149
62 65
14 196
131 154
73 181
276 248
270 117
52 272
163 280
144 148
148 284
190 273
200 268
80 208
31 270
161 188
149 224
286 12
66 86
234 251
53 115
160 230
283 99
179 189
71 118
291 240
137 231
56 62
14 273
104 153
62 258
14 95
121 193
270 42
283 213
279 269
1 275
52 56
48 143
149 279
48 270
234 263
130 140
79 133
33 235
148 165
177 232
7 191
276 13
298 242
40 125
60 141
292 27
282 36
114 248
38 84
121 159
93 152
159 237
141 202
261 288
47 50
4 161
62 87
5 169
16 258
176 250
43 172
237 265
84 161
27 44
179 241
84 218
294 111
50 69
85 166
258 264
62 168
56 59
28 150
3 119
19 165
275 276
9 107
98 183
187 282
232 272
54 191
48 268
40 250
67 224
109 295
83 173
290 158
114 116
76 217
95 114
123 252
134 172
180 278
181 264
136 178
272 208
53 241
166 235
133 214
285 41
86 90
283 152
135 231
145 229
19 261
122 258
126 210
96 224
152 179
46 134
204 230
272 46
59 242
191 250
53 255
134 185
289 60
133 291
69 110
137 189
278 124
8 231
145 245
278 249
5 53
69 287
288 217
1 10
164 282
298 246
9 266
294 110
49 226
39 295
109 116
53 86
7 262
104 295
49 132
106 111
116 266
7 123
27 42
93 127
276 66
61 207
123 161
15 214
63 226
251 265
31 103
21 231
286 83
155 248
59 76
155 184
231 297
15 77
93 250
0 84
20 127
25 284
48 157
294 239
92 182
3 31
288 126
64 212
30 33
282 119
113 147
117 210
64 164
90 293
164 208
32 70
289 194
120 290
138 216
111 133
109 181
25 132
77 97
157 251
191 247
297 278
275 85
33 221
18 196
287 225
285 55
32 272
98 215
78 200
295 48
184 192
199 215
63 160
270 20
91 190
76 119
297 267
209 299
51 280
119 262
84 176
4 90
11 267
41 98
13 95
77 184
72 177
86 124
168 199
15 235
292 99
282 287
11 30
91 160
241 296
58 187
18 291
231 285
133 251
76 261
11 116
97 262
51 265
271 132
66 189
63 80
43 296
274 131
151 221
182 268
25 193
52 147
95 273
58 234
1 252
124 242
6 55
151 193
51 78
241 293
185 277
38 57
95 283
255 257
60 238
288 36
27 147
103 203
21 247
253 278
138 176
65 229
284 49
127 205
68 247
78 84
282 149
22 30
71 195
39 217
68 286
280 44
247 271
103 183
2 196
164 280
15 51
104 165
10 199
20 253
80 156
88 226
289 126
26 142
93 141
87 178
195 231
222 261
49 189
41 235
170 259
122 201
275 224
4 150
138 295
297 121
150 231
24 218
73 81
60 204
43 271
277 145
159 161
185 215
175 280
26 193
4 297
14 115
80 139
82 251
61 86
45 169
27 165
86 178
211 241
228 236
73 120
3 295
296 128
114 269
291 54
33 120
80 184
188 296
47 119
76 186
74 174
295 234
27 72
227 251
276 146
215 216
273 115
286 29
274 195
17 77
278 202
186 262
215 230
240 269
148 283
254 279
218 230
287 134
39 93
218 247
67 227
175 181
299 16
162 298
242 260
287 153
186 249
190 266
186 284
136 275
93 101
107 299
197 207
114 169
162 171
135 197
42 83
180 227
210 228
97 288
6 91
71 139
56 89
142 155
31 47
178 223
283 214
270 242
273 80
17 183
41 205
50 61
141 204
210 284
107 253
40 118
16 226
194 210
283 260
136 240
93 135
0 160
19 92
273 70
64 250
197 279
220 230
59 221
37 286
94 188
282 110
48 117
67 120
169 252
292 224
138 191
9 198
198 285
271 167
109 222
178 257
63 100
47 68
47 114
61 237
56 250
166 194
76 226
72 289
91 106
98 265
195 248
43 174
1 7
272 184
87 100
83 151
299 6
296 197
51 61
278 217
108 216
276 9
292 203
277 236
34 126
15 41
52 200
27 101
51 85
181 243
179 240
179 181
99 289
138 157
40 130
41 184
35 170
171 262
24 259
32 141
191 264
53 289
280 202
8 290
67 177
181 182
35 286
63 138
181 281
290 48
7 283
298 205
53 188
110 152
121 186
65 184
12 46
95 262
61 285
48 67
32 99
208 290
17 156
51 150
114 144
271 186
135 259
105 114
1 290
288 134
281 62
116 182
122 252
234 235
163 267
9 236
25 101
20 90
79 275
46 229
4 190
69 113
97 116
184 283
138 242
277 2
275 170
78 130
20 34
54 142
167 275
112 242
242 272
28 65
60 171
115 292
107 231
27 166
138 292
23 124
183 272
243 289
1 217
295 84
13 60
23 155
101 290
46 93
164 168
249 281
169 182
13 67
190 263
16 163
161 166
6 66
78 132
22 79
181 229
290 83
151 217
164 224
86 204
211 291
277 170
76 166
292 35
25 283
87 242
67 68
56 166
140 243
282 19
292 86
274 222
299 235
288 43
46 72
107 280
85 241
164 260
206 235
9 174
91 202
40 233
292 118
96 178
9 184
297 91
141 218
100 112
279 115
148 237
166 224
122 148
7 160
47 82
187 234
162 214
66 291
93 168
299 5
282 157
172 244
143 260
298 220
40 184
149 187
136 253
35 109
191 278
74 83
209 246
142 145
171 200
44 249
211 296
64 279
44 269
18 153
288 84
205 259
94 129
218 262
76 203
292 119
93 167
68 204
217 244
101 212
208 225
295 5
53 283
230 238
12 153
284 184
39 82
157 206
77 185
294 129
86 199
256 267
215 293
30 120
169 264
178 258
249 265
46 256
80 121
44 250
12 236
22 159
7 197
48 50
167 291
25 211
40 253
173 201
1 113
167 222
94 161
0 154
100 197
59 209
47 64
251 258
25 86
278 214
23 230
129 267
25 188
171 211
56 193
48 277
77 102
85 182
36 208
31 136
54 228
21 118
24 293
85 211
49 65
215 251
161 208
50 156
186 281
277 97
270 25
76 103
106 218
45 176
5 134
296 199
192 209
2 168
135 184
173 199
134 269
195 196
52 71
83 287
257 270
287 210
146 296
21 105
276 245
60 252
122 241
293 203
205 295
287 25
275 197
228 242
134 254
5 237
85 116
156 285
294 68
160 283
32 232
116 131
54 257
147 231
153 176
38 296
299 201
86 223
63 92
18 286
165 292
97 182
17 138
12 243
297 50
46 142
25 269
193 281
273 289
70 267
147 216
124 164
296 299
178 212
66 121
115 202
27 159
280 64
121 257
70 238
200 249
270 49
67 172
146 287
289 188
41 222
205 286
45 244
282 234
75 288
33 177
129 232
201 257
130 157
174 180
66 212
135 295
171 271
202 267
142 266
46 241
277 94
173 260
90 230
277 235
58 221
11 193
65 185
232 293
124 261
186 229
275 213
96 143
6 44
165 189
105 173
61 287
185 290
275 84
235 279
102 105
36 195
214 256
292 141
49 241
66 184
112 270
216 291
299 208
17 66
188 224
295 94
147 292
38 71
103 211
57 168
288 58
78 128
6 25
177 190
195 240
280 166
18 244
0 213
12 276
0 61
91 285
85 189
155 227
150 204
12 13
146 247
251 266
286 19
270 232
272 228
158 277
118 222
16 170
276 30
215 278
157 296
223 268
24 146
42 238
149 168
250 266
105 232
292 12
201 271
58 235
111 174
101 199
289 240
185 254
40 182
229 246
93 273
289 160
298 262
196 218
29 280
98 224
61 131
86 233
7 42
291 277
95 268
56 274
121 292
172 230
64 71
219 240
31 221
132 198
66 148
58 130
73 190
163 278
24 153
192 212
54 187
105 228
47 255
35 99
208 251
292 22
138 285
95 238
41 130
11 293
83 161
165 196
154 263
135 155
10 84
2 56
277 254
14 244
73 238
77 290
117 262
16 159
139 265
144 184
30 81
50 111
135 209
281 140
32 225
284 10
91 247
110 289
120 192
20 59
107 158
281 31
3 182
1 221
89 194
192 276
272 225
276 156
81 269
186 296
5 258
54 251
106 220
137 257
186 268
291 137
204 277
284 193
25 214
280 61
169 198
280 103
71 202
276 288
46 258
84 121
209 220
67 95
76 285
239 283
89 103
63 230
67 264
27 172
96 289
55 262
6 193
19 91
169 293
108 265
59 113
6 260
66 176
88 92
49 230
174 253
1 280
141 179
62 200
235 274
5 63
175 194
186 255
24 49
17 247
43 51
298 55
9 227
50 102
28 67
170 270
104 249
190 201
295 25
282 198
34 194
277 211
23 131
289 27
166 181
127 159
35 173
287 110
213 243
29 196
31 89
293 77
187 230
76 293
225 232
263 297
59 291
47 160
23 249
157 298
166 233
6 120
281 93
146 219
98 283
280 26
121 285
109 146
292 130
272 101
10 130
291 17
119 209
55 186
67 214
190 195
186 290
278 248
179 207
108 200
278 287
276 269
13 102
72 215
30 71
43 104
122 295
290 62
77 86
16 105
263 269
134 229
293 187
79 267
278 26
120 284
127 288
113 253
182 285
116 231
282 135
43 90
28 45
47 71
123 287
237 258
205 234
52 121
152 250
292 62
277 34
51 235
140 295
241 267
167 245
2 133
280 25
123 251
73 180
140 257
199 278
54 96
256 293
43 180
278 63
11 150
37 243
83 91
24 253
200 205
126 219
157 280
279 93
233 250
169 205
59 227
7 215
285 291
6 191
193 242
69 245
238 295
150 289
119 199
179 209
137 235
75 107
68 212
163 238
164 219
75 247
237 264
204 270
102 195
192 272
44 261
0 186
181 237
115 131
130 242
278 154
45 129
203 247
3 37
283 170
7 250
11 287
278 181
182 294
94 210
102 176
20 51
154 291
15 244
51 88
274 32
82 104
31 259
112 117
132 162
118 248
194 212
114 210
74 106
180 190
13 96
59 264
69 276
89 123
16 39
120 270
70 143
271 262
294 124
48 217
50 98
99 198
200 251
49 84
42 113
279 265
167 278
202 271
64 216
269 293
24 189
127 165
185 246
34 139
47 93
129 223
65 298
203 252
49 59
24 187
155 207
8 193
12 195
72 167
266 284
31 216
100 236
64 146
72 148
9 138
12 64
109 192
12 93
119 271
123 182
285 109
29 59
271 184
31 173
65 70
148 181
250 281
283 263
186 299
180 230
12 61
221 261
82 89
46 294
276 243
230 247
148 177
169 296
128 130
35 140
248 286
48 235
71 102
46 234
208 246
94 267
69 289
107 164
282 49
99 240
198 230
0 207
15 156
91 271
69 277
62 273
282 114
152 238
279 43
294 262
221 288
140 216
135 258
44 119
149 276
85 114
275 117
22 174
83 299
139 164
298 221
52 117
122 243
115 143
102 210
155 208
19 249
216 271
285 154
65 287
137 281
73 157
223 246
63 101
298 235
36 113
277 228
35 131
52 110
48 260
81 117
164 204
93 206
284 182
107 168
77 122
54 264
41 283
55 145
271 248
10 98
110 215
224 260
7 298
287 259
115 160
80 181
37 135
33 282
98 267
180 220
270 71
242 263
192 259
26 187
121 189
118 177
289 37
48 155
7 15
274 207
49 276
31 172
182 255
144 240
25 97
79 119
281 84
274 127
252 292
176 188
47 168
23 160
177 276
16 196
278 233
181 201
11 62
81 185
12 89
76 169
291 12
286 5
274 202
271 93
145 257
36 82
65 190
109 259
284 237
107 290
296 144
169 181
86 230
148 263
178 271
44 221
41 282
220 277
71 291
28 249
49 297
88 175
34 297
196 252
8 103
19 224
280 24
114 211
8 136
62 248
58 113
148 295
108 292
150 205
40 44
120 195
36 152
160 163
219 293
299 221
193 240
277 174
93 149
62 82
32 224
243 290
76 109
12 126
175 179
283 298
42 174
65 173
77 240
143 206
156 173
282 106
233 256
140 158
276 170
81 244
281 2
114 249
277 293
161 215
30 68
249 298
82 292
287 180
36 84
97 283
28 290
23 283
7 206
169 225
226 231
43 63
102 297
51 198
176 186
9 70
26 155
135 180
21 144
147 225
139 182
292 221
3 123
292 1
290 245
156 186
139 261
61 147
273 47
282 99
122 274
209 276
66 171
89 100
49 73
67 238
49 96
90 299
296 118
271 249
149 178
285 200
294 41
17 176
22 279
154 293
43 284
83 126
166 183
22 107
198 296
18 24
70 271
79 87
160 232
58 299
37 284
146 258
25 187
246 256
213 262
284 252
30 241
271 4
82 126
103 148
61 259
19 38
57 199
71 125
56 278
159 297
145 197
0 89
240 281
142 171
18 220
112 177
144 217
58 186
92 175
21 256
82 209
278 84
284 191
39 100
22 95
134 146
83 206
5 216
33 225
104 206
53 225
296 205
1 67
23 27
97 268
27 126
296 256
174 296
59 136
106 139
243 296
170 273
83 256
106 271
23 47
50 163
22 111
62 213
191 251
3 236
298 91
82 232
10 292
17 185
51 232
74 200
29 270
171 197
201 263
8 48
297 61
49 66
58 230
33 246
174 198
1 281
21 261
63 208
96 189
85 221
51 173
37 224
41 228
57 95
286 58
113 206
24 109
1 158
148 257
180 191
289 170
26 90
299 213
279 262
254 293
218 293
28 111
140 185
283 150
106 276
8 162
61 93
289 281
14 179
108 191
53 223
89 101
8 195
281 221
61 260
20 214
30 113
68 208
284 89
297 142
118 280
283 235
101 205
176 229
192 207
210 240
295 40
115 250
242 246
28 179
293 134
46 168
25 76
75 196
134 242
102 186
296 109
164 203
35 157
299 238
284 247
76 173
22 208
111 197
136 184
70 261
94 120
279 52
290 224
72 75
17 42
168 236
60 181
167 273
43 293
100 212
296 136
222 224
75 172
40 297
174 208
281 159
55 142
123 143
60 74
14 293
100 155
61 219
172 196
274 153
26 179
75 204
112 202
112 216
281 176
124 267
26 259
105 165
5 234
71 110
261 287
131 281
209 274
45 207
51 210
207 292
161 193
177 224
137 212
53 146
257 261
129 211
34 238
264 284
97 126
153 188
12 42
286 71
1 165
282 1
274 51
12 134
47 232
40 62
16 217
297 192
106 240
148 168
196 268
97 200
46 287
270 69
188 226
20 97
22 103
73 163
285 88
271 276
125 137
222 293
70 192
129 192
283 253
283 208
19 211
226 279
4 287
280 32
42 196
23 36
287 176
117 193
140 212
68 130
121 188
281 204
5 123
117 236
199 224
298 83
17 224
58 162
13 233
283 125
129 280
75 96
184 202
56 271
204 295
196 217
125 148
274 138
97 196
76 149
46 54
39 173
22 232
55 274
20 57
128 213
99 218
201 281
72 78
6 95
274 118
56 240
93 129
32 120
24 105
281 147
44 214
104 161
107 191
177 246
151 270
31 71
41 255
34 161
46 129
145 239
265 289
84 89
59 199
88 255
291 117
94 135
117 161
70 173
286 38
75 226
136 157
68 131
148 206
39 68
134 139
44 161
49 83
158 200
218 221
295 208
110 288
50 100
290 253
274 240
276 86
60 188
106 199
134 223
141 150
58 82
27 267
26 61
39 52
37 39
113 218
245 255
278 227
64 207
35 279
15 44
105 278
87 180
55 98
34 127
277 93
61 208
97 112
158 162
175 213
55 102
24 68
77 132
91 179
103 116
237 242
6 180
215 277
190 202
223 229
182 188
60 136
52 187
148 298
25 56
123 259
91 253
63 265
197 256
279 13
271 5
17 119
161 221
64 205
135 287
158 287
25 71
286 110
183 292
38 245
252 273
108 201
38 254
299 124
95 98
272 203
278 78
16 263
4 48
216 239
76 244
136 177
30 103
270 243
134 230
67 215
45 70
132 243
182 185
49 257
297 207
13 222
2 50
42 232
146 292
9 24
60 220
106 277
274 46
271 223
40 51
133 141
11 38
22 26
119 274
32 250
35 268
63 64
9 75
41 225
5 35
42 50
116 204
271 37
88 96
153 202
221 297
158 268
72 212
196 211
56 88
74 105
288 14
59 95
100 270
56 135
170 282
10 205
61 69
117 126
274 24
9 45
275 129
37 273
47 180
295 88
145 221
273 276
286 194
100 244
8 113
202 254
37 170
122 284
294 210
44 148
133 268
189 250
18 35
188 250
299 4
77 154
23 237
15 105
142 225
275 110
11 144
90 171
165 179
15 258
166 210
109 292
30 244
110 248
101 203
230 275
23 123
4 57
71 75
138 271
191 287
156 279
184 287
286 176
125 250
161 282
1 131
289 85
132 185
68 250
199 286
27 195
14 224
14 213
179 216
27 184
275 106
129 220
273 258
131 190
44 240
32 73
146 186
237 260
38 236
23 98
11 202
148 286
37 182
121 217
226 283
21 250
161 230
65 137
175 184
14 76
166 257
7 105
220 276
264 289
2 228
295 149
100 103
109 298
192 265
73 237
53 187
36 145
97 252
93 177
81 276
277 4
184 210
5 221
139 225
293 250
274 10
21 294
244 295
2 257
279 84
123 178
293 226
19 60
37 249
44 169
181 296
72 171
6 70
99 219
90 290
48 184
16 250
140 172
18 96
37 252
88 127
167 256
26 235
93 184
115 299
226 269
52 171
25 129
121 299
105 189
275 61
172 183
169 232
2 176
192 287
286 34
298 74
174 175
2 23
103 180
208 219
32 103
280 94
60 253
86 241
274 239
76 257
70 74
11 94
206 228
67 69
49 272
124 137
288 53
298 75
242 257
124 237
294 160
271 269
234 237
268 281
80 249
115 190
22 202
277 86
67 160
9 278
289 10
36 202
65 180
22 182
35 115
297 98
289 131
37 237
127 272
249 277
186 247
91 103
74 283
214 297
192 197
13 164
161 279
2 99
152 178
111 136
63 198
14 92
37 153
130 186
17 293
115 198
211 218
31 250
55 259
284 102
288 131
73 171
6 17
255 271
163 229
85 138
100 138
49 220
136 153
98 150
8 70
161 184
224 244
1 232
218 290
94 179
147 198
186 295
37 166
29 181
287 37
13 160
297 182
173 240
122 157
129 200
24 160
174 258
287 186
39 132
291 245
88 286
76 146
60 196
165 172
154 217
228 244
99 254
52 151
147 173
72 251
45 205
38 90
146 274
193 258
38 238
103 150
170 210
286 203
75 162
296 88
202 266
262 288
51 261
36 213
197 291
283 10
122 182
55 76
21 148
148 167
67 80
284 265
44 243
245 258
16 208
52 226
53 169
274 284
51 69
295 30
290 96
127 257
191 202
281 292
54 241
249 258
109 154
221 270
84 88
96 163
290 136
289 175
181 205
79 188
22 129
77 280
114 132
42 241
29 243
137 255
288 0
283 272
72 164
119 293
57 171
276 68
97 125
135 266
89 256
246 294
249 273
89 124
136 190
95 160
93 236
73 299
157 182
15 145
171 232
124 153
6 72
152 205
148 239
0 290
159 242
272 148
87 236
298 176
92 135
26 269
21 36
76 101
276 43
109 272
8 87
290 155
47 51
140 181
220 287
233 289
202 206
29 210
60 157
177 251
46 169
163 248
270 74
40 193
65 109
77 151
295 47
105 185
62 284
190 296
143 205
20 138
79 261
80 150
288 168
109 246
298 229
85 268
140 261
153 278
44 111
42 195
251 268
127 183
207 281
13 61
188 266
45 78
87 154
21 157
33 249
262 293
87 162
60 120
111 232
132 140
29 136
125 174
84 212
8 144
28 236
293 2
176 193
196 260
112 134
172 193
80 103
167 267
123 289
63 156
291 116
186 260
128 185
25 147
9 73
291 8
152 224
298 9
150 251
97 221
5 27
98 192
46 150
19 292
174 292
172 262
27 204
57 255
44 89
162 252
12 164
