485 280
167 201
12 160
140 319
496 119
88 440
195 449
482 85
37 465
341 396
106 287
27 236
215 327
168 369
146 287
499 385
127 319
9 191
159 358
73 327
156 354
174 265
225 345
278 393
125 130
484 376
230 295
132 190
129 428
448 450
168 211
1 158
119 421
0 463
25 212
104 343
499 424
135 413
282 416
296 418
18 320
137 205
14 253
138 148
9 66
89 424
117 129
302 455
167 375
494 364
6 323
355 382
11 52
212 387
312 471
326 490
115 122
167 400
192 359
357 367
95 291
486 386
305 437
28 427
31 90
105 106
93 312
71 171
296 359
201 404
241 294
141 443
108 187
106 156
491 52
62 316
106 477
351 464
163 211
90 270
478 169
95 389
221 385
230 499
9 357
155 335
233 437
244 379
94 460
345 371
140 222
297 429
50 418
343 368
206 388
348 410
485 457
87 89
77 201
357 390
122 400
198 224
320 458
119 201
148 248
34 463
66 380
358 442
281 483
215 487
182 250
47 103
490 315
158 216
229 407
258 380
136 364
233 484
274 342
301 463
43 383
212 437
188 199
85 377
37 472
56 286
206 289
57 252
113 272
43 410
495 163
90 235
159 331
73 344
308 343
429 477
325 378
56 71
66 485
26 59
355 364
108 473
390 414
12 230
59 387
30 169
271 471
7 276
52 83
358 362
267 483
40 374
188 277
119 359
241 450
37 121
170 429
73 466
161 280
288 370
203 216
5 256
58 95
105 267
40 256
49 400
307 388
2 406
44 159
32 443
127 302
475 119
43 48
169 439
267 272
108 450
351 446
29 54
296 472
129 339
102 199
103 286
483 269
101 125
477 400
302 460
68 160
186 363
120 292
123 383
497 109
494 12
33 349
145 308
332 385
294 357
229 435
103 224
270 418
135 166
326 436
55 277
63 222
194 460
188 456
103 307
7 283
51 468
291 311
116 467
216 259
219 261
204 257
136 450
11 199
271 299
284 383
495 143
250 300
6 408
130 324
7 157
56 87
149 287
263 306
104 451
27 452
40 466
477 405
155 162
146 157
475 370
82 496
147 465
224 332
248 301
485 16
150 273
292 319
280 329
50 122
81 379
281 388
179 277
494 74
3 245
353 408
45 191
222 401
63 479
160 322
85 313
72 122
477 307
196 436
118 175
453 480
54 386
381 439
478 126
91 181
36 389
313 386
164 404
12 282
181 465
147 413
163 344
31 300
263 341
98 348
265 459
232 378
265 349
120 322
498 109
389 412
142 170
153 230
489 271
495 372
117 240
5 447
382 468
187 478
19 438
238 367
480 244
149 493
90 266
118 411
72 222
28 172
5 305
84 417
153 472
214 346
481 359
151 357
119 199
60 230
181 447
17 420
183 202
260 398
379 414
198 351
493 26
129 453
489 311
86 364
227 317
51 486
391 493
185 187
37 61
483 208
189 314
17 89
213 373
291 477
148 297
336 342
56 479
175 224
495 467
480 449
264 388
496 356
160 385
311 352
184 417
65 122
488 284
488 444
113 142
8 13
44 490
76 380
377 397
398 471
264 433
495 466
332 431
88 329
258 379
495 356
85 166
259 312
258 300
220 457
29 385
251 477
1 440
487 5
107 383
268 368
114 441
59 264
28 394
267 414
2 222
68 231
29 434
91 237
267 279
147 361
24 268
97 462
267 464
388 462
481 242
78 243
67 109
333 342
347 441
494 332
71 199
48 212
360 457
16 450
180 484
181 235
84 168
35 65
218 324
10 492
189 205
105 389
73 421
82 394
35 494
66 430
479 15
498 472
147 200
237 239
16 213
160 354
8 251
402 482
61 329
82 347
387 453
47 389
25 218
347 426
14 269
229 361
25 427
476 418
264 374
133 150
283 449
91 132
93 235
278 416
438 449
198 205
499 293
261 462
327 470
303 476
77 469
425 459
25 145
480 42
189 301
121 424
68 457
497 221
83 149
173 223
227 431
481 337
482 100
155 169
117 199
116 329
140 168
22 117
1 66
40 406
27 182
264 426
82 270
96 341
112 196
373 473
481 373
24 248
95 422
51 154
299 489
208 386
179 444
121 130
212 386
93 153
489 324
303 319
62 378
241 246
61 159
116 264
478 73
2 132
94 151
78 91
258 436
111 114
57 357
192 434
21 403
46 152
60 489
67 83
95 175
475 22
61 258
78 84
8 228
179 427
151 443
107 224
304 306
267 316
182 342
261 382
2 292
135 246
122 218
76 241
264 472
26 333
205 429
434 435
137 326
91 329
330 459
389 404
58 343
27 57
169 382
326 425
79 473
217 455
123 424
157 311
274 329
3 107
30 193
164 369
180 473
211 491
118 282
189 211
494 363
35 225
486 82
272 315
484 461
37 258
488 124
64 81
47 158
473 478
479 439
425 494
490 496
34 433
145 340
90 200
6 57
248 273
152 187
122 258
484 24
424 473
112 445
495 235
105 378
148 499
127 369
102 162
320 487
121 227
65 311
205 439
197 239
91 319
18 286
28 33
31 240
197 377
140 346
227 252
410 419
102 249
226 495
141 498
154 310
8 212
209 217
360 411
22 470
85 234
97 103
274 394
480 412
273 348
149 152
28 114
143 152
183 285
229 235
139 216
218 447
2 182
346 433
175 185
247 439
150 325
256 267
3 317
478 147
91 346
250 383
488 456
487 104
167 479
199 235
58 444
58 479
21 331
355 498
91 188
360 420
49 75
129 392
80 391
137 359
162 376
44 276
32 207
58 109
262 356
54 138
318 338
51 346
98 202
92 374
163 365
46 125
439 447
498 270
42 84
49 418
30 134
482 261
327 364
180 254
217 373
50 71
42 396
58 137
174 376
37 491
122 411
295 314
60 467
99 201
124 175
373 438
119 425
160 165
480 202
473 476
285 388
24 70
154 376
195 276
396 428
344 407
37 475
48 450
102 275
221 373
499 279
63 185
287 427
46 150
81 226
237 305
282 495
117 312
490 112
37 261
447 485
320 342
0 78
248 322
141 289
168 235
339 399
239 418
252 429
207 431
356 446
89 275
411 499
494 25
244 393
61 309
377 419
499 200
67 253
88 375
235 316
477 498
177 343
75 202
1 88
33 378
116 378
135 239
9 214
332 456
286 376
199 357
37 124
125 279
388 480
256 260
125 165
476 254
6 190
239 275
250 332
0 473
227 353
144 455
18 489
290 389
46 297
40 367
109 239
398 498
409 411
373 386
101 176
193 453
184 403
23 493
218 361
481 276
172 208
295 454
229 275
476 65
125 296
71 235
390 433
336 360
109 464
11 73
128 238
244 345
16 45
15 66
72 315
235 268
167 354
156 365
357 416
268 380
224 465
120 247
258 273
71 275
26 118
174 454
163 436
159 164
191 293
81 349
42 423
42 142
295 497
486 297
426 437
0 234
497 168
312 343
25 51
242 304
159 275
184 490
45 146
86 173
257 455
368 413
486 337
314 321
144 176
161 296
194 244
87 211
16 242
83 377
304 341
209 380
159 177
475 465
100 162
87 104
77 468
315 340
37 370
32 474
124 291
103 110
43 495
107 225
56 101
17 370
34 84
439 445
140 178
78 282
229 291
184 321
79 241
217 491
279 305
240 492
142 408
22 163
437 499
143 464
418 444
316 475
218 353
101 305
119 369
220 492
228 420
45 404
271 466
26 419
246 304
118 450
382 480
304 418
18 107
134 305
69 154
480 433
44 138
476 323
106 497
206 221
28 336
81 204
160 381
281 317
4 246
113 480
247 256
438 485
143 370
120 153
105 374
150 414
481 138
438 467
111 422
493 24
14 450
266 495
22 357
497 152
54 465
100 136
9 125
28 320
16 349
81 281
313 352
255 264
222 452
113 257
73 322
100 194
8 110
290 436
20 170
340 480
117 155
223 285
171 447
44 145
477 232
181 375
187 431
199 380
290 336
111 204
76 221
96 291
87 455
168 303
89 336
57 262
122 226
58 331
358 403
291 439
137 330
25 329
169 180
222 378
142 165
245 252
343 479
195 431
62 131
173 435
0 236
31 491
25 342
62 167
100 268
90 361
209 385
15 335
75 102
207 324
113 179
165 412
70 200
92 175
174 465
482 146
314 369
303 398
80 151
449 494
159 335
74 395
336 486
45 71
175 461
55 113
436 455
30 457
226 274
150 335
438 478
291 448
65 250
371 459
151 203
174 194
96 103
105 412
247 261
9 54
66 223
410 491
311 370
10 494
83 357
72 366
254 492
497 94
482 328
2 388
195 246
193 318
337 395
206 336
420 421
227 459
89 228
370 459
58 436
280 410
492 411
154 226
45 308
441 483
260 336
44 428
236 384
480 78
149 218
197 247
125 195
274 401
5 216
230 313
68 482
391 498
84 368
182 340
239 474
132 212
5 15
425 436
14 333
312 389
328 378
246 344
69 250
211 421
51 267
140 213
495 344
156 369
144 475
263 335
36 102
7 331
222 223
410 455
155 394
223 311
223 266
60 396
121 403
188 286
343 402
489 241
256 413
337 458
89 453
213 265
478 221
384 437
34 278
80 286
155 375
157 166
46 141
19 375
483 8
247 379
9 341
485 285
112 305
162 301
207 458
130 193
50 439
477 183
319 414
482 108
179 416
2 468
483 378
325 497
288 380
408 462
180 406
400 419
334 463
399 442
332 423
497 451
292 373
235 313
488 463
243 258
206 278
363 397
176 227
284 380
120 343
281 422
53 220
255 400
32 321
84 293
30 153
25 270
488 46
125 299
247 267
343 484
486 285
83 171
13 256
4 14
116 390
43 467
346 495
284 356
346 462
116 270
135 334
168 315
133 261
48 99
235 479
203 421
267 351
405 417
172 379
35 170
410 452
142 441
391 400
186 436
402 423
73 329
3 435
142 442
133 468
478 411
61 489
318 483
428 455
419 452
78 353
347 424
175 410
480 31
49 164
10 480
165 288
301 347
47 420
424 442
1 90
12 44
261 361
131 299
493 201
92 196
395 468
396 419
18 155
74 401
186 367
177 254
102 467
145 431
290 418
301 483
184 401
247 364
106 294
48 114
348 482
489 185
55 291
133 171
475 134
107 486
31 195
396 491
139 390
12 202
277 390
3 79
294 437
197 486
198 210
492 6
416 442
85 102
382 475
376 414
115 334
234 392
339 371
376 408
358 444
121 203
401 422
146 179
385 418
499 165
155 363
65 241
49 91
66 254
269 434
217 469
111 395
379 427
256 475
204 216
263 326
36 184
235 490
32 181
379 441
118 201
55 239
134 410
312 436
217 429
36 406
34 461
152 465
411 474
119 252
63 356
50 319
499 63
20 58
266 331
126 362
61 142
484 232
241 242
411 463
89 169
476 173
27 348
494 119
65 124
75 189
229 263
69 381
289 347
164 326
231 276
433 438
383 465
279 325
475 64
172 244
102 491
478 424
35 187
310 462
35 429
227 326
71 82
120 315
486 339
3 370
483 263
12 460
6 171
8 344
160 303
432 470
85 327
207 468
180 258
38 342
480 283
180 210
209 400
183 496
273 443
341 366
23 102
176 210
228 378
43 333
488 334
45 340
52 74
262 311
89 466
27 367
134 295
1 170
103 272
107 305
302 379
129 317
1 42
78 277
146 376
185 390
336 418
163 220
143 156
203 453
194 330
43 463
323 343
54 125
190 422
66 135
89 93
106 145
235 329
493 271
97 348
79 189
153 421
236 258
169 339
307 353
9 70
63 294
22 322
130 495
86 433
35 350
235 308
495 158
161 232
42 54
134 458
119 123
2 225
262 312
193 443
488 356
196 285
214 417
140 238
45 470
486 348
10 95
13 383
340 462
41 94
482 186
311 345
70 260
204 259
60 189
80 365
483 225
490 420
491 288
219 233
2 93
176 219
490 349
292 350
400 451
21 147
106 321
362 479
70 82
222 264
419 427
262 376
47 244
54 292
131 394
117 214
331 497
117 132
210 432
121 177
356 381
404 490
22 267
113 492
257 319
173 374
220 262
141 242
214 224
220 344
499 286
237 297
476 176
393 442
139 468
301 429
260 391
73 458
21 361
366 455
234 373
61 372
102 264
66 292
283 427
25 269
233 241
125 349
1 76
322 363
168 304
54 280
110 283
125 493
145 248
48 347
217 457
153 373
172 192
233 257
47 425
487 223
239 361
157 373
487 414
27 429
196 454
96 140
431 477
214 237
53 460
67 484
42 400
177 307
14 382
330 397
48 310
2 55
463 483
185 313
45 159
140 455
10 116
66 428
108 293
221 450
229 454
14 292
15 413
491 374
220 478
192 391
486 445
353 441
105 476
256 295
193 484
339 476
336 400
111 279
203 383
1 381
82 290
253 400
172 325
296 450
100 336
229 464
133 480
157 334
232 495
64 278
133 420
129 305
111 207
223 299
176 206
100 279
489 440
403 439
364 485
50 130
19 350
122 184
242 248
350 406
307 497
282 412
181 204
51 343
394 420
52 299
487 21
20 371
175 398
212 481
190 225
6 449
81 273
91 381
152 190
164 477
85 497
303 382
50 120
45 431
258 317
257 442
273 470
114 392
27 115
18 383
181 488
33 286
322 464
172 214
40 375
213 436
20 303
99 446
8 207
24 486
179 475
99 485
89 179
236 408
166 295
261 365
482 131
143 419
46 182
117 136
95 354
177 459
434 495
268 434
243 292
76 129
366 380
286 317
41 238
227 410
337 430
156 451
136 464
30 305
9 149
83 342
198 480
213 448
170 468
143 163
140 391
154 178
272 308
54 247
250 393
32 77
222 446
216 320
82 191
477 144
18 48
482 160
209 390
182 398
254 461
104 363
334 429
42 447
187 331
212 234
64 228
47 226
385 409
384 489
30 199
138 276
125 376
249 281
490 86
497 270
242 325
149 314
20 343
399 406
38 348
361 397
430 449
478 469
43 356
496 261
152 310
3 215
105 144
103 122
84 308
254 368
0 187
475 407
7 24
77 189
40 259
76 405
12 323
237 246
125 377
468 471
12 79
16 410
237 376
50 317
240 290
35 134
492 252
127 344
23 263
253 483
214 342
55 154
211 428
204 374
209 491
56 250
55 215
153 211
293 320
117 167
205 279
164 167
113 366
89 247
60 433
22 86
399 402
273 430
94 214
76 398
210 327
204 481
348 465
53 432
17 443
245 449
205 382
72 211
287 382
83 451
344 408
79 112
86 419
152 392
40 283
78 248
224 237
223 471
219 370
32 401
31 128
141 490
215 271
206 249
123 381
32 98
100 440
32 495
22 487
81 116
337 379
259 279
223 473
220 229
499 344
143 259
336 471
297 412
169 468
85 364
98 194
402 462
194 296
151 347
121 492
22 56
490 91
258 301
175 469
10 28
475 356
0 262
334 483
101 130
458 477
264 373
24 240
250 444
100 297
82 85
58 170
82 382
35 397
1 14
63 253
477 377
409 475
9 314
125 439
174 412
110 389
0 201
62 363
155 387
318 430
147 462
3 475
21 99
58 192
485 367
230 380
476 316
38 404
20 382
24 155
173 180
33 299
37 272
264 281
154 179
122 409
17 372
232 355
316 401
204 255
78 446
3 172
307 335
185 429
27 383
383 466
56 297
352 370
305 390
215 373
93 427
150 230
164 423
231 394
193 375
293 336
25 422
71 251
204 246
24 210
24 156
406 477
106 111
0 119
484 178
135 226
9 229
335 341
135 345
125 431
293 471
179 201
223 417
170 174
18 340
310 467
364 370
24 238
54 228
128 302
344 441
115 332
282 497
0 440
330 457
174 237
278 356
300 379
174 434
164 304
437 444
83 113
85 112
245 314
477 344
494 284
316 359
19 421
245 262
83 335
19 67
346 409
393 449
489 333
498 421
24 468
93 207
274 294
370 404
130 437
439 449
470 491
126 455
489 70
328 404
143 219
310 381
205 431
86 378
218 471
331 483
64 123
46 208
366 493
485 303
198 467
175 329
141 381
319 432
137 247
251 332
190 359
182 322
495 85
302 320
72 390
99 263
16 80
138 493
17 233
203 373
10 352
131 363
121 221
481 64
105 461
248 359
298 326
3 387
95 178
183 499
490 113
1 150
242 449
104 282
498 337
82 444
166 478
487 402
115 468
262 386
59 284
193 362
1 201
380 482
256 474
87 272
106 399
132 295
91 185
210 293
95 478
66 197
245 248
170 383
260 363
87 158
147 472
261 485
395 420
235 359
96 248
42 154
215 461
29 44
147 491
491 103
307 441
220 277
262 309
346 488
34 218
172 438
140 316
5 364
194 412
67 165
454 478
119 138
126 337
9 436
35 175
330 419
192 269
24 390
204 333
64 410
337 435
57 466
32 152
3 85
0 25
497 327
58 179
1 204
216 369
297 482
15 221
249 331
25 474
480 197
224 244
165 227
350 386
480 414
63 473
75 232
113 441
172 241
192 258
117 350
479 286
39 341
214 230
209 388
68 199
176 323
92 451
283 338
380 489
186 382
185 299
483 250
434 467
481 371
189 306
133 269
197 302
189 380
422 490
318 324
53 296
100 465
161 344
130 278
412 425
76 255
144 309
69 226
326 423
60 287
148 162
493 437
314 324
37 66
27 162
194 480
259 392
46 351
153 298
9 295
344 463
35 323
33 417
18 95
34 438
226 431
272 466
54 71
263 476
214 457
148 168
5 371
65 173
132 260
304 371
188 215
425 478
107 132
122 211
20 46
392 482
418 427
36 177
371 399
187 215
213 221
136 249
295 429
218 407
244 499
355 430
131 429
203 268
202 410
106 316
112 354
283 432
370 464
48 242
46 406
283 481
64 428
1 221
35 437
362 442
101 409
28 204
68 186
68 377
40 143
478 10
26 114
399 422
156 202
436 456
84 102
304 460
62 439
174 373
331 458
143 466
300 326
301 475
407 492
43 387
499 143
5 12
34 420
98 387
227 464
492 30
159 494
217 231
87 349
129 207
0 54
161 395
76 382
14 183
298 444
237 358
489 206
322 451
89 438
45 383
486 20
196 307
47 141
225 268
41 152
199 331
208 406
157 381
277 328
33 334
211 402
114 220
11 404
81 321
74 346
496 275
7 406
76 146
242 474
308 399
385 419
129 377
32 279
47 53
163 477
150 332
384 386
105 171
253 305
87 354
149 348
99 132
54 65
46 414
76 213
350 435
4 21
85 432
55 159
71 156
155 215
15 107
315 325
177 423
9 113
274 377
37 233
174 220
266 481
163 456
287 339
344 365
364 437
180 328
35 282
3 468
26 240
11 46
162 481
239 428
13 115
343 427
94 172
63 483
17 278
209 284
182 205
91 218
60 466
255 410
149 360
288 472
228 361
244 416
45 219
24 269
91 219
206 426
210 419
251 310
316 412
12 278
81 272
159 205
82 277
217 463
49 409
77 482
266 417
167 298
218 304
285 398
494 343
223 393
34 335
15 333
84 134
130 131
453 485
81 177
211 232
199 394
84 179
175 229
338 397
332 420
482 229
413 471
496 427
482 189
208 315
171 410
38 393
497 404
484 450
494 344
307 456
479 288
317 398
178 414
260 317
285 392
238 378
483 381
51 250
477 31
256 332
376 485
279 398
122 392
219 391
120 377
1 345
295 498
24 366
495 392
49 467
41 333
188 413
6 164
209 251
318 401
75 238
18 418
480 154
241 406
195 315
146 387
171 427
150 190
393 477
208 416
14 25
29 181
194 410
182 393
189 215
237 373
83 159
77 182
78 260
485 110
107 346
324 481
318 479
95 341
126 490
262 403
199 381
484 431
136 396
275 435
173 492
211 256
98 273
78 147
201 335
32 291
220 429
239 318
214 263
476 453
490 162
360 387
57 86
115 458
82 462
247 384
63 243
317 462
31 196
156 318
167 469
292 433
26 143
75 307
20 155
73 221
13 86
134 164
395 499
483 447
236 416
462 487
199 239
77 350
284 297
210 226
308 317
41 234
325 472
64 185
70 241
350 436
232 404
88 322
4 289
99 479
441 454
198 410
4 247
46 55
372 486
390 399
82 117
141 395
9 151
10 84
189 499
71 284
4 164
111 140
140 377
198 257
53 72
120 406
81 305
86 498
192 390
0 299
176 490
8 255
81 439
170 466
370 465
480 320
269 394
247 389
61 384
424 451
92 484
177 290
373 472
255 289
40 307
320 426
482 428
49 387
170 188
32 476
265 288
135 404
15 222
111 243
187 451
412 494
208 305
165 377
370 496
150 207
117 295
288 314
137 228
143 397
80 234
309 441
104 390
112 170
101 462
25 377
116 121
485 191
491 307
11 354
185 491
107 213
6 404
41 369
75 109
112 248
223 495
347 436
364 415
212 336
37 163
90 214
172 306
129 471
125 485
80 265
120 429
183 185
359 452
16 439
47 360
25 233
262 270
386 483
121 334
396 470
61 116
31 308
178 437
84 110
83 153
280 362
266 277
168 434
109 416
192 211
10 282
142 218
141 409
137 162
26 124
126 171
68 204
212 313
498 215
221 279
257 290
222 280
495 51
211 387
89 149
190 398
209 369
300 361
300 440
478 460
180 314
287 345
18 386
85 208
76 103
245 479
93 265
487 379
351 394
200 305
150 433
168 314
172 319
209 275
100 328
45 432
328 412
164 376
135 191
147 290
153 247
181 455
53 134
177 410
232 436
12 288
83 483
98 474
208 389
8 265
13 157
94 264
21 86
7 336
26 60
161 278
1 57
226 389
14 416
192 322
391 465
167 455
22 329
75 134
318 366
115 296
98 268
50 201
194 280
492 197
323 409
142 236
6 97
170 191
0 13
180 182
284 348
118 452
17 176
49 367
18 122
497 117
323 487
107 400
351 477
124 229
38 382
171 248
256 306
110 417
119 412
35 471
125 322
117 375
75 93
3 448
43 468
475 126
55 485
23 110
425 441
441 461
134 195
63 376
82 142
475 115
100 233
313 442
120 472
223 281
47 88
327 486
12 43
86 127
324 436
314 356
282 304
189 460
172 209
116 165
85 358
20 410
44 137
370 451
486 43
47 335
42 256
129 273
409 427
15 291
190 489
6 454
266 480
23 336
128 262
205 330
137 427
354 490
492 153
91 172
234 362
39 97
95 425
66 464
286 433
197 412
187 303
497 408
426 434
284 476
72 318
180 375
149 476
277 404
33 368
499 70
484 248
64 99
413 441
59 482
379 458
139 343
326 386
242 438
156 416
177 224
44 424
355 432
29 307
45 49
318 359
18 479
12 55
120 325
53 456
93 226
246 468
432 489
208 331
270 314
152 304
93 428
128 188
107 180
303 450
359 454
495 487
1 371
86 299
495 455
488 489
394 473
499 408
72 398
496 187
0 137
278 414
286 417
418 428
352 436
151 371
155 448
499 67
191 316
31 126
71 298
93 377
136 333
176 410
111 485
95 334
16 126
383 409
96 383
480 77
295 317
35 420
298 376
354 476
233 337
81 271
242 432
459 496
92 497
198 286
46 407
106 417
269 349
341 410
195 497
248 285
154 208
291 400
173 381
492 352
55 105
98 148
99 384
28 442
258 340
4 37
81 133
101 201
145 200
88 241
497 304
337 414
56 345
116 269
309 498
497 95
59 222
230 327
320 365
119 127
137 213
59 328
497 105
278 325
135 406
45 220
427 485
343 374
55 151
31 447
49 222
256 468
350 468
227 484
251 345
264 299
492 159
274 491
134 178
375 458
55 466
349 451
57 372
100 151
132 206
79 432
492 151
295 308
487 20
36 67
297 358
18 93
435 444
118 316
111 242
84 419
171 212
155 490
228 292
265 376
26 360
179 459
136 230
259 357
184 385
40 427
0 37
145 313
109 228
84 165
73 244
313 350
108 416
420 491
20 419
68 312
277 343
357 472
249 313
312 316
282 379
112 389
410 479
482 124
45 140
97 376
477 441
8 325
88 488
160 397
133 494
97 262
7 191
158 497
487 44
64 328
226 247
493 315
83 98
57 166
28 315
476 388
86 454
81 100
79 444
431 450
66 272
255 341
59 293
37 165
272 386
3 350
491 138
118 127
103 434
223 372
485 21
92 432
165 273
98 300
90 100
119 301
123 478
32 445
324 372
266 284
491 25
464 479
436 469
104 466
497 214
19 418
280 396
63 401
6 38
302 479
154 455
487 24
114 206
170 451
272 316
30 235
158 408
415 423
240 248
67 374
120 445
477 463
184 244
0 44
2 416
150 330
26 177
245 319
256 345
111 302
265 400
70 469
143 443
106 221
157 320
127 197
223 330
301 321
148 438
493 449
89 191
52 496
9 120
2 46
2 216
272 275
166 412
329 379
198 412
82 229
347 400
336 495
7 403
469 484
216 420
385 467
281 390
493 54
208 310
107 316
291 427
103 459
295 420
106 429
485 64
95 403
1 25
8 267
20 87
126 153
46 126
23 76
160 342
11 319
68 322
4 172
294 420
50 105
150 443
288 369
45 400
297 457
37 157
188 417
36 305
37 79
54 347
241 438
34 448
168 484
180 334
174 368
486 250
62 331
198 204
34 237
18 110
326 456
109 231
481 278
164 358
177 493
225 328
211 302
140 478
153 338
483 432
156 207
368 369
140 306
84 263
99 237
15 140
140 386
484 235
117 430
91 330
274 286
287 375
437 469
478 356
483 206
10 395
170 403
177 324
104 245
57 253
476 311
281 432
221 443
219 228
4 465
157 417
230 377
139 337
124 310
0 494
296 440
489 470
7 387
304 447
192 272
177 284
13 15
479 456
134 241
144 342
32 380
63 75
143 497
78 297
61 69
479 435
218 357
170 207
376 480
485 213
455 484
198 442
26 248
400 411
281 450
346 397
302 356
136 424
163 494
464 482
178 457
314 365
375 404
221 398
450 451
101 488
27 338
54 367
182 223
308 319
166 401
162 409
162 370
87 144
35 66
313 380
482 67
499 235
288 344
306 376
121 449
21 47
159 235
56 382
78 269
251 424
127 193
67 185
222 341
24 201
225 442
211 418
180 395
8 82
484 142
53 393
306 334
485 215
46 214
135 434
68 417
366 427
117 486
64 266
381 394
367 444
89 450
190 477
88 354
139 294
217 326
322 329
185 214
108 409
423 483
208 366
194 328
224 456
7 172
144 357
105 499
242 387
47 346
475 14
293 302
121 204
213 246
410 437
225 444
242 454
326 369
287 306
495 101
232 245
70 396
270 433
283 467
16 435
146 452
54 389
220 400
152 455
45 355
62 336
320 340
134 299
214 441
38 259
271 391
377 410
149 468
43 73
62 206
238 417
26 237
328 332
476 180
191 441
249 412
53 362
55 152
42 252
198 268
66 144
224 341
244 340
17 377
8 19
330 396
297 458
429 431
116 491
28 341
105 194
27 478
28 234
404 433
300 381
25 284
306 416
197 473
239 261
77 303
255 477
51 494
260 472
213 253
18 98
21 277
150 259
184 475
319 444
128 401
300 304
446 455
202 353
57 405
482 126
267 475
374 413
198 472
483 426
198 235
251 279
268 409
98 163
344 443
376 437
494 50
332 396
28 116
121 223
174 341
278 462
178 287
148 260
230 456
171 301
484 118
249 364
486 455
74 231
87 383
74 342
296 382
425 471
123 254
48 167
81 224
263 286
20 418
115 226
187 283
308 427
115 268
380 495
53 351
26 293
55 317
222 276
222 328
132 238
154 291
63 458
403 489
12 98
23 342
87 372
25 469
297 437
28 422
1 474
126 259
218 472
350 409
482 99
335 360
95 436
23 448
191 486
332 445
7 57
79 413
158 277
110 145
339 358
95 494
33 338
138 300
395 404
395 475
171 330
312 464
484 438
242 444
35 102
227 250
422 469
42 184
50 481
284 359
173 353
228 467
296 374
103 255
6 258
153 160
86 464
44 386
83 273
367 454
110 180
489 128
129 196
65 211
417 481
68 431
102 353
251 453
165 166
499 78
21 69
224 393
268 420
324 419
7 478
312 449
14 385
99 318
14 461
77 155
445 464
101 490
328 432
277 441
162 342
274 492
44 369
166 394
358 498
180 184
179 229
344 438
489 202
248 339
308 330
222 493
213 468
231 402
15 357
3 375
248 268
163 363
323 338
410 475
191 277
82 119
192 260
258 482
105 282
200 234
67 108
137 312
479 360
268 278
102 170
300 427
254 367
496 228
477 374
172 270
224 251
275 427
292 464
496 160
241 444
191 233
152 378
27 232
166 235
383 399
168 183
94 479
44 58
72 273
39 452
3 80
49 133
189 455
221 394
490 174
423 446
360 415
76 436
61 136
21 244
143 147
462 470
497 271
363 462
150 328
291 484
477 426
90 407
340 347
15 64
0 481
99 137
203 416
498 334
359 441
70 278
332 413
186 355
172 329
25 390
317 344
269 447
115 117
38 299
173 306
495 237
350 451
325 409
77 410
19 333
262 310
244 447
158 478
37 410
40 481
227 452
107 349
29 183
130 488
159 173
12 334
6 308
200 441
336 458
282 402
369 381
218 442
365 438
91 470
8 237
138 259
150 444
499 92
260 295
6 446
406 433
249 357
113 396
320 436
497 207
202 264
377 455
257 421
188 336
137 194
228 245
73 163
14 402
12 305
10 237
496 377
238 260
62 352
250 402
54 108
58 151
225 267
287 468
56 401
338 377
459 487
260 320
53 61
86 335
162 163
58 94
354 407
289 332
90 130
489 74
180 460
435 481
149 400
234 343
475 189
66 232
36 287
489 127
479 53
20 265
19 191
226 366
178 366
488 298
215 463
230 498
110 447
69 431
18 257
44 85
40 373
237 284
141 312
64 241
15 397
12 431
154 443
366 486
4 175
195 499
482 427
205 211
90 151
360 398
296 466
85 382
248 315
282 466
101 197
80 367
59 436
359 377
374 421
212 452
189 209
335 408
125 224
143 314
139 386
32 437
145 218
189 416
88 188
277 346
239 448
88 134
12 114
65 116
4 230
207 469
187 213
67 173
109 329
26 140
198 252
349 369
106 234
476 7
476 446
119 275
160 479
187 334
76 222
170 377
7 264
3 115
13 474
11 32
433 453
205 453
483 328
46 372
94 408
233 365
226 227
142 317
113 157
25 75
239 484
131 463
14 69
349 498
477 389
217 237
189 204
65 78
84 171
277 393
55 448
377 381
168 355
194 265
198 280
338 394
18 375
97 434
359 455
34 254
281 441
262 380
4 234
299 315
82 331
141 281
128 255
92 194
83 247
78 349
61 200
355 419
111 420
118 395
31 298
150 160
122 138
265 410
224 239
253 380
252 433
152 238
276 426
233 404
29 149
416 461
485 335
86 194
207 291
53 274
2 5
105 320
353 384
209 412
219 341
63 138
67 169
20 270
4 400
254 287
234 268
211 438
147 307
16 247
207 253
43 98
18 96
61 417
484 349
16 66
321 338
23 262
166 387
1 261
489 342
123 434
16 158
127 468
79 467
322 389
109 402
124 347
29 215
60 285
162 325
315 375
83 135
257 409
188 489
69 123
345 460
210 346
76 358
268 396
46 263
236 290
231 499
44 365
121 137
483 113
407 486
343 493
255 411
271 277
15 40
54 76
217 445
94 448
158 382
80 259
87 244
56 404
71 437
42 79
71 415
414 442
48 164
495 330
284 399
31 390
112 390
183 288
185 297
52 81
165 262
484 82
92 106
117 465
9 430
343 478
0 235
148 244
371 484
70 394
364 397
146 489
22 477
71 390
99 130
67 301
74 135
272 294
100 288
477 135
7 298
234 401
497 5
92 172
302 425
166 172
76 304
20 162
238 244
8 369
489 424
493 440
199 400
262 417
87 344
290 344
131 444
483 199
499 14
26 192
335 491
36 275
76 336
482 369
469 486
492 457
437 445
251 330
301 459
189 396
294 331
413 465
117 196
85 203
30 88
132 337
497 371
100 376
485 77
70 110
44 489
25 285
113 355
345 368
293 402
168 441
427 436
482 214
18 44
287 460
236 331
247 470
41 479
200 426
202 387
91 487
223 455
212 216
267 327
494 273
484 340
489 246
1 130
104 323
254 424
132 171
266 378
13 485
497 339
483 364
60 351
125 159
453 474
485 236
268 352
115 488
394 481
477 189
224 282
193 331
140 359
1 34
379 415
197 366
47 189
194 458
54 225
48 366
34 411
132 389
324 325
160 217
487 443
494 469
11 102
82 92
14 268
128 493
66 284
72 229
207 438
61 282
62 447
102 197
256 388
80 442
97 127
88 312
368 495
105 437
138 356
79 119
15 410
58 437
72 372
287 498
330 443
112 303
205 445
349 457
185 468
207 299
132 365
166 233
439 469
221 335
53 84
496 308
278 467
210 422
251 299
12 100
226 250
234 333
58 386
91 387
488 389
36 153
109 172
271 423
201 467
35 369
46 398
17 449
126 176
478 433
82 91
107 155
99 472
153 463
416 485
89 168
232 441
137 208
39 326
17 472
1 346
40 175
479 304
194 378
291 473
179 441
31 374
15 437
3 75
30 317
56 385
121 132
163 490
39 490
478 199
79 471
208 382
486 160
381 429
72 496
93 339
480 112
118 364
362 363
136 338
57 434
22 87
215 280
5 142
51 220
476 259
231 471
49 280
437 465
136 401
121 496
54 485
59 331
166 411
292 322
113 321
47 357
71 441
321 345
212 335
86 425
481 441
27 396
20 206
357 443
4 160
105 235
210 360
75 361
226 258
63 77
144 236
186 219
216 358
68 156
256 300
146 254
421 472
138 418
89 177
284 458
80 489
71 207
497 432
439 454
366 471
33 467
499 269
65 442
181 219
11 174
484 447
199 412
154 246
60 158
143 215
54 447
192 364
259 348
265 378
24 85
124 198
272 282
440 472
387 452
181 494
492 390
4 67
137 470
181 351
30 62
276 333
76 421
79 434
258 345
126 243
78 136
378 401
269 355
39 153
314 443
310 480
372 483
267 367
53 298
99 289
41 102
232 267
141 178
250 331
217 285
421 480
116 297
36 130
82 459
140 447
483 429
63 338
268 459
5 455
121 368
202 314
178 298
477 63
105 319
346 374
114 431
70 393
150 255
98 393
47 306
250 481
114 133
478 292
145 495
56 354
95 419
88 474
113 225
8 297
69 470
240 460
3 193
99 357
131 469
223 498
328 434
229 469
137 242
484 454
387 407
277 378
40 90
205 209
42 64
247 456
285 469
478 55
71 481
252 487
127 427
406 447
39 172
110 260
35 239
97 445
35 440
379 422
135 247
205 435
75 101
118 472
170 387
180 279
155 191
45 210
4 452
351 469
164 427
138 288
68 283
112 152
61 334
38 67
175 455
1 289
31 474
9 290
219 350
118 437
251 461
235 292
284 334
479 2
310 406
14 22
198 414
62 116
178 425
23 221
232 407
184 447
20 490
486 367
424 493
284 453
139 370
126 456
372 474
286 412
54 161
141 434
50 447
100 380
209 483
404 454
214 341
98 407
156 456
335 490
0 395
258 352
379 423
140 209
67 179
109 417
105 158
489 256
293 396
285 451
47 409
79 215
90 436
48 189
349 387
382 459
32 315
27 200
311 480
26 148
231 331
87 485
490 209
15 91
41 44
248 420
36 261
208 344
78 173
39 216
349 447
316 389
159 242
140 269
28 138
85 339
487 415
396 473
326 354
329 460
104 291
129 215
425 487
41 164
257 322
27 372
482 276
487 240
182 446
135 278
214 460
5 405
80 115
317 330
486 159
154 428
72 418
174 382
475 18
467 497
494 62
7 106
490 467
335 499
480 242
136 197
21 174
220 485
425 472
213 465
480 206
349 359
190 193
139 149
35 242
345 367
149 351
169 294
6 177
27 493
45 357
486 261
196 232
173 221
159 410
195 396
116 190
482 89
228 294
178 380
256 339
259 326
158 214
30 316
263 318
18 52
382 403
363 442
121 413
115 267
236 329
410 481
47 187
386 421
59 385
486 320
98 459
190 480
30 455
192 353
150 436
90 106
102 421
97 220
145 235
294 488
191 425
149 442
170 255
53 255
32 145
309 492
221 383
42 249
111 165
402 457
45 349
462 485
79 435
206 379
419 457
416 428
48 55
372 425
162 413
489 278
422 495
25 481
163 235
87 247
227 363
129 256
112 497
353 381
232 371
11 462
149 480
263 274
241 266
142 259
152 341
127 137
146 320
201 464
178 376
348 402
477 90
38 157
149 167
174 360
28 338
188 269
281 498
201 473
164 488
225 302
232 276
464 499
414 482
164 220
68 372
360 448
49 152
17 149
485 90
27 93
477 388
373 408
326 329
197 202
184 282
439 493
491 433
352 437
40 480
301 372
60 493
482 280
225 499
328 479
429 441
224 496
497 259
20 394
493 291
18 416
273 357
256 317
413 475
4 166
69 402
109 237
38 159
295 349
93 383
192 487
486 230
278 295
26 380
400 446
259 358
192 498
81 92
101 317
475 113
49 498
219 496
150 185
70 215
482 63
169 229
248 275
493 191
15 268
54 181
389 447
210 254
53 85
280 389
88 490
59 234
29 273
121 293
310 433
41 143
488 121
213 384
3 482
480 239
349 472
209 494
260 371
12 85
194 447
129 389
137 285
77 166
79 356
94 101
445 494
492 369
28 35
78 134
105 498
331 354
143 244
355 490
371 443
158 441
489 461
402 468
221 465
309 418
441 451
128 207
121 298
313 407
47 472
62 405
234 329
158 211
132 412
41 414
264 278
128 198
72 116
376 406
205 377
17 136
331 367
489 220
495 391
493 38
53 338
371 462
303 435
263 456
118 128
42 245
152 480
101 401
125 443
274 478
52 296
81 207
200 490
11 355
150 412
263 365
290 308
3 314
42 63
7 142
76 331
181 388
481 206
38 129
20 289
215 222
7 288
83 147
36 42
495 406
432 465
162 197
58 464
273 499
494 161
277 402
170 430
232 421
35 372
71 234
269 362
205 498
93 446
214 405
90 435
389 459
492 16
493 496
130 345
201 367
138 467
480 306
40 243
195 352
255 375
324 396
351 476
57 487
476 301
361 366
120 123
18 35
134 323
132 322
67 90
38 414
146 362
22 265
66 112
181 200
77 291
13 59
305 474
484 464
181 416
121 266
183 385
3 356
92 333
139 251
146 446
125 312
197 364
256 323
37 483
225 410
13 493
142 403
125 468
166 386
189 356
42 398
0 379
91 148
476 406
51 178
238 267
117 343
490 406
87 477
292 381
106 463
121 340
66 444
256 369
90 228
184 373
294 353
190 461
476 81
130 330
70 180
127 177
194 456
135 143
141 486
365 489
152 220
101 316
223 280
56 273
42 196
373 449
32 349
97 325
249 430
82 424
129 415
160 357
208 354
130 357
139 378
107 341
24 406
394 399
313 320
242 399
201 376
238 478
115 348
209 210
20 35
14 158
210 239
497 218
312 328
127 188
363 467
128 469
114 432
43 419
106 208
51 499
250 254
443 473
495 126
170 471
256 359
83 203
492 420
192 435
322 368
126 274
381 411
358 401
53 408
100 411
61 87
101 466
168 180
29 210
143 149
204 330
19 119
29 61
27 282
202 319
46 122
177 351
141 233
336 452
36 451
288 420
492 231
167 336
163 179
220 252
132 136
385 487
243 334
49 357
72 467
134 242
482 202
61 473
140 292
229 245
448 473
494 227
102 109
418 436
264 328
295 377
202 499
43 334
200 282
103 168
124 283
113 301
261 426
288 376
253 335
114 231
140 267
35 374
134 294
360 470
323 392
108 398
488 316
486 240
260 316
71 325
2 6
496 276
229 468
485 238
138 486
496 400
204 283
108 411
64 148
448 491
11 435
29 321
365 393
355 428
119 332
368 477
183 426
199 460
312 332
73 282
477 2
174 471
163 305
120 291
93 139
271 405
280 480
74 478
181 487
95 455
3 69
64 435
240 395
79 157
167 473
475 73
13 105
158 413
346 454
29 460
485 167
176 495
187 483
1 377
296 352
281 431
249 299
325 345
273 307
319 425
94 472
496 289
396 454
15 172
348 390
481 19
67 160
67 209
70 129
223 365
166 442
52 199
249 451
251 444
138 229
34 486
40 352
120 380
81 448
488 109
51 158
260 460
161 181
73 146
81 205
5 72
287 492
23 195
69 434
57 318
81 306
4 10
122 475
314 368
356 450
348 487
222 385
497 430
205 441
137 431
365 482
406 407
463 476
154 190
10 49
164 274
21 291
38 477
302 314
135 408
4 390
243 244
117 415
324 388
475 359
493 235
141 169
26 265
248 447
195 342
50 386
375 392
81 429
54 122
122 147
259 436
271 477
84 332
38 262
69 202
252 321
362 465
489 75
489 451
482 150
194 368
215 332
174 460
268 308
36 88
428 475
452 460
268 296
93 282
32 210
201 370
308 349
141 166
287 370
36 104
207 304
52 279
32 480
29 312
175 442
188 337
326 489
36 63
55 156
228 370
32 86
106 136
268 432
14 16
258 337
252 414
62 296
307 439
200 214
212 268
324 427
107 246
110 302
31 110
234 371
34 211
87 138
352 438
477 320
153 254
269 438
119 175
478 408
328 401
189 345
258 462
218 392
154 416
116 285
158 184
263 458
322 417
207 254
475 288
4 432
257 393
150 284
26 413
251 355
380 491
67 303
99 486
75 402
34 37
79 290
484 283
169 437
62 251
62 445
485 126
299 444
17 480
313 377
106 267
483 51
54 92
101 443
124 373
404 441
69 199
348 368
90 294
351 381
204 335
8 281
290 316
23 113
229 264
201 235
245 353
290 390
143 325
71 262
20 290
269 343
272 484
17 488
46 481
173 461
18 142
75 111
16 275
378 452
373 440
485 282
264 383
194 426
26 123
201 411
59 481
12 101
386 406
189 278
80 205
121 369
180 391
19 81
168 424
75 476
300 346
232 241
188 362
110 475
214 339
25 116
372 494
273 496
336 465
479 289
135 228
496 295
135 275
272 318
13 275
132 233
36 473
147 168
21 132
64 364
487 393
106 296
329 368
339 354
279 281
314 472
123 459
213 437
284 444
494 165
95 443
379 485
140 418
382 394
34 207
123 278
34 189
486 14
146 306
477 64
121 487
205 323
194 470
38 151
342 388
15 258
434 455
38 71
259 373
38 171
33 117
68 357
184 476
214 474
78 184
493 369
73 376
422 457
252 355
45 247
314 371
238 272
13 355
32 322
137 201
17 237
496 175
12 59
479 125
310 473
199 440
483 165
161 247
146 162
38 167
46 276
211 455
353 422
190 255
158 170
86 224
46 277
202 399
113 494
3 99
79 133
415 430
113 459
71 288
329 451
17 79
491 235
483 77
116 465
10 108
51 310
372 373
483 1
262 497
438 481
99 129
246 445
20 66
73 435
35 446
187 273
482 447
258 290
393 406
393 408
167 386
279 438
172 272
212 477
13 135
16 118
149 473
109 168
457 481
202 223
101 405
70 270
186 316
129 443
163 427
15 229
12 284
209 300
192 302
445 498
494 8
46 279
256 481
479 189
290 386
6 160
491 224
29 99
253 482
116 176
153 449
53 95
397 434
319 470
151 225
14 284
61 288
241 248
78 487
323 436
357 438
26 50
463 464
29 474
180 431
177 467
150 287
359 385
33 386
335 494
239 271
488 357
181 261
112 466
261 349
148 451
17 334
177 457
134 361
107 280
143 236
143 480
19 39
259 478
210 297
94 403
122 459
60 420
10 125
28 480
202 491
1 83
111 231
492 371
64 102
55 427
50 304
53 139
151 482
361 369
426 469
378 455
228 337
382 455
172 479
143 271
335 430
24 252
33 69
51 412
393 417
54 400
485 63
244 326
55 106
345 422
212 226
114 398
15 400
146 294
393 439
499 113
78 390
92 161
286 314
26 290
456 469
128 436
393 441
141 375
214 273
94 489
31 263
8 317
340 447
176 429
96 443
139 373
455 467
16 271
451 491
316 352
127 431
488 69
126 423
126 394
133 222
111 428
218 376
159 464
103 384
171 211
297 314
61 78
486 246
246 270
231 428
149 242
156 381
44 64
250 322
48 461
59 395
377 436
201 292
28 198
10 201
13 277
47 186
97 172
108 189
83 276
49 480
73 338
223 345
496 388
149 262
72 355
480 368
294 356
404 498
57 93
35 72
149 195
47 497
157 207
323 455
91 447
142 284
173 463
214 345
269 466
75 454
52 446
11 146
332 487
23 176
18 92
184 339
10 191
277 460
302 412
179 387
87 154
52 322
414 470
130 438
68 459
130 217
41 362
114 153
23 497
67 277
16 372
161 236
463 471
6 495
12 293
289 324
68 410
82 105
231 298
478 388
91 374
16 471
422 470
294 352
77 164
124 209
65 343
105 250
173 397
86 291
167 499
77 262
302 333
325 438
99 361
82 499
263 275
83 286
59 446
252 371
124 381
247 327
46 307
449 476
87 407
24 492
198 248
363 392
484 390
495 244
124 275
103 374
52 361
134 414
3 253
90 191
203 401
116 237
495 149
60 465
375 489
135 459
264 320
21 241
400 470
363 431
255 427
349 480
364 390
187 377
118 190
72 96
277 359
345 409
262 478
203 406
232 445
26 208
497 302
147 426
494 77
91 182
2 9
485 3
193 418
42 52
490 405
136 202
17 39
347 410
432 438
206 497
233 288
280 397
174 370
118 213
146 275
57 214
154 438
176 193
313 427
122 180
105 184
136 358
43 201
12 18
31 159
216 286
127 139
341 412
291 318
278 498
90 424
0 166
47 436
191 288
398 447
161 315
154 243
12 118
17 234
14 67
55 390
185 245
109 314
99 440
369 378
104 136
188 243
150 243
83 336
164 321
220 222
200 308
495 382
246 274
165 470
30 486
293 334
53 292
63 186
193 444
271 356
119 259
112 330
14 193
42 380
79 115
136 142
32 381
98 252
240 457
154 214
116 436
434 477
37 137
112 288
189 260
224 419
100 166
169 484
247 346
44 211
321 485
391 458
38 336
67 391
292 439
481 52
116 361
327 382
52 73
23 258
149 244
300 353
39 231
266 401
22 26
39 247
88 186
19 201
487 66
239 304
270 474
80 335
80 362
200 467
71 257
27 377
493 413
71 246
484 281
257 343
183 229
72 271
497 260
477 299
340 357
196 472
306 308
98 379
196 330
252 324
44 404
0 241
41 291
213 359
497 468
100 306
99 358
189 331
199 304
55 145
89 296
496 91
250 343
115 212
49 292
232 375
162 206
356 365
17 53
485 233
412 439
4 499
398 436
124 151
39 276
348 495
23 287
11 320
91 424
343 489
271 294
72 196
162 213
475 318
141 287
91 379
175 483
212 421
95 298
91 384
286 455
203 336
14 462
289 439
107 379
97 257
149 356
153 262
238 404
120 152
106 166
84 143
106 191
192 444
65 483
170 410
90 202
151 307
191 388
133 265
476 330
20 440
181 300
431 439
66 353
122 234
7 246
8 163
399 457
60 269
20 499
136 322
281 333
492 76
254 416
73 182
143 377
13 151
228 325
476 57
264 446
153 498
2 305
19 25
128 168
320 474
63 390
83 348
211 463
408 444
209 318
479 227
24 337
87 332
103 235
215 418
491 172
480 158
486 23
11 207
227 495
251 395
143 421
157 371
172 476
11 383
225 422
72 135
104 253
301 445
44 196
109 128
70 431
9 308
482 57
148 300
136 437
17 216
81 106
387 421
154 263
275 493
166 413
187 305
425 433
8 475
303 453
3 250
257 467
76 499
491 431
2 146
321 414
75 172
499 176
53 288
226 386
268 272
36 438
163 497
288 320
100 298
4 281
298 387
351 357
370 421
241 256
123 335
134 192
57 474
271 303
228 262
216 409
280 285
376 411
76 118
40 201
88 324
16 252
325 343
56 480
139 428
115 219
358 438
88 161
136 473
335 434
131 390
141 311
119 434
73 354
5 422
177 492
249 300
434 439
51 404
25 418
320 439
319 397
139 227
391 392
28 236
46 445
481 57
156 459
327 401
118 401
402 403
35 214
271 355
315 455
242 494
485 227
325 391
284 342
380 425
497 437
129 282
89 165
133 402
33 304
247 344
237 466
415 431
403 484
32 270
221 268
203 208
212 399
188 272
126 308
126 168
27 432
124 193
296 400
112 471
479 250
251 357
189 295
20 148
68 159
64 449
47 260
255 338
428 493
242 286
41 146
264 486
96 132
204 458
366 450
45 305
230 469
447 464
87 376
219 489
244 399
478 141
411 470
66 162
488 169
477 167
168 182
124 465
12 46
364 421
380 445
140 468
492 324
329 372
56 91
31 430
71 154
29 441
260 300
314 317
118 184
192 407
161 417
74 265
114 397
282 283
19 253
16 366
33 471
481 335
132 370
249 276
369 496
354 400
303 461
490 432
4 89
357 410
176 489
477 354
148 383
128 338
168 259
271 496
50 451
88 288
162 217
361 447
483 18
479 301
323 375
470 479
367 390
92 159
94 302
48 241
34 350
180 438
126 314
26 169
36 135
22 158
482 341
93 244
478 352
147 417
408 416
143 301
70 141
167 380
365 496
289 372
29 95
96 358
205 284
438 468
127 132
50 431
258 280
39 395
196 297
10 359
118 446
366 463
232 329
96 279
246 401
316 414
93 193
36 332
114 366
160 406
343 454
10 247
166 226
67 113
43 269
1 333
144 280
114 208
57 170
135 361
481 128
499 8
34 138
360 384
52 208
185 278
4 76
189 262
228 454
12 72
322 380
301 426
7 236
368 432
222 409
178 247
485 297
429 485
165 495
270 293
3 145
151 468
160 337
162 276
119 328
169 178
169 352
23 74
272 419
102 334
230 232
143 349
495 251
207 386
478 24
10 266
174 489
242 288
281 444
475 425
45 356
123 139
364 496
126 189
139 452
238 400
32 427
376 460
206 463
25 470
36 316
492 228
225 372
335 480
484 407
491 192
485 370
122 328
64 94
5 79
475 438
11 216
148 420
350 394
264 438
69 246
173 340
274 308
402 450
393 467
136 459
69 121
149 429
165 485
11 150
337 387
30 53
360 377
54 334
134 229
142 332
18 496
299 447
5 86
20 320
174 439
422 493
366 382
36 410
127 426
179 371
3 199
50 426
92 372
263 477
410 465
193 238
393 421
38 279
81 479
393 450
282 363
49 289
211 411
309 430
189 381
192 214
116 254
21 460
143 379
279 426
484 231
47 388
367 392
96 296
285 371
2 40
478 373
122 257
218 418
32 47
198 433
257 311
176 496
161 446
481 149
182 369
290 412
35 414
393 396
478 470
161 201
46 464
281 294
425 467
384 452
179 231
41 181
13 488
7 267
193 327
199 204
83 457
447 473
9 311
147 400
240 437
89 302
125 217
202 452
422 468
363 398
285 483
333 479
79 410
80 133
110 440
176 309
490 92
87 342
271 498
68 236
158 477
427 467
146 398
89 303
462 480
270 442
122 424
449 492
183 259
143 308
363 463
159 286
29 311
205 492
153 309
479 72
165 340
221 327
203 368
135 321
149 326
455 476
482 329
179 196
258 312
71 433
75 278
257 443
478 125
481 482
97 147
93 114
493 363
16 321
187 247
71 182
486 170
311 409
230 406
88 305
226 273
497 245
271 478
116 334
358 378
187 226
240 444
251 360
132 211
123 225
234 277
85 312
163 167
211 373
409 413
181 446
48 290
373 414
60 300
20 181
264 439
286 297
66 213
146 490
9 172
496 328
66 169
75 355
52 66
13 480
241 377
22 448
23 242
200 461
261 271
197 351
386 403
73 353
149 398
485 267
57 488
84 321
196 211
259 334
100 261
177 179
5 166
43 364
160 291
38 456
18 72
292 429
475 484
143 472
15 323
122 310
249 365
146 497
441 469
14 418
388 470
176 340
78 334
156 450
299 428
284 393
494 437
21 402
93 324
190 487
16 165
94 339
245 273
355 361
265 399
218 404
217 224
188 407
443 445
159 280
29 258
198 364
23 427
324 360
44 460
480 170
10 422
251 459
163 205
239 411
55 349
152 254
107 125
55 127
145 462
186 273
83 489
90 446
485 463
237 291
9 213
133 138
287 379
43 457
98 166
50 408
29 279
22 42
142 449
256 374
107 498
19 358
91 363
169 194
371 499
486 10
122 461
49 415
353 428
12 156
365 477
87 469
2 250
117 144
89 203
479 423
2 3
234 425
273 426
96 157
156 441
121 434
252 423
22 269
54 382
234 479
487 62
176 362
230 493
78 344
362 389
305 471
298 350
282 469
8 358
138 320
370 386
194 291
236 457
193 460
124 169
113 495
494 108
117 424
160 432
139 258
138 168
168 496
11 312
78 460
45 456
94 443
413 434
137 240
476 266
60 306
27 334
54 88
334 496
131 210
499 327
39 203
271 309
381 421
247 320
436 475
337 464
18 389
55 261
280 439
40 457
495 355
55 473
40 174
122 213
29 121
45 114
170 189
188 241
7 74
14 94
56 73
211 470
499 120
30 37
178 383
44 90
112 272
274 341
80 395
30 478
48 98
79 388
119 295
143 294
91 397
229 365
33 497
385 399
240 490
145 410
485 435
61 162
236 377
4 98
90 403
32 421
480 216
92 416
147 468
18 102
464 489
153 284
295 483
90 125
206 314
26 183
93 269
131 194
149 408
121 471
57 169
6 182
135 206
416 473
138 436
159 313
183 383
235 287
173 419
149 172
405 436
166 495
6 387
135 405
82 152
137 403
31 386
122 493
134 452
53 317
48 317
106 281
110 387
494 28
475 222
12 219
488 104
330 434
142 195
110 419
53 226
207 455
279 352
162 371
483 211
489 149
140 372
254 315
483 111
13 58
328 487
265 343
224 477
77 446
96 185
315 338
240 297
333 390
259 363
484 155
341 490
302 361
495 11
352 365
87 273
261 354
48 330
77 310
4 125
178 329
373 390
266 471
78 236
192 226
283 366
488 321
104 232
23 236
71 313
128 389
71 348
159 210
499 33
259 296
170 317
92 460
24 318
63 391
242 441
249 367
82 127
80 285
480 410
116 178
380 498
204 427
139 180
60 115
333 374
134 258
476 155
8 136
161 365
435 475
108 380
39 229
123 223
175 205
239 472
499 214
188 454
210 448
494 361
52 419
35 172
68 127
4 193
9 41
99 413
5 241
190 440
367 381
30 115
184 326
43 116
141 460
140 369
147 474
89 442
78 313
139 423
100 308
6 317
137 495
36 349
8 246
130 455
329 416
29 228
69 178
156 312
395 398
177 433
493 378
55 66
498 204
180 412
16 276
70 338
11 327
207 322
173 366
230 451
483 464
274 438
3 89
1 384
137 395
143 302
61 407
89 231
297 327
114 388
98 198
18 180
157 323
58 483
203 349
34 240
12 109
340 358
481 399
283 292
44 368
35 482
391 397
351 466
172 489
14 488
229 259
307 392
97 120
433 463
128 428
255 476
80 193
20 404
45 79
1 489
219 304
281 299
30 458
193 432
496 244
45 260
392 407
19 415
53 57
53 297
137 216
117 254
92 220
140 351
490 398
141 496
191 324
371 408
355 385
51 238
292 324
133 338
30 376
114 194
485 311
79 375
424 470
22 82
125 318
493 261
225 370
335 344
191 319
389 487
308 363
151 474
319 365
162 445
96 378
83 278
484 258
15 52
180 389
313 439
62 217
162 488
160 492
421 489
55 417
300 385
234 303
1 73
3 377
127 370
113 146
496 341
77 159
174 365
118 183
47 233
185 237
79 151
497 266
479 25
133 395
104 325
201 351
406 424
487 457
354 471
396 398
256 342
1 118
235 481
117 387
267 440
86 488
490 336
101 189
46 259
168 345
44 198
497 101
126 279
93 246
64 403
46 136
273 383
118 442
8 348
43 257
24 431
64 275
80 444
187 199
18 353
18 111
137 488
292 303
496 191
160 346
426 450
209 252
373 429
54 491
190 397
25 120
407 471
279 473
259 448
32 343
260 281
45 218
455 461
128 196
252 409
47 285
315 377
60 159
111 456
499 77
73 347
492 164
496 32
170 487
171 484
154 200
141 283
23 146
494 123
77 486
485 298
96 148
370 479
281 374
79 128
128 343
236 396
107 446
495 89
167 195
230 372
295 466
27 142
280 297
381 391
181 208
92 153
300 394
101 165
91 118
23 54
132 445
299 358
92 464
76 150
222 334
358 449
264 430
480 263
34 444
239 403
243 451
53 380
488 140
82 425
105 335
64 391
489 90
109 162
99 311
92 197
461 499
188 212
48 434
230 384
21 240
411 460
91 436
308 419
358 453
21 376
182 339
126 441
17 312
169 203
236 336
244 250
240 452
141 344
255 468
393 499
170 229
212 393
484 17
179 181
185 434
289 356
227 349
26 374
272 357
2 95
42 366
95 160
150 446
495 319
98 432
420 433
258 387
131 354
315 447
90 169
483 262
4 181
183 427
250 378
146 412
20 310
96 425
445 450
326 400
20 205
136 241
20 182
301 306
217 257
351 495
149 451
249 294
223 385
25 327
294 408
498 45
235 450
61 109
51 480
230 336
15 347
52 307
120 295
57 485
111 160
52 218
38 138
142 440
275 399
483 248
81 173
194 266
81 326
290 457
120 359
206 490
479 287
33 266
54 211
16 33
192 227
84 466
160 168
72 362
169 396
307 495
173 187
299 357
184 210
49 270
320 352
68 412
48 261
5 236
136 395
385 492
50 81
424 425
197 469
6 483
338 398
486 255
488 458
147 223
35 272
57 332
238 398
93 165
92 146
498 52
15 80
100 273
184 311
330 345
73 268
56 394
204 251
71 162
136 140
18 150
84 365
487 97
336 396
121 347
138 279
20 263
33 463
194 353
324 408
167 437
53 78
206 401
68 411
266 269
23 209
129 331
335 425
65 492
159 243
47 423
139 295
136 339
174 236
202 367
425 491
71 278
162 216
87 320
84 187
231 243
162 390
148 289
54 111
60 260
72 340
287 419
48 489
53 469
225 401
357 473
79 170
0 11
332 481
331 495
227 442
347 377
497 286
17 291
262 493
175 378
335 404
40 45
272 391
70 316
43 159
260 452
80 279
161 413
70 140
158 179
74 77
33 111
141 236
10 212
90 422
45 163
494 307
151 252
76 431
177 371
139 256
70 113
82 84
134 480
338 476
197 319
51 118
6 39
318 403
266 283
153 250
74 117
308 351
64 165
480 461
476 63
246 296
243 356
269 341
77 349
149 385
257 476
219 308
85 154
276 282
431 499
452 458
308 410
487 107
73 399
57 151
23 467
296 442
70 456
484 424
144 390
145 300
465 474
225 346
304 409
131 488
294 406
431 463
43 376
377 414
403 417
149 253
75 484
320 454
234 262
381 489
269 443
81 188
78 312
256 480
365 439
172 398
223 378
485 255
128 421
263 473
71 159
26 361
221 225
85 157
300 449
92 408
203 426
142 411
54 169
88 258
42 337
243 416
283 441
36 233
90 285
325 405
154 195
29 35
15 138
0 446
81 361
7 220
364 472
483 98
184 251
48 316
184 331
56 199
254 354
400 491
185 382
128 349
274 494
32 179
77 212
36 280
143 272
39 489
70 473
104 479
426 471
337 383
121 151
10 489
55 460
215 328
206 495
69 473
325 441
113 471
249 377
267 457
260 399
100 195
168 439
229 473
447 498
95 471
103 279
65 274
9 46
191 359
36 264
199 498
239 339
96 418
11 329
496 499
73 128
209 334
132 316
195 341
292 455
53 276
256 496
9 435
233 240
235 462
54 130
495 182
303 361
143 378
290 430
76 112
125 462
154 357
235 267
23 213
249 425
327 398
96 145
85 269
65 285
272 399
110 371
79 280
293 388
184 445
295 321
19 133
53 421
1 430
51 268
92 214
188 471
312 409
265 491
128 337
153 491
109 352
343 418
410 415
6 161
378 448
297 331
236 392
310 317
239 491
23 408
487 146
376 478
36 286
238 329
63 91
126 298
483 22
46 428
106 410
65 283
395 396
30 108
349 388
54 298
162 198
59 309
9 47
76 467
224 255
29 362
52 341
17 114
183 231
482 112
70 72
232 334
199 356
26 412
93 361
268 464
101 457
57 464
320 336
67 490
493 466
15 364
380 401
164 330
31 421
437 491
344 427
84 118
52 104
103 196
119 428
124 420
470 477
283 318
52 103
111 326
36 405
308 392
73 90
34 296
52 411
17 112
42 471
40 131
354 366
200 458
31 273
253 452
267 303
157 383
79 96
111 423
133 446
118 351
18 345
11 287
129 312
490 8
40 58
50 150
294 442
132 377
480 26
188 463
495 269
74 466
419 453
192 383
34 162
201 398
80 189
11 232
338 458
133 290
97 415
138 171
111 185
293 393
124 307
123 296
173 197
120 284
0 184
26 76
217 298
70 201
87 120
69 355
26 41
142 297
277 348
38 49
199 298
328 424
14 419
57 222
220 418
491 18
1 317
394 492
234 368
74 465
210 362
31 381
480 371
211 330
74 173
198 227
338 441
238 271
185 213
185 401
141 475
41 84
333 484
356 371
143 254
234 437
205 251
133 465
53 189
83 139
181 252
256 410
347 402
33 347
161 376
494 418
393 394
286 326
277 376
