76 25
9 64
98 44
28 33
24 52
13 18
22 24
79 72
98 78
18 68
65 80
17 27
87 37
87 80
33 48
43 71
10 41
24 87
40 44
25 64
49 97
95 60
97 88
6 44
81 68
81 84
58 68
36 60
57 70
25 78
95 90
12 37
40 62
88 45
40 76
0 64
24 86
2 84
5 50
28 97
11 42
43 75
25 71
1 22
93 50
86 99
78 65
85 56
94 2
14 64
17 18
39 94
52 84
13 60
12 84
3 86
76 48
18 84
80 33
44 58
25 60
56 67
27 89
1 20
44 99
4 29
36 53
71 81
33 36
46 97
75 59
39 90
36 55
86 47
18 60
89 12
20 45
13 58
92 13
76 54
37 83
83 56
0 48
32 58
70 85
1 58
13 32
77 95
84 63
8 17
45 71
79 27
94 62
92 50
38 74
91 61
53 88
21 56
28 59
12 65
85 22
34 63
34 94
12 35
11 66
32 47
87 51
92 71
19 41
50 75
80 19
0 7
90 62
87 4
65 99
93 43
76 84
8 65
92 33
15 59
93 24
18 70
83 18
79 56
92 75
48 83
83 72
30 88
25 39
92 66
21 75
26 76
8 9
38 66
25 98
77 19
26 51
7 69
88 67
22 79
42 59
85 32
31 74
10 36
10 91
99 24
2 15
76 15
44 89
4 95
5 36
42 70
86 59
17 66
67 80
32 44
33 45
85 43
64 75
16 63
78 54
23 49
35 39
66 78
28 67
92 85
64 73
24 84
91 41
32 89
20 43
17 81
73 95
27 38
52 61
12 80
6 13
64 69
10 60
67 89
7 91
93 26
12 54
11 88
49 81
4 61
84 17
82 41
1 91
59 98
13 99
25 84
97 37
26 67
76 82
94 46
91 78
57 87
6 18
87 91
66 68
33 56
96 41
28 42
53 84
61 70
34 69
34 64
16 56
51 80
51 82
48 58
75 69
61 84
66 70
3 85
1 65
98 46
38 56
79 45
32 80
20 63
34 72
6 85
99 78
43 70
35 96
92 78
4 6
2 64
10 51
6 48
33 73
8 95
18 88
98 36
27 81
30 50
5 96
99 48
96 43
4 51
99 87
81 1
80 50
10 97
38 58
78 28
55 77
77 23
50 85
21 37
1 82
72 98
89 46
94 41
87 23
37 50
3 33
94 29
84 21
54 79
62 63
42 82
11 39
32 49
15 25
6 38
14 71
55 60
65 89
35 95
77 25
87 7
98 30
91 56
38 95
64 92
86 58
27 77
76 7
97 69
35 64
84 54
7 36
72 90
13 90
35 83
46 88
87 27
98 20
56 64
81 22
28 38
16 57
97 32
19 74
31 43
25 74
51 79
84 35
26 64
87 9
32 83
84 34
16 53
74 85
51 99
2 33
85 12
12 22
60 72
14 85
49 99
79 60
72 91
31 80
15 16
8 76
46 86
77 6
49 52
78 58
93 22
27 84
13 89
11 44
88 58
82 46
82 8
48 93
28 73
83 80
89 6
73 83
85 28
75 91
96 27
94 13
75 46
75 30
1 7
25 90
