120 111
71 117
145 97
23 114
16 64
139 3
54 140
30 121
137 43
145 29
122 66
22 89
119 107
12 84
104 81
11 95
146 103
82 116
5 137
32 58
8 85
145 95
126 5
132 57
11 40
33 35
147 45
126 96
26 46
72 76
69 128
138 83
99 117
9 71
140 109
69 93
123 57
11 148
83 136
33 128
72 149
46 60
44 137
81 146
73 132
69 122
118 63
17 137
13 38
91 142
70 93
139 72
64 74
0 6
114 84
134 63
62 104
50 136
71 149
126 27
144 56
3 20
3 11
59 133
56 122
5 39
142 80
26 63
121 81
80 94
139 20
1 60
39 139
7 129
49 142
10 128
35 50
108 90
3 55
1 65
108 21
148 18
129 80
138 61
137 13
128 88
123 4
138 137
109 42
21 105
118 44
122 65
40 92
45 140
143 135
105 34
117 62
128 135
111 99
47 72
5 147
19 140
136 30
38 117
101 26
141 52
120 61
62 90
28 78
13 90
20 66
91 124
111 6
115 91
144 1
111 91
31 48
60 141
14 20
66 92
124 89
47 52
31 128
101 93
121 7
22 36
64 85
117 35
44 114
124 44
133 76
141 13
9 117
126 68
113 83
6 24
43 122
121 49
127 116
102 132
107 116
34 48
101 21
65 119
9 24
35 146
69 101
71 118
141 23
144 62
46 136
121 69
118 62
2 35
14 83
136 22
146 93
83 142
148 24
22 138
32 68
145 131
14 58
145 81
46 64
73 91
22 120
120 62
122 95
129 68
58 106
121 93
107 36
48 86
101 99
138 119
19 58
102 41
105 75
18 23
119 95
32 97
130 5
5 15
39 127
30 127
149 1
5 138
122 55
76 119
149 49
31 141
23 124
102 105
124 40
147 32
128 12
142 72
101 109
19 123
47 57
103 35
57 149
61 129
35 99
141 110
98 131
56 68
111 125
27 146
120 96
141 36
0 30
2 140
131 35
11 146
35 76
13 71
38 42
3 13
72 135
50 62
137 2
54 149
19 34
70 105
70 134
133 35
44 90
103 22
131 50
12 62
2 41
92 144
39 98
40 52
68 119
111 46
17 92
122 89
5 124
14 23
65 131
140 40
121 9
134 34
2 107
23 111
135 78
136 134
7 100
67 125
43 106
119 39
101 72
64 92
80 130
42 58
2 51
124 125
143 81
42 73
60 87
132 50
112 2
130 107
113 59
124 76
95 118
15 147
108 55
10 41
118 35
116 9
107 94
96 129
44 78
11 108
2 84
16 41
24 51
58 67
139 43
15 129
125 79
59 66
117 123
18 125
63 143
137 34
103 49
58 71
140 70
105 64
133 86
26 122
128 109
135 86
117 23
94 134
64 71
65 83
102 95
60 108
7 87
22 58
73 117
32 98
79 140
43 136
18 44
79 115
125 130
68 127
1 72
11 12
142 33
24 49
72 90
107 66
47 75
28 54
18 99
2 134
8 96
6 12
100 69
96 110
69 71
100 24
60 74
6 96
7 31
103 74
102 137
17 78
46 138
4 26
45 93
14 110
7 63
132 45
97 133
116 28
4 22
31 67
22 38
78 127
41 118
4 124
12 56
3 107
103 96
106 26
69 72
58 115
101 112
54 74
42 45
32 141
20 27
111 45
73 97
21 67
64 93
120 77
104 51
95 112
130 131
6 135
110 11
79 88
64 147
33 85
39 88
96 114
124 82
147 18
60 114
122 24
115 88
121 79
42 148
22 65
25 127
108 89
47 141
122 4
130 22
43 133
28 144
76 127
116 23
90 129
40 59
25 97
54 72
88 129
124 11
87 135
6 145
59 63
91 110
131 72
15 26
123 91
129 29
70 79
21 46
79 116
144 67
121 135
107 9
128 96
106 87
38 110
144 98
126 9
128 72
122 38
147 96
23 29
29 97
46 98
20 94
113 67
4 112
149 34
58 75
82 134
25 51
68 90
33 41
38 97
149 55
17 91
118 89
90 111
130 61
32 52
50 100
53 73
30 143
72 92
22 67
99 146
77 94
44 73
69 114
142 108
15 78
57 95
120 125
95 96
59 140
98 117
33 124
108 149
143 60
57 144
74 143
117 81
4 120
20 109
56 101
60 147
33 105
112 86
12 134
74 93
121 98
46 126
14 38
133 40
16 77
23 42
122 128
28 94
2 95
95 147
59 110
125 63
35 66
72 110
14 149
17 41
8 31
101 143
117 34
129 1
145 76
58 126
20 48
1 10
1 5
140 63
149 3
117 97
37 48
140 47
28 64
25 55
0 41
143 61
8 145
146 147
114 9
3 126
13 22
33 118
71 99
41 72
51 88
11 53
34 112
24 61
40 96
14 113
105 22
140 14
2 99
27 106
50 105
129 77
131 16
45 57
123 87
20 26
68 85
120 14
24 80
143 56
27 80
37 63
25 27
148 115
127 73
48 118
107 63
123 5
70 125
59 115
45 87
60 97
30 49
28 118
138 104
119 60
92 149
58 96
126 49
53 82
6 56
104 91
56 70
91 136
145 53
66 115
98 111
127 55
115 22
1 117
149 35
15 29
23 103
31 83
100 71
35 94
145 20
66 124
118 0
131 4
97 142
48 122
18 48
30 104
102 72
98 100
3 63
130 54
55 71
104 65
11 141
2 42
42 92
81 92
40 108
57 63
129 51
121 67
123 38
136 37
131 88
10 92
145 98
8 105
121 77
6 141
56 108
107 125
3 29
45 67
36 70
145 141
14 72
72 106
76 100
24 98
84 130
107 127
31 102
17 140
100 15
103 73
57 79
135 82
129 71
119 73
22 107
37 89
5 131
32 124
66 131
110 41
114 72
5 7
134 66
31 117
37 102
136 99
102 59
105 2
126 74
68 143
122 67
148 48
126 81
13 46
75 94
134 22
39 72
135 100
42 131
88 100
30 108
4 50
117 54
63 131
36 75
20 32
135 11
77 106
38 93
101 80
43 108
72 138
132 36
6 70
5 113
100 31
15 72
128 58
90 140
10 127
60 129
28 89
140 94
6 115
140 65
45 119
64 70
108 48
130 65
0 22
132 98
139 23
26 100
21 22
50 133
111 106
54 65
140 82
34 119
6 133
25 60
67 107
60 86
133 104
7 82
64 127
39 129
75 83
57 59
30 130
127 22
116 49
3 92
8 69
11 127
15 45
49 83
43 114
118 123
80 143
122 18
20 122
82 98
17 77
113 68
146 66
146 86
141 50
7 61
108 31
16 65
111 4
116 11
19 122
127 19
55 95
142 86
140 32
83 117
108 138
75 133
2 55
0 65
120 119
60 90
44 100
126 14
138 59
89 133
62 147
145 33
79 138
47 130
11 32
39 96
6 103
113 24
83 104
39 79
0 129
107 29
100 2
113 6
26 125
124 78
10 88
54 127
11 25
115 65
32 92
14 138
131 104
115 43
121 63
89 132
95 125
46 82
99 128
86 149
35 115
134 42
16 74
101 79
25 116
51 144
51 83
37 109
49 137
59 142
24 65
69 134
134 50
25 137
41 104
2 114
35 51
82 122
