138 287
270 15
132 211
188 228
299 154
243 82
128 279
64 190
219 226
92 256
254 136
109 219
127 226
95 180
197 295
216 219
273 224
281 126
45 271
57 210
96 262
43 104
100 243
236 37
76 93
70 95
291 38
258 182
98 200
181 212
53 143
135 295
278 213
30 103
10 135
13 192
17 182
293 79
15 81
0 295
103 200
14 212
108 111
191 213
86 169
135 200
270 181
283 162
20 27
294 130
37 61
0 78
126 146
83 298
87 89
136 238
235 187
159 224
71 162
101 114
35 74
240 138
0 278
86 145
287 52
69 235
214 283
205 230
246 158
286 119
292 42
91 267
74 156
70 232
72 225
84 160
16 93
270 108
148 195
122 298
66 248
81 265
12 51
0 153
127 170
49 128
295 46
48 82
87 288
72 246
267 59
25 261
7 224
260 211
248 149
98 179
100 164
287 275
291 264
55 259
237 133
237 176
28 293
106 119
58 93
290 214
41 244
125 237
23 284
70 296
79 137
235 90
271 95
234 216
111 166
143 237
99 152
33 175
287 46
43 159
1 190
179 241
28 78
22 228
256 25
159 282
132 188
128 185
109 145
190 250
94 180
182 242
255 140
139 247
191 219
240 226
35 167
148 242
122 163
116 267
232 144
192 294
127 278
247 44
110 263
0 286
120 157
272 144
58 206
87 218
27 90
294 206
46 68
71 250
162 285
234 278
51 79
294 125
37 257
256 75
253 57
10 112
49 136
48 88
271 202
134 180
59 280
91 213
56 150
21 100
291 187
39 113
275 251
251 5
113 286
255 1
42 121
210 288
208 221
18 47
277 19
45 97
73 77
134 231
274 113
257 73
183 243
70 270
94 237
235 139
158 200
52 74
24 190
55 221
100 115
58 150
16 109
55 166
29 183
242 23
48 104
108 236
25 42
81 84
232 163
22 204
209 244
34 274
293 131
4 115
129 285
44 241
279 295
128 288
210 248
213 241
268 137
3 131
26 281
10 234
140 295
99 114
231 162
223 227
298 196
25 138
161 204
291 281
171 188
237 166
26 107
87 226
53 263
218 268
244 245
264 203
163 169
0 207
131 211
279 10
269 185
93 139
21 37
149 156
73 127
237 229
186 229
261 159
46 67
273 2
119 186
13 111
77 283
237 47
258 145
193 228
111 298
246 23
103 135
129 161
73 160
160 170
249 226
4 81
144 196
269 32
73 215
59 278
19 172
40 282
142 183
65 179
50 158
262 199
41 201
31 130
56 168
102 160
271 238
110 270
18 81
86 289
124 168
293 95
111 121
48 264
2 223
295 250
149 228
273 285
65 237
241 265
63 298
249 88
259 148
212 218
35 104
280 232
118 258
238 259
29 128
102 199
181 201
257 289
97 294
28 288
126 149
29 154
194 243
37 148
237 174
261 34
279 83
67 72
139 212
90 112
280 88
282 48
285 299
51 121
244 232
31 173
267 115
134 198
2 298
203 267
241 189
282 122
18 139
233 177
124 290
113 127
131 236
255 218
145 270
194 266
172 233
0 146
235 225
299 89
83 112
39 174
90 98
147 207
62 198
32 139
33 205
264 213
172 228
44 78
50 227
65 88
242 277
33 125
273 218
283 116
42 209
255 263
60 119
159 260
20 92
164 250
32 150
147 274
139 245
13 116
274 9
24 192
267 20
99 101
152 187
18 26
84 279
31 288
24 259
264 73
202 227
77 167
104 210
5 219
143 239
94 104
80 138
250 125
21 189
13 270
16 204
204 206
295 85
269 244
271 248
103 284
298 28
267 193
289 295
295 126
288 122
57 111
17 223
176 190
243 241
238 273
24 244
243 132
118 288
178 268
233 149
165 299
70 198
150 248
241 193
278 226
122 171
255 136
104 174
21 39
241 87
285 90
97 207
43 220
230 93
251 68
49 220
75 79
146 290
225 269
94 239
262 45
275 34
7 116
115 256
30 38
227 240
180 187
28 98
291 222
60 158
292 40
142 145
35 195
113 294
233 207
32 275
275 194
7 255
280 17
258 283
61 185
143 286
166 264
283 108
195 280
7 296
174 232
39 59
255 51
255 201
123 279
21 56
292 287
111 240
68 243
26 62
41 187
38 284
22 109
65 66
48 292
161 177
218 257
209 264
7 189
238 177
23 79
60 282
24 133
18 68
9 75
290 77
298 251
28 76
26 35
127 203
264 163
104 218
108 267
170 257
100 221
51 231
244 88
247 263
98 230
142 274
122 251
113 167
296 168
20 268
295 165
13 103
3 219
121 284
0 176
294 19
273 29
24 262
117 143
119 290
265 24
143 254
276 176
57 83
200 215
32 236
262 88
49 95
38 295
71 179
232 49
90 205
259 232
85 223
122 276
25 55
281 11
150 268
287 5
35 193
206 212
40 268
8 174
236 189
45 197
99 213
197 299
297 213
169 249
11 32
61 145
128 280
205 293
54 247
48 203
194 196
90 169
39 269
74 285
74 105
268 25
273 25
7 203
250 173
138 248
29 30
38 39
99 234
269 257
108 257
299 287
282 7
97 188
15 260
266 203
260 31
171 259
99 294
92 264
96 212
258 175
204 266
160 209
47 292
261 140
5 24
56 70
113 180
4 156
161 220
60 143
5 137
34 226
94 126
257 235
210 242
245 82
75 152
49 233
115 248
249 90
239 105
92 182
271 130
3 87
281 216
287 193
295 28
60 62
191 198
298 66
19 210
257 292
43 250
5 32
51 102
11 219
78 188
81 153
278 206
47 214
178 207
179 263
79 255
180 295
42 86
72 259
111 184
166 252
65 171
108 118
110 147
39 175
235 60
16 83
295 95
112 234
241 30
139 222
84 90
218 289
261 147
297 165
33 101
24 55
253 61
102 213
126 266
270 186
295 57
297 220
297 68
160 254
180 211
271 187
10 26
139 152
11 95
287 85
120 208
71 270
273 177
273 84
234 220
53 183
61 76
1 48
294 18
281 60
219 252
20 212
149 176
17 115
152 189
9 266
14 41
57 110
296 293
235 273
128 143
69 293
190 204
124 130
286 36
64 246
211 219
275 6
121 198
54 255
58 94
40 189
56 154
47 94
29 182
14 230
59 257
70 140
263 264
86 194
47 60
173 202
258 160
45 112
235 150
49 222
117 200
129 266
210 275
59 195
80 83
282 263
80 97
200 209
38 263
154 262
291 163
146 157
148 288
115 119
85 94
84 277
3 105
141 299
143 226
231 154
22 266
258 31
115 276
21 93
292 117
255 236
291 89
227 233
119 182
33 206
15 271
72 128
7 57
34 270
249 257
0 115
255 97
66 213
292 93
280 189
65 288
62 67
225 246
18 90
59 118
65 124
225 280
29 271
293 83
268 210
283 285
245 127
284 44
215 241
25 30
288 192
252 87
269 142
2 134
100 232
45 141
266 131
90 281
219 230
113 263
132 290
111 219
249 12
167 228
284 9
23 166
46 176
2 216
56 289
246 12
82 217
102 104
41 175
164 295
292 51
101 179
5 146
7 58
106 254
164 189
106 212
2 172
14 18
264 10
36 55
149 202
74 268
79 84
82 216
68 70
251 64
194 249
76 103
78 177
30 177
239 16
247 113
182 262
61 257
165 255
125 136
11 183
288 76
113 244
93 114
130 182
108 259
230 262
153 171
70 176
297 97
79 277
58 111
128 186
44 48
139 231
61 187
235 44
289 48
253 195
287 61
90 220
21 73
285 87
242 151
220 287
266 61
143 224
156 296
250 200
205 270
233 146
254 34
69 152
275 140
40 48
73 207
68 268
245 111
134 152
292 101
10 79
52 193
132 265
24 145
277 243
175 240
236 18
17 131
299 7
37 90
262 43
43 198
2 206
0 89
279 107
237 12
0 17
222 290
13 269
59 94
1 268
78 276
209 289
218 290
17 44
87 134
44 126
83 171
52 55
54 156
39 83
261 207
20 205
82 276
114 170
162 165
257 16
151 211
68 231
58 252
20 129
273 144
127 286
58 75
52 127
18 183
206 286
123 157
73 111
36 249
271 47
248 50
176 286
214 252
30 287
291 24
230 162
44 105
190 237
277 142
281 219
51 93
158 187
271 105
144 249
5 131
105 230
68 69
93 111
269 70
69 86
148 216
195 236
276 296
297 270
293 36
36 241
216 285
61 278
137 169
5 184
52 199
237 81
44 262
65 233
165 284
29 31
141 286
104 164
289 214
91 146
204 295
208 218
289 212
21 245
254 291
241 17
274 39
117 154
242 96
97 143
115 165
249 213
207 231
68 109
95 178
107 179
99 110
255 157
296 171
242 196
81 239
59 262
37 96
22 247
77 145
263 216
279 202
253 124
242 262
176 260
239 166
239 290
52 275
17 90
76 241
40 243
271 97
122 229
247 70
275 66
61 231
115 299
92 238
26 199
230 250
100 205
278 270
233 84
50 294
269 169
146 147
143 215
263 80
10 226
127 295
153 252
57 269
35 265
133 184
75 193
253 156
71 241
256 192
12 151
76 205
37 218
296 117
297 275
253 12
291 53
266 143
136 233
45 106
79 140
288 71
188 291
249 60
269 104
57 275
293 136
37 81
285 136
89 253
15 164
278 94
289 242
5 291
200 271
9 273
61 157
37 134
280 66
245 97
114 137
22 51
58 224
16 146
259 130
240 97
186 286
41 294
198 199
72 93
6 125
253 221
80 172
42 240
69 79
12 191
7 15
290 21
243 69
206 220
261 95
82 160
283 194
35 117
58 72
86 111
297 123
269 111
231 189
281 156
254 166
74 256
38 160
32 119
259 197
86 135
27 202
106 222
257 120
138 247
134 208
283 93
260 55
104 221
164 262
260 253
89 90
191 230
152 202
73 174
131 298
18 59
274 119
297 5
288 126
260 145
85 189
72 238
31 146
291 68
259 202
80 249
283 57
109 113
264 202
2 141
234 154
111 250
234 222
84 260
117 141
273 12
270 244
70 137
166 202
269 204
107 232
277 165
255 275
43 136
123 191
2 151
162 183
96 98
67 269
100 185
36 140
95 159
75 298
6 109
86 108
292 103
114 287
54 279
246 137
8 122
269 158
76 199
244 97
299 152
256 170
256 6
97 260
102 205
273 60
13 69
61 176
8 189
119 176
104 188
16 56
33 194
180 186
280 177
25 37
204 224
26 124
102 257
230 224
54 61
231 215
67 169
67 268
8 20
249 284
12 177
127 187
216 287
175 256
198 265
44 134
78 269
282 238
120 152
33 240
234 88
298 145
93 106
296 1
135 161
10 204
257 39
292 19
284 191
121 183
56 127
198 283
184 297
273 93
246 150
253 10
112 247
88 124
176 223
214 216
268 94
61 163
122 180
115 273
141 144
256 150
228 251
119 160
135 159
34 70
87 169
137 222
32 105
160 238
112 298
165 196
91 183
269 52
91 139
119 159
211 253
62 168
275 90
213 272
233 37
42 45
6 200
268 12
21 126
238 51
175 199
11 184
105 246
28 173
236 8
11 215
252 104
156 198
221 241
221 285
131 268
61 235
16 282
291 78
111 147
100 155
103 119
103 172
224 254
8 148
17 70
259 123
74 296
256 148
85 204
48 72
103 133
47 285
296 52
15 275
275 216
51 65
35 40
4 51
68 201
42 210
71 192
234 65
138 226
266 229
105 274
259 206
62 260
256 176
157 169
53 195
34 263
106 137
197 212
114 261
234 299
179 199
231 222
214 256
222 238
254 110
245 188
234 134
11 100
247 19
22 195
14 96
17 54
298 135
71 109
279 98
88 223
32 255
248 53
182 193
44 45
3 35
29 109
106 256
192 273
283 275
5 97
11 235
164 181
7 61
176 279
281 53
59 284
195 276
141 150
107 224
112 175
9 61
71 161
142 233
17 66
5 68
68 145
212 265
0 151
136 259
52 98
16 230
114 154
253 13
296 25
190 191
288 17
261 43
133 232
289 150
57 106
110 267
142 263
87 233
242 167
43 172
15 258
253 154
57 247
272 20
288 179
140 146
123 247
287 34
294 81
83 196
298 95
1 242
181 256
260 235
20 33
62 63
149 279
233 91
22 157
68 136
103 144
94 267
9 199
123 155
203 215
92 139
21 31
200 263
116 243
98 215
286 217
113 222
154 255
37 296
286 240
266 3
29 158
230 48
60 149
178 215
136 240
33 148
11 84
162 191
101 270
171 267
91 138
274 88
125 275
247 176
252 18
0 156
269 10
92 127
25 67
272 11
76 279
284 123
45 83
210 243
10 150
139 215
10 54
261 106
38 161
4 90
75 263
127 280
105 114
44 93
85 176
281 257
102 242
187 237
39 209
12 175
94 209
154 192
94 292
298 290
83 234
269 207
165 192
274 204
294 149
85 263
20 146
120 163
260 24
30 247
50 131
162 205
297 110
251 53
32 165
100 152
263 78
286 169
265 64
29 97
37 54
6 142
248 92
57 80
133 202
47 197
128 289
253 210
233 140
271 222
187 256
123 295
133 150
253 212
202 225
267 45
12 243
262 18
95 204
26 47
215 224
81 224
116 259
59 204
166 274
133 209
87 221
259 97
262 19
287 54
191 289
230 222
27 61
159 162
101 111
129 135
235 212
19 112
186 213
221 269
281 56
23 104
290 224
238 170
2 16
281 241
72 241
119 279
170 237
281 13
147 208
10 190
227 283
281 143
140 287
66 80
243 130
14 174
225 237
203 287
30 44
1 59
10 191
83 125
129 195
256 200
11 252
214 284
233 105
260 192
8 291
45 104
185 264
55 64
17 160
215 272
265 53
6 176
81 181
56 65
29 240
88 206
229 290
40 190
6 202
143 225
200 226
239 111
269 82
245 96
30 137
224 265
70 234
244 73
42 115
143 151
276 130
90 288
75 159
117 259
54 266
79 224
71 77
58 275
298 59
169 216
242 138
21 202
209 232
255 64
243 24
169 201
221 284
155 224
262 89
14 233
28 79
200 266
70 222
56 176
0 228
228 265
139 162
186 252
150 190
90 279
50 125
28 150
0 231
14 135
19 21
52 183
267 141
241 104
64 119
37 255
232 157
90 276
59 97
247 265
178 298
291 112
124 297
218 259
77 143
93 249
188 230
20 116
250 15
72 283
163 176
44 203
95 154
53 224
194 214
63 237
33 293
85 115
295 154
171 271
135 154
290 63
48 161
19 129
278 111
106 125
14 167
74 254
277 194
192 227
261 185
270 226
159 264
58 210
270 213
45 273
176 188
67 249
30 239
130 151
91 249
28 229
76 136
265 123
270 279
243 13
231 239
103 173
204 257
125 127
166 272
282 155
158 279
81 247
292 43
14 46
97 261
163 243
293 188
30 142
287 60
34 180
200 220
84 217
98 226
176 191
133 224
221 226
88 213
83 93
275 226
187 223
143 292
174 203
48 98
6 60
282 52
133 250
13 141
286 106
95 140
262 177
100 287
269 186
134 168
32 97
155 254
117 118
88 232
146 194
109 245
111 197
270 148
281 7
83 170
71 190
29 140
180 255
268 142
139 142
93 243
34 198
139 214
138 288
27 52
62 166
234 11
46 221
278 41
164 289
61 149
68 241
81 150
281 77
13 259
103 210
56 211
278 212
23 146
13 77
65 289
45 217
103 118
169 281
275 14
32 211
270 165
75 232
290 80
14 214
63 264
79 229
251 141
2 254
253 36
231 69
252 162
148 212
254 146
72 262
284 70
61 69
93 95
94 118
62 113
101 144
54 98
272 61
210 293
100 193
287 226
147 271
63 202
115 181
262 63
250 178
94 253
219 282
230 218
283 190
179 182
143 166
281 28
16 88
52 118
107 170
191 294
259 227
148 199
155 283
144 289
106 154
70 276
73 246
137 271
52 236
84 288
291 225
32 233
23 51
292 234
25 198
104 265
55 298
236 197
190 241
295 77
22 272
45 66
297 71
91 201
278 205
105 169
44 295
49 91
139 198
247 187
243 90
57 193
2 87
173 208
97 270
87 175
271 223
50 129
11 135
247 128
41 210
12 41
217 235
83 178
76 209
116 281
84 151
275 30
270 209
274 144
299 191
110 279
42 293
252 38
4 279
54 221
214 227
66 182
239 267
271 26
100 173
209 285
238 168
263 169
287 210
45 296
255 134
4 54
94 105
186 274
16 143
177 251
272 8
121 182
286 188
17 109
260 242
142 197
146 267
242 248
251 54
122 270
237 15
184 231
31 63
165 185
41 271
160 290
289 20
233 106
74 263
175 248
167 209
43 201
120 222
148 182
273 99
291 201
97 170
236 219
92 157
70 103
63 203
230 180
191 263
168 208
107 290
299 150
190 212
266 195
297 271
173 299
107 174
106 274
125 188
2 130
231 100
241 31
70 153
278 2
15 186
35 113
58 284
241 59
274 76
105 222
107 115
69 135
185 287
98 140
187 188
240 57
283 226
53 225
206 209
73 256
286 268
248 43
70 248
284 108
231 213
10 205
242 202
67 189
255 274
234 16
68 187
154 188
290 65
273 130
142 164
142 230
117 159
231 220
127 168
32 187
6 89
52 69
167 204
189 246
171 295
61 250
254 206
177 266
216 259
142 196
96 129
169 231
86 118
25 101
63 164
297 49
115 234
261 31
268 88
67 213
180 289
181 272
44 219
249 34
163 219
18 189
290 14
187 231
31 95
79 261
144 198
178 274
25 137
235 272
210 222
133 236
232 104
15 43
20 148
91 182
283 73
78 227
122 264
149 277
121 170
277 183
208 212
18 95
80 117
251 247
15 203
45 248
71 196
116 141
57 87
222 263
48 255
31 229
249 48
113 139
231 125
294 45
200 265
231 145
140 222
13 195
208 243
180 252
79 98
235 282
128 221
117 233
273 78
37 139
76 277
113 249
84 274
14 237
67 84
74 259
55 158
95 247
249 66
216 267
166 269
67 139
262 91
239 240
160 262
48 257
169 260
81 264
203 254
65 133
125 134
13 119
14 70
279 126
89 131
37 195
274 165
294 215
90 156
110 150
294 20
260 142
243 41
21 67
34 47
201 229
213 288
42 59
65 186
244 296
250 99
147 155
76 247
249 49
173 259
4 216
182 299
69 188
173 203
85 285
85 174
288 186
140 173
254 19
55 231
66 228
87 198
103 245
171 221
245 50
17 233
262 143
69 256
23 83
142 262
93 125
116 137
281 232
249 98
132 215
277 20
42 71
247 115
55 225
181 243
277 203
294 21
37 178
112 228
210 252
259 98
290 255
61 100
96 107
289 181
226 271
78 83
184 213
277 182
10 30
44 294
30 160
210 266
92 116
172 216
31 202
118 227
273 169
168 229
2 101
282 111
252 81
247 190
275 27
45 195
61 113
101 112
240 95
187 295
278 62
52 54
202 226
25 133
87 125
145 177
280 188
274 85
121 224
62 84
17 238
239 110
152 215
112 235
277 78
118 146
45 158
94 276
57 134
26 41
69 209
101 207
202 239
167 299
278 85
30 232
59 73
146 298
50 243
58 71
89 215
244 236
265 276
65 151
196 272
7 187
283 189
265 155
150 206
46 259
85 127
243 228
190 260
254 297
258 148
260 112
287 177
245 137
147 168
8 133
16 291
11 293
133 277
175 296
144 299
179 282
184 190
155 201
5 48
38 271
11 198
69 126
187 205
242 161
63 285
44 154
54 172
186 241
73 241
179 197
1 40
277 120
234 23
271 12
183 187
267 226
127 213
22 198
239 124
106 193
35 229
271 67
131 134
49 221
159 267
28 193
284 199
253 224
272 275
284 142
57 227
231 52
280 204
195 244
0 57
128 220
236 288
2 181
40 141
278 84
190 228
186 260
57 125
283 230
88 217
7 218
101 251
52 130
297 14
273 96
66 294
2 240
160 200
131 187
22 48
141 249
158 272
14 83
275 278
16 66
73 152
260 168
73 120
44 227
2 142
246 210
291 6
119 240
93 297
52 143
41 146
6 257
253 26
295 124
2 112
70 126
92 244
244 131
255 133
145 239
82 231
234 162
2 242
106 213
265 16
34 96
36 103
127 181
64 140
286 74
260 47
8 252
261 71
157 183
195 202
39 70
236 109
218 258
77 171
201 226
67 135
282 93
162 298
95 102
282 44
15 163
63 242
52 136
42 112
244 7
45 161
55 272
89 246
287 99
12 152
84 148
116 296
271 91
76 204
82 118
83 147
6 271
40 197
19 177
205 242
232 204
274 92
16 203
16 57
6 132
266 159
198 280
242 47
134 186
113 191
126 286
55 56
257 58
99 141
279 170
156 231
187 201
91 274
269 48
58 138
50 203
116 122
275 195
30 262
134 260
204 233
48 110
49 65
54 178
245 159
256 270
290 11
33 219
35 158
3 149
261 9
238 52
27 180
152 239
271 36
158 197
67 85
139 148
156 187
73 112
97 106
239 83
142 223
185 189
48 129
236 56
50 93
248 286
25 78
96 207
37 48
247 137
27 255
265 19
299 90
242 132
237 101
231 48
0 245
183 240
70 226
228 253
133 223
42 130
103 183
88 156
272 125
134 266
74 199
276 158
247 27
262 176
89 205
7 180
23 25
64 221
12 147
278 124
267 222
132 163
114 239
12 76
190 213
280 16
67 288
182 296
289 213
295 192
44 121
114 293
17 276
289 19
13 38
45 278
71 132
251 219
8 23
38 209
101 131
27 97
72 245
60 258
144 244
76 185
295 104
2 149
135 179
102 209
252 99
252 292
10 186
168 226
13 115
101 105
103 112
41 252
296 94
4 181
28 31
38 115
17 299
284 238
120 195
35 295
42 156
288 123
28 148
189 279
246 79
136 291
101 271
21 249
35 212
259 65
26 99
273 32
234 60
17 208
264 1
102 120
149 261
76 151
267 162
271 201
168 202
261 278
293 132
178 272
138 273
143 231
201 287
109 126
109 249
161 163
41 234
150 197
230 156
233 107
151 293
298 192
145 252
79 167
54 273
87 189
25 90
21 173
78 203
77 104
187 261
279 49
77 231
91 178
27 136
238 218
82 227
292 221
14 116
214 229
12 161
33 168
141 215
268 103
261 213
27 124
264 275
245 6
299 224
182 252
73 291
196 251
203 262
112 154
10 136
104 156
69 96
67 125
261 141
266 268
37 280
41 127
5 107
283 94
82 157
28 280
54 223
25 211
117 182
1 234
64 282
146 167
63 236
2 193
288 216
154 274
260 119
26 53
170 244
161 240
279 93
81 105
54 153
79 228
18 86
27 94
141 206
27 118
254 37
236 284
235 195
299 107
235 135
23 294
163 205
234 96
31 185
286 11
45 149
81 142
53 123
67 165
128 150
182 203
68 277
102 232
232 58
21 167
82 250
269 110
280 131
14 95
252 106
288 46
145 152
249 18
37 181
14 132
112 196
201 216
10 180
247 193
21 29
11 38
14 160
113 145
35 238
170 251
92 267
270 177
102 291
198 243
243 4
210 297
66 134
271 151
273 213
131 235
255 110
159 273
141 283
238 135
29 90
44 271
254 84
157 164
248 279
234 149
92 131
237 58
10 248
121 215
51 267
39 98
116 274
4 198
214 251
3 12
295 294
251 179
13 42
244 83
239 20
156 218
20 218
165 167
85 133
159 236
12 24
18 258
7 143
249 163
280 14
288 204
7 207
97 103
267 261
111 165
47 64
13 286
0 290
32 67
76 278
261 16
292 163
108 164
44 201
30 264
184 226
57 90
3 157
43 225
194 251
270 76
245 183
156 228
208 244
24 234
144 294
87 215
262 215
29 299
236 120
80 132
286 97
179 243
24 185
116 185
159 280
71 130
265 21
108 157
167 190
36 222
164 167
47 58
50 156
40 103
242 52
282 45
42 193
93 102
227 264
107 262
185 243
172 232
260 290
34 106
69 233
105 137
198 284
39 149
47 71
25 84
117 119
198 266
68 78
203 286
245 155
14 69
283 260
151 254
225 243
88 256
168 270
120 131
40 211
240 117
216 262
262 220
128 267
165 183
19 108
282 119
197 247
116 209
243 78
210 261
78 236
164 199
88 176
17 192
3 54
236 15
294 86
262 3
54 59
282 62
90 179
8 119
25 209
36 287
238 155
273 16
259 220
193 268
111 265
96 176
256 119
19 278
245 100
66 143
91 207
138 274
56 292
24 241
8 60
21 141
259 32
53 192
297 44
279 194
45 140
24 50
253 167
275 144
169 248
104 187
290 16
43 249
4 200
65 71
278 281
260 207
126 130
205 279
226 257
14 20
45 84
123 169
126 210
79 177
39 223
258 166
67 292
20 230
73 197
79 232
231 110
247 288
102 278
276 218
286 64
86 273
151 184
297 262
214 258
186 299
282 36
123 271
175 245
165 174
66 258
16 200
254 252
259 43
114 199
186 259
107 109
36 171
37 240
258 255
255 28
243 61
242 287
74 127
63 291
226 228
134 247
254 167
148 292
248 249
63 280
204 290
49 276
90 263
81 133
60 170
129 141
123 225
267 52
202 265
168 190
32 96
114 263
251 113
238 120
132 296
18 216
163 220
180 248
62 141
262 197
178 275
148 265
277 225
39 111
58 119
86 105
143 221
129 254
41 135
273 66
129 131
257 110
296 129
200 218
138 227
193 195
276 135
248 237
201 280
295 53
187 197
53 91
86 162
295 94
60 89
8 283
3 250
151 182
135 241
193 288
162 223
246 171
260 60
228 245
233 191
296 59
55 180
109 220
272 195
32 192
288 189
4 231
56 195
121 287
2 81
81 209
299 227
87 155
122 269
155 183
240 3
38 140
52 83
17 159
183 296
21 229
25 140
246 229
179 284
211 286
29 230
226 298
47 131
53 168
53 151
8 278
117 124
48 141
29 112
249 28
15 146
158 292
54 94
271 8
11 133
50 59
38 192
298 233
261 94
180 243
240 62
28 213
273 174
51 234
294 38
46 105
196 262
29 138
170 240
286 2
280 211
99 244
156 219
12 56
73 191
54 209
43 106
252 127
27 150
279 250
35 63
18 43
191 241
134 143
96 144
145 249
297 11
129 168
243 19
20 195
24 274
35 51
186 188
14 268
0 47
101 280
43 93
255 168
286 9
36 267
19 100
109 252
288 275
281 263
93 136
64 277
274 17
242 174
297 66
52 218
101 249
268 84
198 226
49 86
62 201
274 81
252 111
169 237
67 236
256 163
204 292
88 127
94 224
224 267
18 113
90 114
296 119
197 283
242 85
233 137
117 287
17 135
38 86
114 172
188 204
41 299
194 209
172 260
161 281
13 256
4 14
67 255
90 97
208 233
131 230
229 280
210 229
101 215
161 258
246 214
148 237
6 251
254 115
108 170
221 225
10 77
48 184
