29 91
71 79
6 24
86 51
94 40
80 32
1 43
29 95
47 75
16 24
24 27
10 15
1 34
39 93
12 94
8 84
97 84
20 28
14 58
56 79
91 11
85 62
12 81
39 89
28 76
84 50
44 76
15 48
30 62
39 61
55 60
16 75
36 71
30 91
13 55
0 96
56 94
23 30
14 33
68 75
99 4
19 47
33 64
7 71
87 17
73 92
88 27
23 64
10 64
16 17
52 77
30 97
67 76
96 74
45 62
80 82
14 97
55 85
36 73
3 93
79 85
81 1
42 52
81 31
80 1
60 89
8 14
90 55
65 70
2 85
4 32
7 46
5 70
1 60
56 84
54 88
77 79
8 37
16 92
34 41
8 10
22 99
19 29
83 8
51 53
14 72
59 69
34 44
11 70
64 69
50 59
37 80
86 38
80 11
83 44
12 58
13 38
74 97
9 11
88 5
70 72
57 59
22 30
1 36
79 81
3 53
35 78
0 57
37 87
84 60
0 10
93 48
4 66
99 10
89 68
98 17
18 87
17 42
56 69
91 41
2 64
10 46
83 59
42 64
12 16
59 66
34 46
40 82
29 36
97 9
17 48
88 53
64 68
42 48
26 96
98 22
16 97
14 87
6 67
81 43
93 13
26 57
57 74
18 65
40 89
7 53
2 66
2 42
22 95
84 11
97 44
82 90
53 62
12 93
57 85
15 66
70 80
19 59
2 74
91 53
85 58
97 27
23 58
81 47
82 18
40 60
19 87
25 90
86 55
19 20
67 84
68 96
23 48
12 55
33 69
14 86
83 76
48 72
35 38
37 46
45 59
63 77
6 74
96 49
99 62
31 57
93 64
83 14
49 69
98 44
11 51
49 51
27 79
70 93
93 4
4 19
26 37
92 17
39 76
88 38
39 53
18 99
21 57
94 62
50 52
40 46
25 81
65 88
84 15
22 45
5 90
1 63
19 99
26 80
25 67
28 68
58 86
1 33
17 28
66 72
59 91
36 87
42 90
91 5
29 71
84 79
94 30
55 69
51 81
9 85
52 92
97 51
94 71
99 29
3 44
50 62
93 68
56 76
28 59
12 56
22 54
21 54
31 55
37 61
54 72
9 29
45 97
58 90
38 48
75 98
70 87
80 96
42 84
25 36
99 40
23 79
98 76
2 96
22 80
67 79
80 59
83 9
23 57
92 4
22 70
28 92
11 92
66 76
1 25
40 83
38 98
60 71
48 56
38 50
47 61
31 99
29 62
55 63
43 61
40 78
6 42
75 90
61 93
36 45
2 21
3 34
82 3
2 54
50 66
47 82
27 85
85 4
94 85
40 56
28 70
36 97
11 95
11 33
43 79
5 72
39 94
1 29
7 40
95 79
46 87
53 97
80 69
95 1
97 50
83 55
42 58
48 85
85 34
11 42
50 72
4 37
88 22
4 8
59 70
33 70
6 21
95 57
51 94
23 74
54 61
80 42
84 36
9 84
95 67
84 71
26 72
8 95
12 89
89 35
42 95
64 74
96 16
34 82
3 57
32 49
10 24
15 85
26 67
29 89
19 97
66 74
80 4
50 69
92 68
10 47
88 67
89 14
36 37
83 67
35 48
8 20
72 92
84 51
35 64
32 93
43 91
36 44
91 35
98 21
76 85
88 43
93 45
61 77
3 4
82 32
44 73
15 76
90 45
98 26
88 68
1 70
1 54
20 74
43 48
97 65
32 85
78 90
89 53
92 33
1 55
81 92
6 66
60 86
25 95
10 88
93 40
17 95
2 73
37 91
31 32
17 67
25 66
30 86
99 5
81 34
5 29
6 80
26 74
41 52
17 71
80 34
63 85
95 50
86 15
25 73
23 59
11 81
43 70
90 99
6 27
23 39
39 74
84 74
87 28
19 93
89 1
19 96
98 55
47 54
49 64
92 34
45 80
23 67
13 62
80 65
42 65
33 34
7 51
41 49
37 95
38 58
9 13
98 52
7 39
44 52
67 78
94 29
83 16
10 18
35 93
4 5
6 92
4 84
93 74
6 99
4 36
0 43
93 37
30 93
83 0
95 78
13 20
96 52
65 73
10 14
28 49
32 76
15 61
60 87
98 58
5 69
49 87
38 95
37 76
59 89
35 98
1 39
80 3
90 11
67 80
42 89
39 90
45 76
22 63
5 42
16 58
1 96
46 76
68 84
21 31
26 55
95 48
80 72
7 78
43 55
96 44
98 56
5 35
98 23
90 4
88 0
48 69
38 44
68 83
96 20
81 61
1 15
1 30
39 49
16 90
4 76
92 63
23 40
85 97
44 67
84 54
62 78
89 20
38 51
76 99
72 90
50 75
39 62
94 70
32 89
83 95
44 93
87 44
55 74
13 51
99 16
96 46
5 17
89 37
99 64
1 73
13 48
19 86
18 56
13 91
75 82
40 81
6 9
62 63
38 65
6 78
86 28
92 76
51 85
82 46
82 79
15 96
98 67
30 70
85 29
52 73
7 79
38 74
52 53
38 87
93 71
82 0
81 50
12 80
67 93
36 43
43 56
64 77
95 87
34 88
48 84
1 83
80 83
94 78
58 78
86 67
67 90
39 83
7 38
25 46
24 41
90 63
96 41
51 71
34 73
23 31
33 82
54 70
19 54
92 91
25 28
92 38
41 92
89 50
50 64
90 36
52 78
87 51
26 52
88 21
35 90
64 80
90 14
31 96
34 56
32 52
96 90
16 31
2 9
30 73
10 83
16 26
24 92
11 14
37 84
14 36
5 57
4 82
92 79
83 74
87 75
71 74
62 98
10 91
48 83
12 15
80 15
28 50
33 73
19 49
21 79
32 47
49 95
