68 135
33 105
100 13
143 13
118 55
99 90
48 61
48 66
93 28
35 71
122 22
36 101
69 120
95 13
12 101
19 63
96 134
132 82
16 42
30 86
118 52
88 143
138 15
31 147
140 40
0 147
31 40
7 88
0 24
33 73
13 139
36 67
116 18
47 125
110 66
142 33
39 45
98 96
94 62
106 95
84 62
0 138
57 118
120 5
56 110
86 44
13 41
104 35
100 127
43 123
107 68
116 28
111 105
136 30
123 129
10 133
57 93
16 29
68 110
138 92
7 45
97 111
19 74
119 39
10 33
117 146
16 125
64 104
35 80
5 68
124 52
148 54
10 141
131 17
130 78
11 20
144 27
15 139
108 42
22 32
52 71
130 30
62 136
10 88
85 107
125 76
0 80
57 66
15 87
63 116
32 133
8 138
88 60
142 46
51 56
105 106
40 131
82 39
110 84
40 43
25 136
13 141
76 80
106 136
9 67
146 142
13 57
42 118
122 52
74 78
39 141
17 95
13 82
40 129
122 113
114 77
89 58
108 103
140 71
122 21
123 15
1 38
106 53
61 140
88 54
72 119
143 1
28 64
72 99
99 8
23 46
123 18
146 31
23 56
3 138
112 108
120 121
91 11
52 143
145 66
55 95
47 141
140 101
64 137
11 44
89 19
44 140
147 28
33 93
65 99
90 47
2 6
18 70
92 59
50 138
136 54
142 38
10 114
58 120
15 27
142 45
45 107
143 97
120 77
98 77
60 70
1 112
95 6
57 120
27 53
8 23
112 51
66 131
10 21
133 96
104 107
136 143
141 15
16 31
11 22
8 121
8 32
22 74
22 52
34 49
20 45
122 130
63 100
135 50
87 125
31 133
20 95
134 46
141 71
141 43
22 35
31 111
57 86
102 45
109 52
128 3
25 124
131 57
57 81
42 145
131 121
140 107
107 59
135 88
92 70
83 23
94 149
12 34
100 72
41 45
72 117
1 140
104 116
121 79
35 62
63 135
19 80
109 110
76 109
24 88
110 115
14 137
55 74
135 136
110 93
73 114
74 94
103 107
21 97
108 62
117 71
117 147
86 67
14 79
146 76
98 43
124 47
107 76
81 1
89 64
27 100
102 67
115 32
31 41
12 44
46 84
136 36
147 52
124 29
131 44
107 0
106 109
24 118
101 35
141 65
93 36
1 91
129 137
14 135
15 89
146 112
92 111
118 114
2 76
26 139
60 91
95 5
26 129
80 22
103 59
40 84
13 111
62 111
93 109
15 98
92 16
120 14
94 69
66 103
108 29
93 11
106 67
55 97
148 81
39 92
61 116
118 21
64 111
53 88
148 20
104 126
26 117
128 92
131 25
61 100
41 136
15 17
6 37
37 59
149 122
47 149
121 9
134 79
27 68
113 86
147 56
89 125
7 127
8 69
4 95
45 126
60 133
137 92
102 17
90 23
2 144
41 95
128 100
50 56
114 121
2 47
69 111
30 137
29 41
5 87
129 4
139 78
118 16
13 21
103 37
115 123
99 60
139 38
21 129
122 50
46 122
14 80
30 123
81 20
21 140
47 104
123 4
145 104
119 37
80 33
24 133
63 104
144 58
18 60
81 52
149 0
71 105
62 78
134 57
35 141
114 7
120 41
3 112
104 69
149 23
22 95
91 58
14 117
35 78
129 78
96 29
148 123
75 119
67 96
143 4
29 39
57 127
128 98
39 99
5 23
21 113
82 71
108 63
107 50
132 67
103 53
113 11
103 62
8 60
12 14
57 141
77 145
63 71
112 55
99 38
34 87
86 19
44 66
100 8
123 12
145 32
142 79
129 45
126 67
51 94
136 97
127 128
110 29
18 65
116 144
138 75
121 111
28 38
90 84
64 148
109 65
125 25
35 114
132 31
138 25
143 42
9 142
131 0
89 100
149 75
133 141
139 2
22 127
32 97
147 73
81 67
84 41
43 67
1 114
60 145
97 84
63 143
30 71
81 97
37 133
39 133
61 86
0 70
100 42
0 65
12 122
67 82
126 3
148 19
141 21
116 86
18 136
140 97
46 107
10 103
58 97
137 84
138 95
117 89
81 101
94 79
136 70
42 65
57 114
142 36
77 125
64 81
117 68
98 32
119 137
82 105
136 60
124 9
123 93
114 38
121 57
85 27
124 111
108 139
84 37
96 101
137 62
81 109
26 57
100 35
3 43
139 11
149 50
23 122
42 119
105 61
39 53
19 50
45 122
90 53
79 111
11 100
119 17
34 112
84 55
71 77
15 69
46 114
112 86
74 89
43 147
24 99
79 130
28 125
113 10
89 68
28 60
91 94
68 122
112 77
4 13
145 114
11 58
107 6
105 20
121 68
93 5
40 106
33 97
101 5
57 116
79 86
70 98
99 128
28 119
48 100
117 62
70 94
144 94
130 106
95 36
94 77
50 67
138 70
102 107
52 137
72 86
127 83
5 124
96 44
5 94
132 77
19 105
38 55
71 91
6 31
10 34
120 125
2 140
66 107
103 116
14 91
1 39
72 76
85 75
124 23
96 6
9 57
128 117
138 80
34 76
1 73
72 147
25 50
89 129
131 92
0 23
48 99
52 103
33 88
91 95
54 116
72 116
50 100
90 101
3 116
117 12
138 42
108 40
18 73
52 144
62 147
31 93
105 96
56 134
115 95
109 108
36 128
72 131
8 12
93 108
39 47
107 31
135 133
27 73
79 81
35 90
148 11
76 132
92 115
68 78
38 91
7 42
122 134
15 88
39 121
134 148
11 14
133 33
60 100
101 143
90 144
130 54
12 27
18 19
137 112
41 131
132 47
100 98
29 52
100 46
32 139
30 84
6 86
61 88
149 34
15 38
51 105
45 130
29 76
48 68
104 33
25 144
56 125
56 111
77 104
95 12
65 88
90 2
95 141
59 133
2 133
90 65
138 78
136 15
74 90
143 22
86 90
50 133
24 142
2 46
0 141
87 28
49 56
86 144
73 102
131 34
59 69
44 94
12 70
74 111
138 40
2 27
3 58
81 56
25 121
133 54
119 130
94 3
35 52
87 70
54 59
10 147
120 84
35 47
9 74
125 103
58 149
34 88
0 10
88 28
98 126
30 105
128 0
9 89
118 6
89 34
144 38
146 1
108 98
138 100
51 120
101 45
121 59
26 65
25 79
149 84
8 42
30 141
27 57
5 147
147 2
83 4
60 95
81 83
2 117
98 35
99 79
110 70
98 138
81 96
32 89
23 62
21 72
35 137
9 143
32 101
139 77
1 122
117 57
8 115
121 90
3 13
107 33
41 109
108 148
48 98
130 132
108 35
18 41
127 23
96 66
98 44
39 126
68 139
48 82
107 32
55 136
107 65
65 102
132 45
94 20
113 30
83 128
83 26
82 11
27 75
37 76
15 142
96 76
135 23
35 92
18 117
120 12
84 73
58 135
29 62
88 22
64 149
2 57
14 45
34 123
56 109
131 60
109 22
144 17
99 54
12 28
146 59
0 19
143 72
73 104
90 0
19 31
135 128
37 80
123 40
115 25
82 60
22 98
19 100
73 97
59 99
118 72
51 130
147 51
39 56
70 73
3 69
94 47
57 125
123 122
50 84
34 93
2 146
70 135
103 77
84 22
105 3
10 100
