85 65
95 20
96 51
94 99
31 81
93 60
42 52
9 83
97 3
13 72
54 99
33 58
99 34
26 95
7 44
32 97
53 63
56 61
20 21
53 75
39 76
88 40
90 33
87 49
50 87
7 40
96 11
31 58
9 44
92 3
29 47
53 67
95 76
99 80
91 7
6 14
38 55
67 91
15 22
91 19
90 79
53 93
21 67
60 84
85 71
62 86
91 18
21 57
12 22
86 28
49 57
15 28
25 72
45 68
89 15
23 81
13 73
30 31
98 8
27 33
95 65
74 78
15 92
86 55
86 44
77 92
29 46
13 14
7 97
53 94
5 12
24 56
55 94
95 19
60 98
32 46
39 43
75 86
19 23
9 50
2 68
20 34
5 21
5 6
90 65
89 19
0 64
1 9
21 71
56 84
26 98
87 13
88 3
96 19
47 80
13 57
10 87
4 36
7 37
16 98
98 45
23 55
91 2
1 70
64 86
0 90
10 37
30 36
37 78
40 71
39 45
94 36
56 63
5 59
5 72
56 70
96 64
97 52
9 18
15 81
54 56
99 6
1 49
8 38
37 41
24 25
64 87
30 46
30 51
97 1
89 44
6 84
21 69
45 74
86 20
18 64
88 62
14 34
86 76
3 78
30 71
59 71
39 94
88 2
46 70
67 86
79 84
99 0
11 26
18 23
99 51
55 62
29 88
86 29
66 85
0 61
95 52
89 53
12 29
36 83
2 43
10 12
67 84
93 44
90 42
14 22
16 55
42 87
3 15
41 60
7 55
48 69
12 64
44 90
89 43
89 0
88 48
95 84
97 40
69 87
86 39
27 58
92 9
86 92
11 15
43 79
16 70
47 67
89 54
29 66
7 82
85 68
16 32
49 76
4 51
85 27
44 55
98 75
22 83
39 41
13 77
88 13
15 48
71 98
54 74
24 27
76 94
92 40
21 72
91 97
11 58
61 94
32 44
60 99
4 29
43 86
0 22
73 86
89 49
5 67
0 76
94 13
41 73
91 86
18 22
95 41
57 94
41 47
20 97
95 35
25 97
49 70
89 66
2 31
30 39
87 25
14 20
3 34
12 74
1 39
51 72
6 42
92 14
89 4
28 85
46 77
41 93
62 94
68 81
12 28
36 74
12 58
6 61
3 12
60 61
2 49
62 74
97 15
54 92
35 98
5 18
24 29
86 48
28 96
8 67
88 77
57 98
51 66
97 60
12 70
25 35
85 32
91 23
22 45
89 84
23 70
98 6
57 72
75 90
85 41
7 62
23 45
52 62
87 28
13 63
21 25
38 77
85 86
12 80
86 66
21 75
31 77
14 66
1 15
72 87
12 98
15 70
36 81
22 57
13 49
3 60
97 9
32 43
44 63
67 83
15 55
15 26
72 96
89 93
88 99
88 96
89 77
86 47
1 12
71 80
24 90
23 74
13 97
12 56
99 38
11 16
36 85
46 98
15 63
1 99
1 46
16 37
6 46
36 62
12 17
31 50
14 70
15 31
65 70
27 31
66 98
89 83
92 50
5 79
24 50
63 85
58 62
15 54
44 49
95 90
93 58
91 26
32 52
32 47
63 66
36 92
47 74
85 24
56 82
89 73
21 29
18 54
21 94
33 38
7 33
27 83
24 87
98 83
63 83
9 88
1 81
76 84
19 24
15 41
90 11
66 94
17 37
89 32
35 37
29 59
46 73
88 8
98 76
28 58
26 50
99 81
60 85
4 84
72 84
10 53
99 11
7 96
37 99
16 41
41 79
31 65
89 81
86 6
4 88
93 19
96 47
90 30
9 57
76 91
94 44
45 46
9 95
92 47
29 54
97 35
51 57
50 68
78 87
0 53
9 27
73 76
25 94
92 18
94 67
93 96
50 74
48 55
4 95
19 67
69 83
36 54
45 48
2 7
13 42
35 58
7 87
97 57
7 24
71 75
88 6
87 45
89 75
44 56
84 87
67 96
98 43
50 76
86 61
33 35
78 96
95 40
11 75
50 56
22 36
18 42
13 55
0 65
32 79
18 33
88 81
20 81
10 43
99 76
92 31
27 64
91 6
5 36
9 99
34 61
30 64
55 92
93 71
8 18
78 92
83 87
46 96
22 92
12 24
96 57
20 29
99 58
32 92
87 15
94 84
28 78
51 94
55 76
0 93
90 62
11 73
24 38
24 97
28 68
92 83
99 10
26 48
9 35
40 62
11 63
54 94
1 45
10 14
69 82
8 63
25 48
62 96
29 81
30 69
6 94
60 77
48 92
11 23
97 77
31 94
86 37
76 88
79 93
99 22
98 5
20 51
30 55
16 49
29 74
5 50
75 78
10 22
76 89
1 7
47 68
16 44
22 94
41 65
45 85
6 32
2 21
32 61
78 95
27 61
26 71
37 66
72 75
96 35
45 54
92 70
17 42
91 41
10 90
13 92
92 96
92 58
78 82
83 93
1 18
24 98
89 39
35 78
88 17
19 82
58 65
7 70
7 72
33 88
96 59
4 65
35 82
30 35
27 91
61 96
35 88
96 49
96 84
46 48
42 78
52 83
34 53
8 45
10 60
15 19
80 93
82 84
43 77
43 55
88 69
36 49
44 80
34 95
65 82
32 73
90 9
38 81
40 47
78 84
69 97
10 13
46 59
94 41
97 36
51 52
27 75
39 69
69 76
