135 141
92 133
26 183
36 211
21 58
80 95
61 219
0 134
175 222
15 26
120 242
172 197
246 150
81 117
46 243
81 191
178 202
48 195
35 127
65 165
182 216
20 42
78 148
10 201
176 207
72 219
71 138
46 191
27 73
184 235
21 104
7 108
153 181
109 248
104 232
55 213
187 203
18 36
173 200
244 167
189 212
232 29
138 150
239 144
123 154
38 208
24 227
229 106
22 82
228 185
217 220
232 177
195 233
69 98
245 70
168 194
231 211
83 170
170 203
238 176
18 135
16 120
243 129
95 241
55 239
120 167
223 143
186 209
64 183
16 150
188 204
16 62
221 89
241 89
93 109
227 84
32 206
28 68
11 92
147 230
107 187
233 86
61 70
75 169
49 148
24 190
86 93
231 113
242 54
129 192
19 167
17 69
245 226
4 94
41 209
85 157
2 80
173 216
17 22
39 148
106 144
71 247
196 247
21 219
141 157
148 150
98 162
246 126
37 136
85 143
236 13
31 142
127 192
132 205
168 204
182 238
227 206
40 127
18 106
247 224
168 205
135 155
6 79
242 143
237 134
148 210
223 109
58 144
86 91
22 142
188 190
237 72
11 186
110 189
1 158
12 72
68 156
36 76
232 45
113 182
30 59
63 200
33 87
18 150
25 82
210 249
32 56
123 197
41 83
111 131
72 125
236 40
2 167
118 153
141 223
23 114
244 44
164 193
112 188
46 197
78 89
72 140
191 230
207 232
234 136
55 157
160 205
115 125
5 146
124 134
245 132
241 167
150 162
19 241
151 217
155 249
238 48
102 217
103 179
8 45
68 78
173 241
41 192
85 92
152 183
222 168
220 206
234 183
77 131
167 211
242 77
234 180
92 128
53 95
21 161
78 122
43 219
96 143
176 185
207 249
17 102
63 86
41 174
30 184
91 149
223 174
239 220
28 31
58 125
221 11
24 165
18 103
130 187
172 205
232 62
4 249
192 232
224 32
162 183
230 76
35 116
85 246
220 65
45 97
62 160
192 230
89 127
130 169
239 16
157 185
56 67
183 192
35 173
88 132
8 164
15 134
242 195
48 109
70 135
119 213
234 11
181 246
107 179
235 23
9 61
111 187
197 235
30 177
248 113
245 178
24 83
82 102
249 142
222 120
217 247
249 94
186 219
220 183
126 204
26 37
88 182
68 178
128 177
45 191
91 188
9 149
233 138
22 223
20 217
37 182
241 24
90 175
69 226
47 141
33 34
234 29
227 119
43 164
34 176
28 171
245 68
53 106
88 119
82 114
70 101
165 174
61 138
45 185
25 155
168 192
43 95
56 118
2 245
137 207
22 77
244 138
44 183
112 229
79 162
73 183
244 34
200 229
23 229
181 223
47 50
114 180
4 137
44 94
240 214
74 128
45 131
23 169
111 145
176 218
235 103
232 58
73 146
68 249
233 99
9 242
130 218
235 156
189 201
106 143
223 244
30 186
129 234
111 168
26 246
12 28
102 201
119 193
180 230
243 202
220 150
249 32
225 169
57 180
116 196
228 202
34 236
216 245
15 78
61 218
42 127
40 213
215 217
246 4
47 243
22 34
54 62
39 248
121 193
221 74
227 213
23 120
173 246
119 243
233 0
56 107
93 155
134 148
225 139
19 89
162 217
90 106
65 184
200 203
38 116
92 219
27 241
17 55
24 180
72 169
65 185
146 233
15 120
148 161
226 79
237 74
236 191
79 116
25 35
4 133
39 190
242 194
69 152
59 202
3 39
20 194
3 207
18 33
1 9
124 195
47 224
90 160
247 91
249 113
76 103
37 52
150 159
83 92
235 8
6 190
77 130
195 249
83 204
221 197
80 190
136 163
228 34
230 73
25 79
238 171
159 182
59 90
216 231
51 195
32 150
41 107
14 106
225 187
13 27
10 31
13 50
240 207
215 218
122 243
239 127
133 234
23 109
68 93
65 196
0 74
14 185
59 175
14 38
223 211
131 237
7 211
13 18
245 123
24 142
85 204
220 0
24 55
10 161
120 189
35 179
36 125
226 25
81 148
37 232
150 212
36 97
86 203
222 203
11 145
23 52
23 107
42 219
17 71
227 109
103 236
249 121
88 155
62 205
121 221
126 203
60 175
1 7
245 175
31 73
1 122
0 21
12 150
121 195
63 227
84 198
118 233
138 236
30 179
62 221
242 173
27 120
239 139
50 207
102 194
171 176
97 215
41 110
49 79
19 136
5 187
112 228
141 148
72 73
39 214
71 143
0 221
8 173
57 112
77 168
36 86
4 102
30 153
225 227
132 154
16 97
246 238
168 221
220 198
44 61
7 169
160 184
74 176
182 209
136 154
203 231
38 177
30 40
24 216
84 112
228 95
194 222
7 98
239 236
38 199
236 207
8 209
90 146
128 174
2 5
30 225
125 190
174 179
15 111
107 164
134 219
61 117
75 185
51 190
200 219
241 197
66 102
114 158
48 244
13 69
65 107
116 241
176 211
240 62
45 220
85 217
52 150
222 244
220 11
24 146
115 209
53 166
48 107
166 220
28 48
31 231
84 146
236 193
122 184
64 157
83 166
241 65
34 80
63 211
42 51
73 123
92 161
231 213
41 168
86 246
9 248
64 192
16 105
169 229
40 188
94 165
7 180
6 51
236 196
229 56
64 211
32 40
200 223
102 114
121 239
231 48
180 184
62 145
50 128
93 231
30 53
132 157
107 199
247 82
100 219
165 187
31 198
16 119
86 161
98 140
72 247
31 180
91 150
13 117
234 112
147 160
245 199
84 239
122 189
244 135
113 212
76 137
46 119
28 166
1 239
223 120
245 152
81 142
52 234
13 216
239 99
97 98
77 151
30 32
67 72
176 180
222 31
144 242
74 146
221 153
224 207
186 216
33 161
15 123
245 155
18 229
124 213
55 178
51 122
200 224
137 235
137 202
38 58
31 78
131 166
39 78
238 75
13 45
31 203
233 189
9 165
184 217
100 153
110 168
247 150
164 166
231 159
58 231
63 190
92 116
54 231
177 207
239 90
80 109
3 188
56 149
172 201
63 166
3 218
130 214
241 52
116 149
81 127
20 146
61 62
102 177
2 111
43 109
128 239
47 233
3 114
85 186
32 54
242 183
103 225
67 102
239 59
81 220
25 215
246 74
55 216
51 98
24 173
226 16
81 122
145 226
35 125
228 38
242 122
80 188
22 204
14 70
11 14
231 118
183 185
16 189
225 87
235 14
68 136
52 63
33 73
93 132
197 203
80 163
61 85
226 127
2 194
9 16
227 52
64 229
43 83
79 171
27 175
10 163
138 180
97 148
155 181
239 131
138 199
228 161
210 217
105 107
148 203
20 126
243 103
240 31
238 196
65 138
83 157
126 247
202 248
232 242
108 143
167 175
16 155
82 138
18 248
213 228
73 78
65 111
37 197
232 158
222 116
231 110
13 116
232 72
221 108
237 35
230 160
2 28
130 136
223 32
54 87
246 165
180 199
169 231
150 210
18 68
25 183
68 103
155 166
45 129
238 38
151 165
234 76
95 108
242 4
27 236
218 244
100 151
221 204
47 154
220 118
42 44
81 245
166 247
74 189
19 170
126 127
79 126
140 179
136 239
247 56
241 179
177 235
43 177
231 184
242 58
12 155
55 119
38 130
209 227
161 211
52 144
231 19
101 213
16 188
15 79
81 179
107 116
227 88
35 147
69 249
93 129
101 119
147 222
42 59
38 236
43 69
60 248
43 139
92 119
38 146
244 24
156 167
171 174
158 220
185 201
228 25
34 49
234 193
223 127
144 196
16 99
230 74
154 228
181 228
33 118
21 188
44 224
27 206
29 225
38 224
48 219
73 83
103 226
13 168
243 170
53 105
12 81
27 214
46 223
92 140
34 219
35 204
150 234
114 131
230 248
248 14
46 85
50 210
14 111
11 237
85 183
153 183
15 159
40 212
222 107
155 161
175 219
21 195
149 171
98 210
15 185
243 166
31 230
79 117
203 209
240 105
76 205
83 136
237 114
0 34
221 10
249 202
68 211
6 183
112 125
163 172
150 153
29 136
23 188
17 239
124 243
84 235
50 159
203 223
196 222
228 78
40 171
173 178
64 160
42 249
60 182
24 107
7 202
99 218
86 171
131 211
247 46
227 143
16 148
239 83
236 68
228 133
7 68
136 145
15 113
116 185
6 112
2 138
235 164
21 33
6 231
233 28
248 2
7 175
220 211
79 246
232 175
234 203
72 146
106 125
101 103
3 14
47 174
0 43
120 142
230 193
56 233
119 224
148 236
244 153
31 43
248 126
17 141
102 168
131 137
234 188
241 67
57 152
1 211
241 191
29 100
185 232
144 153
238 61
37 70
134 215
70 106
248 128
4 162
189 192
177 203
206 225
115 145
244 92
22 214
59 170
230 166
167 234
65 201
25 68
97 107
114 181
233 123
37 211
72 80
58 71
65 213
17 194
238 151
102 216
145 183
50 58
86 130
243 180
21 124
36 182
206 240
119 149
112 204
76 211
234 38
241 137
159 220
21 211
240 61
52 68
51 106
7 148
22 89
229 59
249 143
155 169
220 127
23 154
108 159
50 222
95 221
35 211
146 179
83 110
75 85
56 124
87 116
61 100
38 55
70 187
6 139
227 41
185 231
59 140
155 179
16 118
59 155
228 191
97 169
220 192
186 199
156 217
45 48
86 207
12 110
21 134
102 112
182 210
145 199
80 116
85 125
221 202
76 116
20 100
41 164
239 211
20 119
128 176
248 37
217 228
215 228
64 122
44 73
247 54
35 213
136 224
3 80
26 232
235 204
243 120
98 126
42 189
220 195
214 217
30 128
239 124
65 118
119 234
233 55
38 152
165 243
220 61
79 206
47 199
119 212
186 236
246 212
104 244
30 110
47 163
204 240
231 57
111 194
34 181
238 68
232 174
91 121
48 194
38 246
78 202
67 104
9 112
236 173
2 20
18 240
167 215
43 237
145 224
4 101
16 124
122 244
1 133
40 44
47 212
56 125
244 134
131 213
122 169
107 143
81 170
25 140
135 197
169 190
15 55
109 127
31 62
152 229
240 216
98 106
88 163
231 183
81 84
72 103
0 123
103 133
199 228
61 112
76 115
141 202
195 237
107 148
26 196
245 72
148 165
225 2
244 239
190 197
45 122
10 190
106 113
1 188
3 157
31 36
39 215
238 107
27 205
169 221
70 139
65 177
57 125
15 81
29 72
234 213
53 85
236 48
222 205
60 115
39 210
100 119
36 99
228 33
134 177
143 220
32 109
182 203
16 186
6 145
71 196
20 95
180 241
249 167
109 240
98 167
60 153
201 233
116 208
9 180
187 193
10 224
220 82
128 155
78 249
146 197
226 60
245 193
25 157
91 158
187 249
121 217
228 86
227 219
74 116
68 88
2 39
111 191
56 210
246 197
25 131
21 59
150 175
122 157
85 97
128 203
130 212
97 163
230 59
157 206
45 164
133 136
239 134
48 119
56 79
151 226
41 175
233 116
10 93
21 229
123 187
5 27
21 52
65 146
77 247
9 247
89 215
162 216
38 106
8 120
25 184
31 96
139 154
230 8
131 183
10 148
227 122
76 108
246 68
153 228
30 67
235 165
167 214
37 148
224 150
78 189
38 196
179 190
136 162
38 64
157 183
242 34
4 200
8 35
242 100
39 217
162 201
51 92
165 229
94 115
95 223
235 226
140 185
184 215
1 230
24 46
151 244
232 229
222 158
221 170
22 107
40 231
158 207
164 179
64 205
30 72
35 165
50 194
39 44
125 136
235 132
135 186
0 112
227 149
40 101
8 148
180 242
25 99
222 178
180 186
185 221
20 56
4 140
225 121
235 77
19 36
121 129
163 176
26 217
19 115
22 173
73 185
59 107
242 240
97 211
118 151
2 244
72 235
234 94
228 123
47 227
127 246
249 134
31 247
4 116
8 42
14 26
141 180
132 137
74 132
145 216
32 201
54 108
150 174
31 71
183 212
60 227
185 224
48 145
159 230
243 139
132 207
2 60
67 92
111 234
33 199
243 207
116 193
95 215
225 182
55 152
230 20
120 146
99 216
126 218
38 160
118 130
84 134
184 186
13 94
62 177
110 141
231 117
169 236
187 222
230 0
78 218
248 162
95 239
24 72
211 234
39 116
56 249
36 151
46 140
82 177
67 240
109 182
141 179
2 171
137 150
84 167
222 173
64 242
135 168
233 168
13 227
116 148
133 160
33 86
116 186
33 127
50 161
60 111
94 247
69 96
17 166
246 67
240 108
224 13
248 49
221 133
97 128
225 100
223 157
186 237
103 161
14 73
33 84
210 212
226 30
63 85
10 169
44 124
45 153
244 40
141 158
73 93
104 117
89 152
234 226
15 83
239 218
234 179
37 201
22 66
22 124
77 240
50 149
152 209
224 179
7 85
56 216
173 184
130 146
19 38
73 249
21 199
182 201
46 59
39 133
4 66
14 120
64 102
233 213
23 143
94 209
33 153
80 100
185 205
9 172
43 230
127 208
87 110
238 26
135 151
23 206
83 177
127 222
4 215
64 147
184 244
70 107
14 25
45 198
123 229
207 241
87 165
13 223
111 147
89 119
184 197
71 210
226 131
111 160
75 116
198 237
29 73
15 46
44 154
6 200
74 207
101 219
208 234
227 237
7 198
228 13
24 172
180 181
23 223
54 198
32 216
249 104
133 231
246 123
83 229
244 183
159 186
228 63
108 236
55 220
82 191
8 241
243 110
47 219
92 201
50 171
63 159
93 199
82 204
245 150
221 92
228 6
7 152
227 30
103 200
232 239
77 139
226 31
165 196
42 123
42 159
247 65
98 189
59 167
59 186
111 181
248 199
249 60
21 152
29 160
51 75
191 223
11 68
38 69
23 127
36 56
12 141
10 34
19 59
63 118
71 168
53 197
247 151
32 132
123 241
159 208
141 166
8 84
21 25
66 183
249 76
84 122
26 101
47 195
171 191
122 151
43 227
233 166
19 207
94 243
191 208
27 210
78 224
168 196
16 52
14 77
107 244
14 51
17 65
31 60
30 97
246 195
248 245
150 240
26 27
20 187
59 100
18 133
46 112
71 211
142 192
13 38
3 245
78 169
64 248
37 210
40 234
146 187
30 130
31 156
131 173
76 194
102 148
4 231
229 22
18 77
232 140
220 201
9 92
220 57
24 103
235 70
53 126
42 148
84 106
25 202
88 141
85 151
124 177
162 214
157 209
85 201
247 243
72 196
50 213
148 155
33 183
60 72
134 204
99 185
30 55
15 34
153 231
125 140
14 174
135 190
239 26
17 240
52 191
19 190
98 179
237 168
143 150
38 87
51 206
231 126
227 240
28 29
57 120
65 98
127 194
77 149
3 137
33 160
6 217
233 103
130 226
51 194
163 192
34 177
86 100
121 215
90 193
22 137
226 84
156 205
79 237
85 221
237 93
240 189
120 232
156 198
224 172
41 166
100 212
54 149
88 245
74 216
192 212
12 137
248 176
131 223
204 249
192 218
70 202
26 77
29 69
45 166
125 173
16 232
243 109
19 86
122 215
8 52
20 52
197 220
48 110
176 231
127 234
39 186
102 203
243 98
243 215
84 86
43 98
139 230
158 213
43 238
88 184
155 238
53 213
248 29
243 25
195 216
123 135
242 59
56 97
216 222
30 71
46 175
230 81
59 77
229 54
82 85
229 76
89 194
211 216
25 91
50 197
170 222
90 177
11 240
20 22
140 210
23 149
121 194
64 198
129 244
80 97
3 20
238 186
72 210
196 244
63 239
12 131
242 170
136 171
17 143
47 62
56 205
60 133
29 122
101 141
73 152
122 138
109 238
248 5
66 186
102 137
36 196
12 69
178 217
148 237
24 171
85 129
81 158
134 203
46 178
229 177
240 82
69 135
19 228
57 186
22 103
81 120
36 220
38 227
244 5
34 85
163 199
231 143
18 187
6 154
144 244
75 165
225 170
46 106
137 212
13 41
34 75
233 45
222 164
12 48
242 179
77 236
36 118
222 102
240 45
143 155
86 236
11 157
225 159
98 142
7 112
238 101
134 174
29 70
48 126
125 201
247 215
239 51
31 109
247 12
77 180
65 151
48 59
228 235
99 116
60 101
45 93
203 215
59 103
189 249
62 185
66 248
112 136
68 193
244 72
4 212
248 8
65 96
23 202
34 107
158 166
21 118
93 113
96 133
71 203
10 115
40 91
232 46
111 134
12 37
235 37
29 57
128 234
16 175
23 101
27 114
26 39
49 135
228 93
14 72
12 176
75 225
6 101
57 233
154 218
239 82
71 219
230 35
26 130
55 197
11 89
18 75
160 162
105 131
233 117
243 245
82 139
113 142
13 127
235 216
39 96
223 36
148 189
231 91
46 158
44 113
28 110
42 56
242 85
17 175
57 154
31 95
96 144
249 157
230 13
37 208
104 116
45 219
75 170
138 177
138 231
156 189
228 187
69 245
64 152
21 183
69 189
63 73
61 196
117 239
210 223
55 235
186 202
240 35
19 148
17 80
162 211
248 237
23 65
154 239
54 102
25 195
222 151
171 219
12 87
37 179
26 198
166 190
92 190
146 218
193 243
150 214
199 209
202 232
65 122
7 16
238 42
10 70
25 81
5 241
34 46
27 138
246 90
36 83
19 247
52 90
126 183
72 230
201 235
52 145
34 172
27 209
224 116
119 150
69 111
91 97
232 191
68 237
36 152
144 175
226 166
61 163
107 136
47 134
18 141
44 53
141 211
19 25
210 241
143 170
148 224
75 138
58 244
144 188
125 191
225 13
148 173
26 124
188 244
166 195
29 215
82 170
249 102
236 82
94 126
121 202
40 223
242 99
63 171
226 82
35 180
20 128
225 85
68 200
38 117
45 85
234 205
36 208
49 159
69 182
56 58
84 237
96 242
91 125
20 64
20 171
146 191
9 217
61 177
99 146
96 165
94 197
63 219
246 221
236 110
39 65
17 104
26 68
147 212
242 28
134 166
1 21
35 152
95 245
85 122
154 189
30 191
94 226
14 163
61 185
65 119
232 118
61 236
6 188
24 179
47 172
162 215
19 244
179 226
121 141
29 171
168 176
113 162
144 165
187 233
248 23
228 18
138 172
26 199
148 202
21 79
21 176
39 84
112 120
148 200
248 208
132 222
16 26
67 154
229 211
42 237
235 186
24 116
29 52
38 61
72 162
202 242
41 113
160 177
85 216
32 194
8 118
4 38
51 120
130 161
15 157
156 223
115 162
120 150
238 141
36 141
238 170
55 207
55 206
94 168
76 179
227 39
54 131
58 184
245 25
243 55
8 193
18 43
103 189
12 14
204 248
52 100
9 91
226 85
20 177
229 195
26 111
228 110
237 5
248 87
120 154
107 122
63 131
57 146
29 148
239 72
62 161
140 167
44 139
40 239
68 171
14 204
246 236
12 188
150 182
34 93
75 153
231 207
68 213
43 81
11 15
229 210
82 245
45 238
36 46
223 60
22 150
28 52
25 63
82 112
220 205
0 46
96 194
145 163
122 180
32 45
27 48
57 178
1 117
133 138
97 227
241 87
239 162
78 205
9 245
50 218
49 147
7 157
114 159
233 145
62 140
117 118
143 157
156 226
238 127
38 65
231 74
54 147
35 169
10 74
16 167
232 109
19 43
95 139
70 75
5 201
55 186
44 60
231 28
11 38
128 182
21 202
240 9
137 194
45 101
81 118
235 179
176 227
236 240
67 120
93 152
145 236
243 32
106 193
71 100
82 164
32 108
49 106
223 61
160 207
16 34
73 131
133 134
42 134
111 120
74 147
35 68
55 188
218 223
142 171
1 242
67 119
226 157
29 178
115 130
163 204
91 137
205 219
234 139
101 102
230 122
133 192
143 213
202 209
55 221
136 184
84 115
210 216
66 121
113 158
52 127
60 171
238 202
73 242
69 94
53 127
6 55
232 201
36 132
64 234
94 128
151 179
54 78
246 55
224 62
187 235
161 182
160 165
221 64
239 248
13 66
95 138
163 200
29 226
19 112
183 229
14 97
71 87
231 147
230 114
8 145
238 21
212 220
98 178
49 121
49 184
118 127
222 47
135 159
99 204
34 110
36 181
163 184
221 176
227 125
236 62
13 39
130 193
242 155
37 96
97 120
145 242
12 130
239 9
54 66
179 191
109 136
191 213
247 100
1 219
98 237
67 89
168 236
96 248
131 186
54 165
27 233
172 223
164 204
243 205
237 103
155 204
88 175
43 209
156 202
44 158
110 150
157 175
84 247
243 50
7 229
226 119
92 203
149 220
36 164
94 166
119 210
235 195
59 234
9 141
38 128
230 174
110 152
244 168
223 178
34 185
92 202
242 171
85 135
72 118
56 117
207 211
149 152
92 97
42 137
65 90
44 247
239 65
203 225
78 90
17 149
170 218
72 92
2 87
61 195
18 29
235 94
223 77
160 217
89 104
94 125
23 212
124 231
98 113
52 159
127 207
33 95
231 187
31 204
66 216
19 249
66 70
243 102
225 243
1 200
229 130
18 59
45 49
89 190
22 97
127 200
8 54
226 91
34 156
229 78
121 160
65 157
44 229
185 216
186 207
232 126
105 199
168 215
232 179
93 194
157 162
202 205
73 116
234 249
172 222
126 153
140 218
103 146
232 64
45 180
143 206
81 193
57 107
46 95
118 242
7 199
85 93
22 225
41 79
8 168
226 172
7 47
103 118
248 191
231 192
25 94
14 63
78 247
89 191
249 90
25 28
123 184
5 20
223 241
80 204
232 17
41 69
235 202
229 178
97 139
17 190
59 129
242 10
246 91
241 37
25 248
117 214
129 143
33 51
51 97
237 17
91 140
67 105
6 62
29 246
166 222
87 205
35 37
17 108
239 105
178 226
81 181
169 195
69 123
95 206
248 205
25 230
157 232
225 129
247 8
61 186
121 128
241 99
100 234
63 156
157 173
233 153
3 21
237 141
120 191
87 170
241 166
28 208
35 70
69 163
2 106
32 167
1 197
8 127
30 168
7 80
23 192
104 229
186 213
61 103
140 208
89 162
150 168
39 174
10 47
2 146
241 164
0 162
151 211
19 133
228 51
81 237
247 174
166 216
72 215
88 164
67 125
229 40
11 88
135 232
36 94
35 178
31 136
196 213
175 224
24 219
113 226
43 239
59 81
20 138
19 219
99 144
43 195
107 114
20 103
102 205
14 36
138 229
183 209
58 111
59 115
48 222
241 112
16 236
24 87
249 77
44 147
49 116
82 249
242 201
180 198
43 97
75 102
180 194
76 144
58 188
5 249
224 129
222 112
186 226
40 99
178 186
240 159
107 165
73 200
235 241
62 206
49 238
41 136
59 71
48 53
40 238
240 135
220 42
236 39
215 232
46 55
56 136
110 127
155 246
110 111
51 207
153 160
230 71
137 177
242 132
44 195
122 228
77 93
141 156
245 98
90 185
165 171
69 234
248 194
121 186
115 203
9 10
27 203
227 142
36 88
8 37
47 242
238 28
241 163
184 213
71 183
14 244
228 104
235 12
99 109
27 83
224 173
95 104
16 23
19 182
13 222
128 241
11 213
46 114
9 73
64 134
98 105
52 82
124 184
90 98
28 77
156 173
12 165
137 147
104 220
51 91
225 192
94 204
12 85
22 118
61 244
204 211
19 101
69 150
14 84
2 220
56 237
115 134
235 160
21 203
13 198
40 245
55 156
23 31
235 79
12 186
67 210
13 153
192 219
114 210
1 175
77 213
0 163
228 230
237 135
102 116
91 162
143 169
239 12
241 119
152 195
42 92
67 223
232 91
17 139
89 146
75 204
149 163
116 212
70 166
62 124
83 183
155 189
44 78
170 190
235 11
44 135
104 175
186 248
242 86
71 126
113 140
115 216
26 176
228 118
155 186
77 128
93 108
8 92
174 200
63 176
11 47
128 170
108 191
98 115
184 212
1 62
137 188
89 90
245 57
14 219
164 233
172 230
72 205
141 159
225 175
108 118
152 243
82 221
223 196
237 207
20 34
23 216
111 125
6 227
191 235
129 157
169 199
3 149
153 155
3 121
140 190
118 194
113 206
69 142
79 111
134 193
244 124
230 2
154 193
54 67
48 178
166 215
110 193
242 52
224 159
58 194
10 78
110 119
70 161
46 101
36 120
230 78
138 154
229 159
2 136
222 126
48 76
45 110
117 148
46 115
227 10
221 231
57 210
187 216
82 224
220 182
8 74
26 163
57 246
171 209
29 217
43 145
149 188
243 182
228 237
94 114
32 195
4 9
132 184
48 92
233 130
116 160
69 110
171 244
226 194
86 99
127 211
105 224
51 57
96 214
230 226
117 162
68 108
117 202
116 195
116 134
151 184
110 137
241 44
8 161
33 164
3 27
201 206
43 119
126 227
3 78
1 103
27 242
26 190
110 227
102 183
115 153
18 178
125 198
18 45
68 89
14 237
44 209
68 137
23 30
5 223
30 41
33 68
181 202
237 233
16 172
241 120
31 141
245 173
13 206
8 68
45 195
79 217
221 65
25 174
9 152
239 39
185 222
64 173
24 41
59 158
249 57
245 171
206 207
68 240
117 212
33 189
237 143
100 232
22 185
100 233
129 191
229 175
130 188
247 195
243 38
155 191
106 137
243 48
37 65
223 119
96 225
61 81
221 91
22 99
154 202
73 159
174 245
232 138
243 144
17 28
73 228
80 128
184 210
1 229
41 127
88 222
32 136
81 199
19 142
38 71
38 212
11 205
104 236
226 53
205 230
233 119
83 200
229 33
107 205
80 218
206 208
222 110
69 81
139 171
237 223
71 171
93 206
112 163
17 233
59 104
120 244
73 138
230 146
84 123
38 167
100 104
231 80
44 219
66 105
36 101
137 154
246 217
92 114
80 110
229 35
147 227
80 211
49 132
104 166
43 202
114 167
49 85
154 208
17 216
12 91
6 198
119 136
36 145
153 245
41 98
240 188
244 74
122 188
84 136
242 152
35 146
60 73
82 161
167 197
249 141
42 155
65 191
231 128
82 117
40 222
241 25
71 113
117 197
52 124
81 130
73 221
51 76
56 241
43 246
170 212
89 193
7 114
39 118
156 159
101 133
7 82
24 231
125 144
58 190
25 221
3 40
187 246
237 218
154 166
97 241
227 94
39 161
89 105
230 64
13 148
178 188
72 155
226 209
146 200
26 66
234 151
83 162
127 171
52 53
48 153
82 216
165 209
179 203
62 92
238 84
3 51
49 115
16 211
142 177
173 175
100 201
96 195
204 216
224 195
11 132
57 229
2 247
237 38
35 71
141 188
241 114
7 49
135 248
88 214
152 187
132 149
27 109
41 241
7 155
199 225
227 112
23 177
146 236
168 179
93 117
228 196
80 139
64 246
17 29
77 195
2 246
4 100
123 191
19 110
87 140
97 212
61 213
107 161
128 219
8 242
0 29
110 139
227 107
138 213
185 199
20 23
120 170
234 7
44 84
233 88
233 188
83 149
153 217
234 2
40 242
239 138
132 174
103 167
28 42
67 204
19 73
100 167
139 164
244 143
119 135
231 72
230 107
19 243
40 71
61 151
70 192
61 214
233 83
55 76
75 210
162 163
52 240
58 73
246 159
130 145
73 137
114 153
105 209
127 202
78 134
39 108
232 122
162 206
141 231
23 171
2 77
95 208
232 204
121 127
107 221
241 148
70 109
71 88
106 219
52 140
244 186
50 79
247 134
13 88
129 197
80 224
9 83
72 182
122 132
194 205
113 202
89 180
85 234
2 33
69 187
90 131
100 189
17 98
172 211
16 53
119 185
51 129
48 62
159 247
21 67
236 43
14 145
19 203
43 84
2 243
234 137
32 44
84 248
134 245
73 147
135 209
159 232
89 184
185 211
11 69
235 237
65 89
64 133
78 203
210 248
16 112
44 240
78 246
87 221
65 214
88 216
240 13
197 249
35 58
55 227
29 162
170 239
106 200
25 163
84 104
63 102
243 7
158 169
82 207
226 26
127 229
228 83
112 142
53 182
171 194
78 129
30 205
18 37
43 124
100 243
29 176
226 50
136 236
214 244
243 181
83 210
203 208
144 205
86 103
247 37
26 230
222 123
55 70
249 24
54 72
81 186
231 11
239 109
109 129
54 88
157 161
19 87
19 187
18 232
20 69
67 131
182 231
41 204
106 227
22 37
44 188
241 132
132 164
74 177
12 118
180 196
94 167
127 189
32 171
74 170
65 140
178 227
136 176
34 79
79 112
85 198
61 180
3 246
47 59
70 204
110 175
242 168
5 78
65 167
100 221
144 150
108 198
20 38
147 161
99 150
226 208
11 60
3 131
248 178
61 75
233 162
14 37
163 206
107 247
6 43
23 94
41 185
62 219
206 223
229 124
76 221
82 122
26 227
160 174
75 246
25 132
157 192
62 154
46 169
3 103
96 228
34 148
92 238
112 231
25 153
155 185
37 212
67 157
129 214
21 35
139 238
57 230
148 178
1 15
86 121
10 214
245 120
235 213
71 214
74 150
23 184
43 228
139 221
41 116
233 1
227 96
220 122
50 200
233 49
95 125
166 196
8 208
92 106
130 223
18 74
134 240
5 239
81 123
168 195
66 182
233 3
37 112
24 245
173 218
129 219
20 154
152 237
227 137
156 195
111 113
88 113
205 212
54 106
146 245
248 72
139 198
94 183
135 160
4 48
97 161
143 165
50 73
107 144
138 145
190 205
220 136
131 206
94 217
32 234
72 123
112 183
40 113
50 147
201 231
99 231
237 36
82 175
220 95
152 240
34 234
81 93
159 180
38 84
49 194
115 170
56 248
4 125
248 124
67 115
95 185
5 62
11 120
167 239
239 44
164 231
34 221
79 157
51 208
217 237
248 161
224 4
32 69
44 121
221 154
25 224
223 144
118 187
30 66
229 128
14 27
18 152
85 141
48 151
67 121
22 203
54 118
50 87
139 241
113 166
74 78
4 130
27 248
55 163
62 95
245 99
189 209
21 106
146 247
64 117
72 211
26 167
234 61
34 235
98 153
221 141
1 41
59 194
222 85
0 50
101 236
171 177
60 244
3 229
44 213
30 211
83 221
55 79
238 72
20 213
81 174
8 25
72 77
100 154
171 230
20 219
215 239
117 211
67 133
72 190
15 169
227 95
126 184
46 65
106 236
60 203
37 42
180 245
229 113
134 135
229 168
26 234
245 202
7 100
6 185
228 32
0 190
120 123
28 115
44 176
20 156
47 89
106 176
4 233
35 79
170 217
147 193
21 61
233 71
28 219
104 154
249 216
49 84
140 239
223 69
192 197
0 113
105 188
42 140
225 111
32 229
75 109
31 175
7 105
74 126
215 220
7 15
136 168
37 108
49 72
152 214
7 87
52 71
62 131
115 136
16 220
72 74
135 146
236 9
1 162
99 207
21 72
81 189
100 206
237 53
67 243
248 6
163 215
27 226
238 243
18 58
50 66
85 120
88 244
221 190
26 216
152 184
21 38
135 241
25 244
52 167
91 208
38 213
132 204
173 182
89 123
244 90
46 240
107 131
241 63
86 214
233 170
16 179
239 74
77 207
81 90
34 77
28 145
63 225
226 87
88 243
231 38
218 240
227 17
107 194
80 197
106 154
74 159
221 53
131 217
239 179
244 132
236 129
6 12
99 221
134 163
228 120
4 80
184 248
229 99
114 188
151 161
247 49
220 156
96 116
47 161
223 33
205 237
215 241
34 143
105 230
82 241
7 143
74 196
100 123
236 177
21 150
66 156
8 116
87 203
109 140
248 83
19 161
90 162
107 195
60 172
4 228
64 84
0 152
134 165
27 198
96 218
236 166
228 7
87 99
44 152
173 221
64 141
236 118
24 25
19 28
127 236
23 203
39 160
240 12
21 135
166 246
59 150
22 189
195 243
216 248
229 234
112 156
62 215
71 74
13 15
1 199
89 179
48 204
59 231
206 212
229 125
47 196
225 136
227 7
59 74
84 100
55 205
224 85
39 222
72 144
28 207
1 154
227 12
179 188
141 241
236 92
78 111
62 179
66 170
220 209
53 142
176 229
4 21
136 167
104 161
246 112
25 105
30 117
25 227
106 151
106 170
1 10
41 60
89 126
50 89
231 16
131 161
159 243
98 136
102 119
31 189
4 43
98 170
53 135
92 207
232 4
208 209
7 76
241 22
59 233
25 148
29 214
160 231
10 162
25 175
93 166
43 173
33 169
1 63
229 41
226 17
3 26
142 231
51 126
221 155
222 21
107 172
108 170
96 109
14 118
167 190
50 77
248 157
123 133
106 194
233 66
103 111
180 189
68 188
78 138
43 201
46 161
48 182
90 129
107 210
231 121
137 159
101 240
230 16
158 218
46 51
61 142
4 14
234 146
39 182
15 32
35 46
115 202
22 202
0 36
147 249
122 210
31 166
31 209
72 214
20 48
126 164
135 178
1 148
199 227
87 135
92 183
110 123
145 177
221 127
249 159
19 123
224 96
117 230
42 74
117 208
92 105
128 226
24 49
112 196
15 242
40 168
216 224
112 184
239 173
129 146
104 221
38 108
63 101
83 225
34 183
85 139
246 152
178 215
242 101
15 177
238 86
53 150
244 65
44 69
92 176
23 87
47 192
173 231
112 226
124 214
10 233
220 12
2 124
168 202
226 139
236 154
176 187
18 47
150 232
225 17
103 221
7 90
56 139
110 183
193 217
47 133
67 235
196 219
173 249
76 120
136 244
67 143
41 244
112 192
115 204
50 189
97 144
42 85
73 108
238 9
18 63
35 220
45 212
94 177
220 174
8 83
232 212
15 143
76 189
233 190
10 228
236 102
143 217
10 171
48 87
222 208
7 19
57 183
70 239
5 47
27 105
112 135
27 113
142 188
52 105
40 110
59 116
30 244
153 154
21 85
62 128
39 146
172 179
1 97
125 248
237 215
15 175
38 143
79 212
220 38
153 202
98 216
97 164
210 228
96 198
11 149
89 245
119 225
23 136
32 80
232 96
28 84
46 229
6 138
100 188
205 224
99 132
235 219
99 135
25 159
145 249
48 209
114 141
134 218
35 242
106 179
46 237
50 51
227 217
242 150
101 228
197 213
3 89
158 214
220 216
150 172
74 81
148 177
124 167
189 246
219 237
74 200
71 159
47 157
248 134
13 170
32 128
51 164
48 199
99 225
94 231
140 159
56 206
46 73
230 63
240 133
243 86
114 136
85 96
232 141
190 231
159 204
58 62
239 217
86 158
49 100
245 113
29 93
222 114
40 129
220 98
17 84
74 164
229 114
33 209
67 98
148 226
42 172
227 59
54 76
237 125
5 167
105 115
10 235
107 115
221 229
89 168
61 84
27 237
118 209
125 154
225 122
13 187
103 147
222 140
103 164
78 181
220 138
46 148
225 211
186 218
16 144
26 45
52 168
4 145
121 220
69 114
29 56
119 169
181 206
106 190
248 45
14 61
77 135
54 208
129 182
105 166
42 113
20 147
22 200
63 183
4 136
14 125
237 29
89 98
38 63
216 238
247 206
85 156
63 160
229 39
220 103
247 142
66 116
166 231
80 143
243 108
93 125
143 178
249 122
18 109
73 148
42 119
109 181
54 207
190 237
229 137
70 207
241 76
59 69
149 221
114 144
231 82
55 64
142 175
243 177
24 220
5 110
118 129
122 211
105 218
20 74
43 47
244 204
226 246
237 226
221 114
47 52
57 205
21 130
14 105
229 117
54 82
94 242
127 165
221 140
222 5
44 51
45 106
125 178
5 10
103 247
161 235
137 168
14 175
4 238
41 124
103 223
152 239
28 214
231 134
228 119
139 240
41 57
80 118
172 178
27 36
124 228
76 213
115 231
59 178
8 237
84 209
147 243
113 149
41 122
233 198
65 172
146 165
13 146
226 199
47 165
143 154
241 69
60 176
51 113
34 56
50 170
20 76
222 211
44 167
33 179
224 16
238 77
245 79
7 46
214 223
98 219
205 218
48 242
2 158
227 68
120 139
211 230
228 211
144 193
247 168
247 3
21 138
90 182
17 95
139 216
198 234
130 140
95 103
24 169
77 206
131 170
8 169
75 205
225 195
112 236
152 227
37 138
49 124
59 188
153 167
40 51
248 30
223 166
139 168
16 212
230 206
57 61
129 133
95 132
95 180
66 165
242 207
103 203
43 65
167 227
70 141
232 80
240 201
115 156
232 87
247 198
58 101
179 209
137 248
59 141
108 115
151 190
224 220
66 164
129 178
16 107
48 150
63 119
56 162
87 105
73 167
63 169
17 246
86 169
107 177
235 151
121 146
208 223
104 237
8 147
107 232
231 127
220 58
40 199
44 65
238 232
20 116
55 89
8 119
227 77
234 239
55 111
119 123
74 133
118 143
220 32
15 25
34 230
27 45
21 241
120 205
61 139
237 167
148 222
76 127
106 224
57 111
16 122
133 249
195 241
235 4
240 92
31 117
10 195
15 229
223 80
248 61
81 214
14 64
76 200
12 219
236 197
95 128
177 216
16 162
226 154
233 216
31 181
176 202
126 173
71 208
193 219
65 74
98 234
13 235
240 171
93 130
90 130
132 161
48 75
20 70
158 176
243 39
82 230
191 216
0 167
13 173
101 209
247 108
28 87
27 133
13 243
35 38
41 143
78 175
99 138
132 230
22 119
44 235
69 115
151 185
74 235
171 215
92 177
132 209
13 134
47 176
187 200
17 136
97 233
232 115
67 139
233 34
152 167
235 180
73 181
100 176
160 193
0 215
118 166
114 154
243 72
34 201
28 146
70 111
167 198
66 219
123 146
88 160
230 3
96 229
32 79
69 176
178 189
5 199
125 231
77 92
17 223
3 189
104 133
32 180
35 244
129 141
236 97
110 161
150 177
230 155
226 195
21 117
2 115
51 226
144 203
77 152
39 55
49 67
166 189
193 220
221 29
15 140
82 174
56 148
80 155
86 112
224 160
131 235
228 149
6 230
16 242
35 113
126 190
105 134
70 79
33 155
46 224
93 209
76 191
84 218
227 141
136 175
74 129
145 168
76 156
9 132
230 200
38 249
105 202
99 237
21 214
22 96
77 233
71 201
147 200
233 64
186 191
114 171
242 151
226 192
35 129
29 216
153 236
3 186
125 149
88 156
152 173
85 146
107 108
235 243
138 197
132 218
245 4
50 52
71 131
247 23
44 197
236 60
52 67
243 33
222 159
41 45
170 231
177 245
227 233
89 188
89 223
25 92
230 244
52 162
107 225
49 249
124 218
19 234
3 104
241 144
149 235
22 174
91 218
30 170
57 155
73 180
65 208
225 130
160 216
0 31
2 22
150 201
146 214
97 198
69 151
77 210
95 120
222 141
212 225
123 186
29 99
72 114
223 117
12 66
127 130
232 69
247 149
178 179
24 98
248 85
150 158
26 152
196 220
177 231
30 87
63 88
97 205
34 132
59 238
249 205
234 207
9 33
6 97
34 137
58 90
124 139
97 101
64 161
87 183
102 163
50 126
36 82
220 128
68 135
74 130
110 230
43 241
105 139
29 86
100 143
46 151
137 198
13 57
33 133
227 130
107 219
88 198
243 143
146 209
32 114
92 93
89 115
246 175
60 192
108 204
1 12
240 154
13 158
62 72
192 207
23 232
173 229
109 131
76 163
27 166
65 222
66 155
2 132
244 248
245 207
80 84
104 206
15 235
12 60
43 90
56 108
244 110
65 238
142 179
70 145
16 248
29 229
221 143
121 214
60 86
106 240
21 179
225 179
32 207
121 163
141 185
175 180
130 168
237 166
249 245
50 78
23 46
20 123
7 159
76 232
78 119
241 122
55 69
100 175
23 174
193 241
142 230
182 246
95 113
28 70
78 185
3 249
38 183
31 47
97 100
21 111
178 190
247 182
6 163
145 214
238 89
225 160
69 86
247 75
30 193
57 166
59 177
71 146
180 191
230 119
137 152
122 233
115 233
221 162
246 170
236 4
240 94
97 153
30 195
127 128
10 153
143 230
148 160
184 198
101 151
97 234
35 90
248 183
91 240
240 50
22 72
235 126
1 190
164 169
225 138
144 156
221 93
19 188
248 1
244 114
66 173
84 152
87 230
78 178
122 136
224 63
14 171
77 85
221 46
0 104
101 217
5 131
72 142
140 235
27 78
23 145
72 147
236 155
95 176
249 213
231 62
246 172
116 159
37 131
87 192
133 187
102 134
77 141
190 226
50 180
91 151
32 148
70 134
123 205
89 107
30 222
113 130
37 81
120 160
45 95
239 45
135 233
15 84
136 187
45 244
153 216
78 150
193 237
10 54
32 193
240 120
66 141
15 100
66 227
82 235
20 50
241 70
222 146
22 90
234 147
70 227
9 126
22 238
232 221
229 68
78 137
182 188
59 143
43 113
4 211
63 153
14 42
169 206
52 111
102 234
121 172
81 89
47 94
225 190
109 185
174 203
192 194
28 152
13 182
223 179
132 169
231 186
110 135
163 175
58 192
149 224
46 88
110 226
58 142
68 81
64 174
92 239
70 165
15 40
190 235
249 115
236 221
36 68
228 232
243 44
54 119
67 153
147 156
85 152
191 201
249 88
72 89
126 163
70 123
236 29
99 249
168 220
109 207
125 177
222 150
106 239
149 197
100 156
135 218
240 248
8 182
26 160
83 193
163 216
168 228
191 238
71 114
76 190
56 77
237 202
223 15
65 77
105 142
10 150
60 186
222 57
3 240
227 203
40 79
226 137
137 230
112 151
2 57
12 203
9 62
0 102
16 243
100 186
126 242
99 214
234 215
2 176
137 210
220 50
131 160
9 19
8 227
105 236
100 111
42 199
247 96
2 215
39 198
220 66
221 75
62 241
42 243
28 147
2 84
169 215
201 241
101 231
80 111
28 206
149 202
222 38
125 189
171 226
64 81
39 171
224 3
126 211
21 84
137 197
163 193
57 106
6 153
18 84
20 175
22 237
44 103
228 177
226 165
48 246
245 58
46 181
130 215
99 212
189 208
56 224
39 179
231 3
13 97
225 31
40 83
173 225
241 160
237 183
229 134
30 63
9 211
196 234
213 242
11 64
228 127
225 57
24 108
41 135
221 12
15 215
3 159
33 139
81 111
230 37
144 173
147 185
0 188
117 245
42 107
22 224
248 168
143 246
80 208
228 137
51 236
85 187
22 213
241 161
131 184
81 222
34 125
136 155
36 134
236 109
75 121
87 113
187 211
242 36
38 79
135 192
40 121
77 121
193 218
58 104
239 194
221 14
54 213
178 219
91 119
68 202
50 113
84 99
225 93
71 231
58 110
108 246
4 207
8 138
159 170
248 105
179 181
130 190
17 115
105 232
21 173
22 102
228 221
145 212
228 80
25 65
21 131
139 224
58 175
11 199
31 187
142 204
16 24
244 213
19 205
30 166
240 156
47 56
53 87
18 88
224 232
5 43
86 97
81 135
5 158
158 182
122 185
17 148
222 92
85 195
172 187
246 92
52 194
246 104
114 207
170 226
31 224
0 57
70 104
155 222
124 141
203 241
99 102
13 219
67 149
107 140
18 160
89 218
228 174
119 155
25 172
85 233
0 81
55 121
17 144
33 54
200 241
121 211
167 229
9 118
29 67
247 158
241 117
225 82
171 207
12 236
124 202
229 182
84 137
113 214
114 247
246 249
2 48
71 157
65 67
229 223
114 137
21 121
34 61
45 52
162 213
51 77
96 171
18 192
19 111
185 207
40 67
136 153
114 129
102 181
39 131
76 130
241 18
234 219
193 229
232 61
78 161
68 69
57 242
0 194
56 111
221 213
149 180
23 204
14 228
189 232
142 161
111 148
105 191
103 214
140 248
164 207
7 220
76 98
68 129
102 207
19 232
1 174
1 94
229 230
242 63
25 64
115 223
203 238
110 124
197 216
27 136
113 124
28 182
104 171
0 164
151 208
26 47
123 169
97 147
42 62
244 20
15 146
235 203
20 78
75 155
10 141
58 63
61 77
144 210
70 142
222 82
118 188
30 96
27 122
114 120
185 188
179 211
30 164
50 148
182 237
109 230
85 112
87 121
19 76
138 185
228 183
249 35
71 123
126 241
177 196
64 210
46 127
3 155
160 243
228 35
118 140
129 164
22 170
214 247
52 232
73 86
161 163
97 110
5 73
53 78
33 129
52 249
51 227
34 169
20 106
244 108
158 219
36 244
4 142
116 117
45 144
26 139
69 88
72 227
5 149
246 199
48 104
117 130
107 154
225 204
58 196
243 230
70 175
56 184
9 37
60 99
186 190
247 89
127 139
6 76
118 154
200 212
151 241
153 180
44 168
5 107
71 130
200 227
177 227
116 237
68 155
151 156
82 156
52 113
120 133
243 4
57 147
90 123
240 19
64 143
90 189
152 218
240 168
106 111
230 214
220 60
24 160
245 159
101 117
234 225
92 241
56 201
183 198
92 103
126 159
165 204
62 162
80 246
62 193
21 224
113 183
12 104
176 246
150 209
14 140
151 170
97 112
244 172
240 111
184 195
36 144
39 220
5 117
164 216
247 102
165 234
87 233
234 161
179 227
233 129
82 210
35 202
234 35
79 106
1 138
98 173
21 114
192 228
51 245
184 196
13 25
225 104
231 9
56 140
138 169
48 68
220 167
119 134
45 115
89 132
55 230
87 97
86 90
233 155
125 246
111 149
83 175
16 194
5 178
46 64
239 172
244 0
31 146
147 157
23 234
133 156
142 146
101 203
223 135
8 79
69 213
118 133
70 171
67 238
243 28
0 78
148 175
39 57
143 173
73 84
17 133
245 93
0 218
8 186
232 206
93 191
229 187
27 189
93 195
227 74
77 208
79 164
91 112
241 28
225 0
66 110
237 96
175 179
244 37
108 203
52 175
225 59
231 122
152 213
248 185
92 200
249 116
46 238
132 219
202 226
47 211
30 203
5 186
131 171
6 96
154 155
86 198
28 39
104 207
120 212
136 193
41 70
64 109
62 99
237 94
4 177
159 219
246 132
221 200
39 181
84 101
127 129
168 207
3 82
125 163
203 212
24 90
166 202
35 246
186 192
69 227
24 89
231 55
40 221
43 75
247 20
67 176
31 126
11 209
86 108
22 196
56 103
143 148
12 40
176 249
30 232
19 84
70 182
221 210
97 222
155 171
249 170
63 152
33 80
225 168
176 181
42 55
100 236
249 98
155 209
51 175
232 111
137 146
233 207
3 172
208 244
140 216
114 147
75 197
142 245
11 139
190 202
249 103
234 115
0 176
58 66
34 241
21 194
11 114
11 151
59 166
54 246
78 180
223 221
68 225
56 72
66 73
37 95
246 42
245 213
239 97
64 129
33 138
51 64
126 189
138 157
159 215
239 195
87 236
238 212
229 219
234 181
63 96
245 194
72 121
49 70
235 139
74 184
9 81
26 240
35 108
79 213
101 110
88 201
86 113
225 38
71 111
33 146
50 95
215 245
165 172
9 220
190 246
237 188
15 137
3 116
238 0
85 178
113 154
155 229
105 238
104 205
11 51
126 160
61 242
86 237
228 71
10 39
58 211
226 184
241 134
30 217
40 70
100 108
21 100
190 201
79 210
246 139
69 159
26 146
69 178
65 160
62 169
126 236
128 218
81 232
102 167
73 217
184 199
190 222
8 130
206 214
44 143
225 235
180 227
228 188
235 173
106 162
234 65
225 61
231 25
145 173
65 246
101 176
94 207
106 209
33 221
121 170
223 246
25 133
232 184
19 132
173 204
203 220
248 198
164 212
60 241
46 159
153 201
241 50
38 134
27 117
79 200
157 201
104 136
236 2
246 99
21 217
51 221
201 212
240 187
73 119
59 149
145 193
39 80
105 207
53 200
233 70
226 47
92 165
241 130
23 228
17 174
136 229
103 139
10 46
70 249
46 171
3 93
225 146
244 15
137 218
19 105
15 239
166 182
240 104
149 179
22 98
136 174
90 204
226 74
146 163
127 149
246 11
240 65
122 236
21 32
109 151
237 105
36 176
94 213
11 198
19 236
147 194
37 219
15 71
248 101
87 244
67 137
5 150
244 191
145 244
84 145
239 135
28 93
16 93
39 168
223 79
13 111
227 81
46 150
221 191
53 211
173 197
147 155
246 142
105 178
107 223
60 190
44 77
192 205
86 134
159 223
38 41
156 214
239 25
232 129
84 124
127 227
204 229
134 159
78 188
45 50
197 232
120 246
221 32
56 188
46 84
28 148
47 102
216 230
86 145
61 235
78 192
21 164
221 207
139 174
236 156
11 46
111 204
100 208
30 238
232 14
224 68
171 234
99 183
86 147
241 108
225 21
71 140
15 61
46 86
130 210
1 4
164 209
64 177
233 92
94 169
24 97
8 204
37 88
53 155
249 0
196 216
49 175
149 215
11 103
49 107
240 64
71 155
164 192
39 175
125 243
58 139
3 57
11 31
48 133
28 239
177 182
220 25
69 77
45 77
47 245
106 132
21 132
82 141
1 56
162 218
37 157
221 175
91 122
102 215
30 80
4 73
229 133
231 92
27 44
240 125
244 140
0 80
25 55
100 214
15 133
238 156
40 151
227 212
69 166
246 131
14 151
56 176
1 205
80 146
224 154
55 103
248 75
14 93
78 160
228 169
111 156
12 95
1 177
210 214
85 179
223 55
43 186
25 87
67 124
111 208
39 114
21 101
160 178
223 54
8 47
92 132
50 69
187 214
61 93
13 90
140 180
13 212
17 196
161 202
231 171
11 30
6 143
162 231
245 176
75 156
39 137
124 238
74 94
144 147
128 148
157 187
43 158
46 202
129 189
249 171
79 231
104 194
235 146
109 118
247 116
98 221
24 158
105 147
123 124
73 100
228 107
235 198
66 169
80 96
57 192
156 187
228 125
85 173
1 96
42 84
95 119
9 106
146 148
0 22
122 155
36 185
239 214
136 209
71 161
21 244
79 121
17 213
154 244
35 105
20 240
243 226
235 155
66 228
143 164
48 154
235 117
90 143
62 242
111 158
50 130
209 240
179 200
29 182
152 182
18 44
16 238
143 158
101 114
47 177
200 232
236 201
63 206
165 201
6 119
42 203
34 70
106 161
187 209
94 224
95 243
118 249
145 230
21 170
15 35
72 84
188 192
40 96
38 86
62 159
23 70
12 114
68 101
43 55
239 150
4 146
228 26
186 204
224 109
21 64
153 241
224 8
20 223
169 244
107 158
233 197
48 186
9 198
38 82
165 249
238 117
43 181
65 217
16 176
76 122
156 249
91 243
248 89
157 159
91 207
204 213
21 74
115 172
41 75
238 189
16 33
14 30
103 109
81 107
24 168
6 194
81 116
238 57
5 120
92 195
73 170
44 175
127 204
98 164
138 203
40 182
93 192
11 58
52 176
88 169
230 104
150 204
123 168
220 80
90 159
112 147
231 52
20 197
237 49
81 166
171 223
13 62
30 175
157 165
10 69
56 68
134 207
91 201
43 223
28 105
81 104
237 149
240 140
228 193
241 199
240 124
230 67
237 216
137 214
238 6
227 14
154 222
80 182
183 216
174 229
201 211
29 238
107 211
220 219
170 200
34 200
97 132
19 47
140 234
85 98
92 110
236 84
248 80
112 197
170 234
60 123
4 35
98 196
247 184
140 224
8 179
101 167
190 239
228 105
234 62
73 149
26 177
0 202
15 222
157 216
226 109
58 68
62 164
91 229
230 51
127 242
194 223
34 73
49 210
238 154
12 230
75 176
52 85
83 219
20 228
19 90
223 84
235 122
58 106
246 81
48 61
11 95
35 156
155 167
28 79
227 248
21 40
24 93
4 32
18 31
232 71
100 177
66 74
4 216
234 71
62 105
137 173
104 233
94 138
113 217
12 225
19 230
85 105
17 201
64 74
245 140
163 238
109 117
111 236
118 192
95 97
117 190
151 245
93 116
61 126
197 217
169 185
9 41
166 173
226 66
228 85
233 31
113 194
68 215
19 30
159 172
71 105
237 69
59 80
65 231
126 154
103 201
113 131
28 134
221 54
228 128
242 125
226 147
19 77
87 152
61 97
22 24
232 57
93 111
220 222
135 245
221 151
221 247
245 246
50 112
76 129
112 217
50 64
147 244
44 186
78 104
100 193
129 246
50 123
28 138
76 224
0 82
247 132
137 149
73 91
2 223
145 202
165 207
76 225
70 169
51 134
226 44
19 40
229 85
109 164
154 219
80 94
80 98
73 133
42 224
94 158
197 234
65 154
49 126
238 103
159 199
237 138
247 170
116 242
53 168
97 165
97 189
52 55
52 134
72 85
88 172
118 200
248 90
181 192
13 114
126 129
182 206
28 237
44 246
234 243
109 214
68 167
163 197
88 165
227 78
70 120
233 209
188 243
100 141
5 54
245 102
151 228
17 75
221 235
224 90
114 218
16 48
86 173
110 158
20 77
231 130
40 65
128 235
8 73
242 159
241 53
31 81
227 183
123 171
71 98
22 143
37 121
42 117
74 175
232 125
9 44
211 246
77 146
198 214
24 51
75 118
86 184
231 85
138 207
48 98
55 122
133 197
88 124
85 171
51 232
46 52
71 191
20 72
22 70
33 48
47 144
47 200
197 224
27 72
230 89
230 79
68 125
28 129
229 73
21 185
103 180
244 82
236 130
227 4
102 220
32 87
14 157
229 93
130 217
246 183
245 105
72 90
33 245
160 204
16 159
42 104
221 13
79 146
41 121
132 175
133 178
149 183
225 79
115 171
4 190
18 69
13 201
96 135
229 158
27 152
50 238
49 163
109 157
239 141
231 179
223 228
6 34
186 245
227 131
169 173
152 156
50 120
227 196
197 219
230 152
168 219
39 140
63 83
76 209
245 101
45 218
81 244
95 118
0 242
248 175
140 243
59 106
235 16
225 191
72 148
10 244
85 219
236 176
83 118
15 59
71 122
15 47
140 209
70 243
194 202
9 75
35 99
29 204
161 221
126 225
241 142
152 168
83 245
148 234
155 220
0 8
159 188
191 226
161 232
94 219
77 241
161 184
145 172
238 134
40 126
232 65
73 132
83 147
77 153
247 139
232 178
41 231
97 157
239 116
15 20
123 202
153 243
191 227
136 185
236 218
199 235
61 193
212 249
176 237
54 211
96 206
189 242
234 55
108 210
181 245
10 220
21 96
17 234
225 239
34 199
46 192
199 236
69 235
101 184
233 175
127 163
223 160
19 50
5 144
245 31
1 202
131 172
98 157
88 203
39 207
222 71
245 23
205 247
37 80
110 245
11 108
61 204
67 111
23 77
13 103
225 92
224 217
249 168
32 158
31 236
76 167
50 91
86 168
158 210
248 159
139 219
241 101
70 113
57 99
90 192
12 217
27 218
87 200
119 242
142 228
223 155
105 150
239 169
124 166
78 171
126 162
36 100
0 88
176 223
161 238
14 215
28 189
121 241
17 81
7 28
16 83
78 135
159 233
86 125
162 249
239 20
227 80
7 212
112 175
13 204
21 63
246 62
64 202
44 164
29 114
223 114
229 227
73 218
5 102
125 185
231 227
55 88
14 155
131 144
19 198
78 222
72 141
63 207
222 241
93 227
151 199
18 231
102 158
84 169
242 11
53 217
60 219
54 120
138 160
144 187
108 214
108 162
249 137
220 28
93 174
247 69
248 77
27 183
92 131
146 150
63 109
17 193
45 192
7 164
29 203
103 209
32 209
247 230
221 135
104 107
12 174
27 162
64 164
78 170
235 227
191 242
88 235
51 243
167 209
95 143
74 222
108 144
51 82
165 197
120 235
2 67
170 211
167 207
118 123
246 196
229 60
39 230
67 190
179 240
215 236
6 160
110 173
233 32
146 152
29 66
4 12
94 152
239 75
35 215
5 134
144 229
3 204
42 139
70 248
83 84
236 165
220 107
60 97
228 203
40 137
246 59
75 100
106 220
97 168
229 185
46 164
96 97
100 216
108 194
89 134
34 59
49 219
9 164
63 249
154 248
223 83
63 133
80 168
204 207
67 179
1 11
133 195
72 218
19 181
160 209
240 138
8 114
116 189
139 149
116 225
40 118
143 172
88 153
151 182
64 179
38 112
1 128
211 236
26 194
242 67
49 73
120 125
133 188
238 198
13 80
8 105
42 227
237 95
232 1
22 36
54 154
29 126
33 61
124 170
85 166
230 220
16 65
44 231
221 78
26 126
141 229
58 85
4 111
232 173
93 197
75 164
112 115
46 108
138 219
108 166
21 143
126 230
169 235
97 160
26 192
1 159
31 134
150 165
88 140
59 211
248 65
25 46
109 246
220 99
52 219
135 227
80 126
75 148
49 142
162 185
245 148
164 203
229 186
128 156
248 200
90 164
240 88
125 236
225 8
89 202
104 216
161 240
132 213
238 129
241 177
128 149
61 108
37 189
244 189
20 153
51 109
37 164
59 110
51 67
90 179
115 183
124 226
1 119
139 210
75 130
60 92
235 71
245 20
34 174
7 178
17 203
139 185
126 141
74 144
41 62
87 117
76 184
89 195
35 225
66 175
71 162
49 198
230 234
47 113
225 189
163 218
53 233
97 138
71 127
209 230
229 5
95 150
56 141
229 58
6 147
1 29
83 184
25 115
204 205
231 26
108 182
81 154
69 103
73 233
22 212
77 96
91 190
35 243
234 158
23 194
244 117
246 88
229 109
109 172
88 133
111 186
118 224
155 180
98 117
52 70
126 130
241 48
239 60
196 201
0 33
81 95
104 184
242 115
66 167
178 213
10 45
161 223
3 52
79 193
226 62
45 155
241 33
27 103
55 57
223 76
20 176
236 96
226 169
228 147
245 53
63 248
109 132
232 142
172 219
77 212
236 179
237 108
83 178
249 131
221 86
36 91
4 161
59 214
246 77
229 179
154 225
52 202
246 58
221 79
193 215
42 171
93 140
244 38
21 180
7 189
17 31
232 152
16 18
237 119
111 123
38 188
137 156
57 138
1 156
8 176
103 145
220 218
35 52
45 236
86 222
230 121
2 112
54 127
182 234
241 115
0 3
224 169
134 205
242 177
23 208
160 191
181 185
49 88
248 114
243 146
2 88
61 215
226 114
149 193
143 232
106 196
197 229
104 210
49 130
167 171
125 147
34 43
13 89
243 54
92 172
62 70
122 192
31 75
63 123
24 197
6 49
128 247
235 53
59 220
70 118
40 63
10 132
247 92
36 139
58 119
34 71
22 176
247 35
114 115
15 57
243 77
62 151
70 77
228 244
123 147
229 102
134 209
31 34
30 151
33 212
155 225
41 114
62 200
77 91
6 99
31 201
92 228
60 62
243 76
186 196
72 200
12 34
128 175
180 213
108 224
128 191
1 84
84 185
222 72
48 55
167 210
74 92
20 206
25 29
134 185
59 145
220 89
238 142
160 175
100 197
25 34
117 122
43 189
124 154
72 198
30 242
220 207
81 114
44 174
1 160
39 151
120 152
52 199
89 178
45 163
100 195
62 121
20 229
65 144
172 212
172 177
47 122
75 123
228 31
113 223
28 136
54 152
57 248
112 158
115 173
63 196
28 92
21 154
42 150
64 214
11 19
232 236
153 248
181 244
158 161
234 135
242 165
161 171
103 175
98 161
83 237
249 15
4 218
113 137
5 128
72 197
26 215
237 200
96 243
121 196
12 44
14 233
112 133
127 153
244 49
51 107
244 217
27 134
80 124
33 125
222 204
30 111
53 143
34 53
74 118
32 238
58 147
216 234
51 187
217 231
106 123
66 98
158 202
8 191
2 131
97 156
120 165
137 221
166 229
13 37
22 234
115 133
57 148
175 201
39 135
1 234
63 98
18 144
134 153
2 104
128 151
247 121
195 213
19 108
76 80
204 215
97 117
16 170
223 93
169 207
110 166
221 17
54 75
153 242
101 220
13 106
20 188
49 216
134 179
243 107
159 228
158 211
230 179
24 187
233 91
117 222
247 173
85 149
6 66
75 115
113 189
27 131
106 180
48 88
237 59
171 179
209 245
169 216
189 218
77 165
11 222
217 236
24 128
43 221
37 118
103 168
140 196
99 126
30 44
166 185
18 116
176 178
57 208
178 238
227 194
145 167
38 129
42 109
92 179
40 174
32 83
60 130
107 133
230 158
17 228
233 33
43 49
51 125
233 38
108 140
86 216
235 133
57 209
134 236
99 171
226 63
51 219
229 72
136 231
103 196
69 158
226 189
5 200
247 210
184 211
232 154
15 75
25 98
246 72
124 158
107 184
61 148
20 130
16 237
225 188
139 217
27 239
83 96
244 150
234 194
247 147
68 92
248 219
44 138
17 48
59 249
14 43
242 20
113 116
14 131
245 139
35 131
73 163
104 115
221 35
135 167
51 88
20 214
22 115
180 224
201 249
9 128
115 235
79 156
209 244
52 115
141 244
68 218
32 245
221 119
118 198
153 185
85 113
151 212
14 94
233 109
41 159
30 243
15 218
46 208
223 188
241 212
1 78
84 87
153 158
7 222
105 182
20 145
238 179
35 62
55 71
220 140
33 115
117 173
15 210
241 46
182 205
26 181
138 202
141 142
129 200
9 27
148 244
33 130
79 191
129 208
238 158
198 236
19 206
19 22
77 88
161 207
16 204
132 182
84 170
246 34
2 217
64 85
32 159
77 113
114 236
248 74
18 64
29 48
233 221
1 221
220 231
70 183
232 153
235 46
5 36
227 139
56 87
190 228
229 233
239 0
13 145
118 217
235 192
30 246
65 86
39 156
46 201
56 157
56 90
60 113
116 179
233 72
64 223
204 231
1 136
78 84
41 210
222 156
231 206
86 104
82 150
6 137
158 168
167 177
106 183
110 133
21 221
120 183
50 183
240 142
223 125
58 153
245 238
247 4
2 97
14 104
237 82
32 46
7 36
29 92
248 218
67 161
243 29
185 194
238 44
5 234
203 214
246 111
29 187
229 142
21 213
131 209
36 113
2 153
240 103
169 218
140 241
14 167
169 245
238 98
23 166
233 156
158 225
134 154
112 113
24 186
101 164
123 182
224 203
117 147
221 215
69 134
18 208
60 93
119 204
224 98
1 173
29 104
13 179
215 238
201 209
233 148
228 52
42 111
7 45
116 161
10 159
233 102
160 202
40 211
77 120
12 100
2 117
225 151
89 219
77 220
115 228
162 177
27 70
18 233
16 32
115 224
230 102
0 175
248 141
3 158
241 209
11 76
245 78
236 120
125 180
214 216
53 193
26 229
222 24
174 216
69 73
7 161
92 220
100 213
236 200
246 8
64 146
81 97
1 203
224 43
248 177
48 164
81 217
247 87
21 208
16 94
222 143
49 173
59 157
83 214
38 59
9 131
229 238
224 33
2 174
21 192
227 169
227 57
83 115
12 135
87 112
48 191
91 173
89 173
70 200
2 214
78 97
42 192
89 171
1 161
100 235
74 203
202 230
235 142
32 123
123 237
12 89
178 234
222 142
53 163
64 106
168 175
102 248
223 14
102 210
155 188
112 155
203 207
165 190
119 122
231 196
5 114
245 204
157 234
234 141
23 241
116 145
213 216
168 206
177 179
134 191
49 53
54 64
26 233
127 210
133 230
3 98
111 228
97 213
247 191
238 200
99 202
42 73
122 167
106 228
98 166
228 141
131 222
53 131
165 231
245 122
143 185
76 188
73 142
108 219
108 127
7 22
109 137
89 211
117 180
221 2
224 193
208 231
6 199
161 247
109 194
33 76
156 191
67 118
156 185
235 136
10 204
71 199
120 131
222 96
240 107
16 103
182 227
234 184
249 149
239 56
7 240
45 182
66 128
0 62
179 243
65 171
86 215
101 175
86 128
72 217
97 175
127 247
20 33
63 186
243 116
5 136
137 174
20 110
218 243
145 187
242 216
93 210
105 140
229 203
249 215
21 133
56 246
6 165
133 150
45 88
241 106
110 157
107 201
238 135
172 193
10 110
67 178
66 108
15 99
238 85
71 144
142 224
19 71
82 93
140 158
109 202
100 180
82 246
172 217
199 249
224 117
71 180
247 25
3 108
80 122
12 157
7 64
43 104
233 112
224 17
25 178
40 149
26 241
154 188
10 175
138 140
37 105
41 52
149 232
102 136
110 197
83 169
26 208
22 209
152 201
64 194
247 7
48 67
231 214
51 55
110 164
83 135
148 193
149 245
249 28
57 141
64 185
106 114
9 63
89 165
103 208
180 231
21 69
226 72
85 144
58 205
43 129
12 232
116 124
9 210
124 205
32 166
229 2
78 91
49 74
130 132
14 87
234 14
222 200
10 240
192 204
8 19
33 63
67 208
62 238
25 176
90 216
220 145
107 160
6 204
111 235
229 30
108 109
122 171
13 159
47 150
76 171
5 112
221 20
226 78
147 213
71 156
225 1
201 218
74 90
78 83
27 34
53 84
76 132
22 114
89 201
160 194
80 108
143 225
207 217
91 219
24 185
66 202
129 201
247 193
159 202
120 177
223 27
99 140
25 223
41 235
119 147
108 234
37 193
94 95
242 161
37 109
158 188
31 50
17 245
231 172
249 151
172 203
91 245
25 37
214 237
6 98
7 232
68 165
114 191
217 232
4 132
225 134
66 143
103 156
241 131
3 130
61 129
19 226
118 238
80 234
52 87
238 10
5 189
45 137
67 123
32 192
87 182
239 203
41 68
1 101
11 52
147 219
65 102
35 89
183 207
220 249
4 22
10 23
245 64
233 169
48 157
234 116
166 191
32 84
80 206
53 114
91 168
6 142
222 195
10 59
54 176
228 209
11 211
127 154
54 249
127 152
37 156
233 210
66 91
109 126
56 189
40 198
40 195
236 180
228 129
81 175
238 160
208 242
50 59
134 200
35 100
3 123
6 222
117 237
4 57
157 238
90 135
63 144
247 187
69 243
42 157
157 197
124 209
74 236
26 249
11 72
76 181
30 137
220 246
170 189
88 112
106 124
27 35
61 206
83 209
9 189
76 166
98 191
