83 185
52 121
138 145
33 75
83 148
190 155
119 159
86 119
180 191
59 145
83 173
16 147
146 158
195 173
18 31
19 124
132 166
119 175
92 164
3 63
4 193
37 114
38 65
92 123
32 85
161 162
76 162
48 93
198 19
59 195
196 78
104 116
12 71
94 149
180 185
99 121
3 162
34 163
101 105
58 147
118 145
193 60
192 97
79 105
37 112
16 90
68 101
48 129
3 116
141 185
67 169
127 164
61 111
15 177
24 178
38 59
58 154
66 187
4 85
96 108
35 46
198 172
111 181
61 149
165 176
68 196
22 53
80 180
135 199
36 40
61 162
22 101
60 156
67 81
5 94
198 140
22 29
59 92
46 172
19 50
39 95
9 62
63 157
24 76
24 113
8 169
190 123
84 86
118 162
83 195
78 111
1 198
51 154
7 61
20 65
14 60
24 164
99 149
116 122
75 151
20 62
66 90
95 125
80 189
162 186
137 141
83 93
108 122
10 142
48 107
64 118
197 77
90 148
40 128
21 139
130 140
3 139
110 129
64 128
69 109
167 185
38 55
91 118
23 193
67 184
54 94
29 138
127 178
20 68
127 145
15 69
33 188
25 73
140 144
107 113
63 116
0 114
25 105
99 110
38 104
197 3
22 177
136 186
125 172
191 105
103 134
198 166
13 58
190 139
152 177
27 107
101 174
77 93
36 104
52 187
68 167
77 120
6 184
139 193
111 134
199 125
199 97
27 125
61 146
18 195
49 55
94 96
192 193
35 100
33 46
43 49
190 2
12 175
101 131
21 171
197 180
13 134
95 134
124 191
15 176
197 187
95 133
85 156
196 29
20 103
10 73
64 195
114 173
84 87
107 135
2 31
126 198
63 158
1 175
31 154
129 188
61 110
22 136
48 56
24 167
33 179
31 37
127 141
198 2
5 108
158 166
59 142
53 165
28 199
91 161
160 176
73 169
23 88
148 177
67 121
6 73
9 132
132 134
46 99
27 161
63 93
24 163
121 169
74 79
78 129
1 122
31 92
42 61
53 98
16 66
78 190
21 104
55 164
134 195
55 154
39 189
17 83
43 140
83 162
15 171
102 113
59 124
63 128
150 183
12 104
195 60
70 109
112 145
15 129
133 195
144 162
169 198
185 189
16 45
74 77
191 35
116 131
12 22
43 171
18 184
191 26
68 123
196 147
55 110
12 13
56 155
28 61
18 41
104 142
17 129
21 34
24 149
6 108
153 160
31 32
90 130
4 71
128 132
197 120
44 113
5 89
29 187
25 31
3 9
20 114
171 197
195 9
18 107
133 161
71 162
15 179
54 199
109 180
149 160
23 174
25 38
90 197
174 191
157 180
5 20
69 189
198 174
4 108
20 28
46 158
193 135
106 197
97 185
190 160
3 144
40 142
29 99
93 149
193 94
26 42
141 196
26 107
30 57
79 111
96 148
113 167
2 50
153 164
127 197
52 134
110 116
34 144
48 115
57 177
28 97
76 107
19 114
52 72
185 187
52 133
0 86
74 83
13 175
33 173
43 191
62 194
98 116
190 4
18 178
21 30
11 90
29 72
190 172
190 64
7 18
7 40
49 164
23 181
42 83
66 83
83 118
9 43
198 81
39 99
85 123
177 185
22 141
34 50
122 184
65 125
197 108
1 29
141 169
93 143
195 144
51 80
96 179
23 116
190 74
90 128
24 96
107 146
157 194
143 152
51 94
16 67
29 67
3 27
70 185
87 129
20 86
85 151
23 61
7 95
139 159
17 85
197 39
25 37
87 186
28 154
1 178
79 198
24 70
88 172
4 156
95 100
96 120
20 67
42 184
194 36
44 197
195 106
143 151
108 169
69 126
90 163
34 153
70 161
24 111
150 175
11 47
72 158
135 160
50 168
13 94
191 144
30 81
44 65
59 95
75 141
5 173
13 102
9 183
49 144
197 14
11 99
164 192
4 159
22 186
27 34
66 143
106 150
63 82
35 111
192 37
13 141
130 170
96 151
190 20
186 194
13 165
14 73
78 138
40 76
196 164
194 121
77 130
196 152
12 192
117 153
120 198
193 144
63 134
105 157
199 34
33 116
5 57
52 128
38 73
9 184
104 154
94 125
113 179
36 90
20 46
15 89
120 175
129 162
13 164
41 123
84 135
7 62
58 165
22 143
82 137
64 184
50 134
0 117
123 180
151 168
192 68
105 168
196 117
13 182
136 155
35 107
199 64
59 168
13 50
121 141
22 40
69 190
60 94
190 94
108 181
120 163
88 151
45 136
30 176
99 170
42 131
118 186
45 163
123 140
115 165
192 181
34 75
156 178
110 113
134 190
122 132
21 70
98 180
38 154
14 199
116 199
21 174
195 127
31 137
2 84
174 179
136 167
12 170
195 138
2 63
123 186
15 128
121 173
90 125
47 136
63 131
48 85
60 166
33 148
197 159
59 91
61 185
90 136
90 107
32 197
178 181
22 180
74 197
36 150
68 125
6 14
94 107
7 45
83 91
109 140
138 154
21 91
45 149
7 198
65 92
190 92
71 181
8 102
12 183
199 169
24 136
114 140
121 161
198 127
27 183
12 139
115 118
61 72
17 78
23 52
108 127
114 156
16 20
48 199
58 88
38 97
108 124
193 145
92 145
143 182
198 40
8 55
194 93
199 129
65 196
28 115
58 82
51 199
23 39
67 107
91 92
40 171
49 68
173 182
14 161
47 198
22 144
21 128
95 96
86 189
31 49
28 176
14 128
193 54
28 118
133 169
155 183
139 152
192 133
113 150
98 198
190 60
21 148
72 81
156 161
31 111
9 84
161 175
31 39
20 82
93 133
56 142
31 158
154 184
53 66
127 179
65 160
72 157
134 196
37 147
32 132
19 89
133 148
103 165
194 159
149 182
61 157
64 67
113 159
30 180
39 122
74 125
118 195
90 110
12 101
0 88
33 45
24 52
22 28
40 173
2 89
21 108
44 98
4 120
11 164
118 132
101 138
16 104
98 187
60 105
159 173
68 89
10 137
58 77
85 110
192 115
23 99
8 25
19 47
163 171
25 158
197 16
13 151
4 178
40 42
55 124
177 183
10 36
90 106
7 87
32 117
47 84
139 146
23 159
76 185
49 83
45 196
65 126
49 194
25 115
20 137
29 53
139 157
50 188
79 177
48 78
124 140
56 105
23 113
133 177
55 56
53 63
63 99
88 110
124 190
161 172
152 161
114 186
103 125
3 110
109 123
12 184
8 81
5 9
123 158
23 196
23 187
193 182
135 187
19 92
23 65
115 149
93 166
159 162
61 190
61 117
78 113
16 122
22 59
32 181
43 114
15 126
152 164
85 97
83 130
9 153
116 173
72 107
19 41
14 37
197 158
35 198
199 40
94 122
122 141
27 143
43 71
193 152
5 159
59 180
4 139
90 192
7 93
111 120
86 99
30 89
2 92
150 184
7 22
54 70
43 59
3 101
45 61
28 155
90 124
26 192
27 106
72 197
196 61
149 198
103 173
20 153
12 84
15 16
195 8
110 140
194 90
196 37
91 156
178 182
191 107
37 153
64 150
71 108
3 65
85 138
134 138
10 180
84 110
22 23
45 183
148 191
20 171
160 175
62 98
133 138
125 177
99 194
16 24
13 75
17 148
196 172
105 182
96 111
42 50
198 119
63 109
169 180
25 29
7 8
31 131
156 159
195 116
54 89
169 170
108 130
45 53
131 198
14 192
12 95
12 79
23 104
190 197
191 179
46 53
41 111
83 193
12 26
13 136
12 91
81 122
33 177
29 97
160 191
48 91
56 95
56 60
42 191
84 147
27 117
54 126
105 116
83 178
123 189
192 38
100 148
75 175
23 108
144 145
66 189
52 191
124 157
65 147
15 62
193 143
26 78
45 162
102 131
82 190
79 122
113 143
157 181
79 164
95 188
73 131
74 137
109 118
51 121
3 24
38 43
16 159
46 196
92 98
51 188
1 68
63 137
11 190
75 155
32 114
85 173
136 153
20 42
88 129
198 87
40 79
69 93
196 143
25 174
69 175
81 95
41 178
6 96
75 176
20 174
99 111
68 178
16 19
117 195
8 57
49 153
30 32
4 149
6 100
66 145
123 159
158 199
15 75
53 154
80 156
42 97
51 68
134 135
56 111
37 78
62 123
75 177
76 96
89 129
45 50
40 126
93 119
47 154
37 199
154 168
47 58
44 91
107 183
180 192
12 122
13 159
1 14
158 164
20 105
69 117
70 150
23 177
34 119
64 75
92 103
194 23
2 88
31 51
82 138
43 189
61 148
44 188
123 136
160 184
81 183
74 143
39 146
133 190
132 146
6 44
71 154
197 136
30 174
125 159
8 24
46 89
156 199
130 185
25 111
34 82
43 61
69 143
46 180
17 63
3 193
191 49
37 84
55 177
48 119
90 187
194 143
193 113
77 168
26 166
113 180
43 70
167 193
166 192
112 116
121 180
34 52
60 115
50 155
137 162
129 160
92 183
24 168
79 189
197 147
158 184
153 157
198 178
20 95
190 63
7 129
18 67
2 161
54 128
190 119
20 59
194 42
144 184
50 97
12 129
2 187
36 122
53 176
193 85
162 180
122 158
107 163
81 172
18 118
59 147
47 55
46 170
50 186
67 99
128 144
193 55
198 116
111 128
106 175
56 107
191 48
98 150
32 180
64 82
19 172
22 27
81 93
28 103
17 138
24 49
51 182
11 51
145 166
42 81
82 113
101 170
19 170
138 179
146 186
168 180
112 162
199 197
86 162
24 158
74 88
37 43
6 141
85 93
32 169
97 107
99 193
122 157
66 194
35 104
68 107
101 129
77 187
59 118
36 83
73 102
116 144
12 118
6 95
157 175
96 174
71 116
1 61
57 115
194 43
126 139
174 194
15 30
41 136
191 11
41 195
7 36
15 143
120 160
14 132
190 42
74 93
93 124
93 117
48 196
77 146
38 186
44 64
38 162
8 85
49 187
56 170
27 59
75 114
68 168
85 90
195 109
93 135
163 191
57 63
91 132
77 151
97 140
101 135
88 185
2 145
198 23
23 102
37 119
60 159
32 88
194 134
43 81
24 29
82 172
194 45
122 149
49 56
149 190
40 106
48 145
6 17
146 159
194 76
197 164
8 71
140 173
138 139
37 97
60 198
161 196
45 100
153 166
47 147
59 122
192 89
41 186
195 194
52 176
198 42
109 132
121 151
82 156
128 182
114 148
101 199
109 124
12 138
36 57
103 155
164 191
107 185
88 100
22 82
116 120
79 162
173 186
4 68
14 167
19 88
55 144
5 54
172 174
83 169
122 125
5 37
195 163
112 130
68 129
142 182
38 122
34 160
4 74
2 16
2 4
29 65
96 152
46 192
59 148
82 104
80 171
52 104
35 94
55 184
52 107
33 57
180 181
86 195
46 127
66 135
52 147
71 168
50 156
56 115
68 78
0 116
162 179
0 139
14 75
157 184
1 156
70 140
193 39
1 106
189 191
15 169
131 132
9 131
61 139
115 136
98 143
0 197
196 59
36 79
92 124
57 98
192 154
28 53
85 172
82 100
47 86
53 120
17 19
13 82
91 188
36 85
14 104
192 153
4 31
134 145
124 151
90 177
3 33
36 97
4 191
7 127
74 120
197 160
8 109
31 171
56 183
132 189
61 144
53 80
148 161
74 136
198 155
196 111
19 164
47 148
93 106
14 143
14 46
79 154
11 184
139 171
51 61
73 107
95 167
12 74
5 130
180 182
59 105
91 124
0 3
39 179
102 191
96 154
61 104
25 34
78 157
191 2
17 25
58 81
35 142
66 92
76 188
29 143
52 172
19 33
76 99
129 197
68 98
39 152
148 153
57 125
67 126
17 175
6 99
5 95
102 116
16 78
6 45
73 90
12 32
16 108
2 126
184 190
52 89
102 120
139 170
15 168
87 131
76 92
55 84
4 39
60 103
2 137
64 65
9 196
192 54
21 184
129 173
31 181
20 84
67 185
16 143
5 134
63 72
24 142
72 126
20 40
83 114
65 72
88 131
141 194
14 53
199 93
196 11
55 180
19 186
190 17
124 167
54 93
126 178
199 90
47 71
30 165
86 190
64 120
138 159
90 169
97 188
44 53
136 156
84 169
0 26
103 174
106 189
37 169
1 124
61 103
85 166
50 177
25 100
47 185
191 152
4 182
8 90
107 126
39 113
30 65
139 198
57 106
50 187
45 115
15 86
5 131
196 76
14 89
191 159
54 55
43 72
145 182
15 184
42 46
6 174
31 117
18 175
44 180
5 179
26 114
110 134
72 94
195 171
7 177
6 72
130 188
3 176
198 80
47 183
6 125
50 106
1 184
65 115
82 84
7 172
107 110
52 177
64 110
52 69
70 101
0 163
12 155
68 183
144 168
88 181
43 89
15 44
133 168
27 127
14 156
63 167
103 188
41 104
92 148
112 117
48 52
38 45
7 23
51 165
45 52
5 152
60 79
81 150
29 93
193 2
150 164
7 190
66 195
23 90
75 173
89 174
23 130
72 79
107 187
32 60
58 146
52 182
34 175
60 95
78 197
58 106
168 199
13 181
43 80
192 127
64 178
11 178
79 142
65 149
15 140
193 93
162 167
13 161
59 80
54 196
11 26
13 57
115 131
43 62
166 196
197 125
17 43
199 127
126 152
32 125
50 111
88 138
118 193
149 161
46 82
53 111
25 155
24 110
31 176
160 171
8 18
151 194
119 195
33 74
7 144
39 53
20 121
8 58
14 51
66 168
70 95
15 60
95 145
168 193
158 192
177 186
184 199
19 27
116 124
128 129
68 105
152 182
77 105
24 99
104 174
125 137
59 109
14 196
40 69
25 63
63 76
192 52
21 107
166 187
52 184
30 131
78 189
44 184
107 118
30 82
89 186
137 183
43 155
168 179
110 195
24 124
103 145
151 166
106 173
15 48
51 119
107 182
137 191
117 155
7 56
60 72
35 195
129 179
199 68
16 139
34 145
160 192
68 92
164 168
9 71
57 190
17 121
26 35
23 109
146 198
3 78
15 111
59 167
53 78
51 157
22 142
62 74
104 190
131 168
20 149
61 191
79 157
118 170
16 191
12 120
198 11
56 196
8 87
60 174
105 176
141 182
17 182
100 128
8 139
106 182
91 152
85 186
140 167
103 111
42 187
88 166
191 145
47 172
129 172
175 198
24 105
56 118
2 3
45 60
136 190
105 158
24 93
194 126
118 129
89 96
145 159
36 48
112 139
195 140
27 137
33 139
15 49
37 136
79 118
56 66
41 60
86 150
191 78
158 179
4 183
12 31
33 42
31 134
44 90
11 38
32 92
3 128
6 19
28 163
47 77
20 133
10 189
124 136
21 22
16 128
27 196
31 125
91 179
160 193
199 15
46 135
125 161
163 173
155 165
44 137
181 195
105 163
28 145
172 173
27 42
80 109
19 54
59 125
68 193
86 177
164 177
104 181
39 121
29 128
100 117
56 184
13 171
129 184
89 101
117 143
22 44
104 155
65 165
67 163
53 178
67 138
169 177
45 51
17 76
136 140
12 64
3 150
91 171
116 127
89 104
39 112
112 192
10 61
18 167
2 40
4 49
64 167
132 191
6 91
8 112
45 90
199 87
21 29
0 22
170 185
9 181
106 141
173 175
45 153
166 183
4 157
24 193
191 50
107 122
18 28
137 140
81 147
32 76
8 37
27 157
49 114
0 136
95 130
16 65
116 135
157 179
48 67
192 155
26 70
143 168
37 101
28 194
66 140
54 161
129 133
7 60
14 117
62 181
23 26
1 129
58 137
150 163
51 185
94 144
65 133
146 179
81 179
28 80
134 166
96 128
20 160
71 153
106 133
87 145
101 160
117 181
4 86
79 170
193 170
51 87
7 114
107 147
66 101
34 60
26 164
21 53
116 154
104 169
192 184
73 190
26 94
49 176
50 183
71 111
120 150
167 184
10 116
196 105
73 156
41 87
113 133
11 197
128 131
54 133
16 100
100 103
20 79
128 175
64 133
51 66
140 188
5 158
44 49
61 150
194 65
177 182
64 90
199 30
39 139
57 72
34 155
74 178
3 29
64 144
8 163
59 71
132 164
60 124
24 198
19 180
193 5
15 110
190 187
190 84
193 159
144 158
77 124
27 186
18 89
23 100
124 195
58 134
52 62
43 90
12 14
134 156
127 190
103 109
67 165
91 115
55 174
48 181
83 166
42 180
53 177
69 79
24 145
98 169
116 177
44 167
14 88
134 165
78 133
111 126
15 145
20 169
73 135
84 100
5 63
30 114
104 192
49 182
14 20
54 172
191 150
11 131
84 174
24 175
127 194
104 179
120 141
191 171
161 190
33 43
26 180
71 170
59 78
42 133
192 117
197 42
86 173
190 1
44 151
139 178
21 144
71 92
57 64
25 185
71 119
32 118
117 178
41 179
58 96
11 139
36 151
107 156
90 129
4 6
9 157
77 136
13 125
191 136
13 66
10 157
46 168
61 90
71 90
16 76
110 145
72 141
162 174
122 179
130 142
73 105
18 138
45 124
65 144
113 173
98 196
7 189
195 84
164 180
41 147
26 81
50 99
94 189
12 82
6 182
125 131
28 102
149 175
123 155
27 95
197 144
37 60
11 73
85 129
59 179
114 145
157 186
193 11
92 147
36 136
165 193
4 186
5 98
39 42
102 186
192 102
24 33
93 188
17 157
17 70
12 167
7 113
195 68
85 125
147 181
62 193
143 167
192 172
71 160
29 125
171 172
109 134
13 160
14 83
26 137
51 147
169 171
81 111
195 14
46 111
78 115
47 78
93 172
43 163
198 63
79 166
185 195
44 193
20 134
109 148
150 180
89 196
123 138
14 177
183 189
196 103
143 158
154 165
156 168
112 167
95 115
16 31
0 155
29 164
167 175
194 118
53 67
104 141
142 175
6 128
6 192
104 178
51 169
111 119
31 115
40 49
194 6
48 135
40 129
30 124
98 168
160 172
103 118
21 149
75 135
63 179
153 197
199 141
49 121
10 49
43 98
50 169
75 131
17 192
123 137
52 170
67 97
79 123
63 143
0 160
101 191
29 112
40 153
47 171
34 79
161 182
17 191
91 192
57 195
95 164
78 193
176 177
124 141
7 199
17 60
191 169
72 128
29 61
50 160
196 140
23 156
109 162
197 63
72 179
20 96
191 166
62 159
120 183
120 147
10 112
57 157
160 162
50 60
16 157
16 123
35 41
77 81
142 185
1 22
4 153
117 159
60 154
193 180
4 64
61 183
70 110
45 49
39 140
111 162
6 170
138 142
52 95
81 105
31 55
109 165
176 198
116 175
84 152
150 165
108 193
24 199
31 76
195 150
141 143
198 66
132 199
51 72
99 125
164 188
63 154
193 72
56 157
46 98
42 121
7 140
69 165
13 162
51 124
133 187
191 76
123 196
165 178
112 170
43 107
94 156
67 161
32 103
54 191
104 105
57 81
43 152
56 83
47 103
171 178
0 81
115 150
31 46
46 151
114 181
42 79
57 126
24 48
2 56
33 91
99 179
97 133
30 102
146 194
6 98
5 145
1 116
37 105
46 164
109 167
129 177
42 151
66 154
97 115
5 109
105 144
27 153
196 137
11 68
93 181
130 152
65 95
13 68
71 112
37 76
89 194
75 118
113 177
58 95
199 55
25 138
23 123
120 158
38 181
72 133
1 101
79 143
26 52
147 193
15 183
86 142
199 187
8 96
33 51
116 165
31 79
193 177
80 157
38 157
57 188
192 36
190 99
174 190
60 196
197 123
85 108
10 37
66 67
190 47
26 32
87 141
5 183
39 52
192 10
112 115
144 179
27 85
115 132
4 109
62 165
25 32
72 82
19 125
18 140
67 162
12 197
60 102
97 155
9 115
194 119
1 79
26 89
108 161
174 184
118 155
43 179
40 167
91 172
104 144
40 47
120 196
193 0
134 184
112 156
199 13
59 163
21 177
57 152
25 135
192 135
74 148
196 125
197 37
114 137
38 112
47 144
42 122
66 151
47 123
85 159
143 147
0 5
98 112
144 148
9 51
194 30
109 190
114 154
51 92
61 121
2 109
126 176
9 14
0 115
69 96
31 63
1 123
31 89
85 136
126 172
55 118
199 126
92 122
0 20
196 145
28 123
197 69
199 131
35 188
36 130
12 134
54 79
18 29
29 57
63 81
88 142
8 159
57 84
14 81
87 148
196 19
146 189
38 99
11 62
75 156
32 56
46 106
11 101
79 190
57 113
119 128
25 61
77 150
22 73
52 54
44 54
31 73
18 44
113 126
15 96
194 25
2 116
65 186
18 84
61 125
39 86
193 169
199 80
157 197
39 69
190 50
3 42
18 194
2 189
80 172
39 159
141 142
149 174
18 95
162 168
144 198
143 172
12 145
46 123
23 182
24 53
4 197
27 40
11 170
20 100
68 95
24 170
4 128
104 136
21 126
12 123
71 118
126 151
89 172
48 187
108 184
91 162
14 141
8 181
197 145
105 147
25 68
61 114
90 158
166 171
80 103
77 104
33 71
110 176
148 167
193 28
42 159
191 79
11 50
63 77
22 96
199 145
194 155
109 117
70 125
55 183
118 174
129 153
5 31
60 109
40 172
198 177
79 136
198 167
178 193
194 115
10 143
52 136
78 163
12 133
58 93
94 152
75 149
77 100
117 131
38 109
15 61
5 18
49 93
10 60
111 165
197 52
156 176
194 94
194 129
67 146
38 66
56 189
198 152
56 174
26 155
69 187
42 96
12 111
89 171
131 185
70 179
72 77
176 183
10 84
53 179
75 178
36 159
121 127
99 169
62 118
35 58
130 175
7 149
5 136
31 95
14 187
22 188
48 86
21 87
60 179
147 185
87 142
61 152
15 28
5 49
61 174
25 157
44 190
91 142
173 191
173 176
194 171
98 181
26 63
26 71
40 138
48 131
106 128
73 100
87 99
104 185
194 56
194 59
45 117
54 65
191 100
44 186
121 129
16 41
102 164
29 64
72 189
108 118
18 129
89 165
167 171
56 74
21 62
48 89
1 166
149 158
25 47
195 183
116 141
195 100
38 182
196 184
88 137
85 152
115 163
114 189
50 199
16 142
56 58
198 57
155 197
58 136
64 121
71 125
98 167
40 43
57 153
129 175
8 17
86 127
199 188
191 167
112 127
23 29
12 148
13 184
54 169
39 57
110 112
194 109
47 151
11 157
190 21
9 61
70 183
38 77
37 106
140 164
95 179
128 151
95 101
19 187
40 120
100 150
95 191
78 97
123 130
100 131
199 76
148 180
155 184
48 132
34 112
113 122
0 145
77 123
10 46
4 41
80 85
44 150
125 160
26 48
65 66
10 152
56 180
42 185
66 132
82 134
199 148
21 163
61 107
81 117
2 93
197 76
72 170
140 157
45 79
63 180
16 95
36 84
22 110
142 173
90 97
172 195
196 188
170 179
63 84
144 199
42 147
61 189
31 174
21 66
86 175
194 160
95 140
108 180
38 81
138 152
69 192
190 5
73 176
66 117
21 38
117 188
9 141
9 96
197 134
84 143
46 179
110 169
34 150
72 132
127 155
65 157
195 182
121 159
50 73
10 129
27 86
126 130
192 109
67 150
4 113
12 174
52 150
70 97
53 170
191 97
94 105
192 118
39 191
6 165
139 164
19 160
94 171
54 63
15 194
58 188
149 159
49 78
7 154
197 40
192 76
49 65
163 182
112 133
22 70
21 158
29 103
136 187
33 89
11 37
11 57
34 142
18 49
157 172
82 105
15 32
128 177
196 130
10 196
102 156
29 87
3 194
24 155
9 10
66 129
98 120
76 166
36 38
49 95
2 163
35 115
9 187
7 157
61 128
98 170
191 46
191 41
24 148
45 88
24 141
9 114
122 136
4 20
45 78
82 179
53 75
163 169
15 188
6 119
96 150
198 132
68 76
89 124
62 150
78 161
77 140
196 57
166 197
45 158
5 60
16 194
38 135
61 166
130 162
103 195
31 104
83 147
2 34
198 48
44 144
88 117
17 73
50 162
10 198
131 197
33 115
196 32
67 187
36 160
16 25
135 143
37 143
30 84
16 43
128 167
119 168
95 173
37 44
199 42
15 138
45 193
85 199
42 134
88 92
30 94
28 86
195 108
102 118
101 118
8 143
0 33
40 143
106 180
54 112
83 144
5 101
154 164
49 106
28 108
191 51
9 92
21 46
145 174
0 64
8 178
195 87
31 135
89 112
121 133
199 140
172 184
190 141
5 29
141 171
32 109
72 156
17 97
176 192
24 130
48 64
136 163
36 111
37 130
29 44
127 139
1 103
87 138
97 195
127 186
102 197
54 142
63 141
40 148
20 90
42 132
17 58
60 89
199 56
44 141
198 148
194 8
48 71
50 69
40 161
90 120
12 90
36 76
166 188
35 141
18 100
50 83
43 93
77 166
83 150
33 59
19 109
78 109
4 93
5 47
143 169
106 190
158 159
45 118
15 109
73 87
109 120
80 153
26 196
198 161
35 137
62 102
128 142
21 169
18 119
44 178
112 163
89 149
26 60
142 167
22 119
16 152
12 113
192 24
197 86
117 186
100 110
46 140
158 180
22 135
45 176
40 139
31 163
121 170
6 138
92 132
67 186
120 178
57 154
58 112
53 138
15 77
27 123
70 127
70 191
30 88
68 87
103 176
41 161
28 144
199 137
84 119
39 67
78 103
50 84
34 128
196 186
100 133
10 134
156 158
60 177
93 191
199 3
13 155
146 149
39 102
30 173
51 139
60 167
18 199
59 171
59 63
34 140
192 194
126 143
28 111
19 163
59 159
169 178
82 97
16 190
29 75
68 162
10 45
32 75
63 95
12 63
61 135
110 148
37 181
22 42
38 121
36 138
10 13
135 194
33 54
34 157
9 73
191 83
22 173
43 165
122 155
50 82
16 186
152 157
70 139
84 94
137 167
49 54
71 103
30 185
21 195
29 98
162 170
88 165
17 135
20 116
52 167
106 122
82 175
16 74
24 102
41 56
85 164
124 131
23 68
34 158
25 71
101 179
49 73
104 170
149 199
7 88
38 158
18 137
70 126
80 140
29 47
197 17
123 169
104 166
8 34
111 174
128 178
55 83
74 189
54 108
4 16
157 174
115 181
18 192
43 87
60 194
117 157
10 79
109 168
97 170
70 88
31 175
14 138
39 190
10 168
130 159
89 176
96 109
65 112
16 118
75 124
72 163
56 149
18 91
16 56
194 0
14 144
12 194
80 145
151 162
191 156
162 192
100 111
127 151
4 80
135 198
57 133
198 159
16 64
198 67
12 102
12 199
17 61
18 193
42 89
165 198
90 103
72 171
102 180
96 167
4 189
85 132
35 99
103 122
51 170
37 49
85 141
74 141
192 136
95 193
64 139
143 164
147 192
63 98
100 177
49 82
29 191
194 57
9 20
126 132
23 146
71 97
57 120
70 106
135 166
132 185
139 160
21 95
117 166
48 176
190 105
118 125
79 173
199 78
133 184
154 155
153 174
5 151
48 73
94 172
196 34
30 55
44 87
55 121
13 130
81 142
3 172
30 48
35 45
195 62
106 115
0 141
80 113
50 180
20 34
3 182
5 68
190 59
78 175
35 153
16 178
112 183
62 77
49 123
59 61
50 179
33 186
42 152
66 179
93 187
81 152
15 157
25 52
65 102
51 111
198 99
42 157
137 165
3 132
9 99
49 130
40 179
106 147
190 25
80 184
68 116
55 95
22 122
20 146
11 134
162 182
62 162
46 71
10 130
60 185
83 176
198 9
104 193
194 17
41 55
24 126
22 190
199 45
14 146
105 199
6 176
10 148
4 123
62 140
71 148
87 116
43 144
198 32
183 198
175 189
40 164
99 152
114 135
6 71
23 161
85 195
21 112
90 149
107 130
46 181
190 27
157 187
2 197
34 104
41 58
194 161
148 150
115 175
110 164
1 21
37 127
97 101
15 25
34 126
110 199
47 89
134 136
14 30
38 145
193 66
159 170
66 163
45 72
123 172
194 72
33 136
105 195
140 197
109 191
80 158
40 94
198 110
24 118
1 77
194 165
116 140
90 112
81 100
35 87
32 138
110 131
7 19
108 110
5 65
13 186
62 178
87 150
116 161
42 112
152 158
134 188
100 181
6 74
75 119
195 72
29 90
106 192
192 174
6 68
15 37
25 184
30 87
130 191
87 183
84 160
14 44
76 110
140 166
174 193
10 182
54 174
29 185
52 86
25 167
67 86
84 144
59 160
121 137
136 144
49 181
122 194
92 179
194 32
87 113
82 135
179 192
41 154
2 100
56 188
6 65
122 139
65 105
105 110
148 151
89 197
61 70
2 62
11 91
89 116
39 165
95 169
76 80
2 132
8 105
75 147
103 117
168 178
149 168
76 127
55 79
24 89
52 179
34 192
41 69
49 63
4 111
169 182
1 152
51 168
31 140
37 137
73 123
198 44
88 96
103 194
54 137
10 21
10 103
182 198
67 98
99 181
15 56
4 144
132 155
44 50
128 140
136 147
41 120
120 136
101 164
42 125
48 121
198 115
138 191
41 78
198 52
27 112
34 115
191 34
48 123
33 39
122 177
46 50
60 81
86 104
13 133
74 199
51 163
21 179
74 140
171 176
94 106
77 170
156 182
71 197
2 29
74 80
128 195
34 113
0 69
99 173
12 103
44 59
60 130
82 161
65 170
149 153
190 6
0 164
19 35
118 182
4 88
79 108
101 111
80 196
85 160
91 143
31 147
127 159
89 144
64 84
125 140
146 192
43 160
23 96
57 147
79 182
92 169
19 104
36 56
31 178
127 171
73 77
192 28
61 131
61 63
63 115
13 150
70 133
110 138
9 122
108 199
13 37
45 140
138 156
39 156
90 183
36 139
51 152
195 26
194 20
191 118
49 69
102 109
0 134
40 71
30 31
11 177
4 119
94 169
85 99
54 129
12 182
148 190
63 172
2 5
29 158
125 153
37 185
124 160
197 7
184 198
31 69
196 97
15 160
82 169
126 169
43 159
43 157
196 7
35 92
54 107
23 75
112 118
10 50
116 183
87 171
118 199
196 165
26 97
196 82
72 136
6 60
73 141
48 59
48 117
28 76
39 166
131 182
8 93
150 151
23 127
118 196
195 40
9 188
77 82
197 38
11 29
194 154
30 58
30 39
77 143
24 56
40 110
111 145
14 38
103 199
58 100
156 166
114 121
55 137
5 182
4 91
33 52
18 37
15 63
66 86
5 126
116 185
111 136
43 137
49 101
157 162
107 178
41 135
84 133
34 89
0 72
48 106
84 183
81 112
158 186
26 177
7 17
22 57
5 15
150 177
19 62
86 196
5 143
31 70
170 183
38 56
192 92
130 184
91 129
13 119
82 193
47 96
73 116
63 178
1 194
60 87
97 151
53 144
6 79
91 93
193 187
146 164
73 178
42 105
26 165
74 96
172 185
130 132
74 98
95 158
76 118
193 38
106 139
191 27
25 104
107 198
116 146
8 77
199 165
83 122
58 123
30 123
156 193
49 185
141 144
41 133
67 172
196 58
16 53
40 194
24 66
198 56
146 156
194 44
29 118
53 194
75 102
103 144
90 117
45 173
81 153
46 130
80 120
51 86
199 58
196 67
37 51
17 165
20 181
198 20
48 82
96 194
77 161
46 167
95 128
140 151
68 150
74 76
142 174
115 190
27 111
196 83
4 33
11 145
47 188
122 146
161 165
120 148
159 184
199 84
126 154
62 175
168 188
126 171
52 57
163 178
149 170
198 143
49 67
40 51
158 177
60 78
45 150
121 163
58 150
191 90
114 174
79 167
104 125
95 138
195 145
67 124
25 109
111 122
196 5
36 65
198 15
132 149
87 170
192 51
57 187
13 22
71 87
1 125
199 160
62 86
35 66
2 176
107 139
38 42
2 51
89 154
102 175
38 46
12 151
106 154
98 177
14 184
69 194
64 169
1 13
194 152
112 129
22 162
13 42
1 133
157 160
61 100
194 41
26 57
199 65
133 181
40 72
48 178
1 157
8 79
78 81
161 167
116 180
22 164
56 82
133 140
14 163
48 100
19 43
28 65
98 135
142 199
67 156
35 62
108 126
40 87
52 88
135 174
1 73
66 74
20 38
59 161
99 141
140 141
3 97
14 15
129 186
49 85
138 175
23 179
59 158
78 148
32 130
199 32
171 177
8 35
123 161
66 199
70 156
37 162
104 158
120 172
197 28
12 99
74 147
70 118
154 199
192 57
79 150
78 130
61 126
198 162
66 105
67 96
103 191
17 107
27 194
36 189
105 117
21 145
41 151
26 198
85 111
134 147
43 184
46 108
22 154
35 147
197 93
190 65
88 148
100 156
5 147
43 185
16 126
59 135
68 113
47 156
38 48
30 195
37 59
37 132
88 171
5 132
196 131
89 120
5 43
40 53
143 162
53 72
17 84
71 147
72 185
6 154
24 117
195 149
71 195
29 144
125 168
58 107
27 195
26 141
3 188
13 97
48 130
86 158
194 77
56 69
34 88
45 171
55 185
191 91
114 159
7 10
157 161
110 166
11 151
60 106
48 99
90 113
60 122
155 160
113 115
43 131
13 93
3 173
61 193
114 130
24 138
58 158
7 69
55 146
27 68
190 125
32 74
24 97
192 141
110 121
81 92
29 178
97 112
15 113
80 96
6 102
37 164
46 126
0 152
0 147
72 100
47 135
49 169
65 137
178 190
27 132
21 130
12 34
9 94
151 157
44 46
88 179
15 186
28 100
193 186
97 194
0 48
134 168
95 181
149 157
27 78
179 198
198 64
68 130
167 180
57 148
65 127
8 68
80 151
4 127
32 100
40 151
53 183
63 161
126 187
194 148
192 157
175 197
48 169
11 182
80 162
168 192
58 175
197 58
29 198
25 133
194 46
137 177
52 175
124 197
12 23
137 158
193 42
147 186
45 105
190 89
78 147
79 158
92 100
99 176
148 183
25 95
56 127
104 184
55 129
136 149
191 121
192 143
193 115
71 123
87 147
8 137
62 110
6 82
20 97
107 158
5 137
38 100
56 124
3 155
24 25
75 130
55 102
8 196
100 127
195 197
25 156
131 138
110 141
39 169
20 26
41 85
129 166
8 192
161 163
75 104
89 153
26 47
193 125
119 132
80 147
195 15
35 164
22 87
124 144
181 184
3 62
7 152
105 162
63 199
12 27
96 193
82 108
115 161
49 149
38 167
152 199
8 27
10 181
198 101
191 74
66 85
81 160
91 194
17 141
79 81
42 113
76 130
174 182
53 77
8 156
52 85
4 169
29 140
147 190
88 167
33 169
69 116
45 129
95 137
107 167
107 192
194 112
101 163
44 116
85 178
134 163
115 195
103 132
12 141
0 180
49 186
93 162
196 170
122 131
68 184
163 177
38 173
125 148
32 65
192 13
46 74
30 170
73 89
42 153
82 98
42 60
69 81
199 185
145 148
58 87
191 47
134 149
130 198
22 49
9 137
60 163
12 25
30 163
3 154
137 172
66 95
199 123
95 151
198 100
145 190
1 4
165 190
48 193
58 69
39 127
193 12
197 49
70 116
47 181
122 138
36 70
22 79
16 63
55 61
22 196
128 183
31 138
27 32
31 110
191 38
80 115
118 198
149 155
191 110
69 185
86 87
6 186
47 98
24 81
64 197
87 95
121 126
81 131
51 60
161 199
36 87
92 134
46 88
49 94
35 56
51 136
60 139
148 182
65 139
74 160
79 171
17 68
118 180
125 171
79 139
10 85
135 162
66 190
121 178
94 141
9 53
105 177
52 125
81 171
197 82
29 197
18 197
199 81
33 135
70 107
199 43
14 102
34 165
64 143
195 89
8 11
103 164
64 187
32 105
4 73
98 132
192 191
12 29
102 117
100 104
26 46
16 61
158 188
121 162
40 180
57 181
48 88
109 183
3 180
8 65
74 177
21 127
19 51
139 186
71 94
51 151
98 151
66 137
69 196
132 148
38 98
32 153
7 9
84 127
60 175
139 155
196 163
4 43
130 194
103 198
20 47
56 85
38 83
119 152
144 161
127 166
102 163
20 39
20 119
66 175
3 35
59 67
60 90
15 147
122 161
194 172
199 89
93 97
37 63
50 122
154 156
44 140
5 118
151 181
1 145
53 116
141 162
32 119
136 168
193 58
24 64
1 158
88 199
18 147
71 182
32 173
19 36
57 75
16 46
140 165
34 130
49 170
79 128
101 183
122 175
68 171
175 199
179 190
52 55
153 161
87 118
195 44
64 88
34 167
88 93
61 124
16 137
110 114
0 9
198 71
109 121
192 175
45 99
10 121
44 158
54 81
89 198
97 110
10 72
124 176
157 178
63 177
85 103
133 152
35 54
110 125
140 192
199 69
17 24
10 70
19 147
85 179
45 195
135 182
136 148
17 108
112 157
40 109
192 58
107 177
44 97
27 121
69 118
86 178
149 180
23 25
21 98
38 49
80 139
89 181
8 38
77 189
69 145
53 141
36 113
37 168
176 188
31 150
113 174
6 38
28 180
191 99
67 95
114 178
123 193
26 95
93 111
88 150
44 171
66 156
37 85
57 130
37 135
84 194
53 114
58 97
65 187
194 173
192 44
122 190
198 88
96 170
7 35
51 91
95 146
71 157
70 131
73 182
68 83
12 80
63 168
79 134
32 157
117 139
112 121
56 77
176 191
5 186
92 128
67 145
26 171
130 163
100 120
144 180
59 74
30 36
75 157
135 155
58 104
75 78
17 118
3 123
28 83
107 114
42 58
16 172
4 61
193 67
196 187
43 142
98 147
192 103
37 166
128 174
147 180
109 126
49 178
151 172
195 114
88 193
91 144
79 97
72 134
36 187
102 106
11 12
107 121
19 169
64 76
123 160
54 139
55 161
27 116
94 129
153 179
152 197
31 102
56 193
191 125
68 187
167 183
51 89
39 120
17 119
198 142
52 53
44 129
73 142
126 131
95 122
24 127
58 114
12 198
64 112
57 109
196 155
54 59
193 100
95 139
52 101
15 93
11 195
40 46
46 150
29 78
97 100
179 196
42 111
53 184
167 186
0 183
12 57
33 110
127 158
88 144
52 143
121 139
194 114
197 150
190 68
12 125
13 198
190 81
159 186
197 96
70 84
24 159
197 33
135 181
2 131
4 25
112 174
74 118
113 171
10 195
0 61
104 115
124 199
18 174
16 112
17 178
48 63
139 199
199 62
37 71
48 97
91 117
155 180
112 134
33 134
13 55
128 136
42 53
16 193
58 121
99 114
4 107
0 43
132 143
119 180
13 24
48 127
54 117
0 125
66 118
33 193
37 96
61 132
189 194
15 135
42 127
140 163
13 89
84 192
