115 263
202 161
2 65
89 284
8 109
163 264
265 122
76 283
34 180
29 279
161 225
118 135
48 59
37 74
29 172
106 281
80 220
40 279
43 153
180 161
125 232
219 159
219 255
68 180
281 223
58 226
146 299
190 32
209 293
277 275
54 184
39 258
86 249
110 276
38 89
20 272
83 88
84 149
204 82
298 8
47 143
205 168
192 172
132 268
217 128
20 90
203 73
177 198
149 201
23 162
84 269
287 178
10 283
159 295
19 262
185 0
134 135
179 203
196 184
166 171
144 253
119 256
10 42
203 148
148 205
29 217
209 99
119 191
89 113
182 185
134 295
110 135
97 179
204 185
93 132
141 272
6 9
27 183
250 195
79 136
255 169
20 93
188 149
27 210
291 168
42 225
23 35
148 196
201 205
16 37
254 271
4 47
258 31
190 217
161 279
286 168
186 223
9 176
207 23
210 173
227 264
246 45
53 222
33 105
276 181
291 106
13 283
75 193
4 78
200 168
40 251
240 127
290 238
160 208
17 144
145 232
194 163
94 110
48 50
252 50
200 167
140 145
272 34
28 196
253 206
41 287
93 244
188 37
100 217
40 93
239 126
254 95
9 35
75 248
111 162
78 180
14 254
44 284
46 186
283 78
107 225
128 173
8 79
260 65
136 266
27 78
156 281
241 204
7 10
299 125
84 136
5 30
163 244
240 142
271 9
259 143
24 126
192 54
260 41
147 252
18 203
74 294
15 107
217 39
69 288
10 109
122 223
190 151
206 208
284 171
52 95
254 40
160 237
216 210
252 101
210 203
197 111
202 293
173 279
229 127
258 18
247 16
18 88
224 76
268 263
257 149
202 150
253 239
268 35
13 188
298 103
158 211
103 166
28 159
23 155
266 134
133 154
205 276
50 201
252 148
288 49
208 144
37 66
257 242
13 234
219 124
292 153
155 283
116 281
69 131
13 116
48 274
45 100
292 210
165 263
208 96
100 197
246 119
253 66
45 135
186 36
197 37
239 52
268 151
239 251
285 134
27 69
34 220
193 79
147 175
11 57
197 159
20 68
191 164
223 74
1 118
167 183
262 182
141 228
294 128
250 71
1 8
251 273
53 54
88 104
14 161
274 291
223 152
256 258
228 155
264 17
126 212
234 83
235 201
7 248
273 73
275 150
180 188
214 128
122 201
11 87
297 34
231 100
250 36
185 154
273 142
15 145
46 222
3 23
117 260
244 275
267 140
297 164
9 199
64 218
245 113
207 132
211 88
141 238
271 170
207 226
207 263
269 107
187 109
207 158
77 115
131 174
194 97
189 183
20 219
130 213
190 267
120 274
227 244
138 212
100 118
78 230
221 51
122 240
195 106
31 53
233 33
277 142
76 209
217 33
140 200
0 53
188 54
282 200
32 218
127 219
92 231
184 175
2 150
130 268
97 236
49 52
82 241
24 116
113 145
225 221
8 266
236 41
241 275
15 237
61 199
81 179
266 184
84 246
87 272
295 37
39 188
5 66
202 68
5 251
34 166
229 45
234 130
241 93
48 212
153 179
293 243
270 171
266 193
219 35
99 175
201 65
278 90
203 259
188 140
58 285
193 60
258 224
152 175
94 143
189 105
248 48
247 93
289 170
265 213
268 44
239 2
25 229
215 88
198 232
236 61
25 220
213 210
13 235
20 24
186 294
10 80
57 210
262 55
1 243
233 80
18 62
135 167
259 75
257 10
16 168
35 281
75 203
74 245
266 6
267 283
262 117
221 86
212 181
17 170
209 207
148 267
243 142
105 131
220 233
170 184
257 118
256 22
108 281
244 3
38 257
236 66
278 283
226 240
67 201
15 206
292 296
22 280
12 71
171 205
42 206
122 258
19 292
54 254
152 229
206 17
41 138
11 130
85 100
155 202
52 136
73 105
221 121
244 296
293 71
104 186
202 278
111 243
250 32
88 238
211 53
80 237
237 16
69 100
187 239
86 126
156 263
285 78
268 153
229 204
202 47
61 237
159 231
159 179
189 66
184 267
199 141
252 219
35 187
221 59
201 174
41 94
131 285
78 90
104 130
239 53
10 189
204 115
82 176
246 151
288 79
203 85
84 251
249 15
223 211
232 172
39 270
167 248
276 109
98 108
49 235
62 131
291 170
255 283
228 64
61 69
270 58
124 222
145 151
257 144
75 168
134 221
192 21
150 157
75 263
105 295
293 210
121 230
99 210
88 126
36 42
21 63
204 161
184 151
109 222
213 221
227 223
149 260
5 9
131 263
283 161
5 174
149 266
151 284
33 56
53 295
264 284
242 294
44 250
245 58
24 132
141 224
297 27
209 146
296 133
107 277
99 214
182 34
144 149
250 11
43 190
150 182
273 212
25 268
75 256
199 82
32 76
265 129
221 167
90 153
190 172
182 118
97 263
297 76
11 232
61 296
237 138
245 212
59 196
275 14
105 266
280 58
97 254
5 142
15 215
152 173
226 154
37 257
23 212
191 155
270 116
61 76
297 177
248 197
106 224
255 72
163 284
93 144
7 256
274 150
278 226
283 179
185 88
289 43
291 130
6 203
15 207
95 114
127 179
251 67
64 234
225 86
237 75
99 194
119 257
83 226
182 67
206 228
288 171
102 104
284 122
39 162
286 63
87 173
43 176
89 226
138 278
111 171
92 105
42 54
13 148
146 176
234 95
262 151
232 138
294 193
92 225
249 78
129 268
21 175
127 202
211 120
119 185
221 246
257 6
283 152
190 192
248 156
19 170
70 215
246 52
18 31
131 205
269 275
138 285
211 68
68 275
10 284
101 109
273 92
26 239
151 289
108 169
47 222
243 268
296 111
212 176
183 6
230 234
212 174
48 272
113 151
55 123
184 51
90 252
48 144
287 76
263 144
99 226
188 174
101 155
13 183
94 251
30 137
39 291
249 4
223 143
94 148
124 147
116 258
34 295
16 21
21 50
225 46
144 179
95 108
50 206
90 213
116 241
9 252
10 213
180 124
195 37
262 171
249 148
97 247
246 31
6 227
295 85
259 168
18 24
239 106
207 72
21 281
117 207
165 229
230 243
184 141
52 60
58 260
258 36
179 292
7 54
201 130
260 77
202 94
180 158
194 10
202 146
291 160
237 41
85 163
57 81
255 143
201 161
87 241
153 238
1 151
112 276
25 182
132 139
2 95
28 90
294 175
102 295
120 203
212 278
57 144
285 52
6 208
31 125
266 75
194 166
102 177
282 167
200 176
118 122
279 5
189 156
74 209
22 238
13 135
33 264
202 25
294 38
103 265
52 110
75 284
223 196
58 102
253 251
148 151
207 255
186 123
264 254
179 230
288 72
84 111
1 95
249 173
12 38
58 206
78 232
7 74
262 142
216 171
214 158
144 205
53 243
241 260
73 91
258 27
245 4
139 285
26 250
183 278
251 262
210 56
281 123
281 23
145 231
16 69
103 141
115 201
147 288
94 214
37 61
5 278
54 130
215 267
80 137
21 213
228 152
61 111
73 74
258 155
164 278
51 128
43 236
296 97
286 11
187 93
17 234
126 168
240 92
168 232
219 77
264 263
267 288
25 145
67 272
292 90
91 203
37 174
58 242
252 102
177 233
3 177
29 149
87 115
153 186
69 143
196 74
121 275
174 194
42 98
287 148
36 246
41 191
294 257
52 241
49 170
297 256
50 64
28 251
221 166
204 280
5 89
28 245
14 196
186 269
270 77
18 173
79 92
68 233
123 246
125 213
89 205
98 211
205 250
67 252
97 216
206 135
22 168
16 165
202 75
144 182
267 192
35 166
10 179
27 58
44 88
64 179
28 39
181 92
56 290
134 196
141 206
187 155
222 81
219 13
256 227
176 207
167 189
119 196
112 229
213 233
132 186
33 134
258 50
91 256
285 279
190 103
68 236
102 131
18 241
245 284
265 20
285 67
209 102
287 24
194 90
44 104
263 45
42 151
285 60
154 254
193 284
293 166
26 269
14 76
50 244
169 229
252 128
254 23
276 128
40 195
81 127
70 254
224 133
272 43
203 222
291 79
9 240
105 137
294 279
138 240
140 189
60 266
215 116
278 59
150 285
63 196
261 5
35 101
129 176
289 99
0 276
168 192
222 18
170 269
268 176
217 203
75 281
279 266
226 149
19 164
52 238
198 233
93 173
297 78
194 205
82 141
219 30
13 130
29 233
9 163
34 149
227 128
184 126
241 103
18 284
28 125
216 76
1 170
246 21
206 127
86 254
6 124
233 105
261 217
218 200
281 190
152 164
91 273
244 253
20 209
211 84
240 15
193 97
202 96
224 129
73 115
210 76
282 173
87 253
192 62
20 259
3 82
244 5
72 157
13 249
253 27
214 263
119 143
294 33
293 148
295 125
199 234
217 72
183 165
73 84
173 223
14 175
73 97
91 288
223 136
290 52
163 181
212 20
120 247
183 53
274 213
222 23
115 264
194 297
191 88
283 113
232 135
282 242
126 151
122 207
1 55
215 117
283 77
101 225
188 112
14 250
34 177
233 131
5 255
56 142
84 99
286 246
147 228
258 236
138 230
224 46
288 28
162 256
95 232
291 119
282 90
86 168
269 157
224 123
27 188
84 169
51 285
59 281
185 67
285 31
96 107
157 279
6 45
297 130
188 97
79 201
279 22
191 56
68 160
109 122
1 7
143 296
290 180
299 196
81 288
217 214
58 178
93 146
149 281
39 47
21 123
254 71
282 80
178 259
230 25
230 86
39 111
267 252
260 5
246 54
205 4
162 253
131 258
227 163
30 294
94 130
227 48
285 101
63 89
268 287
269 19
183 48
235 258
221 175
156 289
183 233
296 145
57 63
186 221
202 247
152 197
75 222
248 143
291 108
80 228
66 226
51 219
214 168
295 186
268 117
49 290
190 247
186 170
188 24
1 64
298 78
258 41
93 233
151 163
62 271
123 219
31 219
220 138
233 26
288 9
260 90
236 134
102 191
87 250
299 157
110 114
88 296
293 74
206 188
1 163
79 141
128 187
268 223
253 22
207 10
286 200
25 233
83 105
273 121
261 89
3 25
261 51
4 288
230 165
2 166
157 164
107 206
28 157
27 135
173 204
49 186
292 121
269 78
299 33
26 261
202 120
32 293
250 19
221 90
231 82
206 247
16 40
5 264
235 31
10 19
107 243
23 138
232 29
161 254
14 145
290 24
142 285
8 95
223 53
66 201
224 108
41 172
159 209
286 37
83 267
111 220
156 219
84 277
212 272
18 118
116 212
119 123
270 83
257 47
75 144
116 298
213 106
58 92
3 41
275 144
247 274
288 185
14 186
118 121
19 240
19 65
184 82
286 126
257 148
109 163
262 52
15 259
13 295
24 44
230 24
31 106
209 201
32 224
11 66
247 121
116 143
248 147
54 142
206 128
273 66
242 129
192 29
294 40
32 159
204 285
174 292
22 163
218 99
299 280
29 32
241 10
67 120
80 245
233 106
107 125
42 169
215 145
123 136
81 90
189 111
191 269
101 128
294 10
291 34
214 57
226 25
197 151
131 198
269 45
5 132
44 87
278 237
9 64
264 121
77 162
52 260
198 36
33 203
219 87
267 29
164 177
4 94
60 152
209 139
28 71
219 61
266 166
238 83
210 136
10 68
45 85
21 216
95 286
138 161
91 249
111 119
268 123
25 64
31 267
299 27
0 73
254 30
229 13
279 84
184 137
227 162
19 120
283 131
288 101
12 87
49 178
161 240
211 35
53 106
254 88
251 155
100 222
163 276
243 172
193 152
299 23
180 86
15 46
209 108
49 70
66 111
281 160
48 49
261 182
38 134
213 70
98 273
49 54
20 140
190 163
288 213
297 102
253 1
26 123
253 88
0 91
270 10
173 247
37 46
70 256
205 88
156 239
267 90
71 89
184 32
256 10
284 167
190 65
55 202
67 234
199 181
15 238
156 245
268 55
9 205
15 133
216 23
208 63
200 30
33 232
191 98
212 191
213 129
38 158
21 204
91 153
6 112
162 214
216 88
192 118
233 234
208 294
246 59
35 95
269 126
119 252
12 278
229 214
49 115
256 92
49 259
190 46
62 205
70 71
181 53
222 147
168 238
274 100
232 111
68 154
46 79
43 200
174 256
225 89
226 173
91 136
119 243
272 99
11 26
56 251
7 14
12 93
192 298
235 200
208 179
92 267
167 168
236 171
52 203
191 133
108 140
274 299
158 290
237 190
26 234
185 46
44 201
89 160
88 275
225 139
31 181
225 40
292 111
7 168
277 59
120 162
211 264
108 212
8 180
83 150
132 287
11 157
219 163
53 274
230 91
14 61
44 257
218 37
231 235
119 227
247 172
25 140
224 140
236 54
99 196
196 230
150 247
299 296
293 274
28 280
44 182
78 271
270 117
224 271
184 17
109 184
186 18
118 214
2 246
6 28
261 181
72 226
44 298
280 136
32 135
38 188
57 237
118 137
3 42
259 172
233 66
237 191
170 192
156 190
127 209
207 135
79 252
38 90
165 224
38 297
39 253
210 242
4 16
199 6
34 285
93 222
221 284
251 53
93 150
93 140
19 33
236 153
232 254
141 219
195 11
34 269
268 12
92 165
286 94
63 233
295 165
17 96
56 145
184 39
220 181
76 183
32 213
15 162
246 26
234 183
30 59
76 141
217 30
36 240
280 18
3 64
133 135
94 218
169 208
9 122
193 78
277 90
85 260
33 49
42 123
220 222
290 297
27 123
85 218
298 127
10 23
240 148
160 165
34 136
93 205
208 122
145 290
82 295
151 206
198 67
40 178
202 101
164 210
75 136
116 186
185 87
197 280
38 168
68 74
252 141
260 130
27 109
22 242
10 54
147 194
121 155
242 154
166 284
187 172
83 103
27 174
18 285
6 244
110 204
88 117
217 156
49 216
180 131
121 179
98 227
168 212
106 138
258 138
140 289
153 175
6 71
131 294
184 7
219 273
108 211
66 112
91 156
245 95
203 254
291 280
223 102
233 179
71 257
171 200
97 298
289 152
58 93
40 193
49 63
81 153
36 76
271 158
86 118
258 230
215 46
224 136
262 203
176 247
155 221
236 34
21 259
168 179
121 188
44 48
185 69
258 100
117 153
216 147
75 285
46 114
175 186
144 218
163 233
246 74
244 17
200 34
22 210
293 94
279 70
164 188
80 251
40 169
125 202
36 297
253 264
167 218
148 285
48 115
30 169
100 287
14 211
18 218
69 228
21 32
112 282
31 278
289 211
57 242
234 232
272 28
189 266
286 42
203 71
179 211
199 149
247 18
43 292
292 158
46 184
270 173
90 269
295 50
205 36
55 78
34 267
258 145
185 68
250 158
286 56
8 157
254 47
114 140
105 187
261 201
72 276
26 89
61 173
248 61
245 17
96 172
268 20
56 146
183 16
232 258
241 99
133 247
20 220
277 4
66 168
28 120
282 186
276 178
29 169
116 154
28 198
70 257
254 68
297 157
297 228
250 75
294 195
218 17
175 270
138 274
70 128
145 282
210 208
83 94
170 185
18 81
236 148
188 107
224 154
187 80
20 112
287 64
202 148
146 152
213 36
257 50
3 84
202 18
232 191
103 140
196 137
68 198
186 127
41 44
229 122
11 172
2 46
299 291
66 95
14 141
171 230
293 167
184 155
259 161
235 3
9 260
261 61
228 154
295 106
92 283
100 228
48 239
269 270
4 23
27 144
7 217
71 218
49 146
252 149
225 5
61 102
239 24
4 171
189 150
149 227
0 269
31 41
87 157
251 29
39 278
234 104
87 298
191 86
33 140
98 101
178 272
82 106
179 255
234 112
109 285
55 198
150 286
26 163
31 140
262 256
265 92
290 143
126 208
277 281
241 110
2 130
271 131
285 13
31 275
111 151
18 65
138 167
256 215
7 280
25 245
146 295
62 228
82 146
256 255
121 220
67 203
157 195
268 46
29 180
246 140
288 37
144 145
61 187
272 180
198 86
100 277
94 204
277 122
191 181
30 228
26 208
135 292
233 37
282 93
290 224
217 116
152 298
208 125
138 256
269 156
27 137
174 233
184 251
17 221
8 172
197 102
258 111
28 112
299 108
205 135
24 293
36 148
165 236
244 4
156 267
223 73
142 160
105 297
9 255
45 52
218 262
7 245
134 180
12 55
81 298
94 158
166 173
179 216
180 179
206 161
133 159
235 163
291 110
63 159
45 197
274 61
20 224
62 252
139 283
79 178
55 56
19 20
242 111
111 117
245 5
253 110
73 199
62 222
262 118
208 116
151 274
274 283
72 239
174 265
160 245
203 114
241 49
194 171
7 25
70 188
269 160
85 172
238 220
121 141
245 82
79 147
249 233
169 230
95 112
225 73
213 54
0 266
260 21
212 135
101 260
221 267
209 122
258 175
242 54
95 247
257 161
269 112
211 39
182 230
167 243
192 127
260 78
129 185
282 232
223 254
24 29
261 118
247 165
16 129
203 9
232 72
284 155
140 162
19 177
180 285
37 81
172 184
5 228
272 88
110 193
86 228
226 55
55 85
271 148
65 132
210 224
299 152
193 234
116 262
180 165
54 132
298 69
49 65
227 255
117 223
145 220
60 280
237 296
245 41
22 192
256 259
102 156
250 3
238 205
4 196
52 231
250 114
185 73
12 150
1 177
149 228
261 289
218 14
177 192
198 81
154 260
267 103
137 284
284 256
276 120
294 127
138 253
186 1
284 224
125 256
28 142
274 74
22 164
199 258
148 283
170 182
235 74
198 136
66 210
14 162
229 170
79 153
292 162
282 298
1 252
148 219
255 180
180 46
75 158
68 136
229 43
33 101
285 214
101 186
169 260
12 47
66 277
113 287
93 297
74 226
17 174
89 232
204 179
218 39
106 119
259 229
27 222
184 274
18 152
260 18
167 294
261 252
168 266
108 214
136 240
206 177
186 171
124 238
134 182
75 255
272 104
103 293
114 194
65 131
202 87
196 62
76 245
57 281
222 15
27 185
22 221
127 222
274 17
14 24
279 111
9 130
232 129
75 229
125 246
135 216
23 95
148 268
16 227
256 188
48 243
198 167
235 209
284 145
18 272
23 200
135 147
145 194
170 197
291 231
136 201
86 101
49 281
113 155
128 271
287 49
42 278
214 42
71 295
275 100
80 209
187 257
246 156
90 233
19 189
161 239
120 278
19 157
212 120
281 130
290 109
30 251
296 90
85 274
229 234
164 268
211 63
191 254
9 241
8 71
32 199
163 251
209 132
3 133
272 163
32 127
259 22
12 194
60 247
196 49
74 144
276 68
225 4
10 215
288 10
272 255
55 255
63 138
49 208
221 35
36 86
293 86
45 51
8 223
269 15
120 286
8 88
48 263
46 221
205 38
89 279
260 100
271 265
277 20
115 200
256 82
175 247
228 26
114 218
287 293
191 19
235 109
17 130
20 97
233 130
219 133
1 162
37 254
42 246
276 107
167 222
125 281
171 247
256 109
220 53
266 39
156 210
172 228
42 287
211 294
233 173
45 201
60 192
290 18
260 244
241 107
251 171
290 114
59 142
235 107
193 159
228 191
15 257
213 17
38 98
73 158
285 231
37 262
222 287
0 65
276 258
205 122
126 206
203 1
199 93
228 77
199 21
289 69
78 165
281 131
280 175
190 131
224 93
98 284
223 214
246 4
240 23
190 5
283 221
103 125
114 288
23 288
198 256
91 215
120 122
251 148
271 290
214 131
158 221
293 110
269 144
280 138
126 152
143 285
299 85
40 43
224 18
35 64
148 277
81 169
271 115
282 135
89 249
288 132
213 92
47 261
240 107
215 18
28 139
250 99
229 50
115 163
172 238
57 206
242 123
110 264
72 292
222 272
221 163
52 166
238 160
27 298
287 8
19 126
282 177
34 85
227 11
229 140
90 248
246 40
289 26
201 124
258 63
11 161
100 284
85 101
229 4
282 158
231 219
49 177
259 194
233 30
34 96
131 136
48 218
130 227
221 10
233 48
239 149
24 218
280 277
209 101
176 294
102 178
186 84
125 269
216 278
77 259
56 273
189 263
54 298
247 215
41 95
171 237
230 62
253 219
107 138
170 181
47 99
243 121
49 113
290 213
141 169
88 109
183 31
205 2
227 56
5 166
150 273
86 107
232 22
207 101
58 218
278 136
243 29
38 121
271 240
71 167
169 196
82 267
64 78
69 260
256 173
35 288
116 187
55 248
102 173
55 144
228 131
115 246
230 120
268 21
103 290
297 254
209 258
97 110
176 222
19 98
26 81
135 160
8 282
86 108
10 198
218 124
21 177
31 102
215 9
81 155
48 146
78 176
271 19
251 116
147 275
251 261
140 214
138 254
272 122
69 153
28 85
184 66
246 53
202 124
100 150
199 172
206 145
152 279
265 168
293 272
212 97
36 61
136 169
206 61
7 175
151 281
89 115
279 14
9 100
62 298
279 171
24 51
43 161
98 202
223 190
100 235
84 108
64 72
74 160
147 172
19 186
16 287
296 9
223 1
5 134
290 12
0 194
117 204
7 235
149 275
193 107
122 244
298 36
195 181
53 138
221 188
64 95
286 137
225 133
31 214
160 219
16 216
193 72
260 166
128 290
298 139
153 180
228 27
266 210
165 248
94 109
150 280
242 135
24 243
217 178
164 213
236 93
219 94
38 77
182 56
211 151
20 101
262 85
229 146
106 163
6 234
153 229
115 193
296 73
256 128
244 129
274 183
45 93
149 254
79 166
209 23
213 4
143 234
23 62
149 249
12 210
186 92
290 67
30 183
144 204
252 65
240 245
207 156
140 192
89 154
251 97
252 207
293 273
245 188
214 50
49 225
108 166
217 115
96 188
280 164
38 261
81 208
126 219
280 34
114 143
132 177
296 248
263 157
65 178
80 101
277 240
149 157
37 200
208 18
32 78
193 29
206 130
36 254
269 69
86 235
213 169
203 175
147 262
237 287
104 145
260 50
0 29
232 205
11 112
90 101
251 76
13 42
237 293
34 213
274 254
3 78
268 31
186 97
209 83
244 204
92 234
227 58
281 72
206 125
255 159
68 83
10 60
255 281
245 124
46 196
75 257
127 220
97 267
2 173
103 164
293 146
130 217
260 129
160 229
192 93
57 256
18 68
31 244
218 127
86 292
242 185
48 89
225 152
50 51
80 94
40 200
46 199
212 178
218 65
257 84
234 184
247 54
251 123
117 264
273 172
200 144
85 177
219 185
112 247
15 178
11 185
252 134
0 62
295 58
20 123
291 93
86 157
274 4
188 51
112 176
14 214
83 181
43 256
61 183
179 267
15 126
30 162
85 202
215 60
22 155
75 103
235 69
93 299
142 180
166 204
178 250
28 119
147 168
86 265
4 110
125 251
114 227
81 221
45 242
177 292
187 168
93 125
84 220
38 171
60 173
253 141
203 157
183 146
100 156
161 165
11 100
87 189
72 187
155 292
70 162
215 49
290 125
18 119
4 64
189 129
289 124
261 193
82 296
74 157
43 164
130 175
224 117
283 12
36 185
266 157
5 78
132 290
119 299
80 100
38 161
45 223
106 294
122 218
181 159
83 98
197 278
150 260
51 60
28 261
226 86
222 258
77 125
63 187
291 136
7 284
293 165
39 49
115 155
204 77
83 247
8 221
281 172
210 197
244 264
134 186
264 123
288 270
278 72
131 247
5 25
71 284
192 80
156 166
276 85
237 45
122 255
151 187
15 105
258 125
13 270
189 1
132 283
198 37
71 237
237 140
79 110
44 61
286 45
235 171
243 78
162 216
64 207
5 41
72 147
186 141
90 285
290 80
91 166
46 160
105 208
3 150
47 182
297 237
163 218
72 185
162 210
200 83
35 37
174 285
131 249
69 274
187 288
224 34
192 285
147 246
120 144
209 178
290 139
66 171
116 219
10 118
39 231
222 64
118 176
193 65
102 139
73 207
15 42
244 154
114 286
31 171
209 81
274 21
116 284
229 177
276 259
232 256
165 168
39 141
45 72
258 164
289 5
131 242
18 257
176 188
286 5
70 92
273 206
296 100
181 18
285 124
30 193
215 178
271 239
102 205
117 274
88 230
214 78
101 151
25 258
264 63
133 233
294 11
253 139
206 22
101 243
74 285
264 47
195 111
143 288
63 178
33 158
31 158
139 276
38 111
292 69
215 92
238 271
96 106
200 17
13 104
104 289
283 64
101 173
188 147
85 288
53 97
235 84
102 135
204 133
32 53
275 28
69 156
155 278
187 76
295 239
214 113
196 10
51 149
105 284
133 216
9 192
271 142
264 276
244 179
172 267
79 134
266 4
205 29
256 214
254 48
16 188
31 257
48 85
237 165
130 230
14 194
246 206
273 141
103 284
41 80
107 177
224 281
72 249
102 231
296 40
230 5
216 275
69 90
105 286
244 188
187 111
264 219
67 209
167 199
117 286
90 186
16 38
205 91
19 133
30 104
276 101
45 122
180 108
102 229
49 84
20 206
83 282
11 262
59 244
39 237
108 270
291 159
59 296
14 203
142 192
219 34
20 103
232 130
24 174
199 163
216 106
276 189
243 218
185 51
134 171
281 53
251 224
280 41
59 211
94 280
287 171
159 265
25 74
40 183
65 215
29 247
92 135
278 36
115 186
231 131
219 44
31 93
88 234
9 147
190 55
217 77
274 1
225 93
273 298
113 278
132 243
193 187
30 165
169 170
178 298
106 262
215 21
19 62
87 177
59 140
42 176
104 108
181 166
69 150
79 188
196 122
41 277
21 54
52 219
204 149
215 53
13 93
136 298
77 245
246 46
179 202
279 165
224 156
225 10
285 179
72 116
16 39
132 164
74 289
9 97
39 273
174 210
32 56
272 130
233 143
194 119
190 186
13 179
216 18
254 55
62 249
184 157
163 270
98 241
299 104
299 167
251 166
95 218
198 163
48 286
70 195
193 37
202 35
237 166
96 193
5 274
290 92
246 75
243 248
46 63
214 160
293 57
169 245
292 192
134 188
73 218
182 80
56 157
18 225
213 202
57 228
38 238
200 135
197 246
216 233
153 264
272 103
199 37
10 112
78 115
296 13
40 186
31 238
215 231
111 278
120 222
263 281
292 107
256 110
227 250
83 139
84 214
255 6
34 65
40 70
295 233
27 170
41 182
42 69
29 176
149 269
277 82
225 148
46 197
89 169
4 128
197 27
71 154
119 230
89 243
99 124
106 206
161 215
149 205
273 80
44 218
205 39
141 159
279 194
214 174
78 119
32 296
198 63
277 285
227 9
40 53
79 98
244 135
249 55
74 107
67 299
242 197
212 60
64 290
172 201
204 220
47 118
227 142
112 153
76 127
192 46
295 157
123 157
94 277
41 201
14 160
274 166
82 243
248 70
261 99
183 92
282 272
110 228
208 202
237 106
252 105
81 95
50 118
3 39
143 256
13 200
286 90
230 180
68 184
8 45
95 162
191 167
22 24
149 299
214 236
143 176
29 270
124 192
250 39
221 142
110 177
146 284
98 105
192 79
32 162
251 240
115 243
119 203
295 184
143 190
115 258
179 297
289 268
13 111
163 202
140 181
228 259
2 210
252 179
129 233
158 270
30 154
28 296
260 155
278 45
69 155
251 91
107 147
40 158
285 169
110 268
58 118
44 239
214 4
162 281
115 126
140 164
77 215
158 173
124 146
34 80
237 204
217 90
207 231
194 33
16 115
167 288
88 265
80 200
233 16
248 151
293 3
293 19
37 44
251 257
272 73
106 109
154 267
235 190
186 272
278 107
282 77
266 224
76 133
132 252
221 69
67 187
48 155
40 289
165 267
276 13
138 213
8 222
203 59
179 258
295 202
102 130
192 70
140 217
14 88
290 249
36 196
195 152
279 139
44 141
143 265
270 206
149 241
187 149
273 249
172 226
185 54
234 93
183 120
232 91
52 158
5 195
132 202
216 229
124 158
5 281
153 223
271 132
151 235
1 99
26 103
240 205
227 241
190 30
55 125
35 205
238 54
194 4
12 259
194 42
1 299
119 189
153 222
253 28
242 227
146 246
271 249
194 204
292 271
115 156
228 267
36 129
46 274
187 47
196 118
39 146
289 259
285 33
102 157
233 85
245 258
87 155
135 289
50 205
164 212
49 231
243 242
75 212
56 211
43 85
241 15
18 156
171 191
174 274
187 268
86 140
177 218
186 7
224 91
19 229
223 70
171 182
279 63
74 124
149 210
39 124
91 188
212 139
137 249
64 147
209 25
154 172
31 271
264 59
109 154
129 191
91 183
135 179
232 149
218 74
4 89
189 38
239 120
54 272
23 97
34 88
18 163
188 44
160 256
70 262
188 295
32 226
239 292
96 112
243 179
41 68
237 77
26 265
159 188
249 44
270 156
220 100
122 273
223 76
197 86
290 22
298 123
13 121
187 16
239 165
17 37
88 122
13 238
5 82
286 78
30 292
178 230
269 294
85 263
133 220
289 176
117 129
100 105
240 128
11 40
22 205
206 3
9 274
37 180
295 272
257 132
91 144
38 102
196 276
6 93
257 81
254 62
14 95
213 37
209 88
36 121
285 81
10 85
265 68
199 85
24 167
123 135
246 90
286 225
193 206
36 101
70 93
263 162
92 104
11 271
231 177
99 103
258 15
296 98
271 3
226 29
254 108
238 279
146 194
78 241
102 254
89 153
243 38
109 243
46 255
92 132
272 36
161 242
212 89
242 119
87 296
22 240
104 125
114 185
266 73
45 176
