768 769
768 770
1015 1031
1015 1036
1015 1046
1173 1176
1173 175
261 1046
261 1361
261 768
261 1093
2195 850
203 198
2601 2602
869 1176
2713 2652
993 1046
993 286
2917 286
2978 768
2978 198
1065 322
1149 1930
1149 35
1149 2609
850 175
1093 1930
1093 186
2537 399
1358 1524
619 1065
2609 35
2609 1149
2450 3
38 1046
4614 175
1928 286
788 175
788 1774
1524 1358
399 4979
399 261
373 175
322 35
322 770
322 1065
3509 1149
5347 286
2868 2867
355 286
1036 3748
2865 1361
1626 286
2867 2868
3342 1046
1930 1011
3222 399
198 204
198 203
3053 6102
6102 4391
6102 175
6102 3053
35 1149
35 2609
21 788
3748 1036
1011 1930
