10 11
25 30
25 33
25 34
25 35
37 39
78 81
78 89
78 92
78 94
78 96
78 101
78 102
78 104
78 105
78 110
78 113
114 115
114 116
117 118
131 132
131 133
134 136
153 154
153 155
153 158
153 159
153 162
180 182
180 183
206 210
267 274
330 49
330 57
330 336
348 350
348 352
231 355
231 234
231 358
231 359
231 361
231 362
231 30
369 370
372 373
372 375
372 377
423 424
423 425
423 118
423 427
448 450
448 454
460 461
557 559
560 562
362 39
362 578
362 96
362 92
362 316
362 45
362 9
362 30
362 89
362 595
362 596
362 597
362 599
362 469
362 523
362 104
362 336
362 605
362 548
362 611
362 399
362 65
362 429
362 614
362 615
362 617
362 34
362 620
362 624
362 274
362 629
362 630
362 322
362 632
362 289
362 418
671 673
671 675
676 677
676 678
676 466
676 679
676 94
676 96
676 681
676 110
690 691
699 701
734 735
734 102
734 737
734 738
734 739
742 743
763 764
291 829
291 830
291 831
853 858
853 30
853 172
853 429
853 863
853 58
853 865
897 900
897 597
897 904
897 701
897 711
897 727
524 258
524 918
524 735
524 933
524 791
524 936
524 937
524 597
524 938
524 712
524 939
524 940
524 941
524 830
524 795
524 946
524 922
524 952
524 953
524 955
524 469
524 358
524 957
524 958
524 89
524 960
524 513
524 962
524 801
524 923
524 963
524 964
524 45
524 969
524 920
524 970
524 971
524 599
524 972
524 980
524 362
524 989
524 990
524 34
524 995
524 997
524 394
524 998
524 638
524 1002
524 1003
1054 523
1054 1056
1054 411
1054 1057
541 617
541 316
1070 441
1071 30
1071 326
1071 306
1071 352
1071 466
1071 1077
1071 677
1071 638
1071 1085
1071 642
1071 316
1071 1086
1071 172
1071 1087
1071 933
1071 643
1071 89
1071 440
1071 599
1071 1092
238 104
238 92
238 997
116 1105
116 1106
116 673
116 1108
1114 350
1114 30
1114 325
1114 913
1114 326
1114 101
1183 1184
1183 424
1183 427
1183 30
1183 286
1187 234
1281 1112
1281 1282
1281 1283
1281 1285
1281 45
1332 708
1332 777
1332 597
1400 466
1400 30
1400 326
1400 323
1400 345
1400 1401
1400 121
1400 1402
1400 1403
1400 1404
1400 837
1413 597
1413 30
1413 172
1433 30
1433 306
1433 1434
1433 326
1433 1436
1448 1449
1448 1450
1469 712
1154 764
1154 1208
1472 802
1472 1473
358 30
358 345
358 172
358 810
358 231
358 524
358 215
806 424
806 597
806 514
806 1516
806 1046
806 118
806 1518
806 1520
806 711
806 971
806 1523
806 1524
1525 1527
1525 1531
1532 1122
1542 647
1542 764
1542 1544
1588 712
1588 989
1588 1589
1610 172
1618 286
1618 1621
1618 708
1618 45
781 1623
1624 362
1624 191
1624 286
1624 810
1624 923
1624 841
1624 1628
1624 42
1624 971
1624 1629
1624 922
1624 617
1624 795
1624 853
1624 806
1624 1633
1624 1634
1624 1361
1624 1637
1624 1086
1624 548
1624 1642
1624 1644
1624 957
1624 1648
1624 1649
1624 1650
1624 1566
1624 1653
1624 1063
1624 96
1624 1585
1624 1657
1624 1658
1624 1659
1624 681
1624 1660
1624 298
1347 45
1669 858
1669 1174
1669 121
657 918
657 1672
657 450
657 1675
657 286
657 1677
657 42
657 175
1682 65
1682 805
1682 738
1682 921
1682 104
1682 394
1682 801
1682 469
1675 1701
1675 1702
1675 355
1675 1703
1675 841
1675 1704
1675 1705
1675 1708
1709 1629
1709 1711
274 1721
274 918
274 1170
274 629
274 624
274 175
274 852
274 655
1727 30
1727 858
1727 642
1727 1122
1727 783
1629 1771
1629 441
1629 1727
1629 678
1629 42
1629 1159
1629 1781
1629 1247
1629 801
1629 1709
831 1797
831 1798
831 918
831 739
831 1799
831 382
831 1800
831 1801
831 291
995 1811
995 597
995 1650
995 1812
995 1169
995 919
995 1813
995 524
995 81
995 624
995 429
995 1159
995 1816
995 1817
995 957
995 791
995 801
995 1818
995 939
995 274
995 1819
995 34
1829 629
1834 445
1834 1818
1834 1023
1834 437
1834 469
1834 1085
1834 1836
1840 989
1840 1495
1840 1841
1840 1400
1840 1843
1840 45
1840 172
1840 913
1840 712
1840 638
1840 30
1840 937
1840 1754
1840 1845
1840 1846
1840 1849
1840 939
1840 348
1840 286
1840 350
1840 1851
1855 441
1855 739
1855 1371
1861 1863
1861 1122
1861 1864
1872 605
1872 597
1872 1874
1872 96
1876 429
1876 712
1876 597
1876 513
1879 65
1879 1880
1888 30
445 440
445 436
445 1159
445 30
445 441
445 1518
445 1834
445 1895
445 437
445 738
445 101
1904 1905
638 677
638 1915
638 1616
638 735
638 30
638 1798
638 172
638 34
638 791
638 829
638 1165
638 1434
638 481
638 1132
638 121
638 1357
638 937
638 175
638 748
638 893
638 1922
638 1754
638 1285
638 1159
638 1924
638 1315
638 514
638 94
638 701
638 298
638 1929
638 1703
638 1932
638 933
638 1934
638 1935
638 1936
638 841
638 1839
638 1702
638 1937
638 1495
638 60
638 963
638 344
638 1433
638 599
1944 939
1950 399
418 1961
418 215
418 399
418 1453
418 595
418 30
418 1472
418 1962
418 454
418 416
418 1963
418 922
418 1965
418 175
418 121
418 1966
418 1968
418 1003
418 1969
418 1970
1976 764
1977 45
1977 708
1977 167
1977 1378
1977 897
1977 186
1977 400
1986 1869
1986 1987
1986 65
1986 167
1986 1668
1986 739
1986 30
2077 286
2077 30
2077 436
2077 316
2083 238
2083 2085
2083 1340
1473 1472
2104 1968
2128 1378
2134 2135
2134 2136
2134 2089
2134 781
2134 2143
2134 918
2134 408
2134 1880
2134 2148
2134 429
2134 418
2134 2151
2134 2152
2134 802
2134 1965
2162 102
2162 1976
1924 175
1924 30
1924 286
1924 739
1924 352
1924 1029
1924 514
1863 1861
1863 167
617 711
617 2193
617 1378
429 215
429 2205
429 442
429 30
429 1122
429 316
429 1023
429 445
429 1823
429 578
429 440
429 304
429 853
429 643
429 437
429 286
429 739
429 405
429 2092
429 1554
429 647
429 441
429 1085
429 2210
429 436
429 1159
429 791
429 1269
429 2213
429 2214
429 1557
429 564
429 2216
429 2219
429 2220
429 802
429 1816
429 1832
429 957
429 2222
429 1908
429 373
429 2223
429 399
429 45
429 562
429 2225
429 2226
429 844
429 830
429 413
429 1057
429 2229
429 717
429 2230
429 2232
429 2234
739 801
739 738
739 789
739 1694
739 45
739 2237
739 2238
739 1659
739 326
739 743
739 1433
739 1606
739 2239
1305 837
1305 739
1305 1307
957 1557
957 258
957 597
957 443
957 524
957 429
957 995
2281 2282
701 2284
701 739
701 94
701 904
701 441
701 2286
701 1727
701 1675
701 897
2302 2303
2302 323
2302 326
2302 2304
1637 2312
2315 2316
2315 1494
2315 597
2338 441
1818 104
1818 92
1818 30
1818 1799
1818 175
1818 1023
1818 2356
1818 1834
1818 2357
2365 2366
2365 2267
2370 2372
2370 234
2370 2373
2370 1371
466 30
466 121
2383 286
2383 175
2383 162
2394 2396
2394 673
2394 116
2394 925
2394 2193
2394 30
2398 916
2398 764
2405 2406
2405 2407
2405 286
2405 565
2405 2412
1434 323
1434 326
1434 306
1434 1400
1434 466
1434 1633
1434 1401
1434 352
1434 1546
1434 325
1434 2420
2425 293
2430 276
2430 1839
795 743
795 350
795 30
795 642
795 1122
795 175
795 352
795 286
795 283
611 362
203 197
2453 764
2453 105
2453 110
2453 2457
2453 1213
2453 1479
2453 748
2453 647
2453 2461
400 405
400 1711
400 2352
400 930
400 7
400 2469
400 737
400 597
400 1248
400 1450
400 2423
2492 399
2493 30
2496 2497
2501 110
893 1243
893 523
893 469
893 1023
893 1546
893 498
893 2135
893 6
893 786
893 794
893 173
893 66
893 2510
893 1003
283 795
2412 306
2412 2004
2412 1046
2412 791
2412 923
2412 1159
2412 241
2412 705
2412 2522
2412 2405
2412 1170
2525 30
2525 286
2529 2530
2529 286
2529 172
2529 92
2529 1703
2534 890
2534 461
2534 326
2534 167
2534 1515
2534 655
2534 657
2534 2539
2534 81
1087 1340
2543 2544
2547 2549
772 30
772 274
772 655
772 624
772 918
772 1768
772 597
2551 9
2559 2560
2586 2587
1061 304
1061 764
1061 2226
1874 869
2608 35
96 1704
96 759
96 362
96 197
96 1801
96 739
96 880
96 791
96 2612
96 1110
96 2614
96 1269
96 30
2621 1170
2621 424
2621 632
1385 375
1385 1562
1385 283
1385 2625
1385 1781
210 206
1697 837
2085 1253
2085 400
2085 1247
2635 2639
2635 440
2645 45
913 933
913 172
913 2172
913 2271
913 1315
913 2646
913 2647
913 791
913 810
913 350
913 1325
1701 1675
1701 425
1701 424
1701 118
1701 1705
1701 1708
2710 1378
2019 829
2724 890
2724 34
2724 830
2724 469
2724 711
2724 172
1754 304
1754 172
1754 121
1754 30
1604 110
1604 2453
1604 105
1604 2757
1604 175
1604 739
1604 647
1604 1798
2803 1851
2803 737
2803 2805
2803 1874
2803 1236
2803 45
2700 306
2099 1045
288 289
288 647
869 65
869 1874
869 359
869 1170
2830 678
2580 1965
2580 1653
2580 182
2580 2113
2580 2111
2580 2850
69 67
69 68
69 66
1171 1449
1171 1453
1171 2377
1171 597
1171 9
1171 738
1171 644
1171 852
1171 1125
1171 1170
1171 1023
1171 16
1171 858
1171 562
1171 197
1171 469
1171 1546
1171 291
1171 795
1171 34
1171 1961
1171 1816
1171 2862
1171 2863
1171 2864
1171 1159
1171 643
1171 2151
1171 766
2249 326
2249 323
2530 2320
2461 1479
1800 172
1800 831
2899 2366
2899 2267
673 30
673 286
673 1502
673 937
673 1993
673 1492
673 175
673 1343
673 116
673 918
673 735
673 1568
673 2759
673 2903
673 1653
673 675
673 671
673 1587
673 2113
673 2905
673 2907
673 2908
673 2909
673 629
673 1754
2915 310
655 624
655 274
655 629
655 1768
2445 1991
2445 2446
2445 2918
2445 2447
2445 2448
2924 130
2935 1494
2938 642
2938 624
2938 2789
2938 2787
2938 2939
2938 128
2938 1987
649 286
172 1480
172 350
172 30
172 352
172 326
172 735
172 2941
172 34
172 1237
172 1993
172 642
172 430
172 1314
172 1996
172 791
172 1434
172 810
172 1071
172 1132
172 286
172 764
172 1495
172 1436
172 1616
172 104
172 2320
172 739
172 2943
172 2172
172 175
172 2946
172 1754
172 2530
172 1023
172 2947
172 933
172 2647
172 853
172 2646
172 1315
172 405
172 2271
172 101
172 649
172 2529
172 647
172 805
172 918
172 830
172 696
172 1178
172 913
172 1613
172 2948
172 989
172 9
172 2420
172 2949
172 1170
172 597
172 643
172 873
172 695
172 65
172 2214
172 712
172 1325
172 939
172 1840
172 1413
172 1165
172 162
759 316
759 2955
759 175
759 30
759 1836
759 841
2961 837
2961 102
2961 2751
2961 801
2961 188
2961 2747
2963 1307
2963 1768
2963 2841
2963 325
2963 1317
2969 699
2969 1378
2969 234
2969 708
2969 1968
2969 614
2969 597
2969 45
2895 310
2895 234
2862 2863
2862 1171
1343 673
2317 643
2317 1497
316 1159
316 3011
3020 1207
3026 1125
3027 1063
3027 3030
3027 121
3027 30
3027 830
3027 323
3027 1816
3027 3031
3027 191
3027 286
3027 858
2840 2323
3034 30
3037 400
3037 1711
2239 739
2239 3053
2239 597
3057 1754
2447 2445
2447 2446
2447 2448
2447 3060
3072 461
1361 1357
3073 3074
2593 3083
2593 2747
2593 3084
2593 2433
3095 739
104 65
104 286
104 1085
104 801
104 2805
104 326
104 1546
104 1799
104 238
104 92
104 739
104 734
104 172
104 45
104 1682
104 3099
104 1818
104 405
104 1316
705 30
705 739
705 469
705 286
705 352
705 738
705 704
705 2334
705 215
705 1998
705 802
705 34
705 1494
705 786
705 681
705 3102
705 3103
735 30
735 1357
735 1616
3105 2332
479 3136
479 3137
479 916
1762 916
1703 638
1703 286
1703 1450
1703 737
1703 3148
1703 215
1703 1675
1703 284
1703 89
1703 2529
1703 1704
1703 632
1703 919
3162 514
3162 2922
3162 2332
3162 1604
3162 1516
3182 33
2555 466
3205 1371
3205 711
3205 348
1566 678
1566 1991
1566 175
1566 2251
1566 1754
3221 2317
3221 175
3221 2356
3221 316
3221 3224
3221 30
3221 1495
323 1401
323 352
323 1434
323 1071
323 3231
323 325
323 1932
323 430
323 1637
323 595
323 2249
323 916
323 2725
323 1403
323 175
323 2880
323 306
323 615
323 101
323 2681
323 3234
323 2304
323 3236
323 1174
323 206
323 210
323 217
578 286
578 429
578 739
578 442
578 2021
578 2205
578 2092
578 224
578 2880
578 1813
578 643
578 1711
578 1269
3242 320
3243 30
3243 962
3243 234
3243 2277
794 893
794 796
794 469
794 708
794 2282
794 400
969 524
969 597
969 923
3270 3271
3270 2214
230 1046
230 918
230 1801
230 34
230 1658
230 791
230 298
230 3274
230 1165
230 101
230 3275
1010 3284
3286 215
3111 712
3111 2482
2665 2664
241 1178
241 3295
241 30
241 286
241 1485
241 352
241 1961
241 3008
241 1125
241 638
241 394
241 2412
241 3296
241 3049
241 121
241 904
3181 110
3181 122
3181 2134
3181 1125
3181 1046
3181 708
3306 1085
3306 2971
3306 3308
3320 2671
2805 1546
2805 352
2805 2157
791 326
791 735
791 1616
791 1357
791 350
791 2563
791 1436
791 325
791 829
791 352
791 466
791 1165
791 737
791 918
791 1071
791 481
791 1132
791 2647
791 810
791 34
791 1754
791 638
791 30
791 3323
791 2614
791 361
791 231
791 3295
791 3148
791 1937
791 1702
791 3325
791 172
791 904
791 2918
791 2302
791 65
791 1315
791 1216
791 1991
791 711
791 989
791 1811
791 3049
791 513
791 2450
1571 858
1571 629
1571 286
1571 49
1571 1993
1571 352
1571 649
1571 918
513 234
513 712
513 1323
513 599
1768 624
1768 274
1768 629
1768 655
3341 3342
3074 3073
647 764
647 748
3355 1063
3369 1317
597 30
597 1237
597 316
597 1546
597 326
597 175
597 224
597 286
597 65
597 1046
597 323
597 92
597 2614
597 2216
597 1698
597 293
597 1171
597 1494
597 2327
597 237
597 2988
597 2619
597 791
597 311
597 1422
597 172
597 3380
597 471
597 1998
597 3382
597 641
597 362
597 513
597 133
597 3034
597 291
597 904
597 759
597 1316
597 523
597 3118
597 2918
597 806
597 1184
597 81
597 258
597 2377
597 852
597 94
597 1819
597 1170
597 1135
597 2021
597 113
597 3387
597 2518
597 2593
597 2016
597 2334
597 1044
597 3390
597 1600
597 1585
597 1880
597 2789
597 2844
597 3392
597 1346
597 2239
597 632
597 2089
597 1327
597 67
597 1216
597 962
597 1413
597 3394
597 3395
597 2306
597 1817
597 972
597 524
597 1991
597 955
597 971
597 599
597 970
597 957
597 1797
597 3397
597 969
597 953
597 705
597 2933
597 3216
597 2705
597 2063
597 923
597 938
597 1811
597 3399
597 3401
597 394
597 998
597 964
597 920
597 711
597 3405
597 858
597 1768
597 2745
597 2792
597 3175
597 1832
597 1527
597 2042
597 1463
597 406
597 1711
597 699
597 3412
597 68
597 7
597 1781
597 3413
597 3050
597 1177
597 45
597 952
597 2315
597 2193
597 3415
597 1569
597 3417
597 2282
597 1965
597 2352
597 3180
597 2784
597 2136
597 708
597 2787
597 469
597 1236
597 1618
597 1732
597 1634
597 2780
597 2795
597 440
597 429
597 1125
597 3421
597 2372
597 620
597 830
597 3425
597 3426
597 1876
597 2741
597 3205
597 2671
597 2277
597 3434
597 1872
597 3435
597 3436
597 772
597 769
597 441
597 1851
597 897
597 400
597 1378
597 737
597 1340
597 2938
597 1958
597 238
597 3441
597 900
597 1004
597 2134
597 1332
597 989
597 3447
597 405
597 1247
597 2969
597 1253
597 1387
597 764
597 42
597 1385
597 727
597 2740
597 3451
597 128
3455 286
1696 739
1696 1308
1696 3460
1696 837
2135 2089
2135 274
2135 962
2135 3462
2135 2136
916 2225
1677 167
1677 352
1677 286
2625 1569
2625 1562
711 14
711 764
711 2565
711 852
711 1303
711 348
711 9
711 806
711 643
711 1340
711 3474
711 791
711 1495
711 599
711 939
711 3008
711 6
711 1642
711 2614
711 1371
711 678
711 2251
711 717
711 897
1781 30
1781 3479
1781 286
1781 597
1781 1177
1781 2232
1781 632
1781 45
1781 3480
1781 2226
1781 3482
1781 65
1781 440
1781 1629
1781 3484
1781 708
1781 3485
1781 786
1781 1562
1781 3486
1580 302
1580 644
1580 642
1580 30
1580 1568
1580 2746
1546 104
1546 92
1546 3187
1546 405
3516 326
3516 30
3516 1285
3516 638
3516 735
3516 286
3516 595
3516 2199
3516 469
118 30
118 1122
118 642
118 424
118 425
1169 3216
1169 110
1169 377
924 630
837 1689
837 739
837 1433
837 801
837 1516
837 1308
837 2132
837 738
837 1628
837 1644
837 701
837 789
837 3076
837 734
837 1659
837 1696
837 3078
837 405
837 1313
837 2213
837 853
837 1694
837 2751
837 1305
837 2961
837 1695
837 1697
837 102
837 9
837 1307
837 3118
837 3116
837 643
837 802
837 863
837 681
837 952
837 2747
837 786
837 2593
837 1400
837 2216
837 188
837 1105
837 962
837 2239
837 2448
1962 118
1962 632
3547 121
2157 737
2157 352
1029 1924
1029 990
3552 42
3554 644
3554 3118
1915 30
1915 34
3561 514
1628 739
1628 737
1628 789
2786 429
2786 2219
1450 311
1450 167
1450 3564
1450 624
3603 2316
3603 1653
1485 3606
3180 3615
3180 2948
3619 1269
3619 2216
3619 437
3619 286
3619 30
3619 3620
3632 3633
1801 215
1801 96
1634 2635
1634 441
1634 2938
1634 1385
1634 2741
1634 1472
1634 3638
1634 2671
1634 2665
1634 2085
2230 642
2230 429
1929 638
1929 514
1929 764
1929 316
1929 3187
1929 1518
1929 1132
1929 1798
1929 405
234 513
234 962
234 66
234 3650
938 524
938 597
938 958
938 172
938 712
233 1159
233 286
233 960
233 1125
233 3274
233 226
233 231
233 1046
233 919
233 461
233 404
233 182
233 2111
233 183
233 801
233 3565
233 3031
233 30
3650 234
3650 66
3650 1045
3275 505
3275 629
3275 1924
3275 1580
3275 649
3275 3665
3275 30
3275 3667
3275 1571
3275 918
3275 175
3275 352
3275 764
3275 3668
3275 1762
3275 286
3275 913
3678 224
3308 1085
3308 3306
3685 3136
2357 1818
2955 759
1271 30
1271 175
1271 1134
1271 3564
3697 1855
132 3699
132 131
474 743
474 1155
474 3704
894 889
3137 30
3137 3280
3137 916
3137 286
3137 739
3137 2213
3137 1023
3137 405
2903 673
2903 1502
3718 45
3724 1760
3724 764
2905 1587
2905 30
2905 673
2905 1492
3731 440
3731 352
3731 1495
3731 30
2042 162
2042 739
2042 695
3737 3284
3125 3739
3125 971
3125 708
3126 1562
3126 375
3126 322
3126 283
3126 3740
3126 1569
1213 1479
1213 748
1213 2453
1213 377
1213 2457
1213 764
1213 352
1213 30
2939 514
2939 3748
2446 1991
2446 2918
2446 2445
1997 1184
3773 235
3773 3774
3773 3318
3773 1879
416 399
416 498
416 316
416 1996
3777 781
1516 102
1516 1694
1516 837
1516 3780
1516 2747
1516 806
1516 514
1516 3139
3008 3784
3008 2076
3008 764
3785 1562
3785 110
1969 375
1849 3789
1849 30
1849 673
1849 1492
1849 739
1849 1840
1849 744
1849 1800
1849 121
1849 3790
1401 306
1401 466
1401 323
1401 326
1401 30
1401 1086
1401 1434
1401 1633
1401 735
1401 345
1401 352
2306 2307
2306 2232
2306 783
2306 1036
2306 3115
3559 3793
3559 1492
1708 1701
1708 1675
1708 1705
3795 49
3796 647
3796 283
3796 643
3796 737
629 286
629 649
629 274
629 1571
629 1029
629 49
629 2787
629 1524
629 624
629 918
221 276
221 113
221 810
1003 345
1003 344
1003 30
1003 712
1003 1851
1003 1357
1003 1495
1003 523
1003 2173
1003 524
1003 830
1003 2975
1003 2372
1998 9
1998 597
1998 3824
3829 30
3829 735
3829 286
3841 445
1825 1768
3848 258
1603 1660
1603 647
1603 1122
1603 1316
3176 2157
630 605
630 362
630 614
2213 739
2213 1433
2406 2405
2406 2407
2406 30
1732 399
900 904
900 701
900 897
900 1546
3863 121
3863 743
3863 175
2933 514
1282 1281
1282 167
1282 45
1282 49
2539 30
2539 121
2539 175
2539 234
2539 469
2539 1993
2539 927
2539 424
2539 548
2539 503
3881 1400
802 739
802 2757
802 2214
802 2213
802 175
802 837
802 789
802 3886
802 962
802 2747
802 863
802 786
802 614
802 2961
802 215
802 1472
802 1650
3888 514
3888 2789
3939 1650
3940 30
3951 3066
3951 394
3951 3952
1744 632
2783 399
2783 3959
2783 3065
2880 215
2880 323
1494 3994
1494 1450
1494 167
1494 717
1494 2315
1494 679
1494 1281
1494 2277
1494 873
2755 2754
1045 405
4004 632
565 2405
565 2407
565 644
3257 1253
3274 14
3274 3275
2576 852
3280 1767
4044 345
4044 1086
4044 30
4044 241
4045 1823
1500 2829
4063 727
4063 320
4063 445
4063 513
4063 712
4063 523
4063 791
4069 311
3346 215
3346 642
596 1269
596 362
596 3784
596 92
596 316
596 45
2222 2092
2222 1816
2222 442
2222 578
2222 2219
2396 114
2396 673
2396 1106
2396 30
2396 829
2396 424
2396 116
2396 937
2396 643
2396 1525
2396 4111
2396 1798
4112 286
1589 30
1589 989
1589 1404
1589 1400
1589 466
1589 11
1589 348
1589 1588
2415 4118
4119 2307
4119 2284
4119 304
4119 2076
4119 3571
4119 3784
2312 30
2312 1637
2312 916
4122 4123
1106 30
1106 829
1106 116
1106 4111
1106 925
1106 114
1106 673
4127 1378
4127 1253
707 3397
707 2781
707 2222
4136 30
2841 739
2841 445
2841 3190
2841 1557
2841 2216
2841 858
2841 2799
2841 30
2841 642
2841 427
2841 45
2841 437
2841 916
2841 175
2841 837
2841 1659
2841 441
2841 1159
4152 4155
4152 45
1623 2754
990 1029
990 524
990 1038
990 498
990 469
4160 30
904 701
904 897
904 918
904 927
904 1178
904 641
904 711
904 2286
904 3241
904 2284
904 2789
904 900
904 916
1422 237
1422 1315
1422 1423
4174 1174
1658 230
1658 918
1658 2614
1658 1616
1658 286
1658 30
1658 121
1658 791
1658 34
1658 989
1658 118
1658 1993
1658 4175
1658 436
1658 841
1658 298
1658 4176
1658 2985
4177 286
830 638
830 1314
830 94
830 918
830 2975
830 1968
830 712
830 810
830 1165
830 311
830 286
830 1495
830 172
830 717
830 2372
830 620
830 4181
830 1436
830 624
830 739
830 939
830 34
830 291
830 1092
830 1616
830 3613
830 1671
830 523
287 284
287 424
81 1135
81 964
81 30
81 1495
81 597
81 298
81 65
81 9
81 345
81 258
81 113
81 1485
81 2933
81 830
4208 326
4208 286
1839 2430
599 4212
599 172
599 913
599 2333
599 89
599 933
599 30
599 304
599 936
599 711
599 764
599 362
599 1304
599 830
599 1340
599 701
599 2004
599 4214
599 498
599 1489
599 177
599 4215
599 617
599 2429
599 122
4217 1450
4217 286
810 172
810 298
810 2172
810 34
810 791
708 1092
708 2784
708 4222
708 3675
708 4223
4227 30
4227 429
66 67
66 234
66 68
66 69
66 3090
2681 739
2681 2312
2681 350
2681 30
2681 323
4229 3181
2036 1323
4241 4242
4241 1314
2251 620
2251 1327
2251 678
2251 711
4247 642
4247 1307
2450 34
2450 918
2450 30
2450 1754
2450 3
2450 712
2450 620
2450 830
2450 989
2450 1851
2450 791
2450 678
2450 7
4250 3740
4250 643
4250 853
4250 429
4250 1122
3394 3902
3394 4252
3740 286
3740 863
3740 4250
3740 429
3740 2703
3740 4254
3740 3126
1298 4261
4263 1816
2299 801
2299 326
2299 65
2299 805
257 2971
257 964
257 523
257 4267
257 2004
257 258
257 262
257 737
2437 712
191 1237
191 302
191 4085
191 918
191 764
191 279
191 916
191 281
191 1450
191 1009
191 49
191 289
191 647
191 1184
191 638
191 1023
191 1624
191 197
191 1281
191 712
191 1002
191 578
4279 766
2094 325
2094 326
2094 735
2094 1401
2094 344
2094 2249
955 524
2946 2320
998 524
998 1671
998 617
1956 1571
1956 2352
1956 1108
1956 1307
1956 3031
1956 2210
1956 1996
1956 916
1956 595
1956 1799
1956 1132
1956 852
1956 679
1956 224
1956 344
1956 436
1956 2042
1956 336
1956 101
1956 400
1956 1851
1956 513
1956 786
1956 1269
1956 1711
1956 304
1956 49
1956 2482
1956 81
1956 2745
1956 230
1956 2577
1956 1515
1956 2277
1956 2501
1956 1696
1956 66
1956 227
4302 1603
4302 2293
4316 3
4316 2450
2887 1436
2887 118
4318 4319
1105 2768
1105 837
1105 116
4332 829
4332 1485
4332 92
4332 1208
4332 1617
4332 104
4332 1316
4332 1929
3325 791
3325 1801
3325 92
4339 65
4339 362
4339 1402
4339 3282
679 175
679 3334
679 647
679 642
679 1122
679 2291
679 286
679 1307
679 2293
679 49
679 1282
679 1450
679 72
679 2789
679 1515
679 1316
679 92
679 104
679 1494
679 4343
679 1281
679 1863
679 873
679 2935
679 4348
679 4319
679 289
679 3346
679 764
679 1929
3284 2267
2971 3306
2971 1085
1660 172
1660 326
1660 424
1660 118
1660 1314
1660 440
1660 3572
1660 739
1660 1603
1660 1340
1660 306
1660 65
1660 2886
1660 167
1660 1450
4356 4357
2879 1434
2879 118
2879 30
2879 348
2879 466
2879 4361
2879 4363
4368 989
2687 2745
958 316
958 2522
958 306
958 938
481 638
481 829
481 30
481 791
481 352
481 172
481 735
481 642
481 1314
481 937
481 739
481 1357
481 325
481 298
92 801
92 104
92 286
92 1085
92 326
92 436
92 1546
92 739
92 2291
92 858
92 1122
92 738
92 65
92 175
92 1818
92 405
92 49
92 14
92 1895
92 1812
92 1886
92 234
92 441
92 394
865 1653
278 279
377 105
377 2453
377 110
377 2457
377 2461
377 1479
377 1213
377 748
377 3337
377 3395
377 237
377 1315
2922 345
2922 2923
2922 4394
34 638
34 1132
34 172
34 1357
34 1071
34 1993
34 33
34 2303
34 2879
34 753
34 2172
34 1633
34 1616
34 1754
34 791
34 298
34 810
34 3441
34 844
34 933
34 2614
34 1658
34 25
34 1315
34 913
34 841
34 1317
34 345
34 523
34 35
34 830
34 1314
34 1174
34 1963
34 2450
34 399
4252 362
4397 1495
4397 2883
3931 121
4427 1237
345 323
345 30
345 326
345 1434
345 4394
345 4429
345 913
345 1811
345 34
2780 429
2780 377
2780 708
2780 597
4439 4440
4445 548
4446 3630
4446 865
1657 939
1657 727
1657 30
1657 1869
4452 286
4452 30
1044 946
4455 325
1816 429
1816 643
1816 2092
1816 442
1816 1269
1816 430
1816 1823
1816 30
1816 1554
1816 1063
1816 286
1816 921
1816 514
1816 121
1816 4403
1816 995
1816 1125
1816 4263
1816 3399
1816 175
1816 3848
1816 1171
1816 469
1816 2222
1816 791
1816 1057
1816 893
1816 2219
3912 424
162 1237
162 649
162 647
162 30
162 1314
162 695
162 2042
162 1961
162 1668
921 1682
921 801
921 92
1325 2271
1325 172
3089 461
394 1682
394 92
394 65
394 469
394 801
394 895
394 805
394 921
394 1834
605 712
605 791
605 923
605 362
605 2372
605 2021
605 1494
605 919
3426 30
3426 1617
3426 4487
3426 4033
3426 1642
3426 4118
3426 989
3426 904
3426 2671
3426 460
3426 234
3426 597
3426 708
3426 4235
3426 2251
1208 764
1184 34
1184 355
1184 191
1184 759
1184 281
1184 783
1184 3730
1184 89
1184 276
1184 3152
1184 3189
2316 3603
4496 1174
1704 1675
2223 429
595 30
595 323
595 466
595 326
595 345
595 1754
595 543
595 712
3236 927
1063 643
1063 286
1063 30
1063 3397
1063 425
1063 4513
1063 2555
1063 1816
1063 3355
1063 863
1063 429
1063 1958
1063 102
1063 2430
1063 764
1063 3027
1063 162
4519 743
4519 1546
4519 49
4519 317
4519 1450
4519 738
4519 30
4519 641
4519 440
4519 810
4519 643
276 4188
276 430
276 1184
276 89
276 3730
276 2430
276 4526
4543 1023
4543 286
4543 916
4543 3280
4543 743
4429 345
4429 3102
4188 440
2863 2862
2863 1171
3295 241
514 1604
514 1516
514 30
514 638
514 1798
514 3139
514 2432
514 3118
514 3888
514 3561
514 2933
4558 801
4568 4569
4570 286
4573 2267
4575 708
4575 791
1761 30
4582 4583
4585 286
4585 30
359 764
359 869
45 2740
45 819
45 937
45 3883
45 1282
45 1557
45 65
45 2060
45 946
45 4593
45 4594
45 3886
45 3572
45 104
45 739
45 1347
45 2356
45 1671
45 1485
45 1281
45 42
45 802
45 1159
45 4601
45 4604
45 4606
2226 1159
2226 441
2226 844
2226 2700
2226 316
2226 1817
2226 1061
2226 304
2226 1993
2226 523
2226 989
2226 599
2226 345
2226 306
2226 2551
2226 65
2226 649
2005 311
58 1767
58 57
997 2971
997 1085
997 869
997 238
4614 175
4614 1085
920 533
920 1846
920 362
920 4619
2225 1023
1823 429
1823 4590
1823 2205
1823 578
1823 643
1823 4045
1823 442
1823 30
1823 316
1823 2092
1823 89
1823 1554
1823 4254
1965 1653
1965 182
1965 1046
1965 2580
2657 737
698 317
4222 1524
4033 858
4033 1562
4033 375
4629 399
4630 445
4630 1125
2745 405
2745 739
2745 30
2745 2687
2745 3296
2745 786
279 278
279 441
279 4634
279 191
279 831
279 92
279 14
1237 916
441 436
441 1996
441 1085
441 437
441 320
441 2210
441 279
441 4634
441 348
441 445
441 738
441 316
441 440
441 429
441 1269
441 373
441 624
441 2338
441 802
441 4642
4644 173
4644 4645
3704 1155
3704 764
2275 4215
4661 4662
4661 175
442 429
442 1823
442 578
442 643
442 1554
442 1269
442 4403
442 1816
442 2222
4669 186
4676 3413
4676 3462
4676 3480
4676 1832
4680 4681
677 323
677 30
677 829
677 326
677 1480
677 2405
677 638
677 306
677 430
677 1071
677 4361
677 4685
677 2333
677 443
677 316
677 1485
677 102
677 175
677 960
677 101
677 104
677 39
677 4122
677 311
677 4689
677 3118
1495 30
1495 1616
1495 937
1495 1132
1495 172
1495 2883
1495 1754
1495 4397
1495 1851
1495 712
2307 350
2307 4119
2307 2076
2307 3668
2307 3571
2307 4691
2307 1036
2307 3748
2307 234
2307 904
2307 2306
2307 1178
2307 4692
764 1122
764 647
764 30
764 424
764 748
764 2949
764 1170
764 2420
764 1125
764 869
764 696
764 65
764 562
764 1135
764 377
764 3805
764 177
764 695
764 4694
764 4544
430 105
430 429
430 276
430 2214
1987 66
1987 68
1987 65
1340 113
1340 1087
1340 3751
1340 234
1340 3255
1340 1110
1340 197
1340 3474
1340 2201
1340 1125
844 304
844 316
1991 2918
1991 2446
1991 642
1991 644
1991 2445
1991 6
1991 1463
4712 1036
4712 2769
4712 286
4712 647
4712 49
4712 852
4712 2201
1870 1869
1870 30
4717 1569
4720 186
4720 2919
4720 344
4720 1436
4720 727
4720 830
2819 1340
2819 1495
2819 642
2819 3474
4724 1132
4724 175
4724 595
4724 258
4724 1996
4724 2420
1002 191
1554 429
1554 643
1554 578
1554 442
1554 1823
1554 2092
2872 1085
4733 2457
4733 1313
4733 113
4733 805
4733 241
4733 1122
4733 863
4733 4577
4733 345
4733 89
4733 461
4733 2852
4733 481
4733 9
167 2291
167 49
167 1077
167 1863
167 1677
167 1450
2789 3888
2789 503
2789 4132
2789 597
2789 1314
2789 4736
2789 172
2789 764
2789 1174
2789 323
2789 4737
2789 4738
2789 4027
2789 67
2789 1125
2789 642
2789 708
2789 629
2789 679
2789 2938
2789 167
2789 4594
2789 4740
2789 904
2789 1381
2789 1649
2789 405
2789 4741
2789 701
2789 4744
2789 4745
2789 781
2789 4746
2789 2664
1134 4748
1134 3779
1134 1273
4752 30
3397 597
3397 322
3397 1063
4755 805
3069 3066
3069 425
3069 424
4089 30
4089 306
2614 1658
2614 34
2614 1616
2614 735
2614 30
2614 1993
2614 1436
2614 172
2614 791
2614 1495
2614 989
2614 304
2614 306
2614 298
2614 323
2614 913
2614 2647
2614 933
2614 810
2614 841
2614 918
2614 4784
2614 2883
2614 2173
4792 469
4793 370
4793 463
4691 352
4691 286
4691 2307
1423 1422
4816 925
4816 1525
4820 118
1922 172
1922 801
1922 104
1922 65
1922 326
1922 30
1922 92
1922 764
1922 2199
1922 1754
1922 2210
1922 893
1922 557
1497 643
1497 2317
1497 110
1497 30
1497 647
1497 286
2320 2201
2320 172
2320 286
2320 764
2320 739
2320 2769
2320 2946
2320 2943
2320 2530
4118 4624
4118 2415
4118 989
4118 3397
4118 4014
4118 30
4118 3426
217 310
217 210
217 323
3638 1634
3115 30
3115 102
3115 1644
3115 1085
3115 326
3115 436
3115 320
3115 2210
3115 2306
3115 2232
4843 210
4843 3565
4843 1895
4843 2703
1606 739
1587 673
1587 2905
1587 1568
1587 1492
1587 30
49 1571
49 916
49 175
310 2895
2112 1653
2112 2113
2112 182
2112 183
4175 430
4175 2284
4175 624
4175 92
644 739
644 858
644 1580
644 642
644 172
644 30
644 3554
147 30
147 306
147 326
147 1401
147 323
147 642
147 858
147 325
147 427
147 1932
147 562
65 326
65 1085
65 801
65 1122
65 286
65 764
65 102
65 104
65 869
65 45
65 2417
65 738
65 1704
65 1557
65 1170
65 2529
65 1880
65 172
65 3236
65 791
65 394
65 921
65 1514
65 1159
65 1987
2565 14
2565 1178
4872 737
4872 227
4872 893
4872 795
2323 739
2323 427
2323 175
2323 2312
2323 2213
2323 474
2323 2840
2323 858
2323 437
2323 642
2323 2725
2323 789
2323 2216
2323 2799
2323 45
2323 1307
2323 562
2323 701
1524 624
1524 65
1524 1768
1524 3803
4928 4929
4689 1915
128 2754
3917 2277
3917 1305
4941 2783
1613 1961
1613 175
1613 286
809 1650
809 3102
809 4956
809 94
809 286
809 344
809 345
809 1523
809 4416
809 595
809 1436
2060 45
1424 1425
1424 1423
1424 1422
1705 1675
1705 1701
1705 9
1705 293
1705 3116
1705 2425
1705 429
1705 215
1705 1708
4962 424
4962 1269
4973 1531
4887 2143
3675 708
3675 2969
399 30
399 4508
399 4629
399 429
399 2595
399 617
399 362
399 3848
399 599
399 711
399 323
399 4982
399 2642
399 4983
399 4984
399 927
399 4577
399 919
399 2492
399 922
399 405
399 2783
399 3959
399 418
399 34
399 370
399 1177
399 4027
399 2787
399 1732
399 1968
2021 578
2021 904
2021 30
2021 430
2021 373
2021 377
2021 1434
2021 425
2021 445
2021 442
2021 1818
2021 735
2021 2323
2021 1524
2021 1433
2021 1616
2021 1247
2021 655
2021 1237
2021 1401
2021 620
2021 844
2021 657
2021 1023
2021 2450
2021 743
2021 2136
2021 1546
2021 858
2021 562
2021 1924
2021 1450
2021 350
2021 1968
2021 118
2021 1357
2021 624
2021 375
2021 3116
2021 1580
2021 649
2021 3256
2021 1834
4991 2226
4991 399
4991 2787
4991 1732
4991 4629
3564 1450
3564 167
2947 172
2947 933
3668 352
3668 350
3668 2076
3668 2307
3668 3784
3668 3571
3668 2587
3668 1178
3668 4144
3668 1961
1496 175
1496 4055
4996 121
4983 844
4111 30
4111 116
4111 673
4111 1580
4111 937
3802 737
3802 789
3802 739
3802 400
3802 1711
1908 1159
1908 1085
1908 445
1908 441
1908 436
1908 440
1908 429
1908 373
1908 1236
1303 971
1303 711
5002 2214
5002 233
5002 440
5002 810
5002 2705
5002 2299
5002 1307
5002 167
5002 373
5002 445
5002 1644
963 2334
963 1138
1253 2085
1253 597
1253 1634
1253 4127
1253 880
1253 128
1253 1367
1253 3037
1253 2664
1253 286
1253 904
1253 5009
1253 3257
1253 5010
1253 1947
1253 2689
1253 5012
1253 2277
1253 1265
1253 5015
1253 1258
1253 763
1253 2635
1253 2314
1253 1986
1253 5017
1253 1378
1253 3510
939 712
939 1798
939 172
939 2614
939 1658
939 735
939 791
939 989
939 933
939 913
939 830
939 298
939 1616
939 523
939 711
939 1371
939 1657
5022 3987
1502 673
1502 30
1502 937
1502 1492
1502 735
154 155
154 153
503 2789
503 548
503 2539
805 801
805 65
805 436
805 738
805 2299
805 469
805 647
805 1023
805 394
805 4577
325 326
325 323
325 791
325 3
325 1086
325 1434
325 1077
325 306
325 441
325 110
325 2249
325 2094
325 345
325 304
325 344
325 5056
39 362
39 677
39 841
39 1125
39 9
39 739
39 30
39 743
4873 1613
4873 2214
4873 3890
4873 1816
4873 4403
2886 3099
4889 3333
68 67
68 1987
3392 9
3392 597
3803 624
3803 30
3803 3116
3803 1307
3803 925
3803 1524
373 445
373 1557
373 30
373 1518
373 1908
373 1996
373 316
373 1993
373 548
373 441
373 45
373 440
373 175
373 436
373 1159
5082 1303
5084 2792
498 893
498 5090
1557 1159
5091 647
5091 1450
3641 764
717 445
717 215
717 1908
717 30
717 1159
717 429
717 326
5103 162
5103 739
5103 373
5103 1434
5103 377
5103 2284
5103 4645
5103 425
5103 508
5103 445
5103 1515
5112 5113
1403 466
1403 1400
1403 30
1403 286
1403 323
1403 1754
1403 1404
298 595
298 121
298 1357
298 2985
298 989
298 34
298 3441
298 810
298 481
298 4176
298 933
298 638
298 1485
298 4396
298 632
298 3265
440 316
440 1996
440 437
440 2210
440 4188
440 1085
440 436
440 3735
440 1908
440 441
440 429
440 1269
440 445
440 1071
1880 65
1880 2303
1880 1879
2639 2635
642 30
642 735
642 2291
642 5124
642 858
642 791
642 1122
642 147
642 3346
3590 175
3590 49
336 362
2136 2134
2136 597
2136 791
2136 1003
2136 830
2136 513
2136 65
2136 717
2136 712
2136 649
2136 2939
2136 2135
2136 234
2136 989
852 2852
852 1125
681 739
681 3084
681 837
681 2594
681 786
681 2747
681 2593
738 801
738 2284
738 443
738 1085
738 316
738 436
738 701
738 92
738 104
738 739
738 3190
5139 316
5143 1562
5143 375
5143 3126
5143 1569
5143 2625
5147 764
406 1895
2799 1518
2799 2323
2799 5158
2799 1307
2795 597
2795 708
2795 802
2795 30
2795 1473
2795 1968
2795 1371
4109 739
4109 800
5163 441
5173 1961
5183 167
5183 1515
5183 737
7 2450
7 3
7 597
7 399
7 400
7 1542
7 1965
7 717
7 2282
7 2671
7 2193
7 708
7 4746
322 4489
322 4348
322 429
322 1650
322 643
322 1307
322 316
322 1282
322 35
322 916
322 323
322 893
322 795
322 104
322 113
322 65
322 578
322 2886
322 3395
322 955
322 1497
322 215
322 638
322 1819
322 45
322 863
322 3397
322 2199
322 336
5198 801
1165 791
1165 638
1165 737
1165 172
1165 830
94 1650
94 918
94 3178
5204 2781
5204 121
5204 643
5204 30
789 739
789 738
789 1628
789 802
4847 5218
533 306
533 1817
3065 3066
3065 1961
3065 118
3116 739
3116 30
3116 1307
3116 293
3116 267
3116 837
3116 2976
3116 2277
3116 939
3739 3125
5224 1236
3479 1781
9 739
9 30
9 3236
9 311
9 3628
9 1134
9 837
9 1798
9 1705
9 1424
9 172
9 1422
9 3342
9 1801
9 34
9 234
9 1170
9 738
9 514
9 316
9 65
9 39
9 113
9 1184
9 841
9 1434
9 2420
9 5236
9 2135
9 1812
9 1171
9 1165
9 844
9 764
9 276
9 362
9 2377
9 2518
9 1711
9 564
9 1703
9 1046
9 2698
9 964
9 904
9 1159
9 1695
9 1122
9 1281
9 695
9 1135
9 638
9 1998
9 2918
9 259
9 298
9 3392
9 1494
9 1071
9 94
9 14
9 81
9 2819
9 471
9 442
9 1495
9 1138
9 348
9 513
9 1585
9 3118
9 3318
9 1283
9 2482
9 1991
9 955
9 711
9 2551
5252 121
5252 30
5254 701
5254 429
5254 1816
1112 2757
1112 2214
1112 1110
962 286
962 514
962 1702
962 234
962 2985
962 4782
962 1113
962 2151
962 65
962 66
962 2135
962 802
962 789
962 837
962 3090
2420 764
2420 424
2420 1434
2420 2949
2420 1122
2420 1170
2420 562
2420 1125
2420 4544
2373 375
2373 1562
2373 1569
2373 1812
2373 2370
2985 298
2985 30
4235 708
4235 3426
1886 5124
1886 89
1886 175
2705 764
2705 677
2705 326
2705 2076
2705 1495
2705 1159
2705 717
2705 45
1996 172
1996 1085
1996 2210
1996 352
1996 437
1996 436
1996 326
1996 440
1996 316
1996 441
1996 286
1996 2133
1996 317
2549 2547
1846 1492
1846 1568
1846 30
1895 739
1895 445
1895 1546
1895 1518
1337 3572
712 989
712 791
712 523
712 172
712 2437
712 939
712 830
712 513
712 1469
712 938
712 595
712 2761
712 1357
712 1616
712 30
712 344
712 2450
712 1002
712 1851
712 460
3395 377
3395 764
3395 110
3395 3076
3395 322
1711 400
1711 405
1711 2352
1711 2469
1711 737
1711 1248
1711 2423
33 34
33 30
33 191
33 753
33 893
33 1315
3729 188
1907 440
2754 5313
2754 644
2754 128
2754 802
2754 5314
2754 1650
2754 4948
2754 2755
2754 2664
5090 498
3256 1371
3256 711
3256 786
3256 441
3256 1495
5169 1711
5169 400
5169 1248
5329 642
3474 1340
3474 893
3049 1589
3049 348
3049 543
3049 791
3049 2199
3049 728
2544 2543
922 2021
922 1839
922 1812
922 3255
922 1340
922 2880
922 1515
922 523
922 113
922 524
922 469
922 1485
922 258
922 1165
922 234
922 5342
922 918
922 743
922 1514
922 728
3890 2214
3890 1317
3890 1031
3890 4403
3890 1816
3890 173
3890 1092
3793 3559
678 30
678 514
678 1798
678 1629
678 2450
678 1754
678 6
678 989
678 2905
678 1492
678 1805
678 5352
678 791
678 1566
678 2614
678 4176
678 624
678 523
678 3
678 1031
678 830
678 712
678 1495
678 1357
678 1046
678 2830
678 2557
678 1558
678 469
678 67
678 711
678 1371
678 2437
678 1840
678 2251
678 172
678 1851
678 513
678 3799
678 1993
5356 224
1905 1904
424 118
424 425
424 642
424 427
424 2420
424 764
424 1170
424 1660
424 1122
424 287
424 4962
424 1520
424 806
424 647
424 423
424 562
424 45
424 3066
3482 1781
1527 1525
5372 708
5380 454
224 286
224 578
224 310
224 2586
224 597
224 2619
224 5356
224 35
224 113
224 3902
224 316
224 4252
224 2608
224 3241
224 3678
224 614
224 1473
2092 429
4616 286
42 918
42 3552
42 4741
42 597
42 1247
42 1649
42 45
42 1253
42 5386
1649 1869
1649 42
3486 1781
3486 30
3139 445
3139 323
3139 1516
3139 3102
3139 345
30 1495
4544 3805
4544 1170
4544 2420
67 1958
67 66
67 69
67 68
67 286
67 632
67 461
67 5399
550 437
550 1269
5407 326
5407 325
2304 323
2304 326
5408 286
471 1751
1159 326
1159 1085
1159 316
1159 1799
1159 436
1159 175
1159 1023
1159 2238
1159 1557
1159 30
1159 647
1159 1895
1159 445
1159 523
1159 2518
1159 1834
1159 2880
1159 215
1159 1908
1159 373
1159 2226
1159 844
1159 717
1159 5162
1159 2787
1159 400
1159 441
1159 2267
1159 437
1159 737
1159 2085
1159 2219
1159 5052
1159 2635
1159 5386
614 739
614 789
614 837
614 2679
614 805
614 632
614 5031
614 893
1841 989
1841 1840
811 30
4536 5266
4536 1936
4536 113
4952 274
5448 2277
5448 5313
5448 789
463 370
463 1378
463 712
463 461
463 2705
463 4939
463 858
463 369
427 118
427 30
427 642
427 424
427 425
427 624
427 1799
427 3573
5451 830
5324 5456
3118 514
3118 9
5458 2251
5458 1092
1811 2922
1811 345
1811 597
1811 995
1811 791
5471 1943
5471 3536
5472 2412
5472 995
5472 1314
5472 1029
5472 286
5472 344
5472 599
5472 1915
5472 4748
1616 326
1968 1371
1968 1003
1968 30
215 735
215 737
215 34
215 1085
215 405
215 1703
215 1834
215 638
215 3346
215 2880
215 3152
215 227
215 893
215 3274
215 358
215 759
215 1801
215 2700
215 841
215 1585
215 191
215 429
215 1159
215 322
215 3286
215 711
215 5069
215 614
215 802
237 1315
237 1422
237 377
105 2453
105 286
105 858
105 430
105 1122
105 377
105 113
105 110
105 1479
105 748
105 1213
105 2501
105 743
105 647
105 953
1492 937
1492 673
1492 5491
1492 3933
2715 1818
5498 801
2781 429
2781 2092
2781 1066
2781 863
2781 2222
2781 2415
2781 4227
2781 707
2781 3397
2781 1823
2781 1816
2781 578
2781 1269
2781 4410
2781 1554
2781 643
2781 853
2781 2219
2781 1057
2781 739
2781 2205
5501 5502
3255 1340
4956 809
1671 326
1671 1184
1671 2135
1671 45
1671 1557
1671 1134
1671 858
1671 323
1671 904
1671 1702
1671 94
1671 2565
1671 918
1671 795
1671 643
1671 306
1671 4970
5269 649
5512 30
5512 739
2152 2134
355 286
355 3280
523 1077
523 933
523 33
523 34
523 1159
523 893
523 2271
523 712
523 466
523 304
523 829
523 172
523 1754
523 2614
523 1557
523 2985
523 298
523 1798
523 2482
523 939
523 469
523 989
523 543
523 2226
523 830
523 1003
523 45
5523 4152
5523 4601
1402 1400
1038 990
1038 1029
1138 9
1138 923
1138 1585
1138 963
1138 681
1138 712
1138 5531
1138 1112
1767 3280
1767 58
1767 57
2751 739
2751 1689
2751 801
2751 789
2751 1659
2751 1754
2751 2961
89 30
89 286
89 1046
89 1886
89 92
89 893
89 764
89 1650
89 630
89 1624
89 1174
5537 1704
5352 469
5352 1886
5540 919
5540 89
5540 632
1659 837
304 1754
304 30
304 739
304 316
304 1799
1243 1236
1243 233
841 844
841 34
841 1936
841 311
841 2614
841 9
841 1658
841 3275
841 39
841 1761
841 1701
841 1125
841 1542
841 918
841 1269
841 215
1036 2307
1036 3748
1864 1861
2205 429
2205 1823
2205 578
2205 643
3187 175
3187 1546
3187 3099
3187 2886
3211 1492
3211 1568
3211 30
1086 466
1086 30
1086 306
1086 1434
1086 1400
1086 326
1086 323
1086 1401
1086 3
1086 1546
1086 325
1086 1071
1086 3337
1963 1650
1963 1816
1963 5031
1963 45
1963 4827
1963 2199
1963 927
1963 469
1963 4956
1963 5569
1963 34
1963 2539
1963 923
1963 617
1963 1046
1963 1899
1963 399
1963 919
352 2157
352 1924
352 2076
352 1961
3573 30
3571 3784
3571 2646
3571 2307
1869 460
1869 1247
1869 2372
1869 1649
1869 1657
1869 1870
5574 286
72 167
3090 234
3090 66
3090 962
3757 286
3757 118
728 649
728 727
5588 1965
5588 2024
3905 3205
2282 7
2282 597
2282 2281
2282 1385
2282 2671
2282 45
2282 2417
2282 708
2282 830
2282 1378
2282 794
2282 904
2282 2219
2282 3890
2282 1046
2282 880
2282 30
4489 322
2948 739
2948 30
2948 3615
1567 1568
1567 644
2284 1085
2284 738
2284 30
2284 701
3121 286
3121 643
3121 1518
3121 1801
5650 5651
5650 416
2941 1616
2941 1023
2941 1495
2941 695
5653 2332
1028 175
5654 2703
2518 9
2518 764
918 737
918 286
918 916
918 2157
918 5668
918 743
918 175
918 1071
918 274
918 1671
918 638
918 1571
918 42
918 629
5672 121
880 175
880 743
880 3031
880 210
880 1514
2214 430
2214 2551
2214 1112
2214 796
2214 1031
2214 4593
2214 172
2214 802
2214 113
2214 1317
2214 460
2214 1768
5673 1961
5673 352
5673 3668
5673 1178
1057 429
1057 1816
2646 172
2646 350
2646 1754
2646 2172
2646 2076
2646 3571
2646 1315
2646 2271
2646 933
2646 810
2646 791
436 1085
436 440
436 2210
436 1996
436 326
436 352
436 30
436 1159
436 738
436 443
436 437
436 316
436 441
3886 45
3886 802
3886 2151
3886 739
3886 789
3886 65
3886 681
3886 9
317 121
317 1085
317 319
317 286
317 352
317 437
317 16
317 1996
317 30
317 743
317 316
317 2210
317 320
317 1159
317 764
317 1924
317 739
317 698
624 655
624 215
624 1768
624 830
624 620
624 629
624 1524
801 172
801 829
801 1085
801 1505
801 104
801 1308
801 92
801 739
801 1628
801 436
801 837
801 1754
801 647
801 1023
801 2238
801 2213
801 1061
801 853
801 1682
801 805
801 469
801 2312
801 405
801 2751
801 101
801 1675
801 2299
801 2961
801 2216
801 562
801 1557
801 424
801 1170
801 1125
801 3236
801 863
801 5498
801 394
801 786
801 895
801 5198
801 869
801 2104
801 1247
972 121
972 597
972 1899
972 274
972 162
2581 562
2581 3883
5010 323
5010 1762
5010 647
1702 638
1702 791
1702 1675
1702 1671
1702 962
1702 1174
5502 802
5502 5501
3050 739
5386 5698
5386 42
5386 1649
5386 1834
5386 215
3615 2948
3615 377
3615 3180
1046 989
1046 1045
1046 806
1046 617
1046 1653
2759 30
2759 673
2388 4072
1642 1754
1642 30
1642 316
1642 1834
1642 1357
1642 286
1642 791
1642 858
1642 893
1642 3952
1642 711
1642 620
1642 1851
1642 1495
1642 437
1642 989
925 30
925 617
925 323
925 116
925 115
925 114
925 1525
925 2193
925 675
925 5729
925 1108
925 3803
925 2396
1653 1965
1653 1045
1653 624
1653 2700
1653 2332
1653 865
1653 182
1653 183
1653 2850
1653 2111
1653 4507
1653 2113
1653 2112
1653 2580
1653 3603
1653 673
1518 30
1518 5736
1518 1895
5738 2450
5738 1316
4104 927
4104 632
2888 2551
2050 375
2352 1248
2352 1711
2352 405
2352 400
2382 1357
3441 298
3441 34
3441 791
3441 918
3441 427
1721 274
2792 30
2792 466
2792 471
2792 1899
2792 829
2792 830
2792 454
2792 5380
2792 215
5681 647
5659 3102
1479 748
1479 764
3215 110
3215 2453
3215 4421
1812 92
1812 647
1812 2291
1812 922
1812 858
2201 286
2201 764
1562 375
1562 3785
1562 3126
1562 1385
1562 1569
1562 5143
3323 1061
1799 30
1514 1515
1514 2932
1514 65
2372 620
1077 1401
1077 1434
1077 858
1077 430
1077 325
1077 323
1077 326
1077 3316
1077 167
5771 58
5771 1908
5771 649
5771 647
5771 1450
5771 738
5771 317
5771 49
5771 2210
5771 1840
5771 96
5771 92
5771 352
5771 466
5771 678
5771 677
5771 230
5771 2841
1531 344
1531 5772
5773 34
5291 1285
5291 348
3078 739
3078 1308
3078 789
3078 837
3078 642
5777 3181
5494 469
5784 4577
641 30
641 3031
1108 116
1108 30
1108 925
1108 115
1108 114
1108 5797
1108 2396
4948 844
4948 2754
5808 5253
5808 801
5808 4496
5808 841
173 175
173 30
173 1317
173 893
173 2482
173 1236
173 348
173 445
173 1908
173 717
173 5819
173 2214
173 2232
173 3890
173 4403
173 3752
173 4645
173 5820
173 172
173 1872
3031 92
3031 104
3031 1316
3031 1485
4176 298
4176 2985
1836 437
1836 1834
5826 3176
5826 4899
5826 2333
5826 3488
2173 937
2173 2792
2173 1003
2173 1851
3153 5698
2787 399
2787 1732
2787 2372
3671 450
289 916
289 191
289 288
5841 5534
4410 1004
2918 597
2918 791
5843 1515
3824 241
3824 1446
3824 352
3824 2076
3883 424
3883 425
3883 45
1155 2320
1155 1154
1155 286
1155 2312
1155 2216
1155 764
1155 1269
4085 302
4085 191
4085 286
5599 643
5599 45
4740 175
4740 1247
4740 286
4740 30
4740 2789
5850 286
102 3115
102 1644
102 30
102 65
102 739
102 5852
102 1516
102 323
102 2162
102 345
102 5158
102 831
102 3316
102 2961
102 1063
102 801
102 789
294 227
294 283
3814 1155
3980 739
3425 175
1953 325
1953 188
1953 727
5860 30
4784 2614
454 448
454 5380
454 2792
4624 4118
1851 490
1851 1968
1851 513
3342 1046
3342 3341
3342 9
3342 3902
2377 1799
2377 92
2377 348
11 1589
11 30
11 1155
370 463
370 399
370 369
5871 30
5871 286
5872 1648
5872 101
5872 102
5872 104
5872 105
5872 2905
5872 677
5872 678
5872 466
5872 352
5872 1029
5872 995
5872 1963
5872 1849
890 632
890 210
890 399
890 1494
890 429
890 794
890 806
890 461
890 630
890 45
2172 172
2172 34
2172 1603
2172 1754
2172 933
960 233
960 524
375 1562
375 283
375 286
375 647
375 227
375 1155
375 748
375 2050
375 30
2079 844
5885 362
443 1085
443 738
443 30
443 352
443 437
443 320
1970 3031
1970 186
5890 2450
4403 3890
4403 442
4403 1317
5910 737
3959 2783
1085 326
1085 30
1085 352
1085 3115
1085 3306
1085 3308
1085 2971
1085 858
1085 1132
1085 1071
1085 65
1085 801
1085 1546
1085 2284
1085 443
1085 738
1085 1996
1085 1159
1085 2210
1085 437
1085 436
1085 316
1085 440
1085 441
1085 286
1085 215
1085 104
1085 783
1085 1023
1085 1557
1085 997
1085 739
1085 304
1085 2872
1085 1834
1085 413
5924 1840
5924 3027
5924 49
5924 317
5924 1849
5924 649
5924 647
5924 1450
5924 738
5924 638
5924 30
5924 641
5924 2214
5924 233
5924 440
1285 3516
1285 1580
1285 2199
1285 638
1285 92
1285 5291
1285 3078
1285 1281
1285 1485
3318 4112
3318 286
3318 49
3318 175
3318 9
3318 1402
3318 3121
3318 45
3318 1839
3318 58
3318 167
3318 57
3318 595
3318 1767
3318 5930
3318 1450
3318 274
3318 1703
3318 1125
3318 853
3318 67
3318 3590
3318 737
3318 113
3318 1138
3318 1642
3318 2883
3318 938
3318 227
3318 2332
3318 819
3318 2157
5369 286
5369 34
2004 764
2004 1122
2004 642
2004 1125
2004 425
3837 5945
1993 30
1993 1436
1993 2067
1993 172
1993 34
1993 2614
1993 791
5947 781
5949 5950
5951 45
5027 1134
2016 2605
667 2291
3784 350
3784 352
3784 3571
3784 2076
1238 830
970 597
2829 1500
933 2947
933 172
933 2271
933 2647
2664 1253
2664 45
2664 2754
405 739
405 30
405 801
405 1308
405 1799
405 1628
405 2237
405 286
405 326
405 445
405 436
405 440
405 175
405 853
405 789
405 738
405 2213
405 1694
405 701
405 1818
405 5986
405 2238
405 1546
405 737
405 643
405 441
405 1085
405 104
405 1023
405 3137
405 3280
405 916
405 2356
405 1036
405 837
405 1895
405 641
405 172
405 400
405 1711
5987 1494
5158 286
5158 175
159 1603
2199 16
2199 5252
2199 1285
2199 3049
2199 3030
2199 1567
2199 5896
2199 4577
2199 1963
2448 2445
2448 2447
2448 2446
2448 786
2448 837
2448 801
2448 2887
2448 9
2679 614
2679 647
6001 121
1899 923
1899 2522
1899 972
1899 89
1899 513
1899 1819
1899 1998
1899 3027
1899 461
1585 564
1585 30
1585 9
1585 791
1585 641
1585 304
1585 348
1585 191
1585 215
1585 805
1585 844
1523 1046
1523 806
2198 1125
2198 429
2198 852
6017 286
6017 175
559 557
2923 2922
2923 4394
2923 345
1313 837
1313 789
1313 1514
1314 30
1314 2102
6028 1849
6028 3031
6028 2216
6030 5760
4645 173
737 30
737 1759
737 352
737 918
737 2157
737 2805
737 348
737 789
737 1628
737 230
737 167
737 695
737 1711
737 1159
737 65
737 400
737 405
737 1236
737 1248
1644 30
1644 3115
1644 102
1644 789
1644 739
1644 738
1644 345
1644 837
1644 1754
1644 893
5480 1385
5480 375
5480 1562
1132 1616
1132 735
1132 1495
1132 30
1132 791
1132 1357
1132 1436
1132 352
1132 326
1132 172
1132 1085
1132 1798
1132 638
1132 2210
1132 437
1132 348
2076 352
2076 2307
2076 350
2076 3668
2076 3571
2076 2587
2569 2985
2569 1751
2569 345
4802 2214
5009 5433
5009 2267
632 1703
632 597
632 92
632 5069
632 1739
632 1746
632 4899
632 923
632 121
632 1236
632 66
632 614
632 4671
632 429
632 362
632 2042
632 215
632 1744
632 717
632 1962
632 2232
632 437
632 4004
632 2166
4422 641
4422 323
4422 350
704 705
2258 1531
2258 1525
2258 1436
919 1832
919 113
919 605
919 2005
919 1703
919 711
919 4626
919 5540
919 893
919 970
919 952
919 5757
919 995
919 1305
919 173
919 620
919 399
919 548
186 2482
186 1970
186 5951
5551 647
5551 30
5551 175
5551 286
727 30
727 1798
727 513
727 1495
727 1953
727 1956
727 6058
727 6059
727 45
727 1872
727 597
727 348
727 989
727 1840
727 897
727 2352
727 960
727 1371
727 186
727 1177
727 699
727 3800
1307 3116
1307 739
1307 102
1307 1659
1307 2799
1307 1305
1307 679
1307 2277
1307 1929
6063 1589
6063 1682
2216 405
2216 743
2216 2323
2216 429
2216 4577
2216 837
2216 437
2216 595
2949 2420
2949 764
2949 1122
2133 436
2133 1996
1425 1424
1425 1423
1425 1422
4593 427
2286 441
2286 701
2286 904
4513 429
4513 1063
4513 643
6083 1031
2510 2244
5820 173
4215 3835
4215 1154
5456 5324
5456 6039
5456 1236
5456 2948
1387 1378
1387 708
1387 597
1387 30
1387 116
643 429
227 215
227 1178
227 1134
227 58
227 1562
227 3296
227 1704
227 4939
227 3824
227 3265
227 927
227 121
3752 30
3752 1798
3969 437
3053 739
3053 2239
3053 6102
4741 1485
2725 323
2725 2323
2725 325
4798 30
6109 1963
6109 227
6109 2412
6109 1996
6109 2420
6109 306
6109 1122
6109 643
6109 810
6109 440
6109 233
6109 30
6109 638
6109 738
6109 1450
2193 675
2193 2879
2193 7
2193 617
2193 925
2193 904
3178 2073
3178 35
3178 94
3178 425
3178 424
3178 118
3178 30
469 1682
469 104
469 92
469 801
469 1023
469 45
469 1834
469 893
469 523
469 705
469 2334
469 394
469 1571
469 2715
469 1963
469 362
469 1768
469 224
2267 1010
2267 2555
2267 2366
2267 2899
2267 4142
2267 5433
2267 4573
2267 3284
2267 2365
2267 3737
2757 30
4662 4661
1515 922
1515 918
1515 67
1515 167
1515 5342
1515 1514
1515 6120
1515 801
1515 5843
6122 852
6122 2681
6124 94
1463 1125
1463 852
1463 1462
3102 345
3102 30
3102 5659
3102 3139
3102 1650
3102 344
3102 3103
946 2213
946 45
946 469
946 104
946 405
5945 3837
5945 3482
3721 1479
3721 647
6134 844
14 2565
14 92
14 94
14 3274
14 284
14 311
306 1401
306 2249
306 2698
306 2225
306 2700
306 958
306 1817
306 323
306 533
2113 1653
2113 4507
2113 2111
2113 2850
2113 182
2113 2112
2113 673
5716 429
5716 121
5510 677
5510 1112
5510 1812
5510 897
543 323
543 1401
543 3049
543 326
543 2094
543 2304
543 2302
543 523
543 344
543 595
543 466
543 345
2143 4887
2143 852
4939 227
101 175
101 30
1327 997
1327 2251
927 2539
927 1046
927 1134
927 3805
927 701
927 399
927 4104
927 1963
927 4956
927 3236
3805 1122
3805 1170
3805 4544
281 191
281 783
281 175
293 1705
829 1434
829 306
829 642
829 424
829 677
829 638
829 481
829 4977
829 175
829 1485
829 2327
829 2019
6157 957
6157 927
6157 1813
6158 1489
6158 677
1569 375
1569 2625
1569 1562
1569 283
1569 110
1569 1781
1569 3126
1569 227
1569 708
1569 5143
1569 1385
1569 2373
1569 5480
1569 294
1569 3615
1569 286
1569 336
1569 4717
1648 1434
1648 1401
1648 350
1648 1495
1648 30
1648 1122
1648 345
1648 306
1648 326
1648 323
1648 325
1648 1340
6163 819
6163 1046
6163 429
553 989
553 45
553 1943
4601 5523
4601 4152
1633 326
1633 30
1633 1434
1633 323
1633 352
1633 1071
1633 286
1633 466
1633 350
1633 829
1633 175
1316 1485
1316 104
1316 1603
1316 92
1316 679
2975 1968
2975 810
2975 348
964 121
964 175
964 1316
964 1546
964 101
964 30
964 852
964 286
16 317
16 30
16 852
16 1125
16 241
5056 325
753 33
753 30
753 34
2366 2267
2366 2899
2366 4573
2366 3284
3488 1961
1961 352
1961 5673
1961 241
1961 3008
1961 3784
1961 2076
6198 2251
6203 6204
615 30
615 1754
2334 737
2334 963
6102 739
6102 121
6102 4391
6102 425
6102 445
6102 175
6102 2239
6102 3053
182 1653
182 183
182 1965
182 424
182 2850
182 4507
182 2111
182 427
182 1046
182 233
182 461
182 30
182 2112
182 180
182 89
2747 3084
2747 2593
2747 681
2747 739
2747 837
2747 1694
2747 1516
2747 5875
2747 802
2747 2744
2747 962
2747 863
2747 789
2747 2961
1813 326
1813 2102
1813 1314
1813 429
1813 30
1813 1518
1813 306
1813 578
1813 1839
1813 1819
1813 995
1813 717
1813 65
2229 429
4977 30
4977 829
344 323
344 1401
344 345
344 595
344 326
344 466
4027 3413
4027 924
4027 5059
6222 427
6031 2549
6227 310
1751 4489
1751 110
1751 234
1751 471
113 764
113 352
113 105
113 1340
113 175
113 1812
113 45
113 1134
113 4536
113 802
113 919
113 3318
113 1880
113 233
1759 323
1759 1546
1759 737
197 1023
197 172
197 4341
197 1077
197 286
197 204
197 203
197 191
197 258
3380 916
2671 1768
2671 66
2671 919
2671 675
2671 469
2671 7
2671 2282
2671 336
2671 830
2671 4594
2671 3426
2671 597
2671 3909
2671 1963
2671 238
2671 2373
2671 1371
2671 1367
2671 2134
2671 897
2671 3320
361 735
361 1403
361 1580
361 1993
361 30
4117 6237
4117 1704
2784 1816
2784 708
2784 922
2784 429
6242 14
6242 3628
1436 118
1436 735
1436 830
3613 642
1832 919
1832 89
461 1899
461 890
461 399
461 1653
461 188
461 233
461 182
461 1378
461 463
461 3072
461 67
461 57
461 1177
461 3089
461 1159
461 1317
461 3415
461 460
4976 286
1317 2214
1317 430
1317 3890
1317 34
1317 4403
1317 1613
1317 3848
1317 1816
1317 802
1317 1155
1317 173
1317 377
1317 1788
1317 3369
1317 1057
1216 513
1216 597
1216 30
1216 352
1216 1122
1216 104
1216 1378
1216 45
1216 605
1216 946
5875 2747
5875 681
3071 1520
3071 424
3071 425
3071 118
2210 352
2210 30
2210 1159
2210 738
2210 443
2210 1085
2210 1996
2210 437
2210 6268
2210 316
2210 436
2210 440
2210 441
2210 286
2943 172
2943 2320
777 2232
777 1378
777 711
777 3426
777 708
777 173
777 3435
777 1332
777 6269
777 1890
1378 6270
1378 2740
1378 188
1378 37
1378 186
1378 2085
1378 6272
1378 6273
1378 6274
1378 276
1378 708
1378 4058
1378 2177
1378 4127
1378 162
1378 3793
1378 4562
1378 819
1378 2083
1378 638
1378 167
1378 6277
1378 1159
1378 1177
1378 858
1378 231
1378 2969
1378 258
1378 1494
1378 65
1378 1642
1378 919
1378 946
1378 441
1378 3031
1378 2162
1378 1611
1378 461
1378 1965
1378 413
1378 336
1378 4258
1378 45
1378 104
1378 2705
1378 274
1378 809
1378 1874
1378 1361
1378 1387
1378 1485
1378 964
1378 1253
1378 6283
1378 6284
1378 5599
1378 2664
1378 3257
1378 1623
1378 2710
1378 430
1378 1056
1378 2286
1378 629
1378 234
1378 110
1378 197
1378 3628
1378 1816
1378 1271
3774 348
3774 642
3774 310
3774 858
2457 377
2457 110
2457 1479
2457 105
2457 2453
2457 1604
2457 748
2457 2461
2457 424
2457 1213
2457 647
2457 3215
2271 172
2271 1315
2271 350
2271 933
6297 4536
548 34
548 316
548 2745
548 1697
548 503
548 362
548 373
548 919
548 2539
548 4215
1843 1841
2741 708
2741 30
2741 233
2741 5921
2741 2939
1247 1629
1247 801
1247 644
1247 708
1247 1797
1247 1869
1247 4740
1247 597
1247 1248
1247 2352
1247 2664
1247 2085
1247 172
695 172
3464 3465
3464 473
3464 30
3464 450
6319 6320
2449 6
2449 2446
6323 336
311 841
311 9
311 30
311 234
6328 424
1269 596
1269 30
1269 642
1269 2417
1269 436
1269 429
1269 643
1269 2092
1269 918
1269 578
1269 2216
1269 550
1269 802
1817 306
1817 533
4023 286
4023 2681
4023 30
1315 237
1315 1422
1315 2332
1315 2271
1315 791
1315 810
1315 172
1315 2172
1315 350
1315 933
1315 913
1315 34
1315 134
2303 1113
2303 238
6353 316
6353 352
6353 440
6353 286
6353 1085
6353 642
6353 326
796 2214
796 1023
796 2226
6354 4003
6354 969
6354 1163
6354 4496
3413 4676
3413 68
2883 445
2883 649
2883 1495
2883 1436
2883 701
2883 916
2883 172
2883 2614
2883 14
2883 2887
1023 4543
1023 469
1023 1818
2151 962
2151 1046
2151 45
2151 113
2151 739
2151 5896
4748 1134
4748 670
4748 154
4748 274
4748 2932
4748 5027
4748 1515
4748 3779
4748 1273
4748 629
786 837
786 893
786 801
786 802
786 2687
1371 711
1371 3205
1371 712
1371 1968
1371 3256
1371 306
1371 1851
1371 30
1371 2372
5005 116
5005 1106
60 791
3895 2670
3895 66
3895 4149
5314 642
5314 2754
5314 128
1404 1400
1404 466
1404 1403
1404 2555
6373 2284
35 33
35 753
35 25
35 34
35 224
35 3837
35 3178
284 647
284 287
2486 5803
1308 801
1308 739
1308 405
1308 2799
4394 2923
4394 2922
4394 345
2999 35
2999 177
2999 1327
5569 578
5569 429
5569 175
5569 1816
57 58
57 1767
57 227
57 67
57 853
57 330
5491 1492
5491 3933
4361 30
4361 677
4361 2879
4361 348
4361 175
4361 286
4361 49
4361 405
1135 14
1135 764
1135 1554
3399 1816
3507 3909
952 14
952 858
952 739
952 1797
952 863
1958 67
1958 234
326 466
326 30
326 735
326 1086
326 306
326 1071
326 1434
326 1400
326 1314
326 2102
326 1433
326 1633
326 1401
326 323
326 345
326 1436
326 352
326 350
326 1085
326 858
326 642
326 1122
326 325
326 2971
326 3306
326 1759
326 677
326 2588
326 1637
326 3516
326 436
326 1159
326 286
326 104
326 92
326 739
326 764
326 647
1966 418
3066 3065
3066 5962
3066 424
222 2225
425 424
425 118
425 427
425 423
425 1170
425 1520
425 2004
425 764
425 1122
425 2420
1357 735
1357 1616
1357 1314
1357 30
1357 1633
1357 829
1357 791
1357 34
1357 2761
1357 481
1357 937
1357 1361
1357 2382
1357 1851
1357 712
1819 597
1819 1813
1819 995
1819 1998
1819 34
2407 2406
2407 2405
2407 30
2407 565
1936 841
1936 2327
1936 4536
1936 121
6204 6203
1170 2949
1170 764
1170 2420
1170 424
1170 1125
1170 1122
1170 359
1170 869
1170 425
1170 4694
1170 649
1170 3805
1170 65
1170 118
1170 562
1170 647
1170 1046
1170 1304
1170 1494
1170 696
1346 2757
1346 624
6431 1915
6431 316
6431 1515
3536 45
3536 2787
6432 326
6432 30
6432 4069
6433 649
6433 3275
6433 3318
6433 809
6433 3740
1934 810
1934 923
1934 841
1934 1628
1934 42
1934 971
1934 1629
1934 922
1934 617
1934 853
1934 795
1934 806
1934 1633
1934 1634
1934 548
1934 1086
1934 1637
1934 1361
1934 1642
1934 1644
1934 957
1934 1648
1934 1650
1934 1566
1934 1653
1934 1063
1934 96
1934 1585
1934 1657
1934 1658
1934 1659
1934 681
1934 1660
1934 298
3748 1036
971 1046
971 67
971 34
971 1171
971 89
971 1303
971 955
971 841
971 1703
971 712
971 923
971 319
971 429
971 1282
971 2021
971 3125
1520 425
1520 118
1520 424
1520 427
1520 3071
6439 1045
3572 45
3572 1337
3572 1660
941 524
3480 4676
3480 1781
6447 424
2587 2076
2587 2586
1865 110
1236 1243
1236 4671
1236 2232
1236 486
1236 1908
1236 5069
1236 1668
1236 221
1236 737
1236 1825
1236 597
1236 1514
1236 632
1236 2707
1352 853
1352 1371
6453 30
6454 1046
6457 642
1650 3102
1650 94
1650 322
1650 1496
1650 809
1650 89
1650 642
1650 1963
1650 6458
1650 2754
1650 802
675 673
675 893
675 671
675 116
675 2193
675 925
6460 6461
437 443
437 30
437 1122
437 2210
437 352
437 1085
437 1996
437 1159
437 440
437 4188
437 858
437 316
437 441
437 2725
437 1834
437 445
437 2323
437 550
437 394
437 429
437 2216
437 1642
437 215
989 1400
989 1404
989 121
989 1754
989 466
989 286
989 1132
989 298
989 4368
989 2555
989 1100
989 304
989 1046
989 2614
989 1658
989 1436
989 172
989 348
989 2271
989 350
989 1841
989 735
989 1840
989 712
989 829
989 844
989 524
989 1495
989 791
989 523
989 1589
989 810
989 939
989 1003
989 2226
989 2450
989 1588
989 1851
989 620
989 513
989 2302
989 1817
989 4176
989 728
4067 310
1943 553
2698 306
2698 304
620 712
620 830
620 2450
620 2251
3148 1178
3148 841
1367 289
110 105
110 2453
110 764
110 377
110 348
110 3641
110 3334
110 1122
110 1993
110 325
110 1604
110 424
110 2457
110 1479
110 2461
110 1213
110 748
110 1751
110 743
110 3337
110 2501
110 175
110 3215
110 121
110 1434
110 118
110 858
110 2320
110 5124
110 647
110 1603
110 326
110 3643
110 1497
110 3395
110 3216
110 1169
4746 2291
5266 4536
1937 2879
2314 1450
2314 167
2314 3564
4685 677
4685 30
800 118
800 286
800 647
4254 1823
4254 3740
4254 4250
4254 863
863 801
863 1823
863 739
863 837
863 429
863 802
863 2751
863 286
863 30
863 175
863 1659
863 853
863 643
863 1066
863 2781
863 3740
1100 1616
1100 30
1100 791
1100 735
1100 172
1100 595
1100 326
1100 344
1100 989
3412 597
1453 1125
3083 2593
6268 2210
2850 1653
6499 442
6499 429
6499 1122
2522 1899
2522 958
2522 632
2522 429
2522 3401
2522 1236
1798 30
1798 1915
1798 1132
1798 286
1798 1932
1798 1633
1798 1604
1798 1754
1798 345
1798 1061
1798 1315
1798 1961
1798 1929
1798 514
1798 647
1798 831
1798 1178
1798 1937
1798 60
1798 9
1798 712
1798 1357
1798 955
1798 918
1798 791
1798 513
1798 2985
1798 3800
3216 110
3216 1169
5757 919
1689 738
1689 739
1689 789
1689 801
1689 1628
1689 837
1689 3076
1695 739
1695 647
1695 837
3667 764
1845 1846
1845 937
1845 1492
2234 429
2234 2092
3643 377
3643 110
3643 2461
3643 647
923 3236
923 262
923 1138
923 971
923 258
923 1899
923 1304
923 524
3415 597
3415 708
3415 461
3800 3752
3800 30
3800 1798
3800 1071
6534 172
6534 224
6534 6535
6534 1569
1125 1453
1125 1170
1125 2420
1125 2949
1125 4694
1125 1281
1125 2004
1125 4630
1125 3026
1125 2198
