517 50
518 50
357 50
530 50
538 50
539 50
540 50
541 50
542 50
543 50
551 50
397 50
562 50
563 50
566 50
44 50
97 50
47 50
277 50
572 50
574 50
137 50
578 50
580 50
585 50
21 50
587 50
589 50
590 50
595 50
597 50
598 50
601 50
602 50
605 50
607 50
610 50
613 50
618 50
624 50
14 50
364 50
632 50
633 50
637 50
640 50
46 50
650 50
651 50
657 50
665 50
666 50
669 50
403 50
671 50
50 539
50 675
50 530
50 542
50 538
50 551
50 543
50 624
50 618
50 563
50 574
50 357
50 47
50 137
50 580
50 97
50 562
50 587
50 597
50 598
50 397
50 601
50 671
50 602
50 607
50 21
50 613
50 688
50 690
50 572
50 691
50 693
50 14
50 364
50 637
50 46
50 595
50 650
50 651
50 657
50 665
50 697
50 666
50 698
50 669
50 518
50 403
50 44
50 702
50 590
50 589
707 691
613 691
711 691
717 691
410 691
722 691
727 691
116 691
732 691
541 691
739 691
741 691
742 691
744 691
747 691
277 691
759 691
762 691
763 691
765 691
767 691
768 691
236 691
114 691
563 691
585 691
186 691
218 691
781 691
108 691
785 691
610 691
790 691
799 691
800 691
21 691
356 691
808 691
810 691
812 691
230 691
820 691
833 691
688 691
842 691
225 691
844 691
848 691
857 691
858 691
860 691
861 691
137 691
44 691
875 691
876 691
691 613
691 707
691 711
691 717
691 116
691 732
691 722
691 739
691 763
691 741
691 742
691 744
691 277
691 542
691 759
691 878
691 765
691 799
691 767
691 114
691 563
691 186
691 879
691 747
691 218
691 762
691 882
691 768
691 236
691 21
691 356
691 808
691 810
691 883
691 230
691 833
691 688
691 585
691 781
691 108
691 842
691 225
691 610
691 785
691 844
691 848
691 790
691 857
691 858
691 860
691 800
691 861
691 137
691 44
691 875
691 876
1008 613
44 613
858 613
542 613
732 613
186 613
857 613
563 613
1019 613
744 613
572 613
1021 613
763 613
1025 613
785 613
1027 613
707 613
1033 613
1039 613
1040 613
543 613
1042 613
277 613
1048 613
1050 613
1051 613
1056 613
162 613
812 613
1059 613
1065 613
1066 613
1067 613
1070 613
1071 613
613 1072
613 542
613 858
613 732
613 857
613 744
613 572
613 563
613 186
613 1021
613 1025
613 543
613 1039
613 785
613 1027
613 707
613 1040
613 1042
613 1048
613 1050
613 1051
613 1056
613 162
613 812
613 1059
613 1033
613 1065
613 1066
613 1082
613 585
613 1084
613 44
613 1093
613 1097
613 1099
613 1103
613 763
613 1108
717 44
277 44
1355 44
1027 44
566 44
1312 44
1509 44
951 44
1389 44
357 44
1460 44
744 44
800 44
1361 44
465 44
1328 44
1478 44
1244 44
618 44
990 44
580 44
711 44
1519 44
1039 44
610 44
1521 44
530 44
1099 44
141 44
1524 44
1025 44
1285 44
262 44
1528 44
1033 44
1284 44
1529 44
1531 44
1533 44
1534 44
129 44
763 44
590 44
1482 44
857 44
356 44
1547 44
633 44
1549 44
1506 44
732 44
563 44
47 44
542 44
572 44
785 44
44 717
44 542
44 543
44 563
44 1027
44 47
44 367
44 21
44 1312
44 732
44 800
44 1460
44 990
44 580
44 711
44 1519
44 1039
44 785
44 1355
44 141
44 744
44 530
44 1524
44 1025
44 1108
44 277
44 1528
44 1033
44 1284
44 1529
44 262
44 1361
44 1531
44 1509
44 465
44 1554
44 1534
44 1328
44 129
44 618
44 1478
44 763
44 357
44 911
44 1555
44 1482
44 857
44 951
44 356
44 1547
44 1549
44 1506
44 879
44 572
44 1559
44 541
44 589
44 590
585 47
1699 47
1179 47
1578 47
1704 47
563 47
46 47
1705 47
605 47
1706 47
1707 47
1576 47
1713 47
1714 47
1149 47
141 47
1715 47
1716 47
1717 47
1720 47
1724 47
1725 47
540 47
1726 47
1623 47
357 47
262 47
1565 47
1735 47
21 47
253 47
1505 47
1741 47
137 47
911 47
572 47
690 47
618 47
543 47
47 1699
47 1179
47 46
47 1704
47 605
47 1706
47 1705
47 585
47 1713
47 1715
47 1576
47 21
47 1750
47 1751
47 1716
47 1707
47 1755
47 1757
47 1758
47 1759
47 1764
47 1774
47 1726
47 1714
47 1741
47 141
47 1717
47 1784
47 1786
47 1565
47 768
47 1720
47 1724
47 1735
47 1791
47 1725
47 1792
47 540
47 1795
47 1578
47 1623
47 1505
47 563
47 137
47 911
47 1799
47 543
47 572
47 1802
47 1033
47 1803
47 530
47 702
47 1134
47 262
47 1660
47 589
47 542
47 675
47 1389
47 690
47 618
717 563
543 563
610 563
572 563
732 563
530 563
590 563
1285 563
744 563
618 563
785 563
318 563
541 563
542 563
356 563
587 563
426 563
1623 563
1680 563
1247 563
563 732
563 1285
563 717
563 618
563 543
563 530
563 572
563 542
563 610
563 785
563 744
563 690
563 318
563 1680
563 1179
563 356
563 587
563 1845
563 1623
563 1247
563 1240
563 590
1285 277
420 277
688 277
690 277
605 277
172 277
2075 277
763 277
848 277
1284 277
1675 277
610 277
711 277
2078 277
1865 277
744 277
1152 277
1039 277
541 277
876 277
1469 277
618 277
277 1285
277 172
277 763
277 420
277 1152
277 2075
277 618
277 848
277 690
277 1284
277 1675
277 543
277 610
277 542
277 688
277 1027
277 605
277 711
277 2078
277 1865
277 732
277 858
277 744
277 800
277 1039
277 876
277 1469
277 541
277 2084
277 844
277 116
277 538
277 1240
707 542
1175 542
530 542
744 542
543 542
580 542
21 542
572 542
1452 542
541 542
14 542
1812 542
403 542
585 542
1027 542
542 1175
542 580
542 707
542 543
542 744
542 1812
542 1452
542 14
542 403
542 541
541 732
1313 732
744 732
717 732
2090 732
481 732
610 732
530 732
1003 732
590 732
2092 732
820 732
2093 732
116 732
517 732
732 610
732 744
732 2090
732 717
732 116
732 1003
732 2092
732 820
732 2093
732 517
732 530
732 1697
732 541
732 590
732 481
1175 717
186 717
763 717
744 717
1070 717
707 717
1187 717
2121 717
1314 717
1312 717
572 717
711 717
1285 717
55 717
785 717
879 717
722 717
1586 717
717 186
717 1175
717 1312
717 707
717 744
717 1314
717 1586
717 1070
717 711
717 1285
717 1187
717 2121
717 55
717 785
717 879
717 722
717 763
2126 46
605 46
1706 46
2127 46
1715 46
585 46
1726 46
262 46
1179 46
1724 46
540 46
2129 46
1725 46
1578 46
1328 46
2134 46
2135 46
2136 46
1680 46
572 46
46 1706
46 605
46 540
46 262
46 1726
46 2141
46 1134
46 1033
46 1660
46 572
1027 744
541 744
572 744
711 744
540 744
1314 744
637 744
543 744
141 744
763 744
2146 744
799 744
1099 744
1033 744
812 744
744 541
744 637
744 141
744 1027
744 763
744 711
744 540
744 1314
744 543
744 799
744 1099
744 1033
744 2146
744 812
2248 580
632 580
2249 580
2253 580
1154 580
1741 580
916 580
580 632
580 2249
580 1462
580 2248
580 2257
580 2253
580 1154
580 2259
580 916
2265 1072
1613 1072
452 1072
1103 1072
861 1072
1639 1072
1646 1072
2276 1072
1621 1072
1469 1072
1606 1072
257 1072
1072 1613
1072 1469
1072 2279
1072 1103
1072 861
1072 1639
1072 1646
1072 2276
1072 1621
1072 1606
1072 257
1072 541
530 543
1361 543
1284 543
763 543
543 530
543 1361
543 1284
543 763
543 1252
543 1253
2301 1680
857 1680
1488 1680
1223 1680
2284 1680
116 1680
1154 1680
2303 1680
2304 1680
1813 1680
2306 1680
1482 1680
2108 1680
2309 1680
2310 1680
2314 1680
947 1680
2317 1680
1680 857
1680 1488
1680 116
1680 539
1680 2304
1680 1813
1680 2306
1680 2303
1680 2310
1680 947
1680 2314
1680 2301
1680 2317
1251 858
1252 858
1253 858
785 858
530 858
690 858
262 858
2336 858
1070 858
540 858
1175 858
711 858
1328 858
176 858
572 858
858 690
858 572
858 530
858 540
858 1175
858 1328
858 176
858 541
538 539
1488 539
2341 539
518 539
618 539
1494 539
2342 539
916 539
403 539
585 539
539 675
539 702
539 538
539 1488
539 618
539 2341
539 578
539 518
539 1494
539 2342
539 916
539 403
1949 1482
590 1482
763 1482
1179 1482
1223 1482
1039 1482
116 1482
1936 1482
1661 1482
2127 1482
14 1482
1284 1482
2098 1482
848 1482
2485 1482
1691 1482
1482 1179
1482 763
1482 1039
1482 1284
1482 1936
1482 1223
1482 1661
1482 2127
1482 14
1482 2098
1482 848
1482 116
1482 1691
1482 2485
1482 1949
1482 590
2496 356
186 356
364 356
392 356
356 2496
356 186
356 364
356 392
1361 137
2284 137
572 137
1039 137
690 137
848 137
1223 137
1399 137
1401 137
967 137
2515 137
137 1361
137 848
137 2515
137 572
137 1039
137 690
137 1223
137 1399
137 1401
137 2284
137 967
2304 1361
116 1361
598 1361
922 1361
1284 1361
14 1361
590 1361
2290 1361
370 1361
2540 1361
1361 116
1361 598
1361 2304
1361 2540
1361 922
1361 1284
1361 14
1361 590
1361 2290
1361 370
1082 1027
186 1027
785 1027
1187 1027
2384 1027
1576 1027
1056 1027
1249 1027
1070 1027
1315 1027
585 1027
1027 186
1027 1249
1027 785
1027 1082
1027 1187
1027 2384
1027 1576
1027 1056
1027 1315
1027 585
2587 572
785 572
781 572
262 572
1070 572
61 572
610 572
2158 572
21 572
711 572
1505 572
1328 572
541 572
2589 572
598 572
1706 572
540 572
585 572
572 785
572 262
572 2587
572 1070
572 61
572 2590
572 610
572 2158
572 21
572 711
572 1505
572 781
572 707
572 1328
572 2589
572 598
572 540
572 585
572 1082
572 1251
572 1252
572 1253
572 541
2598 21
587 21
186 21
1735 21
1706 21
1179 21
2600 21
799 21
1387 21
1315 21
637 21
2601 21
21 1792
21 1315
21 637
21 587
21 186
21 1706
21 2598
21 2600
21 799
21 1387
21 2601
21 262
21 1134
21 702
24 707
2511 707
711 707
1070 707
541 707
1328 707
707 24
707 1070
707 711
707 2511
707 2632
707 541
1750 1179
605 1179
1706 1179
585 1179
530 1179
540 1179
1704 1179
1725 1179
1244 1179
1179 605
1179 1706
1179 1699
1179 540
1179 585
1179 1704
1179 1725
1179 1244
1179 1966
541 857
762 857
947 857
857 762
857 947
857 541
1303 598
657 598
2150 598
114 598
2694 598
1488 598
598 1303
598 657
598 2150
598 114
598 2694
598 1488
1524 688
2502 688
711 688
2336 688
1070 688
688 711
688 1070
688 785
688 1251
688 1252
688 1253
1706 605
1724 605
585 605
540 605
2440 605
1576 605
605 1706
605 1699
605 2721
605 1799
605 585
605 1724
605 618
605 675
2246 538
1936 538
518 538
578 538
262 538
97 538
2054 538
602 538
538 2246
538 1936
538 578
538 262
538 518
538 97
538 2054
538 602
2127 97
1741 97
2129 97
2750 97
2751 97
2025 97
97 2134
97 2127
97 1741
97 2129
97 2750
97 2751
97 2025
1175 785
763 785
1576 785
1249 785
1021 785
610 785
651 785
2384 785
1042 785
1461 785
1124 785
216 785
108 785
2766 785
785 1175
785 763
785 1576
785 1249
785 1021
785 610
785 651
785 2384
785 1042
785 1574
785 1461
785 1124
785 216
785 2766
785 108
186 1312
410 1312
1314 1312
1521 1312
162 1312
141 1312
1312 186
1312 410
1312 1314
1312 951
1312 1869
1312 1521
1312 162
1312 141
768 1360
2809 1360
651 1360
2811 1360
2050 1360
390 1360
2813 1360
2814 1360
1488 1360
1360 768
1360 2809
1360 2064
1360 651
1360 2811
1360 2050
1360 390
1360 2459
1360 2813
1360 2814
1360 1832
1360 1494
1360 1488
2129 1845
1225 1845
1845 2129
1845 1225
1124 1070
2850 1070
61 1070
1567 1070
1249 1070
610 1070
1070 1124
1070 2850
1070 61
1070 1567
1070 1249
1070 610
477 116
541 116
690 116
2686 116
2230 116
116 541
116 477
116 690
116 2686
116 2230
114 618
990 618
566 618
2865 618
1284 618
2866 618
389 618
2867 618
2698 618
585 618
551 618
618 675
618 114
618 2871
618 2865
618 1284
618 2866
618 389
618 2867
618 990
618 2698
618 2766
618 551
618 1478
618 1240
2884 518
2885 518
971 518
2698 518
601 518
518 2884
518 2885
518 971
518 2698
518 601
164 1154
2284 1154
141 1154
1832 1154
578 1154
916 1154
1154 164
1154 2888
1154 916
1154 2284
1154 141
1154 578
1154 987
2897 98
2898 98
2902 98
2903 98
2905 98
98 2897
98 2898
98 2902
98 2903
98 2905
1460 990
392 990
370 990
2910 990
990 1460
990 370
990 392
990 2910
633 141
637 141
410 141
2916 141
1506 141
141 633
141 637
141 410
141 2916
141 1506
141 1134
1048 186
186 1048
1631 8
216 8
1689 8
8 1908
8 1631
8 216
8 1689
2108 14
1223 14
1240 14
1048 14
1238 14
2925 14
2439 14
2309 14
590 14
14 2108
14 1240
14 1048
14 2925
14 1238
14 2439
14 1223
14 2309
14 590
2941 2284
947 2284
2284 2941
2284 947
1576 610
711 610
1574 610
610 1576
610 711
610 1574
610 1263
1152 541
2121 541
762 541
1181 541
1284 541
590 541
848 541
61 541
790 541
800 541
951 541
1003 541
2962 541
1478 541
1509 541
2234 541
1113 541
1582 541
225 541
2760 541
114 541
574 541
2968 541
1303 541
1039 541
763 541
624 541
1223 541
2925 541
262 541
1253 541
1252 541
1251 541
541 1152
541 1003
541 2121
541 800
541 1181
541 1284
541 61
541 762
541 114
541 951
541 1509
541 2234
541 2925
541 1582
541 1019
541 848
541 225
541 790
541 2975
541 574
541 1184
541 2968
541 1303
541 763
541 624
541 2976
541 2962
541 1478
541 1223
541 2377
541 742
541 1253
541 1251
541 1252
541 590
1019 530
1039 530
357 530
1244 530
530 1019
530 1039
530 1244
530 357
530 2987
1705 1706
1735 1706
1706 1724
1706 1713
1706 1735
1706 1699
1706 702
589 951
951 589
951 477
1039 763
589 763
1099 763
1025 763
590 763
763 1039
763 589
763 1099
763 1025
763 590
1936 1039
2249 1039
3024 1039
1039 1936
1039 2249
1039 3024
1659 1223
590 1223
2234 1223
574 1223
1607 1223
1223 1659
1223 590
1223 2234
1223 1607
812 722
722 812
2367 1877
262 1877
1505 1877
2072 1877
1877 1505
1877 262
1877 2367
1877 2072
632 1936
2025 1936
1936 702
1488 595
947 595
595 1488
595 2213
595 578
595 947
1567 587
1315 587
587 1567
587 1315
2052 1930
2054 1930
1930 105
1930 2052
1930 2053
1930 2054
2090 357
590 357
1478 357
357 1529
357 1478
357 590
1389 2903
1389 1660
262 693
1505 693
2957 693
2249 911
632 578
2025 578
578 632
578 2025
690 1908
2304 2150
3180 2150
2150 702
2150 3180
2460 651
657 651
1506 651
2301 651
1980 651
651 2460
651 1506
651 2301
651 1980
651 657
3108 2093
566 2093
2093 3108
2093 566
1576 1285
1285 1576
941 971
971 941
249 1399
1048 1399
1399 249
1399 1048
2336 1249
1082 1249
1249 2336
2149 2054
2054 3205
2054 2149
2301 941
808 941
690 941
941 808
941 2301
3167 2496
2515 2496
2496 3212
2496 2515
2496 3167
2496 977
1857 1506
1488 1506
1506 1857
1506 1488
1187 812
879 812
812 879
812 1187
3242 1857
2053 1857
1857 3242
1857 2053
3243 566
574 566
566 3244
566 3243
566 574
585 1699
1225 922
3077 922
922 1225
922 3077
690 2377
585 768
3250 768
1713 768
768 3251
768 3250
262 1328
876 1328
961 1328
1328 262
1328 876
1328 961
1980 947
2208 947
947 1980
947 2208
452 3273
1008 540
1725 540
540 1705
540 1713
540 1565
540 585
540 1008
540 1725
632 403
262 551
1623 551
1869 1488
690 1488
1488 1869
262 3007
3007 262
262 632
632 262
632 675
3312 1461
1461 3312
790 2364
1659 1240
420 179
179 420
1003 1741
2025 1741
1741 1003
1741 2025
1741 1860
3334 1813
2253 1813
1813 3334
1813 2253
2265 1469
2218 1469
1469 2218
2502 1869
585 675
3361 640
640 3361
2108 2134
2134 2108
590 1284
1244 1284
1284 590
1284 1244
262 1529
1529 262
2439 262
2903 262
876 262
1033 262
585 262
262 1134
262 2439
262 2903
262 1623
262 2692
262 1660
262 702
262 876
262 1033
262 585
262 1251
262 1252
262 1253
585 1713
1565 1713
1713 585
1713 1716
1713 2141
2936 666
666 2936
2626 2025
2025 2626
690 392
590 1403
1689 1403
3387 1403
1403 590
1403 1689
1403 3387
1373 1374
1372 1374
1374 1372
1374 1373
3400 916
916 3400
3153 697
697 3401
697 3153
2301 935
633 1832
3428 1869
2249 1869
1869 3428
1869 2249
2387 28
176 28
28 2387
28 176
3436 2129
2845 2129
2129 3436
2129 2845
2129 690
1008 702
585 1705
1717 1705
1705 2440
1705 585
977 2216
1367 3439
1366 3439
3343 3439
3441 3439
3439 1366
3439 3343
3439 3441
3439 1367
876 360
360 876
972 2460
2460 972
3031 949
3458 2108
2108 3458
590 1478
1244 1478
1478 590
1478 1244
1565 3469
1565 1720
3247 2149
2149 3247
3486 1559
1401 1559
690 1559
1559 3486
1559 1401
3492 1951
1951 3492
589 1244
1244 589
1660 1675
1033 1675
690 1675
1675 1033
1675 1660
1315 799
799 1315
2598 1315
420 1315
1315 2598
1315 420
3494 167
167 3494
3498 2208
503 2208
2208 3498
2208 503
808 972
972 808
2224 390
2111 390
390 2111
390 2224
378 1549
876 1474
1474 876
1033 1099
162 1099
1099 1033
1099 162
3243 574
574 3243
1607 590
3539 590
291 590
3542 590
2098 590
2309 590
318 590
590 1607
590 291
590 3542
590 2098
590 2309
590 3539
590 318
879 1021
1021 879
2310 2811
2811 2310
3079 2249
2249 3079
3503 3365
3365 3503
3569 876
876 3569
2984 1622
1622 2984
120 967
967 120
2680 1832
1832 2680
3581 3582
3582 3581
585 1704
1704 585
2069 1720
1720 2069
2758 3598
3598 2758
765 1286
1888 1452
1452 1888
164 585
2382 3622
1232 2309
2309 1232
3053 3079
3643 142
142 3643
3645 1925
1925 3645
690 2234
1103 3346
3346 1103
585 2692
2692 585
1990 3660
3091 3318
3318 3091
2381 3033
3033 2381
3663 3524
2380 3524
3524 3663
3667 3666
3666 3667
3671 3539
3539 3671
176 1441
1103 1606
1606 1103
3522 2381
2381 3522
1885 3452
2033 2642
2642 2033
2710 977
3078 3678
3678 3078
3719 3717
3717 3719
517 1240
690 742
1084 585
2336 585
585 3741
585 1784
585 3746
2336 1666
1103 1108
3748 3771
690 3775
690 3776
690 2759
690 1240
1276 1275
1275 1276
1275 1274
1276 1274
1251 1253
1252 1253
1253 1252
1253 1240
1251 1252
1252 1240
1251 1240
