150 104
150 220
365 118
365 368
133 118
134 150
134 130
201 134
201 406
406 167
62 118
597 60
104 150
579 104
579 167
346 118
346 537
346 368
736 483
736 118
736 744
736 746
736 168
736 368
736 655
688 220
688 118
688 168
857 714
857 302
857 866
857 483
857 220
857 681
857 872
474 118
474 779
302 857
302 339
302 866
302 959
302 858
302 429
302 547
302 799
302 892
302 746
302 734
302 1002
302 1007
302 907
302 1021
302 655
302 827
302 765
302 831
302 1032
302 1034
302 779
302 1046
339 302
339 483
339 118
339 529
339 168
339 464
339 907
339 368
339 765
339 831
866 681
699 368
959 302
882 302
1082 368
858 302
858 866
797 681
220 168
220 765
681 857
681 866
681 797
681 814
681 892
681 831
681 1060
118 736
118 474
118 339
118 220
118 394
537 220
537 168
814 681
814 168
814 368
744 736
744 897
429 302
429 118
429 168
547 302
547 866
547 118
547 529
547 368
547 655
799 168
799 368
892 302
892 699
892 681
892 118
892 168
892 464
892 368
892 765
746 736
746 302
746 339
746 118
746 529
746 464
746 368
746 765
734 302
734 529
1111 736
1111 220
1111 118
1111 537
168 339
168 220
168 118
168 368
872 857
1002 302
1002 118
1178 302
1007 302
1007 118
1007 892
907 302
1191 302
1191 118
1191 529
1191 368
1144 118
655 736
939 302
939 118
827 302
827 765
831 302
831 681
1060 681
1060 118
1032 302
1034 302
1034 118
1034 939
1146 394
1146 765
779 474
779 302
779 339
779 118
779 368
1046 302
