% asym unweighted
% 19025 1224 1224
1 2
1 3
1 4
1 5
1 6
1 7
1 8
1 9
1 10
1 11
1 12
1 13
1 14
1 15
17 1
17 18
17 19
17 20
17 21
17 3
17 24
17 5
17 26
17 27
17 28
17 29
17 30
17 6
17 31
17 32
17 33
17 34
17 35
17 36
17 37
17 9
17 38
17 40
17 41
17 42
17 43
17 44
17 45
17 46
17 11
17 12
17 13
17 47
17 14
17 49
17 50
17 51
52 53
52 55
56 57
58 59
58 3
58 27
58 61
58 62
58 64
58 66
58 43
58 67
58 45
58 69
58 70
58 72
58 50
73 3
73 5
73 75
73 11
73 76
73 51
78 3
78 79
78 5
78 80
78 81
78 82
78 37
78 83
78 10
78 11
78 13
78 49
78 51
78 84
87 88
87 5
87 43
128 129
128 20
128 59
128 3
128 130
128 79
128 4
128 131
128 96
128 132
128 24
128 5
128 134
128 135
128 99
128 75
128 136
128 30
128 137
128 61
128 138
128 139
128 6
128 140
128 33
128 34
128 104
128 142
128 107
128 38
128 53
128 40
128 41
128 43
128 69
128 143
128 46
128 144
128 11
128 12
128 47
128 14
128 49
128 145
128 146
128 94
128 147
128 50
128 148
149 150
149 79
149 96
149 27
149 151
149 80
149 153
149 108
149 83
149 40
149 42
149 44
149 109
149 154
149 72
149 13
149 94
149 76
149 51
149 15
149 155
18 149
18 2
18 3
18 79
18 5
18 27
18 158
18 6
18 103
18 38
18 159
18 41
18 43
18 45
18 154
18 46
18 11
18 12
18 14
18 146
18 112
18 94
18 160
161 162
161 163
164 3
164 24
164 5
164 27
164 6
164 43
164 69
164 11
164 14
164 166
164 168
169 1
169 20
169 3
169 170
169 97
169 5
169 98
169 99
169 171
169 151
169 75
169 158
169 91
169 80
169 6
169 172
169 153
169 9
169 108
169 83
169 41
169 109
169 143
169 11
169 12
169 166
169 174
169 94
169 176
169 177
169 178
169 15
179 19
179 99
179 91
179 6
179 64
179 180
179 8
179 9
179 108
179 159
179 182
179 12
179 112
179 51
179 113
179 55
2 19
2 129
2 3
2 184
2 185
2 24
2 5
2 186
2 27
2 34
2 187
2 8
2 38
2 83
2 42
2 109
2 10
2 143
2 188
2 46
2 11
2 12
2 13
2 166
2 57
2 76
2 113
2 189
2 190
19 2
19 3
19 184
19 185
19 24
19 5
19 186
19 34
19 187
19 8
19 38
19 83
19 42
19 109
19 188
19 46
19 11
19 12
19 13
19 76
19 113
129 3
129 192
129 24
129 5
129 186
129 30
129 6
129 46
129 11
129 50
129 127
194 170
194 5
194 75
194 195
194 8
194 197
194 11
194 76
194 198
20 128
20 150
20 199
20 3
20 5
20 134
20 200
20 27
20 151
20 202
20 30
20 203
20 204
20 6
20 140
20 205
20 64
20 206
20 207
20 208
20 108
20 83
20 209
20 69
20 143
20 11
20 12
20 13
20 47
20 210
20 49
20 145
20 211
20 112
150 213
150 90
150 5
150 99
150 151
150 91
150 214
150 102
150 103
150 104
150 106
150 81
150 107
150 108
150 215
150 83
150 216
150 42
150 12
150 217
150 166
150 112
150 94
150 51
150 113
150 218
150 219
150 220
150 84
150 221
223 5
223 43
223 55
225 226
227 228
227 229
231 3
231 5
231 99
231 91
231 9
231 11
231 49
231 94
231 163
232 233
59 58
59 150
59 3
59 79
59 235
59 236
59 192
59 4
59 184
59 237
59 5
59 26
59 27
59 99
59 171
59 151
59 75
59 238
59 239
59 240
59 30
59 61
59 241
59 91
59 32
59 64
59 33
59 102
59 242
59 187
59 103
59 172
59 8
59 105
59 106
59 81
59 9
59 107
59 38
59 215
59 53
59 245
59 246
59 159
59 83
59 40
59 247
59 44
59 109
59 45
59 110
59 69
59 143
59 182
59 46
59 72
59 249
59 11
59 12
59 13
59 217
59 47
59 14
59 49
59 250
59 211
59 251
59 112
59 94
59 50
59 51
59 198
59 55
252 35
252 105
252 66
252 49
254 3
254 79
254 4
254 90
254 5
254 6
254 32
254 69
254 11
254 122
255 5
255 186
255 256
255 55
199 43
258 3
258 235
258 259
258 4
258 131
258 260
258 90
258 5
258 26
258 27
258 261
258 158
258 240
258 91
258 80
258 6
258 32
258 187
258 103
258 8
258 262
258 197
258 82
258 107
258 108
258 38
258 53
258 246
258 83
258 40
258 42
258 109
258 69
258 182
258 11
258 12
258 14
258 49
258 112
258 94
258 76
258 51
258 219
258 126
263 94
264 3
264 36
3 149
3 18
3 169
3 179
3 2
3 19
3 129
3 150
3 235
3 4
3 96
3 90
3 24
3 5
3 200
3 26
3 27
3 98
3 99
3 171
3 151
3 158
3 240
3 203
3 241
3 91
3 80
3 6
3 32
3 205
3 64
3 34
3 242
3 103
3 172
3 8
3 104
3 36
3 105
3 106
3 81
3 265
3 82
3 9
3 107
3 108
3 38
3 83
3 40
3 41
3 42
3 44
3 109
3 110
3 154
3 69
3 143
3 182
3 46
3 72
3 144
3 11
3 12
3 13
3 47
3 14
3 49
3 211
3 112
3 266
3 50
3 51
267 149
267 18
267 169
267 179
267 2
267 19
267 129
267 150
267 3
267 235
267 4
267 96
267 90
267 24
267 5
267 200
267 26
267 27
267 98
267 99
267 171
267 151
267 158
267 240
267 203
267 241
267 91
267 80
267 6
267 32
267 205
267 64
267 34
267 242
267 103
267 172
267 8
267 104
267 36
267 105
267 106
267 81
267 265
267 82
267 9
267 107
267 108
267 38
267 83
267 40
267 41
267 42
267 44
267 109
267 110
267 154
267 69
267 143
267 182
267 46
267 72
267 144
267 11
267 12
267 13
267 47
267 14
267 49
267 211
267 112
267 266
267 50
267 51
268 202
268 269
268 55
271 186
271 76
271 163
130 129
79 18
79 2
79 3
79 282
79 170
79 96
79 90
79 24
79 5
79 200
79 27
79 98
79 99
79 171
79 151
79 75
79 158
79 283
79 241
79 91
79 6
79 140
79 32
79 284
79 103
79 172
79 8
79 36
79 106
79 265
79 153
79 9
79 107
79 108
79 38
79 246
79 83
79 40
79 277
79 42
79 43
79 44
79 154
79 69
79 46
79 249
79 11
79 12
79 13
79 285
79 14
79 49
79 211
79 112
79 266
79 94
79 50
79 51
235 258
235 3
235 79
235 192
235 4
235 184
235 185
235 131
235 90
235 5
235 200
235 26
235 27
235 291
235 99
235 171
235 75
235 158
235 240
235 61
235 203
235 138
235 91
235 32
235 64
235 102
235 103
235 207
235 104
235 106
235 81
235 265
235 82
235 293
235 9
235 294
235 108
235 53
235 246
235 40
235 42
235 110
235 69
235 143
235 182
235 46
235 72
235 11
235 12
235 13
235 47
235 296
235 14
235 49
235 211
235 94
235 76
235 51
235 55
236 297
236 163
298 5
298 8
299 59
299 5
299 171
299 238
299 45
299 300
299 50
301 192
301 143
301 12
301 302
301 168
304 305
304 12
304 126
281 258
281 3
281 306
281 79
281 235
281 192
281 4
281 184
281 131
281 97
281 260
281 5
281 26
281 99
281 28
281 240
281 307
281 32
281 308
281 103
281 309
281 8
281 81
281 82
281 310
281 108
281 53
281 40
281 154
281 311
281 312
281 69
281 11
281 12
281 313
314 3
314 172
314 83
314 11
314 76
314 113
4 3
4 235
4 315
4 260
4 5
4 26
4 240
4 91
4 6
4 316
4 82
4 53
4 83
4 40
4 11
317 59
317 131
317 5
317 135
317 238
317 240
317 61
317 249
317 55
282 149
282 3
282 79
282 184
282 96
282 90
282 24
282 5
282 27
282 291
282 99
282 158
282 136
282 307
282 91
282 80
282 284
282 103
282 172
282 35
282 36
282 153
282 108
282 38
282 40
282 109
282 154
282 46
282 72
282 11
282 12
282 13
282 49
282 94
282 76
318 38
318 144
318 55
319 108
319 53
319 94
319 163
213 8
321 170
321 5
321 197
321 94
325 150
325 3
325 130
325 79
325 192
325 184
325 131
325 96
325 326
325 90
325 24
325 5
325 186
325 26
325 99
325 275
325 241
325 91
325 6
325 32
325 33
325 34
325 102
325 327
325 8
325 104
325 106
325 81
325 265
325 108
325 38
325 53
325 83
325 40
325 228
325 43
325 109
325 45
325 10
325 143
325 11
325 12
325 13
325 47
325 14
325 49
325 211
325 94
325 76
325 50
325 51
325 124
184 5
184 214
184 284
184 53
330 281
330 184
330 307
330 293
330 107
330 312
333 6
333 334
335 3
335 5
335 186
335 27
335 80
335 6
335 32
335 35
335 53
335 11
335 13
335 166
335 49
335 94
170 75
170 197
170 11
170 113
131 1
131 3
131 4
131 260
131 5
131 26
131 275
131 261
131 240
131 187
131 8
131 262
131 53
131 246
131 83
131 277
131 337
131 11
131 94
131 51
131 113
131 338
131 339
131 340
342 2
342 129
342 3
342 24
342 5
342 186
342 28
342 75
342 343
342 30
342 6
342 35
342 323
342 256
342 344
342 41
342 143
342 11
342 76
342 113
342 189
342 84
96 128
96 149
96 18
96 19
96 3
96 79
96 282
96 90
96 5
96 200
96 27
96 98
96 99
96 151
96 158
96 241
96 91
96 80
96 6
96 140
96 32
96 205
96 64
96 102
96 103
96 104
96 36
96 105
96 106
96 81
96 153
96 9
96 107
96 108
96 38
96 245
96 83
96 40
96 41
96 42
96 43
96 44
96 109
96 110
96 154
96 69
96 182
96 72
96 11
96 12
96 13
96 47
96 347
96 14
96 49
96 146
96 211
96 112
96 266
96 94
96 76
96 50
96 51
97 3
97 4
97 5
97 26
97 9
97 310
97 43
97 312
97 11
97 49
97 51
97 348
97 219
97 350
97 148
97 117
97 84
97 119
97 120
97 168
97 352
97 353
97 123
97 124
97 55
97 125
97 126
97 127
354 4
354 5
354 26
354 28
354 293
354 9
354 53
354 11
354 76
356 4
356 5
356 6
356 8
356 249
356 113
237 3
237 79
237 357
237 5
237 27
237 283
237 359
237 360
237 33
237 108
237 38
237 246
237 247
237 41
237 11
237 300
237 14
237 112
237 94
237 361
362 3
362 5
362 108
362 14
362 94
363 163
132 10
132 113
132 177
365 129
365 90
365 5
365 136
365 80
365 6
365 322
365 11
365 217
365 266
365 76
365 113
365 367
365 198
365 368
365 55
365 126
326 3
326 79
326 325
326 96
326 5
326 27
326 241
326 6
326 32
326 33
326 104
326 38
326 40
326 109
326 10
326 110
326 143
326 46
326 11
326 12
326 13
326 47
326 49
326 211
326 76
326 50
326 51
260 3
260 79
260 235
260 131
260 90
260 5
260 26
260 99
260 240
260 136
260 91
260 32
260 35
260 104
260 82
260 9
260 108
260 53
260 83
260 109
260 110
260 72
260 11
260 12
260 13
260 47
260 49
260 211
260 376
260 112
260 94
377 30
378 32
378 233
378 105
378 14
378 379
386 3
386 5
386 186
386 30
386 6
386 387
388 3
388 79
388 5
388 11
388 113
90 150
90 258
90 3
90 5
90 98
90 158
90 136
90 91
90 6
90 214
90 102
90 284
90 103
90 172
90 104
90 106
90 81
90 37
90 310
90 108
90 389
90 83
90 44
90 109
90 390
90 11
90 166
90 94
90 51
90 391
90 219
90 367
90 84
90 168
90 160
90 15
90 353
90 123
90 392
393 3
393 235
393 97
393 5
393 27
393 99
393 171
393 80
393 6
393 153
393 9
393 53
393 41
393 154
393 312
393 11
393 12
393 266
393 94
393 177
395 343
395 81
5 2
5 258
5 3
5 235
5 184
5 131
5 24
5 186
5 26
5 27
5 99
5 75
5 240
5 136
5 91
5 80
5 6
5 32
5 34
5 103
5 8
5 104
5 262
5 107
5 108
5 53
5 246
5 83
5 42
5 143
5 46
5 249
5 11
5 12
5 13
5 47
5 14
5 49
5 50
396 3
396 4
396 170
396 131
396 260
396 5
396 8
396 11
396 94
397 398
399 19
399 194
399 192
399 88
399 5
399 186
399 26
399 400
399 6
399 401
399 7
399 38
399 43
399 384
399 402
399 403
399 148
134 128
134 20
134 150
134 3
134 130
134 131
134 5
134 200
134 99
134 32
134 142
134 107
134 110
134 12
134 47
134 50
134 163
404 129
404 5
404 186
404 30
405 3
405 4
405 30
405 406
405 407
405 34
405 172
405 108
405 408
405 215
405 40
405 217
405 296
405 55
409 11
200 20
200 3
200 235
200 96
200 24
200 5
200 134
200 291
200 410
200 80
200 411
200 6
200 205
200 64
200 33
200 103
200 172
200 104
200 105
200 153
200 412
200 413
200 108
200 66
200 83
200 247
200 42
200 11
200 12
200 13
200 296
200 210
200 49
200 211
200 94
200 76
200 51
200 189
200 155
186 3
186 130
186 5
186 144
186 11
26 3
26 79
26 235
26 260
26 90
26 5
26 99
26 240
26 136
26 91
26 6
26 32
26 205
26 103
26 35
26 104
26 82
26 9
26 108
26 53
26 83
26 109
26 110
26 72
26 11
26 12
26 13
26 47
26 49
26 211
26 112
26 94
417 418
419 53
419 11
420 258
420 3
420 306
420 79
420 235
420 192
420 281
420 4
420 184
420 131
420 97
420 260
420 5
420 26
420 99
420 28
420 240
420 307
420 32
420 308
420 103
420 309
420 8
420 81
420 82
420 310
420 108
420 53
420 40
420 154
420 311
420 312
420 69
420 11
420 12
420 313
421 3
421 27
421 80
421 334
421 46
421 113
422 281
422 136
422 8
422 10
422 14
422 266
422 94
422 423
422 163
27 129
27 150
27 3
27 130
27 79
27 96
27 90
27 24
27 5
27 98
27 99
27 151
27 275
27 75
27 241
27 91
27 32
27 205
27 64
27 102
27 103
27 35
27 8
27 424
27 104
27 105
27 106
27 82
27 9
27 107
27 108
27 66
27 40
27 41
27 42
27 44
27 109
27 110
27 69
27 143
27 182
27 46
27 72
27 144
27 11
27 12
27 13
27 47
27 14
27 49
27 146
27 211
27 112
27 94
27 50
27 51
27 113
27 15
135 58
135 128
135 20
135 59
135 254
135 258
135 3
135 79
135 317
135 184
135 260
135 5
135 27
135 99
135 238
135 136
135 61
135 32
135 8
135 37
135 413
135 310
135 108
135 38
135 53
135 83
135 45
135 10
135 69
135 249
135 300
135 211
135 94
135 76
135 50
426 427
428 163
291 282
291 200
291 47
291 429
291 15
98 3
98 79
98 184
98 96
98 90
98 24
98 5
98 27
98 99
98 158
98 91
98 6
98 102
98 284
98 103
98 172
98 36
98 106
98 108
98 40
98 11
98 12
98 296
98 166
98 94
98 76
98 51
98 219
98 353
430 5
430 30
430 144
430 11
430 217
99 150
99 3
99 79
99 184
99 90
99 24
99 5
99 26
99 27
99 239
99 136
99 241
99 91
99 6
99 32
99 102
99 187
99 103
99 309
99 172
99 104
99 106
99 81
99 9
99 107
99 108
99 38
99 83
99 40
99 277
99 41
99 42
99 109
99 110
99 69
99 11
99 12
99 13
99 47
99 14
99 49
99 146
99 112
99 94
99 147
99 50
99 51
99 189
99 177
431 1
431 3
431 235
431 5
431 26
431 240
431 102
431 242
431 246
431 11
431 76
431 379
171 169
171 2
171 59
171 3
171 235
171 192
171 4
171 5
171 26
171 99
171 151
171 158
171 238
171 61
171 400
171 91
171 6
171 383
171 33
171 102
171 187
171 172
171 8
171 104
171 153
171 9
171 294
171 107
171 334
171 66
171 53
171 40
171 42
171 43
171 45
171 432
171 10
171 154
171 209
171 46
171 72
171 11
171 12
171 13
171 300
171 210
171 434
171 49
171 435
171 211
171 112
171 94
171 50
171 436
171 55
438 14
438 163
439 88
439 440
442 6
443 26
151 58
151 149
151 169
151 2
151 20
151 150
151 59
151 3
151 79
151 184
151 96
151 90
151 5
151 186
151 27
151 99
151 171
151 158
151 136
151 30
151 6
151 383
151 140
151 32
151 64
151 33
151 34
151 102
151 242
151 103
151 207
151 105
151 106
151 81
151 153
151 37
151 9
151 294
151 107
151 108
151 38
151 66
151 159
151 40
151 42
151 43
151 44
151 109
151 45
151 110
151 209
151 69
151 143
151 182
151 46
151 72
151 144
151 11
151 13
151 217
151 47
151 210
151 14
151 49
151 250
151 145
151 112
151 266
151 94
151 76
151 50
151 51
151 368
444 445
444 55
28 3
28 192
28 281
28 4
28 184
28 131
28 97
28 5
28 27
28 307
28 187
28 8
28 310
28 107
28 108
28 53
28 83
28 40
28 11
28 12
28 94
28 76
28 113
28 117
275 3
275 130
275 24
275 5
275 186
275 27
275 6
275 32
275 8
275 105
275 107
275 108
275 53
275 344
275 40
275 42
275 69
275 72
275 11
275 47
275 49
275 51
447 5
447 99
447 75
447 136
447 6
447 53
447 40
447 76
448 304
261 3
261 170
261 5
261 75
261 136
261 6
261 32
261 284
261 8
261 262
261 197
261 66
261 53
261 246
261 83
261 249
261 11
261 14
261 166
261 266
261 94
261 51
261 198
75 3
75 170
75 5
75 261
75 136
75 6
75 32
75 284
75 8
75 323
75 262
75 197
75 66
75 53
75 246
75 83
75 249
75 11
75 14
75 166
75 266
75 94
75 51
75 198
449 3
449 5
449 241
449 450
449 33
449 102
449 144
449 12
449 51
449 113
449 168
449 127
452 88
454 2
454 264
454 184
454 170
454 5
454 75
454 136
454 30
454 80
454 32
454 34
454 103
454 456
454 35
454 408
454 43
454 457
454 11
454 12
454 217
454 458
454 148
454 126
158 3
158 79
158 170
158 90
158 24
158 91
158 80
158 6
158 284
158 172
158 106
158 81
158 153
158 37
158 108
158 38
158 53
158 83
158 40
158 11
158 12
158 266
158 94
158 51
158 113
158 219
158 15
459 149
459 2
459 19
459 59
459 3
459 79
459 184
459 170
459 90
459 24
459 5
459 27
459 98
459 99
459 75
459 158
459 91
459 80
459 411
459 6
459 102
459 284
459 103
459 172
459 8
459 262
459 37
459 108
459 38
459 83
459 41
459 109
459 10
459 154
459 69
459 46
459 72
459 11
459 12
459 13
459 296
459 210
459 14
459 166
459 112
459 94
459 51
459 190
459 55
202 4
202 88
202 5
202 8
202 9
202 387
461 3
461 90
461 158
461 30
461 91
461 6
461 103
461 172
461 104
461 105
461 107
461 53
461 246
461 42
461 43
461 10
461 110
461 69
461 12
461 49
461 112
461 94
461 113
461 219
461 168
461 462
461 55
461 127
238 58
238 128
238 59
238 254
238 258
238 3
238 299
238 4
238 317
238 184
238 131
238 260
238 90
238 24
238 5
238 135
238 171
238 75
238 240
238 61
238 241
238 463
238 33
238 34
238 102
238 104
238 413
238 108
238 38
238 53
238 246
238 40
238 109
238 45
238 154
238 69
238 72
238 249
238 11
238 12
238 211
238 112
238 94
238 361
238 50
238 367
239 3
239 5
239 99
239 75
239 466
239 163
240 258
240 3
240 235
240 4
240 184
240 260
240 5
240 26
240 27
240 238
240 467
240 195
240 284
240 187
240 8
240 104
240 82
240 9
240 107
240 108
240 53
240 246
240 69
240 46
240 249
240 11
240 14
240 49
240 94
469 43
29 17
29 3
29 130
29 79
29 184
29 97
29 24
29 5
29 27
29 99
29 75
29 470
29 80
29 471
29 6
29 64
29 33
29 34
29 103
29 472
29 35
29 8
29 36
29 9
29 310
29 53
29 83
29 40
29 45
29 143
29 46
29 72
29 11
29 12
29 13
29 47
29 14
29 473
29 49
29 112
29 94
29 76
29 50
29 474
29 55
475 6
475 83
480 481
480 32
480 11
307 482
283 2
283 3
283 5
283 27
283 9
283 215
283 458
283 94
283 57
283 436
283 371
283 484
283 485
283 486
283 15
283 487
283 127
488 43
488 266
488 148
410 3
410 5
410 200
410 75
410 91
410 35
410 108
410 53
410 40
410 11
410 94
410 76
410 51
410 113
410 198
489 209
406 1
406 149
406 3
406 184
406 96
406 90
406 24
406 5
406 405
406 26
406 99
406 438
406 6
406 284
406 103
406 35
406 207
406 197
406 105
406 265
406 108
406 109
406 10
406 154
406 182
406 11
406 12
406 13
406 14
406 94
490 1
490 149
490 3
490 184
490 96
490 90
490 24
490 5
490 405
490 26
490 99
490 438
490 406
490 6
490 284
490 103
490 35
490 207
490 197
490 105
490 265
490 108
490 109
490 10
490 154
490 182
490 11
490 12
490 13
490 14
490 94
137 128
137 2
137 258
137 3
137 184
137 131
137 24
137 5
137 27
137 99
137 438
137 75
137 202
137 136
137 30
137 400
137 91
137 80
137 6
137 32
137 64
137 34
137 103
137 104
137 9
137 107
137 108
137 408
137 53
137 246
137 83
137 492
137 269
137 69
137 249
137 11
137 12
137 13
137 47
137 493
137 49
137 94
137 57
137 50
494 3
494 33
494 265
494 296
494 166
61 58
61 128
61 59
61 254
61 258
61 79
61 235
61 317
61 260
61 5
61 27
61 135
61 171
61 158
61 238
61 6
61 463
61 33
61 104
61 153
61 413
61 108
61 45
61 10
61 249
61 11
61 12
61 300
61 112
61 94
61 361
61 50
62 9
203 20
203 150
203 3
203 131
203 24
203 64
203 104
203 42
203 109
203 384
203 49
496 497
466 5
466 186
466 239
466 136
466 30
466 32
466 49
466 251
466 94
466 76
498 130
498 5
498 32
498 143
276 32
276 47
499 3
499 88
499 5
499 35
499 43
502 3
502 5
503 504
503 182
382 3
382 5
382 186
382 27
382 171
382 6
382 9
382 42
382 143
382 72
382 11
138 128
138 2
138 3
138 130
138 235
138 96
138 5
138 27
138 99
138 32
138 8
138 9
138 10
138 143
138 11
460 4
460 5
241 2
241 19
241 3
241 79
241 235
241 4
241 88
241 213
241 170
241 131
241 5
241 26
241 27
241 99
241 431
241 75
241 136
241 91
241 80
241 6
241 32
241 233
241 102
241 284
241 103
241 8
241 104
241 262
241 36
241 197
241 82
241 9
241 108
241 38
241 53
241 40
241 10
241 69
241 46
241 72
241 249
241 11
241 13
241 14
241 211
241 112
241 94
241 76
241 50
241 51
508 264
508 3
508 4
508 5
508 75
508 80
508 6
508 32
508 206
508 35
508 8
508 262
508 197
508 53
508 509
508 11
508 94
508 51
510 3
510 5
510 284
510 40
510 11
510 94
511 24
511 136
511 512
511 9
511 108
511 83
511 11
511 94
359 132
359 5
359 75
359 6
359 172
359 424
359 53
359 11
359 266
513 3
513 90
513 5
513 30
513 91
513 6
513 103
513 310
513 246
513 83
513 42
513 312
513 11
513 49
513 94
513 76
513 391
513 514
513 515
513 116
513 117
513 84
513 119
513 120
513 178
513 168
513 516
513 15
513 517
513 123
513 368
513 518
513 519
513 55
91 3
91 79
91 284
91 103
91 81
91 11
91 94
91 51
521 3
521 271
521 5
521 28
521 53
521 83
521 40
521 12
521 416
521 14
80 5
80 27
80 46
522 5
522 75
522 80
522 398
522 35
522 53
522 11
522 76
522 113
523 170
523 5
523 75
523 30
523 197
523 83
523 11
467 5
467 8
467 53
467 11
467 12
467 94
467 76
467 163
524 76
525 5
525 11
525 94
204 20
204 43
360 8
360 53
360 11
407 3
407 79
407 4
407 5
407 405
407 26
407 28
407 136
407 32
407 144
407 11
526 3
526 6
526 32
526 143
526 11
526 113
526 379
526 148
526 119
411 149
411 200
411 158
411 307
411 241
411 205
411 265
411 38
411 290
411 11
411 14
411 49
411 266
479 19
479 3
479 192
479 4
479 184
479 5
479 27
479 75
479 136
479 91
479 6
479 33
479 102
479 187
479 103
479 35
479 8
479 104
479 9
479 108
479 53
479 246
479 83
479 40
479 44
479 72
479 11
479 12
479 13
479 217
479 47
479 166
479 266
479 94
479 51
471 29
471 242
471 527
6 3
6 5
6 136
6 80
6 153
6 112
6 462
530 113
531 97
531 205
531 43
531 47
531 50
450 5
31 17
31 3
31 5
31 98
31 80
31 139
31 32
31 8
31 310
31 534
31 11
31 94
31 51
31 370
31 535
31 536
31 538
31 539
401 5
401 399
401 186
401 7
401 402
383 3
383 5
383 35
383 83
383 109
383 11
541 5
541 105
541 43
541 70
542 144
543 2
195 235
195 184
195 131
195 8
195 53
195 11
544 3
544 5
544 27
544 6
544 11
544 49
544 94
544 76
544 51
545 94
545 76
545 403
545 546
545 536
545 547
214 90
214 108
214 83
548 2
548 3
548 4
548 184
548 5
548 75
548 6
548 32
548 33
548 35
548 8
548 108
548 549
548 109
548 249
548 11
548 12
140 20
140 3
140 242
140 9
140 245
140 43
140 12
140 49
140 112
140 50
550 5
550 35
550 551
553 19
553 5
554 38
554 76
512 2
512 3
512 9
512 555
512 556
273 8
557 3
557 184
557 5
557 99
557 80
557 558
557 6
557 64
557 153
557 159
557 42
557 45
557 432
557 535
559 3
559 5
32 149
32 18
32 2
32 19
32 150
32 560
32 59
32 263
32 3
32 130
32 235
32 213
32 325
32 184
32 131
32 305
32 90
32 24
32 5
32 134
32 200
32 186
32 26
32 27
32 98
32 99
32 151
32 275
32 75
32 240
32 136
32 30
32 276
32 138
32 241
32 91
32 80
32 6
32 383
32 195
32 548
32 205
32 33
32 34
32 102
32 284
32 187
32 103
32 207
32 8
32 104
32 262
32 105
32 106
32 81
32 82
32 9
32 107
32 108
32 38
32 504
32 561
32 53
32 245
32 83
32 40
32 562
32 322
32 42
32 43
32 44
32 109
32 110
32 154
32 69
32 143
32 46
32 72
32 249
32 144
32 11
32 12
32 13
32 47
32 347
32 14
32 166
32 49
32 211
32 112
32 266
32 94
32 50
32 51
563 43
564 5
564 37
564 11
565 235
565 399
565 307
565 7
565 104
565 12
566 163
566 126
205 3
205 12
205 296
205 51
567 80
567 166
233 150
233 225
233 232
233 3
233 79
233 132
233 378
233 5
233 283
233 241
233 140
233 242
233 36
233 108
233 38
233 40
233 43
233 45
233 110
233 11
233 12
233 217
233 458
233 49
233 211
233 57
233 50
233 51
233 115
233 116
233 148
233 519
569 19
569 150
569 3
569 4
569 5
569 186
569 75
569 136
569 34
569 9
569 11
569 49
569 76
569 113
570 91
570 187
570 11
571 527
572 5
572 186
572 6
572 43
574 3
574 79
574 5
574 91
574 6
574 35
574 38
574 43
574 46
574 11
574 94
574 51
575 5
575 34
575 284
575 11
575 49
576 5
576 575
576 34
576 284
576 11
576 49
64 58
64 149
64 18
64 179
64 2
64 129
64 20
64 227
64 59
64 258
64 3
64 130
64 79
64 235
64 184
64 170
64 131
64 96
64 5
64 200
64 26
64 27
64 438
64 151
64 158
64 136
64 406
64 137
64 203
64 138
64 521
64 80
64 360
64 557
64 32
64 233
64 570
64 33
64 242
64 187
64 103
64 172
64 207
64 8
64 104
64 197
64 105
64 106
64 81
64 265
64 153
64 37
64 9
64 294
64 108
64 66
64 53
64 159
64 83
64 40
64 492
64 41
64 42
64 67
64 109
64 45
64 10
64 110
64 154
64 269
64 209
64 69
64 143
64 182
64 579
64 46
64 72
64 11
64 12
64 217
64 47
64 296
64 210
64 166
64 49
64 250
64 146
64 112
64 94
64 147
64 57
64 76
64 50
64 51
64 113
64 580
64 581
64 163
64 582
64 583
64 353
64 584
64 368
585 43
585 163
33 19
33 3
33 130
33 79
33 235
33 184
33 24
33 5
33 200
33 27
33 99
33 151
33 158
33 91
33 80
33 6
33 32
33 242
33 103
33 35
33 8
33 265
33 108
33 40
33 42
33 70
33 46
33 72
33 11
33 13
33 217
33 14
33 211
33 94
33 51
586 3
586 5
586 91
586 81
586 9
586 43
586 11
586 113
586 587
586 219
586 588
586 123
586 124
586 126
34 129
34 3
34 5
34 186
34 6
34 11
34 49
102 3
102 79
102 235
102 96
102 90
102 5
102 27
102 98
102 99
102 241
102 91
102 103
102 172
102 104
102 106
102 81
102 37
102 9
102 40
102 42
102 109
102 11
102 13
102 296
102 94
102 76
102 51
102 350
102 84
284 90
284 5
284 261
284 75
284 91
284 11
284 166
284 94
284 51
284 15
242 2
242 19
242 130
242 5
242 186
242 27
242 171
242 151
242 383
242 233
242 64
242 33
242 207
242 104
242 105
242 153
242 294
242 38
242 66
242 159
242 109
242 10
242 143
242 144
242 11
242 47
242 210
242 55
590 591
308 187
187 2
187 3
187 4
187 184
187 5
187 430
187 28
187 136
187 32
187 308
187 8
187 262
187 82
187 9
187 107
187 108
187 53
187 83
187 312
187 11
187 12
187 51
592 51
103 3
103 91
103 6
103 105
103 40
180 11
180 94
180 51
180 113
180 593
180 485
180 119
180 120
180 594
180 15
180 125
180 126
206 19
206 20
206 3
206 235
206 170
206 5
206 186
206 26
206 75
206 136
206 8
206 53
206 143
206 46
206 11
309 179
309 2
309 3
309 282
309 184
309 131
309 97
309 5
309 27
309 99
309 171
309 239
309 241
309 91
309 80
309 31
309 195
309 32
309 33
309 102
309 8
309 106
309 108
309 245
309 595
309 290
309 69
309 46
309 11
309 14
309 94
597 55
476 5
476 143
476 473
476 49
598 129
598 130
598 24
598 5
598 186
598 32
598 12
598 49
172 149
172 169
172 150
172 3
172 79
172 282
172 90
172 24
172 5
172 200
172 27
172 99
172 151
172 75
172 158
172 241
172 91
172 80
172 6
172 32
172 64
172 102
172 103
172 35
172 106
172 81
172 265
172 412
172 37
172 9
172 107
172 108
172 38
172 83
172 40
172 42
172 44
172 109
172 10
172 110
172 154
172 69
172 143
172 46
172 72
172 11
172 12
172 13
172 47
172 14
172 49
172 146
172 211
172 112
172 94
172 76
172 50
172 51
172 117
398 3
398 90
398 5
398 397
398 75
398 158
398 91
398 522
398 6
398 548
398 230
398 262
398 197
398 310
398 108
398 11
398 166
398 94
398 76
398 51
398 113
398 219
398 119
599 8
599 310
599 76
601 149
601 5
601 186
601 6
601 49
472 5
472 30
472 406
472 80
472 246
472 70
456 458
35 3
35 130
35 97
35 5
35 27
35 99
35 75
35 6
35 32
35 64
35 103
35 172
35 104
35 106
35 9
35 108
35 83
35 42
35 44
35 110
35 69
35 182
35 11
35 12
35 47
35 49
35 94
35 76
35 50
35 51
35 113
207 3
207 235
207 5
207 186
207 6
207 32
207 36
207 40
207 144
207 198
8 2
8 19
8 258
8 3
8 235
8 4
8 184
8 170
8 131
8 24
8 5
8 26
8 27
8 28
8 75
8 240
8 195
8 32
8 187
8 103
8 424
8 104
8 262
8 82
8 9
8 107
8 108
8 53
8 245
8 83
8 69
8 46
8 249
8 11
8 12
8 14
8 49
8 112
8 50
8 15
8 198
424 3
424 132
424 24
424 27
424 359
424 6
424 35
424 8
424 265
424 42
424 43
424 109
424 182
424 72
424 144
424 11
424 12
424 47
424 14
424 49
424 94
424 51
604 76
323 5
323 75
323 8
323 53
323 14
323 113
323 605
323 219
323 379
323 119
323 198
92 3
92 5
92 606
92 163
104 150
104 3
104 5
104 200
104 91
104 6
104 32
104 284
104 8
104 83
104 42
104 69
104 11
104 12
104 94
104 51
607 3
607 79
607 5
607 186
607 99
607 108
607 66
607 109
607 154
607 11
607 13
607 49
607 266
607 94
607 51
608 12
36 79
36 6
36 83
208 20
197 170
197 5
197 75
197 136
197 284
197 11
197 94
197 113
197 198
105 612
105 149
105 20
105 150
105 59
105 252
105 3
105 613
105 79
105 315
105 88
105 335
105 96
105 97
105 378
105 90
105 24
105 5
105 134
105 200
105 27
105 99
105 438
105 439
105 614
105 151
105 275
105 158
105 461
105 238
105 406
105 137
105 61
105 276
105 615
105 91
105 521
105 80
105 479
105 541
105 545
105 548
105 140
105 616
105 273
105 32
105 566
105 205
105 64
105 284
105 242
105 172
105 617
105 207
105 8
105 424
105 104
105 607
105 36
105 106
105 81
105 618
105 412
105 9
105 108
105 38
105 620
105 408
105 621
105 245
105 83
105 505
105 492
105 277
105 337
105 42
105 44
105 109
105 110
105 154
105 269
105 209
105 69
105 622
105 46
105 72
105 249
105 144
105 11
105 12
105 13
105 47
105 210
105 14
105 174
105 49
105 146
105 211
105 112
105 266
105 94
105 147
105 162
105 623
105 50
105 624
105 51
105 625
105 119
105 122
105 55
106 2
106 150
106 3
106 79
106 235
106 96
106 90
106 5
106 26
106 27
106 98
106 99
106 151
106 28
106 261
106 158
106 241
106 80
106 6
106 32
106 102
106 187
106 103
106 172
106 104
106 197
106 81
106 265
106 82
106 9
106 107
106 108
106 53
106 83
106 40
106 42
106 43
106 44
106 109
106 69
106 182
106 46
106 72
106 11
106 12
106 13
106 47
106 14
106 166
106 49
106 211
106 112
106 266
106 94
106 76
106 50
106 51
81 150
81 3
81 90
81 5
81 99
81 102
81 104
81 106
81 265
81 42
81 46
81 11
81 12
81 94
81 350
618 99
618 91
618 104
265 149
265 2
265 3
265 79
265 235
265 90
265 24
265 5
265 27
265 99
265 30
265 241
265 80
265 6
265 32
265 33
265 103
265 172
265 8
265 104
265 36
265 9
265 108
265 53
265 83
265 40
265 41
265 42
265 109
265 154
265 69
265 46
265 72
265 11
265 12
265 13
265 49
265 211
265 112
265 266
265 94
265 50
265 51
265 302
265 189
265 177
153 149
153 169
153 3
153 79
153 184
153 131
153 96
153 132
153 90
153 5
153 200
153 27
153 98
153 99
153 171
153 151
153 75
153 158
153 91
153 80
153 6
153 103
153 172
153 8
153 9
153 108
153 38
153 215
153 83
153 40
153 247
153 41
153 44
153 109
153 154
153 209
153 69
153 182
153 46
153 72
153 11
153 12
153 13
153 217
153 14
153 49
153 211
153 112
153 94
153 51
153 348
153 115
153 219
153 84
153 15
412 258
412 3
412 79
412 184
412 131
412 132
412 90
412 24
412 5
412 200
412 27
412 99
412 75
412 136
412 359
412 91
412 6
412 33
412 103
412 172
412 35
412 8
412 106
412 265
412 153
412 82
412 37
412 9
412 108
412 38
412 53
412 246
412 83
412 534
412 247
412 626
412 109
412 154
412 69
412 143
412 182
412 72
412 11
412 13
412 210
412 94
412 76
412 51
412 485
412 168
412 55
412 127
627 10
627 11
627 94
82 3
82 79
82 90
82 5
82 200
82 26
82 91
82 6
82 32
82 35
82 8
82 104
82 265
82 310
82 108
82 53
82 246
82 83
82 40
82 42
82 11
82 13
82 49
82 211
82 51
628 163
293 258
293 3
293 235
293 192
293 4
293 260
293 5
293 26
293 240
293 83
293 11
293 76
37 78
37 3
37 90
37 5
37 135
37 98
37 99
37 151
37 158
37 91
37 6
37 214
37 102
37 103
37 172
37 153
37 412
37 108
37 83
37 534
37 43
37 622
37 11
37 12
37 166
37 94
37 76
37 51
37 629
37 113
37 630
37 219
37 379
37 220
37 148
37 84
37 588
37 120
37 168
37 15
37 353
37 584
37 368
37 631
37 125
37 126
413 3
413 184
413 90
413 5
413 200
413 99
413 240
413 91
413 6
413 103
413 35
413 294
413 310
413 108
413 83
413 534
413 40
413 43
413 11
413 12
413 210
413 14
413 94
413 51
413 113
413 189
413 198
413 632
413 125
142 235
142 192
142 4
142 90
142 5
142 134
142 26
142 75
142 240
142 91
142 103
142 35
142 293
142 83
142 11
142 47
142 166
142 94
9 4
9 97
9 6
9 35
9 53
9 40
9 94
9 485
9 127
294 3
294 235
294 192
294 4
294 184
294 132
294 5
294 26
294 614
294 75
294 240
294 6
294 36
294 153
294 413
294 108
294 159
294 40
294 43
294 69
294 182
294 47
294 49
294 113
591 26
310 90
310 6
310 43
310 11
310 94
310 113
310 219
310 350
310 84
310 119
310 168
310 352
310 15
310 198
310 368
310 125
310 126
635 5
107 150
107 3
107 79
107 235
107 192
107 4
107 213
107 184
107 131
107 96
107 90
107 24
107 5
107 26
107 27
107 99
107 151
107 28
107 275
107 240
107 136
107 30
107 91
107 6
107 32
107 33
107 102
107 284
107 187
107 103
107 172
107 35
107 8
107 104
107 36
107 105
107 9
107 108
107 246
107 83
107 40
107 42
107 43
107 44
107 109
107 110
107 69
107 182
107 324
107 46
107 72
107 11
107 12
107 13
107 217
107 47
107 14
107 49
107 145
107 146
107 211
107 112
107 266
107 94
107 76
107 50
107 332
108 150
108 3
108 184
108 96
108 90
108 5
108 26
108 27
108 99
108 151
108 136
108 91
108 80
108 205
108 284
108 187
108 103
108 104
108 265
108 153
108 9
108 310
108 53
108 83
108 40
108 42
108 109
108 110
108 182
108 11
108 12
108 13
108 49
108 112
108 94
108 76
108 51
38 18
38 2
38 150
38 3
38 79
38 96
38 5
38 27
38 99
38 171
38 151
38 158
38 32
38 172
38 153
38 40
38 41
38 42
38 43
38 109
38 10
38 154
38 13
38 14
38 112
38 50
38 190
636 260
636 26
408 1
408 20
408 150
408 3
408 5
408 405
408 406
408 137
408 197
408 105
408 11
408 177
637 97
637 8
637 109
637 120
637 638
334 3
334 184
334 333
334 90
334 5
334 421
334 171
334 158
334 91
334 6
334 34
334 102
334 172
334 8
334 389
334 41
334 10
334 154
334 69
334 11
334 12
334 49
334 50
334 51
334 160
334 55
334 127
504 2
504 3
504 170
504 5
504 186
504 32
504 8
504 9
504 38
504 42
504 10
504 249
504 11
640 192
640 4
640 260
640 5
640 38
621 30
621 9
621 143
641 94
642 11
642 643
642 632
215 128
215 169
215 150
215 225
215 59
215 644
215 264
215 3
215 645
215 184
215 132
215 405
215 151
215 283
215 508
215 411
215 545
215 233
215 64
215 34
215 207
215 153
215 482
215 107
215 408
215 216
215 43
215 45
215 209
215 13
215 217
215 458
215 250
215 385
215 646
215 94
215 387
215 57
215 55
647 163
648 2
648 130
648 186
648 30
648 64
648 649
648 505
648 144
66 58
66 128
66 149
66 19
66 150
66 59
66 199
66 264
66 3
66 271
66 79
66 4
66 184
66 170
66 96
66 90
66 24
66 5
66 200
66 186
66 26
66 27
66 98
66 99
66 171
66 438
66 151
66 75
66 158
66 202
66 240
66 136
66 30
66 283
66 203
66 400
66 241
66 508
66 91
66 80
66 204
66 411
66 6
66 32
66 205
66 64
66 34
66 102
66 242
66 103
66 172
66 207
66 8
66 104
66 262
66 36
66 105
66 106
66 81
66 265
66 82
66 9
66 482
66 107
66 108
66 38
66 408
66 53
66 509
66 83
66 40
66 492
66 41
66 42
66 44
66 109
66 110
66 154
66 209
66 69
66 457
66 650
66 143
66 182
66 46
66 72
66 144
66 11
66 12
66 13
66 47
66 14
66 49
66 146
66 211
66 112
66 266
66 94
66 387
66 57
66 76
66 50
66 51
66 189
66 519
66 126
344 3
344 184
344 5
344 28
344 91
344 32
344 8
344 310
344 53
344 11
344 12
344 94
344 76
344 113
344 651
344 302
344 403
344 605
344 485
344 652
344 168
344 352
344 653
344 15
344 584
344 655
344 656
344 632
344 127
657 4
245 184
245 6
245 312
245 14
658 11
658 379
246 659
246 660
246 379
595 136
595 30
595 32
595 47
159 58
159 149
159 18
159 179
159 2
159 129
159 20
159 227
159 59
159 3
159 79
159 235
159 184
159 170
159 131
159 96
159 5
159 200
159 26
159 27
159 151
159 406
159 137
159 203
159 138
159 80
159 557
159 32
159 233
159 570
159 64
159 33
159 242
159 187
159 103
159 172
159 207
159 8
159 104
159 197
159 105
159 106
159 81
159 265
159 153
159 37
159 9
159 294
159 66
159 53
159 83
159 40
159 492
159 41
159 42
159 67
159 109
159 45
159 10
159 110
159 154
159 269
159 209
159 69
159 143
159 182
159 579
159 46
159 72
159 11
159 12
159 217
159 47
159 296
159 210
159 14
159 166
159 49
159 250
159 112
159 94
159 147
159 57
159 50
159 163
159 584
661 3
661 170
661 5
661 8
661 197
661 53
661 246
389 5
389 158
389 113
509 19
509 3
509 5
509 186
509 9
509 76
440 75
83 3
83 4
83 90
83 5
83 27
83 98
83 75
83 80
83 6
83 102
83 284
83 103
83 104
83 197
83 106
83 108
83 53
83 11
83 12
83 166
83 49
83 266
83 94
83 51
290 3
290 24
290 5
290 27
290 99
290 75
290 91
290 6
290 32
290 102
290 172
290 8
290 9
290 108
290 38
290 43
290 109
290 324
290 46
290 72
290 11
290 12
290 13
290 211
290 112
290 266
290 94
290 50
534 2
534 3
534 5
534 27
534 91
534 187
534 9
534 143
534 46
534 12
534 14
534 94
534 51
534 403
534 485
534 84
534 168
534 15
534 519
534 55
664 307
664 344
216 150
216 49
665 144
40 59
40 3
40 213
40 184
40 90
40 5
40 27
40 99
40 158
40 238
40 6
40 32
40 33
40 102
40 172
40 8
40 104
40 153
40 107
40 38
40 83
40 110
40 666
40 182
40 72
40 12
40 13
40 14
40 112
40 50
40 474
40 667
40 120
562 2
562 3
492 20
492 136
492 40
492 50
322 5
228 136
228 30
228 277
549 557
668 128
668 283
668 233
668 207
668 57
277 3
277 131
277 90
277 27
277 99
277 275
277 75
277 91
277 6
277 32
277 205
277 284
277 242
277 103
277 104
277 153
277 82
277 9
277 107
277 108
277 44
277 154
277 69
277 182
277 11
277 14
277 112
337 3
337 131
337 90
337 24
337 5
337 26
337 27
337 99
337 136
337 91
337 80
337 6
337 102
337 8
337 105
337 153
337 82
337 9
337 108
337 53
337 246
337 83
337 40
337 322
337 42
337 109
337 182
337 11
337 12
337 13
337 49
337 94
337 51
337 338
337 669
337 219
337 163
337 584
337 340
247 2
247 59
247 3
247 79
247 132
247 90
247 24
247 5
247 200
247 27
247 158
247 91
247 80
247 6
247 8
247 36
247 153
247 108
247 38
247 53
247 41
247 10
247 182
247 72
247 11
247 13
247 210
247 94
247 76
247 519
247 127
41 2
41 3
41 79
41 96
41 90
41 393
41 24
41 5
41 186
41 27
41 99
41 80
41 6
41 32
41 102
41 35
41 36
41 9
41 108
41 38
41 83
41 40
41 247
41 626
41 42
41 43
41 154
41 46
41 72
41 11
41 13
41 211
41 94
41 76
41 15
41 55
626 3
626 5
626 36
626 9
626 108
626 41
626 46
626 211
626 94
626 113
42 3
42 5
42 6
42 265
42 159
42 40
42 432
42 13
42 112
43 6
44 150
44 3
44 79
44 4
44 184
44 96
44 90
44 5
44 26
44 27
44 99
44 30
44 91
44 80
44 6
44 32
44 102
44 103
44 172
44 8
44 104
44 106
44 81
44 9
44 108
44 83
44 42
44 143
44 46
44 72
44 11
44 12
44 13
44 47
44 14
44 49
44 112
44 266
44 94
44 50
44 51
44 519
67 58
67 19
67 194
67 131
67 5
67 186
67 28
67 75
67 6
67 557
67 9
67 53
67 247
67 11
67 94
67 76
67 113
67 163
109 129
109 3
109 4
109 96
109 90
109 24
109 27
109 99
109 151
109 203
109 241
109 91
109 80
109 383
109 32
109 205
109 64
109 102
109 172
109 424
109 265
109 108
109 38
109 66
109 83
109 40
109 42
109 110
109 154
109 69
109 72
109 11
109 12
109 13
109 49
109 211
109 112
109 50
109 113
45 17
45 18
45 70
432 19
432 3
432 5
432 27
432 99
432 171
432 158
432 91
432 6
432 557
432 8
432 37
432 108
432 41
432 42
432 44
432 109
432 110
432 154
432 46
432 72
432 11
432 12
432 13
432 14
432 266
432 94
10 2
10 19
10 3
10 5
10 27
10 242
10 172
10 38
10 143
10 72
10 11
10 403
10 678
10 117
110 130
110 26
110 27
110 30
110 32
110 144
110 47
110 76
110 50
154 149
154 18
154 3
154 96
154 91
154 80
154 172
154 265
154 153
154 108
154 38
154 40
154 42
154 109
154 13
154 211
154 50
610 5
610 186
610 8
497 170
497 97
497 5
497 496
497 80
497 108
497 69
497 11
497 12
497 112
497 113
311 422
269 130
269 24
269 186
269 28
269 137
269 105
269 505
269 143
269 163
269 55
312 53
209 3
209 5
209 186
209 27
209 171
209 151
209 383
209 32
209 207
209 8
209 153
209 294
209 40
209 43
209 45
209 46
209 144
209 11
209 210
209 49
209 112
209 51
666 235
666 90
666 5
666 27
666 6
666 8
666 40
666 69
666 143
666 12
666 14
69 235
69 90
69 5
69 27
69 6
69 8
69 40
69 143
69 12
69 14
70 58
70 2
70 3
70 5
70 27
70 158
70 136
70 80
70 541
70 103
70 35
70 108
70 38
70 40
70 43
70 45
70 10
70 69
70 11
70 47
70 112
70 51
70 163
70 332
70 55
673 88
673 5
673 15
500 91
500 103
500 334
457 6
457 66
457 148
457 681
457 682
457 462
683 192
683 97
684 3
684 4
684 5
684 75
684 80
684 6
684 8
684 11
684 14
684 51
684 370
684 474
684 219
684 117
684 539
684 120
684 168
684 122
684 125
684 126
650 130
650 5
650 6
650 38
650 53
650 562
650 44
650 117
188 2
188 3
188 5
188 27
188 80
188 6
188 35
188 8
188 265
188 9
188 11
188 14
188 94
188 51
188 113
188 117
188 594
188 15
188 584
686 242
686 10
687 263
687 32
687 94
687 76
687 55
182 59
182 258
182 3
182 79
182 96
182 5
182 26
182 27
182 99
182 151
182 75
182 503
182 241
182 359
182 91
182 80
182 32
182 64
182 102
182 242
182 103
182 35
182 424
182 36
182 106
182 153
182 412
182 9
182 294
182 107
182 108
182 38
182 83
182 40
182 337
182 110
182 209
182 69
182 72
182 144
182 11
182 12
182 13
182 49
182 211
182 112
182 94
182 76
182 50
182 51
182 688
182 689
182 515
182 116
182 690
182 691
182 124
182 692
693 143
694 2
694 3
694 5
694 91
694 81
694 11
694 210
694 112
694 94
579 149
579 18
579 19
579 258
579 3
579 79
579 4
579 184
579 96
579 90
579 24
579 5
579 200
579 26
579 27
579 98
579 99
579 171
579 151
579 28
579 75
579 240
579 136
579 30
579 241
579 91
579 80
579 6
579 32
579 205
579 64
579 34
579 102
579 242
579 187
579 103
579 172
579 104
579 262
579 36
579 106
579 81
579 265
579 153
579 82
579 9
579 310
579 108
579 38
579 159
579 83
579 40
579 41
579 42
579 43
579 44
579 109
579 110
579 154
579 69
579 182
579 46
579 72
579 11
579 12
579 13
579 47
579 14
579 49
579 146
579 211
579 112
579 266
579 94
579 76
579 50
579 51
579 219
390 90
390 158
390 91
390 6
390 103
390 310
390 154
390 11
390 94
390 113
390 219
390 123
324 3
324 90
324 24
324 5
324 27
324 99
324 75
324 158
324 136
324 91
324 80
324 6
324 205
324 284
324 103
324 172
324 35
324 9
324 107
324 108
324 290
324 40
324 42
324 43
324 72
324 11
324 12
324 13
324 49
324 112
324 94
324 50
324 219
527 571
527 143
527 57
46 3
46 5
46 80
46 6
46 34
46 83
46 43
46 11
46 13
46 211
46 76
696 2
696 3
696 4
696 5
696 6
696 33
696 8
696 108
696 76
697 4
72 3
72 130
72 282
72 24
72 5
72 27
72 10
72 11
72 12
72 112
72 76
72 190
698 5
698 80
698 6
698 43
698 10
698 94
249 3
249 5
249 8
249 9
249 53
249 41
249 376
144 2
144 3
144 130
144 79
144 24
144 5
144 186
144 30
144 143
144 12
144 49
144 76
11 3
11 79
11 170
11 75
11 136
11 6
11 7
11 35
11 197
11 166
11 94
11 699
11 119
12 2
12 3
12 5
12 35
12 108
12 53
12 83
12 69
12 46
12 11
12 47
12 94
12 76
12 115
12 116
12 55
12 125
700 163
700 189
13 1
13 149
13 20
13 150
13 3
13 130
13 79
13 184
13 96
13 90
13 24
13 5
13 200
13 186
13 26
13 27
13 99
13 151
13 241
13 359
13 80
13 6
13 140
13 32
13 205
13 102
13 284
13 103
13 172
13 8
13 104
13 36
13 106
13 265
13 153
13 82
13 9
13 107
13 108
13 38
13 40
13 247
13 41
13 42
13 44
13 109
13 110
13 154
13 69
13 143
13 182
13 46
13 72
13 11
13 12
13 47
13 14
13 49
13 211
13 112
13 94
13 76
13 50
13 113
13 189
13 15
384 4
384 5
384 200
384 186
384 27
384 99
384 203
384 9
384 108
384 109
384 69
384 72
384 146
384 94
384 76
384 50
701 5
701 186
701 11
701 76
285 19
285 258
285 79
285 235
285 88
285 27
285 438
285 75
285 30
285 283
285 6
285 32
285 8
285 105
285 618
285 153
285 38
285 40
285 45
285 70
285 72
285 211
285 51
285 113
285 155
285 55
300 59
300 5
300 171
300 238
300 45
300 50
217 3
217 66
217 216
217 94
47 129
47 130
47 24
47 136
47 30
47 53
47 143
47 144
47 12
47 49
47 94
702 2
702 3
702 79
702 5
702 136
702 91
702 6
702 102
702 35
702 108
702 11
702 94
347 5
347 94
703 186
703 14
402 17
402 87
402 199
402 321
402 363
402 399
402 186
402 26
402 75
402 401
402 706
402 707
402 504
402 708
402 148
296 3
296 235
296 170
296 24
296 5
296 200
296 26
296 27
296 98
296 261
296 136
296 80
296 205
296 102
296 103
296 197
296 108
296 53
296 83
296 69
296 11
296 166
296 112
296 94
296 51
416 19
416 3
416 5
416 137
416 521
416 8
416 108
416 38
416 11
416 147
210 186
210 105
210 55
14 3
14 130
14 79
14 235
14 184
14 24
14 5
14 186
14 26
14 27
14 98
14 99
14 75
14 158
14 240
14 136
14 241
14 91
14 80
14 6
14 32
14 33
14 284
14 103
14 172
14 35
14 8
14 424
14 36
14 9
14 107
14 66
14 53
14 83
14 40
14 42
14 43
14 69
14 46
14 72
14 11
14 12
14 49
14 112
14 266
14 94
458 283
458 456
166 2
166 5
166 11
166 94
434 3
434 11
473 18
473 2
473 19
473 6
473 570
473 476
473 45
473 384
713 3
713 132
713 5
713 9
713 43
713 10
714 200
714 108
715 3
715 98
715 140
715 205
715 83
715 76
49 3
250 19
250 129
250 59
250 3
250 4
250 96
250 5
250 186
250 27
250 171
250 151
250 158
250 80
250 383
250 64
250 242
250 207
250 153
250 294
250 107
250 108
250 159
250 45
250 10
250 209
250 143
250 46
250 217
250 210
250 112
250 94
250 163
250 55
716 130
716 192
716 32
716 143
716 11
716 12
716 76
716 113
717 400
145 128
145 2
145 129
145 20
145 199
145 3
145 79
145 184
145 90
145 24
145 5
145 186
145 99
145 151
145 75
145 276
145 241
145 204
145 6
145 140
145 32
145 242
145 103
145 207
145 8
145 104
145 105
145 153
145 107
145 53
145 245
145 83
145 40
145 41
145 42
145 43
145 109
145 110
145 69
145 143
145 46
145 72
145 11
145 12
145 47
145 49
145 211
145 266
145 94
145 50
145 51
385 2
385 3
385 184
385 8
385 9
385 108
385 38
385 215
385 43
385 45
385 10
385 70
385 650
385 166
385 94
146 18
146 3
146 24
146 5
146 27
146 99
146 151
146 136
146 6
146 32
146 33
146 284
146 8
146 9
146 107
146 66
146 53
146 83
146 42
146 109
146 11
146 12
146 49
146 94
719 5
719 14
720 192
646 9
646 215
721 186
721 136
721 53
211 170
211 6
211 11
211 14
211 51
211 168
211 15
376 4
376 131
376 260
376 5
723 3
723 5
723 8
723 11
723 51
659 52
659 5
659 8
659 246
659 11
725 58
725 4
725 49
112 2
112 150
112 3
112 79
112 96
112 5
112 27
112 99
112 151
112 91
112 6
112 32
112 102
112 103
112 104
112 106
112 81
112 107
112 108
112 53
112 83
112 42
112 43
112 44
112 109
112 110
112 69
112 12
112 13
112 14
112 49
112 94
112 50
266 3
266 5
266 27
266 98
266 75
266 136
266 91
266 80
266 6
266 36
266 197
266 83
266 44
266 72
266 11
266 14
266 166
266 112
266 94
266 51
266 219
266 119
266 122
266 126
94 149
94 150
94 3
94 79
94 170
94 96
94 90
94 5
94 26
94 27
94 91
94 6
94 102
94 103
94 104
94 197
94 106
94 82
94 37
94 9
94 310
94 108
94 83
94 40
94 42
94 44
94 182
94 11
94 12
94 13
94 47
94 166
94 266
94 50
94 51
94 219
94 350
94 84
94 119
94 168
94 353
94 198
94 123
94 632
94 519
94 126
387 88
387 202
387 458
387 57
726 613
726 49
361 258
361 3
361 24
361 5
361 91
361 106
361 11
361 94
361 76
361 51
147 128
147 2
147 20
147 3
147 24
147 5
147 27
147 99
147 136
147 6
147 140
147 32
147 9
147 108
147 159
147 40
147 11
147 12
147 47
147 416
147 49
57 3
57 130
57 184
57 131
57 132
57 5
57 30
57 32
57 233
57 9
57 108
57 53
57 154
57 143
57 527
57 46
57 49
57 112
57 387
57 113
57 189
57 190
57 127
728 315
728 213
728 5
728 187
728 107
728 94
76 3
76 5
76 28
76 80
76 35
76 53
76 83
76 42
76 11
76 113
76 220
76 119
76 177
162 30
623 3
623 481
623 131
623 90
623 5
623 27
623 32
623 105
623 108
623 42
730 184
730 97
730 5
730 307
730 302
50 58
50 2
50 129
50 150
50 3
50 79
50 5
50 134
50 186
50 27
50 135
50 99
50 151
50 137
50 91
50 140
50 32
50 205
50 64
50 242
50 103
50 207
50 8
50 104
50 36
50 105
50 106
50 9
50 107
50 108
50 38
50 66
50 245
50 159
50 83
50 40
50 42
50 44
50 109
50 110
50 154
50 69
50 143
50 182
50 144
50 11
50 12
50 13
50 47
50 211
50 112
50 94
50 76
50 163
50 84
50 368
50 55
50 125
624 149
624 150
624 3
624 130
624 96
624 90
624 24
624 5
624 26
624 27
624 99
624 158
624 80
624 103
624 172
624 8
624 105
624 81
624 9
624 108
624 38
624 83
624 42
624 43
624 10
624 154
624 11
624 12
624 13
624 49
624 211
624 94
624 76
624 51
624 113
624 15
51 3
51 91
51 102
51 284
51 103
51 197
51 108
51 83
51 11
51 166
51 266
51 94
731 130
732 733
732 302
732 734
732 198
759 738
759 403
759 760
759 445
759 681
759 761
436 186
436 283
436 76
436 485
436 762
436 764
436 127
766 3
766 97
766 90
766 24
766 5
766 186
766 33
766 310
766 83
766 143
766 11
766 94
766 76
766 51
766 391
766 629
766 767
766 768
766 113
766 338
766 514
766 302
766 403
766 769
766 115
766 219
766 771
766 189
766 667
766 117
766 485
766 84
766 712
766 539
766 372
766 120
766 177
766 772
766 178
766 773
766 168
766 516
766 594
766 15
766 353
766 221
766 198
766 584
766 774
766 462
766 122
766 368
766 655
766 775
766 518
766 776
766 777
766 55
766 758
766 778
766 125
766 126
766 127
780 302
780 781
780 774
789 678
789 117
790 689
790 587
790 669
790 302
790 218
790 630
790 741
790 189
790 667
790 539
790 747
790 792
790 198
790 793
790 462
790 368
790 794
790 55
370 97
370 5
370 400
370 684
370 76
370 436
370 113
370 371
370 348
370 302
370 795
370 115
370 796
370 699
370 797
370 546
370 220
370 798
370 117
370 84
370 226
370 119
370 539
370 799
370 762
370 120
370 177
370 178
370 800
370 168
370 15
370 584
370 373
370 462
370 122
370 123
370 655
370 801
370 155
370 775
370 756
370 518
370 802
370 777
370 55
370 803
370 125
370 126
370 127
804 805
804 198
804 758
738 97
738 186
738 759
738 688
738 807
738 348
738 808
738 809
738 810
738 811
738 302
738 812
738 795
738 769
738 580
738 630
738 593
738 740
738 797
738 741
738 813
738 582
738 814
738 816
738 611
738 817
738 818
738 588
738 819
738 762
738 820
738 821
738 822
738 168
738 638
738 792
738 823
738 774
738 793
738 462
738 824
738 487
738 368
738 124
738 825
738 655
738 801
738 827
738 828
738 829
738 830
738 831
738 832
738 802
738 519
738 833
738 834
738 126
738 127
738 835
836 302
688 97
688 738
688 689
688 113
688 348
688 515
688 809
688 218
688 795
688 593
688 116
688 837
688 805
688 220
688 163
688 838
688 582
688 712
688 839
688 611
688 840
688 177
688 178
688 168
688 638
688 486
688 352
688 15
688 774
688 462
688 122
688 155
688 755
688 55
688 841
688 778
688 125
688 127
807 400
807 790
807 738
807 842
807 587
807 302
807 781
807 593
807 741
807 163
807 678
807 843
807 445
807 667
807 681
807 582
807 710
807 177
807 638
807 15
807 793
807 462
807 368
807 829
807 845
807 834
689 97
689 90
689 103
689 53
689 246
689 182
689 688
689 113
689 587
689 348
689 846
689 515
689 302
689 339
689 218
689 795
689 847
689 630
689 848
689 593
689 219
689 535
689 805
689 379
689 148
689 849
689 850
689 485
689 839
689 538
689 611
689 840
689 372
689 762
689 120
689 177
689 772
689 745
689 851
689 168
689 516
689 353
689 123
689 487
689 368
689 124
689 753
689 852
689 692
689 518
689 802
689 519
689 841
689 853
689 126
391 94
391 741
391 353
391 123
391 854
842 302
842 855
842 117
629 113
629 115
629 843
629 15
629 122
629 55
856 97
856 534
856 857
856 808
856 809
856 811
856 302
856 805
856 445
856 859
856 117
856 582
856 583
856 860
856 177
856 772
856 168
856 486
856 368
856 753
856 828
856 833
861 97
861 90
861 6
861 37
861 310
861 534
861 11
861 266
861 51
861 768
861 113
861 551
861 219
861 761
861 120
861 168
861 352
861 15
861 198
861 632
861 631
861 519
861 758
861 126
862 189
862 198
767 230
767 113
767 177
767 15
767 198
767 122
767 863
767 758
768 629
768 177
857 418
857 283
857 557
857 457
857 714
857 436
857 629
857 856
857 865
857 302
857 866
857 781
857 867
857 805
857 220
857 445
857 681
857 652
857 868
857 869
857 871
857 872
857 792
857 15
857 122
857 874
857 828
857 875
857 55
857 758
857 876
857 127
877 403
877 678
877 771
877 445
877 117
877 15
877 221
877 55
879 186
879 534
879 302
879 667
879 761
879 762
879 177
879 178
879 15
879 462
879 127
371 348
371 302
371 115
371 445
371 177
371 198
371 127
880 368
881 186
881 218
881 15
881 778
884 151
884 230
884 436
884 338
884 302
884 339
884 403
884 593
884 163
884 117
884 177
884 178
884 594
884 15
884 584
884 774
884 462
884 122
884 764
884 802
884 758
884 125
885 534
885 886
885 485
625 149
625 5
625 99
625 541
625 105
625 154
625 70
625 11
625 210
625 166
625 266
625 94
348 125
888 881
888 302
888 379
888 372
890 534
890 846
890 891
890 812
890 551
890 148
890 117
890 539
890 177
890 892
890 352
890 594
890 15
890 893
890 55
890 126
808 738
808 733
808 593
808 445
808 582
808 539
808 177
808 221
808 55
808 758
894 534
894 812
894 403
894 163
894 445
894 117
894 582
894 839
894 538
894 177
894 178
894 895
894 15
894 155
894 127
896 81
896 436
896 629
896 348
896 846
896 515
896 403
896 115
896 593
896 116
896 219
896 535
896 837
896 805
896 220
896 117
896 582
896 84
896 539
896 177
896 772
896 178
896 516
896 160
896 15
896 198
896 584
896 462
896 123
896 368
896 124
896 753
896 518
896 777
896 898
896 55
896 758
896 125
896 126
846 611
846 539
846 762
846 773
846 55
900 901
900 902
902 900
903 400
903 403
903 904
903 117
903 761
903 772
903 747
903 15
903 198
903 122
903 368
903 55
903 876
338 131
338 310
338 534
338 337
338 94
338 76
338 436
338 391
338 113
338 348
338 846
338 514
338 515
338 403
338 769
338 115
338 219
338 117
338 582
338 485
338 84
338 119
338 120
338 177
338 772
338 786
338 168
338 516
338 352
338 594
338 15
338 353
338 198
338 584
338 462
338 122
338 155
338 519
338 55
338 125
338 126
338 127
905 733
905 302
669 337
669 790
669 302
669 839
669 906
669 772
908 97
908 5
908 310
908 312
908 768
908 302
908 795
908 593
908 372
908 594
908 15
908 122
908 55
514 94
514 766
514 539
514 177
514 594
910 805
910 823
910 758
910 125
515 97
515 534
515 182
515 689
515 474
515 403
515 769
515 593
515 116
515 219
515 350
515 678
515 117
515 761
515 712
515 119
515 710
515 588
515 120
515 177
515 745
515 786
515 352
515 15
515 353
515 517
515 198
515 462
515 122
515 913
515 123
515 368
515 124
515 655
515 914
515 775
515 340
515 55
515 125
515 126
915 97
915 5
915 8
915 310
915 53
915 312
915 861
915 15
915 198
474 5
474 514
474 403
474 551
474 605
474 117
474 539
474 120
474 772
474 594
474 15
474 198
474 584
474 122
474 55
474 916
474 126
809 3
809 90
809 9
809 534
809 11
809 688
809 403
809 177
809 168
809 462
809 487
809 631
810 738
810 551
810 593
810 867
810 678
810 667
810 485
810 761
810 539
810 177
810 15
810 221
810 852
918 97
918 593
918 220
920 921
920 678
920 539
920 221
920 123
920 55
811 738
811 856
811 857
811 808
811 302
811 630
811 678
811 445
811 667
811 883
811 849
811 229
811 582
811 818
811 762
811 869
811 168
811 638
811 221
811 487
811 922
811 828
811 518
811 55
923 15
924 733
924 189
924 667
924 177
924 15
925 733
925 163
925 189
651 97
651 400
651 877
651 113
651 808
651 908
651 920
651 811
651 302
651 926
651 403
651 866
651 927
651 928
651 630
651 593
651 930
651 867
651 931
651 932
651 163
651 678
651 445
651 849
651 229
651 117
651 933
651 814
651 934
651 539
651 935
651 177
651 936
651 937
651 895
651 160
651 15
651 221
651 787
651 939
651 852
651 775
651 834
942 310
942 113
942 371
942 348
942 593
942 116
942 219
942 350
942 805
942 163
942 771
942 445
942 117
942 582
942 84
942 839
942 840
942 177
942 745
942 178
942 486
942 352
942 15
942 774
942 462
942 368
942 124
942 518
942 519
942 55
942 125
733 302
302 400
302 759
302 780
302 790
302 370
302 738
302 836
302 807
302 944
302 689
302 842
302 856
302 857
302 371
302 884
302 348
302 889
302 808
302 894
302 945
302 669
302 908
302 515
302 809
302 810
302 811
302 924
302 947
302 733
302 339
302 949
302 951
302 795
302 403
302 760
302 660
302 953
302 769
302 796
302 954
302 866
302 955
302 956
302 959
302 580
302 630
302 740
302 116
302 605
302 931
302 961
302 962
302 855
302 963
302 837
302 964
302 741
302 379
302 965
302 966
302 163
302 678
302 784
302 967
302 838
302 968
302 536
302 886
302 969
302 798
302 667
302 904
302 899
302 971
302 849
302 972
302 850
302 484
302 652
302 933
302 974
302 868
302 226
302 690
302 975
302 976
302 816
302 712
302 429
302 977
302 978
302 979
302 934
302 611
302 980
302 539
302 981
302 547
302 817
302 982
302 840
302 983
302 984
302 985
302 583
302 860
302 986
302 818
302 935
302 588
302 799
302 987
302 988
302 762
302 820
302 989
302 990
302 906
302 991
302 992
302 993
302 772
302 892
302 746
302 997
302 734
302 998
302 800
302 936
302 691
302 822
302 871
302 999
302 747
302 638
302 486
302 895
302 1000
302 792
302 1001
302 1002
302 160
302 594
302 653
302 1005
302 501
302 823
302 1007
302 1008
302 198
302 1009
302 1011
302 1012
302 1013
302 793
302 1014
302 824
302 874
302 1015
302 1016
302 487
302 787
302 1017
302 1018
302 1019
302 922
302 764
302 655
302 656
302 801
302 752
302 1023
302 753
302 155
302 1024
302 1025
302 827
302 852
302 1027
302 1028
302 829
302 1029
302 831
302 794
302 756
302 1032
302 1033
302 832
302 1034
302 1035
302 845
302 802
302 1036
302 1037
302 1038
302 833
302 1039
302 916
302 778
302 1040
302 1041
302 853
302 1042
302 834
302 1043
302 1044
302 1045
302 835
339 3
339 79
339 97
339 5
339 283
339 230
339 11
339 12
339 49
339 94
339 76
339 51
339 436
339 738
339 689
339 348
339 890
339 515
339 302
339 1047
339 769
339 551
339 593
339 931
339 741
339 805
339 899
339 148
339 117
339 582
339 485
339 933
339 761
339 712
339 839
339 611
339 120
339 177
339 178
339 936
339 168
339 352
339 15
339 774
339 462
339 122
339 368
339 124
339 764
339 914
339 831
339 794
339 802
339 519
339 125
339 1042
339 126
1048 186
1048 310
1048 76
1048 581
1048 605
1048 771
1048 189
1048 148
1048 84
1048 594
1048 198
1048 462
1048 123
1048 124
1048 126
1047 348
1047 302
1047 403
1047 772
1047 125
949 9
949 312
949 808
949 302
949 115
949 866
949 630
949 930
949 678
949 667
949 117
949 539
949 762
949 177
949 989
949 168
949 898
674 3
674 5
674 8
674 11
674 76
674 113
218 982
891 403
891 932
891 539
891 594
891 15
891 127
812 534
812 94
812 738
812 879
812 474
812 551
812 837
812 189
812 445
812 681
812 117
812 935
812 177
812 772
812 1050
812 487
812 55
921 339
921 189
921 774
926 678
926 189
926 712
926 710
926 177
926 168
926 221
926 368
1051 372
1051 177
1051 1052
1051 127
403 3
403 5
403 474
403 302
403 593
403 771
403 189
403 117
403 611
403 539
403 372
403 177
403 15
403 125
760 5
760 186
760 9
760 593
760 15
760 198
760 487
760 55
660 98
660 283
660 400
660 310
660 11
660 50
660 436
660 738
660 391
660 113
660 881
660 348
660 846
660 338
660 514
660 515
660 651
660 302
660 339
660 218
660 812
660 403
660 1054
660 769
660 115
660 551
660 1055
660 1056
660 219
660 855
660 963
660 1057
660 932
660 741
660 379
660 220
660 965
660 163
660 678
660 838
660 886
660 367
660 667
660 850
660 117
660 484
660 485
660 652
660 742
660 743
660 712
660 538
660 539
660 547
660 588
660 762
660 120
660 177
660 993
660 892
660 773
660 168
660 747
660 638
660 486
660 895
660 792
660 516
660 352
660 1001
660 160
660 594
660 15
660 353
660 198
660 584
660 122
660 874
660 1018
660 1059
660 655
660 656
660 801
660 753
660 852
660 755
660 775
660 631
660 1060
660 1033
660 802
660 1061
660 778
660 125
660 1044
660 126
660 127
1054 689
1054 113
1054 760
1054 681
1054 177
1054 352
1054 15
953 302
953 630
953 546
953 868
953 762
953 177
953 1062
953 777
953 55
769 534
769 302
769 117
769 772
769 168
115 2
115 5
115 12
115 348
115 177
115 122
115 777
115 127
1064 6
1064 103
1064 40
1064 12
1064 217
1064 94
1064 76
1064 370
1064 348
1064 846
1064 403
1064 769
1064 115
1064 116
1064 1057
1064 220
1064 117
1064 484
1064 485
1064 840
1064 177
1064 516
1064 487
1064 655
1064 753
1064 125
1066 163
954 5
954 302
954 163
954 15
551 97
551 400
551 310
551 861
551 113
551 348
551 890
551 846
551 302
551 812
551 403
551 219
551 1067
551 535
551 1068
551 843
551 148
551 681
551 117
551 485
551 933
551 539
551 710
551 1069
551 177
551 993
551 772
551 747
551 486
551 516
551 352
551 594
551 15
551 198
551 462
551 122
551 1024
551 1060
551 777
551 125
551 126
551 127
866 76
866 738
866 445
866 681
866 772
866 221
866 198
866 55
955 539
955 177
956 246
956 11
956 51
956 370
956 768
956 113
956 587
956 515
956 302
956 630
956 593
956 379
956 678
956 771
956 117
956 177
956 15
956 198
956 584
956 1050
956 852
956 755
956 758
1071 505
1071 113
699 370
699 514
699 593
699 594
699 353
699 198
699 584
699 368
1055 989
927 97
927 400
927 214
927 323
927 310
927 689
927 391
927 879
927 587
927 846
927 514
927 515
927 651
927 302
927 339
927 812
927 403
927 760
927 1054
927 115
927 551
927 593
927 1072
927 535
927 678
927 784
927 189
927 445
927 667
927 117
927 582
927 933
927 1073
927 84
927 761
927 712
927 538
927 539
927 372
927 762
927 120
927 177
927 786
927 178
927 168
927 747
927 486
927 516
927 352
927 594
927 15
927 221
927 584
927 1074
927 462
927 122
927 487
927 655
927 155
927 755
927 631
927 1060
927 518
927 777
927 55
927 758
927 125
927 126
927 127
959 302
959 667
928 593
928 886
928 445
928 681
928 582
928 982
928 869
928 198
928 368
928 55
928 127
580 738
580 302
580 218
580 403
580 593
580 805
580 445
580 883
580 582
580 652
580 1075
580 839
580 611
580 539
580 982
580 177
580 178
580 594
580 15
580 462
580 487
580 368
580 753
580 55
580 778
580 127
630 221
1077 163
1056 302
1056 812
1056 403
1056 115
1056 582
1056 484
1056 712
1056 177
1056 168
1056 160
1056 15
1056 462
1056 124
1056 518
1056 125
1056 127
848 182
848 688
848 689
848 515
848 593
848 805
848 177
848 692
848 778
593 688
593 689
593 113
593 348
593 515
593 339
593 805
593 485
593 761
593 611
593 177
593 178
593 168
593 15
593 462
593 122
593 368
593 519
593 55
593 758
593 126
1078 733
1078 781
1078 163
1079 689
1079 391
1079 113
1079 348
1079 846
1079 339
1079 403
1079 769
1079 855
1079 163
1079 899
1079 148
1079 652
1079 933
1079 594
1079 353
1079 519
1079 55
1079 125
1072 283
1072 436
1072 857
1072 218
1072 115
1072 551
1072 927
1072 867
1072 367
1072 485
1072 933
1072 710
1072 177
1072 871
1072 462
1072 487
1072 368
1072 764
1072 753
1072 829
1072 755
1072 519
1072 127
1080 302
1080 177
1080 127
740 3
740 97
740 5
740 186
740 6
740 9
740 159
740 11
740 76
740 738
740 113
740 348
740 338
740 302
740 403
740 115
740 219
740 350
740 189
740 445
740 148
740 117
740 712
740 119
740 839
740 15
740 198
740 122
740 123
740 368
740 155
740 755
740 777
740 55
740 778
740 125
740 126
930 403
930 678
930 189
930 681
930 117
930 539
930 982
930 177
930 221
930 677
930 368
1082 582
1082 368
116 593
116 485
116 125
581 97
581 403
581 115
581 485
581 594
867 5
867 312
867 857
867 810
867 551
867 928
867 1072
867 678
867 681
867 117
867 582
867 485
867 761
867 710
867 772
867 869
867 871
867 594
867 15
867 221
867 198
867 764
867 777
867 519
867 55
867 127
605 3
605 97
605 90
605 24
605 75
605 8
605 83
605 534
605 40
605 312
605 249
605 11
605 94
605 51
605 436
605 780
605 391
605 113
605 348
605 846
605 338
605 514
605 515
605 474
605 302
605 403
605 660
605 769
605 116
605 219
605 855
605 741
605 350
605 379
605 220
605 678
605 784
605 771
605 117
605 485
605 652
605 84
605 761
605 743
605 119
605 538
605 539
605 762
605 120
605 177
605 772
605 1083
605 786
605 892
605 178
605 168
605 160
605 594
605 1084
605 15
605 353
605 198
605 584
605 774
605 793
605 462
605 122
605 1018
605 655
605 755
605 518
605 519
605 55
605 1085
605 778
605 125
605 126
219 97
219 90
219 91
219 102
219 310
219 11
219 94
219 76
219 51
219 113
219 403
219 350
219 117
219 84
219 119
219 177
219 168
219 352
219 198
219 462
219 122
219 125
219 126
931 302
931 339
931 403
931 761
931 772
931 178
931 594
931 15
931 353
931 221
931 127
961 12
961 113
961 474
961 302
961 117
961 486
961 15
961 122
961 127
962 312
962 474
962 302
962 403
962 630
962 593
962 117
962 485
962 611
962 750
962 755
962 55
1086 514
1086 189
1086 117
1086 761
1086 539
1086 372
1086 177
1086 15
1086 198
1086 677
1086 584
1086 55
1086 127
1087 186
1087 113
1087 551
1087 593
1087 148
1087 652
1087 119
1087 539
1087 15
1087 774
1087 462
1087 124
1088 462
797 738
797 681
797 177
797 15
535 31
535 557
535 103
535 534
535 44
535 896
535 514
535 910
535 809
535 810
535 733
535 769
535 551
535 630
535 116
535 805
535 220
535 965
535 163
535 784
535 1068
535 189
535 536
535 367
535 899
535 117
535 582
535 84
535 761
535 839
535 611
535 539
535 981
535 982
535 177
535 786
535 178
535 871
535 352
535 594
535 15
535 353
535 517
535 584
535 774
535 462
535 824
535 123
535 753
535 632
535 775
535 802
535 519
535 898
535 55
535 833
535 758
535 778
535 125
535 1044
535 126
1057 835
932 302
932 403
932 678
932 681
932 15
932 221
1089 302
1089 922
546 536
546 120
546 125
837 667
837 177
964 857
964 302
964 781
964 741
964 583
964 762
741 6
741 738
741 391
741 113
741 302
741 339
741 403
741 660
741 551
741 781
741 605
741 379
741 445
741 667
741 117
741 933
741 539
741 762
741 177
741 178
741 773
741 168
741 638
741 516
741 15
741 353
741 198
741 584
741 774
741 462
741 764
741 655
741 801
741 753
741 155
741 755
741 775
741 777
741 55
741 778
741 127
741 835
350 90
350 91
350 102
350 230
350 310
350 51
350 113
350 219
350 148
350 84
350 119
350 120
350 122
350 123
350 519
350 55
350 125
350 127
1090 97
1090 91
1090 534
1090 51
1090 218
1090 1055
1090 593
1090 219
1090 84
1090 1091
1090 353
1090 155
805 582
805 178
379 53
379 246
379 436
379 846
379 514
379 515
379 302
379 660
379 769
379 116
379 219
379 350
379 163
379 678
379 813
379 117
379 652
379 712
379 799
379 120
379 892
379 168
379 638
379 160
379 594
379 15
379 198
379 774
379 462
379 368
379 752
379 893
379 519
379 778
379 127
220 76
220 348
220 403
220 168
220 775
220 518
220 125
220 127
965 91
965 31
965 911
965 302
965 1055
965 630
965 805
965 163
965 899
965 582
965 178
965 462
965 368
965 55
966 186
966 302
966 594
966 15
966 198
1093 113
1093 163
1093 189
1093 177
1093 198
1093 774
678 436
678 766
678 807
678 945
678 669
678 908
678 515
678 809
678 920
678 811
678 651
678 302
678 949
678 926
678 403
678 660
678 1054
678 847
678 866
678 956
678 1055
678 927
678 867
678 605
678 220
678 163
678 784
678 771
678 849
678 229
678 117
678 1094
678 712
678 538
678 539
678 547
678 817
678 985
678 588
678 992
678 772
678 746
678 773
678 936
678 691
678 168
678 895
678 160
678 15
678 501
678 353
678 221
678 584
678 1074
678 462
678 1050
678 368
678 655
678 801
678 752
678 939
678 155
678 827
678 852
678 775
678 794
678 1034
678 802
678 55
678 1095
678 916
678 1041
678 834
678 1044
678 127
784 400
784 534
784 436
784 629
784 768
784 881
784 809
784 302
784 795
784 403
784 1055
784 605
784 379
784 163
784 678
784 771
784 445
784 148
784 850
784 117
784 538
784 611
784 539
784 762
784 786
784 516
784 15
784 373
784 462
784 1016
784 487
784 656
784 852
784 755
784 802
784 55
784 841
784 1044
1068 348
1068 551
1068 535
1068 163
1068 823
1068 462
1068 777
1068 55
1068 126
1068 127
1097 198
771 403
771 678
771 117
771 15
771 353
771 777
838 302
838 795
838 445
838 802
843 55
968 302
968 177
968 792
968 594
968 353
968 368
536 186
536 400
536 113
536 474
536 302
536 812
536 403
536 630
536 117
536 177
536 486
536 594
536 1084
536 15
536 584
536 122
536 368
536 893
536 778
536 125
536 127
886 445
886 177
886 832
886 845
886 55
1099 9
1099 436
1099 348
1099 846
1099 403
1099 551
1099 593
1099 805
1099 485
1099 839
1099 178
1099 462
1099 368
1099 755
1099 758
445 444
445 1100
445 759
445 738
445 807
445 856
445 857
445 877
445 371
445 348
445 808
445 894
445 920
445 811
445 947
445 651
445 942
445 812
445 796
445 866
445 927
445 928
445 580
445 630
445 593
445 740
445 855
445 741
445 220
445 163
445 678
445 784
445 838
445 886
445 798
445 229
445 850
445 582
445 484
445 814
445 868
445 1102
445 816
445 429
445 978
445 539
445 1103
445 547
445 817
445 982
445 984
445 985
445 583
445 762
445 991
445 746
445 178
445 168
445 871
445 747
445 638
445 1000
445 1001
445 1002
445 1009
445 1074
445 793
445 1105
445 1106
445 874
445 1016
445 764
445 801
445 939
445 828
445 831
445 832
445 845
445 1038
445 833
445 1107
445 1108
445 834
445 1044
445 1109
445 127
445 835
367 2
367 485
367 753
859 534
859 856
859 768
859 816
859 177
859 15
859 519
859 1038
859 127
969 302
798 46
798 515
798 302
798 593
798 740
798 189
798 445
798 667
798 933
798 712
798 538
798 892
798 168
798 751
798 764
798 55
667 302
667 539
667 168
667 486
667 775
883 759
883 911
883 811
883 733
883 760
883 928
883 580
883 229
883 820
883 638
883 15
883 221
883 793
883 874
883 764
883 801
883 939
883 835
904 903
904 812
904 769
904 551
904 163
904 117
904 1111
904 15
904 198
904 368
904 1112
904 758
899 474
899 403
899 593
899 539
899 177
899 15
899 752
148 43
1116 348
1117 115
1117 1072
1117 220
1117 445
1117 798
1117 764
1117 55
1117 127
1117 835
1118 587
849 534
849 302
849 667
849 221
229 400
229 348
229 474
229 651
229 630
229 678
229 445
229 117
229 15
229 353
229 221
1119 97
1119 5
1119 113
1119 587
1119 348
1119 302
1119 115
1119 605
1119 117
1119 582
1119 119
1119 860
1119 177
1119 178
1119 594
1119 15
1119 198
1119 462
1119 368
1119 753
1119 829
1119 55
1119 125
850 689
850 768
850 587
850 474
850 302
850 403
850 189
850 536
850 445
850 117
850 761
850 372
850 710
850 177
850 15
850 750
850 751
850 198
681 283
681 400
681 457
681 759
681 807
681 857
681 1120
681 808
681 810
681 812
681 1054
681 551
681 866
681 955
681 927
681 928
681 630
681 930
681 867
681 797
681 932
681 229
681 814
681 868
681 978
681 993
681 892
681 869
681 871
681 747
681 516
681 501
681 874
681 1018
681 831
681 1060
681 835
1121 348
1121 846
1121 769
1121 115
1121 116
1121 899
1121 84
1121 868
1121 772
1121 178
1121 773
1121 352
1121 15
1121 462
1121 913
1121 123
1121 755
1121 518
1121 55
1121 125
117 97
117 187
117 310
117 11
117 51
117 629
117 768
117 113
117 514
117 474
117 302
117 339
117 812
117 403
117 769
117 956
117 930
117 605
117 219
117 961
117 350
117 805
117 379
117 678
117 771
117 189
117 904
117 119
117 539
117 1103
117 177
117 992
117 772
117 936
117 168
117 999
117 895
117 516
117 352
117 594
117 15
117 353
117 751
117 198
117 584
117 462
117 122
117 368
117 655
117 752
117 852
117 632
117 775
117 1034
117 125
117 126
117 127
1094 43
1094 678
1094 761
1094 120
1094 177
1094 352
1094 15
582 302
582 445
582 178
582 1000
582 462
582 368
582 777
582 1109
484 2
484 283
484 6
484 534
484 436
484 861
484 113
484 348
484 302
484 403
484 115
484 630
484 593
484 855
484 445
484 582
484 485
484 839
484 611
484 539
484 762
484 177
484 906
484 178
484 168
484 638
484 486
484 15
484 584
484 462
484 122
484 123
484 1085
484 125
484 126
484 127
485 283
485 534
485 12
485 76
485 436
485 689
485 474
485 403
485 115
485 581
485 367
485 117
485 582
485 652
485 712
485 538
485 611
485 539
485 177
485 1111
485 168
485 516
485 594
485 15
485 750
485 751
485 198
485 462
485 487
485 852
485 777
485 841
485 127
652 400
652 310
652 40
652 536
652 539
652 772
652 168
652 127
933 436
933 689
933 348
933 890
933 515
933 403
933 660
933 115
933 551
933 927
933 593
933 605
933 784
933 850
933 712
933 539
933 638
933 594
933 122
933 487
933 368
933 794
933 1033
933 519
1123 846
1123 1124
1123 805
1123 445
1123 582
1123 1125
1123 55
1125 1124
1125 805
1125 445
1125 582
1125 1123
1125 55
1073 69
742 534
742 338
742 514
742 302
742 403
742 660
742 551
742 593
742 581
742 117
742 582
742 119
742 372
742 177
742 352
742 594
742 1084
742 15
742 198
742 462
742 122
742 368
742 518
742 55
742 127
814 738
814 593
814 189
814 667
814 681
814 177
814 168
814 15
814 221
814 487
814 368
814 55
84 97
84 90
84 91
84 102
84 9
84 310
84 534
84 94
84 51
84 113
84 769
84 115
84 116
84 219
84 350
84 805
84 168
84 352
84 160
84 353
84 517
84 198
84 462
84 123
84 368
84 124
84 519
84 55
84 125
84 126
868 132
868 400
868 359
868 857
868 953
868 956
868 959
868 630
868 855
868 220
868 681
868 1121
868 974
868 984
868 799
868 177
868 993
868 998
868 1060
868 1039
868 1126
1102 445
1102 582
1102 55
761 462
226 302
226 55
743 772
1127 3
1127 12
1127 266
1127 189
975 302
975 189
975 667
975 1128
975 15
975 584
975 794
976 302
976 551
976 117
976 15
1130 163
816 445
816 487
712 534
712 302
712 339
712 115
712 933
712 177
712 772
712 168
712 352
712 160
712 15
712 353
712 155
712 55
712 1131
712 127
744 846
744 837
744 1090
744 539
744 762
744 1091
744 773
744 1106
744 758
1132 768
1132 699
1132 350
1132 15
1132 198
1132 368
1132 755
1132 758
1075 712
429 3
429 5
429 99
429 302
429 961
429 445
429 168
977 302
977 667
978 302
978 593
978 445
978 681
978 117
978 485
978 761
978 372
978 120
978 177
978 892
978 516
978 594
978 15
978 198
978 584
978 774
978 368
978 55
978 127
839 896
839 846
839 403
839 769
839 115
839 116
839 855
839 535
839 805
839 117
839 582
839 485
839 611
839 177
839 178
839 462
839 123
839 368
839 518
839 777
538 689
538 846
538 605
538 379
538 678
538 189
538 117
538 712
538 539
538 762
538 772
538 745
538 168
538 895
538 15
538 487
538 368
538 841
538 127
934 436
934 189
934 177
934 221
611 1133
611 895
1134 76
1134 738
1134 403
1134 1057
1134 220
1134 784
1134 226
1134 611
1134 372
1134 177
1134 638
1134 15
1134 55
1134 127
539 534
539 684
539 11
539 94
539 51
539 436
539 391
539 629
539 768
539 113
539 587
539 890
539 896
539 846
539 908
539 515
539 474
539 810
539 920
539 302
539 339
539 949
539 218
539 795
539 403
539 959
539 580
539 630
539 930
539 116
539 855
539 535
539 741
539 678
539 784
539 843
539 445
539 667
539 883
539 850
539 117
539 582
539 485
539 1102
539 743
539 712
539 538
539 611
539 840
539 372
539 762
539 177
539 989
539 906
539 745
539 178
539 998
539 773
539 168
539 999
539 638
539 594
539 15
539 221
539 584
539 793
539 462
539 122
539 913
539 1016
539 368
539 1136
539 764
539 655
539 752
539 155
539 1137
539 827
539 852
539 755
539 775
539 631
539 518
539 802
539 898
539 778
539 125
539 1044
539 127
981 302
1103 97
1103 400
1103 436
1103 629
1103 348
1103 846
1103 474
1103 403
1103 551
1103 593
1103 855
1103 805
1103 163
1103 445
1103 117
1103 582
1103 485
1103 652
1103 712
1103 611
1103 120
1103 177
1103 772
1103 178
1103 1000
1103 15
1103 751
1103 123
1103 124
1103 631
1103 518
1103 55
1103 758
1103 126
1103 127
547 5
547 94
547 371
547 515
547 302
547 403
547 866
547 805
547 163
547 445
547 667
547 148
547 117
547 582
547 485
547 839
547 177
547 178
547 15
547 198
547 584
547 774
547 462
547 368
547 124
547 655
547 55
547 778
547 125
547 126
547 127
817 738
817 733
817 302
817 445
817 667
982 150
982 50
982 436
982 790
982 688
982 689
982 391
982 881
982 810
982 733
982 302
982 218
982 660
982 115
982 630
982 930
982 855
982 535
982 1090
982 843
982 445
982 582
982 611
982 539
982 984
982 987
982 177
982 993
982 997
982 1111
982 822
982 516
982 160
982 353
982 373
982 824
982 1106
982 913
982 764
982 752
982 829
982 1060
982 518
982 1033
982 898
982 55
982 833
982 1039
982 125
982 834
643 310
643 642
643 83
643 11
643 12
643 94
643 219
643 117
643 352
643 353
643 632
643 1034
1139 40
1139 768
1139 846
1139 474
1139 403
1139 551
1139 899
1139 148
1139 117
1139 84
1139 761
1139 177
1139 198
1139 122
1139 755
1139 55
1139 758
1139 127
840 115
1140 302
1140 339
1140 445
1140 117
1140 1094
1140 652
1140 712
1140 762
1140 594
1140 15
1140 353
1140 751
1140 462
1140 368
1140 55
1140 126
1140 127
983 302
983 895
1141 3
1141 88
1141 97
1141 5
1141 186
1141 6
1141 103
1141 8
1141 9
1141 159
1141 11
1141 12
1141 302
1141 116
1141 189
1141 667
1141 177
1141 594
1141 584
1141 123
1141 755
1141 55
984 445
984 55
985 97
985 5
985 80
985 768
985 587
985 846
985 302
985 812
985 535
985 350
985 678
985 445
985 667
985 117
985 652
985 761
985 539
985 372
985 762
985 177
985 773
985 638
985 15
985 221
985 198
985 677
985 462
985 368
985 155
985 755
985 756
985 518
985 55
985 127
583 738
583 733
583 302
583 218
583 855
583 1057
583 964
583 445
583 869
583 487
583 55
583 833
583 835
1143 587
1143 198
860 310
860 856
860 302
860 115
860 485
860 177
860 1111
860 15
860 751
860 758
860 127
986 302
986 594
818 738
818 811
818 733
818 302
818 581
818 189
818 445
818 667
818 820
818 638
818 793
818 487
675 1
675 17
675 58
675 128
675 231
675 3
675 356
675 377
675 5
675 396
675 186
675 98
675 171
675 671
675 61
675 466
675 502
675 80
675 407
675 558
675 6
675 450
675 401
675 541
675 557
675 7
675 672
675 472
675 617
675 35
675 207
675 8
675 36
675 197
675 106
675 37
675 9
675 107
675 408
675 504
675 562
675 45
675 10
675 209
675 70
675 673
675 11
675 416
675 14
675 376
675 112
675 147
675 76
675 332
935 587
935 371
935 514
935 515
935 302
935 593
935 855
935 784
935 667
935 120
935 892
935 221
935 750
935 751
935 755
935 1034
935 777
1147 230
1147 53
1147 83
1147 11
1147 113
1147 119
1147 710
1147 198
1147 462
1147 368
799 370
799 769
799 593
799 581
799 855
799 784
799 667
799 148
799 168
799 487
799 368
799 841
799 127
987 400
987 846
987 302
987 218
987 630
987 667
987 538
988 302
988 582
988 125
762 738
762 846
762 302
762 403
762 115
762 189
762 445
762 667
762 117
762 933
762 611
762 539
762 177
762 786
762 773
762 168
762 999
762 352
762 15
762 462
762 775
762 631
762 55
762 841
762 125
762 126
762 127
120 150
120 97
120 37
120 9
120 310
120 11
120 94
120 51
120 391
120 629
120 113
120 348
120 339
120 219
120 805
120 148
120 84
120 119
120 710
120 516
120 352
120 122
120 519
120 758
120 125
120 126
177 3
177 5
177 186
177 94
177 629
177 474
177 403
177 115
177 117
177 485
177 933
177 761
177 539
177 15
177 1007
177 122
177 776
177 841
177 125
177 127
820 400
820 738
820 688
820 809
820 733
820 302
820 115
820 1055
820 593
820 1057
820 445
820 798
820 667
820 868
820 934
820 818
820 462
820 829
991 97
991 534
991 689
991 113
991 348
991 302
991 593
991 116
991 741
991 445
991 899
991 148
991 582
991 761
991 539
991 372
991 177
991 178
991 352
991 160
991 15
991 353
991 584
991 122
991 123
991 368
991 124
991 777
991 55
991 126
991 127
992 246
992 11
992 768
992 113
992 515
992 302
992 403
992 956
992 350
992 379
992 220
992 678
992 771
992 189
992 117
992 582
992 485
992 119
992 611
992 539
992 177
992 772
992 15
992 353
992 198
992 584
992 462
992 122
992 368
992 124
992 852
992 755
992 1035
992 1150
992 125
993 400
993 11
993 857
993 113
993 587
993 733
993 302
993 218
993 660
993 551
993 630
993 219
993 932
993 148
993 681
993 868
993 712
993 177
993 892
993 516
993 802
993 1038
993 1042
993 127
772 5
772 348
772 846
772 403
772 1054
772 115
772 551
772 117
772 582
772 652
772 122
772 368
772 126
745 72
745 515
745 593
745 117
745 582
745 839
745 538
745 539
745 178
745 15
745 55
745 778
745 126
745 127
1083 177
1152 733
1152 163
1152 177
851 764
1153 88
1153 768
1153 177
786 26
786 230
786 436
786 807
786 689
786 629
786 348
786 846
786 338
786 908
786 515
786 403
786 660
786 866
786 927
786 1072
786 581
786 605
786 219
786 535
786 350
786 163
786 784
786 117
786 485
786 761
786 712
786 539
786 935
786 1069
786 762
786 177
786 992
786 178
786 773
786 691
786 516
786 594
786 15
786 353
786 677
786 373
786 793
786 462
786 122
786 829
786 755
786 775
786 802
786 777
786 55
786 127
1154 80
1154 6
1154 391
1154 177
1154 15
682 900
682 902
892 400
892 53
892 534
892 436
892 629
892 348
892 846
892 338
892 514
892 515
892 302
892 403
892 660
892 115
892 699
892 593
892 219
892 741
892 379
892 536
892 148
892 681
892 117
892 485
892 712
892 119
892 978
892 538
892 935
892 177
892 993
892 772
892 691
892 168
892 638
892 516
892 352
892 160
892 594
892 15
892 198
892 584
892 774
892 462
892 122
892 874
892 368
892 1018
892 124
892 752
892 755
892 775
892 518
892 777
892 55
892 758
892 778
892 125
892 127
1155 788
746 400
746 436
746 370
746 348
746 846
746 302
746 339
746 115
746 781
746 741
746 678
746 445
746 148
746 117
746 582
746 485
746 761
746 119
746 539
746 177
746 989
746 747
746 160
746 750
746 774
746 462
746 122
746 487
746 368
746 155
746 755
746 518
746 519
746 55
746 758
746 125
746 1109
746 126
1156 96
178 3
178 102
178 103
178 534
178 436
178 370
178 688
178 348
178 896
178 846
178 115
178 580
178 593
178 116
178 535
178 805
178 220
178 965
178 445
178 367
178 899
178 148
178 1119
178 1121
178 582
178 484
178 611
178 539
178 1103
178 710
178 177
178 772
178 1111
178 638
178 352
178 462
178 123
178 368
178 124
178 753
178 518
178 777
178 55
178 125
178 126
869 857
869 811
869 733
869 115
869 928
869 593
869 867
869 667
869 681
869 117
869 744
869 583
869 177
869 772
869 15
869 751
869 198
869 368
869 777
869 55
869 127
734 733
734 302
734 15
734 198
734 793
734 462
1111 113
1111 371
1111 348
1111 808
1111 846
1111 218
1111 403
1111 219
1111 535
1111 350
1111 805
1111 220
1111 163
1111 904
1111 117
1111 485
1111 762
1111 177
1111 178
1111 15
1111 198
1111 802
1111 55
1111 127
998 302
821 738
821 712
821 487
821 655
821 794
800 97
800 684
800 94
800 76
800 51
800 370
800 113
800 371
800 348
800 302
800 403
800 115
800 1160
800 117
800 799
800 762
800 177
800 178
800 486
800 594
800 15
800 584
800 373
800 155
800 756
800 55
800 803
800 125
800 126
800 127
936 5
936 11
936 94
936 51
936 846
936 474
936 302
936 339
936 812
936 403
936 630
936 805
936 678
936 117
936 539
936 710
936 177
936 772
936 486
936 594
936 15
936 221
936 198
936 127
1128 368
1128 55
1161 15
691 302
691 177
691 221
691 462
937 691
822 738
822 302
822 218
822 855
822 582
822 177
822 906
822 178
1162 177
168 97
168 90
168 102
168 310
168 53
168 534
168 11
168 94
168 51
168 113
168 348
168 846
168 515
168 339
168 403
168 769
168 115
168 593
168 116
168 219
168 741
168 350
168 220
168 117
168 582
168 485
168 84
168 712
168 538
168 372
168 120
168 177
168 772
168 352
168 160
168 15
168 353
168 584
168 462
168 122
168 368
168 801
168 155
168 632
168 775
168 631
168 518
168 125
168 126
168 127
871 857
871 733
871 302
871 445
871 667
871 681
871 987
999 534
999 94
999 302
999 403
999 445
999 667
999 681
999 117
999 539
999 122
999 777
999 55
999 125
999 127
872 857
872 733
872 753
747 230
747 113
747 903
747 474
747 302
747 403
747 551
747 350
747 163
747 445
747 148
747 681
747 117
747 539
747 710
747 177
747 772
747 168
747 895
747 15
747 353
747 462
747 122
747 487
747 368
747 155
747 1037
747 55
747 125
747 126
747 127
638 230
638 370
638 807
638 587
638 881
638 348
638 865
638 515
638 918
638 811
638 302
638 795
638 956
638 593
638 740
638 855
638 741
638 379
638 771
638 445
638 667
638 850
638 117
638 582
638 484
638 652
638 712
638 611
638 818
638 177
638 892
638 178
638 822
638 486
638 15
638 655
638 656
638 752
638 827
638 829
638 794
638 756
638 802
638 898
638 55
638 1108
638 127
1164 5
1164 35
1164 11
1164 113
1164 587
1164 886
1164 148
1164 710
486 97
486 391
486 515
486 302
486 605
486 117
486 485
486 712
486 119
486 539
486 177
486 786
486 638
486 352
486 160
486 594
486 15
486 198
486 584
486 462
486 122
486 368
486 778
486 125
486 127
895 436
895 371
895 302
895 795
895 660
895 678
895 538
895 539
895 983
895 762
895 1111
895 487
1000 771
1000 15
792 738
792 733
792 302
792 593
792 163
792 445
792 582
792 922
792 55
792 127
516 97
516 312
516 436
516 338
516 514
516 403
516 115
516 784
516 117
516 119
516 978
516 982
516 762
516 120
516 177
516 892
516 168
516 486
516 352
516 594
516 15
516 353
516 750
516 198
516 462
516 122
516 368
516 755
516 518
516 777
516 1126
516 125
516 126
516 127
352 97
352 90
352 6
352 310
352 534
352 11
352 94
352 51
352 391
352 113
352 515
352 403
352 769
352 551
352 116
352 219
352 350
352 899
352 1121
352 117
352 84
352 119
352 710
352 120
352 178
352 168
352 486
352 516
352 15
352 353
352 198
352 584
352 462
352 123
352 368
352 124
352 632
352 755
352 392
352 518
352 777
352 55
352 778
352 125
352 126
1001 302
1001 445
1001 582
633 131
633 246
1002 629
1002 768
1002 338
1002 302
1002 403
1002 445
1002 667
1002 117
1002 485
1002 372
1002 15
1002 122
1002 758
332 5
332 8
332 107
332 43
332 70
332 143
332 14
160 91
160 92
160 37
160 534
160 94
160 436
160 391
160 896
160 514
160 651
160 302
160 218
160 951
160 795
160 660
160 769
160 1055
160 1056
160 605
160 678
160 843
160 850
160 1165
160 933
160 84
160 743
160 712
160 980
160 643
160 588
160 906
160 892
160 168
160 501
160 353
160 462
160 368
160 655
160 632
160 775
160 631
160 340
160 1033
160 802
160 125
160 1044
160 127
594 9
594 94
594 766
594 768
594 514
594 302
594 699
594 379
594 117
594 582
594 119
594 539
594 486
594 516
594 15
594 198
594 462
594 368
594 893
594 778
1166 580
1166 163
1166 1167
653 3
653 271
653 97
653 283
653 391
653 113
653 302
653 403
653 769
653 219
653 805
653 667
653 117
653 485
653 933
653 761
653 712
653 539
653 372
653 177
653 178
653 168
653 747
653 486
653 516
653 352
653 160
653 15
653 353
653 198
653 584
653 774
653 793
653 462
653 368
653 55
653 125
653 1044
653 126
653 127
1170 400
1170 551
1170 866
1170 189
1170 177
1170 892
1170 594
1170 15
1170 353
1170 198
1170 55
1170 125
1084 594
1005 302
15 403
15 551
15 771
15 117
15 372
15 177
15 594
15 198
15 462
15 122
15 368
15 777
501 97
501 310
501 53
501 11
501 94
501 51
501 391
501 629
501 768
501 113
501 371
501 348
501 338
501 514
501 474
501 403
501 760
501 1054
501 769
501 115
501 593
501 581
501 219
501 805
501 678
501 771
501 189
501 681
501 117
501 582
501 761
501 712
501 372
501 177
501 772
501 168
501 486
501 516
501 352
501 160
501 594
501 1084
501 15
501 1007
501 517
501 198
501 677
501 462
501 122
501 655
501 155
501 893
501 775
501 794
501 392
501 518
501 777
501 55
501 758
501 125
501 126
501 127
1172 667
1172 177
1172 913
1172 368
1172 755
1172 55
353 97
353 90
353 98
353 91
353 94
353 391
353 768
353 515
353 218
353 219
353 220
353 678
353 771
353 117
353 84
353 168
353 352
353 160
353 462
353 155
353 632
353 775
353 392
353 125
353 127
221 302
221 678
221 933
1173 890
1173 630
1173 535
1173 1160
1173 485
1173 982
1173 15
1173 1009
1173 123
1173 830
1173 127
1174 83
1174 189
1174 372
1174 710
1174 177
1174 15
1174 368
1174 155
1174 125
823 422
823 910
823 733
823 302
823 189
823 127
1175 97
1175 94
1175 403
1175 115
1175 667
1175 485
1175 177
1175 168
1175 160
1175 594
1175 15
1175 487
1175 841
1175 125
1175 127
1177 97
1177 84
1177 772
1178 302
1180 15
1180 127
1007 302
1007 812
1007 667
1007 177
1007 892
1007 160
1007 501
1007 913
517 514
517 116
517 352
517 594
517 15
517 123
750 372
750 516
750 777
751 97
751 768
751 338
751 515
751 474
751 403
751 593
751 189
751 117
751 485
751 539
751 177
751 594
751 15
751 584
751 125
751 127
198 230
198 117
198 177
198 15
1009 53
1009 302
1009 445
1009 368
1009 55
1182 487
1182 794
1182 841
677 348
677 846
677 514
677 733
677 403
677 760
677 551
677 930
677 1086
677 220
677 84
677 868
677 762
677 177
677 786
677 773
677 501
677 1175
677 584
1052 11
1052 76
1052 113
1052 1051
1052 403
1052 593
1052 117
1052 15
1052 774
584 308
584 370
584 515
584 474
584 302
584 660
584 115
584 699
584 678
584 117
584 588
584 177
584 168
584 352
584 594
584 15
584 353
584 462
584 913
584 123
584 632
584 778
584 125
584 126
584 127
1074 113
1074 403
1074 930
1074 678
1074 189
1074 445
1074 117
1074 198
1074 55
1184 534
1184 113
1184 302
1184 886
1184 667
1184 117
1184 539
1184 177
1184 155
1184 794
1184 55
1184 127
1185 5
1185 43
1185 11
1185 94
1185 113
1185 348
1185 302
1185 403
1185 485
1185 15
1185 198
1185 584
1185 122
1185 655
1185 127
1186 587
1186 302
1186 218
1186 837
1186 177
1187 97
1188 758
373 3
373 436
373 370
373 348
373 115
373 1055
373 485
373 762
373 177
373 1050
373 655
1013 768
1013 302
1013 584
793 302
793 445
793 372
793 55
1189 186
1190 189
1190 758
462 302
462 177
1105 733
1105 445
1105 55
824 738
824 302
824 218
824 868
824 817
824 1126
1050 186
1050 689
1050 879
1050 587
1050 339
1050 551
1050 1057
1050 163
1050 838
1050 15
1050 373
1050 462
1050 519
1106 808
1106 218
1106 630
1106 445
1106 817
1106 982
1106 1091
1106 55
1191 310
1191 689
1191 113
1191 515
1191 302
1191 769
1191 630
1191 116
1191 805
1191 667
1191 899
1191 652
1191 119
1191 762
1191 178
1191 584
1191 793
1191 462
1191 368
1191 802
1191 777
1191 55
1191 125
1192 219
1193 784
122 97
122 5
122 310
122 391
122 629
122 113
122 348
122 403
122 593
122 219
122 805
122 1194
122 536
122 117
122 539
122 120
122 177
122 15
122 462
122 632
122 125
122 126
1195 113
1195 15
913 97
913 310
913 1196
913 846
913 515
913 218
913 403
913 116
913 771
913 148
913 1121
913 117
913 539
913 120
913 177
913 772
913 178
913 773
913 486
913 15
913 1172
913 1007
913 198
913 584
913 774
913 122
913 368
913 124
913 655
913 939
913 755
913 519
913 55
874 689
874 857
874 865
874 669
874 515
874 733
874 302
874 1197
874 951
874 660
874 866
874 630
874 855
874 741
874 163
874 678
874 445
874 681
874 991
874 993
874 892
874 792
874 823
874 198
874 584
874 774
874 487
874 55
1015 733
1015 117
1015 15
1016 302
1016 445
1016 55
123 97
123 90
123 5
123 106
123 534
123 42
123 312
123 11
123 113
123 769
123 116
123 535
123 350
123 805
123 220
123 899
123 1121
123 484
123 84
123 120
123 745
123 178
123 352
123 160
123 15
123 517
123 462
123 368
123 124
123 775
123 519
123 55
123 125
123 126
123 127
1198 5
1198 310
1198 53
1198 113
1198 219
1198 119
1198 352
1198 15
1198 198
1198 462
1198 368
1198 155
1198 518
1198 519
487 283
487 6
487 9
487 108
487 534
487 738
487 689
487 302
487 593
487 581
487 805
487 784
487 667
487 117
487 485
487 933
487 712
487 538
487 177
487 821
487 168
487 15
487 1175
487 122
487 764
487 794
487 518
487 841
487 127
787 2
787 90
787 28
787 158
787 400
787 91
787 310
787 83
787 11
787 166
787 94
787 76
787 51
787 436
787 391
787 113
787 587
787 515
787 302
787 339
787 951
787 403
787 115
787 593
787 219
787 350
787 784
787 189
787 148
787 117
787 484
787 485
787 761
787 177
787 786
787 168
787 352
787 160
787 15
787 353
787 221
787 198
787 584
787 462
787 123
787 368
787 752
787 155
787 519
787 55
787 758
787 125
787 126
787 127
368 189
1017 515
1017 593
1017 163
1017 189
1144 310
1144 113
1144 403
1144 116
1144 932
1144 117
1144 119
1144 539
1144 583
1144 710
1144 177
1144 594
1144 15
1144 751
1144 198
1144 462
1144 125
1018 370
1018 348
1018 302
1018 403
1018 115
1018 681
1018 485
1018 712
1018 539
1018 177
1018 168
1018 15
1018 368
1018 632
1018 127
1199 310
1199 534
1199 593
1199 798
1199 584
1199 125
124 348
124 115
124 772
922 733
922 302
922 1089
1201 534
1201 379
825 738
825 733
825 302
825 117
825 487
1136 5
1136 768
1136 403
1136 760
1136 1054
1136 551
1136 372
1136 710
1136 15
1136 198
1136 793
1136 127
764 436
764 371
764 302
764 115
764 1072
764 445
764 1117
764 933
764 487
764 55
764 835
655 370
655 348
655 189
655 117
655 539
655 177
655 756
655 802
656 302
801 3
801 14
801 370
801 738
801 811
801 302
801 403
801 660
801 115
801 551
801 593
801 581
801 797
801 741
801 678
801 445
801 667
801 883
801 1119
801 117
801 485
801 933
801 761
801 712
801 539
801 177
801 178
801 168
801 160
801 15
801 584
801 774
801 462
801 487
801 368
801 764
801 775
801 794
801 125
801 127
752 9
752 312
752 113
752 348
752 515
752 302
752 218
752 403
752 1055
752 379
752 678
752 536
752 117
752 485
752 539
752 372
752 177
752 892
752 638
752 486
752 594
752 15
752 198
752 122
752 55
752 758
752 125
752 127
1202 304
1202 733
1203 352
1203 127
753 3
753 186
753 32
753 302
753 367
753 611
753 772
753 462
939 302
939 403
939 678
939 445
939 667
939 486
939 594
939 15
939 221
939 584
939 55
155 149
155 90
155 200
155 214
155 83
155 51
155 370
155 113
155 669
155 809
155 302
155 795
155 630
155 350
155 1090
155 678
155 189
155 117
155 712
155 539
155 762
155 177
155 168
155 160
155 594
155 15
155 353
155 1174
155 198
155 584
155 368
155 1059
155 392
155 55
1204 189
1024 293
1024 310
1024 436
1024 302
1024 403
1024 551
1024 116
1024 965
1024 189
1024 117
1024 582
1024 485
1024 761
1024 712
1024 177
1024 168
1024 15
1024 751
1024 123
1024 368
1024 55
1024 758
1024 1044
1024 126
1024 127
1206 733
1205 855
1205 652
1205 198
1025 302
1137 168
827 436
827 738
827 302
827 593
827 379
827 678
827 117
827 611
827 539
827 772
827 198
827 1016
827 898
827 55
828 738
828 857
828 811
828 678
828 445
828 229
828 168
828 871
828 638
828 487
828 55
893 846
893 514
893 930
893 539
893 177
893 594
893 778
893 125
852 436
852 515
852 810
852 403
852 769
852 956
852 1055
852 678
852 784
852 771
852 117
852 582
852 539
852 762
852 177
852 462
852 368
852 802
852 777
852 125
852 127
1207 1208
1207 436
1207 587
1207 348
1207 302
1207 1209
1207 189
1207 886
1207 761
1207 539
1207 177
1207 638
1207 922
1207 55
788 1155
1112 189
1112 761
632 97
632 90
632 91
632 102
632 323
632 230
632 310
632 108
632 83
632 534
632 11
632 94
632 76
632 113
632 593
632 219
632 350
632 678
632 117
632 84
632 119
632 710
632 177
632 168
632 352
632 160
632 15
632 353
632 198
632 584
632 122
632 777
632 125
632 126
1210 2
1210 5
1210 186
1210 6
1210 391
1210 403
1210 117
1210 539
1210 777
1028 348
1028 302
1028 740
1028 667
1028 712
1028 638
1028 15
1028 368
1028 655
1028 794
1028 127
829 400
829 310
829 534
829 436
829 790
829 370
829 738
829 807
829 689
829 768
829 348
829 846
829 515
829 809
829 811
829 302
829 339
829 218
829 403
829 769
829 115
829 551
829 630
829 1072
829 1081
829 855
829 837
829 741
829 805
829 1068
829 771
829 838
829 899
829 148
829 1119
829 117
829 582
829 485
829 933
829 761
829 743
829 839
829 934
829 611
829 539
829 1103
829 840
829 818
829 762
829 177
829 820
829 991
829 772
829 786
829 892
829 178
829 1111
829 747
829 352
829 15
829 501
829 750
829 1009
829 584
829 774
829 824
829 913
829 487
829 655
829 753
829 155
829 755
829 775
829 692
829 631
829 392
829 756
829 518
829 1034
829 55
829 758
829 778
829 127
1211 733
1211 302
1211 189
755 516
755 15
755 518
755 1150
775 129
775 5
775 9
775 94
775 76
775 51
775 350
775 667
775 539
775 177
775 800
775 168
775 486
775 584
775 125
775 127
1029 55
692 689
692 805
692 829
692 778
875 857
875 593
875 189
875 582
875 761
875 177
1213 535
1213 1068
631 170
631 97
631 6
631 214
631 37
631 310
631 684
631 182
631 94
631 391
631 629
631 861
631 809
631 350
631 168
631 160
631 15
631 123
631 777
631 125
631 126
830 738
830 689
830 733
830 769
830 630
830 593
830 445
830 798
830 743
830 772
830 178
830 1084
830 15
830 1173
830 1009
830 774
830 753
831 738
831 302
831 551
831 163
831 445
831 1117
831 681
831 652
831 15
831 487
831 55
863 767
863 768
863 113
863 593
863 219
863 710
863 177
863 352
863 594
863 15
863 198
863 758
863 125
1060 5
1060 11
1060 681
1060 117
1060 15
1060 584
1060 777
1215 310
1215 53
1215 246
1215 534
1215 514
1215 515
1215 339
1215 951
1215 769
1215 551
1215 699
1215 593
1215 116
1215 219
1215 855
1215 965
1215 899
1215 148
1215 117
1215 582
1215 743
1215 839
1215 539
1215 177
1215 772
1215 178
1215 168
1215 486
1215 352
1215 594
1215 15
1215 1174
1215 198
1215 462
1215 122
1215 123
1215 368
1215 124
1215 155
1215 775
1215 340
1215 777
1215 916
1215 125
794 790
794 738
794 808
794 514
794 733
794 302
794 593
794 855
794 678
794 667
794 485
794 933
794 975
794 539
794 772
794 168
794 792
794 501
794 1186
794 774
794 793
794 487
794 801
794 518
794 1033
794 778
392 90
392 6
392 534
392 391
392 113
392 846
392 1055
392 116
392 219
392 611
392 745
392 352
392 155
392 518
756 370
756 348
756 302
756 795
756 781
756 593
756 379
756 798
756 582
756 761
756 712
756 839
756 177
756 772
756 178
756 638
756 486
756 594
756 462
756 122
756 368
756 655
756 829
756 127
1032 302
518 927
518 177
518 777
776 189
776 117
776 177
776 892
776 15
776 198
776 631
776 1060
776 126
776 127
1033 186
1033 302
1033 339
1033 218
1033 189
1033 667
1033 933
1033 160
1033 594
1033 462
1033 794
1033 1039
832 186
832 738
832 733
832 302
832 781
832 855
832 189
832 445
832 667
832 817
832 583
832 869
832 825
832 794
832 835
1034 302
1034 795
1034 678
1034 771
1034 117
1034 119
1034 611
1034 935
1034 178
1034 895
1034 1000
1034 15
1034 353
1034 198
1034 462
1034 939
1034 852
1035 3
1035 11
1035 113
1035 515
1035 403
1035 956
1035 630
1035 771
1035 117
1035 539
1035 177
1035 992
1035 15
1035 793
1035 1050
1035 852
1035 755
1035 55
1035 1150
845 807
845 113
845 302
845 630
845 965
845 445
845 84
845 773
845 368
802 3
802 79
802 27
802 91
802 104
802 9
802 310
802 108
802 12
802 94
802 51
802 436
802 113
802 587
802 348
802 515
802 809
802 302
802 795
802 593
802 116
802 219
802 350
802 678
802 838
802 798
802 667
802 582
802 652
802 933
802 84
802 712
802 429
802 611
802 762
802 177
802 786
802 178
802 168
802 352
802 160
802 15
802 353
802 198
802 462
802 123
802 368
802 775
802 519
802 55
802 841
802 125
802 126
802 127
777 97
777 534
777 44
777 76
777 113
777 348
777 551
777 116
777 350
777 220
777 1068
777 771
777 899
777 117
777 84
777 710
777 120
777 516
777 352
777 15
777 462
777 122
777 123
777 124
777 519
777 125
519 97
519 80
519 534
519 44
519 76
519 113
519 348
519 551
519 116
519 350
519 220
519 1068
519 771
519 899
519 117
519 84
519 710
519 120
519 516
519 352
519 15
519 462
519 122
519 123
519 124
519 777
519 125
1037 869
1217 302
1217 15
898 534
898 896
898 949
898 581
898 855
898 535
898 539
898 762
898 753
898 827
55 97
55 436
55 474
55 302
55 403
55 117
55 119
55 539
55 594
55 15
55 122
1038 768
1038 113
1038 302
1038 379
1038 445
1038 582
1038 712
1038 119
1038 710
1038 772
1038 198
1038 368
1038 127
1038 835
1218 3
1218 131
1218 97
1218 90
1218 24
1218 5
1218 26
1218 27
1218 99
1218 32
1218 102
1218 103
1218 8
1218 310
1218 107
1218 11
1218 12
1218 13
1218 49
1218 76
1218 391
1218 113
1218 348
1218 339
1218 769
1218 219
1218 117
1218 652
1218 84
1218 119
1218 178
1218 594
1218 15
1218 353
1218 198
1218 462
1218 368
1218 518
1218 126
833 5
833 186
833 76
833 738
833 587
833 733
833 302
833 781
833 593
833 189
833 445
833 117
833 177
833 462
833 368
1039 5
1039 186
1039 587
1039 302
1039 339
1039 403
1039 868
1039 772
1039 792
1039 1015
1039 1033
841 534
841 689
841 593
841 148
841 485
841 538
841 762
841 177
841 168
841 487
841 368
841 127
803 53
803 76
803 370
803 391
803 113
803 226
803 119
803 594
803 198
803 368
1107 515
1107 403
1107 189
1107 445
1107 117
1107 485
1107 539
1107 177
1107 15
1107 584
1107 462
1107 368
1107 55
1107 127
1220 930
1220 667
1220 177
1095 769
1095 605
1095 678
1095 743
1095 755
1095 392
1095 125
1095 127
758 462
1150 768
1150 515
1150 956
1150 630
1150 117
1150 992
1150 15
1150 122
1150 852
1150 755
1150 1035
876 857
876 903
876 339
876 372
876 120
876 177
876 772
876 15
916 117
916 539
916 710
916 177
916 486
778 97
778 310
778 53
778 534
778 11
778 768
778 514
778 515
778 302
778 660
778 769
778 219
778 379
778 667
778 117
778 485
778 84
778 539
778 177
778 892
778 168
778 486
778 352
778 160
778 594
778 15
778 353
778 198
778 584
778 774
778 462
778 655
778 155
778 893
778 775
778 777
778 125
778 126
778 127
1126 445
1126 177
1126 516
1126 594
1126 15
1126 55
1126 127
125 97
125 9
125 310
125 83
125 534
125 11
125 12
125 49
125 94
125 50
125 51
125 370
125 391
125 629
125 113
125 348
125 846
125 910
125 515
125 474
125 403
125 115
125 551
125 219
125 350
125 805
125 220
125 536
125 1121
125 117
125 582
125 485
125 84
125 119
125 539
125 120
125 178
125 168
125 352
125 160
125 353
125 462
125 122
125 123
125 368
125 124
125 518
125 777
125 55
125 126
1041 302
1041 772
1042 302
1042 339
1042 551
1042 117
1042 761
1042 177
1042 993
1042 15
1042 198
1042 122
1042 758
834 738
834 302
834 445
834 772
834 221
834 487
834 55
1146 27
1146 140
1146 562
1146 269
1146 69
1146 807
1146 189
1146 367
1146 117
1146 761
1146 177
1146 487
1146 55
1044 436
1044 629
1044 339
1044 445
1044 761
1044 611
1044 539
1044 762
1044 177
1044 747
1044 653
1044 1024
1044 802
1044 55
1109 33
1109 445
1109 117
1109 839
1109 55
126 90
126 310
126 113
126 403
126 551
126 593
126 805
126 667
126 761
126 1103
126 168
126 486
126 123
126 368
126 631
126 55
127 97
127 283
127 411
127 242
127 9
127 534
127 94
127 759
127 879
127 371
127 348
127 846
127 810
127 403
127 769
127 115
127 551
127 928
127 1209
127 963
127 350
127 220
127 163
127 678
127 1194
127 843
127 367
127 899
127 1117
127 1165
127 582
127 484
127 485
127 933
127 712
127 538
127 611
127 539
127 819
127 177
127 745
127 786
127 168
127 486
127 516
127 352
127 160
127 15
127 501
127 353
127 462
127 122
127 123
127 487
127 1018
127 801
127 775
127 518
127 802
127 1038
127 841
127 778
127 1126
127 125
127 1109
1045 302
1045 630
835 738
835 733
835 302
835 445
835 667
835 681
835 55
