49 52
156 85
169 123
106 199
82 22
25 30
250 148
199 253
232 98
171 106
267 209
207 232
68 22
148 45
45 67
45 152
22 217
217 40
128 102
64 98
102 156
124 288
337 338
315 344
338 357
307 308
362 65
340 319
358 317
383 384
317 401
435 285
285 419
450 452
456 484
498 500
337 514
337 515
448 393
537 413
431 539
431 540
477 156
477 152
477 85
477 373
522 563
567 522
85 373
502 594
514 599
235 440
235 370
585 373
563 609
563 614
308 615
618 337
388 410
586 585
586 373
500 441
515 618
602 109
102 597
373 152
373 372
285 45
441 683
694 697
156 152
156 128
567 609
669 156
669 152
186 281
40 156
40 669
748 746
207 773
148 773
701 186
357 716
128 669
128 40
281 701
275 659
1 807
832 373
258 872
841 258
841 873
841 872
873 258
602 310
872 873
539 151
33 773
49 263
285 33
285 773
915 916
687 917
917 923
98 537
925 929
537 98
67 862
897 899
440 968
25 316
982 983
983 915
987 940
919 982
197 263
924 904
950 370
344 916
263 281
148 687
1000 904
920 982
552 307
552 308
281 49
124 957
124 500
1060 109
98 659
1081 1073
145 1098
152 373
1134 1044
1111 1063
1111 1122
1044 1142
748 1145
1132 285
724 1042
33 79
441 45
687 441
480 484
448 1198
1185 383
1192 1207
1108 357
1210 968
778 232
746 477
1170 79
171 33
171 79
207 98
45 687
357 1235
393 480
1228 1219
968 357
484 393
1 1240
1 1242
1263 1264
1263 1265
383 85
1287 1288
30 502
1375 1263
1394 1395
450 659
1417 1418
456 1104
98 275
1505 98
1505 1178
96 1287
262 1529
149 1381
149 1530
540 1104
719 288
1529 1403
1529 872
1385 1593
1381 450
1598 883
1606 612
1621 897
1621 1530
897 1626
1634 1635
883 1626
807 310
310 1
1652 1264
1668 1669
85 67
1691 1494
384 450
384 440
384 500
502 716
340 1429
340 1713
1720 1721
1195 1685
370 870
569 1488
569 1516
1304 425
1526 719
199 384
1746 1265
232 1593
258 1252
1650 370
1762 1387
1481 1598
612 1763
612 1364
612 1682
1776 207
1530 500
1788 1389
1178 537
1178 199
1178 1242
1740 1669
1740 1394
1036 440
1036 500
683 1792
484 156
999 1682
1455 1797
1721 1353
1728 798
862 1108
862 1178
771 1830
771 1831
615 308
1825 1835
1821 1830
1821 1831
456 968
334 477
1194 33
262 520
1852 520
145 1853
477 334
1108 33
1108 1194
1830 1831
1836 1834
1831 701
1826 1825
1826 1835
701 771
701 1821
701 1830
659 1728
1081 659
440 98
681 716
1495 1728
372 1891
124 150
275 440
373 1921
65 1931
915 1212
1942 199
1942 171
1938 65
1928 33
1931 1938
197 1942
64 207
275 98
1819 569
1965 109
334 1971
1986 1650
1988 1989
1998 285
1748 1999
1819 186
1439 2008
1439 90
1194 285
2008 2028
477 2012
1529 563
1529 2021
67 2028
2043 2009
90 2028
2028 1439
697 2044
186 1931
983 2007
563 477
563 2021
2042 2040
798 372
1826 1194
2044 96
2044 2040
373 281
1242 393
862 586
389 2052
2053 896
30 232
33 1194
435 2062
1169 1117
716 1169
716 1117
537 1108
2065 798
1108 537
2052 1226
452 450
2097 1826
2127 2128
2062 197
232 124
1835 2124
2147 2137
2076 883
2076 199
500 2097
1 448
1819 968
2156 2153
2157 2156
1252 1635
2167 2168
2167 1192
832 2171
448 807
537 456
773 285
1192 2180
1192 148
1108 2188
387 2167
2193 1252
1210 148
778 456
778 2196
1635 2193
1170 1228
1971 2151
1971 563
1195 1252
40 152
40 68
2196 659
563 2168
563 537
148 2180
586 563
1228 393
2208 2211
1117 1971
2191 2153
124 387
1439 2028
917 1235
315 281
315 999
25 315
267 315
267 25
267 999
281 267
281 999
2278 2279
999 25
1265 1264
98 456
149 2293
2287 634
387 150
2342 1252
440 149
2302 520
1674 2287
1674 634
1635 281
2361 1674
2361 634
2363 771
2295 968
2308 2328
1267 1264
968 98
968 440
2278 1267
2331 2330
1265 440
2367 2369
659 2370
659 1212
2380 500
65 239
65 2387
2377 1132
480 2374
2395 1971
98 1583
2030 480
1548 471
359 362
2097 1194
2028 586
186 659
186 771
471 1212
1222 1600
199 2076
1998 1719
798 1971
798 1495
1826 2394
239 2387
586 67
393 477
1178 393
2447 771
500 2076
1117 1108
862 357
2458 1364
659 1264
1325 2475
2489 929
285 1210
1394 1669
1394 2496
450 897
2503 2504
2503 2505
2503 848
1505 64
1108 1178
189 1613
189 1715
897 1418
1403 1222
2566 2489
2293 2519
1613 1715
2571 2488
384 1264
1715 1395
1715 1418
1418 1626
2196 2540
232 2610
1481 1721
2518 1488
2619 1807
148 285
1530 149
79 1505
1178 569
1178 64
1178 1728
500 384
1891 1880
1267 1792
552 2015
968 149
2614 1583
124 659
124 1195
124 586
275 724
1160 798
2328 2644
334 310
334 79
2030 2007
2188 387
387 2188
1635 2328
1635 1853
1853 2644
1104 2660
1853 1098
358 1980
285 149
456 2193
2395 2151
2395 514
2328 1098
2328 1136
98 440
2168 2180
2644 2328
2644 1853
2680 2395
2374 2030
2374 2007
189 1210
90 1364
1210 1525
778 2395
1098 1853
1195 514
1136 2644
1136 1098
1136 1853
1222 778
563 124
259 90
259 1364
2007 2030
724 1195
124 563
2697 1812
687 828
98 387
98 197
337 1136
716 387
1185 2030
1200 968
116 281
477 716
2721 197
1098 197
514 1098
2127 968
2719 2158
253 316
197 234
1104 1942
1104 316
563 2713
2733 514
207 171
45 832
45 1117
393 1185
968 716
281 514
281 64
515 2644
515 234
515 281
64 49
30 2749
2090 30
2090 2749
1852 552
848 2744
848 2745
1981 848
310 872
2744 1981
2744 2745
197 189
197 207
2782 848
2782 2744
681 1613
144 68
872 2015
2151 1195
2151 1222
1819 1931
832 2801
2168 2151
2168 1195
2644 340
2180 2151
2180 2168
2180 1195
2803 609
1222 2168
1222 2180
609 2811
239 1819
239 1931
383 659
2817 1195
1252 602
2823 2749
477 586
452 124
502 567
2749 498
563 586
614 2837
2837 1529
659 2363
771 1145
687 1235
1145 383
2330 480
2849 771
2849 1145
148 2156
1235 2852
2213 2780
456 98
98 149
2370 778
149 440
2856 2868
2293 2868
778 2863
2295 2856
357 338
500 514
586 337
1026 1136
1026 920
1136 515
920 515
515 1026
2610 1928
2610 2513
2923 2924
2923 1267
2488 2547
2488 239
1394 1932
1394 1377
2930 2443
2938 2519
2519 2571
1812 1361
150 2920
1557 1290
1600 1418
1108 659
189 1418
189 1719
189 997
965 2961
2961 1394
2961 1557
2967 1583
384 1564
384 1530
1670 1290
1792 2523
1792 1377
2935 2944
1356 1036
1481 384
2919 2923
2919 1891
1740 1949
1036 2972
1891 2342
1807 1326
2278 2926
2614 1394
64 2196
1721 1621
2983 968
2713 2811
1046 1042
2009 1931
1188 2503
1194 2382
943 2132
2030 145
2030 1921
1063 1143
1063 3000
359 2999
2193 968
883 2069
362 3004
2803 2713
609 2803
2811 609
2062 2097
2132 1835
199 435
199 1719
1042 3000
171 275
1998 199
1826 2076
2076 2053
275 2053
3019 310
1200 983
310 3019
2721 267
1222 1104
197 500
1104 1852
441 659
3033 3041
152 128
1880 2361
1880 1897
1098 49
2378 2193
2733 1853
2580 929
148 450
1853 49
79 334
2076 1194
968 441
1965 310
1965 3058
498 275
3054 344
189 207
965 3054
387 456
387 45
3058 310
253 563
344 965
3075 3076
3075 3077
3076 3085
334 681
145 2030
1980 358
1971 681
3077 3085
3085 3075
285 441
456 440
456 500
3111 870
3118 1403
2369 2755
189 1482
1403 373
3004 1938
3129 502
1613 1361
1210 441
1811 3122
3133 2774
2733 2308
3138 144
3140 687
500 440
102 3138
659 124
3153 2713
456 1108
828 862
2090 149
149 778
3176 477
1548 1117
522 862
2188 452
2374 1145
778 2090
778 2104
3185 1143
1366 2090
1366 2104
1104 1548
1104 387
1226 586
586 500
357 563
500 98
500 79
968 1200
2104 2090
151 3193
49 965
334 983
334 3088
965 920
2330 748
3196 3193
983 3088
748 383
2363 337
1830 2844
393 2330
920 49
2191 148
441 232
2504 2782
2504 1989
1548 64
338 897
897 234
90 1439
90 2008
1635 681
514 2370
3248 3239
3248 357
3240 2369
1104 64
2782 1989
500 897
2791 441
3254 3255
3258 771
2988 65
2988 2553
49 64
65 1938
456 334
337 2447
2553 1938
1635 1136
3290 239
2755 2367
207 79
79 64
2277 2278
2308 1635
2794 3300
456 1928
498 897
2370 387
1928 3316
848 3293
1600 383
1247 1366
189 500
563 2193
586 275
500 456
500 189
634 3235
456 207
456 124
3344 151
1852 2015
156 2277
1529 156
2863 2370
387 3344
1949 65
232 49
207 872
239 1746
239 2975
1921 1207
64 197
2525 2571
872 197
408 401
2923 2021
1389 3369
1389 3370
1394 3359
2930 612
1417 2618
2496 1394
98 64
3375 3376
149 965
1540 448
2015 448
2540 1812
1108 207
3260 3358
883 1564
1949 1668
384 965
1971 334
987 997
2196 1160
2957 1613
3376 3430
3122 2511
2518 199
3414 3431
3414 3434
207 500
2021 2919
3430 3375
1235 3260
1235 3358
3440 2496
3440 1668
2919 1267
1036 1361
484 1387
515 1136
3393 1646
2972 1395
3367 1557
383 3451
383 477
3451 477
408 3453
2090 124
2040 552
965 344
310 1026
697 408
697 3453
697 2042
697 552
2432 3472
2744 3476
1366 3476
2782 1366
124 2090
2988 1026
435 2380
1081 2361
1529 259
883 2380
3507 669
1026 2580
1719 1200
1719 883
250 669
250 3507
259 1557
259 171
2733 3501
2580 1922
1679 1026
920 1942
102 373
659 2188
2713 1819
828 1529
98 798
477 1226
2188 1108
965 1073
452 828
452 1971
90 85
25 90
3536 3532
3537 3532
563 387
563 502
563 968
798 659
148 2713
45 2888
45 123
372 2188
1117 687
456 235
334 1593
448 357
149 334
3560 2007
76 145
1108 456
1108 471
1108 124
1981 897
440 1200
987 2791
259 189
259 987
1989 1366
2007 3566
515 76
124 334
124 235
2713 3077
2713 123
3584 2330
3584 1830
1529 522
1529 862
2369 1026
1931 362
2803 3599
609 3326
3077 123
3122 1811
798 522
613 3580
586 2713
701 3584
383 2363
659 383
3451 393
30 1366
3154 2090
3154 1366
2153 1026
480 1185
337 659
1089 1830
2090 848
262 552
2015 307
1529 798
1226 1529
2104 30
2331 383
2157 3260
3635 2077
33 2380
3154 3636
2069 197
687 98
687 773
98 687
1194 2053
3193 3196
2015 109
3651 3058
848 3154
109 448
2097 2431
2097 3658
2137 2097
3196 151
340 109
2165 2213
2780 3220
3661 3662
1366 3636
3662 3661
1826 197
148 862
2213 148
285 259
2881 1104
2496 1264
98 2496
3325 98
537 500
2684 1210
3584 701
897 357
362 957
514 2881
514 3694
1026 1931
2745 1366
2745 1989
1719 2904
609 3498
1366 2684
1366 1210
1366 1989
1104 3694
3703 2370
1264 440
500 537
1267 1574
522 3326
522 609
778 207
1674 2097
3326 609
1134 207
1719 1998
207 778
234 2278
374 3262
2380 2053
435 1826
2241 2513
337 599
149 563
1928 2278
477 1178
522 2713
3740 748
2097 2053
2097 500
3326 2713
3326 522
746 1204
1719 3004
2513 807
199 2097
199 3658
599 338
171 1998
171 2076
1826 171
968 2193
3262 3254
419 1192
1081 3713
1928 3111
1580 288
3754 456
3789 1529
1613 30
440 235
440 1195
3808 872
3811 3193
3131 872
1222 199
3821 2021
3821 1921
1366 534
1104 1613
1226 471
3662 151
3662 1449
3822 539
2021 3821
79 3818
2443 3834
1921 3821
1455 151
275 151
275 383
872 3822
1290 1792
3845 3389
3845 1621
408 997
2988 2361
2988 1897
1387 484
1046 1122
1389 1326
98 334
334 452
2888 3799
149 2930
1579 1326
3887 3850
452 98
452 64
1613 2964
1395 1160
1949 1646
384 2196
1026 1081
253 234
3821 1394
1366 778
3872 1117
199 3431
344 3427
798 1160
45 1210
1326 3122
929 2988
3437 983
3883 659
3840 1721
3440 3821
1891 258
1891 3883
1807 3909
1267 2021
3842 2988
3842 1897
1689 1081
1117 3799
1117 3913
3914 929
1748 3484
3370 1326
1160 1108
1160 569
1361 334
1361 1117
1819 3004
2380 3811
3004 1679
3004 1728
1931 3004
514 1548
514 1104
3326 3918
3290 1819
3290 3004
3290 1679
1715 950
746 1219
197 983
748 3451
259 500
1679 1819
234 25
393 383
393 748
1482 259
500 1482
1728 1819
1728 1931
1728 3290
1728 1679
2380 171
435 2578
456 387
537 275
169 1117
2998 2988
3004 2988
3004 2998
1210 232
983 259
259 862
862 983
3651 310
387 1108
502 456
563 456
563 98
207 116
586 862
79 502
1117 45
2157 45
1081 2369
1081 3240
1529 1548
1529 968
1548 514
169 1044
762 1235
883 435
514 3680
1104 1529
259 1548
968 259
3097 3971
383 393
3972 3973
3451 383
2380 435
30 3154
30 2823
904 3982
904 3983
3154 2823
1439 387
1439 3803
4001 3451
1108 1226
3004 1081
3380 3326
3380 128
3986 2090
3532 410
1040 983
1026 3240
3973 3326
3973 3537
3803 3326
3240 3004
3537 3326
563 82
239 65
234 435
393 3451
128 563
2157 441
2153 1210
2090 1971
3260 2213
2374 1228
1210 452
1228 383
515 1981
862 1210
2884 1836
2884 2447
659 2888
2888 586
1108 387
387 2888
3326 387
3326 586
1836 2884
1836 2447
4080 3176
2447 2884
2447 1836
1117 239
285 3515
456 275
1505 897
2888 456
3680 514
3680 1104
189 250
440 3326
3326 539
924 285
250 189
2782 1981
207 539
207 440
144 4084
144 2277
128 4110
2380 1719
2380 1998
285 387
4119 848
1046 778
1169 156
1169 1931
2168 1971
2090 1188
2090 4133
2904 2278
719 2012
4136 1188
1931 156
1026 719
1026 128
1719 2380
1222 2395
2012 128
1366 848
199 207
1998 2380
207 64
79 199
2278 2277
4125 3476
862 30
862 687
862 1235
1819 798
151 387
151 683
383 563
3972 4151
4143 448
3775 383
1938 1931
2553 239
4161 384
477 3085
1529 2888
387 383
362 2553
4155 383
4168 1971
1835 4168
1226 456
1226 1108
3085 4006
239 362
586 64
281 2888
64 1928
634 64
1160 471
1 925
2058 1192
435 1719
480 383
456 259
2886 374
2886 3262
334 387
334 1178
337 79
3867 3451
2008 90
4188 1891
3696 3584
338 337
338 79
896 197
2330 599
883 234
807 925
807 1242
310 3634
310 925
2721 1194
2028 2008
4197 316
3240 1242
4172 1880
4172 1918
199 1826
259 456
1826 33
393 334
1178 310
602 4200
602 3058
1348 4183
1242 310
383 3431
615 1240
1252 997
456 2888
149 659
1564 2496
1548 1104
1600 2196
1108 2040
2040 1108
1621 1240
4215 1606
1613 2957
2964 1361
440 2496
1949 2930
1949 1418
1418 2196
4234 1240
1792 1290
2957 2964
3906 4238
997 408
148 2964
45 30
45 537
234 987
500 1557
4231 3906
64 452
275 1557
1748 2000
1160 387
1819 1891
30 2090
3918 1949
1965 448
1931 1819
1931 798
1931 388
983 537
983 440
3973 3163
798 388
1891 1931
1891 798
2791 189
456 1931
3176 3567
1108 98
387 259
1931 1719
563 259
4265 1831
659 3326
253 2721
563 334
64 2380
1117 387
441 1210
4284 539
1210 687
2273 539
2273 4284
2999 2988
45 773
659 586
435 2076
456 537
334 1252
2553 388
1529 3326
1529 1226
1548 148
2040 2157
2040 98
3982 924
2374 3867
883 1194
883 171
4030 3867
171 1194
3085 1226
124 1169
383 1928
2328 3777
334 275
1169 3380
3788 4311
1449 3787
1928 3754
534 3777
387 1728
1634 4322
3380 1117
85 3754
778 334
4303 235
2733 4311
3346 1169
3662 1366
3662 1776
3786 1385
3786 534
4297 2328
4297 1385
1482 1235
1117 2090
862 2888
687 4073
773 687
3176 123
4073 1210
4215 2904
1210 2719
2028 90
1170 448
4348 2791
2999 1931
1188 1989
917 3260
1192 2618
4361 848
1104 514
1989 2782
357 1548
357 64
1178 3240
3029 1188
3029 2782
2380 440
440 1998
1026 1169
4404 4394
79 207
4406 4400
64 79
275 2380
3451 4030
3918 778
448 2234
448 2278
3560 3566
189 96
1646 2097
1646 1036
746 4001
1026 33
1026 2076
2124 2996
253 2077
3240 25
748 393
563 250
796 4433
171 1719
239 2076
1178 4001
1178 1160
2076 3326
4419 2137
1160 746
317 259
2234 563
4284 3235
98 681
4160 4458
1564 563
3176 186
4183 4245
897 848
387 64
4445 189
807 681
4006 3085
2433 3838
235 387
471 4177
2513 1682
1226 4457
681 151
207 950
3085 3498
2429 1719
2791 317
2525 234
4469 3855
3359 1394
659 189
659 259
3431 2610
550 4482
615 1715
615 4234
1252 1488
1399 925
2930 1178
2930 1160
2917 4216
3076 2791
3076 1117
2328 1981
98 1117
4120 2308
4482 4504
4001 748
3680 1548
1564 659
548 4485
169 1290
522 4485
522 357
1621 1178
189 1178
452 1564
440 452
1488 569
310 3240
310 1178
1395 2021
1098 2328
4476 1447
186 4080
987 1667
609 2791
4504 550
3240 1399
3240 448
3240 602
3077 2811
4224 2697
4522 3077
1226 357
4525 3369
4525 2606
1765 109
207 798
798 1117
798 124
3085 3076
2021 1557
1326 2697
4080 548
4080 372
500 1108
2443 1381
372 3305
1921 4249
3393 1746
1117 3085
124 64
1160 1178
383 334
4532 4533
408 189
65 1081
4539 4549
189 2791
425 4551
3220 2719
388 362
586 1529
393 1228
920 263
2919 3867
1228 746
2791 408
539 3965
4566 435
4580 1212
915 2679
4284 4581
4284 258
472 4585
98 1108
4581 258
773 950
145 4585
540 539
540 4284
387 950
387 275
2193 2694
2679 4622
25 1719
186 4596
3326 82
4596 145
4622 4632
4639 4640
920 456
372 3599
275 189
872 4645
1819 239
4296 4646
687 3326
387 1117
4653 4646
778 4648
778 950
3058 681
1719 259
250 124
950 4648
563 3535
920 999
3535 456
3535 250
4659 3839
4660 4544
4296 4666
456 586
1169 4659
1169 3839
2888 4659
2888 3839
2888 1169
4696 4006
4665 4687
3380 1403
85 1403
85 3380
4682 4665
259 537
3122 1381
358 4680
1117 537
3305 4683
1348 3837
373 85
4659 4727
659 239
2380 4215
435 1194
435 197
285 1482
2511 4001
98 1548
1169 387
3419 149
4740 3799
4001 983
4001 3913
1564 334
1928 872
1192 1557
760 285
440 983
362 4740
3935 3476
3326 98
983 950
4367 4751
4234 4648
197 1194
2012 4734
950 440
171 435
171 197
3913 456
3535 1810
3154 4272
49 79
4272 3154
1942 207
4763 3346
4763 4764
4773 798
3808 3346
778 4776
4772 1403
4772 3380
3077 1529
3346 4764
4764 3808
798 3556
798 3789
873 872
393 337
281 232
659 337
659 393
2713 4790
4791 4766
4284 4795
98 586
98 862
832 4799
96 4806
96 4807
96 3973
4806 96
4806 4807
2904 1265
1529 419
4734 1921
4799 4813
4814 950
440 64
440 1160
4807 96
4807 4806
4807 3973
186 4028
4772 4532
4772 4821
4772 3138
2803 2811
3973 96
3973 4807
609 3837
2811 372
614 372
3138 4821
3085 2713
4080 614
4813 832
4028 186
64 1160
659 3240
2817 2687
2167 2180
2167 1222
337 701
522 3077
4851 4850
4445 285
1971 4035
1719 4445
987 189
3077 522
4841 2811
796 3566
4080 2811
2791 259
862 98
4869 4854
4872 3111
3982 904
440 1719
4891 873
1932 25
983 3316
3316 983
3965 3111
3965 4872
1830 3964
275 1719
1819 362
1819 2999
1305 4928
2380 33
3855 4951
1219 1222
4683 563
3076 2803
3076 563
4443 4971
4974 4975
4229 1305
5000 2429
537 659
5021 199
3584 337
4161 1207
1928 1583
5030 4926
5030 4987
3740 1219
4944 4332
2293 1265
769 5060
769 5029
2137 2380
2137 197
440 659
440 537
3711 769
5062 2293
3837 3973
3746 2277
2431 2058
1330 4996
1026 2996
1026 197
1026 1826
2124 2077
4201 2996
3973 3116
197 2076
4928 4926
4928 2277
3077 586
4947 3696
563 3085
259 4445
2045 2988
957 3393
5133 4967
2999 3004
1826 2996
2382 2380
2382 1026
2975 769
701 4947
5084 1353
1364 2930
4897 4443
2443 1364
281 1265
4751 872
3305 3076
5096 5030
151 537
383 480
383 1178
5181 5182
4200 448
659 235
2930 337
5281 2234
1965 602
4646 4296
337 1482
2694 950
2888 1971
2888 171
96 1387
5364 1728
5166 1912
4177 2193
5260 5219
5260 1674
5410 5182
1529 207
5436 5437
4734 5390
2374 4030
1403 502
5462 5463
310 1330
5321 4272
5458 5466
5498 5499
25 4215
1949 25
502 3111
4476 109
3058 807
983 337
983 207
235 1169
235 1719
235 4751
1719 659
4155 5542
3240 1462
3511 3480
5571 5572
950 4050
950 171
5573 5193
5573 5575
2361 3053
3841 5228
5390 25
612 965
148 1912
1679 2518
1495 3240
239 3058
5563 3634
5563 1399
3840 5156
1178 748
5466 1026
2278 807
1921 5177
1689 5260
3914 5242
5258 4050
4469 64
1242 766
1242 2715
659 2196
659 1160
2713 472
1763 98
1763 1381
3918 1921
3918 1265
2496 1670
1965 1564
480 688
2511 1579
2511 1807
2511 2697
3344 4996
5701 372
3419 440
149 1965
5724 5725
5725 3235
1381 98
1598 1361
3369 189
1108 1988
5736 3913
189 2755
1613 1598
1613 681
2964 3370
1488 1807
3504 3431
1988 1108
1880 5697
1098 4120
384 1418
3326 3535
2513 1037
609 3535
4234 4367
5767 3431
3077 372
5669 2715
4224 1807
3617 5751
2957 1598
681 1361
3163 609
798 1819
929 362
1132 1178
1178 1418
1891 1897
1897 1880
372 5701
372 3077
124 3085
3914 5697
1160 2196
1361 2957
5815 965
5163 4050
3484 1748
3431 3249
3918 2904
4683 3305
5904 950
2211 760
2395 1195
3076 5912
3076 4080
334 4001
925 807
4594 2012
5936 5937
5936 5938
5948 3453
116 5970
1938 609
1564 5978
1063 778
4821 3111
3754 3811
522 477
522 5973
4539 4510
4872 950
5966 5915
5966 4841
5782 1228
6030 76
6030 4404
6031 5902
5937 3560
6033 778
5881 5816
5881 613
948 199
4807 6029
4006 6073
697 2040
82 128
6081 534
1026 5532
2745 6086
2749 3154
1195 2395
5873 5862
6108 3431
6111 6030
5938 6068
232 3431
5810 4751
4030 4001
4030 746
2801 997
259 383
4697 4696
308 5992
3799 1403
2171 5962
6135 548
4856 3431
6150 5962
6150 2171
3766 207
6068 5936
388 6151
1831 5935
3831 6030
6160 4683
6161 5902
79 5724
5084 388
6169 5912
128 5942
1891 3148
4265 5806
5973 477
2791 383
102 128
1117 659
1728 448
4730 6209
4730 6210
383 4001
383 748
6212 5163
4245 6215
659 1117
2713 4813
5862 6249
285 2370
285 950
1046 6030
6254 1366
4580 4564
2503 6281
1810 3122
456 1212
6295 4763
6295 3808
6305 1598
4646 4653
6308 4850
5697 828
4581 539
6339 472
3476 4361
3476 6327
6341 2780
773 2211
2904 659
2904 983
1525 6295
1525 1634
6355 2713
3472 6357
1557 1235
6358 5862
4763 1525
4763 1634
76 4971
1580 6367
3878 6371
6375 1853
6200 3116
5966 6317
6414 4125
1403 5736
387 872
6037 1557
1634 6295
4773 3878
3618 3556
440 3316
3808 1525
3808 4763
6249 6358
5458 2489
514 3122
982 4245
982 6215
6461 3532
6461 585
6469 6308
471 4188
2868 6303
6473 2983
6408 6476
5873 6479
4544 6262
2935 456
3316 440
950 2370
258 539
259 1719
1226 6355
6127 6210
6215 3380
6226 6473
1836 358
3831 6111
3437 4229
3437 6511
6209 6210
1235 259
6512 1986
5496 6305
3096 6496
4028 3176
1117 983
275 1108
872 6037
6462 2193
6556 5156
5816 2811
4245 6574
660 4125
408 2801
6597 3504
401 2021
472 2713
472 6423
472 6608
4272 6611
6290 2837
828 452
498 6618
334 1748
6614 563
1169 25
1169 4776
4581 3837
337 334
5701 6339
3788 171
5359 6506
3239 950
3476 950
5363 2021
2680 3584
4687 4772
6611 4272
4586 3085
4586 6660
4485 372
3584 2180
4680 4445
4821 6660
6379 68
6379 128
2734 2803
6683 6610
2040 5948
109 4200
109 340
5736 3837
5782 3431
3740 5767
189 2196
965 5815
3789 6683
1628 6556
387 4485
387 563
2894 3799
2180 6699
948 2021
3837 2888
4807 5701
6712 3833
4006 2012
4303 3326
514 3535
6603 3219
4197 263
1134 408
2810 2811
5532 5697
2803 3965
1670 3535
4596 2008
4596 6660
4682 4772
5767 1200
3077 234
6699 2680
924 3983
2196 2957
2660 3878
563 357
2957 452
1650 6572
1226 372
3219 6603
6215 6423
6647 4159
6644 4443
6644 4872
3085 3599
3766 6030
2837 6737
6582 6105
6582 3262
239 3004
45 548
2605 514
1853 4120
4080 4586
357 387
3535 2605
3535 552
6792 6033
128 68
2443 189
6173 2721
4296 4653
660 1988
4648 1044
1023 6827
1023 6816
6233 4324
2380 1194
2380 883
5862 4245
435 171
904 924
6843 6844
1240 6825
4284 431
6827 4178
1194 435
1194 171
1169 683
337 2680
337 1831
3788 1235
2547 3206
4460 5815
3193 151
262 6108
773 6899
2823 4324
6906 6826
4586 6908
1564 2234
3696 3254
4680 997
1529 2008
4734 5657
189 259
3789 4784
4773 683
6423 3837
2721 279
1210 773
2028 3822
1668 2429
4006 6160
82 189
1715 1621
6384 2755
2755 3878
1719 358
471 778
471 1482
954 4071
6844 5881
609 2999
5709 4854
6105 6578
6555 1668
924 3982
748 82
6953 4551
6215 6858
6920 6950
1989 848
3822 4006
7005 7006
997 2369
4249 1836
1495 4178
1495 6827
1495 1540
7019 6160
701 6920
701 6999
4080 6169
2447 4249
2919 2680
1482 997
4784 3789
683 1169
683 4773
128 152
7031 3935
2614 5657
2614 448
634 471
4469 169
4766 4695
4648 5688
2817 2395
2817 2680
4640 4639
6233 6487
4774 6542
916 3249
1188 848
1188 3293
456 659
7079 1188
3111 3913
6307 5042
5697 5370
1169 2040
3344 950
1081 5370
1081 1689
7092 6262
6637 1988
4187 4280
1200 25
3476 3788
537 387
4821 6961
719 2888
4695 4766
1529 98
1529 983
1529 275
3176 2713
4237 3840
4183 357
522 1938
6930 263
6930 128
2188 372
5736 3535
5782 337
6615 67
6615 90
5937 2919
1403 4772
3789 3085
3789 357
440 1482
3504 393
2721 3618
3380 4687
3380 4772
3380 4682
4807 548
4006 4028
3326 3111
3326 719
3326 1691
4772 4687
4772 4682
1971 2988
1971 1195
1195 357
4682 4687
950 1548
258 7091
6920 2919
6498 6249
997 4445
3085 1921
3766 3808
388 189
239 7062
239 6005
586 387
45 285
45 1482
1853 599
357 4187
357 1921
3535 1169
4125 3293
64 2988
64 4001
64 1117
1117 275
275 983
862 537
1819 609
3359 124
4200 4028
4200 1265
3761 3129
660 7195
3154 7199
5022 6831
2930 1240
472 1348
1810 1949
1810 124
4272 7206
98 1403
5697 1081
7231 3972
6637 6414
2008 6066
2008 4303
5359 6423
5359 7235
4001 1981
1557 5449
1580 1044
6317 472
1108 983
2856 5813
6026 7079
7206 3808
1403 452
3789 98
1634 7199
3618 98
807 109
85 3129
1949 124
1098 3063
5532 4769
983 1108
2513 3345
1366 5637
1044 4648
1044 1580
4841 7241
6289 5862
1650 6066
1650 4887
3799 3878
7003 3346
6506 3085
798 3085
3085 6506
45 862
5563 1409
6209 387
1235 773
4549 669
1482 7279
3535 4367
4887 2008
2104 1525
4028 1265
4125 1366
4412 766
419 145
7301 4050
3293 848
