1 4
24 25
30 31
133 135
147 148
164 186
187 54
187 188
146 191
201 202
152 129
25 30
235 54
4 236
236 1
188 135
78 133
78 120
202 246
135 32
294 295
294 296
352 331
296 295
346 313
346 308
346 351
308 313
351 313
303 394
446 448
446 384
111 84
530 188
147 152
553 515
152 9
384 574
461 246
246 549
479 384
391 377
601 384
601 574
458 574
30 653
678 649
301 120
649 186
644 794
677 676
821 236
854 830
870 865
876 865
266 24
884 676
884 887
32 884
32 897
32 898
910 25
913 188
962 552
897 898
898 884
981 902
188 384
676 32
676 898
148 789
1005 962
1005 308
935 928
552 308
552 1005
887 898
1024 549
1031 1032
818 1035
1119 497
690 1119
152 84
1051 1130
238 461
178 32
127 84
601 1119
842 580
497 690
1164 352
659 54
54 659
352 659
164 202
146 127
778 202
1221 187
1209 79
188 257
188 14
1178 497
14 257
1117 789
1117 127
132 659
1 1240
638 1191
1024 1151
24 1314
1341 1342
30 54
32 164
1362 1363
1387 601
818 1
1240 1400
448 497
1486 1478
1494 1528
1634 1297
1642 1643
1452 448
1527 1528
1424 446
1424 913
1675 1678
1686 1502
1623 1622
1338 1605
238 147
1720 1590
1383 448
1383 574
870 574
1478 1374
1151 1502
1297 1494
1363 1151
1772 1363
876 132
574 448
574 653
574 1548
1747 1313
1747 1147
1780 1491
993 1504
1178 818
601 448
1496 1495
1468 897
1504 1502
580 1117
14 1178
1117 201
1345 1623
1804 1756
1368 1807
1848 24
649 1820
308 303
202 1163
1772 214
257 580
1823 79
580 257
653 692
1894 1895
1898 1899
1908 1874
461 659
461 31
1151 1885
1151 1898
510 1117
1897 1885
31 1933
1941 79
1934 238
354 178
1820 164
692 665
352 842
164 1221
301 164
301 1221
649 164
1221 649
497 1986
1275 2004
2011 510
2036 601
352 2008
246 186
601 2036
913 30
913 653
530 2081
653 30
164 301
778 638
1908 1663
148 1663
1823 2101
580 84
1 448
1 1217
2151 132
32 676
692 1934
9 448
9 1491
1623 246
1491 448
1491 1217
202 789
257 187
257 778
127 152
2241 1064
898 32
201 2079
25 910
423 2223
580 132
132 580
2304 1191
2186 649
2186 2345
265 1925
146 842
649 2345
1209 423
2066 2382
2091 981
352 14
2424 1675
1675 1328
461 202
186 659
1209 659
238 549
238 789
789 778
202 1848
423 851
497 446
580 352
132 54
1362 24
2515 721
9 2515
2495 1400
1573 2541
1486 1374
1486 1789
1543 1807
1898 1151
1328 1623
2536 1147
1899 238
1489 24
148 692
935 148
627 1623
1468 2618
1807 1741
1807 1789
354 552
1368 1741
2328 2644
2328 2645
2328 1839
164 1489
384 676
1221 354
1839 2644
1839 2645
676 913
574 721
79 1221
354 79
446 1839
1933 1908
423 202
2151 1328
446 2328
446 2644
2328 1623
2079 1925
2079 265
2644 2328
2644 1623
2378 202
461 692
2700 2701
2700 202
1934 202
127 14
14 127
1941 910
1941 78
111 842
133 1941
238 111
78 170
510 461
515 2644
2079 981
1032 818
1328 1675
1675 2151
1933 362
818 9
818 2255
2845 1657
2200 148
913 257
913 132
778 2875
257 913
257 132
132 913
132 257
1400 1377
2917 1741
1191 2527
1032 1244
1489 2317
1489 1244
1489 1178
384 956
1792 1377
1643 1275
1147 2536
1789 2541
2527 296
580 2317
14 580
1345 384
2066 981
692 257
187 202
362 2982
362 1933
2101 2066
2701 187
257 461
2993 202
238 3018
2662 1859
3018 1894
627 3025
659 789
32 88
3033 3042
1848 1897
201 178
1622 1313
1489 1885
1489 461
789 461
178 88
1605 1894
1657 692
1657 148
3018 1151
910 266
910 120
965 3054
1839 202
120 266
120 3057
3072 3073
913 14
2766 147
3071 3095
3084 3095
3085 2013
3095 3093
1005 354
552 423
3124 10
352 127
201 1432
362 246
461 362
127 129
127 3124
3149 132
2013 132
1548 1117
3158 3095
778 2104
461 79
497 257
1117 188
638 778
1028 2154
709 2200
910 965
108 88
965 1527
1527 910
2183 692
236 709
32 3225
9 653
897 458
3225 32
1151 1894
458 461
458 1657
2904 3277
1548 1657
164 649
3261 3260
1933 3279
3290 789
1147 2255
659 188
913 202
129 510
2299 1313
830 2013
1247 54
580 14
913 235
3345 296
3345 2527
442 778
778 1489
1032 902
1489 442
1314 2959
1314 1715
1715 2959
3335 451
2225 1646
14 238
14 574
2601 902
132 981
446 497
3021 1432
1573 3359
3397 1805
2536 2317
965 1244
384 965
384 1785
1657 451
2631 1355
3446 3388
266 294
266 965
3456 266
3456 965
3456 1527
9 127
965 294
1527 965
178 188
188 178
659 1933
32 2079
692 178
653 259
1894 1898
178 653
188 913
3018 1898
1178 1885
191 3124
352 129
3525 259
259 3525
32 320
3550 394
897 3559
1313 448
515 3274
1820 354
3588 530
362 789
3592 3585
461 789
1221 164
789 246
3084 3588
3084 3085
14 510
1925 3603
721 30
129 842
88 1035
88 1432
461 2255
188 3524
202 3260
394 1925
497 461
2104 30
351 1005
709 644
2079 1374
448 1035
653 257
3659 147
3468 994
3468 202
461 1933
1491 3201
1035 1130
202 994
257 653
3018 1362
1967 2845
1130 3624
1130 3644
1820 649
1925 2904
2284 2878
3696 1820
1548 1362
897 3242
362 1244
649 3696
2878 1925
2878 451
3124 1151
88 108
3225 187
1925 2218
1925 2631
32 1099
2515 301
164 120
2730 2910
2996 3749
2996 3750
1313 2317
1099 201
202 1934
120 649
1823 1099
601 1178
2631 2218
2993 1934
913 1623
147 778
1548 1623
1464 627
778 3525
3131 3755
1623 2631
461 132
981 191
1209 202
876 3525
574 30
574 1117
127 1117
132 147
1925 659
659 1908
446 574
1885 1024
1885 1374
3886 3484
2536 24
1374 1024
1622 2536
1032 2536
1663 1374
1313 133
1733 1035
1590 1925
1151 238
2200 3633
1657 1400
574 497
148 238
3633 236
1117 3913
1895 1894
1895 1897
24 3290
3456 910
3920 1859
461 259
3290 3018
3018 24
14 259
14 132
132 259
1925 259
653 461
461 653
178 201
178 1497
653 580
127 79
510 188
2842 3633
1052 1044
721 1052
259 1548
129 865
84 9
84 3073
3603 3991
3073 1117
1623 236
1623 4009
246 789
4009 236
3991 352
2200 1623
2200 236
2200 4009
3095 2221
2637 865
510 9
2631 692
4019 3940
4023 4025
9 1035
9 3201
3524 3124
3260 3261
4025 4023
3940 3562
3940 515
4030 164
3201 1035
3562 515
515 4019
451 1548
4077 3176
4077 4078
778 510
246 461
3503 3659
1117 2255
4092 2862
3345 1191
2221 3600
4090 3345
4095 1548
1548 1424
4102 4092
259 9
902 1191
902 4090
574 1820
127 3225
1747 4092
4120 1086
1885 2887
1328 4139
4139 1328
510 1925
1117 721
3230 913
448 3562
129 188
830 14
549 461
981 384
789 362
202 913
202 2255
202 1209
593 238
1031 1538
1362 1489
1347 3201
164 448
1646 2444
2101 2079
1908 1895
1489 148
855 1646
993 1538
1823 201
3018 1885
1178 1374
2527 902
3914 4196
1895 4063
4207 32
4207 2536
1925 1035
692 127
133 458
1548 1747
463 313
2536 1313
384 1925
1715 1355
246 235
1035 384
1590 2959
4239 2549
127 692
1789 1161
4225 1374
4225 1161
3057 25
1221 690
3201 448
3201 3406
388 1933
301 4262
301 4139
4130 301
1820 1221
913 692
3940 3503
148 1908
3018 1908
4281 3940
709 692
721 778
1548 148
778 3073
461 2887
638 3225
4019 1623
692 3018
692 580
3230 127
3230 1432
1191 54
913 461
147 2255
1548 1908
352 1178
1675 3230
4303 235
981 461
876 54
479 4333
2631 2557
580 30
4316 235
1117 910
1117 3755
2842 3970
4337 549
2904 1244
4047 298
2818 2200
236 3503
2200 4346
3503 2842
3970 3261
4351 2730
3124 2218
479 132
1178 1362
257 910
257 79
79 910
3018 1933
3057 1374
530 510
2101 3752
2124 2996
659 956
721 653
3176 186
451 2225
898 1489
1675 3524
186 3600
3071 842
257 898
1 1363
1 3644
659 1623
659 259
30 789
1400 3598
2317 133
2328 4019
3927 1240
111 3592
3524 111
3524 3592
2255 659
133 24
653 789
463 1573
2954 1400
2954 3598
451 384
451 1178
1560 3598
4338 111
4338 3524
384 1313
1623 259
1051 1363
461 3018
789 30
789 653
188 3018
1590 1643
956 1178
3201 88
3018 1117
1178 1051
1178 1035
1178 3242
1789 2917
2586 463
1117 3085
3151 133
2842 2515
3456 1191
164 4030
164 627
690 4546
3201 3940
388 362
4537 3151
4537 133
32 188
692 2079
910 1623
2079 214
129 4596
2904 3524
830 510
830 132
147 191
3124 3524
4078 186
25 132
313 620
186 3592
186 4596
3816 4247
2701 2378
1383 3484
4239 4286
127 4541
510 132
3331 2695
1117 1925
1117 1623
659 3018
3524 913
3524 1117
1908 148
1933 461
148 1489
127 3073
3018 510
510 659
1117 3018
530 129
3592 4078
4078 3176
4702 4711
3604 1925
913 1548
721 246
721 14
2255 246
3710 423
3710 4746
3261 2515
851 3710
202 394
2887 913
2887 1117
3085 3201
3085 510
3913 3073
3018 659
3018 1623
3018 257
3242 3927
3503 709
1117 1355
3124 3073
3073 3524
778 4776
1623 79
132 14
32 928
448 3201
2904 1925
3710 238
4799 4813
928 448
3592 4588
4328 4801
1086 2730
257 1117
4588 3071
1362 993
2079 32
164 394
4338 463
789 870
4836 3832
2910 3219
120 1820
993 659
1925 14
3124 14
1548 461
352 4862
4880 4338
4338 4880
79 257
14 1925
14 3124
3057 789
32 259
1362 4941
4941 2299
4941 3310
4952 4953
4801 3071
5009 5010
164 2441
2101 1099
5083 5084
3071 238
5117 2878
902 2536
5084 4286
4171 298
132 3018
4226 1805
1 1051
2223 5192
659 235
659 580
5182 1560
24 2959
1362 1504
2959 3927
5245 5247
3230 649
913 789
913 1117
3927 24
3927 448
108 4528
448 88
5362 1885
5362 1848
5377 5247
5285 5403
88 3021
2536 5445
1374 1489
1374 1151
3947 1024
2573 1342
3491 4196
5209 3335
4196 1848
4196 5488
1694 5505
1623 257
5515 5516
235 4468
1244 25
1734 1504
5383 148
1605 1436
1605 1504
1044 653
1151 1495
5604 4239
4759 4749
3644 1178
2225 2950
3406 789
4239 5615
3913 2414
5477 257
580 913
5628 5629
1117 3927
5636 1772
1804 5383
1895 935
5652 3913
1355 1240
1362 5588
1240 1643
1240 1785
2511 1807
5135 4941
913 2317
721 201
1885 3018
133 1908
5009 2299
4227 5717
3277 5726
3710 4801
3310 3947
451 298
451 1244
1612 1560
1612 3598
2536 32
5742 1859
4062 2573
362 1908
362 1489
5747 3942
1560 5182
778 721
778 201
1032 423
1489 659
5758 3310
3857 789
3857 644
3940 3230
3598 309
1244 497
4483 4670
1733 451
5527 1491
851 4801
1035 4062
1035 202
1035 1178
1035 5670
1590 1355
1590 1785
644 789
3913 3072
423 1715
423 3018
3018 910
3018 461
1178 2255
1178 956
497 1005
3942 5790
5796 5009
659 913
659 3073
3151 5852
3151 778
5867 5869
320 4338
1052 5887
1052 2253
4019 2253
5837 5913
721 3940
721 1044
448 2760
3611 4019
2253 4649
2255 898
5838 5837
133 5117
4705 4689
4096 4537
1548 133
3260 6017
164 1491
3073 5863
1527 3649
1675 120
5900 5879
1244 1044
1244 1297
4706 5867
6109 2846
1044 4333
5971 352
3218 644
259 1623
956 3598
2171 5962
644 677
4139 1675
1297 1164
1297 2253
6017 644
120 4139
4333 1052
3600 4557
677 692
5084 388
497 164
1117 659
1164 25
1925 9
1925 3524
6094 2289
659 1925
659 1117
3149 5931
6238 6239
2229 3260
2933 1934
4286 4239
5988 352
5988 3525
5988 4887
4120 295
4375 5040
9 3524
3524 659
6336 5859
1163 2378
2904 659
2904 9
295 3230
4705 6360
6368 6369
3124 4096
352 876
2557 127
187 2101
3525 352
3525 4887
1634 3755
6060 5562
6249 6358
25 4333
1221 446
3335 898
5562 6060
4030 1221
202 2701
4139 6447
6500 6203
876 5988
127 4303
6512 1986
5628 3456
2695 2035
6457 4120
266 3085
3604 3025
3604 3592
6607 3218
6650 6651
5035 6678
4453 1424
451 1275
451 133
4303 461
4338 3230
1623 593
3186 6722
5679 2846
4596 2008
4585 842
1244 451
789 1933
236 677
6109 6354
78 266
3085 869
6722 4596
510 3913
5122 5035
5122 6678
6633 4375
552 6168
282 4776
4588 3592
4588 4585
660 2650
30 1859
5650 5709
4689 6896
2221 4557
2221 3176
295 690
4705 4706
3603 644
4749 4759
5742 4836
690 6447
2730 910
6073 4689
1623 178
3186 6316
3186 3071
1313 4735
4515 6073
1244 257
6395 4557
6920 295
1297 1044
1297 4333
257 510
4239 1209
79 3598
3600 2221
3446 6168
593 2511
1859 5742
6985 7041
6928 7044
303 6168
5264 5383
4019 2910
910 1244
910 79
910 3018
9 1117
530 4801
2255 913
2221 3085
6650 7104
352 6557
7115 870
5035 4649
451 7106
6026 6177
4711 4685
4077 6599
4410 649
649 6168
6700 5502
3940 295
789 1005
6109 133
188 910
4139 3710
4139 649
876 4887
3562 3940
3018 164
3018 188
6168 721
14 1244
14 3406
3446 1548
5931 6316
5931 7179
7141 3446
6157 1548
7188 847
4862 6046
659 653
7211 2253
4120 4281
3927 4656
111 5951
721 6354
721 4333
5650 30
5650 2824
2008 3525
2008 4303
530 830
6650 6133
830 530
147 214
653 659
6651 6133
3124 593
451 3124
4749 259
2856 4339
3261 3201
3261 6157
4303 6046
4624 7070
789 1244
1044 721
5971 3525
5971 4887
1035 108
644 4328
7003 7268
3562 4120
510 178
3832 1256
4887 2008
4887 6046
3503 4281
6157 3201
