% asym unweighted
1 10293
3 10295
6 10298
16 10308
17 10309
28 10320
29 10321
36 10328
40 10332
43 10335
44 10336
45 10337
50 10342
54 4051
63 9339
68 9340
79 4738
82 10361
87 4505
88 2780
102 6438
111 10351
115 4328
130 10346
139 10375
141 10377
160 10396
166 10402
175 10411
186 10422
190 10426
192 10428
193 10429
194 10430
196 10432
199 10435
211 10447
212 10448
215 10451
216 10452
221 10457
228 10464
235 10471
241 10477
245 10481
247 10483
257 10813
258 10493
263 10496
264 10497
267 10500
273 10505
288 10520
290 10522
292 10524
301 10533
309 10541
310 10542
311 10543
314 10546
322 10554
324 10556
328 10560
329 10561
331 10563
336 10568
341 10573
343 10575
348 10580
349 10581
359 10591
367 10599
369 10601
376 10608
406 10638
407 10639
408 10640
409 10641
418 10650
419 10651
423 10655
425 10657
428 10660
432 10664
440 10672
465 10697
468 10700
469 10701
470 10702
477 10709
483 10715
486 10718
496 10728
497 10729
500 2308
509 10738
513 10742
516 10745
521 10925
522 10750
523 10751
527 10919
530 10756
532 11190
538 10758
539 11191
542 10765
543 10766
544 10767
549 10772
561 10784
570 10793
572 10795
574 10797
577 10800
581 10804
582 10805
588 10811
602 10827
608 10833
611 10836
615 10840
619 10844
620 10845
627 10852
628 10853
629 10854
633 10858
639 10864
646 10871
651 10876
657 10882
673 10898
679 10904
681 10906
684 10909
686 10911
694 11194
699 10927
700 10928
703 2289
710 10935
712 10937
713 11196
718 10942
719 10938
720 11197
722 10944
729 11769
732 10953
736 11770
739 10958
746 10963
751 10966
755 10970
756 10971
757 10972
758 10973
761 10976
774 10989
777 9012
779 10991
780 10992
786 10998
790 11775
792 11003
798 11007
799 10280
802 3872
803 12036
809 11011
826 11780
833 11024
834 11025
835 11026
849 11040
851 11036
861 11052
869 11060
870 11061
878 11069
883 11074
891 11082
895 11086
897 11088
906 11097
909 11100
917 11108
921 11112
929 11120
942 11133
945 11136
949 11140
951 11142
952 11143
964 11044
965 7077
967 11785
969 11154
972 11786
973 11156
980 9788
985 11161
986 9776
988 11162
992 11166
994 11168
999 11173
1002 11176
1008 11182
1009 11183
1013 11187
1021 11789
1024 11201
1034 11211
1041 11218
1045 11222
1048 11794
1049 11796
1054 11225
1056 11226
1061 11805
1067 11804
1072 9835
1083 11239
1087 11243
1091 11247
1102 11258
1110 11266
1131 11287
1133 11289
1141 11297
1152 11308
1154 11310
1157 11313
1158 11314
1160 11316
1162 11318
1165 8341
1175 11328
1177 8117
1180 8130
1184 11334
1185 11335
1191 11341
1192 11342
1193 11343
1202 11352
1212 11362
1214 11364
1216 11366
1218 11368
1220 11370
1224 11374
1234 11384
1236 11386
1240 11390
1242 11392
1249 11399
1255 11501
1269 11512
1280 11523
1282 11525
1289 11532
1292 11535
1294 11537
1297 11540
1305 12718
1306 11545
1307 11546
1310 11547
1311 11548
1315 11552
1329 11566
1330 11567
1332 11569
1334 11571
1338 11575
1342 11579
1343 11580
1347 11584
1350 11587
1356 11593
1357 11594
1359 11596
1368 11605
1375 11612
1393 11416
1402 11406
1403 11422
1405 11424
1406 11407
1410 11408
1414 11409
1422 11411
1432 11442
1443 11451
1450 11458
1456 11464
1463 11471
1472 11480
1475 11483
1479 11487
1480 11488
1482 11490
1488 11496
1490 11498
1495 11633
1502 11816
1503 11636
1505 11638
1507 11640
1508 11641
1514 11643
1518 11646
1521 11649
1533 11661
1534 11662
1538 11666
1541 11669
1547 11675
1557 11685
1565 11824
1573 11695
1575 11694
1576 11696
1589 11709
1593 11713
1594 11714
1599 11719
1607 11727
1611 11730
1613 11729
1624 11741
1627 11744
1636 11832
1638 11830
1639 11831
1641 11754
1651 11763
1660 10146
1665 11887
1674 11913
1683 12000
1691 6243
1693 11897
1698 11874
1701 6010
1715 11932
1723 11839
1727 11843
1732 11850
1733 11852
1743 6778
1749 6782
1761 9881
1771 3734
1776 10124
1781 6845
1782 7614
1785 10275
1788 6264
1789 10124
1791 10462
1792 1821
1792 11563
1792 11564
1794 1799
1794 12882
1795 1798
1795 10457
1796 10457
1798 1795
1798 10464
1798 10469
1799 1794
1803 12916
1804 5124
1805 1803
1806 2180
1807 5111
1810 1824
1810 11569
1814 10311
1814 12928
1815 1821
1818 5808
1821 1792
1821 1815
1823 1839
1823 11575
1824 1810
1824 1828
1827 2279
1827 10932
1827 10935
1828 1824
1828 1835
1828 11575
1829 2333
1829 4986
1829 6472
1829 10935
1834 2297
1835 1828
1835 4677
1839 1823
1840 9652
1840 10715
1840 12950
1843 2013
1845 4258
1845 6510
1845 12918
1847 1856
1847 1916
1850 11587
1850 11588
1854 2176
1854 2726
1855 2721
1855 10472
1855 10478
1856 1847
1856 10724
1856 10728
1857 1858
1857 10478
1858 1857
1858 1859
1859 1858
1859 10478
1866 3541
1867 2615
1867 12962
1868 3541
1870 2178
1880 11464
1882 1883
1883 1882
1883 10469
1886 10471
1888 10483
1889 3517
1893 3532
1893 7287
1897 7534
1898 7021
1910 2454
1910 2455
1910 10898
1916 1847
1916 10727
1918 1919
1918 3782
1918 3783
1919 1918
1919 1921
1919 3777
1919 3781
1921 1919
1921 1924
1921 3777
1921 11591
1923 2680
1923 10735
1924 1921
1924 3778
1925 11592
1925 12516
1930 3803
1930 3809
1932 2685
1935 1936
1935 1941
1935 3806
1936 1935
1936 3805
1941 1935
1941 11594
1945 3806
1949 10487
1953 2016
1954 2456
1966 10697
1975 1976
1975 5026
1975 10496
1976 1975
1976 1978
1976 5031
1978 1976
1978 10496
1978 10497
1983 10497
1985 10497
1987 1990
1987 10863
1990 1987
1990 10869
1991 6412
1993 10864
1993 10871
1993 12551
1997 10322
1999 5258
1999 5260
1999 5275
2000 5265
2000 5266
2000 11660
2004 5643
2004 5645
2005 11816
2006 5674
2006 5675
2006 5706
2008 5388
2008 5401
2008 6762
2010 2014
2010 6423
2013 1843
2014 2010
2014 2015
2015 2014
2016 1953
2016 2017
2016 10320
2017 2016
2017 2392
2017 10319
2024 2025
2025 4906
2026 6413
2026 6414
2030 2031
2031 2030
2038 11634
2039 12644
2041 7184
2041 8995
2049 2387
2050 2051
2050 6708
2050 8324
2051 2050
2051 7461
2051 8324
2057 7557
2059 2389
2060 10154
2061 2127
2064 2065
2064 7508
2064 10375
2064 12614
2065 2064
2065 7568
2067 2066
2069 8696
2069 10165
2077 2078
2078 2212
2085 10614
2086 2088
2086 9626
2088 2086
2088 9627
2090 8364
2098 4872
2098 10055
2099 2101
2100 2098
2101 2024
2103 7790
2114 2124
2117 2382
2120 2117
2120 4462
2124 2114
2124 12213
2127 2061
2127 10882
2129 2158
2129 6452
2134 2135
2134 2210
2135 2134
2141 6638
2141 8559
2142 2074
2143 2075
2145 2143
2145 2211
2147 2145
2147 8584
2147 8587
2153 2321
2154 4231
2154 6452
2158 2129
2160 9208
2160 10887
2163 2172
2163 2230
2163 11607
2164 2159
2168 2915
2168 2916
2168 10044
2169 2915
2169 2916
2169 10037
2172 2163
2172 2194
2175 2035
2177 2726
2178 2176
2180 2181
2180 2185
2181 2180
2181 5064
2188 2189
2188 6734
2189 2430
2192 11026
2192 12165
2194 2172
2194 11605
2196 6869
2205 8603
2206 12518
2207 8566
2207 8567
2209 2138
2210 2207
2212 12144
2213 2077
2225 2229
2225 12639
2229 2225
2229 10909
2236 3246
2241 12746
2248 11607
2249 2250
2250 2249
2250 12825
2258 11040
2258 12804
2260 2261
2261 2260
2261 11039
2271 9896
2279 1827
2280 2285
2280 2333
2280 4983
2285 2280
2285 2286
2286 2285
2289 703
2289 2290
2289 12893
2290 2289
2290 12943
2292 4254
2292 11978
2295 2398
2295 4999
2297 1834
2297 4902
2298 2299
2299 3099
2302 4256
2302 12911
2303 2305
2303 11975
2305 2303
2308 500
2308 6692
2311 2885
2312 2885
2313 2311
2313 2883
2317 2298
2321 2153
2321 11194
2322 2323
2322 8871
2322 10686
2323 2322
2323 2324
2323 10686
2324 2323
2324 2915
2325 2915
2325 2916
2326 10674
2328 9386
2328 9387
2333 1829
2333 2280
2333 4982
2333 10935
2336 11052
2338 2344
2338 12602
2339 2103
2339 7795
2342 7806
2342 7810
2344 2338
2352 2353
2352 12611
2353 2352
2355 4926
2356 10738
2357 10740
2357 10745
2362 2363
2362 10322
2363 2362
2370 12721
2370 12725
2372 2757
2373 2375
2373 11213
2374 10448
2375 2373
2375 12685
2382 2204
2382 8511
2385 7636
2385 12497
2389 2386
2391 6337
2391 9684
2391 11211
2392 2017
2392 10320
2393 10319
2395 10448
2398 2295
2399 10920
2402 2717
2402 11642
2403 10481
2406 9155
2406 10293
2410 6348
2425 6375
2425 6379
2427 6336
2427 6341
2430 2191
2430 6652
2437 10863
2437 10864
2441 8364
2444 5203
2445 2443
2454 1910
2455 1910
2456 1954
2456 2454
2459 4754
2459 9340
2460 2646
2460 4726
2464 4302
2470 7776
2470 12207
2473 6649
2475 2710
2479 9230
2479 9913
2483 7484
2488 2516
2488 3433
2488 6384
2489 11218
2490 2519
2490 6399
2492 9345
2493 2548
2493 9229
2494 2495
2495 2494
2495 4533
2495 10365
2506 5836
2506 10187
2509 2516
2512 5830
2512 10220
2512 11929
2513 6194
2516 2488
2516 2509
2516 6383
2518 2528
2519 2490
2521 2932
2521 5875
2521 10222
2524 5898
2524 5913
2524 11919
2527 6203
2527 6209
2528 4337
2529 11894
2530 5940
2530 5969
2531 2532
2531 11920
2531 12001
2532 2531
2532 6246
2533 12002
2534 5985
2534 11897
2535 6005
2535 6010
2536 6015
2536 11923
2537 6015
2541 6100
2545 7338
2548 2493
2555 6438
2555 6594
2558 4677
2558 11804
2559 10006
2560 2557
2560 4744
2561 2560
2568 2569
2568 7481
2569 2568
2575 12862
2577 9218
2581 2584
2583 10304
2583 10435
2584 2581
2591 2595
2591 2599
2595 2591
2595 12721
2599 2591
2600 9677
2600 10937
2600 12944
2605 2609
2609 2605
2609 10718
2614 2615
2615 1867
2615 2614
2615 10472
2621 5089
2633 2634
2633 10311
2634 2633
2635 2264
2636 2635
2638 5125
2639 2640
2641 2873
2641 4735
2646 2460
2646 4138
2647 2873
2651 2667
2652 2668
2653 1894
2655 2653
2655 2924
2655 2925
2656 2925
2656 10188
2656 10194
2657 2660
2657 2924
2657 2925
2659 2655
2659 2926
2659 2927
2660 2926
2660 2927
2662 2659
2666 2665
2668 2628
2673 2770
2676 4340
2677 2786
2677 4783
2678 2769
2680 1923
2680 9659
2685 1932
2688 6101
2688 6102
2688 6126
2693 11785
2693 12033
2694 11074
2695 2767
2702 2711
2702 2765
2703 5007
2703 11669
2708 2667
2709 2708
2710 2475
2711 4349
2717 2402
2721 1855
2721 2726
2721 10724
2725 2727
2725 10125
2726 1854
2726 2721
2727 2725
2727 11807
2739 10493
2742 4493
2745 3979
2745 10542
2745 12336
2746 10772
2753 2867
2757 2372
2757 12898
2765 4419
2767 2768
2767 4416
2768 2769
2769 2678
2770 4487
2772 4505
2780 88
2780 4514
2781 2780
2781 4521
2786 2677
2786 4786
2791 2792
2791 4081
2792 2791
2792 4077
2792 9333
2793 4052
2798 4151
2798 4783
2800 8136
2803 7689
2805 2807
2806 7644
2807 2805
2807 4326
2814 2867
2814 11086
2815 2816
2815 2817
2815 6924
2816 2815
2816 2817
2816 2819
2817 2815
2817 2816
2817 2818
2818 2817
2818 2819
2819 2816
2819 6920
2831 12943
2831 12944
2833 5588
2833 11633
2835 6897
2835 6901
2836 6891
2840 2841
2841 2840
2841 8376
2842 6907
2842 7901
2845 2846
2845 7056
2846 2845
2846 7047
2846 7052
2852 8068
2852 8078
2860 8421
2864 7521
2867 2753
2867 2814
2867 7078
2872 2873
2872 4735
2873 2641
2883 2313
2883 4562
2885 2311
2885 2312
2885 4551
2887 9661
2889 4670
2889 4671
2889 9828
2893 4624
2894 2165
2894 12641
2895 7574
2895 7575
2895 7579
2897 7294
2900 11169
2900 11175
2907 9248
2915 2168
2915 2169
2915 2324
2915 2325
2916 2168
2916 2169
2916 2325
2917 2918
2917 12256
2918 2917
2918 11866
2924 2655
2924 2657
2924 2925
2925 2655
2925 2656
2925 2657
2925 2924
2926 2659
2926 2660
2926 2927
2926 12413
2927 2659
2927 2660
2927 3338
2928 10200
2930 5820
2931 2932
2932 2521
2932 2931
2941 2942
2941 2962
2942 2941
2942 11467
2945 6457
2951 2952
2952 2951
2952 6460
2960 9614
2962 2941
2965 4619
2967 2968
2967 2988
2967 11448
2968 2967
2970 2971
2971 2970
2971 2972
2972 2971
2972 2981
2972 9614
2976 3001
2976 3002
2976 3003
2977 3484
2977 3487
2981 2972
2981 7210
2981 11469
2982 4062
2983 6516
2983 11940
2988 2967
2995 2996
2995 11471
2996 2995
2996 11469
3000 3001
3001 2976
3001 3000
3002 2976
3002 3007
3002 11487
3003 2976
3003 3004
3004 3003
3004 3006
3006 3004
3006 3007
3006 3033
3007 3002
3007 3006
3007 3034
3007 11487
3008 3651
3012 3039
3014 3023
3014 3041
3017 3049
3020 3021
3021 3020
3021 3022
3022 3021
3022 3023
3023 3014
3023 3022
3023 11471
3025 11471
3025 11488
3030 11488
3033 3006
3033 3034
3033 6899
3034 3007
3034 3033
3039 3012
3039 3040
3040 3039
3040 3041
3041 3014
3041 3040
3043 3762
3044 3045
3044 3068
3044 11473
3045 3044
3045 3070
3047 3048
3048 3047
3048 3049
3048 11474
3049 3017
3049 3048
3053 3054
3053 3056
3054 3053
3054 3055
3055 3054
3055 3149
3055 3184
3056 3053
3056 3186
3060 4055
3060 4079
3061 3186
3068 3044
3068 3069
3068 3070
3069 3068
3069 3243
3070 3045
3070 3068
3070 3073
3070 11490
3072 3073
3072 11490
3073 3070
3073 3072
3073 3242
3074 11490
3075 4108
3080 3081
3081 3080
3083 3084
3083 3215
3084 3083
3090 3097
3090 3116
3092 9331
3094 2300
3095 9306
3096 3097
3096 3098
3096 9306
3097 3090
3097 3096
3097 3098
3098 3096
3098 3097
3098 3103
3098 3111
3103 3098
3103 3104
3104 3103
3104 3105
3105 3104
3111 3098
3116 3090
3117 9613
3120 3152
3124 11798
3124 11808
3125 3129
3127 3139
3129 3125
3129 3130
3129 3131
3130 3129
3130 3137
3131 3129
3131 11416
3131 11418
3137 3130
3137 3138
3138 3137
3138 3139
3138 3158
3139 3127
3139 3138
3145 9663
3147 3148
3147 3181
3148 3147
3149 3055
3152 3120
3152 3153
3153 3152
3154 11100
3154 11101
3154 11107
3155 3157
3157 3155
3157 11423
3158 3138
3158 3160
3160 3158
3160 9310
3162 9346
3162 11407
3162 11424
3164 4049
3165 3166
3165 11423
3166 3165
3166 11422
3172 3173
3172 9312
3172 11407
3173 3172
3173 9313
3173 11408
3174 3404
3175 11422
3175 11423
3178 9611
3181 3147
3184 3055
3186 3056
3186 3061
3188 3189
3188 11452
3189 3188
3189 7202
3192 7202
3201 8606
3201 11405
3202 3203
3202 10115
3202 11405
3203 3202
3203 11405
3207 3209
3209 3207
3209 11382
3209 11384
3210 12613
3213 4552
3215 3083
3217 5151
3217 8220
3217 8251
3218 7225
3219 8834
3223 8632
3224 8698
3224 9743
3226 11128
3231 3232
3232 3231
3232 8365
3233 8502
3233 8504
3234 8664
3235 6837
3242 3073
3242 3243
3242 3255
3243 3069
3243 3242
3243 3244
3244 3243
3244 3258
3249 3260
3255 3242
3255 3270
3258 3244
3260 3249
3261 11589
3263 6628
3266 3267
3267 3266
3267 3268
3268 3267
3270 3255
3270 3271
3271 3270
3271 3272
3272 3271
3272 3283
3273 3261
3276 3287
3283 3272
3287 3276
3287 3288
3288 3287
3288 3292
3291 3292
3291 3298
3292 3288
3292 3291
3298 3291
3298 3300
3299 3300
3299 3320
3300 3298
3300 3299
3300 3301
3301 3300
3306 3307
3307 3306
3307 3337
3308 7630
3311 3315
3311 7941
3311 8620
3312 10289
3313 10289
3320 3299
3325 3326
3326 3325
3326 11480
3331 2926
3332 11496
3337 3307
3338 3357
3338 3379
3342 3343
3342 11498
3343 3342
3343 11496
3345 3346
3346 3345
3346 3347
3347 3346
3347 3368
3349 3369
3352 11480
3354 3371
3354 3556
3355 3356
3356 3355
3356 3360
3356 11498
3357 3338
3360 3356
3364 3365
3364 11498
3365 3364
3367 3368
3368 3347
3368 3367
3368 11481
3369 3349
3369 11481
3371 3354
3371 3384
3372 3373
3373 3372
3373 3374
3373 3389
3374 3373
3379 3380
3379 3401
3380 3379
3380 5813
3384 3371
3389 3373
3389 3390
3389 3391
3390 3389
3390 3391
3390 3392
3391 3389
3391 3390
3391 3594
3392 3390
3393 11839
3394 3602
3397 2266
3402 11428
3402 11456
3404 3174
3404 11428
3409 9180
3415 9180
3425 3426
3425 11456
3426 3425
3426 3431
3430 3431
3431 3426
3431 3430
3431 3432
3432 3431
3432 3454
3433 2488
3435 6383
3436 11432
3438 3439
3439 3438
3439 3440
3440 3439
3440 3441
3441 3440
3443 3444
3443 9154
3444 3443
3444 3457
3449 3468
3449 11462
3451 11459
3451 11462
3454 3432
3456 3457
3456 9318
3457 3444
3457 3456
3463 11457
3468 3449
3473 3474
3473 9154
3474 3473
3475 11792
3475 12557
3479 3483
3479 4599
3479 11792
3482 3485
3482 12716
3483 3479
3483 11792
3484 2977
3485 3482
3487 2977
3488 3506
3495 3552
3506 3488
3506 3514
3511 3513
3513 3511
3513 9319
3514 3506
3514 11060
3515 7201
3515 9318
3516 3517
3517 1889
3517 3516
3524 4091
3524 7550
3524 11119
3525 3566
3525 11411
3532 1893
3532 3533
3533 3532
3533 3534
3533 11438
3534 3533
3534 3535
3534 7255
3534 10033
3535 3534
3538 3539
3539 3538
3541 1866
3541 1868
3551 3617
3551 11089
3551 11101
3552 3495
3552 3557
3554 3555
3555 3554
3555 3556
3555 3557
3556 3354
3556 3555
3556 3557
3557 3552
3557 3555
3557 3556
3566 3525
3567 11100
3572 3573
3573 3572
3573 7294
3574 7454
3574 11392
3575 9731
3576 4929
3577 11263
3578 11263
3587 9313
3589 7774
3593 3594
3593 3620
3594 3391
3594 3593
3601 6371
3601 11218
3602 3394
3602 3603
3602 3618
3603 3602
3605 3606
3606 3605
3606 3607
3607 3606
3614 3643
3617 3551
3617 11095
3618 3602
3620 3593
3620 3621
3621 3620
3625 3637
3637 3625
3639 4048
3639 4091
3639 11112
3639 11118
3642 3643
3642 3646
3642 11612
3643 3614
3643 3642
3643 3653
3643 3781
3645 3646
3645 11612
3646 3642
3646 3645
3649 3650
3649 11947
3650 3649
3651 3008
3651 3652
3652 3651
3652 3653
3652 3662
3653 3643
3653 3652
3653 3782
3654 6516
3654 11940
3659 3660
3660 3659
3660 3671
3660 6521
3662 3652
3665 3666
3666 3665
3671 3660
3671 3672
3672 3671
3676 4854
3676 11948
3678 3679
3679 3678
3679 3683
3683 3679
3689 3698
3692 3695
3695 3692
3695 3710
3695 11593
3698 3689
3704 4142
3704 5339
3704 9372
3705 3706
3705 3721
3706 3705
3706 3707
3707 3706
3707 3708
3707 3722
3708 3707
3708 3722
3708 3725
3710 3695
3712 3713
3713 3712
3713 3725
3713 3817
3716 10009
3716 11201
3716 11810
3718 3719
3718 3736
3718 6518
3719 3718
3721 3705
3722 3707
3722 3708
3725 3708
3725 3713
3730 3732
3730 3754
3732 3730
3732 3733
3733 3732
3733 3734
3734 1771
3734 3733
3736 3718
3736 6519
3742 4010
3746 12015
3747 3832
3747 4466
3747 12606
3753 3754
3753 3755
3754 3730
3754 3753
3754 3755
3755 3753
3755 3754
3762 3043
3762 3763
3763 3762
3763 3764
3764 3763
3764 3766
3766 3764
3766 3828
3769 3770
3769 11589
3770 3769
3777 1919
3777 1921
3778 1924
3778 3789
3778 11592
3779 11501
3781 1919
3781 3643
3781 3782
3782 1918
3782 3653
3782 3781
3782 3783
3783 1918
3783 3782
3785 3786
3785 11591
3785 11594
3786 3785
3786 11591
3789 3778
3803 1930
3803 11593
3804 4420
3804 4464
3805 1936
3806 1935
3806 1945
3806 3813
3808 3809
3809 1930
3809 3808
3809 3810
3810 3809
3810 3812
3812 3810
3812 3813
3812 11596
3813 3806
3813 3812
3817 3713
3819 3820
3819 3821
3820 3819
3820 11596
3821 3819
3821 3829
3828 3766
3829 3821
3829 3830
3830 3829
3831 11534
3832 3747
3833 8929
3835 9818
3837 8929
3840 4021
3840 12604
3841 10995
3842 11137
3843 3851
3843 10995
3845 7423
3845 9817
3849 3851
3851 3843
3851 3849
3852 3853
3853 3852
3857 9045
3857 10992
3857 10996
3858 4648
3858 11807
3858 11808
3859 3860
3859 9045
3859 10996
3860 3859
3860 10997
3866 5980
3869 3870
3869 12165
3870 3869
3872 802
3872 8290
3872 9668
3872 10279
3872 12034
3880 12186
3880 12602
3884 4535
3884 11137
3885 11127
3886 11785
3888 10942
3888 11342
3892 8203
3898 8264
3900 10963
3901 10951
3901 10959
3907 12052
3908 5781
3910 10967
3916 10854
3919 3920
3919 11086
3920 3919
3921 12097
3934 3935
3935 3934
3935 11064
3940 9888
3941 11061
3943 3944
3943 11047
3944 3943
3947 9034
3947 9040
3947 10500
3948 8456
3948 10513
3955 10520
3955 12070
3960 3961
3960 12069
3961 3960
3961 10520
3961 12071
3965 10520
3965 12076
3967 3308
3967 3971
3967 3980
3968 10522
3968 10528
3969 3973
3971 3967
3971 3980
3973 3969
3973 12267
3977 3978
3978 3977
3978 3979
3979 2745
3979 3978
3979 10542
3979 12332
3980 3967
3980 3971
3981 8487
3981 12327
3982 3993
3984 3986
3984 5077
3984 5363
3985 9142
3985 10512
3986 3984
3986 5363
3986 5371
3986 10333
3993 3982
4009 4013
4010 3742
4010 4575
4011 10984
4011 12237
4013 4009
4013 4014
4014 4013
4017 4025
4017 6413
4019 4021
4019 12604
4021 3840
4021 4019
4022 4026
4025 4017
4026 4022
4026 4037
4028 4040
4032 4033
4032 12604
4033 4032
4037 4026
4037 4042
4039 4040
4040 4028
4040 4039
4042 4037
4048 3639
4048 11112
4051 54
4051 6438
4052 4053
4052 10348
4053 4052
4053 6624
4055 3060
4055 4080
4062 2982
4062 4070
4069 4071
4069 11621
4070 4062
4070 4103
4071 4069
4071 4072
4071 4083
4072 4071
4072 4099
4073 11566
4073 12889
4077 2792
4077 4796
4078 4079
4079 3060
4079 4078
4079 4080
4080 4055
4080 4079
4080 4082
4082 4080
4082 4083
4083 4071
4083 4082
4083 4089
4083 11621
4084 4085
4084 11069
4085 4084
4085 4488
4087 11081
4087 12424
4089 4083
4089 4098
4091 3524
4091 3639
4091 4118
4097 4098
4097 4112
4098 4089
4098 4097
4098 4099
4099 4072
4099 4098
4101 4102
4101 9763
4102 4101
4102 4103
4103 4070
4103 4102
4108 3075
4110 4111
4111 4110
4111 4112
4112 4097
4112 4111
4112 4113
4113 4112
4113 4124
4118 4091
4118 11119
4121 4135
4123 4124
4124 4113
4124 4123
4132 4141
4135 4121
4135 11625
4137 11625
4138 2646
4138 4151
4138 9340
4139 4156
4141 4132
4142 3704
4142 9389
4142 11955
4151 4138
4151 4154
4154 4151
4154 9339
4156 4139
4171 4173
4172 4173
4173 4171
4173 4172
4175 6509
4184 4185
4184 4186
4185 4184
4185 4196
4185 4197
4186 4184
4186 9366
4187 9389
4187 11839
4187 11955
4192 4204
4196 4185
4197 4185
4200 11965
4206 4207
4207 4206
4207 4209
4209 4207
4209 11966
4212 4213
4212 11835
4213 4212
4213 11835
4216 11980
4218 11955
4224 11967
4228 4229
4228 11605
4229 4228
4229 4230
4229 6451
4230 4229
4230 4231
4231 2154
4231 4230
4231 4232
4232 4231
4233 11567
4233 12876
4239 11566
4239 11567
4246 4249
4249 4246
4254 2292
4256 2302
4257 4258
4258 1845
4258 4257
4261 10163
4261 11979
4266 4269
4269 4266
4269 9386
4270 4138
4282 11948
4288 10162
4289 4290
4289 4291
4290 4289
4291 4289
4291 4294
4294 4291
4297 9910
4300 4301
4300 4796
4301 4302
4305 8756
4305 8758
4307 4726
4309 4260
4314 4399
4314 4421
4316 4317
4316 4320
4320 4321
4326 2807
4326 7881
4328 115
4328 6924
4330 4332
4332 4330
4332 4334
4336 4339
4337 2528
4337 4744
4339 4336
4339 4340
4340 2676
4350 4351
4351 4350
4351 8067
4352 4353
4353 4352
4353 8414
4359 4355
4360 4359
4360 7440
4361 4359
4361 7541
4368 4367
4368 6660
4369 4370
4370 4371
4370 7574
4371 4372
4371 10377
4372 7525
4373 8058
4374 4437
4375 7568
4377 7495
4380 10615
4383 7010
4387 6895
4389 6893
4394 6725
4394 10591
4398 6333
4398 10579
4399 4314
4400 9014
4400 10579
4401 4418
4401 4420
4402 4403
4402 8351
4403 4402
4403 4404
4403 8352
4404 4403
4404 4405
4404 6369
4405 4404
4405 8356
4409 8798
4415 5580
4415 10556
4416 4467
4418 4401
4418 7550
4418 11119
4419 2763
4419 10361
4420 3804
4420 4401
4421 4314
4421 4316
4425 4426
4425 9634
4426 4425
4426 6298
4426 10584
4431 8696
4434 6130
4434 8648
4434 10575
4437 4374
4438 4439
4438 10563
4439 4438
4439 5489
4439 8522
4439 10557
4442 4446
4446 4442
4446 10871
4446 12551
4448 10851
4450 4455
4451 4452
4451 10850
4452 10851
4454 4455
4454 10851
4455 4450
4455 4454
4463 4464
4464 3804
4464 4463
4464 7299
4465 4466
4465 7299
4466 3747
4466 4465
4467 2772
4467 4461
4468 8955
4468 10827
4468 10833
4470 4467
4473 4534
4482 2673
4483 4587
4484 4343
4486 6334
4486 11052
4486 11057
4487 2770
4487 4482
4488 4085
4488 11069
4488 12424
4493 2742
4501 2785
4505 87
4505 4512
4506 4507
4506 11103
4507 2211
4511 8582
4514 4505
4519 9345
4521 2781
4521 4530
4525 4530
4530 4521
4530 4533
4530 4540
4533 2495
4534 4473
4534 4525
4534 4540
4535 3884
4538 4539
4539 4538
4540 4530
4540 4534
4540 7511
4546 4552
4550 4613
4551 2885
4551 12657
4552 3213
4552 4546
4553 4561
4553 12657
4557 10107
4558 4307
4558 4692
4561 4553
4561 4562
4561 11043
4562 2883
4562 4561
4563 4558
4574 7291
4575 4010
4582 6488
4585 6491
4585 10029
4588 5781
4588 7051
4592 4596
4596 4592
4596 11203
4599 3479
4599 4600
4599 7543
4600 4599
4600 12557
4600 12598
4602 4603
4602 7528
4603 4602
4603 4620
4607 4484
4612 11198
4612 11801
4612 12595
4613 4550
4614 11198
4615 11227
4615 11801
4615 11811
4615 12595
4617 11788
4617 11802
4619 2965
4619 4620
4619 7528
4620 4603
4620 4619
4624 2893
4624 4631
4624 4634
4628 10125
4629 4865
4631 4624
4631 4633
4632 4633
4633 4631
4633 4632
4633 4634
4633 4644
4634 4624
4634 4633
4636 4637
4637 4636
4644 4633
4648 3858
4648 11229
4652 4655
4655 4652
4655 11746
4659 11746
4665 4667
4665 11744
4667 4665
4668 11744
4670 2889
4670 9825
4671 2889
4671 4676
4674 4676
4676 4671
4676 4674
4677 1835
4677 2558
4678 11225
4678 11794
4681 4875
4684 11727
4684 11730
4687 11730
4692 4699
4692 8044
4700 4703
4703 4700
4703 9053
4703 10938
4705 11724
4723 7381
4723 7537
4724 6858
4724 7381
4726 2460
4726 4307
4732 6685
4735 2872
4735 4738
4736 4729
4736 4742
4738 79
4742 4736
4742 7364
4744 2560
4744 4337
4745 1897
4747 4736
4747 11713
4748 7355
4748 11713
4754 2459
4763 4208
4764 4766
4764 4767
4766 4764
4766 4767
4766 11831
4767 4764
4767 4766
4767 4792
4771 4773
4771 4775
4773 4769
4773 4771
4775 4777
4775 4778
4777 4775
4777 4778
4777 4787
4778 4775
4778 4777
4782 7385
4783 2677
4783 2798
4784 7373
4784 7382
4785 4803
4786 2786
4787 4777
4787 7387
4788 4789
4788 11830
4789 4788
4792 4767
4792 11833
4796 2791
4796 4077
4796 4300
4798 4799
4799 4798
4799 11754
4801 4804
4803 4785
4803 11754
4804 4801
4804 5550
4804 11830
4806 4812
4810 10938
4811 7390
4811 11705
4812 4806
4812 5525
4817 4828
4819 4820
4820 4819
4820 4846
4820 7395
4822 7357
4824 7355
4825 11750
4826 4832
4826 4833
4828 4817
4828 4829
4829 4828
4832 4826
4832 4833
4833 4826
4833 4832
4840 4842
4842 4840
4842 9823
4846 4820
4848 4849
4849 4848
4849 12929
4854 3676
4857 11748
4862 4863
4862 11696
4863 4862
4865 4629
4865 11749
4866 11748
4870 7414
4870 11696
4871 7636
4871 11308
4871 12492
4872 10053
4874 11752
4874 11754
4874 11830
4875 4681
4875 4908
4877 4878
4878 4877
4878 4879
4879 4878
4879 4881
4881 4879
4881 11728
4882 4883
4882 11678
4883 4882
4883 11722
4888 7334
4888 11672
4893 12885
4899 6470
4900 4902
4900 4903
4902 2297
4902 4900
4902 4903
4903 4900
4903 4902
4904 2021
4904 4906
4905 4940
4906 4904
4906 11339
4907 11653
4908 4875
4908 4909
4908 5223
4909 4908
4911 4912
4911 5226
4912 4911
4914 5228
4920 4921
4920 4922
4921 4920
4921 4922
4921 5233
4922 4920
4922 4921
4922 4923
4923 4922
4923 7305
4925 4926
4925 7306
4926 2355
4926 4925
4926 5236
4929 3576
4940 4905
4940 11651
4948 4950
4948 9149
4950 4948
4956 9847
4958 11680
4960 11652
4960 11680
4961 11653
4961 11654
4962 10991
4963 7313
4963 11675
4968 7308
4968 11649
4969 7308
4970 11651
4971 5005
4974 6470
4975 4987
4975 11675
4978 4994
4982 2333
4982 4983
4983 2280
4983 4982
4986 1829
4987 4975
4987 11672
4989 11672
4994 4978
4995 4998
4995 8487
4995 10541
4998 4995
4999 2295
4999 5000
5000 4999
5005 4971
5007 2703
5007 5010
5007 12932
5010 5007
5010 5011
5011 5010
5011 12933
5014 5018
5014 11667
5018 5014
5019 5020
5019 12338
5020 5019
5022 5280
5025 10742
5026 1975
5026 10742
5031 1976
5031 10492
5035 10492
5035 10812
5042 4900
5042 5045
5045 5042
5046 5042
5048 5049
5049 5046
5049 5048
5050 5046
5052 5050
5061 1870
5064 2178
5074 5075
5074 10328
5075 5074
5075 5080
5077 3984
5077 9629
5080 5075
5080 5081
5080 10329
5081 5080
5081 5381
5086 10020
5087 8942
5089 2621
5089 5090
5089 10460
5089 12961
5090 5089
5092 8899
5092 9349
5092 10943
5101 12964
5101 12965
5111 1807
5112 10315
5113 5114
5113 12968
5114 5113
5114 5115
5114 10462
5114 12968
5115 5114
5116 5152
5116 10546
5119 5158
5120 8626
5120 8630
5124 1806
5125 2638
5129 12163
5133 6812
5134 6813
5136 5134
5138 5136
5141 3273
5143 12931
5151 3217
5151 8231
5152 5116
5152 5154
5154 5152
5158 5119
5160 8222
5167 8819
5170 10432
5170 12790
5174 5176
5174 12862
5176 5174
5180 5186
5185 5186
5186 5190
5188 5182
5188 5187
5189 5187
5189 10430
5190 5197
5192 5188
5193 5189
5193 5192
5199 12699
5203 12702
5204 5205
5204 7752
5205 5204
5207 5205
5212 4369
5212 7601
5212 7603
5214 7708
5217 2444
5222 5223
5223 4908
5223 5222
5226 4911
5228 4914
5228 5229
5229 5228
5229 5245
5232 5243
5232 8714
5233 4921
5233 5234
5234 5233
5236 4926
5236 5250
5240 5258
5243 5232
5244 5245
5244 11685
5245 5229
5245 5244
5245 5265
5247 5266
5249 5250
5250 5236
5250 5249
5250 5251
5251 5250
5251 5270
5251 5630
5258 1999
5258 5240
5260 1999
5260 5261
5261 5260
5265 2000
5265 5245
5266 2000
5266 5247
5267 5280
5270 5251
5273 5286
5275 1999
5280 5022
5280 5267
5284 5300
5284 11661
5286 5273
5286 5287
5286 5302
5287 5286
5287 5288
5288 5287
5290 11687
5293 11687
5296 11660
5298 5299
5298 5317
5299 5298
5299 5300
5299 5318
5299 11661
5300 5284
5300 5299
5300 5301
5300 5319
5301 5300
5301 5665
5302 5286
5307 5308
5308 5307
5311 5312
5311 11687
5312 5311
5312 5313
5313 5312
5313 5314
5314 5313
5317 5298
5317 5318
5318 5299
5318 5317
5318 5319
5319 5300
5319 5318
5323 11688
5325 5340
5327 11662
5332 5698
5334 5350
5334 11688
5339 3704
5339 5482
5339 11955
5340 5325
5340 5341
5340 5353
5341 5340
5341 11662
5344 10332
5350 5334
5350 5351
5351 5350
5351 5352
5351 11688
5352 5351
5352 5353
5352 5370
5353 5340
5353 5352
5353 11691
5359 5361
5361 5359
5363 3984
5363 3986
5363 5369
5367 5382
5369 5363
5369 10332
5369 10333
5370 5352
5370 5385
5370 11691
5371 3986
5371 5410
5371 9629
5373 5388
5378 11665
5381 5081
5381 5410
5381 5435
5382 5367
5384 5385
5384 5397
5385 5370
5385 5384
5385 5398
5388 2008
5388 5373
5390 5402
5393 5405
5397 5384
5397 6804
5398 5385
5398 5399
5398 6804
5399 5398
5401 2008
5401 5402
5402 5390
5402 5401
5404 5405
5404 5406
5405 5393
5405 5404
5405 5767
5406 5404
5408 5413
5410 5371
5410 5381
5410 8784
5413 5408
5419 5420
5419 5421
5420 4773
5420 5419
5421 5419
5421 5425
5423 5424
5423 5425
5423 5426
5424 5420
5424 5423
5424 5426
5425 5423
5425 5426
5426 5423
5426 5424
5426 5425
5426 5427
5427 5426
5429 5432
5429 11758
5432 5429
5432 7431
5432 11757
5435 5466
5437 11757
5439 11729
5443 5469
5444 8783
5448 11729
5450 5451
5451 5450
5454 5456
5456 5454
5456 5485
5462 5463
5463 5462
5463 5464
5464 5463
5464 5467
5467 5464
5467 5473
5469 5443
5469 5483
5471 5478
5473 5467
5474 5513
5476 5497
5476 6034
5477 5478
5477 5486
5478 5471
5478 5477
5480 5500
5480 11967
5481 5484
5481 8943
5482 5339
5482 9378
5483 5469
5483 5491
5484 5481
5484 5489
5484 8521
5485 5456
5485 5486
5485 5492
5486 5477
5486 5485
5489 4439
5489 5484
5489 10557
5490 5491
5490 11759
5491 5483
5491 5490
5491 5492
5492 5485
5492 5491
5497 5476
5497 5626
5499 10557
5500 5480
5506 8634
5510 5512
5510 11971
5512 5510
5512 7063
5513 5474
5513 5773
5513 11136
5513 12608
5514 10559
5516 11761
5522 5524
5524 5522
5524 5546
5524 11951
5525 4812
5525 6661
5528 5794
5528 10559
5534 9802
5535 5543
5535 5572
5535 5574
5541 5542
5542 5541
5542 5544
5542 5545
5543 5544
5544 5542
5544 5543
5545 5542
5545 5572
5546 5524
5549 10554
5550 4804
5551 5552
5551 7434
5552 5551
5552 5553
5553 5552
5560 5591
5562 7434
5566 5604
5567 5579
5567 5802
5567 10561
5569 5588
5569 11812
5571 7064
5572 5574
5572 5594
5574 5535
5576 5598
5576 11762
5578 11763
5579 5567
5579 5804
5579 10562
5580 4415
5580 5611
5584 5585
5585 5584
5588 2833
5588 5569
5588 5627
5589 5590
5589 5591
5589 6522
5590 5589
5591 5560
5591 5589
5594 6711
5596 5597
5597 5596
5597 5598
5598 5576
5598 5597
5604 5566
5610 5631
5610 10745
5610 11641
5611 5580
5611 10562
5613 5615
5613 9761
5615 5613
5615 11642
5618 5622
5618 7302
5618 11634
5621 5622
5621 11634
5621 11815
5622 5618
5622 5621
5622 5623
5623 5622
5623 5624
5623 11815
5624 5623
5626 5497
5626 6053
5627 5588
5630 5251
5630 11641
5631 5610
5636 8981
5636 10334
5640 5652
5640 5666
5642 5656
5643 2004
5643 5644
5644 5643
5644 5645
5645 2004
5645 5644
5645 11812
5651 5665
5652 5640
5652 5667
5652 11643
5656 5642
5656 7818
5657 5658
5657 5675
5658 5657
5658 11815
5659 5444
5659 7818
5665 5301
5665 5651
5665 11643
5666 5640
5667 5652
5667 11643
5668 5684
5673 5674
5673 11635
5674 2006
5674 5673
5674 5675
5674 11816
5675 2006
5675 5657
5675 5674
5681 11643
5683 5684
5684 5668
5684 5683
5684 5685
5685 5684
5685 5686
5686 5685
5686 5687
5686 11646
5687 5686
5687 5704
5689 5690
5689 5708
5690 5689
5690 11636
5690 11638
5695 11631
5698 5332
5698 5699
5698 5711
5699 5698
5699 5700
5699 5712
5700 5699
5704 5687
5704 5705
5704 11646
5705 5704
5705 5718
5705 9841
5705 11635
5706 2006
5706 5707
5706 5719
5706 9841
5707 5706
5707 5708
5707 5719
5708 5689
5708 5707
5708 11638
5709 8782
5711 5698
5711 5712
5712 5699
5712 5711
5713 5854
5713 8782
5714 5715
5715 5714
5715 5716
5716 5715
5716 11646
5718 5705
5718 5727
5719 5706
5719 5707
5719 11637
5720 11638
5726 5727
5727 5718
5727 5726
5727 9839
5741 11637
5741 11640
5743 5756
5743 11640
5746 5759
5750 5864
5750 10563
5752 11639
5755 5756
5755 5761
5755 11640
5756 5743
5756 5755
5756 5757
5756 5762
5757 5756
5757 5763
5759 5746
5759 5765
5760 5761
5760 5780
5761 5755
5761 5760
5761 5762
5762 5756
5762 5761
5762 5782
5763 5757
5763 5764
5763 5784
5764 5763
5764 5765
5764 5785
5765 5759
5765 5764
5767 5405
5767 6764
5772 5774
5772 11648
5773 5513
5773 7549
5774 5772
5775 6474
5775 11137
5777 5778
5778 5777
5778 11639
5780 5760
5780 5782
5781 3908
5781 4588
5782 5762
5782 5780
5784 5763
5784 5785
5785 5764
5785 5784
5788 11642
5792 5869
5792 10565
5793 5794
5793 10559
5793 10565
5794 5528
5794 5793
5796 8731
5802 5567
5802 5804
5802 10567
5804 5579
5804 5802
5812 6180
5813 3380
5815 10182
5816 5818
5816 10334
5816 10337
5817 5844
5817 6821
5818 5816
5818 5997
5818 10337
5820 2930
5820 5819
5824 6002
5824 10337
5825 5826
5825 11913
5826 5825
5830 2512
5830 6185
5832 12385
5836 2506
5838 5857
5838 10184
5839 5856
5842 5843
5843 5842
5843 5844
5844 5817
5844 5843
5844 5863
5847 5850
5849 8779
5849 10336
5850 5847
5850 5851
5850 10217
5851 5850
5851 5852
5852 5851
5852 5966
5856 5839
5857 5838
5857 10188
5857 12379
5863 5844
5864 5750
5864 5866
5866 5864
5869 5792
5869 5870
5869 5879
5870 5869
5875 2521
5875 5876
5876 5875
5876 10217
5879 5869
5879 8407
5879 10565
5881 6188
5881 7720
5881 7721
5883 8407
5883 10572
5894 5893
5894 10224
5896 10573
5897 5898
5897 5913
5897 11983
5897 12428
5898 2524
5898 5897
5904 8733
5905 5906
5905 5925
5905 10199
5906 5905
5906 11893
5908 5909
5909 5908
5912 5913
5912 12428
5913 2524
5913 5897
5913 5912
5919 5931
5925 5905
5925 5940
5926 5930
5926 5957
5930 5926
5931 5919
5931 11919
5932 5943
5936 5945
5936 11919
5939 5940
5940 2530
5940 5925
5940 5939
5943 5932
5945 5936
5948 5949
5949 5948
5956 11986
5957 5926
5965 5966
5965 5967
5966 5852
5966 5965
5966 10224
5967 5965
5969 2530
5969 12421
5980 3866
5980 11004
5981 5982
5981 6000
5982 5981
5982 6239
5982 12002
5983 11900
5985 2534
5985 6005
5988 6005
5997 5818
5997 6002
5997 10340
6000 5981
6000 11989
6001 6020
6001 11989
6002 5824
6002 5997
6002 6004
6002 6006
6002 10337
6004 6002
6004 10340
6005 2535
6005 5985
6005 5988
6005 6027
6006 6002
6010 1701
6010 2535
6010 6011
6010 6044
6010 11902
6011 6010
6015 2536
6015 2537
6015 11988
6020 6001
6027 6005
6029 6041
6029 11905
6034 5476
6034 11875
6037 6038
6037 6039
6037 6041
6038 6037
6038 6039
6039 6037
6039 6038
6041 6029
6041 6037
6041 6042
6042 6041
6042 11905
6043 6047
6043 6051
6044 6010
6044 11905
6047 6043
6047 6235
6051 6043
6051 6071
6053 5626
6053 11875
6055 10201
6059 6060
6060 6059
6060 6082
6060 11923
6063 6065
6065 6063
6067 6068
6067 11924
6068 6067
6071 6051
6071 6237
6071 10342
6074 6086
6074 9023
6074 10342
6082 6060
6086 6074
6092 6093
6092 6100
6093 6092
6095 6101
6097 6102
6100 2541
6100 6092
6101 2688
6101 6095
6102 2688
6102 6097
6109 10201
6126 2688
6128 6129
6129 6128
6130 4434
6134 10203
6136 6137
6137 6136
6137 6154
6144 6158
6147 6148
6147 6149
6148 6147
6149 6147
6154 6137
6154 6156
6156 6154
6156 6157
6157 6156
6157 6168
6158 6144
6158 6159
6159 6158
6161 6178
6161 11993
6168 6157
6168 6169
6169 6168
6174 11994
6176 6177
6177 6176
6177 6178
6178 6161
6178 6177
6180 5812
6180 10180
6185 5830
6185 11929
6185 12389
6187 6194
6187 12006
6188 5881
6188 10640
6190 10388
6190 10634
6191 10572
6193 11142
6193 11143
6194 2513
6194 6187
6203 2527
6203 12000
6206 8797
6206 8798
6208 6368
6208 8797
6208 10580
6209 2527
6209 6210
6209 12000
6210 6209
6210 6211
6211 6210
6211 12007
6215 9630
6219 12000
6223 6224
6223 12008
6224 6223
6224 6234
6224 12007
6233 6234
6233 6243
6233 12008
6234 6224
6234 6233
6235 6047
6235 8990
6237 6071
6237 8999
6239 5982
6243 1691
6243 6233
6246 2532
6247 6086
6256 6257
6256 10581
6257 6256
6257 6258
6257 6672
6258 6257
6258 6262
6258 6675
6258 10581
6260 8652
6260 10575
6261 8652
6261 8687
6262 6258
6262 6698
6262 8687
6264 1788
6266 6267
6266 6272
6267 6266
6272 6266
6272 10577
6280 6281
6281 6280
6282 8398
6298 4426
6298 6312
6299 6300
6300 6299
6303 6333
6309 6310
6310 6309
6310 6311
6311 6310
6312 6298
6312 6341
6316 5893
6319 6316
6319 6317
6322 10124
6326 10036
6326 11785
6326 11786
6327 6328
6327 6329
6328 6327
6328 9792
6329 6327
6333 4398
6333 6303
6333 6336
6334 4486
6334 12376
6336 2427
6336 6333
6337 2391
6340 9790
6340 11156
6340 11786
6341 2427
6341 6312
6343 6349
6348 2410
6348 9248
6349 6343
6349 9248
6349 9783
6350 9783
6350 11156
6366 6369
6368 6208
6369 4404
6369 6366
6370 9669
6371 3601
6371 11162
6374 6375
6374 6376
6375 2425
6375 6374
6375 8356
6375 10346
6376 6374
6376 7138
6376 8752
6378 11216
6379 2425
6379 10346
6383 2516
6383 3435
6384 2488
6384 11221
6385 6438
6389 8811
6389 10344
6399 2490
6399 11223
6402 9633
6412 1991
6413 2026
6413 4017
6414 2026
6416 6424
6419 12623
6423 2010
6423 6424
6424 6416
6424 6423
6433 6435
6433 11545
6434 8818
6435 6433
6436 9172
6438 102
6438 2555
6438 4051
6438 6385
6438 8818
6447 12806
6451 4229
6451 7615
6452 2129
6452 2154
6457 2945
6460 2952
6460 6900
6464 6465
6464 9663
6464 11451
6465 6464
6466 8628
6470 4974
6472 1829
6474 5775
6474 11143
6476 11834
6482 8807
6488 4582
6491 4585
6497 11225
6497 11564
6498 6524
6499 6531
6503 12585
6503 12597
6504 12605
6509 4175
6510 1845
6510 11586
6516 2983
6516 3654
6518 3718
6519 3736
6521 3660
6522 5589
6522 6532
6522 6617
6524 6247
6524 6498
6531 6499
6531 6552
6532 6522
6532 6533
6533 6532
6533 6534
6533 6617
6534 6533
6537 6538
6537 6539
6538 6537
6538 6541
6538 6555
6539 6537
6539 6540
6539 6541
6540 6539
6540 6541
6540 6542
6541 6538
6541 6539
6541 6540
6542 6540
6544 11765
6546 6578
6552 6531
6555 6538
6562 11962
6563 8214
6564 6642
6564 9398
6572 6573
6572 6591
6573 6572
6573 6574
6573 6591
6574 6573
6574 6592
6578 6546
6585 6597
6588 6599
6590 6613
6591 6572
6591 6573
6591 6592
6592 6574
6592 6591
6592 6593
6593 6592
6593 6601
6593 11743
6594 2555
6595 6602
6595 11743
6596 6603
6597 6585
6597 6598
6597 6606
6598 6597
6599 6588
6599 6600
6599 6608
6600 6599
6600 6609
6601 6593
6601 6602
6601 11743
6602 6595
6602 6601
6602 6616
6603 6596
6606 6597
6608 6599
6609 6600
6609 6611
6611 6609
6613 6590
6616 6602
6617 6522
6617 6533
6620 6622
6620 11722
6622 4719
6622 6620
6624 4053
6624 10348
6628 3263
6633 11143
6635 2142
6638 2140
6638 6637
6639 9384
6642 6564
6649 2473
6652 2430
6652 12566
6654 11949
6656 6660
6658 6524
6660 4368
6660 6658
6661 5525
6664 6658
6667 6668
6667 9533
6668 4771
6672 6257
6672 6673
6672 6675
6673 6672
6673 12466
6674 9368
6675 6258
6675 6672
6675 6698
6680 6681
6681 6680
6688 6690
6690 6688
6690 6694
6692 2308
6692 6693
6692 6694
6692 6695
6693 6692
6693 6694
6693 6695
6694 5045
6694 6692
6694 6693
6695 6692
6695 6693
6698 6262
6698 6675
6698 6699
6699 6698
6699 6786
6708 2050
6711 9578
6713 6734
6713 11506
6723 10421
6723 12793
6724 10591
6725 4394
6725 6726
6726 6725
6726 6896
6726 10591
6727 6728
6727 7721
6728 6727
6728 7727
6733 7761
6733 8198
6733 10404
6734 6713
6743 6750
6743 8352
6743 10346
6750 6743
6750 6761
6750 8351
6752 10229
6753 7300
6756 12648
6758 11127
6758 11133
6761 6750
6761 10351
6762 2008
6762 10229
6762 10243
6764 5767
6764 11944
6764 12019
6769 6770
6769 6778
6770 6769
6770 12018
6774 6777
6774 11945
6777 6774
6777 6778
6777 6782
6778 1743
6778 6769
6778 6777
6778 6782
6778 12018
6779 8609
6779 10593
6779 10859
6780 6782
6782 1749
6782 6777
6782 6778
6782 6780
6786 6699
6786 12142
6791 6792
6791 9868
6792 6791
6792 9869
6793 6796
6793 9297
6793 9298
6793 9299
6794 6795
6794 9298
6795 6794
6795 9300
6796 6793
6799 9290
6799 9293
6800 12025
6803 12028
6804 5397
6804 5398
6806 6831
6806 6835
6806 12142
6810 6811
6819 5143
6823 6824
6824 6823
6828 9881
6831 6806
6833 6900
6835 6806
6837 3235
6842 6846
6846 6842
6846 6848
6846 12013
6848 6846
6848 6849
6848 6854
6849 6848
6849 6850
6850 6849
6850 12013
6852 6853
6853 6852
6854 6848
6854 7028
6858 4724
6862 4714
6862 6863
6863 4715
6863 6862
6869 6870
6870 2299
6870 2300
6877 10963
6879 10167
6889 6890
6889 6893
6890 6889
6890 6891
6891 2836
6891 6890
6893 4389
6893 6889
6895 4387
6895 6903
6896 6726
6896 6897
6896 10592
6897 2835
6897 6896
6899 3033
6900 6460
6900 6833
6901 2835
6901 6903
6901 6905
6903 6895
6903 6901
6903 6906
6903 7895
6904 6897
6904 10592
6905 6901
6905 6906
6905 12370
6906 6903
6906 6905
6906 6907
6907 2842
6907 6906
6907 12370
6911 10972
6914 8342
6920 2819
6920 7512
6922 6923
6923 6922
6924 2815
6924 4328
6930 7000
6932 10205
6934 10205
6939 10206
6946 6947
6946 11994
6947 6946
6956 10205
6958 6959
6958 7074
6959 6958
6959 6962
6959 7074
6962 6959
6964 12087
6969 6970
6970 6969
6970 6971
6971 6970
6971 6972
6971 11998
6972 6971
6972 6995
6972 12022
6973 8376
6974 6997
6974 11998
6974 12022
6977 6984
6977 11927
6977 12362
6984 6977
6984 10209
6984 12361
6986 8376
6986 10602
6995 6972
6997 6974
7000 6930
7007 7008
7007 7011
7007 7895
7008 7007
7008 7009
7008 7012
7009 7008
7009 7010
7010 4383
7010 7009
7011 7007
7011 7012
7011 7016
7011 7899
7012 7008
7012 7011
7015 8872
7016 7011
7021 1898
7028 6854
7031 7034
7034 7031
7036 10120
7036 10871
7037 10121
7037 10122
7037 10599
7039 11932
7040 7041
7040 10122
7041 7040
7041 10605
7047 2846
7047 10608
7051 4588
7052 2846
7052 7456
7052 10608
7056 2845
7061 12027
7063 5512
7064 5571
7066 11974
7074 6958
7074 6959
7075 7077
7076 7077
7077 965
7077 7075
7077 7076
7078 2753
7078 2867
7084 7085
7085 7084
7087 7088
7087 7127
7088 7087
7088 7089
7089 7088
7089 12542
7089 12545
7098 7136
7101 7103
7103 7101
7103 7105
7105 7103
7107 12085
7114 7115
7115 7114
7119 7666
7120 7121
7120 11549
7120 12845
7120 12847
7121 7120
7121 12848
7122 12538
7125 12597
7125 12605
7127 7087
7127 12541
7133 12530
7136 7098
7138 6376
7147 7146
7149 7150
7149 11237
7150 7149
7150 8707
7154 7155
7154 8699
7154 8700
7155 7154
7155 8526
7164 11239
7170 8510
7170 8520
7184 2041
7185 8420
7185 8423
7188 11265
7191 7194
7193 8084
7194 7191
7194 7212
7198 9185
7201 3515
7202 3189
7202 3192
7203 9178
7203 9609
7205 9609
7208 9614
7210 2981
7210 11486
7212 7194
7212 8388
7215 7216
7215 8384
7216 7215
7216 11257
7222 7223
7222 8362
7223 7222
7224 8299
7225 3218
7226 11395
7229 7289
7229 11366
7230 7289
7230 11369
7232 7233
7232 8021
7233 7232
7235 8143
7239 8133
7242 8135
7244 11329
7249 7290
7251 11287
7252 11438
7255 3534
7256 11289
7257 7258
7257 7259
7258 7257
7258 7735
7258 8670
7259 7257
7260 7261
7261 7260
7261 9025
7261 11308
7265 7266
7265 7267
7266 7265
7266 7780
7266 7781
7267 7265
7267 7780
7268 7269
7268 7799
7269 7268
7269 11307
7271 7272
7271 7873
7272 7271
7272 7273
7272 9709
7273 7272
7273 8775
7273 9710
7276 7277
7276 7919
7276 7925
7277 7276
7279 9692
7283 7495
7285 7337
7287 1893
7287 12383
7289 7229
7289 7230
7289 8017
7289 8021
7290 7249
7290 9676
7291 4574
7291 12648
7292 10824
7294 2897
7294 3573
7295 12613
7299 4464
7299 4465
7300 6753
7302 5618
7305 4923
7305 7306
7306 4925
7306 7305
7307 7308
7307 11649
7308 4968
7308 4969
7308 7307
7310 7311
7311 7310
7311 7312
7312 7311
7313 4963
7316 11678
7327 12929
7328 7329
7328 11701
7329 7328
7329 11701
7334 4888
7337 7285
7337 7338
7338 2545
7338 7337
7339 11709
7342 9837
7342 11716
7342 11722
7347 11714
7348 11722
7355 4748
7355 4824
7355 7356
7356 7355
7356 7357
7356 7432
7357 4822
7357 7356
7364 4742
7370 7389
7372 7373
7373 4784
7373 7372
7373 7374
7374 7373
7381 4724
7382 4784
7382 11724
7384 7385
7384 11724
7385 4782
7385 7384
7387 4787
7387 7388
7387 11717
7388 7387
7388 7396
7388 7397
7389 7370
7390 4811
7390 7391
7391 7390
7391 7392
7392 7391
7392 7396
7394 7399
7394 11705
7395 4820
7395 11705
7396 7388
7396 7392
7396 7398
7397 7388
7397 7398
7398 7396
7398 7397
7398 7399
7399 7394
7399 7398
7405 7407
7407 7405
7407 7409
7409 7407
7414 4870
7415 7417
7416 7417
7417 7415
7417 7416
7423 3845
7431 5432
7431 11758
7432 7356
7434 5551
7434 5562
7439 7525
7441 4361
7449 8133
7449 8134
7451 8696
7454 3574
7454 8200
7454 8202
7454 8205
7455 7456
7455 10608
7456 7052
7456 7455
7456 10615
7461 2051
7461 7462
7462 7461
7464 7465
7464 12255
7465 7464
7465 10797
7465 12255
7476 10529
7476 12268
7478 10817
7480 12457
7480 12459
7481 2568
7481 7527
7484 2483
7484 9230
7495 4377
7495 7283
7495 7508
7503 7702
7506 9633
7508 2064
7508 7495
7508 7568
7509 7630
7511 4534
7511 4540
7517 9339
7521 2864
7521 7570
7522 10976
7522 12238
7525 4372
7525 7439
7527 7481
7527 12591
7528 4602
7528 4619
7534 4747
7534 7535
7535 7534
7539 7541
7541 7539
7541 7578
7543 4599
7543 12598
7548 9203
7549 5773
7549 12608
7550 3524
7550 4418
7554 7555
7554 9219
7555 7554
7555 10166
7557 2057
7558 12238
7558 12242
7560 7561
7560 7589
7560 7590
7561 7560
7568 2065
7568 4375
7568 7508
7570 7521
7574 2895
7574 4370
7574 10377
7575 2895
7575 7576
7575 7580
7576 7575
7576 7577
7576 7578
7577 7576
7578 7576
7578 7616
7579 2895
7579 7580
7579 7605
7580 7575
7580 7579
7581 9203
7582 10954
7584 10983
7589 7560
7589 7590
7590 7560
7590 7589
7594 7596
7596 7594
7596 7597
7597 7596
7597 7598
7597 8416
7598 7597
7601 5212
7603 5212
7603 7605
7604 7651
7605 7579
7605 7603
7608 7610
7610 7608
7610 7617
7612 7615
7614 7615
7615 6451
7615 7612
7615 7614
7617 7610
7618 8263
7626 9933
7627 11057
7630 7626
7631 7633
7631 10626
7633 7631
7633 7635
7635 7633
7635 10634
7636 4871
7636 10751
7637 8235
7637 9898
7637 11191
7644 2806
7651 7604
7651 7652
7652 7651
7653 7694
7666 6907
7669 10411
7672 8364
7672 10638
7675 10633
7675 10639
7678 10634
7678 10640
7679 7680
7680 7679
7680 7692
7681 10388
7685 9643
7685 9644
7685 9645
7687 9644
7687 10390
7687 10396
7689 2803
7689 7743
7689 10396
7692 7680
7692 7695
7694 7653
7694 7695
7694 7696
7695 7692
7695 7694
7695 10397
7696 7694
7701 7702
7702 7503
7702 7701
7703 7705
7703 10398
7705 7703
7708 5214
7708 7710
7709 7710
7710 7709
7710 7711
7711 7710
7711 9155
7713 8259
7715 7679
7715 8156
7720 5881
7720 7796
7721 5881
7721 6727
7727 6728
7727 7806
7731 7740
7735 7258
7739 10402
7740 7731
7740 7743
7740 10396
7743 7689
7743 7740
7743 7744
7743 7751
7744 7743
7744 7751
7745 7747
7745 7753
7747 7745
7747 7748
7748 7747
7751 7743
7751 7744
7753 7745
7756 7757
7756 11292
7757 7756
7757 7767
7757 11297
7759 8195
7759 8198
7761 6733
7761 7762
7761 7833
7762 7761
7762 7837
7762 10404
7765 7766
7766 7765
7766 7767
7766 11297
7767 7757
7767 7766
7767 11302
7773 9155
7774 3589
7774 11302
7775 7846
7775 10405
7776 2470
7777 7778
7777 10642
7777 10643
7778 7777
7778 10643
7778 10648
7778 10649
7779 7780
7779 9737
7779 11307
7780 7266
7780 7267
7780 7779
7781 7266
7781 8991
7787 10645
7787 10651
7787 12224
7788 10650
7788 10656
7788 12223
7788 12224
7795 2339
7795 11342
7796 7720
7796 7797
7796 7803
7797 7796
7799 7268
7799 7800
7799 11307
7800 7799
7803 7796
7803 7806
7804 7809
7805 8991
7805 11296
7806 2342
7806 7727
7806 7803
7806 7807
7807 7806
7807 7809
7808 11296
7809 7804
7809 7807
7809 12693
7810 2342
7811 7812
7811 11324
7812 7811
7814 7821
7814 10413
7817 7818
7817 8782
7818 5656
7818 5659
7818 7817
7820 12226
7821 7814
7828 7832
7828 8180
7831 7833
7832 7828
7832 10410
7833 7761
7833 7831
7833 7837
7837 7762
7837 7833
7837 10411
7839 7845
7839 10411
7844 11341
7845 7839
7845 12565
7846 7775
7852 7854
7854 7852
7854 9732
7860 10295
7861 7863
7862 9725
7863 7861
7868 7869
7868 8773
7868 11377
7869 7868
7869 9709
7869 11377
7873 7271
7873 11377
7875 9712
7876 4330
7881 4326
7882 9707
7882 11373
7884 8693
7895 6903
7895 7007
7895 7899
7897 9717
7899 7011
7899 7895
7909 7910
7910 7909
7915 7916
7915 8778
7916 7915
7916 11401
7918 12214
7919 7276
7919 7927
7922 7933
7922 11399
7925 7276
7925 7926
7926 7925
7926 7927
7926 7930
7927 7919
7927 7926
7927 7928
7928 7927
7929 7918
7929 7924
7930 7926
7930 7933
7933 7922
7933 7930
7934 2472
7937 7940
7940 7937
7941 3311
7942 7934
7949 7951
7950 7959
7950 7975
7950 11396
7951 7949
7951 7976
7951 11396
7955 7967
7955 8646
7957 11395
7957 11411
7958 7967
7959 7950
7960 7963
7961 8768
7961 10554
7963 8714
7967 7970
7970 7972
7972 7974
7974 7982
7974 8729
7975 7950
7975 7976
7975 7977
7976 7951
7976 7975
7976 7977
7977 7975
7977 7976
7978 8848
7978 8850
7980 7979
7983 7980
7991 11370
7992 7983
7994 11374
8002 8008
8003 8739
8004 8005
8004 11334
8005 8004
8005 8006
8006 8005
8014 8741
8017 7289
8017 11366
8017 11369
8021 7232
8021 7289
8026 8028
8028 8032
8030 9690
8030 11332
8032 8749
8036 8339
8036 8341
8042 11278
8044 8041
8047 4699
8049 11292
8054 9739
8057 4373
8057 8062
8058 4373
8058 8995
8059 8060
8060 8059
8067 8068
8068 8061
8068 8067
8069 9676
8072 4352
8072 8068
8078 4353
8084 7193
8084 11265
8087 2864
8089 8093
8090 11268
8097 2860
8099 8105
8099 8416
8101 8105
8101 8112
8104 8353
8104 11266
8105 8107
8107 8112
8108 11324
8117 1177
8121 2806
8123 8668
8123 8669
8127 8140
8130 1180
8130 11329
8133 7239
8133 7449
8133 8135
8134 7449
8134 8135
8135 7242
8135 8133
8135 8134
8135 11329
8136 8121
8143 7235
8149 8150
8150 8149
8153 8178
8155 8157
8155 8174
8157 8155
8157 8171
8159 8163
8163 8167
8167 5207
8171 8157
8174 8155
8178 8153
8178 11362
8180 7828
8182 9696
8182 11362
8186 7715
8187 8186
8192 8197
8192 11364
8194 8187
8194 8195
8195 7759
8195 10404
8197 8192
8198 6733
8198 7759
8200 7454
8200 8202
8202 7454
8202 8200
8203 3892
8203 9100
8203 10766
8205 7454
8209 9317
8213 8216
8214 2456
8214 6563
8215 8231
8215 11408
8216 8213
8216 8231
8217 8218
8218 5162
8220 3217
8222 8214
8226 5160
8227 8228
8227 8253
8227 11361
8228 8227
8228 11392
8231 5151
8231 8215
8231 8216
8232 8226
8235 6810
8235 7637
8235 10758
8236 8596
8241 8245
8241 11390
8244 8827
8245 8241
8251 3217
8251 11390
8253 8227
8253 8254
8254 8253
8254 8255
8254 8258
8254 8840
8255 8254
8255 8256
8255 8839
8256 8255
8256 8734
8258 8254
8259 7713
8259 8264
8263 7618
8264 3898
8264 8259
8264 8266
8266 8264
8266 10961
8271 8583
8283 8285
8284 8299
8285 8283
8285 8297
8285 11359
8288 8734
8288 11359
8289 8673
8290 3872
8290 8430
8292 9668
8293 8294
8294 8293
8295 8620
8295 8622
8296 8297
8296 8823
8296 11357
8297 8285
8297 8296
8298 8830
8298 11357
8299 7224
8299 8284
8310 10533
8312 8313
8313 8312
8313 8314
8314 8313
8314 8316
8314 8832
8316 8314
8316 8317
8316 8330
8317 8316
8317 8329
8321 8329
8321 11319
8323 8830
8323 11319
8324 2050
8324 2051
8324 10616
8329 8317
8329 8321
8329 8330
8330 8316
8330 8329
8330 8332
8332 8330
8337 8564
8339 8036
8341 1165
8341 8036
8341 8370
8342 6914
8342 12370
8343 8339
8351 4402
8351 6750
8351 8352
8352 4403
8352 6743
8352 8351
8353 8104
8353 8354
8353 8362
8353 11257
8354 8353
8354 8362
8356 4405
8356 6375
8362 7222
8362 8353
8362 8354
8364 2090
8364 2441
8364 7672
8365 3232
8368 8369
8369 8368
8370 8341
8375 8376
8375 10602
8376 2841
8376 6973
8376 6986
8376 8375
8381 8382
8381 9635
8381 10589
8382 8381
8382 9634
8384 7215
8384 11257
8384 11260
8388 7212
8398 6282
8400 8413
8404 8405
8405 8404
8405 11258
8405 11259
8407 5879
8407 5883
8411 2841
8413 8400
8414 4350
8416 7597
8418 8438
8420 7185
8421 2860
8423 7185
8423 11259
8428 12058
8428 12133
8429 11258
8430 8290
8432 9134
8438 8418
8438 8439
8438 8444
8439 8438
8439 8443
8443 8439
8443 8444
8443 8466
8444 8438
8444 8443
8444 8445
8445 8444
8446 8447
8446 8462
8447 8446
8447 8461
8452 9146
8452 9147
8456 3948
8461 8447
8461 8462
8461 8469
8462 8446
8462 8461
8462 8466
8462 8468
8466 8443
8466 8462
8466 11252
8467 8847
8468 8462
8468 8469
8468 8474
8468 11252
8469 8461
8469 8468
8474 8468
8474 11248
8475 8476
8475 12276
8476 8475
8476 12276
8476 12332
8478 12328
8482 8483
8482 10805
8483 8482
8483 10805
8485 11245
8486 8487
8487 3981
8487 4995
8487 8486
8488 8490
8488 11245
8490 8488
8490 8497
8494 12158
8495 11173
8497 8490
8497 11244
8498 11183
8498 12471
8498 12474
8500 11182
8500 12470
8500 12471
8502 3233
8502 8504
8502 11248
8504 3233
8504 8502
8510 7170
8510 11246
8510 11247
8511 2382
8515 9772
8520 7170
8520 11243
8521 5484
8521 8522
8522 4439
8522 8521
8523 8525
8523 8529
8525 8523
8525 8532
8526 7155
8526 8529
8526 8699
8529 8523
8529 8526
8529 8698
8532 8525
8532 9742
8536 8538
8536 11314
8538 8536
8538 8539
8539 8538
8539 10101
8540 11315
8553 8554
8553 10101
8554 8553
8556 8564
8556 8565
8559 2142
8559 4523
8562 11316
8564 8337
8564 8556
8564 11316
8565 8556
8566 2207
8566 8567
8566 10856
8567 2207
8567 8566
8568 8576
8569 9744
8570 8575
8574 8576
8575 2143
8575 8570
8576 8568
8576 8574
8578 8583
8580 8619
8582 11108
8582 12539
8583 8271
8583 8578
8583 11352
8584 2147
8584 8587
8584 12576
8587 2147
8587 8584
8589 11386
8590 8591
8591 8590
8593 11386
8596 8236
8596 8598
8596 8599
8598 8596
8598 8599
8599 8596
8599 8598
8606 3201
8609 6779
8613 12558
8618 8619
8618 11382
8619 8580
8619 8618
8619 9747
8620 3311
8620 8295
8621 10755
8622 8295
8622 8626
8626 5120
8626 8622
8628 6466
8628 11380
8629 9062
8629 9063
8629 10755
8630 5120
8630 7944
8632 3223
8634 5506
8634 8636
8635 8638
8635 9745
8635 11343
8636 8634
8637 11343
8638 8635
8644 8645
8645 8644
8645 11345
8646 7955
8648 4434
8650 8651
8650 8816
8651 8650
8651 11351
8652 6260
8652 6261
8664 8669
8668 8123
8669 8763
8670 7258
8673 8289
8677 11313
8683 8684
8683 8688
8684 8683
8687 6261
8687 6262
8687 10581
8688 8683
8693 12180
8696 2069
8696 4431
8696 7451
8698 3224
8698 8529
8698 8699
8699 7154
8699 8526
8699 8698
8699 8706
8700 7154
8706 8699
8706 8707
8707 7150
8707 8706
8708 11237
8709 8710
8709 8718
8710 8709
8714 5232
8718 8709
8726 10560
8729 7974
8731 5796
8731 7982
8733 5904
8734 8256
8734 8288
8741 8014
8746 8028
8746 8748
8746 9630
8748 8746
8749 8032
8749 8750
8750 8749
8752 6376
8756 4305
8758 4305
8758 8044
8767 8779
8767 10335
8768 7961
8768 10560
8773 7868
8775 7273
8775 8776
8775 10988
8776 8775
8776 8927
8778 7915
8779 5849
8779 8767
8782 5709
8782 5713
8782 7817
8782 10336
8783 5466
8784 5410
8784 5435
8792 8802
8792 9146
8795 12031
8797 6206
8797 6208
8797 8798
8798 4409
8798 6206
8798 8797
8799 10509
8802 8792
8805 8807
8807 6482
8807 8805
8808 11345
8811 6389
8811 8818
8811 10344
8815 8816
8815 8820
8816 8650
8816 8815
8818 6434
8818 6438
8818 8811
8819 5167
8819 10580
8820 8815
8823 8296
8827 8244
8830 8298
8830 8323
8830 8834
8832 8314
8832 11325
8834 3219
8834 8830
8839 8255
8839 8840
8840 8254
8840 8839
8840 11361
8845 12065
8845 12126
8846 11365
8847 8467
8847 12080
8848 7978
8848 11364
8848 11365
8850 7978
8850 8851
8851 8850
8854 8855
8855 8854
8856 12230
8860 11374
8862 8867
8862 8887
8862 12045
8867 8862
8867 8873
8871 2322
8871 12833
8872 7015
8873 8867
8873 12053
8877 10852
8878 9034
8878 9069
8878 10753
8883 12062
8886 8932
8886 10533
8886 12263
8887 8862
8887 8888
8887 12049
8888 8887
8891 10803
8891 10810
8894 12286
8895 8902
8895 12272
8896 10951
8896 11769
8899 5092
8899 9053
8899 10943
8902 8895
8902 8912
8905 10992
8905 11773
8911 11008
8912 8902
8912 12272
8913 12303
8918 11011
8918 12035
8921 11000
8923 11025
8925 11000
8927 8776
8927 9006
8927 10988
8929 3833
8929 3837
8932 8886
8934 8935
8935 8934
8935 12334
8936 10326
8936 12345
8939 10326
8939 10327
8942 5087
8942 8943
8942 10817
8943 5481
8943 8942
8946 8954
8952 12398
8954 8946
8954 8955
8955 4468
8955 8954
8956 10821
8956 10827
8957 10854
8957 12498
8959 8960
8959 11286
8960 8959
8960 11291
8971 10858
8972 10868
8972 12581
8981 5636
8981 8982
8982 8981
8982 8983
8983 8982
8987 9240
8990 6235
8990 8992
8991 7781
8991 7805
8991 11291
8992 8990
8992 9005
8995 2041
8995 8058
8995 8062
8998 8999
8999 6237
8999 8998
8999 9000
9000 8999
9002 9027
9005 8992
9005 10344
9006 8927
9006 10988
9010 10342
9012 777
9014 4400
9022 9023
9023 6074
9023 9022
9025 7261
9025 11310
9034 3947
9034 8878
9035 10753
9039 9040
9039 9072
9039 10500
9039 11189
9040 3947
9040 9039
9045 3857
9045 3859
9046 10993
9049 10994
9049 10998
9053 4703
9053 8899
9053 11197
9054 9055
9054 10953
9055 9054
9058 10955
9059 10946
9061 10760
9062 8629
9062 10760
9063 8629
9063 10755
9064 10762
9064 10765
9064 10771
9067 9100
9067 10757
9069 8878
9072 9039
9074 9076
9074 9108
9076 9074
9085 10951
9085 10959
9087 10951
9087 11770
9091 11770
9094 10767
9095 10767
9095 11191
9099 9127
9099 10766
9099 10771
9100 8203
9100 9067
9101 3946
9108 9074
9108 10505
9111 10960
9121 10780
9127 9099
9127 10775
9134 8432
9134 9135
9135 9134
9142 3985
9143 10512
9143 12068
9146 8452
9146 8792
9147 8452
9147 10509
9149 4948
9154 3443
9154 3473
9154 11435
9155 2406
9155 7711
9155 7773
9164 11579
9164 12894
9168 9172
9170 12663
9172 6436
9172 9168
9178 7203
9178 11452
9180 3409
9180 3415
9184 12109
9185 7198
9203 7548
9203 7581
9203 9219
9207 9208
9208 2160
9208 9207
9213 10837
9218 2577
9219 7554
9219 9203
9222 10641
9222 10642
9229 2493
9229 9230
9230 2479
9230 7484
9230 9229
9231 4086
9232 9233
9233 9232
9240 8987
9246 11223
9248 2907
9248 6348
9248 6349
9250 9254
9250 12023
9251 9254
9251 12023
9254 9250
9254 9251
9254 12025
9255 9256
9256 9255
9265 9266
9266 9265
9266 9271
9271 9272
9272 9271
9278 9279
9278 9282
9279 9278
9282 9278
9286 9291
9290 6799
9291 9286
9293 6799
9293 9331
9297 6793
9298 6793
9298 6794
9298 9869
9299 6793
9300 6795
9306 3095
9306 3096
9310 3160
9311 9312
9311 11407
9312 3172
9312 9311
9313 3173
9313 3587
9317 8209
9318 3456
9318 3515
9319 3513
9331 3092
9331 9293
9333 2792
9338 4754
9338 9339
9339 63
9339 7517
9339 9338
9340 68
9340 2459
9340 2646
9340 4138
9345 2492
9345 4519
9346 3162
9346 11406
9346 11421
9349 5092
9349 10944
9350 9351
9366 4186
9368 6674
9372 3704
9374 9389
9376 9377
9377 9376
9377 9378
9378 5482
9378 9377
9384 6639
9384 9393
9386 2328
9386 4269
9387 2328
9387 9388
9388 9387
9388 11980
9389 4142
9389 4187
9389 9374
9391 11947
9391 11949
9393 9384
9395 9396
9396 9395
9398 6564
9398 11962
9403 9404
9404 9403
9412 9413
9412 9421
9413 9412
9420 9421
9421 9412
9421 9419
9421 9420
9430 9481
9434 9439
9437 9440
9437 9441
9439 9434
9439 9440
9439 9442
9440 9437
9440 9439
9440 9441
9441 9437
9441 9440
9442 9439
9442 9444
9442 9445
9444 9442
9445 9442
9445 9448
9448 9445
9464 9465
9465 9464
9465 9466
9466 9465
9466 9473
9468 9471
9469 9468
9469 9471
9471 9416
9473 9466
9481 9430
9481 9485
9481 11850
9485 9481
9485 9486
9486 9485
9486 11850
9490 9493
9490 9559
9491 9496
9493 9490
9496 9491
9500 9503
9503 9500
9503 9504
9504 9503
9504 9505
9505 9504
9507 9574
9525 1784
9527 9538
9529 9530
9530 9529
9533 6667
9533 9534
9533 12017
9534 9533
9534 9544
9538 9527
9544 9534
9548 9550
9548 11851
9550 9548
9550 9553
9552 9553
9553 9550
9553 9552
9553 9554
9554 9553
9554 11852
9558 11852
9559 9490
9566 9569
9568 9569
9568 11856
9569 9566
9569 9568
9569 9571
9571 9569
9571 11856
9574 9507
9576 9577
9576 9585
9577 9576
9585 9576
9592 9595
9595 9592
9595 9596
9595 11859
9596 9595
9596 9598
9598 9596
9598 9599
9599 9598
9604 10228
9609 7203
9609 7205
9610 11452
9611 3178
9613 3117
9614 2960
9614 2972
9614 7208
9618 12082
9621 12101
9621 12253
9623 10804
9624 9625
9624 10624
9625 9624
9625 9626
9626 2086
9626 9625
9626 9627
9627 2088
9627 9626
9629 5077
9629 5371
9630 6215
9630 8746
9633 6402
9633 7506
9634 4425
9634 8382
9634 9635
9635 8381
9635 9634
9638 10480
9643 7685
9643 9644
9643 9645
9644 7685
9644 7687
9644 9643
9645 7685
9645 9643
9649 11779
9651 11025
9652 1840
9652 9653
9653 9652
9653 10715
9653 10716
9655 9656
9655 10702
9655 12947
9656 9655
9659 2680
9659 9660
9660 9659
9660 10735
9661 2887
9661 11194
9663 3145
9663 6464
9668 3872
9668 8292
9668 12034
9669 6370
9669 11779
9673 10925
9676 7290
9676 8069
9677 2600
9684 2391
9690 8030
9692 7279
9693 11275
9695 9696
9695 11361
9695 11364
9696 8182
9696 9695
9707 7882
9707 9708
9708 9707
9708 11373
9709 7272
9709 7869
9709 9710
9710 7273
9710 9709
9712 7875
9712 11374
9717 7897
9719 11335
9724 9725
9725 7862
9725 9724
9727 9728
9728 9727
9731 3575
9731 9732
9732 7854
9732 9731
9737 7779
9737 11308
9739 8054
9742 8532
9742 9743
9743 3224
9743 9742
9744 8569
9744 11351
9745 8635
9747 8619
9747 11346
9754 12659
9754 12663
9754 12692
9755 9756
9755 12675
9755 12820
9756 9755
9756 11546
9758 9759
9759 9758
9759 12692
9759 12706
9761 5613
9763 4101
9771 12306
9772 8515
9772 9774
9772 12305
9774 9772
9774 11046
9774 12305
9775 11159
9776 986
9783 6349
9783 6350
9785 9786
9786 9785
9786 9790
9788 980
9788 9789
9789 9788
9789 12375
9790 6340
9790 9786
9790 9791
9790 9792
9791 9790
9791 11156
9792 6328
9792 9790
9799 11763
9802 5534
9803 11185
9803 11188
9816 9817
9817 3845
9817 9816
9817 9818
9818 3835
9818 9817
9818 9819
9819 9818
9821 11748
9823 4842
9825 4670
9828 2889
9835 1072
9835 11804
9836 9837
9836 11715
9837 7342
9837 9836
9839 5727
9839 11637
9841 5705
9841 5706
9843 9846
9845 11680
9845 11683
9846 9843
9846 9847
9847 4956
9847 9846
9854 9876
9857 9858
9858 9857
9858 9860
9859 9860
9860 9858
9860 9859
9868 6791
9868 9869
9869 6792
9869 9298
9869 9868
9876 9854
9876 9877
9877 9876
9877 9878
9878 9877
9881 1761
9881 6828
9881 9882
9882 9881
9882 12027
9888 3940
9888 11161
9891 8611
9892 11106
9895 9991
9898 10045
9899 8235
9901 2196
9903 2470
9904 11183
9904 12471
9910 4297
9910 9909
9913 9921
9916 9917
9917 9916
9921 9922
9922 4086
9922 9921
9923 3846
9923 9925
9925 9926
9925 10938
9926 9925
9927 9928
9930 12752
9930 12826
9931 9932
9931 9933
9931 12376
9932 9931
9932 9934
9932 11069
9933 9931
9933 9935
9934 9932
9939 9941
9945 9991
9945 9995
9948 9946
9951 9953
9959 9961
9968 9966
9970 9968
9975 9976
9976 12424
9979 9941
9991 9945
9991 9946
9995 9946
9997 9951
9999 10000
10000 9949
10001 9990
10006 2559
10009 3716
10013 9953
10013 10014
10014 10013
10014 10015
10015 10016
10017 10018
10018 10019
10020 5086
10020 10021
10021 10022
10025 9959
10029 4585
10033 3534
10033 12248
10035 11180
10036 6326
10036 11786
10042 2168
10044 2175
10045 10046
10049 10050
10053 10054
10054 10055
10055 2096
10063 2385
10067 11505
10068 11553
10068 11554
10071 12870
10072 10071
10074 11571
10074 11608
10078 10079
10078 11798
10079 10078
10079 10080
10079 11801
10079 11802
10080 10079
10080 10081
10080 11788
10081 10080
10081 11789
10084 12883
10085 10087
10085 11694
10087 10085
10087 12735
10094 10095
10094 10706
10095 10094
10095 10099
10096 10097
10097 10096
10097 10099
10097 10700
10099 10097
10101 8539
10101 8553
10107 10108
10108 7441
10109 10665
10114 11540
10115 3202
10120 7036
10120 10121
10120 10605
10121 7037
10121 10120
10121 10122
10121 10605
10122 7037
10122 7040
10122 10121
10124 1776
10124 1789
10124 6322
10125 2725
10125 4628
10140 10139
10146 1660
10146 10147
10147 10146
10151 2652
10151 10153
10152 10153
10152 11910
10153 10151
10153 10152
10154 2264
10155 2059
10162 4288
10163 4261
10165 2069
10165 10166
10166 7555
10166 10165
10167 6879
10167 10168
10168 10167
10177 10178
10178 10177
10178 11887
10180 6180
10182 5815
10182 11887
10184 5838
10186 10187
10186 11869
10187 2506
10187 10186
10187 10188
10188 2656
10188 5857
10188 10187
10194 2656
10194 12379
10195 11893
10199 5905
10199 12413
10200 2928
10201 6055
10201 6109
10203 6134
10205 6932
10205 6934
10205 6956
10206 6939
10209 6984
10209 12357
10214 12288
10214 12385
10217 5850
10217 5876
10220 2512
10222 2521
10224 5894
10224 5966
10228 9604
10229 6762
10232 10254
10232 10258
10235 10236
10236 10235
10236 10239
10239 10236
10239 10240
10240 10239
10243 6762
10243 10248
10248 10243
10248 10254
10250 10260
10250 11944
10253 10268
10254 10232
10254 10248
10254 10269
10255 10266
10258 10232
10260 10250
10260 10262
10260 10286
10266 10255
10268 10269
10269 10254
10269 10268
10269 10270
10270 10269
10270 10271
10271 10270
10271 10286
10273 10271
10275 10273
10279 3872
10279 10280
10279 11007
10280 799
10280 10279
10280 12036
10283 10285
10285 10283
10286 10260
10286 10262
10289 3312
10289 3313
10293 1
10293 2406
10295 3
10295 7860
10297 10299
10298 6
10298 12725
10299 10297
10304 2583
10308 16
10308 10309
10308 12928
10309 17
10309 10308
10309 11866
10311 1814
10311 2633
10315 5112
10319 2017
10319 2393
10320 28
10320 2016
10320 2392
10320 10321
10321 29
10321 10320
10322 1997
10322 2362
10322 10498
10326 8936
10326 8939
10327 8939
10327 12346
10328 36
10328 5074
10329 5080
10329 12346
10332 40
10332 5344
10332 5369
10333 3986
10333 5369
10334 5636
10334 5816
10335 43
10335 8767
10335 10336
10336 44
10336 5849
10336 8782
10336 10335
10337 45
10337 5816
10337 5818
10337 5824
10337 6002
10340 5997
10340 6004
10342 50
10342 6071
10342 6074
10342 9010
10344 6389
10344 8811
10344 9005
10346 130
10346 6375
10346 6379
10346 6743
10348 4052
10348 6624
10351 111
10351 6761
10351 12758
10355 2641
10361 82
10361 4470
10365 2495
10375 139
10375 2064
10377 141
10377 4371
10377 7574
10388 6190
10388 7681
10390 7687
10396 160
10396 7687
10396 7689
10396 7740
10397 7695
10398 7703
10402 166
10402 7739
10404 6733
10404 7762
10404 8195
10405 7775
10410 7832
10411 175
10411 7669
10411 7837
10411 7839
10413 7814
10413 12693
10420 12700
10421 6723
10421 12715
10422 186
10422 12716
10426 190
10426 12700
10428 192
10428 12716
10429 193
10429 10435
10430 194
10430 5189
10430 12866
10432 196
10432 5170
10432 12788
10435 199
10435 2583
10435 10429
10437 12871
10437 12872
10438 12871
10438 12873
10443 12856
10443 12860
10443 12874
10447 211
10447 10453
10448 212
10448 2374
10448 2395
10451 215
10451 10452
10451 12908
10451 12909
10452 216
10452 10451
10452 12912
10453 10447
10453 12928
10457 221
10457 1795
10457 1796
10460 5089
10462 1791
10462 5114
10464 228
10464 1798
10467 10473
10469 1798
10469 1883
10471 235
10471 1886
10472 1855
10472 2615
10473 10467
10477 241
10477 10483
10478 1855
10478 1857
10478 1859
10480 9638
10481 245
10481 2403
10483 247
10483 1888
10483 10477
10487 1949
10492 5031
10492 5035
10493 258
10493 2739
10493 10813
10496 263
10496 1975
10496 1978
10497 264
10497 1978
10497 1983
10497 1985
10498 10322
10500 267
10500 3947
10500 9039
10505 273
10505 9108
10509 8799
10509 9147
10509 12029
10510 10775
10512 3985
10512 9143
10513 3948
10513 12070
10520 288
10520 3955
10520 3961
10520 3965
10522 290
10522 3968
10524 292
10524 12126
10527 12111
10527 12262
10528 3968
10528 12267
10529 7476
10529 12267
10532 12132
10532 12284
10532 12289
10532 12290
10533 301
10533 8310
10533 8886
10533 12262
10541 309
10541 4995
10541 12328
10542 310
10542 2745
10542 3979
10543 311
10543 12336
10546 314
10546 5116
10554 322
10554 5549
10554 7961
10556 324
10556 4415
10557 4439
10557 5489
10557 5499
10559 5514
10559 5528
10559 5793
10560 328
10560 8726
10560 8768
10561 329
10561 5567
10562 5579
10562 5611
10563 331
10563 4438
10563 5750
10565 5792
10565 5793
10565 5879
10567 5802
10568 336
10572 5883
10572 6191
10573 341
10573 5896
10575 343
10575 4434
10575 6260
10575 10581
10577 6272
10579 4398
10579 4400
10580 348
10580 6208
10580 8819
10581 349
10581 6256
10581 6258
10581 8687
10581 10575
10584 4426
10589 8381
10591 359
10591 4394
10591 6724
10591 6726
10592 6896
10592 6904
10592 12189
10593 6779
10599 367
10599 7037
10601 369
10602 6986
10602 8375
10605 7041
10605 10120
10605 10121
10608 376
10608 7047
10608 7052
10608 7455
10614 2085
10615 4380
10615 7456
10616 8324
10624 9624
10626 7631
10633 7675
10634 6190
10634 7635
10634 7678
10635 10641
10638 406
10638 7672
10639 407
10639 7675
10640 408
10640 6188
10640 7678
10641 409
10641 9222
10641 10635
10641 10647
10642 7777
10642 9222
10642 10648
10643 7777
10643 7778
10645 7787
10647 10641
10647 10648
10648 7778
10648 10642
10648 10647
10648 10649
10649 7778
10649 10648
10649 10650
10649 10655
10650 418
10650 7788
10650 10649
10650 10656
10651 419
10651 7787
10651 12224
10652 12223
10655 423
10655 10649
10655 10656
10655 12672
10656 7788
10656 10650
10656 10655
10657 425
10660 428
10664 432
10665 10109
10665 12753
10668 10674
10671 10672
10671 12753
10672 440
10672 10671
10672 10678
10672 12755
10674 2326
10674 10668
10678 10672
10680 12837
10682 12852
10682 12856
10682 12862
10683 12832
10686 2322
10686 2323
10686 12846
10697 465
10697 1966
10697 12949
10700 468
10700 10097
10700 10706
10700 12953
10701 469
10701 12944
10702 470
10702 9655
10702 12949
10706 10094
10706 10700
10709 477
10715 483
10715 1840
10715 9653
10716 9653
10718 486
10718 2609
10724 1856
10724 2721
10727 1916
10728 496
10728 1856
10729 497
10732 10740
10735 1923
10735 9660
10738 509
10738 2356
10738 10739
10739 10738
10739 10740
10740 2357
10740 10732
10740 10739
10742 513
10742 5025
10742 5026
10745 516
10745 2357
10745 5610
10750 522
10750 10925
10751 523
10751 7636
10751 10755
10753 8878
10753 9035
10755 8621
10755 8629
10755 9063
10755 10751
10756 530
10756 10762
10757 9067
10758 538
10758 8235
10758 11190
10760 9061
10760 9062
10760 10761
10761 10760
10761 10765
10762 9064
10762 10756
10765 542
10765 9064
10765 10761
10766 543
10766 8203
10766 9099
10767 544
10767 9094
10767 9095
10771 9064
10771 9099
10772 549
10772 2746
10775 9127
10775 10510
10780 9121
10780 12048
10780 12049
10782 12046
10784 561
10786 12048
10786 12108
10790 12097
10793 570
10793 12109
10795 572
10795 12247
10795 12249
10797 574
10797 7465
10800 577
10802 12312
10803 8891
10803 12252
10804 581
10804 9623
10805 582
10805 8482
10805 8483
10810 8891
10810 12319
10811 588
10811 12318
10811 12320
10812 5035
10813 257
10813 10493
10817 7478
10817 8942
10817 12216
10821 8956
10821 12364
10824 7292
10827 602
10827 4468
10827 8956
10827 12401
10828 12364
10828 12407
10833 608
10833 4468
10833 12395
10836 611
10837 9213
10840 615
10840 12455
10844 619
10844 10845
10844 10849
10845 620
10845 10844
10849 10844
10850 4451
10850 12498
10850 12502
10851 4448
10851 4452
10851 4454
10852 627
10852 8877
10852 12459
10852 12512
10852 12519
10853 628
10853 12466
10854 629
10854 3916
10854 8957
10855 10856
10855 10860
10856 8566
10856 10855
10856 10861
10858 633
10858 8971
10859 6779
10860 10855
10860 10861
10861 10856
10861 10860
10861 12548
10863 1987
10863 2437
10863 10869
10864 639
10864 1993
10864 2437
10866 10874
10866 11110
10866 12576
10868 8972
10868 10874
10868 12548
10869 1990
10869 10863
10869 12550
10871 646
10871 1993
10871 4446
10871 7036
10874 10866
10874 10868
10875 12550
10875 12551
10876 651
10876 12551
10878 11128
10882 657
10882 2127
10884 10891
10887 2160
10889 10895
10891 10884
10891 12624
10895 10889
10895 10900
10898 673
10898 1910
10898 10899
10899 10898
10900 10895
10904 679
10906 681
10909 684
10909 2229
10911 686
10911 10915
10915 10911
10919 527
10919 10925
10919 11192
10920 2399
10920 12813
10925 521
10925 9673
10925 10750
10925 10919
10927 699
10927 12816
10927 12819
10928 700
10928 12825
10928 12826
10932 1827
10932 12937
10935 710
10935 1827
10935 1829
10935 2333
10937 712
10937 2600
10938 719
10938 4703
10938 4810
10938 9925
10942 718
10942 3888
10943 5092
10943 8899
10944 722
10944 9349
10946 9059
10951 3901
10951 8896
10951 9085
10951 9087
10953 732
10953 9054
10954 7582
10955 9058
10958 739
10959 3901
10959 9085
10960 9111
10960 11003
10960 11005
10961 8266
10961 10966
10963 746
10963 3900
10963 6877
10966 751
10966 10961
10966 10967
10967 3910
10967 10966
10967 10968
10968 10967
10970 755
10971 756
10971 10972
10971 12038
10971 12394
10972 757
10972 6911
10972 10971
10973 758
10973 12041
10976 761
10976 7522
10983 7584
10983 12242
10984 4011
10984 10985
10985 10984
10985 12237
10985 12306
10988 8775
10988 8927
10988 9006
10989 774
10991 779
10991 4962
10992 780
10992 3857
10992 8905
10993 9046
10994 9049
10995 3841
10995 3843
10996 3857
10996 3859
10997 3860
10998 786
10998 9049
10998 10999
10999 10998
11000 8921
11000 8925
11003 792
11003 10960
11003 11005
11004 5980
11005 10960
11005 11003
11007 798
11007 10279
11008 8911
11008 12036
11008 12037
11011 809
11011 8918
11024 833
11025 834
11025 8923
11025 9651
11026 835
11026 2192
11027 12194
11027 12566
11036 851
11036 12803
11039 2261
11039 12803
11040 849
11040 2258
11040 12804
11041 12742
11041 12744
11043 4561
11044 964
11044 12657
11046 9774
11047 3943
11047 12306
11052 861
11052 2336
11052 4486
11057 4486
11057 7627
11057 11069
11060 869
11060 3514
11061 870
11061 3941
11064 3935
11069 878
11069 4084
11069 4488
11069 9932
11069 11057
11074 883
11074 2694
11081 4087
11081 11087
11082 891
11082 12427
11083 11089
11086 895
11086 2814
11086 3919
11087 11081
11087 12425
11088 897
11088 11089
11089 3551
11089 11083
11089 11088
11094 11101
11095 3617
11095 11101
11095 12485
11097 906
11100 909
11100 3154
11100 3567
11100 11106
11101 3154
11101 3551
11101 11094
11101 11095
11103 4506
11106 9892
11106 11100
11106 11107
11107 3154
11107 11106
11107 12535
11107 12537
11108 917
11108 8582
11108 12535
11110 10866
11110 11116
11112 921
11112 3639
11112 4048
11115 11116
11116 11110
11116 11115
11118 3639
11119 3524
11119 4118
11119 4418
11120 929
11127 3885
11127 6758
11128 3226
11128 10878
11128 12571
11133 942
11133 6758
11133 12613
11136 945
11136 5513
11137 3842
11137 3884
11137 5775
11140 949
11142 951
11142 6193
11143 952
11143 6193
11143 6474
11143 6633
11154 969
11156 973
11156 6340
11156 6350
11156 9791
11159 9775
11160 12418
11161 985
11161 9888
11162 988
11162 6371
11162 11168
11164 12415
11166 992
11166 11167
11166 12418
11167 11166
11167 12425
11168 994
11168 11162
11168 11169
11169 2900
11169 11168
11173 999
11173 8495
11176 1002
11177 12474
11180 10035
11182 1008
11182 8500
11182 12528
11183 1009
11183 8498
11183 9904
11185 9803
11186 12526
11186 12529
11187 1013
11187 12529
11188 9803
11188 12531
11189 9039
11190 532
11190 10758
11190 11192
11191 539
11191 7637
11191 9095
11191 11192
11192 10919
11192 11190
11192 11191
11194 694
11194 2321
11194 9661
11194 12750
11196 713
11197 720
11197 9053
11198 4612
11198 4614
11201 1024
11201 3716
11203 4596
11211 1034
11211 2391
11213 2373
11213 12685
11216 6378
11216 12831
11218 1041
11218 2489
11218 3601
11221 6384
11222 1045
11222 11796
11222 12848
11223 6399
11223 9246
11225 1054
11225 4678
11225 6497
11225 11805
11226 1056
11226 11798
11227 4615
11227 11801
11228 11804
11229 4648
11229 11807
11237 7149
11237 8708
11239 1083
11239 7164
11243 1087
11243 8520
11243 11244
11243 11247
11244 8497
11244 11243
11244 11245
11245 8485
11245 8488
11245 11244
11246 8510
11247 1091
11247 8510
11247 11243
11248 8474
11248 8502
11252 8466
11252 8468
11257 7216
11257 8353
11257 8384
11258 1102
11258 8405
11258 8429
11259 8405
11259 8423
11260 8384
11263 3577
11263 3578
11265 7188
11265 8084
11265 11268
11266 1110
11266 8104
11268 8090
11268 11265
11275 9693
11275 11278
11278 8042
11278 11275
11286 8959
11287 1131
11287 7251
11289 1133
11289 7256
11291 8960
11291 8991
11292 7756
11292 8049
11296 7805
11296 7808
11297 1141
11297 7757
11297 7766
11302 7767
11302 7774
11307 7269
11307 7779
11307 7799
11308 1152
11308 4871
11308 7261
11308 9737
11310 1154
11310 9025
11313 1157
11313 8677
11314 1158
11314 8536
11315 8540
11316 1160
11316 8562
11316 8564
11318 1162
11319 8321
11319 8323
11324 7811
11324 8108
11325 8832
11328 1175
11329 7244
11329 8130
11329 8135
11332 8030
11334 1184
11334 8004
11335 1185
11335 9719
11339 4906
11341 1191
11341 7844
11342 1192
11342 3888
11342 7795
11343 1193
11343 8635
11343 8637
11345 8645
11345 8808
11346 9747
11351 8651
11351 9744
11352 1202
11352 8583
11357 8296
11357 8298
11359 8285
11359 8288
11361 8227
11361 8840
11361 9695
11362 1212
11362 8178
11362 8182
11364 1214
11364 8192
11364 8848
11364 9695
11365 8846
11365 8848
11366 1216
11366 7229
11366 8017
11368 1218
11369 7230
11369 8017
11370 1220
11370 7991
11373 7882
11373 9708
11374 1224
11374 7994
11374 8860
11374 9712
11377 7868
11377 7869
11377 7873
11380 8628
11382 3209
11382 8618
11382 11384
11384 1234
11384 3209
11384 11382
11386 1236
11386 8589
11386 8593
11390 1240
11390 8241
11390 8251
11392 1242
11392 3574
11392 8228
11395 7226
11395 7957
11396 7950
11396 7951
11399 1249
11399 7922
11401 7916
11405 3201
11405 3202
11405 3203
11406 1402
11406 9346
11407 1406
11407 3162
11407 3172
11407 9311
11408 1410
11408 3173
11408 8215
11408 11409
11409 1414
11409 11408
11411 1422
11411 3525
11411 7957
11416 1393
11416 3131
11418 3131
11421 9346
11421 11424
11422 1403
11422 3166
11422 3175
11423 3157
11423 3165
11423 3175
11424 1405
11424 3162
11424 11421
11428 3402
11428 3404
11432 3436
11435 9154
11438 3533
11438 7252
11441 12248
11441 12285
11441 12417
11442 1432
11442 12456
11448 2967
11451 1443
11451 6464
11452 3188
11452 9178
11452 9610
11456 3402
11456 3425
11457 3463
11458 1450
11459 3451
11462 3449
11462 3451
11464 1456
11464 1880
11467 2942
11469 2981
11469 2996
11471 1463
11471 2995
11471 3023
11471 3025
11473 3044
11474 3048
11480 1472
11480 3326
11480 3352
11481 3368
11481 3369
11483 1475
11486 7210
11487 1479
11487 3002
11487 3007
11488 1480
11488 3025
11488 3030
11490 1482
11490 3070
11490 3072
11490 3074
11496 1488
11496 3332
11496 3343
11498 1490
11498 3342
11498 3356
11498 3364
11500 12442
11501 1255
11501 3779
11501 12480
11501 12484
11505 10067
11505 12516
11506 6713
11506 12449
11512 1269
11514 12530
11514 12532
11523 1280
11523 12546
11525 1282
11525 12605
11532 1289
11532 12563
11534 3831
11535 1292
11535 12620
11536 12630
11537 1294
11537 12611
11537 12664
11540 1297
11540 10114
11540 12667
11543 12674
11545 1306
11545 6433
11546 1307
11546 9756
11546 12820
11547 1310
11547 12748
11547 12779
11548 1311
11548 12806
11549 7120
11549 12831
11549 12838
11552 1315
11552 12841
11552 12845
11552 12925
11553 10068
11553 12807
11554 10068
11554 12858
11558 11794
11560 12876
11563 1792
11564 1792
11564 6497
11564 12931
11564 12948
11566 1329
11566 4073
11566 4239
11566 12876
11567 1330
11567 4233
11567 4239
11569 1332
11569 1810
11569 11575
11571 1334
11571 10074
11571 11578
11571 12889
11571 12891
11574 7146
11574 12882
11575 1338
11575 1823
11575 1828
11575 11569
11578 11571
11578 11579
11579 1342
11579 9164
11579 11578
11579 11584
11580 1343
11584 1347
11584 11579
11584 12919
11586 6510
11586 11587
11587 1350
11587 1850
11587 11586
11588 1850
11589 3261
11589 3769
11591 1921
11591 3785
11591 3786
11592 1925
11592 3778
11593 1356
11593 3695
11593 3803
11594 1357
11594 1941
11594 3785
11596 1359
11596 3812
11596 3820
11605 1368
11605 2194
11605 4228
11607 2163
11607 2248
11608 10074
11612 1375
11612 3642
11612 3645
11621 4069
11621 4083
11625 4135
11625 4137
11631 5695
11633 1495
11633 2833
11634 2038
11634 5618
11634 5621
11635 5673
11635 5705
11636 1503
11636 5690
11637 5719
11637 5741
11637 9839
11638 1505
11638 5690
11638 5708
11638 5720
11639 5752
11639 5778
11640 1507
11640 5741
11640 5743
11640 5755
11641 1508
11641 5610
11641 5630
11642 2402
11642 5615
11642 5788
11643 1514
11643 5652
11643 5665
11643 5667
11643 5681
11646 1518
11646 5686
11646 5704
11646 5716
11648 5772
11649 1521
11649 4968
11649 7307
11651 4940
11651 4970
11652 4960
11652 11653
11653 4907
11653 4961
11653 11652
11654 4961
11660 2000
11660 5296
11661 1533
11661 5284
11661 5299
11662 1534
11662 5327
11662 5341
11665 5378
11666 1538
11666 12885
11667 5014
11668 12811
11668 12890
11669 1541
11669 2703
11672 4888
11672 4987
11672 4989
11675 1547
11675 4963
11675 4975
11678 4882
11678 7316
11680 4958
11680 4960
11680 9845
11683 9845
11685 1557
11685 5244
11687 5290
11687 5293
11687 5311
11688 5323
11688 5334
11688 5351
11691 5353
11691 5370
11694 1575
11694 10085
11695 1573
11695 12803
11696 1576
11696 4862
11696 4870
11701 7328
11701 7329
11701 12929
11705 4811
11705 7394
11705 7395
11709 1589
11709 7339
11713 1593
11713 4747
11713 4748
11714 1594
11714 7347
11715 9836
11716 7342
11717 7387
11719 1599
11722 4883
11722 6620
11722 7342
11722 7348
11724 4705
11724 7382
11724 7384
11727 1607
11727 4684
11728 4881
11729 1613
11729 5439
11729 5448
11730 1611
11730 4684
11730 4687
11741 1624
11743 6593
11743 6595
11743 6601
11744 1627
11744 4665
11744 4668
11746 4655
11746 4659
11748 4857
11748 4866
11748 9821
11749 4865
11750 4825
11752 4874
11754 1641
11754 4799
11754 4803
11754 4874
11757 5432
11757 5437
11758 5429
11758 7431
11759 5490
11761 5516
11762 5576
11763 1651
11763 5578
11763 9799
11765 6544
11769 729
11769 8896
11770 736
11770 9087
11770 9091
11773 8905
11773 12084
11775 790
11775 12088
11777 12037
11779 9649
11779 9669
11780 826
11784 12033
11785 967
11785 2693
11785 3886
11785 6326
11786 972
11786 6326
11786 6340
11786 10036
11788 4617
11788 10080
11789 1021
11789 10081
11789 12836
11792 3475
11792 3479
11792 3483
11793 12557
11793 12558
11794 1048
11794 4678
11794 11558
11794 11796
11796 1049
11796 11222
11796 11794
11798 3124
11798 10078
11798 11226
11801 4612
11801 4615
11801 10079
11801 11227
11802 4617
11802 10079
11804 1067
11804 2558
11804 9835
11804 11228
11805 1061
11805 11225
11807 2727
11807 3858
11807 11229
11808 3124
11808 3858
11810 3716
11810 12596
11811 4615
11812 5569
11812 5645
11815 5621
11815 5623
11815 5658
11816 1502
11816 2005
11816 5674
11824 1565
11830 1638
11830 4788
11830 4804
11830 4874
11831 1639
11831 4766
11831 11832
11832 1636
11832 11831
11833 4792
11834 6476
11835 4212
11835 4213
11835 11966
11839 1723
11839 3393
11839 4187
11843 1727
11843 11951
11850 1732
11850 9481
11850 9486
11851 9548
11852 1733
11852 9554
11852 9558
11856 9568
11856 9571
11859 9595
11866 2918
11866 10309
11866 12256
11869 10186
11870 11871
11870 12261
11871 11870
11874 1698
11875 6034
11875 6053
11880 11881
11880 12018
11881 11880
11887 1665
11887 10178
11887 10182
11891 11894
11892 12409
11893 5906
11893 10195
11894 2529
11894 11891
11897 1693
11897 2534
11900 5983
11902 6010
11905 6029
11905 6042
11905 6044
11910 10152
11913 1674
11913 5825
11919 2524
11919 5931
11919 5936
11920 2531
11923 2536
11923 6060
11924 6067
11927 6977
11927 12365
11929 2512
11929 6185
11932 1715
11932 7039
11940 2983
11940 3654
11944 6764
11944 10250
11945 6774
11947 3649
11947 9391
11948 3676
11948 4282
11949 6654
11949 9391
11949 11958
11951 5524
11951 11843
11955 4142
11955 4187
11955 4218
11955 5339
11958 11949
11962 6562
11962 9398
11965 4200
11966 4209
11966 11835
11967 4224
11967 5480
11971 5510
11974 7066
11975 2303
11978 2292
11978 11979
11979 4261
11979 11978
11980 4216
11980 9388
11983 5897
11983 12279
11986 5956
11988 6015
11989 6000
11989 6001
11993 6161
11994 6174
11994 6946
11998 6971
11998 6974
12000 1683
12000 6203
12000 6209
12000 6219
12001 2531
12002 2533
12002 5982
12006 6187
12006 12309
12007 6211
12007 6224
12008 6223
12008 6233
12013 6846
12013 6850
12015 3746
12017 9533
12018 6770
12018 6778
12018 11880
12019 6764
12022 6972
12022 6974
12023 9250
12023 9251
12025 6800
12025 9254
12027 7061
12027 9882
12028 6803
12029 10509
12031 8795
12033 2693
12033 11784
12034 3872
12034 9668
12034 12035
12034 12036
12035 8918
12035 12034
12035 12036
12036 803
12036 10280
12036 11008
12036 12034
12036 12035
12037 11008
12037 11777
12038 10971
12041 10973
12044 12046
12045 8862
12045 12108
12046 10782
12046 12044
12048 10780
12048 10786
12048 12049
12049 8887
12049 10780
12049 12048
12049 12108
12052 3907
12052 12053
12053 8873
12053 12052
12055 12133
12058 8428
12058 12059
12058 12062
12059 12058
12059 12124
12060 12124
12062 8883
12062 12058
12064 12065
12064 12126
12065 8845
12065 12064
12065 12066
12066 12065
12066 12078
12068 9143
12068 12069
12069 3960
12069 12068
12069 12070
12070 3955
12070 10513
12070 12069
12071 3961
12071 12077
12076 3965
12076 12077
12077 12071
12077 12076
12077 12079
12078 12066
12079 12077
12080 8847
12082 9618
12084 11773
12084 12088
12085 7107
12087 6964
12088 11775
12088 12084
12091 12242
12097 10790
12097 12098
12098 10783
12101 9621
12104 12106
12106 12104
12108 10786
12108 12045
12108 12049
12108 12109
12109 9184
12109 10793
12109 12108
12110 12111
12111 10527
12111 12110
12124 12059
12124 12060
12126 8845
12126 10524
12126 12064
12132 10532
12133 8428
12133 12055
12142 6786
12142 6806
12144 2140
12150 12151
12151 12150
12153 12148
12154 2135
12154 12148
12158 8494
12163 5129
12165 2192
12165 3869
12166 12167
12167 12166
12179 12180
12180 8693
12180 12179
12186 3880
12189 10592
12189 12190
12190 12189
12191 12194
12194 11027
12194 12191
12213 12212
12216 10817
12221 6904
12223 7788
12223 10652
12223 12224
12224 7787
12224 7788
12224 10651
12224 12223
12226 7820
12227 5199
12230 8856
12237 4011
12237 10985
12238 7522
12238 7558
12242 7558
12242 10983
12242 12091
12246 12247
12247 10795
12247 12246
12248 10033
12248 11441
12249 10795
12252 10803
12252 12253
12253 9621
12253 12252
12255 7464
12255 7465
12256 2917
12256 11866
12261 11870
12262 10527
12262 10533
12262 12263
12263 8886
12263 12262
12266 12267
12267 3973
12267 10528
12267 10529
12267 12266
12268 7476
12272 8895
12272 8912
12272 12276
12276 8475
12276 8476
12276 12272
12279 11983
12279 12428
12284 10532
12284 12286
12285 11441
12285 12417
12286 8894
12286 12284
12286 12289
12289 10532
12289 12286
12290 10532
12291 12288
12291 12385
12303 8913
12305 9772
12305 9774
12305 12306
12306 9771
12306 10985
12306 11047
12306 12305
12309 7058
12309 12006
12312 10802
12318 10811
12319 10810
12320 10811
12327 3981
12327 12328
12328 8478
12328 10541
12328 12327
12332 3979
12332 8476
12334 8935
12336 2745
12336 10543
12338 5019
12345 8936
12346 10327
12346 10329
12356 12357
12357 10209
12357 12356
12357 12361
12361 6984
12361 12357
12361 12362
12362 6977
12362 12361
12363 12365
12363 12372
12363 12433
12364 10821
12364 10828
12364 12367
12365 11927
12365 12363
12365 12372
12367 12364
12367 12368
12368 12367
12368 12369
12369 12368
12370 6905
12370 6907
12370 8342
12371 12383
12372 12363
12372 12365
12375 9789
12376 6334
12376 9931
12379 5857
12379 10194
12383 7287
12383 12371
12385 5832
12385 12291
12389 6185
12394 10971
12395 10833
12398 8952
12401 10827
12407 10828
12409 11892
12413 2926
12413 10199
12415 11164
12417 11441
12417 12285
12418 11160
12418 11166
12421 5969
12424 4087
12424 4488
12424 9976
12424 12425
12425 11087
12425 11167
12425 12424
12427 11082
12427 12429
12428 5897
12428 5912
12428 12279
12429 12427
12433 12363
12441 12442
12442 11500
12442 12441
12442 12444
12442 12446
12444 12442
12446 12442
12446 12448
12448 12446
12448 12449
12449 11506
12449 12448
12455 10840
12455 12460
12456 11442
12457 7480
12459 7480
12459 10852
12459 12460
12460 12455
12460 12459
12460 12462
12462 12460
12466 6673
12466 10853
12470 8500
12471 8498
12471 8500
12471 9904
12474 8498
12474 11177
12476 12480
12476 12484
12480 11501
12480 12476
12484 11501
12484 12476
12485 11095
12497 9029
12498 8957
12498 10850
12502 10850
12512 10852
12514 8600
12516 1925
12516 11505
12518 12514
12519 10852
12520 12523
12523 12520
12526 11186
12528 11182
12528 12529
12529 11186
12529 11187
12529 12528
12530 7133
12530 11514
12530 12534
12531 11188
12532 11514
12534 12530
12534 12538
12534 12542
12535 11107
12535 11108
12537 11107
12537 12539
12538 7122
12538 12534
12538 12542
12539 8582
12539 12537
12541 7127
12541 12544
12541 12545
12542 7089
12542 12534
12542 12538
12543 12544
12543 12545
12544 12541
12544 12543
12545 7089
12545 12541
12545 12543
12546 11523
12548 10861
12548 10868
12550 10869
12550 10875
12551 1993
12551 4446
12551 10875
12551 10876
12557 3475
12557 4600
12557 11793
12558 8613
12558 11793
12563 11532
12565 7845
12565 12649
12566 6652
12566 7117
12566 11027
12571 11128
12576 8584
12576 10866
12581 8972
12585 6503
12591 7527
12595 4612
12595 4615
12596 11810
12597 6503
12597 7125
12598 4600
12598 7543
12602 2338
12602 3880
12604 3840
12604 4019
12604 4032
12605 6504
12605 7125
12605 11525
12606 3747
12608 5513
12608 7549
12611 2352
12611 11537
12613 3210
12613 7295
12613 11133
12614 2064
12620 11535
12620 12623
12623 6419
12623 12620
12624 10891
12630 11536
12632 12643
12639 2225
12639 12717
12641 2894
12643 12632
12643 12651
12644 2039
12644 12645
12645 12644
12645 12689
12647 12650
12648 6756
12648 7291
12648 9966
12649 12565
12650 12647
12650 12651
12651 12643
12651 12650
12651 12659
12657 4551
12657 4553
12657 11044
12659 9754
12659 12651
12663 9170
12663 9754
12664 11537
12667 11540
12672 10655
12674 11543
12674 12675
12675 9755
12675 12674
12680 12759
12685 2375
12685 11213
12689 12645
12692 9754
12692 9759
12693 7809
12693 10413
12693 12695
12695 12693
12699 5199
12699 12700
12700 10420
12700 10426
12700 12699
12700 12702
12702 5203
12702 12700
12706 9759
12706 12718
12715 10421
12715 12716
12716 3482
12716 10422
12716 10428
12716 12715
12717 2165
12718 1305
12718 12706
12720 12725
12721 2370
12721 2595
12725 2370
12725 10298
12725 12720
12742 11041
12743 12744
12744 11041
12744 12743
12744 12817
12746 2241
12748 11547
12750 11194
12752 9930
12752 12753
12753 10665
12753 10671
12753 12752
12753 12755
12755 10672
12755 12753
12758 10351
12759 12680
12766 12768
12768 12766
12768 12798
12769 12771
12771 12769
12773 10430
12773 12865
12779 11547
12780 12798
12786 12806
12788 10432
12788 12790
12788 12869
12790 5170
12790 12788
12790 12793
12793 6723
12793 12790
12798 12768
12798 12780
12803 11036
12803 11039
12803 11695
12803 12804
12804 2258
12804 11040
12804 12803
12806 6447
12806 11548
12806 12786
12806 12835
12807 11553
12810 12811
12811 11668
12811 12810
12813 10920
12816 10927
12816 12817
12817 12744
12817 12816
12817 12819
12819 10927
12819 12817
12820 9755
12820 11546
12820 12831
12824 12832
12825 2250
12825 10928
12825 12826
12826 9930
12826 10928
12826 12825
12831 11216
12831 11549
12831 12820
12832 10683
12832 12824
12832 12895
12833 8871
12835 12806
12836 11789
12837 10680
12838 11549
12838 12839
12839 12838
12839 12841
12839 12924
12841 11552
12841 12839
12845 7120
12845 11552
12846 10686
12846 12898
12847 7120
12848 7121
12848 11222
12852 10682
12856 2575
12856 10443
12858 11554
12860 10443
12860 12901
12862 5174
12862 10682
12864 9159
12864 12870
12865 12773
12865 12866
12866 10430
12866 12865
12867 5185
12869 12788
12869 12871
12870 5146
12871 10437
12871 10438
12871 12869
12872 10437
12872 12873
12872 12874
12873 10438
12873 12872
12873 12874
12874 10443
12874 12872
12874 12873
12874 12902
12875 12864
12876 4233
12876 11560
12876 11566
12882 1794
12882 11574
12883 4622
12885 4893
12885 11666
12889 4073
12889 11571
12890 11668
12891 11571
12891 12896
12892 12893
12893 2289
12893 12892
12894 9164
12894 12896
12895 12832
12895 12946
12896 12891
12896 12894
12898 2757
12898 12846
12901 12860
12901 12902
12902 12874
12902 12901
12905 12909
12905 12912
12908 10451
12908 12909
12909 10451
12909 12905
12909 12908
12911 2302
12911 12918
12912 10452
12912 12905
12918 1845
12918 12911
12918 12919
12918 12921
12919 11584
12919 12918
12919 12921
12921 12918
12921 12919
12924 12839
12924 12925
12925 11552
12925 12924
12928 1814
12928 10308
12928 10453
12929 4849
12929 7327
12929 11701
12931 5143
12931 11564
12932 5007
12932 12933
12932 12936
12933 5011
12933 12932
12936 12932
12937 10932
12943 2290
12943 2831
12944 2600
12944 2831
12944 10701
12946 12895
12947 9655
12948 11564
12949 10697
12949 10702
12950 1840
12951 12931
12953 10700
12961 5089
12962 1867
12964 5101
12965 5101
12968 5113
12968 5114
12974 6690
12978 2190
