136 10372
1128 11284
1891 10316
2345 10721
2663 10318
2708 2667
3036 11489
3655 3656
3656 3655
3785 11591
3859 3860
3860 3859
4236 4237
4237 4236
4430 5794
4442 10877
5347 5359
5359 5347
5424 5426
5426 5424
5794 4430
6804 12020
7055 7056
7056 7055
7319 7320
7320 7319
7869 8774
8423 8433
8433 8423
8774 7869
8942 8943
8943 8942
9718 9719
9719 9718
9806 9904
9904 9806
10316 1891
10318 2663
10372 136
10721 2345
10832 12395
10877 4442
11284 1128
11489 3036
11591 3785
12020 6804
12134 12230
12230 12134
12236 12232
12395 10832
