255 256
400 402
719 722
803 804
893 896
1048 1050
1179 1180
1227 800
1240 1013
578 322
1377 1378
804 803
804 1382
1389 755
1411 1272
704 844
1568 403
1568 1513
1513 1568
374 449
1597 1598
1597 755
1577 905
1023 322
1060 844
1190 1193
882 1461
800 1227
1107 1672
1107 823
1062 102
322 578
322 1023
322 166
752 1377
752 1378
1180 1179
1050 1048
1378 1377
162 1455
1497 256
1685 544
1272 803
1272 1411
402 400
402 1195
920 265
449 374
896 893
1461 882
415 95
415 1974
1382 803
1382 804
61 627
166 578
166 322
1193 1190
1318 415
2038 2014
2196 2322
2196 2259
2196 2180
2235 2089
2373 2014
2373 2374
2268 1132
2233 2408
2416 2374
2322 2196
2322 2177
2322 2374
2121 2404
1940 2121
2456 2195
2142 2472
2326 2404
2290 2404
2089 2235
2259 2196
2014 2038
2014 2373
2195 2127
2440 2412
2404 2261
2404 2121
2404 2326
