% asym posweighted
% 12969 2539 2539
1 2
1 3
1 4
1 6
11 12
11 13
11 14
11 15
11 16
11 17
19 20
19 21
19 22
19 23
19 24
19 25
26 27
26 29
26 30
26 31
26 32
35 37
35 39
35 40
35 41
42 43
42 44
42 45
42 46
42 47
48 49
50 51
12 11
12 53
12 13
12 14
12 15
12 8
12 54
55 57
55 58
55 61
55 62
55 63
64 65
64 66
64 67
64 68
64 71
64 72
74 75
74 76
74 78
74 79
74 80
89 90
89 91
89 93
89 94
89 95
89 96
97 98
97 85
99 100
99 101
99 102
99 104
99 105
99 106
2 107
2 84
2 109
2 88
110 111
113 115
113 116
117 118
117 119
117 120
117 121
122 125
122 8
122 126
122 127
122 128
129 130
129 131
129 132
129 133
129 134
129 135
129 136
129 137
138 139
138 140
138 133
138 141
138 142
138 143
65 64
65 66
65 68
65 146
65 147
65 71
65 148
65 72
157 159
157 160
157 162
157 164
157 165
167 169
167 170
167 171
167 172
167 173
167 174
167 175
184 185
186 187
186 188
186 189
186 190
186 175
191 192
191 193
191 194
191 197
191 199
200 201
200 202
200 203
200 205
200 206
200 207
200 208
210 212
210 213
210 214
53 215
53 217
53 220
53 222
227 228
227 229
227 230
231 232
231 235
231 236
231 237
231 238
239 241
239 242
239 243
239 164
239 244
239 175
239 245
139 248
139 249
139 250
139 251
139 252
139 253
255 256
255 257
255 258
255 259
255 260
267 268
267 269
267 270
271 272
271 273
271 274
271 275
276 206
276 181
276 207
276 281
276 282
283 284
283 44
283 286
289 290
289 291
289 208
293 294
293 295
293 78
293 296
293 297
130 301
130 169
130 302
130 132
130 303
130 305
130 306
307 309
307 310
311 312
311 313
314 315
314 316
314 312
314 76
314 318
324 325
324 132
324 152
324 179
324 326
324 252
324 264
324 327
329 3
329 330
333 334
333 335
336 338
336 339
336 340
336 341
336 342
336 343
336 344
345 257
345 346
345 347
345 17
345 349
345 350
351 345
351 352
351 346
351 353
351 148
351 354
351 355
351 47
150 357
150 359
150 360
361 362
361 363
361 364
361 365
361 366
361 367
373 374
373 375
373 376
373 377
378 130
378 379
378 380
378 382
378 258
378 78
378 79
140 385
140 386
140 388
140 389
140 390
140 392
393 167
393 51
393 394
393 395
393 179
393 396
393 6
393 360
397 125
397 398
417 418
417 335
91 422
427 15
427 429
427 430
427 431
432 11
432 15
432 434
432 435
432 437
432 282
440 94
440 443
452 215
464 465
464 466
467 468
469 470
471 472
471 473
471 95
474 475
474 476
474 58
474 347
474 478
479 129
479 75
479 480
481 482
481 262
481 483
481 484
481 485
481 266
481 486
493 64
493 475
493 494
493 476
493 495
493 58
493 497
493 478
498 499
498 500
498 501
498 502
503 504
503 505
232 506
232 420
232 507
508 509
519 520
519 228
519 523
472 471
472 530
472 531
472 532
301 533
301 535
301 536
301 537
301 538
539 540
539 541
539 542
543 545
294 293
294 547
548 549
548 550
548 551
548 552
548 553
334 555
334 556
558 559
558 560
558 561
558 562
563 564
513 575
513 517
513 518
513 576
520 577
520 549
520 578
520 579
520 580
520 286
520 581
520 576
577 494
577 582
577 583
577 585
577 586
577 587
588 589
588 590
588 517
352 592
352 593
352 594
352 273
352 322
352 174
602 68
602 372
602 603
602 604
605 340
605 147
605 606
605 148
605 258
605 607
605 608
605 609
614 615
614 616
614 173
614 617
628 629
628 630
628 631
632 633
632 634
632 635
632 330
632 636
632 637
638 639
638 640
638 641
638 642
643 645
643 646
643 647
643 648
650 633
650 654
650 54
650 655
650 656
192 300
669 670
675 302
629 628
629 677
629 630
66 64
66 65
66 67
66 68
66 679
66 601
681 682
681 201
681 683
681 684
681 685
681 686
681 608
681 687
681 688
681 576
689 690
689 691
689 692
689 693
689 641
689 303
695 697
695 698
695 125
695 699
695 701
703 462
703 705
703 238
706 707
706 709
706 207
706 523
706 106
711 132
711 691
711 712
711 714
711 715
711 367
711 306
716 717
716 718
719 498
719 720
719 721
719 722
723 724
723 725
723 726
723 727
723 259
248 139
248 380
248 338
248 249
248 341
732 495
732 733
732 647
732 384
461 167
461 703
461 187
461 705
461 734
461 175
506 232
506 735
506 156
736 628
736 630
736 737
738 66
738 67
738 647
738 740
738 679
738 741
738 742
100 99
100 101
100 743
100 744
745 747
745 748
749 750
749 369
749 295
749 751
749 371
749 752
749 128
753 71
753 754
753 755
757 716
757 758
757 760
765 766
765 68
765 767
765 768
765 769
765 770
187 322
772 66
772 773
772 647
772 679
101 89
101 100
101 779
101 780
101 781
782 101
782 783
782 353
782 785
67 66
67 68
67 790
67 148
67 647
67 792
102 794
102 795
102 796
797 800
797 686
797 802
797 459
803 695
803 698
803 804
803 805
803 806
803 807
808 157
808 549
808 575
808 243
808 811
808 812
813 130
813 302
813 132
813 712
813 303
813 306
818 819
818 820
818 693
818 17
818 396
818 821
818 360
818 822
169 506
169 171
169 83
169 735
169 181
169 823
169 687
284 283
284 44
284 824
284 286
284 109
131 130
131 301
131 818
131 315
131 302
131 132
131 340
131 825
29 26
29 331
29 826
29 828
29 829
830 225
830 57
830 831
830 86
315 131
315 832
833 605
833 645
833 834
833 600
833 837
838 550
838 840
838 826
838 841
838 505
851 852
851 386
851 853
851 188
851 190
851 214
582 577
582 583
582 585
582 855
43 858
43 242
43 859
43 860
75 340
75 861
864 532
867 369
867 868
867 767
867 370
867 869
867 372
867 770
783 881
783 882
783 883
783 880
783 63
884 885
884 705
118 897
865 44
865 900
901 902
901 904
901 905
193 191
193 102
193 907
193 560
193 909
193 575
193 666
912 454
912 733
912 913
912 896
912 914
915 766
915 597
916 917
916 918
916 919
916 564
916 598
916 514
916 21
916 408
766 605
766 923
766 768
766 71
766 647
766 926
766 190
707 520
707 939
707 578
707 941
707 942
707 943
939 707
939 411
939 578
939 941
939 948
939 942
939 581
939 943
762 763
762 425
762 953
959 750
959 960
959 961
959 213
959 80
959 962
959 128
963 353
963 647
963 965
966 113
966 967
968 588
968 410
968 664
968 969
968 970
968 396
968 971
968 431
973 707
973 939
973 974
973 933
973 952
976 977
976 978
976 979
951 804
951 683
951 502
951 982
951 576
446 300
446 986
446 987
446 988
446 989
990 833
990 991
990 992
990 993
990 770
990 601
852 997
852 767
852 999
852 1000
852 1001
852 1002
852 770
852 688
549 833
549 550
549 581
997 645
997 111
997 931
997 1012
997 742
659 474
659 43
659 83
659 777
659 1020
659 1021
659 1022
321 1023
321 322
321 175
321 323
321 238
321 1024
1030 1031
1032 1033
1032 1034
1032 1035
1032 229
1032 1036
1032 1037
1032 1038
1032 1039
1040 582
1040 776
1040 160
1040 575
1040 173
1040 1042
1040 245
645 1053
645 1054
645 1055
645 1056
1059 14
1059 224
1059 225
1059 226
1059 660
1061 993
1061 135
1061 1062
1061 740
1061 1063
1061 1064
881 1065
881 1066
881 850
1068 1040
1068 411
1068 578
1068 1069
1068 437
1068 1071
1068 1072
1068 581
1068 245
1073 1074
1073 1075
1073 1076
1073 245
1077 1078
1080 50
1080 797
1080 1081
1080 1082
1080 616
1083 329
1083 1084
1083 1085
1083 266
1083 1086
1083 1087
256 602
256 1097
256 105
256 258
256 1098
256 1018
682 1099
682 683
682 1071
682 384
991 772
991 852
991 837
991 1092
991 1093
1104 1105
1104 1106
1104 1107
1104 1108
1104 1109
1104 1110
1104 47
1104 823
1104 1111
1115 110
1115 629
1115 76
1115 561
1115 1116
1115 869
1115 1119
1120 1121
1120 1122
1124 1125
1124 190
1124 1126
1127 901
1127 1044
1127 1128
550 548
550 549
550 1129
550 1066
550 553
325 324
325 132
325 693
325 326
325 1131
325 143
1133 2
1133 329
1133 1134
1133 220
1133 1020
1142 113
1142 115
1142 1143
1142 1144
592 1023
592 1146
592 1147
592 1148
1149 1150
1149 1151
1149 896
1149 1152
1153 331
1153 333
1153 629
1153 1154
1153 1155
1153 1156
1157 697
1157 341
1157 360
848 849
848 646
551 548
551 547
551 213
1159 1160
1099 682
1099 133
1099 820
1099 788
1099 251
1099 252
559 370
559 371
559 902
559 372
559 259
559 1165
559 1166
709 379
709 380
709 1172
709 974
709 497
709 207
709 1072
1176 475
1176 474
1176 476
1176 866
1176 1178
1176 88
380 605
380 249
380 291
380 258
380 905
380 199
380 601
1179 289
1179 1180
1179 208
1179 1181
1194 167
1194 1066
1194 172
1194 1195
750 66
750 369
750 897
750 547
750 1196
750 679
750 1197
1198 475
1198 352
1198 659
1198 593
1198 272
1198 1199
1198 1021
1198 1201
720 897
720 992
720 1202
720 730
720 1203
720 78
720 962
977 979
977 895
977 631
977 1206
977 165
257 345
257 347
257 1207
257 1208
257 349
257 350
555 1209
555 1210
639 638
639 640
639 914
1172 709
1172 1176
1172 435
1172 203
1172 205
1172 206
1172 1049
1172 1212
357 824
357 517
357 914
1216 1217
1216 470
1218 440
1218 1219
1218 1220
1218 1082
1218 967
1218 800
1218 1221
1218 1222
1218 162
1223 41
1227 800
1227 1228
1227 1229
1230 974
1230 598
1230 1231
1230 606
1230 1146
1230 831
1230 1232
1230 1103
1230 807
82 83
82 220
82 85
82 877
82 88
819 695
819 818
819 125
819 1234
819 457
819 1235
1240 1211
1240 1042
1240 1019
1240 1241
1242 53
1242 1243
1242 1244
1242 1195
1242 1136
1242 1245
1242 1022
1246 1083
1246 1106
1246 1109
1246 1086
1246 1247
633 632
633 83
633 656
1249 42
1249 1119
1249 1250
1249 222
499 502
13 1122
13 1251
13 621
132 130
132 711
132 691
132 712
132 1109
132 303
132 715
132 306
526 923
526 21
1252 912
1252 173
1252 1253
44 283
44 865
44 1256
44 1257
44 401
1258 945
1258 3
1258 1259
1258 6
1260 1261
1260 1262
1260 1263
1260 880
500 498
500 501
500 502
500 1265
500 1267
1270 751
1270 1271
1270 480
1270 128
698 695
698 803
698 699
698 805
698 806
1273 225
1273 1274
369 750
369 372
14 11
14 12
14 257
14 15
14 347
14 8
14 1277
295 369
295 731
295 269
1278 819
1278 1279
1278 1280
1278 1281
1278 1282
1278 927
1278 96
1284 102
1284 68
1284 597
1284 1285
1284 811
1284 1286
1284 1163
1284 128
1287 763
1287 953
1287 841
1287 377
954 329
954 703
954 462
954 690
954 877
954 1214
954 1215
424 140
424 1288
424 388
424 389
424 390
1289 1290
1289 1291
1289 1292
1289 1126
170 475
170 169
170 171
170 734
170 1173
338 336
338 248
338 1293
338 1138
338 341
338 396
338 197
338 1294
385 101
385 1296
385 1288
385 685
385 282
1297 672
1297 813
1297 132
1297 447
1297 788
1299 772
1299 599
1299 24
1299 715
224 1176
224 84
224 85
224 86
224 88
1300 530
1300 1222
1302 454
454 1303
454 896
1279 427
1279 1278
1279 430
1279 142
68 64
68 65
68 67
68 597
68 148
68 926
1305 506
1305 1306
1305 616
1305 1308
1305 41
225 830
225 1059
225 57
225 735
225 181
225 1201
1274 1273
1274 1244
1274 775
1274 875
1274 485
1309 434
677 558
677 629
677 1310
677 561
677 1311
677 1312
677 1313
1319 1320
215 53
215 452
215 1321
215 85
215 1322
215 1323
146 65
171 169
171 594
171 705
171 181
1325 133
1325 1326
1325 1327
1325 1329
1325 1330
1325 1331
1333 901
1333 412
1333 300
1333 1327
1333 1335
1333 1336
1333 612
1333 259
177 138
177 180
907 193
907 1025
907 1337
907 1338
907 1029
560 493
560 1339
560 1340
560 609
410 968
410 526
410 412
410 902
410 1267
1341 179
1341 982
1341 327
1343 1344
1343 437
1343 587
1343 576
488 45
488 492
556 35
556 1280
556 616
556 1346
1347 525
1347 992
1347 1015
1347 1181
897 750
411 578
411 877
411 581
411 1042
1217 469
1217 1216
1217 411
1217 470
133 138
133 788
133 1107
133 303
133 1349
57 82
57 664
57 1350
57 1108
57 507
578 520
578 707
578 939
578 411
578 322
578 581
111 110
111 931
111 1012
1352 412
1352 646
1352 1353
290 289
290 201
290 206
290 208
1354 992
1354 993
1354 217
1354 1355
1354 78
1354 536
1354 1119
1078 440
1078 1218
1078 1256
1078 94
1078 1222
1078 443
1078 1356
51 763
51 1033
51 208
51 1357
1105 276
1105 1040
1105 84
1105 1116
1105 1110
1105 1358
1105 1206
1105 47
1359 868
1359 1360
1359 1361
1362 443
1362 1356
1363 11
1363 695
1363 1364
1363 805
1363 806
1363 1148
1363 1365
394 393
394 871
1366 879
1366 1367
1366 811
1366 1368
1366 1369
1366 905
1366 613
1366 270
1044 808
1044 1362
1044 726
1044 1371
1044 731
1044 1047
1044 1372
476 475
476 140
476 474
476 1176
476 866
476 58
476 272
476 478
476 47
476 1373
941 707
941 939
941 973
941 1374
941 575
593 865
593 104
593 165
1375 1376
1377 1378
1377 1379
1377 78
1377 79
804 803
804 1380
804 1381
804 1382
201 289
201 100
201 290
201 208
1384 269
1388 2
1388 236
1388 398
1388 109
1388 96
1389 849
1389 406
1389 142
1389 1390
1389 1184
1389 755
1394 27
1394 152
1394 1395
1394 179
1394 1397
547 551
547 1089
547 71
547 148
547 1398
547 688
45 42
45 882
45 860
447 382
763 508
763 425
763 1033
763 1399
489 1219
489 465
489 466
489 1400
489 1401
15 11
15 427
15 16
15 251
15 17
15 402
15 1402
1403 1404
1403 1028
1405 293
1405 1270
1405 1406
1405 1407
316 314
316 1408
316 1138
316 1409
316 1410
1411 1364
1411 1412
1411 805
1411 875
1411 1413
1414 467
1414 1306
885 159
885 953
885 1416
1417 125
1417 701
462 703
462 831
462 238
1421 1280
1421 1422
151 140
151 818
151 208
151 1423
1005 1218
1005 683
1005 585
1005 243
1005 894
1005 281
1005 282
1005 576
1196 750
1196 1279
1196 1424
1196 1425
1196 1426
482 481
482 262
482 571
482 483
482 502
482 484
482 265
482 486
152 813
152 1430
152 1431
152 541
1432 37
1432 1433
1432 1434
853 868
853 386
853 188
853 1096
853 190
853 214
853 1163
533 301
533 131
533 535
346 215
346 619
346 1435
346 1323
918 146
918 919
918 1012
918 376
918 811
1089 551
1089 1436
1089 547
1089 1113
1089 1000
1089 1338
1437 1438
1437 1380
1437 1015
1437 1440
1437 505
1437 1042
1437 1441
339 336
339 1333
339 1443
412 410
412 448
412 717
412 415
412 416
412 1445
552 548
552 1136
866 1176
1448 695
1448 819
1448 1234
1448 1449
1448 1103
241 164
241 1450
1451 1306
1451 286
919 146
919 806
919 21
1453 780
1453 242
1453 1454
1453 523
1453 1455
1453 164
1453 244
1453 1456
594 171
594 1457
594 844
594 162
594 174
340 605
340 1458
340 197
340 861
340 258
340 622
779 1453
779 1459
779 1072
779 1358
779 1460
779 244
779 1450
779 687
879 249
879 666
879 880
879 1462
1468 1062
1468 1355
1468 197
1468 536
1469 232
1469 418
1469 735
1469 646
1469 1470
1469 1201
1469 714
1339 102
1339 193
1339 560
1339 495
1339 987
1339 666
1084 733
1084 272
1084 322
1084 1387
1084 162
1084 1151
1084 238
767 1113
767 869
767 770
767 837
767 1471
434 432
434 1309
434 1472
495 64
495 932
495 71
495 148
495 668
1473 465
1473 1474
1473 310
1473 1400
1476 57
1476 1446
1476 1350
1476 1108
1476 1477
1476 86
1476 88
1476 1478
115 113
780 1453
780 594
780 779
780 418
780 1459
780 1072
780 174
780 1358
1481 672
690 954
690 1482
690 859
690 1483
690 354
690 1484
125 397
125 398
125 701
125 655
125 1485
202 200
202 1453
202 242
202 206
202 1020
1486 837
1487 188
1487 1488
1487 429
1487 190
1487 1489
999 852
999 1490
999 992
999 993
999 190
999 1491
999 1489
999 1126
579 520
579 582
579 900
579 243
619 67
619 1321
619 1074
619 621
1209 1246
1209 1210
1209 1086
923 766
923 188
923 1492
923 926
923 190
923 837
923 1493
226 157
226 1059
226 224
226 225
226 660
226 174
1494 290
1494 326
1494 1495
1494 206
1494 1496
299 1097
299 1497
262 483
262 1501
262 486
1065 140
1065 386
1065 1503
1065 251
1065 252
465 464
465 1473
465 1504
465 309
1505 969
1505 877
1506 633
1506 1431
597 68
597 1508
597 1398
597 926
1189 1509
1189 1510
1189 841
820 1099
820 692
820 1329
820 822
58 474
58 493
58 272
58 1511
353 276
353 963
353 272
353 1231
353 965
353 275
1516 1517
1516 846
699 695
699 93
699 96
1474 1333
1474 1473
1474 1406
1474 1313
1519 347
1519 16
1519 1520
1519 349
1519 1521
1406 1474
1406 297
1113 1337
1113 896
1113 928
83 43
83 82
83 1215
83 625
931 605
931 645
931 1012
931 1524
931 606
931 1054
931 1056
1525 1526
1525 1357
1525 1111
776 1040
776 941
776 241
776 104
776 418
776 236
776 1102
347 1519
347 1520
347 349
347 1521
1364 803
1364 1411
1364 1255
1412 985
1412 1528
1412 1530
420 150
420 1531
420 421
1291 1290
1291 1289
1291 1532
1291 1419
1291 612
1291 1533
1291 1534
1537 1538
1537 1368
1537 1511
1537 1056
1537 1322
1539 1540
1539 132
1539 691
1539 1541
1539 1542
1539 1404
1544 1127
1544 1545
1544 1546
1081 311
1081 1080
1081 616
705 703
705 171
705 877
994 1548
1550 1551
1550 1128
733 912
571 140
571 482
571 1552
571 1085
571 266
571 486
571 1553
1554 322
1554 1555
1554 1556
1554 1557
1554 802
1554 1331
1558 266
1559 499
1559 615
1559 970
1207 257
1207 1208
1207 260
1560 1159
1560 407
107 2
107 109
473 471
473 969
473 95
1344 1343
1344 98
1344 160
1344 754
1344 553
1344 1056
1344 576
1566 1408
1566 1000
1566 1155
1566 259
1566 269
1566 367
1568 1513
1568 1569
1568 1570
1568 141
1513 1568
1513 1514
1513 1322
1572 141
1572 154
1572 1573
1572 1373
1574 243
1575 1045
1575 134
1575 1576
1280 1278
1280 95
1280 883
1579 1537
1579 1578
787 720
787 780
787 1582
787 1049
787 1583
787 1584
787 1585
787 1496
725 723
725 640
370 867
370 371
370 372
455 13
455 516
188 923
188 71
188 1492
188 647
188 926
188 190
1154 287
1154 464
1154 1153
1154 488
1154 751
1154 1285
1154 1587
1154 1588
1154 309
3 1
3 329
3 1258
3 57
3 4
3 734
1589 373
1589 1367
1589 136
1589 1271
1589 1590
425 508
425 763
425 969
425 1033
425 1399
425 222
395 718
374 373
374 645
374 375
374 1594
374 376
374 258
374 377
1597 307
1597 1598
1597 212
1597 754
1597 755
1597 1599
1597 1600
1597 1141
1597 1094
509 508
509 172
509 220
1601 816
1601 1602
1408 1566
1408 1497
1408 25
1408 1603
1408 1485
1376 1375
1376 172
1376 1524
1376 1308
1376 1267
1243 881
1243 747
1243 531
1243 1606
1243 824
747 1607
747 703
747 1220
747 1189
747 1190
747 1191
747 532
747 1193
1569 440
1569 1608
1569 688
1569 1609
1490 852
1490 767
1490 999
1490 188
1490 190
98 97
98 1149
98 1610
1610 44
1610 98
1610 1611
932 495
932 575
932 148
932 601
932 688
203 672
203 1172
203 435
203 205
203 1075
203 1212
751 1155
1614 605
1614 340
1614 598
1614 909
1614 300
1614 861
1614 811
1614 741
1614 1615
992 493
992 446
992 990
992 1061
992 993
992 986
992 740
992 78
993 990
993 1061
993 1096
993 1062
993 740
993 741
691 132
691 141
691 303
691 715
691 367
691 306
1523 552
1523 429
1523 1616
1523 1617
1523 1136
1523 431
375 373
375 994
375 374
375 1594
375 376
375 377
375 538
1407 1405
1407 597
1407 1138
1407 1155
1407 71
1407 603
1407 604
1407 268
692 257
692 820
692 134
692 978
692 17
692 350
1619 1090
1619 1269
1619 39
1619 40
1620 1360
1620 828
1620 1091
1292 1370
1545 525
1545 780
1545 1544
1545 1621
1545 1622
1545 1184
1545 1546
1296 1201
583 577
583 582
583 411
583 578
583 585
583 855
1624 1625
1624 128
1626 628
249 139
249 709
249 380
249 251
249 377
249 199
730 731
730 714
1310 751
1310 693
1310 961
788 133
788 152
1023 321
1023 322
1023 165
1023 1148
1023 323
664 495
664 71
664 1054
664 258
664 1197
664 1631
664 668
564 916
564 437
564 514
564 928
564 1460
217 53
217 605
217 598
217 531
217 1001
217 607
217 1119
1633 1634
1633 189
1633 1635
1129 346
1129 1446
1129 1350
1129 17
1129 1323
1640 1341
1640 1539
1640 405
1640 1641
1640 1379
1640 1551
1640 1511
1106 1246
1106 215
1106 1109
1106 1642
1106 823
726 723
726 724
726 1237
726 1643
726 1335
726 1239
726 259
726 1163
726 297
20 19
20 21
20 1644
20 24
20 837
1446 57
1446 1476
1446 1129
1446 1350
1446 17
1458 340
1458 1645
1458 1116
1458 987
1458 988
1458 1119
37 35
37 808
37 1434
250 1582
250 405
250 251
250 1580
250 406
589 1186
589 1085
589 1072
589 1373
1509 1189
1509 1647
1509 953
1509 1510
1009 1649
1009 1308
159 82
159 1614
159 322
159 162
1650 1620
1650 1168
1650 1651
1650 1652
1650 542
235 231
235 236
235 238
1654 1040
1654 1083
1654 363
1654 141
615 1235
615 1656
1647 733
1647 1280
1647 1509
1647 841
1647 1658
805 695
805 803
805 698
805 1411
805 8
805 1234
1582 787
1582 8
1582 250
1582 1659
1582 206
1582 807
974 289
974 256
974 1230
974 8
974 205
974 807
1661 769
1661 545
1661 1590
1661 613
777 659
777 241
777 1199
777 162
777 1021
777 175
1662 1663
1664 1610
1664 1269
1664 1150
1664 1666
1664 1667
1664 807
1664 1611
1443 1077
1443 212
1443 126
1443 1098
1443 1669
1443 1599
1045 543
1045 767
1045 1000
1045 1285
1045 1587
1045 1670
1045 1338
953 762
953 1287
953 885
953 1509
953 701
405 1640
405 250
405 1659
405 1580
405 406
598 1230
598 1614
598 1458
598 342
598 608
598 741
1671 474
1671 1672
1671 142
1671 1606
1671 1511
1671 1673
1321 215
1482 690
1482 1020
1482 1483
1482 1674
1482 222
1482 1478
683 461
683 682
683 952
683 576
863 35
863 1159
863 1310
693 689
693 818
693 992
693 993
693 691
693 306
1025 452
1025 241
1025 37
1025 1346
1025 1676
1025 1441
1025 1029
1677 1678
1677 1355
1677 1644
1677 1393
1677 1119
1679 1517
160 244
1680 1681
1680 1682
1096 1061
1096 135
1096 437
1096 1062
1096 1398
1096 608
1096 1460
134 129
134 27
134 1575
134 692
134 561
1672 904
580 593
580 531
580 244
727 64
727 369
727 371
727 561
727 1001
727 72
727 480
872 873
872 874
872 875
371 867
371 370
371 372
978 548
978 692
978 730
978 1244
978 1674
312 311
312 141
312 313
312 1087
1082 1219
1082 1214
660 830
660 1059
660 225
660 226
660 1308
362 361
362 82
362 1274
362 1686
362 1404
362 775
858 43
858 242
858 1457
1066 550
1066 1194
1066 1687
1066 173
1688 824
1688 1689
16 15
16 1519
16 347
16 1053
16 349
16 137
955 1375
955 1690
955 1353
1395 1394
1395 1397
1395 1691
1395 1477
1261 879
1261 1262
1261 880
1261 1462
1281 1032
1281 1278
1281 1036
1281 137
1693 467
1693 873
1693 430
1693 507
1693 1136
1693 1694
873 872
873 272
873 874
104 99
104 776
104 228
104 418
104 844
104 523
1138 316
1138 1291
1138 1407
1138 1483
1138 1184
1138 197
1138 126
1138 1410
1320 577
1320 1319
1320 1696
1320 1697
909 19
909 193
909 1207
909 1614
909 1337
909 23
119 1639
1552 48
1552 571
1552 1510
1552 49
1552 895
1698 1040
1698 1499
1698 744
1125 68
1125 79
1125 1699
300 1230
300 217
300 1458
300 834
300 621
300 1119
242 43
242 321
242 858
242 625
1457 594
1457 844
1457 174
816 817
816 1702
816 47
1703 1702
1074 605
1074 241
1074 579
1074 900
1074 1450
1074 744
1381 804
1381 152
135 1061
135 455
135 993
135 1096
135 986
135 740
135 1064
933 973
933 931
933 197
483 481
483 262
483 1705
483 96
483 822
1430 152
1430 1506
1430 1559
1430 840
1430 970
1430 47
502 951
502 1186
502 954
502 483
502 484
502 486
179 1065
179 1706
179 1707
179 517
179 1708
326 324
326 325
326 251
326 141
326 252
326 1709
1256 1257
1256 443
429 1278
429 1523
429 1711
172 167
172 1194
172 948
172 509
172 1195
1524 605
1524 833
1524 997
1524 645
1524 619
1524 931
1524 258
1524 214
1257 167
1257 440
1257 44
1257 1256
1257 1222
1257 443
363 1154
363 365
363 1712
712 711
712 302
712 132
712 691
712 693
712 303
712 715
712 306
1713 140
1713 1503
1713 390
1715 17
1715 1075
1715 1716
1717 1516
1717 1718
1613 1109
1613 715
1613 330
1504 309
946 452
946 969
946 236
913 1697
530 472
530 1300
530 532
1625 1624
1719 1720
1719 829
1719 781
1721 1722
1134 1723
1134 1724
1726 494
1726 172
1726 1042
1726 175
1726 1029
456 459
1727 955
1727 1728
1727 1503
1570 690
1570 1568
1570 1482
1570 1483
1570 79
1269 1619
1269 1184
1269 39
1269 40
1659 133
1659 405
1659 313
1659 1267
1733 767
1733 1490
1733 1370
1733 770
825 1355
825 1365
1288 385
1288 1054
1288 388
1288 389
1288 390
1254 37
1254 585
1254 1255
1734 1050
1734 1197
1734 1735
1734 1736
773 66
773 772
773 67
773 740
773 679
773 1455
773 742
773 1286
773 688
969 67
969 1505
969 1296
969 1010
969 655
1738 1739
1738 1321
1738 1050
1738 1185
1738 1197
1738 958
1738 1735
1738 1736
228 160
228 104
228 1074
228 1254
228 1500
1728 1168
1728 1643
1728 902
1634 783
1634 881
1634 1242
1634 1020
1634 1180
1634 1615
1634 1022
1634 1111
1718 395
1718 1717
1718 1635
1480 1610
1480 175
1480 238
1244 1274
1244 953
1244 978
1244 1373
1244 1462
194 301
194 695
194 803
194 380
194 249
194 805
194 974
194 197
194 377
1741 1278
1741 817
1741 1742
1234 819
1234 1448
1234 805
1234 116
1234 1235
1367 825
1367 740
1367 775
418 167
418 776
418 844
418 523
418 174
1326 788
1326 1743
1326 1744
1326 1745
1178 1687
1178 877
448 412
448 455
448 1015
448 24
448 416
1265 498
1265 901
1265 500
1265 1285
1265 128
76 693
76 933
76 80
76 737
1262 1694
1306 824
1306 817
1306 1747
1306 1748
1306 468
1454 1453
1454 779
1454 780
1454 1074
1454 1628
1454 1459
1454 586
1340 493
1340 1230
1340 560
1340 1294
1340 1165
1259 1258
1259 171
1259 1033
1259 1399
1170 830
1170 660
1170 1107
1170 1109
1170 1171
1170 1247
572 552
572 1523
572 179
572 429
572 272
572 1706
572 1136
1190 125
1190 1189
1190 747
1190 1191
1190 236
1190 970
1190 1193
1114 1486
1114 834
1114 599
1114 1749
1208 257
1208 224
1208 1368
1503 140
1503 1065
1503 1647
1503 1727
1503 396
1499 148
272 271
272 494
272 58
272 580
272 585
272 1021
1464 1750
1645 495
1645 1508
1645 988
1645 608
1645 621
1645 622
1645 1119
1097 256
1097 299
1097 986
1097 608
1097 622
1097 1098
1097 1018
1751 66
1751 68
1751 767
1751 1490
1751 1012
1751 1398
1751 601
985 785
985 758
1696 289
1696 549
1696 290
1696 1321
1696 1320
1696 1622
1752 1115
1752 551
1752 1532
882 783
882 82
882 1261
1231 578
1231 1499
1231 553
1231 253
1231 1076
1231 928
1231 1500
1203 720
1203 730
1203 76
1203 731
1203 291
1203 78
1203 962
1754 1755
1754 1273
1754 1756
1754 1318
1754 1410
1754 1757
800 1218
800 1227
800 13
800 1082
800 955
800 516
800 1214
800 1373
1760 481
1760 818
1760 1186
1760 483
1760 1761
1760 1483
1424 1196
1424 646
1424 1426
1762 1506
1762 1202
1762 363
1762 840
1762 1653
1762 1465
1762 1086
1762 143
1315 110
1315 193
1315 262
1315 483
1315 1318
1350 82
1350 57
1350 435
1350 1129
1350 1108
1649 633
1649 1009
982 432
982 1025
982 585
982 1676
982 1255
982 687
982 1029
147 65
147 605
147 67
147 148
147 607
147 601
616 1305
1769 762
1769 257
1769 1453
1769 1770
1769 514
1769 1121
1769 1694
1316 99
1316 1771
1772 455
1772 1408
1772 1773
1772 1774
437 432
437 1343
437 1096
437 281
437 1460
437 282
136 129
136 1751
136 1777
136 1590
136 407
136 603
136 1369
136 213
1628 1454
1628 1212
1531 1598
1531 83
1531 1215
1684 1044
1684 904
1684 1091
180 177
180 1341
1191 747
1191 1190
1191 1193
1780 182
1780 244
1780 1781
1780 1782
735 232
735 506
735 225
735 1386
735 220
735 181
735 156
735 823
220 82
220 83
220 86
220 1783
220 1399
84 224
84 116
84 86
84 88
251 1099
251 15
251 1065
251 250
251 406
251 252
251 396
251 137
1053 43
1053 777
1053 858
1053 1195
1053 860
1594 373
1594 374
1594 375
1594 377
1397 1394
1397 978
1397 1395
1397 873
1397 1244
1397 1208
1397 396
93 695
93 699
93 805
93 398
93 96
1033 51
1033 873
1033 1259
1033 220
1033 1037
1033 1399
1034 1032
1034 1281
1034 1036
1034 1786
1034 1232
1034 1787
1034 137
1034 567
1788 4
1788 330
768 766
768 547
768 923
768 1320
768 1751
768 1615
1199 494
1199 578
1199 777
1199 1698
1199 1499
1199 1021
1199 581
1789 86
1789 1478
1790 543
1790 1743
1790 1335
1790 1791
85 224
85 84
85 87
85 88
986 605
986 102
986 1230
986 1096
986 1012
986 1197
986 622
986 837
834 833
834 295
834 560
834 300
834 599
834 1678
834 1749
1687 1178
1687 1245
1792 186
1792 283
1792 289
1792 290
1792 1793
1792 1794
1795 246
1795 856
1795 1292
1795 1796
1795 1051
1795 1797
840 1263
840 775
1495 695
1495 1494
1495 206
1495 1747
1495 1799
1495 1623
606 605
606 931
606 1737
1107 1104
1107 633
1107 1672
1107 1109
1107 1511
1107 327
1107 823
748 93
748 96
1000 1594
1000 770
1000 1338
1146 592
1146 1230
1146 967
1146 1147
1146 1103
1146 96
497 709
497 205
497 206
497 207
1803 1804
1803 1350
1803 17
743 1016
1773 432
1773 448
1773 1054
1773 1229
1195 171
1195 1537
877 411
877 705
877 1215
877 1042
599 1299
599 1025
599 1678
599 1369
599 1058
1108 225
1108 57
1108 1476
1108 1350
1108 1483
1108 1526
1108 1805
760 757
760 1679
760 758
760 1517
1155 122
1155 751
1155 1806
1155 1312
71 495
71 1035
71 1508
71 926
205 200
205 1172
205 202
205 203
205 104
205 437
205 206
206 200
206 276
206 205
206 207
1711 1149
1711 1150
1711 1151
1711 1152
236 231
236 235
236 237
236 238
1433 1432
1433 1228
1433 1184
1433 1434
1433 1807
575 973
575 1040
575 932
575 967
575 244
575 1103
141 1572
141 718
1770 763
1770 1647
1770 1808
1770 841
1770 165
1770 1694
1770 1277
1810 1031
1810 1346
640 638
640 71
640 641
640 1313
640 642
640 1812
900 99
900 865
900 927
900 928
900 744
1720 852
1720 837
1720 41
1808 495
1808 1770
1808 679
1808 607
1808 165
806 695
806 803
806 698
806 1363
806 805
806 1742
806 1365
1371 1580
1371 1813
1371 422
1371 1748
1020 43
1020 659
430 427
430 1279
430 1816
430 16
430 1690
273 271
273 352
273 418
273 174
273 275
859 171
859 1082
1517 379
1517 1679
1517 758
1517 1528
1517 1168
1517 1817
1538 167
1538 830
1538 1273
1538 1537
1538 485
1580 818
1580 1371
1580 406
1580 252
1580 396
1691 385
1691 1544
1691 1395
1691 228
1691 253
1691 1818
1691 390
1819 1134
1819 1641
1819 1820
624 241
624 1457
624 844
624 626
624 627
1750 1326
1750 1464
1750 155
1750 802
9 697
9 1411
9 1234
9 457
9 894
9 343
154 138
154 132
154 125
154 1572
154 1822
154 1823
1824 432
1824 1691
1824 1825
1824 1016
1824 622
1824 415
1824 1019
1824 1826
790 67
790 68
790 679
790 688
641 638
641 1579
641 640
1221 602
1221 1219
1221 146
1221 188
1221 1292
1221 545
1221 742
1221 480
849 848
849 953
849 877
849 54
849 1136
561 558
561 1115
561 134
561 1379
561 1311
561 1638
561 1830
484 481
484 262
484 483
484 502
484 264
484 265
484 486
1228 310
1147 592
1147 776
1147 571
1147 1146
1147 590
1541 1539
514 916
514 550
514 1769
514 1770
514 408
514 821
514 274
155 50
155 1144
155 143
1346 1810
1346 1676
313 311
313 405
313 1659
313 1787
189 1120
189 1109
189 1832
831 1230
831 877
831 1450
1109 132
1109 225
1109 83
1109 1613
1109 1170
1109 1833
1109 1247
1825 139
1825 1208
1825 1824
1825 1709
1825 342
1825 1834
1825 421
1825 1832
1825 245
1271 498
1271 1835
1271 500
1271 1589
1271 1836
1271 1587
1271 269
1578 1505
1578 877
1578 1666
1578 1667
1578 807
1578 1611
1837 267
1837 952
382 19
382 378
382 379
382 1077
382 257
382 447
382 1207
382 396
382 22
382 260
1477 1476
1477 1446
1477 1482
1477 354
1477 1673
1477 1478
1121 1120
426 309
426 1838
731 720
731 730
731 1203
731 21
731 1839
1840 324
1840 469
1840 152
1840 1412
1840 396
1840 1832
1840 367
1062 102
1062 446
1062 645
1062 1061
1062 1096
1062 607
1062 608
1062 741
322 321
322 578
322 1023
322 323
1841 901
1841 1653
1841 961
1841 1491
1841 128
686 681
686 963
686 954
686 201
686 1386
686 384
686 1173
686 1267
173 167
173 582
173 549
173 1040
173 1252
173 1622
173 956
1678 140
1678 560
1678 1000
1678 1355
1678 608
1678 1393
752 295
752 1377
752 1378
752 1785
752 1058
1015 1380
1015 448
1015 24
1015 792
1015 416
95 471
95 473
95 1280
1528 1412
1845 919
1845 1544
1845 1647
1845 1424
1845 1390
1845 1847
1027 1848
1027 58
1027 203
1027 272
1027 982
1027 585
1027 846
1027 1818
1849 1032
1849 1847
1222 440
1222 1078
1222 1256
1222 1257
1222 1480
1222 94
1222 443
1116 1105
1116 340
1116 1458
1116 987
1116 622
1852 380
1852 1853
1852 988
1852 291
1852 197
1852 199
1852 604
1743 543
1743 1739
1743 269
54 12
54 650
54 1805
1643 1728
1643 1844
1643 1681
1643 1856
1643 1857
1858 454
1858 1078
1858 1362
1858 564
1858 443
1858 837
826 1297
1483 690
1483 1446
1483 1482
1483 354
1483 1708
1859 1207
1360 152
1360 730
1360 1234
1360 31
1360 828
1360 714
1360 1382
646 848
646 1218
646 1278
646 1741
646 1424
1440 1029
1102 776
1102 967
1102 1459
1102 928
1492 767
1492 923
1492 188
1492 926
1492 190
1492 883
1492 770
1492 837
1723 883
970 1190
970 230
970 1817
970 1455
1211 100
1211 1623
105 99
105 256
105 1863
105 1096
105 1125
105 837
105 268
1006 757
1006 256
1006 779
1006 780
1006 1125
1006 902
1225 1031
1225 590
148 605
148 619
148 932
148 607
148 621
1327 300
1327 988
1327 1543
1327 621
1327 622
1327 1631
1510 1189
1510 1509
1510 1552
1510 1191
1510 841
181 225
181 171
181 1865
1459 1454
1459 1628
1459 1102
1459 1255
1459 1460
1686 362
1686 775
406 250
406 1580
406 142
1866 1607
1866 745
1866 1082
1866 95
1866 275
1049 787
1049 206
1049 715
1049 1867
1651 1228
1651 1868
1651 366
30 26
30 1572
30 1579
30 1679
30 32
30 846
185 184
185 689
185 257
185 17
185 1542
185 1404
185 143
1508 102
1508 68
1508 619
1508 597
1508 1035
1508 71
1508 926
1508 190
1508 622
769 765
769 68
769 249
769 545
769 1398
769 1126
545 1661
717 1873
717 904
1398 551
1398 68
1398 547
1398 597
401 44
401 896
401 165
401 62
1872 638
1872 1755
1872 560
1872 725
1872 197
1874 469
1874 1217
1874 470
566 1421
566 1016
566 266
566 1875
1143 1142
1143 1876
1641 1819
1641 1820
1641 1322
936 257
936 15
936 346
936 834
936 860
936 349
1387 1084
1387 162
1387 989
1387 1277
4 1
4 109
1054 931
1054 1288
1054 1699
229 227
229 1032
229 619
229 1035
229 1037
229 230
229 137
341 336
341 248
341 1157
341 338
341 1555
341 562
1877 1005
1877 684
1877 1184
1877 1185
1877 741
1877 1599
1877 1019
142 1278
142 1279
142 1671
142 1483
142 406
142 1674
1180 1179
1180 203
1180 1072
1180 208
1180 952
1180 286
1878 55
1878 659
1878 58
1878 1459
1878 1016
1878 1511
1879 1116
1879 1393
318 991
318 551
318 547
318 1084
318 1125
318 1751
318 740
318 79
318 688
960 267
960 543
960 1333
960 299
960 1023
960 269
960 270
207 276
207 8
207 497
207 206
207 208
207 1173
207 965
207 1165
1085 386
1085 589
1085 156
1085 792
1085 1799
252 139
252 1099
252 1065
252 406
252 396
1853 255
1853 248
1853 380
1853 1852
1853 1880
1337 1113
1337 1574
1337 1733
1337 517
1337 1029
1881 543
1881 640
1881 666
1881 837
1881 1599
1881 259
1050 1882
1050 1735
364 432
364 1883
364 435
364 1803
364 208
364 1382
1390 289
1390 1424
1390 849
1884 91
1884 94
1884 1211
1884 422
1884 366
1884 1748
1884 1019
647 643
647 738
647 772
647 67
647 679
647 926
647 601
1778 1198
1778 1258
1778 1155
1778 126
1778 718
1606 1388
1606 1243
1606 1649
1606 1885
1606 1042
1806 675
1806 959
1806 1246
1806 1443
1806 1155
585 494
585 577
585 582
585 583
585 1254
585 855
585 1255
634 632
634 953
634 1792
1184 1362
1184 1269
1184 1228
1184 39
1184 714
1184 1382
507 57
507 1693
507 1621
507 1886
869 767
869 770
1880 255
1880 256
1880 243
1880 1497
1880 622
1378 1377
1378 1863
1378 350
1378 1478
1263 1260
1263 1262
1263 880
1263 1889
17 11
17 345
17 350
1355 340
1355 1468
1355 217
1355 1677
1355 825
1355 535
1355 1549
1355 536
1616 454
1616 1136
942 939
942 411
942 578
942 948
942 943
1007 397
1007 101
1007 125
1007 1721
1007 1440
1007 1716
162 157
162 549
162 594
162 159
162 777
162 1455
1890 432
1890 1252
1890 1180
1890 1753
1890 1456
1010 969
1071 1068
1071 170
1071 353
1071 683
1071 952
1071 607
1021 43
1021 44
1021 1341
1021 777
1021 1457
1021 1257
1021 272
1021 1199
1021 175
1335 543
1335 1044
1335 726
1335 269
1335 1891
384 682
384 1044
384 683
384 686
384 1892
384 1267
396 338
396 1503
396 251
396 1580
396 406
396 142
396 252
1893 27
1893 215
1893 1202
1893 1085
1893 1894
243 1607
243 577
243 578
243 579
243 1574
243 1455
243 422
1449 681
1449 709
1449 1448
1449 967
1449 687
1895 1653
212 719
212 1443
212 1896
212 1599
212 1318
388 140
388 424
388 385
388 1288
388 389
388 390
388 1856
1379 132
1379 1377
1379 712
1379 561
1379 1897
1379 1329
1497 256
1497 1028
740 1220
740 992
740 993
740 135
740 773
740 859
740 1844
740 741
1898 818
1898 984
1898 553
1898 1820
1898 327
927 865
927 900
927 1459
927 1455
927 928
927 1456
1075 1040
1075 1453
1075 779
1075 242
1075 1753
1422 189
1422 874
1036 1032
1036 15
1036 1281
1036 1234
1036 1034
1036 137
1542 353
1542 1539
1542 362
1542 185
1542 1404
1542 305
21 916
21 918
21 919
21 20
21 731
21 861
1886 772
1886 1252
1886 125
1886 1707
1886 532
1886 96
504 303
354 1483
354 715
354 1267
354 989
354 1478
1425 551
1425 767
1425 213
1425 770
1156 1153
1156 555
1156 1299
1156 537
1156 1250
734 703
734 170
734 3
734 1009
734 109
734 1450
734 1022
734 238
1573 738
1573 1804
1573 1699
1697 1441
1697 1029
1902 1715
1902 1711
1902 1557
1709 324
1709 1469
1709 1494
1709 326
1709 1277
902 951
902 1854
902 1168
902 1903
902 127
902 1716
1663 852
1663 853
1663 1662
987 446
987 560
987 340
987 1468
987 1458
987 598
987 1116
987 1904
988 446
988 1645
988 1327
988 608
988 741
988 621
1905 1662
1905 484
1905 1906
1905 956
1311 314
1311 1115
1311 338
1311 76
1311 1645
1311 197
1311 1830
1653 803
1653 697
1653 1411
1653 362
1653 9
1551 1525
1551 1539
1551 1550
1551 1640
1551 20
1551 1541
1551 1037
1551 841
1551 1245
1551 350
1131 138
1131 1569
1131 185
1131 1823
1131 143
679 67
679 932
1583 787
1583 1585
1285 128
1584 787
1584 1090
1584 1585
1584 416
754 1344
754 755
754 536
754 259
1590 129
1590 1589
1590 136
1590 407
1590 603
1590 1369
1590 905
263 262
263 615
116 263
116 330
116 1908
755 396
755 754
755 259
1235 1234
1847 1845
1526 659
1526 1198
1526 1525
1526 1726
1526 497
1526 1357
586 582
586 1321
586 1455
586 581
586 744
303 813
303 133
303 691
303 693
303 712
303 1638
303 305
303 306
291 289
291 731
291 199
1785 379
1785 752
1785 1058
635 1394
635 1738
635 1761
635 406
635 142
635 1886
635 1909
635 637
86 830
86 224
86 1476
86 220
86 84
86 1783
1581 1589
1581 1244
1581 418
1581 1108
1581 685
1581 1535
1581 392
630 246
630 628
630 629
630 736
523 44
523 241
523 418
523 844
523 174
1212 780
1212 203
1212 1628
1212 205
1212 206
1212 586
1910 1883
1910 549
1910 1005
1910 1617
1910 576
1744 1540
1744 118
1744 1326
1744 1841
1744 121
1744 1911
1744 1912
22 19
22 645
22 25
22 538
22 1623
600 833
600 495
600 932
600 1369
264 1273
264 484
264 263
264 265
264 485
961 301
961 1310
961 599
961 537
961 1163
1037 808
1037 1033
1037 958
230 703
230 461
230 3
230 734
230 6
665 495
665 619
665 664
665 621
665 668
197 380
197 340
197 1468
197 933
197 194
197 1803
197 377
979 977
979 1610
979 1707
979 1215
979 1206
979 1022
372 369
372 370
372 296
1072 1068
1072 1453
1072 779
1072 780
1072 1321
1072 1358
1072 581
1072 1450
1072 744
1072 245
1520 452
1520 1519
1520 347
1520 1521
721 719
721 309
408 916
408 514
23 19
23 193
23 560
23 1614
23 909
23 300
23 24
182 99
182 1693
182 1706
182 1666
182 1667
208 289
208 432
208 290
208 202
208 435
208 206
24 1835
24 1320
24 448
24 1015
24 1836
24 23
24 1441
553 548
553 550
553 779
553 780
553 1672
553 1231
553 1456
860 352
860 43
860 257
860 45
860 1053
860 349
1028 1455
1543 68
1543 1096
1543 647
1543 258
1543 1631
1913 270
1774 1772
1774 590
253 579
253 1231
253 586
253 1076
253 928
1914 1915
1914 1723
1914 1211
1914 516
1914 259
1685 1099
1685 1044
1685 1684
1685 1916
1685 612
1685 996
1294 369
1294 338
1294 1340
1294 572
1294 1917
491 488
491 1087
1617 1523
1617 683
1617 206
1617 1910
1918 411
1918 15
1918 1321
1918 575
1918 1147
126 122
126 1138
126 1285
126 1669
126 41
126 128
1920 125
1920 701
1920 1485
1922 1134
811 1230
811 918
811 1614
811 598
811 300
811 790
811 1398
811 1197
49 48
49 1388
49 1552
49 96
492 488
492 395
492 1686
492 718
1434 393
1434 1432
1434 125
1434 1696
1434 1433
1434 181
1434 540
1434 701
895 805
342 932
342 1614
342 598
342 1035
342 1508
342 926
342 622
926 68
926 597
926 188
926 1035
926 71
926 1508
926 190
926 837
1706 257
1706 179
1706 182
1706 1918
1706 952
1706 1136
1706 807
824 283
824 284
824 468
1635 395
1635 1633
1635 718
956 1244
956 1580
956 24
355 345
355 346
355 347
355 16
355 936
355 402
355 1450
355 1022
355 350
32 1559
32 1659
32 30
631 628
631 736
631 737
1783 225
1783 83
1783 735
1783 220
1783 86
670 669
670 1687
1813 1302
1813 454
1813 1371
1813 1553
1813 143
1707 977
1707 979
1707 895
1707 1206
1656 615
1656 1731
1588 558
1588 1313
1588 1712
828 29
828 1620
828 1091
535 301
535 1355
535 536
470 469
470 1216
470 1217
470 1874
470 1402
1923 1154
1923 1400
971 968
971 1640
971 46
971 244
258 605
258 340
258 664
258 217
258 1054
258 607
258 1631
540 1432
540 1365
540 542
1924 89
1924 91
1924 1844
1501 262
1501 992
1501 1402
1807 1040
1807 1848
1807 1569
1807 1433
1807 1926
1927 828
855 582
855 411
855 1296
855 583
855 272
855 398
855 585
1916 863
1817 1492
466 464
466 602
466 1473
466 310
466 1400
829 1099
829 132
829 1719
829 1049
829 252
829 396
829 715
829 781
952 973
952 446
952 1179
952 1180
952 1706
952 807
1016 1018
1903 1337
1903 902
1903 1370
517 588
517 941
517 179
517 1225
517 1337
120 117
120 1863
120 1815
1928 1065
1928 1708
1928 1642
1917 1367
1917 1335
1917 116
1917 23
1917 259
402 345
402 818
402 15
402 16
402 1195
402 350
443 44
443 1078
443 1362
443 1256
443 1257
443 1222
443 855
817 816
817 220
817 1730
817 1783
817 896
817 1690
1110 1105
1110 895
1110 1206
1110 47
1171 1613
1171 1170
1171 17
39 1269
39 1184
39 40
1312 122
1312 1155
1312 1806
1312 1588
1173 167
1173 170
1173 171
1173 594
1173 418
1173 207
1173 162
1173 734
1173 174
1185 429
1185 1738
1185 646
1185 1501
965 100
965 963
965 353
965 207
965 1173
965 137
603 136
603 1590
603 1369
127 915
127 766
127 1116
127 1497
127 837
127 269
821 379
821 818
286 283
286 520
286 284
286 579
286 927
286 1024
648 848
648 346
648 142
648 274
1251 1202
1251 1914
1136 539
1136 1242
1136 552
1136 1523
1136 1373
478 475
478 494
478 474
478 493
478 539
478 1025
478 1320
478 1029
607 605
607 645
607 597
607 148
607 1398
607 258
1860 44
1860 1610
1860 1256
1860 1257
1860 1178
1860 401
775 1274
775 1367
775 1803
775 1686
775 1644
775 875
775 1931
775 1478
365 1516
365 363
920 921
920 265
920 792
920 275
1369 467
1369 1124
1369 136
1369 599
1369 1590
1369 600
608 102
608 1096
608 1062
608 988
608 742
608 282
608 688
608 576
1932 65
1932 493
1932 916
1932 750
1932 923
1932 79
1546 1544
1546 1545
1546 1282
1546 590
1868 1651
1868 792
1868 1599
1868 1756
1933 1319
1933 1440
1399 220
1399 1783
666 193
666 1339
666 179
666 23
666 1623
1934 508
1737 340
1737 606
921 920
921 1639
1002 852
1002 1124
1002 1490
1002 1699
1426 1278
1426 1279
1426 1196
1426 1424
1426 637
1303 525
1303 529
1674 690
1674 1243
1674 1482
1674 142
1674 222
741 1614
741 1645
741 1398
741 740
741 988
741 604
1897 378
1897 1379
1897 78
174 167
174 594
174 418
174 272
174 162
174 523
701 695
701 125
701 699
701 398
701 655
701 1935
1201 1296
1201 1023
1201 1936
714 730
714 1006
714 1184
714 1908
1431 1506
1431 691
1431 715
1585 1099
1585 787
1585 1583
1585 1584
190 1113
190 188
190 1492
190 837
896 912
896 1149
896 454
1676 1025
1676 982
1676 1346
1676 792
1676 244
905 749
905 1367
905 136
905 291
905 199
883 1723
1214 1219
1214 1082
1214 800
1214 1641
1731 289
1731 1730
1731 208
609 605
609 256
609 560
609 664
609 1028
609 258
609 607
1557 187
1557 1202
1557 1902
532 472
532 1189
532 747
532 530
532 1190
532 896
1941 110
1941 1126
1814 1320
742 997
742 931
742 1012
742 606
742 902
742 679
742 608
742 1838
742 1944
1286 605
1286 67
1286 68
1286 773
1286 1001
1286 647
1286 811
1286 601
1563 493
1563 1073
1563 1698
1563 244
1563 744
1708 1065
1708 252
1708 1928
1708 1642
1742 369
1742 1741
1742 1788
1742 806
1742 24
1820 1819
1820 1641
1820 1898
343 336
343 9
938 1576
938 1945
938 1946
715 132
715 691
715 712
715 354
715 1787
715 1912
72 64
72 68
72 597
72 71
1530 229
1530 164
1947 1186
1947 1949
46 42
46 1453
46 788
46 971
846 1138
846 1027
875 1686
875 1413
1076 494
1076 1073
1076 1074
1076 1499
1076 1231
1076 586
1076 253
1076 928
1511 58
1511 1606
1511 327
1491 1950
1491 999
1491 1490
1491 1489
1491 259
6 1
6 581
562 314
562 1044
562 1677
562 341
562 1355
78 992
78 993
78 608
78 79
78 80
78 1058
78 537
265 482
265 262
265 484
265 264
265 266
265 486
1793 1596
1793 484
832 315
832 338
832 834
832 1165
889 868
327 324
327 1341
327 179
327 1107
327 1511
1682 100
1682 1952
1724 1607
1724 733
1724 1134
1197 68
1197 597
1197 1001
1197 608
1197 621
1197 688
1197 1953
1747 1568
1747 1306
1747 1114
1747 1495
1747 880
1747 1799
309 464
309 465
309 751
309 1881
309 1954
1702 816
1702 1703
1702 1908
1771 99
1771 1539
1771 691
1771 147
1771 1316
1771 384
1771 1955
958 549
958 1037
958 1136
958 576
621 619
621 932
621 1035
621 1956
1957 559
1957 1410
1957 1908
266 262
1690 1816
1690 955
1690 430
1238 1237
802 797
1215 83
1215 1531
1239 1237
1239 1238
344 1230
1358 1068
1358 594
1358 779
1358 242
1358 1072
1358 1110
1358 174
1358 1450
1358 245
389 1457
156 102
156 735
156 743
156 1085
156 1267
156 1958
281 939
281 1005
281 564
281 974
281 683
281 1028
281 282
1618 991
1618 1138
1618 1600
106 99
106 706
106 730
106 781
106 1794
1206 979
1206 895
1206 1110
1206 47
505 1380
505 1184
1532 1290
1532 299
1532 1291
1532 1662
1532 612
1532 1959
79 1125
79 318
79 1932
928 1113
928 1074
928 1231
928 900
928 1102
928 253
109 1388
109 945
109 107
109 237
625 83
625 242
486 484
1960 65
1960 495
1960 679
1960 1932
1960 1460
1960 1839
1091 1961
1091 1684
1091 828
1091 1409
1091 41
1642 633
1642 1065
1642 1106
1642 1928
1642 1708
1642 958
422 91
422 94
422 206
850 703
850 187
850 1277
164 241
164 1453
366 1651
366 1884
366 1019
1255 432
1255 1254
1255 585
1255 586
1255 197
587 1622
1466 1842
812 44
812 594
812 849
812 253
1748 1306
1748 1114
1963 309
349 345
349 15
349 58
349 1519
349 347
349 16
349 860
349 1521
330 329
330 632
330 1044
330 1788
330 252
330 116
1638 691
1638 1379
1638 303
1638 306
335 417
335 418
335 844
335 322
1670 411
1670 1042
1670 175
1670 96
1416 885
1416 159
1875 1679
1875 758
1875 985
1875 760
1875 1874
1875 566
1313 110
1313 605
1313 1115
1313 677
1313 1377
1313 447
1313 640
1576 1575
1576 1964
1576 134
40 35
40 1619
40 1269
40 126
40 39
1370 1490
1370 1733
1370 869
1370 770
121 1691
1435 1883
1435 215
1435 346
1435 1481
1435 619
1435 1129
1435 1321
1393 1115
1393 1677
1393 1311
1192 1303
1460 973
1460 437
1460 1102
1460 1459
1460 927
1460 928
1460 1500
1460 576
1098 256
1098 1097
1098 1318
581 494
581 520
581 939
581 411
581 578
581 6
1909 1223
1909 1633
282 437
282 142
282 952
282 281
282 1206
1753 1230
1753 807
359 185
1608 1967
1608 1569
1608 1259
1608 1121
1608 95
1608 459
213 551
213 340
1828 64
1828 267
1828 1292
1828 269
1805 830
1805 225
1805 83
1805 735
1805 220
1805 181
1805 1201
1805 87
165 593
165 1023
165 401
770 767
770 869
770 1370
199 380
199 291
199 905
1931 805
1931 1644
1931 775
1931 1756
837 1486
837 923
837 188
837 20
837 986
837 926
837 190
837 1126
1749 990
1749 1114
1749 834
1749 599
1749 1294
1749 1058
431 427
431 1523
431 429
1830 1311
1830 1119
601 66
601 67
601 932
601 790
601 647
601 679
1042 1040
1042 877
1042 1670
792 1858
792 1085
792 1007
792 1055
792 1338
604 167
604 418
604 1645
604 71
604 988
604 600
604 926
1419 1290
1419 1258
1419 1291
1419 1568
1419 1926
1419 1532
880 879
880 1261
880 1262
880 1462
1018 256
1018 1097
1018 1016
1018 1239
1018 1098
1018 1019
1086 1083
1086 1246
1086 1209
1373 966
1373 476
1373 589
1373 1457
1373 530
1373 1053
1373 1136
1969 682
1969 1044
1969 412
1969 1116
1969 1049
1969 175
1969 1818
626 624
626 625
626 627
1842 1568
1842 1250
1842 1318
244 321
244 578
244 1453
244 594
244 160
175 167
175 321
175 1726
175 1480
175 238
1148 1023
1148 1450
1669 1443
1669 1138
1669 126
1669 1098
1669 297
1669 128
1599 1305
1599 125
1599 1443
1599 1873
1599 1868
1599 837
1599 41
1349 494
1349 474
1349 493
1349 58
1349 982
1349 1021
1349 1511
781 100
781 101
781 102
781 1719
781 829
1441 577
1441 1025
1441 913
1441 1440
536 301
536 1468
536 147
536 535
536 79
1128 1127
1128 1550
1128 1551
1128 25
310 833
310 489
310 1524
310 800
310 22
1229 1227
1229 1773
1229 1228
1496 250
1496 1580
1496 406
1496 1970
1818 1179
1818 787
1818 1824
1818 1027
1818 1744
25 19
25 255
25 299
25 1408
25 22
25 792
1832 1494
1832 1824
1832 189
1832 1825
655 650
655 125
655 953
655 969
655 1195
655 701
1673 1973
1673 1411
1673 1477
1673 1413
1673 1247
1673 1478
268 267
268 597
268 1096
268 1828
268 601
268 269
268 270
268 688
415 410
415 412
415 978
415 1824
415 1837
415 95
415 1974
1232 1230
1232 1034
1232 1413
1232 807
480 772
480 1299
1975 1005
1975 685
1975 384
1975 281
1975 282
1889 139
1889 1539
1889 735
1889 252
1889 396
1889 1928
823 220
823 1399
1756 1688
1756 1326
1756 1868
1756 905
1382 803
1382 804
1382 730
1382 1184
1382 714
541 629
541 152
541 1539
541 185
541 1542
541 354
541 1404
87 1476
87 83
87 84
87 85
87 54
87 88
1119 1249
1119 217
1119 300
1119 1645
1119 1433
1119 1116
1802 1513
1802 141
1450 1148
1450 323
1450 943
612 1333
612 1532
612 214
1694 1279
1694 1262
1694 1769
1022 1242
1022 1180
1022 355
1976 732
1976 1009
1976 1371
1976 1121
1976 1303
1705 483
1705 94
1705 443
1705 1356
1705 1935
1489 1366
1489 999
1489 1932
1489 1491
1489 79
1722 427
1722 1721
1722 636
914 912
914 454
914 1977
1058 295
1058 752
1058 1379
1058 1785
1058 78
1058 79
1058 1329
296 369
296 547
296 372
296 1489
1799 1278
1799 272
1799 1495
1799 1085
1799 1892
237 705
237 1719
237 236
237 109
1338 605
1338 907
1338 1089
1338 1000
1338 1054
636 632
636 1218
636 1246
636 1322
1699 738
1699 1124
1699 551
1699 931
1699 1125
1699 1001
1699 1054
1699 529
1699 1056
1787 1613
1787 1034
1787 313
1787 1483
1787 715
1870 645
1870 1661
1870 625
1892 384
1892 701
1712 363
1712 1878
1712 1588
1712 920
1712 1963
323 321
323 1023
323 322
323 581
323 1753
323 1450
323 1024
1047 1952
1047 751
1047 1271
537 301
537 291
537 961
537 78
537 79
61 627
1815 179
1815 1049
1815 1622
1815 1617
1815 1814
214 210
214 853
214 188
214 1288
214 612
259 543
259 1566
259 726
259 727
259 1643
259 1338
1361 379
1361 868
1361 1359
1361 871
1361 1916
1514 215
1514 1568
1514 1513
1514 530
1514 1674
1514 1322
390 140
390 1225
390 388
390 389
1548 301
1548 1672
1548 1012
1548 1511
1548 344
1485 1739
1485 125
1485 1643
1485 517
1485 701
1979 813
1979 491
718 1258
718 395
718 1778
718 492
718 1635
96 93
1056 738
1056 645
1056 931
1056 1012
1056 740
1056 741
1056 1699
1250 101
1250 1980
1250 1982
1716 1739
627 624
627 626
538 301
538 375
538 20
538 22
538 535
238 231
238 703
238 67
238 1480
238 175
891 1197
891 1953
88 2
88 82
88 224
88 1476
88 83
88 84
88 85
88 87
737 628
737 736
737 825
737 80
737 1749
1329 129
1329 499
1329 820
1329 1058
1267 171
1267 1386
1267 384
1353 955
637 632
637 813
637 119
637 303
637 635
1823 976
1823 141
1823 154
1823 1131
1400 464
1400 489
1400 1473
1400 465
1400 1154
1400 1090
1400 1923
1400 466
996 476
996 1587
996 269
996 1318
1882 1050
269 267
269 295
269 960
269 270
269 1984
1024 321
1024 1610
1024 322
1024 581
1024 323
1019 1725
1019 1240
1019 1824
1019 252
1019 1016
1019 366
222 321
222 1726
222 84
222 1674
1241 276
1241 706
1241 779
1241 106
1241 781
1241 1496
1833 1106
1833 978
1833 1109
1833 823
656 650
656 633
656 885
656 1010
1484 740
1484 1985
1600 1450
1600 1986
1409 951
1409 206
1409 21
613 1661
613 1369
613 1870
1322 215
1322 1513
1322 969
1322 1641
1322 1674
1322 636
1322 1514
1987 309
1987 1988
1193 745
1193 747
1193 1190
1193 1191
1193 6
1318 1098
1318 1842
1318 415
1318 996
1318 1954
468 824
270 129
270 267
270 1290
270 1366
270 960
270 603
270 269
1365 803
1365 1363
1365 1545
1365 1090
1365 825
1365 806
1365 1370
642 638
642 640
642 641
392 140
392 1581
392 1535
392 1992
392 1993
1410 1664
1410 1611
1456 520
1456 1343
1456 1453
1456 160
1456 1281
1456 1346
1456 1890
1456 576
822 818
822 820
822 692
822 1898
62 55
62 1666
1639 119
1423 151
1423 179
1794 99
1794 1792
1794 106
1794 518
1165 130
1165 1230
1165 1340
1165 834
1165 207
1962 1015
1962 416
1253 1252
1253 748
1253 841
744 99
744 900
744 586
744 1455
744 928
1144 1142
1954 1570
1954 1685
1954 1318
1954 1144
1954 305
305 27
305 1099
305 132
305 500
305 1273
305 251
305 1535
305 265
305 485
1623 22
1623 666
1911 556
1911 201
1911 207
1911 416
1163 210
1163 901
1163 1077
1163 868
1163 853
962 720
962 730
962 1203
63 55
63 1973
63 116
1357 1525
1357 1526
1357 1111
137 353
137 1035
137 229
137 1036
367 361
367 691
367 1202
567 139
567 8
567 1034
567 322
567 1036
567 1173
567 106
567 1402
1652 948
1652 787
1652 1650
1652 825
1652 76
1652 1897
1652 604
518 513
518 215
518 816
518 252
518 1708
518 389
518 1794
306 132
306 691
306 693
306 712
306 303
306 1638
1666 1664
1666 1578
1666 62
1666 1611
1667 44
1667 1664
1667 1256
1667 1578
1667 175
1667 1611
274 271
274 272
274 1010
274 408
1839 271
1839 526
1839 1089
1839 731
1839 1960
1782 45
1782 355
807 803
807 8
807 974
807 1232
1631 645
1631 664
1631 1543
1631 258
1631 607
1974 89
1974 1995
1974 1222
1974 529
1974 532
1974 1365
542 577
542 1696
542 1773
542 540
542 1996
459 456
459 491
459 1608
1087 1083
1087 312
1087 141
1160 1159
1160 1405
1160 1474
1553 1950
1553 410
1553 1813
687 133
687 364
687 744
668 495
668 664
668 665
668 811
668 1615
668 601
143 689
143 1762
143 155
143 185
143 1131
143 156
143 1489
1111 1525
41 1305
297 1406
297 726
350 345
350 257
350 17
350 355
350 349
350 1521
1029 1025
1029 1320
1029 1726
1029 173
1029 1440
1029 1697
1029 478
1029 1441
688 67
688 852
688 932
688 148
688 608
245 1068
245 1231
245 1072
245 1110
245 1358
245 244
245 1450
1658 1647
576 520
576 681
576 425
576 683
1997 1296
1997 266
1997 310
275 353
275 159
275 1726
275 418
275 844
275 927
275 1455
1992 129
1992 820
1992 692
1992 1581
1992 1535
1992 78
1992 1329
1992 392
1609 1568
1609 1569
1609 1608
1609 1450
1478 1476
1478 1446
1478 1482
1478 1477
1478 354
1478 1673
128 1265
128 1271
128 1841
128 126
128 1669
1277 1610
1277 1257
1277 1770
1277 1497
1689 167
1689 173
1126 380
1126 249
1126 926
1126 377
1126 837
1856 1680
1856 1168
1856 1643
1856 388
1856 1681
1998 1999
1998 2000
1998 2002
1998 2004
2005 364
2005 1999
2005 2006
2005 2007
2005 2008
2005 1900
2017 2019
2017 1986
2017 2020
2017 2021
2024 1160
2024 2025
2024 2026
2024 2027
2024 2028
2024 1175
2030 2031
2030 2032
2030 2033
2030 2034
2030 2035
2044 2045
2044 2046
2044 2047
2048 2011
2048 2050
2048 2054
2055 2056
2055 2057
2055 2058
2055 796
2055 2059
2055 1944
2060 1953
2060 2061
2060 2062
2060 2063
1993 2066
1993 1657
1993 2061
1993 2067
1993 2068
2084 2039
2084 2012
2084 2087
2084 2002
2084 2089
2084 2015
2073 639
2073 914
2073 642
2073 2091
2097 2084
2097 1796
2097 2098
2097 2099
2097 2082
1372 808
1372 2011
1372 2100
1372 2058
1372 1900
2102 2010
2102 2103
2102 2104
2102 2091
2109 1776
2109 2110
2111 2112
2111 2107
2111 2114
2111 2115
2116 766
2116 2117
2116 2118
2125 2126
2125 2127
2125 2094
2125 2128
2125 2062
2125 2129
2131 2044
2131 2132
2131 2045
2131 2133
2131 2046
260 255
260 2011
260 1493
260 1900
2023 1653
2023 2061
2023 1736
2023 2000
2023 2136
2137 2138
2137 2139
2137 1735
2137 2061
2140 2141
2140 2142
2140 2143
2140 2144
2147 2012
2147 2041
2147 2148
2147 2150
2151 1062
2151 2039
2151 2106
2151 2041
2151 2056
2151 2107
2151 2089
2151 2152
2153 2154
2153 2155
2153 2028
2153 2047
2010 2159
2010 2160
2010 1093
2010 2004
2164 2139
2164 1757
2165 1598
2165 2166
2165 1959
2025 2132
2025 2171
2025 2172
2025 2173
2182 2183
2182 2184
2182 2031
2182 2081
2182 2186
2187 2188
2187 2132
2187 2190
2187 2191
1829 1908
1829 2145
2193 1908
2193 2194
2193 1471
2193 2195
2188 2153
2188 2197
2188 2198
2188 2200
2183 1063
2183 2201
2183 2202
2126 2127
2126 2128
2126 2087
2126 2062
2126 2194
2126 2203
2126 2170
1904 2208
1904 2206
1904 2177
1904 2211
1904 2212
1904 2202
2011 2084
2011 260
2011 1493
2011 2216
2220 1064
2220 2094
2220 2013
2220 2221
2220 2129
2220 2095
2227 2228
2227 2045
2227 2198
2227 2230
2227 2200
2132 1331
2132 2173
2132 2232
2132 2046
1063 2202
2039 2235
2039 2041
2039 2056
2039 2107
2039 2089
2039 2152
2039 2236
2039 1937
2240 795
2240 2163
1953 2060
2138 2137
2138 2011
2138 1953
2138 2241
2138 2242
2138 2163
2245 167
2245 171
2245 844
2245 2116
2245 2087
2245 2002
2228 2246
2228 2248
2249 2193
2249 2250
2249 2058
2045 2044
2045 2131
2045 2251
2045 2133
2246 2228
2246 2252
2246 2253
2246 2211
2246 2254
2255 2177
2255 2202
2261 2011
2261 2066
2261 2226
2261 2262
2261 2033
2261 2263
2261 2264
2261 2265
2241 2138
2241 2242
2270 2039
2270 2271
2270 2106
2270 2056
2270 2108
2270 2152
2270 2236
2270 2272
2273 2010
2274 1497
2274 2055
2274 2275
2274 2234
2276 2277
2276 1958
2276 934
2276 2033
2276 2278
2280 2097
2282 2283
2282 1093
2282 2175
2282 2284
2282 2285
2282 2079
2282 2212
2287 2116
2287 2288
2287 2289
2287 2290
2287 1956
2287 2114
2287 1900
1064 2013
1064 2284
1141 1597
1141 2184
1141 2300
2159 2095
2184 2182
2184 2304
2184 2305
2184 1946
2184 1745
2184 2306
2184 2307
2271 2041
2271 1039
2271 796
2308 2309
2308 2154
2308 2310
2308 2311
2308 2312
2308 2313
2309 2308
2309 2314
2309 2311
2066 2315
2066 2316
2066 2317
2066 2033
2066 2079
2066 2067
2154 2160
2318 2186
1356 1222
1356 2094
1356 2129
2127 2126
2127 1356
2127 2062
2127 2250
2127 1323
2127 1937
2127 2232
1533 2110
1533 2320
2160 619
2160 1508
2160 688
2160 2312
2112 2111
2112 2147
2112 2114
2112 2216
2112 2144
2106 2270
2106 2041
2106 2056
2106 2089
2106 2152
2106 1956
2106 2236
2117 2103
2117 2326
1899 2116
1899 2118
1899 2289
1899 2114
1899 2076
1899 2265
1943 2093
1943 2333
1943 1935
1943 2334
1943 2306
1943 1857
2304 2165
2304 2132
2304 2184
2304 2335
2304 2266
2304 2172
2304 2337
2304 2324
2266 724
2266 2268
2266 2338
2266 2339
1988 1987
1988 2010
1988 795
1988 2163
1988 2340
1988 1401
2344 1904
2344 2039
2344 2042
2344 1038
2344 2338
2094 2220
2094 2013
2094 2129
2094 2095
2094 2096
2094 1838
2019 2017
2019 1986
2019 2345
2019 2346
2019 2115
1657 1993
1657 2261
1657 2195
1657 2347
2348 2147
2348 2349
2348 2350
2348 2115
2118 1899
2235 2039
2235 2041
2235 2056
2235 2107
2235 2089
2235 2152
2235 2236
2235 2260
2351 2159
2351 2016
2351 2352
2353 2128
2353 2354
2353 1745
2353 1401
2353 2207
2353 2083
2197 2355
2197 2230
2197 2190
2356 2357
2356 2359
2356 2180
2315 2245
2315 1064
2315 2271
2315 2284
2315 796
2315 2015
2315 2362
2363 1568
2363 2269
2363 2083
2364 2097
2364 2138
2364 2241
2364 2028
2364 2365
2364 2366
2157 2165
2157 1959
2157 2367
2288 2287
2288 1899
2288 2368
2288 2369
2288 1900
2288 2076
2288 2265
2012 2147
2012 1935
2012 2087
2012 1039
2012 2284
2012 1956
2012 2114
2283 2148
2283 934
2283 2079
2283 1956
2283 2080
2283 2202
2013 1860
2013 1064
2013 2094
2013 2325
2013 2129
2013 2095
2013 2096
2333 2094
2333 1935
2333 1908
2333 1951
2333 1944
2333 1857
2373 2039
2373 2040
2373 2042
2373 2250
2373 2002
2373 2152
2040 2257
2040 2039
2040 2056
2040 2089
2040 2152
2040 2375
2040 2328
2277 2276
2277 2283
2277 2128
2277 1958
2277 934
2155 2379
2155 2028
2155 2380
2155 2211
2155 2381
2155 2383
2041 2151
2041 2039
2041 2106
2041 2056
2041 2089
2041 2236
1970 1496
1970 2028
1970 1951
2139 727
2139 2137
2139 2164
2139 2386
2139 2387
2139 2365
2268 2266
2268 2206
2268 2234
2268 2178
2128 2126
2128 2094
2128 1757
2128 2129
2128 2203
2128 2170
2221 2220
2221 2094
2221 2013
2221 2129
2221 2095
2221 2068
2026 2024
2026 2198
2026 2388
2198 2227
2198 2389
2198 2290
2198 2314
2198 2178
2198 2047
1867 2390
1735 1738
1735 1197
1735 1953
1735 1736
1735 2122
2120 2140
2120 2127
2120 1899
2120 1937
1958 2276
1958 2118
1958 2305
1958 934
1958 2269
1958 2392
1958 2259
2394 2132
2394 2155
2394 2397
2394 2398
1493 260
1493 2011
1493 1900
1493 2399
2258 2400
1935 543
1935 125
1935 1705
1935 2306
2401 388
2401 1455
2401 390
2401 1856
2401 2344
2401 2338
2402 24
2402 2403
2402 2387
2402 2404
2405 2363
2405 2406
2405 2032
2233 2132
2233 2251
2233 1092
2233 1093
2233 2172
2233 2407
2233 2232
2233 2408
2251 2131
2251 2045
2251 2133
2316 102
2316 742
2316 2257
2316 2194
2316 2408
2316 796
2316 2265
2316 2186
2238 2039
2238 2042
2168 2116
2168 1064
2168 1899
2168 2226
2168 2284
2168 1937
2168 2015
2168 2362
1945 902
1945 938
1945 1946
1945 2399
2325 2126
2325 2094
2325 2148
2325 2203
2325 1956
2325 1838
2289 2287
2289 2337
2289 2290
2289 2114
2289 2077
2289 2362
1939 2121
1939 2411
1939 2232
1939 1951
1939 2016
1939 2004
2412 2118
2412 2211
2412 2265
2415 2041
2415 2250
2415 2108
2415 2275
2415 2002
2415 2327
2416 2031
2416 2095
2416 2306
2322 2177
2322 2202
2417 2064
2417 2416
2417 934
2417 2158
2417 2418
2389 2227
2389 2190
2121 1939
2121 2419
2121 2050
2121 2420
2121 2404
2087 2116
2087 2128
2087 1092
2087 1093
2087 1745
2087 2002
2087 1937
2087 2327
2087 2170
1092 2126
1092 2094
1092 2087
1092 2354
1092 1471
1092 2096
1092 2422
2208 1904
2208 2257
2208 2423
2208 2079
2208 2408
2208 2207
2208 2047
1093 2126
1093 2094
1093 2087
1093 2354
1093 1471
1093 2096
1093 2422
2424 2277
2424 2390
2424 2426
2403 2402
2403 2419
2403 2427
2403 2016
2349 2111
2349 2348
2349 1986
2349 2107
2428 2287
2428 2040
2428 2091
2428 2152
2428 2236
2317 2207
2042 2344
2042 2373
2042 1944
2419 2121
2419 2403
2419 2429
2419 2420
2419 2430
2061 715
2061 1756
2061 2023
2061 2000
2061 2431
2061 1051
2205 2118
2205 2283
2205 2416
2205 2206
2205 2179
2205 2302
2100 683
2100 1372
2100 2094
2100 1323
2100 2095
2100 2096
2100 1900
2027 1679
2027 758
2027 2133
2141 1935
2141 2000
2141 2096
2435 2094
2435 2042
2435 2096
2435 2004
2148 2041
2148 2325
2148 2250
2148 1955
2148 1039
2148 1956
1796 1745
1796 1051
1796 1797
2305 2318
2305 1958
2305 2379
2305 1745
2429 2121
2429 2419
2429 2437
1946 938
1946 1945
1946 2438
2104 2102
2104 2103
2104 2061
2104 2091
2439 954
2439 1063
2439 2066
2439 2305
2439 2186
2400 2160
2400 2305
2400 1745
2400 2028
2400 2440
2400 1445
2441 2084
2441 2287
2441 2121
2441 2442
2441 2443
2172 259
2172 2304
2172 2355
2172 2437
2172 2383
2172 2115
2407 2172
2407 2340
2445 2122
2445 2338
2445 2076
2446 2266
2446 2031
2446 2342
2447 868
2447 2412
2447 2205
2447 2179
1736 1197
1736 1953
1736 1735
1736 1462
1986 2017
1986 2039
1986 2019
1986 2289
1986 2056
1986 2236
2379 2257
2379 2276
2379 2028
2379 2033
2379 2310
2379 2211
2379 2381
2379 2422
2056 2151
2056 2039
2056 2235
2056 2041
2056 2449
2056 2107
2056 2152
2056 2236
2449 2127
2449 2415
2449 2056
2449 2057
2062 2126
2062 2127
2062 2128
2062 1323
2062 1937
2062 2170
2057 2055
2057 2061
2057 2056
2057 2449
2057 2058
2057 2059
2453 2454
2421 863
2421 1939
2421 2121
2421 2403
2421 2145
2421 2459
2421 2059
2421 2388
2421 2144
2107 2111
2107 2151
2107 2039
2107 2271
2107 2041
2107 2056
2107 2089
2107 2152
2225 2461
2225 2232
2225 2212
2201 2183
2201 2184
2201 2379
2201 2296
2201 2381
794 2126
794 2127
794 2094
794 2128
794 2129
794 1937
794 1838
794 2170
934 2073
934 2276
934 2283
934 2277
934 1958
934 2202
934 2278
2000 1462
2000 2359
2462 259
795 2184
795 2335
2386 727
2386 2139
2465 2155
2465 2201
2465 2466
2091 2073
2091 2102
2091 2257
2091 2103
2091 2050
2091 2152
2442 2441
2467 1533
2467 2062
2467 2468
2467 2345
2467 2469
2420 2050
2470 796
2470 2169
2470 2082
2470 1797
2470 2144
2470 2352
1331 2137
1331 2138
1331 2112
1331 2345
1331 2143
1331 2320
2142 1184
2142 2140
2142 2472
2142 2143
2142 2473
1757 2164
1757 2165
1757 2206
1757 2186
2206 2126
2206 2128
2206 2439
2206 1757
2206 2176
2206 2075
2206 2178
2176 2118
2176 2412
2176 2206
2176 2178
2269 2276
2269 1958
2269 2392
2269 2179
2250 2373
2475 2132
2475 2184
2475 2394
2475 1946
722 2363
722 2476
722 2466
1908 2193
1908 2094
1908 2477
1908 1093
1908 2095
1908 2408
2478 2397
2478 2479
2480 2268
2480 2190
2480 1564
2031 2357
2031 2416
2031 2446
2481 1533
2481 2146
2481 1534
1038 2117
1038 2041
1038 1039
1038 2275
1038 1956
2145 1899
2145 2118
2145 2333
2145 2419
2145 2368
2145 1951
2145 2320
2350 2348
2350 2483
2350 2484
2226 2126
2226 2168
2226 2114
2226 2264
2226 2077
2226 1944
2146 2010
2146 2462
2146 2046
2146 2306
2146 1797
2486 2416
2098 1372
2098 2102
2098 2168
2098 1908
2098 2226
2098 2334
2098 2015
1534 1289
1534 1533
1534 2145
1534 2146
1776 2109
1776 2350
1776 2327
1776 2015
2194 2193
2194 2128
2194 2234
2194 2294
2194 2150
2487 2054
2488 2428
2488 2242
2488 2163
1891 1335
1891 2165
1891 2489
2490 2073
2490 2206
2490 1745
2490 2033
2490 2398
2490 2186
2158 2246
2158 1945
2158 2417
2158 2444
2158 2340
2158 2046
2158 2491
2354 1092
2354 1093
2354 1471
2354 2422
2354 2083
2337 2303
1745 1326
1745 2353
1745 2087
1745 1093
1745 1912
1745 2294
1471 1092
1471 1093
1471 2175
2355 2182
2355 2197
2355 2172
2355 2191
2355 2492
2355 2311
2122 1197
2122 2094
2122 1735
2423 2257
2423 2282
2423 2197
2423 1959
2423 2230
2423 2033
2423 2020
2423 2300
2129 2220
2129 2094
2129 2013
2129 2203
2129 2096
1955 2041
1955 2056
1955 2369
1955 2375
1955 2202
1955 2272
1955 2294
1955 2260
2493 2304
2493 2379
2493 2177
2493 2343
2493 2278
2493 2294
2368 1998
2368 1899
2368 2288
2368 2120
2368 2114
2368 2076
2368 2216
2368 2264
2483 2373
2483 2499
2500 2033
2500 2080
2500 2300
2390 2416
2390 2180
2501 639
2501 357
2501 914
2501 1812
2371 2182
2371 2309
2371 2252
2371 2176
2371 2314
2110 1533
2110 1943
2110 2076
2110 2362
2110 1797
2110 2320
2504 2318
2504 2186
2028 2400
2028 2451
2028 1959
2434 2438
2506 2398
2507 2024
2507 2467
2507 2143
2262 2261
2262 2066
2262 2316
2262 2317
2262 2285
1039 2271
1039 1038
1039 1955
1039 1956
1039 2436
1039 2260
2369 2039
2369 2041
2369 1955
2369 2089
2369 2236
2369 1937
2369 2202
2369 2272
2369 2150
2326 2073
2326 1904
2326 2225
2326 2329
2326 2212
2326 2430
2326 2404
2437 2429
2437 2259
2290 2084
2290 2287
2290 1899
2290 2198
2290 2289
2290 2114
2290 2076
2290 2362
2290 2404
2166 2255
2166 2093
2166 2357
2166 2412
2166 1094
2166 2302
2166 2083
2380 2155
2380 2211
2380 2381
2380 2510
2242 2011
2242 2240
2242 2241
2242 2428
2484 2348
2484 2350
2484 1776
2284 1064
2284 2012
2285 2288
2285 2089
2285 2207
2285 2265
2285 2186
2203 2126
2203 2094
2203 2013
2203 1092
2203 1093
2203 2129
1959 2165
1959 1943
1959 2157
1959 2095
2032 2030
2032 2034
2032 2511
2342 2310
2342 2343
2173 2025
2173 2132
2173 2184
2173 2028
2173 2307
2230 2257
2230 2033
2230 2034
2230 2079
2230 2259
2230 2265
2033 2257
2033 2276
2033 2066
2033 2230
2033 2079
2033 2259
2033 2265
2108 2193
2108 2220
2108 1999
2108 2436
2513 2143
2034 1092
2034 1093
2034 2354
2034 2234
2489 2255
2489 2081
2489 2515
2489 2083
2426 2516
2426 1092
2426 1093
2426 2424
2426 2296
2426 2079
2296 2426
2296 2300
2163 2138
2163 2242
2275 2039
2275 2041
2275 2415
2275 1038
2275 1039
2275 1956
2275 2236
1323 346
1323 2127
1323 1937
1323 2170
2177 2283
2177 2175
2177 2080
2177 2202
2517 2308
2517 2504
2517 2314
2517 2047
2340 2233
2340 2407
2340 2310
2340 2133
2340 2383
2340 2491
2190 2187
2190 2188
2190 2197
2190 2316
2190 2480
2190 2492
2190 2200
2310 2183
2310 2128
2310 2380
2310 2211
2310 2381
2310 2300
2002 1998
2002 2087
2020 2518
2519 415
2519 1716
2519 1445
2239 1533
2239 2142
2239 2503
2239 2422
2239 2143
2089 2151
2089 2039
2089 2106
2089 2235
2089 2040
2089 2041
2089 2056
2089 2152
2152 2257
2152 2039
2152 2235
2152 2041
2152 2056
2152 2107
2152 2089
2079 2066
2079 2283
2079 1955
2079 2002
2079 2152
2079 2202
2411 2245
2411 1939
2411 2415
2411 2419
2411 2435
2411 2206
2411 2327
1462 879
1462 457
1462 880
1956 2041
1956 2325
1956 2148
1956 1039
1956 2375
1956 2260
1956 2150
2236 2039
2236 2270
2236 2106
2236 2235
2236 2041
2236 2056
2236 2107
2236 2108
2236 2152
2006 2435
2006 795
2006 1331
2006 2008
2520 1438
2520 1743
2520 1643
2520 1858
2468 2019
2468 2091
2468 2467
2468 2345
2080 1904
2080 2283
2080 1958
2080 2081
2080 1094
2080 2302
2080 2202
2459 2220
2459 2087
2459 1038
2459 2095
2459 2058
2136 2023
2136 2140
2136 2050
2136 2124
2136 2460
2081 2283
2081 2177
2081 2080
2081 2515
2081 2202
2081 2186
2314 2044
2314 1904
2314 2257
2314 2206
2314 2371
2314 2211
2314 2047
1937 926
1937 621
1937 2039
1937 2127
1937 2087
1937 1323
1937 2232
1937 2472
1937 2170
2466 2476
2466 2337
2345 2271
2345 2019
2345 2103
2345 2467
2345 2250
2345 2380
2345 2468
2345 1937
2345 2260
2063 1000
2063 1338
2063 2060
2063 1953
2063 1857
2232 269
2232 2127
2232 2087
2232 1937
2232 2392
2232 2170
2232 2294
2392 1958
2392 2269
2392 2499
1175 2465
2346 2017
2346 2011
2346 2050
2346 2091
2346 2420
2346 2236
1951 2333
1951 1939
1951 1857
2408 1092
2408 1093
2375 2151
2375 2039
2375 2041
2375 2056
2375 1955
2375 2089
2375 2152
2375 1956
2375 2260
2067 2066
2067 2412
2067 2079
2067 2307
2207 622
2207 2257
2207 2353
2207 2316
2207 2285
2207 2265
2338 2266
2338 2344
2338 2401
2338 2445
2099 2084
2099 2097
2099 2082
2096 932
2096 148
2096 1054
2096 2094
2096 2013
2096 2221
2007 2005
2007 1533
2007 2458
2211 2379
2211 2380
2211 2230
2211 2381
2211 2510
2381 2155
2381 2379
2381 2380
2381 2310
2381 2211
2381 2510
2259 2230
2259 2033
2058 2055
2058 2056
2058 2057
2058 2411
2058 796
2058 2059
2418 2283
2418 2277
2418 2175
2418 2285
2418 2081
2454 2523
2454 2035
796 2116
796 2039
796 2315
796 2041
796 2316
796 2056
796 2089
796 2152
2254 2246
2254 2253
1764 628
1764 2040
1764 2428
1838 931
1838 1012
1838 742
1838 2125
1838 2094
1838 2013
1838 794
1838 2129
1838 1944
2068 2094
2068 2095
2068 2096
2068 2083
2327 1904
2327 2415
2327 2087
2327 2002
2327 2152
2327 2114
2327 2294
2509 2171
2509 1980
2328 2257
2328 2235
2328 2040
2328 2042
2328 2056
2328 2152
2328 2260
2397 2024
2397 2131
2397 2252
2397 2478
2397 2398
2015 2084
2015 2315
2015 2040
2015 2168
2015 2328
2015 2362
2075 2095
2525 2480
2525 1891
2525 2191
2525 2518
2133 2044
2133 2131
2133 2132
2133 2045
2133 2201
2458 2428
2178 2412
2178 2206
2178 2176
2178 2031
2178 2285
2387 689
2387 412
2387 1589
2387 2093
2387 1935
2387 2402
2387 2365
2195 2023
2195 2193
2195 2127
2195 1657
2195 2221
2195 2320
2179 1378
2179 2318
2179 2316
2179 1912
2008 2103
2008 2163
2008 2006
2436 2094
2436 2013
2436 2129
2436 1039
2436 2108
2436 2095
2436 2272
2528 593
2528 2234
2528 2422
2479 2010
2479 2227
2479 2198
2479 2031
2191 2187
2191 2033
2191 2190
2191 2518
2191 2180
2124 1287
2124 841
2124 2441
2124 2460
2469 2111
2469 2056
2469 2089
2469 2152
2469 2345
2329 2168
2329 1038
2329 2275
2329 2212
2054 2103
2054 2487
2054 2459
2529 879
2529 2367
2529 2143
2529 2388
2492 2197
2492 2389
2492 2355
2492 2190
2492 2180
2398 2444
2367 2165
2367 2132
2367 2141
2367 1959
2311 2165
2311 2184
2311 2308
2311 2309
2311 2154
2114 2111
2114 2116
2114 1899
2114 2289
2114 2107
2114 2290
2114 2216
2114 2362
2383 2143
2046 2530
2046 2044
2046 1959
2046 1564
2021 1462
2510 2155
2510 2380
2510 2211
2510 2381
1900 1681
1900 1372
1900 260
1900 2011
1900 2287
1900 1493
2531 2141
2059 2055
2059 2039
2059 2148
2059 2232
2059 2058
2059 1900
1094 2283
1094 1951
1094 2302
1094 2077
1094 1944
1094 2186
2302 1092
2302 1093
2302 1094
2302 1944
2306 2093
2306 1935
2306 2416
2306 2166
2306 2461
2515 2164
2515 2283
2515 2489
2515 2081
2347 1791
2212 2282
2212 2175
2212 2034
2212 2234
2212 2422
2212 2202
2427 2441
2427 2062
2427 2206
2427 2284
2427 2460
2427 2150
2496 489
2496 309
2496 1401
2460 2023
2460 2148
2460 2108
2460 2136
2460 2124
2460 1912
2460 2404
1912 715
1912 1064
1912 1745
1912 1937
1912 2179
1912 2460
1912 2170
2359 2356
2359 2000
2359 1462
2359 1984
2440 2276
2440 2412
2440 1951
2440 2422
1980 795
1980 2089
1980 1982
2532 329
2532 2073
2532 2040
2532 2152
2202 2283
2202 2041
2202 2322
2202 1955
2202 2177
2202 2079
2202 2080
2076 2288
2076 2265
2297 2000
2297 795
1445 2206
1445 2519
1445 2436
2534 1959
2523 2405
2523 2454
2216 2111
2216 2116
2216 2011
2216 2287
2216 2112
2216 2415
2216 2290
1812 2501
2169 167
2169 1537
2169 844
2169 2042
2169 2470
2169 2503
2169 2144
2323 2188
2323 2200
1051 1796
2307 1993
2307 2165
2307 1063
2307 2276
2307 2066
2307 1657
2307 2268
2307 2067
2272 2270
2272 1955
2272 2108
2272 1956
2272 2436
2272 2202
2272 2260
2312 2160
2312 2128
2312 2175
2312 2206
2312 2176
2535 2182
2535 2184
2535 2271
2535 2288
2535 2081
2170 2128
2170 1323
2170 1937
2518 2356
2518 2283
2518 2020
2518 2178
2518 2179
2518 2180
1564 1904
1564 1757
1564 2480
1564 2234
2047 2153
2047 2198
2047 2028
2047 2314
2047 2263
2047 2211
2264 2261
2264 1899
2264 2118
2264 2226
2264 2368
2264 2114
2264 2076
2143 2141
2143 2142
2143 2239
2143 2529
2143 1797
2143 2473
2077 742
2077 2289
2077 1094
2077 2302
2077 1944
2388 1331
2388 1900
2388 2440
2388 2143
2265 2066
2265 2288
2265 2262
2265 2230
2265 2263
2265 2440
2265 2076
2265 2083
2082 1598
2082 2097
2082 2099
2082 2059
1944 742
1944 2039
1944 2013
1944 2373
1944 2087
1944 2042
1944 2077
2083 2353
2083 1092
2083 2354
2083 1094
2083 2422
2083 2278
2200 2188
2200 2198
2200 2355
2200 2190
2200 2323
2313 2308
2362 2084
2362 2011
2362 2287
2362 1899
2362 2315
2362 2168
2362 2015
2362 2114
2362 1900
2362 2076
2072 2507
2072 2513
2072 2529
2072 2523
2072 1982
1797 1796
1797 2145
1797 2146
1797 2143
1797 2320
2324 2276
2324 2197
2324 2316
2324 2322
2324 2230
2324 2179
2324 2180
2324 2303
2300 2305
2300 2296
2300 2310
2300 1094
2320 1533
2320 2122
2320 2110
2320 2143
2320 2362
2320 1797
2294 2118
2294 2175
2294 934
2294 1745
2294 2259
2294 2302
2180 2276
2180 2356
2180 1958
2180 2390
2180 2230
2180 2033
2180 2179
2180 2324
2260 2041
2260 2056
2260 1955
2260 1039
2260 1956
2260 2236
2260 2436
2260 2202
2150 2039
2150 2274
2150 1955
2150 2501
2150 2411
2150 1956
2150 2059
2150 2427
2150 2260
2430 2257
2430 2040
2430 2419
2430 2441
2430 2420
2430 2250
2430 1564
2430 2150
2404 2261
2404 2121
2404 2206
2404 2326
2404 2461
2404 2329
2404 2212
2404 2460
2404 2076
1982 639
2144 315
2144 2140
2144 2442
2144 2169
1857 994
1857 1643
1857 2333
1857 2145
1857 1951
2511 2283
2511 2032
2511 2263
2511 2518
2004 605
2004 1054
2004 258
2004 2010
2004 1937
2004 2232
2438 2205
2438 2434
2399 1493
2399 1945
2399 2124
2498 2345
1984 269
2352 2111
2352 2348
2352 2470
2248 1993
2248 2269
2248 2031
2248 2466
2248 1900
2248 2440
2248 2303
2186 2283
2186 2177
2186 2234
2186 2263
2537 2030
2537 2282
2303 2183
2303 2506
2303 2108
2303 2324
2365 2241
2365 2364
2115 2111
2115 2348
2115 2349
2491 2486
2491 2032
2339 2266
2339 2233
2366 2201
2366 2284
2366 2285
2366 2461
2366 2418
2366 2016
2366 1797
2366 2499
2539 1366
2539 2155
2539 2429
2539 2480
2539 2054
2539 2510
% 2539 12969
