4 2
7 2
13 2
15 2
2 4
7 4
13 4
15 4
4 13
2 13
7 13
15 13
4 15
2 15
7 15
13 15
4 7
2 7
13 7
15 7
17 18
18 17
20 17
40 37
57 45
67 45
74 45
76 45
88 87
93 87
97 87
100 87
103 87
106 87
107 87
108 87
112 87
116 87
117 87
119 87
122 87
202 199
205 199
206 199
207 199
209 199
210 199
214 199
217 199
220 199
221 199
222 199
227 199
228 199
373 374
375 374
378 374
383 374
385 374
387 374
389 374
397 374
398 374
406 374
37 40
88 97
93 97
87 97
100 97
103 97
106 97
107 97
108 97
112 97
116 97
117 97
166 172
173 172
177 172
180 172
182 172
189 172
503 172
202 209
205 209
206 209
207 209
199 209
210 209
214 209
217 209
220 209
221 209
222 209
227 209
228 209
238 240
239 240
252 240
253 240
255 240
259 240
155 240
512 240
513 240
341 349
342 349
345 349
346 349
354 349
358 349
363 349
364 349
410 419
415 419
420 419
424 419
425 419
427 419
433 419
435 419
441 419
533 419
534 419
372 419
544 543
543 544
166 173
172 173
177 173
180 173
182 173
189 173
406 173
567 173
202 210
205 210
206 210
207 210
199 210
209 210
214 210
217 210
220 210
221 210
222 210
227 210
228 210
192 210
572 210
309 315
310 315
312 315
320 315
322 315
329 315
373 385
525 385
375 385
378 385
383 385
374 385
387 385
389 385
397 385
398 385
592 385
525 420
410 420
415 420
419 420
424 420
425 420
427 420
433 420
435 420
595 420
441 420
372 420
609 607
607 609
45 57
67 57
74 57
660 659
659 660
662 660
660 662
663 662
662 663
665 663
88 100
93 100
87 100
97 100
103 100
106 100
107 100
108 100
112 100
116 100
117 100
678 100
373 387
375 387
378 387
383 387
374 387
385 387
389 387
397 387
398 387
628 387
663 665
730 728
728 730
166 177
172 177
173 177
180 177
182 177
189 177
202 214
205 214
206 214
207 214
199 214
209 214
210 214
217 214
220 214
221 214
222 214
227 214
228 214
341 354
342 354
345 354
346 354
349 354
358 354
363 354
364 354
76 354
373 389
375 389
378 389
383 389
374 389
385 389
387 389
397 389
398 389
372 389
567 389
410 424
415 424
419 424
420 424
425 424
427 424
433 424
435 424
119 424
441 424
831 795
797 795
795 831
893 831
797 831
831 893
797 893
918 893
926 893
897 893
797 897
926 897
797 926
897 926
797 918
936 918
984 936
797 936
932 936
918 936
985 936
797 932
1001 932
936 932
797 958
954 958
956 958
957 958
67 957
797 957
954 957
956 957
958 957
797 956
954 956
957 956
958 956
797 954
951 954
956 954
957 954
958 954
456 951
205 951
969 951
797 951
954 951
88 103
93 103
87 103
97 103
100 103
106 103
107 103
108 103
112 103
116 103
117 103
1019 103
309 320
310 320
312 320
315 320
322 320
329 320
410 425
415 425
419 425
420 425
424 425
427 425
433 425
435 425
500 425
1045 425
441 425
773 425
1050 425
454 969
194 969
797 969
951 969
1015 194
965 194
969 194
797 194
1015 965
194 965
797 965
965 1015
194 1015
1084 1015
1061 1009
1062 1009
1008 1009
454 1008
457 1008
122 1008
1061 1008
1062 1008
1009 1008
1101 1008
1102 1008
474 1062
1056 1062
1061 1062
1008 1062
1009 1062
1056 1061
1062 1061
1008 1061
1009 1061
1084 1061
453 1056
474 1056
534 1056
1061 1056
1062 1056
1084 1056
1056 534
1092 1074
1056 1074
984 1074
1094 1074
1086 1074
534 1074
1061 1074
1062 1074
1008 1074
1009 1074
1015 1074
1074 1092
1136 1092
1056 1092
1141 1092
1142 1092
984 1092
1094 1092
1086 1092
534 1092
1061 1092
1062 1092
1092 1086
1092 1094
984 1094
1177 1094
1094 984
1125 984
1197 984
1200 984
1203 984
454 1142
192 1142
986 1142
1136 1142
1141 1142
1101 1142
1053 1142
1309 1142
1313 1142
457 1141
1136 1141
1142 1141
194 1141
852 1141
1167 1141
1318 1141
453 1136
1141 1136
1142 1136
1346 1181
1224 1181
309 122
87 122
453 122
454 122
986 122
1330 122
1008 122
1355 122
1392 122
910 122
1394 122
1318 122
1399 122
1246 122
1168 122
913 122
1130 122
1294 122
1400 122
1401 122
1402 122
122 1330
1331 1330
852 1330
1408 1330
456 1331
253 1331
1330 1331
554 1331
1421 1331
1401 1331
447 1331
267 282
283 282
286 282
294 282
74 554
1331 554
1337 554
622 554
743 554
886 554
481 554
383 1351
682 1351
1350 1351
1501 1351
202 1502
155 1502
1503 1502
1392 1502
1167 1502
595 1350
682 1350
1351 1350
618 1350
595 682
1350 682
1351 682
1449 682
100 1534
454 1534
1392 1534
76 595
600 595
682 595
1350 595
87 1543
456 1543
345 1543
240 1543
1421 1543
652 1543
387 1553
322 1553
207 1553
1554 1553
559 1553
1421 1553
1125 1553
1557 1553
1558 1553
76 600
595 600
1553 600
618 600
1560 600
1557 600
1558 600
498 600
397 76
45 76
456 76
354 76
406 76
600 76
595 76
567 76
913 76
1130 76
1294 76
481 76
1400 76
1587 76
1343 1588
986 1588
618 1588
743 1588
1168 1588
383 192
133 192
210 192
1659 192
1456 192
1671 192
1676 192
1678 192
196 192
1431 192
383 1679
210 1679
406 1679
1563 1679
721 1679
618 1679
1681 1679
1656 1679
743 1679
1403 1679
1038 1679
1158 1679
1692 1693
454 1693
1444 1693
406 1693
1696 1693
1421 1693
628 1693
1571 1693
652 1693
874 1693
1602 1693
622 1693
700 1693
1168 1693
481 1693
312 1471
345 1471
1045 1471
533 1471
1783 1471
372 1471
567 1471
481 1471
1786 1471
457 1045
1471 1045
1842 1045
1818 1045
1820 1045
1508 1045
1451 1045
1844 1045
1150 1045
454 1846
1778 1846
986 1846
1449 1846
1851 1846
1525 1846
1392 1846
669 1846
1564 1846
1508 1846
737 1846
481 1846
1029 1846
1858 1846
1861 1846
1868 1846
1869 1846
1476 1846
1804 1527
567 1527
481 1527
1029 1527
1692 1924
706 1924
425 1924
227 1924
1659 1924
986 1924
1449 1924
1879 1924
1851 1924
842 1924
1392 1924
585 1924
910 1924
710 1924
1019 1924
743 1924
700 1924
481 1924
1029 1924
1613 1924
1615 1924
383 1974
420 1974
454 1974
456 1974
220 1974
600 1974
595 1974
1350 1974
1627 1974
122 1974
1503 1974
1386 1974
1224 1974
652 1974
1557 1974
1558 1974
1643 1974
481 1974
240 155
406 155
1564 155
567 155
1029 155
397 406
354 406
155 406
76 406
554 406
1678 406
196 406
1419 406
1090 406
1692 2019
453 2019
1456 2019
1449 2019
2023 2019
669 2019
1894 2019
700 2019
1558 2019
1029 2019
322 2027
130 2027
474 2027
1343 2027
986 2027
2028 2027
2029 2027
1386 2027
1987 2027
2031 2027
1820 2027
2034 2027
678 2027
1676 2027
1558 2027
692 2027
1826 2027
1029 2027
734 2069
1447 2069
1681 2069
1820 2069
784 2069
1558 2069
119 1831
2069 1831
2013 1831
1678 1831
706 2072
385 2072
309 2072
1343 2072
1627 2072
1483 2072
1449 2072
1571 2072
852 2072
1167 2072
2076 2072
867 2072
910 2072
1961 2072
1246 2072
1038 2072
1558 2072
1168 2072
737 2072
1826 2072
2082 2072
2083 2072
587 2072
1965 2072
2084 2072
424 119
87 119
1486 119
559 119
1831 119
2083 119
1400 119
1523 2153
385 2153
282 2153
2154 2153
1897 2153
1708 2153
1447 2153
852 2153
1167 2153
910 2153
784 2153
1961 2153
2158 2153
1963 2153
803 2153
737 2153
1875 2153
500 559
1486 559
119 559
737 559
1965 559
1900 559
1875 559
1923 559
2103 559
74 2168
1449 2168
721 2168
1447 2168
678 2168
669 2168
700 2168
1676 2168
1029 2168
1778 1486
500 1486
559 1486
119 1486
2168 1486
587 1486
481 1486
706 2170
707 2170
116 2170
453 2170
1351 2170
1627 2170
1897 2170
533 2170
1167 2170
1224 2170
993 2170
1783 2170
1961 2170
1254 2170
283 2173
986 2173
1449 2173
1897 2173
2090 2173
1447 2173
2174 2173
1525 2173
844 2173
530 2173
512 2173
1050 2173
410 500
425 500
322 500
1778 500
1486 500
559 500
2173 500
2174 500
1894 500
530 500
1678 500
1911 500
1050 500
500 1778
1486 1778
1804 1778
1678 1778
706 2190
385 2190
398 2190
986 2190
1456 2190
2029 2190
1897 2190
1681 2190
844 2190
852 2190
2023 2190
1125 2190
2034 2190
1894 2190
1508 2190
743 2190
592 2190
1963 2190
1985 2047
1444 2047
1455 2047
1781 2047
624 2047
1414 2047
1554 2047
2046 2047
1778 2047
500 2047
1486 2047
559 2047
119 2047
1831 2047
2047 2046
1681 2046
1503 2240
1897 2240
1708 2240
1447 2240
852 2240
1022 2240
2023 2240
1875 2240
706 2246
57 2246
106 2246
453 2246
456 2246
349 2246
1351 2246
1627 2246
721 2246
1708 2246
1447 2246
2062 2246
622 2246
1408 2246
1900 2246
1875 2246
1414 1554
2047 1554
1894 1554
1676 1554
773 1554
1911 1554
706 2257
1375 2257
205 2257
1350 2257
986 2257
1216 2257
1449 2257
2109 2257
1897 2257
1708 2257
1447 2257
837 2257
1571 2257
1655 2257
852 2257
1185 2257
1167 2257
2031 2257
1223 2257
1334 2257
2260 2257
2261 2257
1224 2257
977 2257
1632 2257
1411 2257
1358 2257
1713 2257
1337 2257
993 2257
864 2257
2076 2257
2181 2257
867 2257
2208 2257
1599 2257
1718 2257
1602 2257
1603 2257
912 2257
710 2257
1318 2257
1240 2257
1241 2257
1961 2257
1399 2257
1244 2257
1246 2257
1642 2257
961 2257
530 2257
1723 2257
1168 2257
1254 2257
1726 2257
913 2257
2130 2257
2131 2257
2134 2257
2135 2257
2137 2257
1643 2257
1826 2257
1730 2257
886 2257
1740 2257
1742 2257
1746 2257
1965 2257
1844 2257
1759 2257
2140 2257
2143 2257
1768 2257
889 2257
1267 2257
1272 2257
1280 2257
1283 2257
1286 2257
1290 2257
2213 2257
2214 2257
2218 2257
2220 2257
2145 2257
1130 2257
1294 2257
2226 2257
1496 2257
1497 2257
1499 2257
2149 2257
2151 2257
1150 2257
1554 1414
2047 1414
2042 1414
2034 1414
700 1414
1216 624
567 624
1963 624
1965 624
1844 624
1130 624
1294 624
1150 624
1911 624
383 1781
1985 1781
1444 1781
1455 1781
2042 1781
2062 1781
1019 1781
1911 1781
1050 1781
1692 2448
375 2448
397 2448
310 2448
220 2448
986 2448
1897 2448
1447 2448
618 2448
1421 2448
2174 2448
445 2448
2042 2448
1818 2448
1240 2448
1241 2448
1961 2448
1042 2448
1399 2448
1244 2448
1508 2448
1250 2448
1254 2448
913 2448
886 2448
1965 2448
1844 2448
1294 2448
2084 2448
1900 2448
1029 2448
525 1455
454 1455
1985 1455
1444 1455
1781 1455
2448 1455
1897 1455
1894 1455
2451 1455
1911 1455
1923 1455
514 2454
375 2454
227 2454
986 2454
2028 2454
2029 2454
2154 2454
2061 2454
765 2454
1447 2454
1893 2454
1052 2454
2238 2454
1963 2454
2082 2454
1900 2454
1985 1444
1455 1444
1781 1444
2454 1444
1963 1444
1900 1444
1444 1985
1455 1985
1781 1985
2238 1985
803 1985
1965 1985
1844 1985
1900 1985
1875 1985
129 143
130 143
133 143
144 143
147 143
149 143
154 143
447 143
166 180
172 180
173 180
177 180
182 180
189 180
202 217
205 217
206 217
207 217
199 217
209 217
210 217
214 217
220 217
221 217
222 217
227 217
228 217
372 217
737 217
1900 217
267 283
282 283
286 283
294 283
192 283
309 322
310 322
312 322
315 322
320 322
329 322
500 322
2028 322
410 427
415 427
419 427
420 427
424 427
425 427
433 427
435 427
441 427
372 427
453 467
454 467
456 467
457 467
469 467
472 467
474 467
477 467
628 467
886 467
93 88
87 88
97 88
100 88
103 88
106 88
107 88
108 88
112 88
116 88
117 88
1627 88
481 88
373 375
378 375
383 375
374 375
385 375
387 375
389 375
397 375
398 375
1659 375
986 375
1897 375
1094 375
2174 375
415 410
419 410
420 410
424 410
425 410
427 410
433 410
435 410
500 410
441 410
1523 2659
106 2659
240 2659
1704 2659
697 2659
1449 2659
2061 2659
765 2659
2062 2659
2023 2659
784 2659
1042 2659
669 2659
521 2659
2238 2659
1920 2659
1692 2727
1523 2727
2730 2727
2731 2727
2733 2727
2738 2727
454 2727
2739 2727
2740 2727
2750 2727
2751 2727
2752 2727
2753 2727
2757 2727
697 2727
2154 2727
1449 2727
765 2727
2174 2727
445 2727
844 2727
628 2727
2042 2727
1022 2727
1052 2727
678 2727
1803 2727
1920 2727
2083 2727
2084 2727
1659 2267
2764 2267
2766 2267
2768 2267
2727 2267
2770 2267
2771 2267
2775 2267
2779 2267
2083 2267
2782 2267
2785 2267
1050 2267
1692 2902
2345 2902
2908 2902
1523 2902
2913 2902
2922 2902
2923 2902
2924 2902
2928 2902
1807 2902
375 2902
454 2902
1568 2902
2937 2902
2938 2902
2940 2902
2952 2902
2953 2902
2955 2902
2957 2902
687 2902
2571 2902
2154 2902
572 2902
337 2902
2174 2902
2969 2902
1655 2902
2042 2902
2576 2902
2062 2902
2023 2902
784 2902
678 2902
669 2902
1920 2902
2083 2902
2975 2902
2976 2902
2559 2902
1401 2902
2084 2902
2979 2902
425 2998
57 2998
74 2998
453 2998
454 2998
474 2998
2346 2998
3001 2998
2464 2998
986 2998
3003 2998
1449 2998
1503 2998
572 2998
765 2998
2174 2998
837 2998
1525 2998
906 2998
839 2998
842 2998
2348 2998
844 2998
846 2998
2352 2998
2013 2998
1355 2998
852 2998
2042 2998
1818 2998
883 2998
678 2998
512 2998
2445 2998
2446 2998
133 1659
2267 1659
192 1659
2998 1659
2612 1659
533 1659
2057 1659
3006 1659
1678 1659
1663 1659
3007 1659
3010 1659
1875 1659
706 3011
3014 3011
1375 3011
3016 3011
2571 3011
2109 3011
2612 3011
3024 3011
765 3011
337 3011
618 3011
2174 3011
445 3011
837 3011
3028 3011
3029 3011
1223 3011
1334 3011
2260 3011
2261 3011
1550 3011
977 3011
1818 3011
1820 3011
1723 3011
737 3011
2312 3011
1826 3011
1130 3011
1294 3011
2226 3011
1496 3011
1497 3011
1499 3011
2149 3011
2151 3011
1150 3011
2101 3011
1692 533
514 533
525 533
310 533
346 533
1659 533
1471 533
986 533
687 533
2154 533
765 533
337 533
2174 533
445 533
1681 533
1525 533
2057 533
2042 533
2576 533
1987 533
2031 533
371 533
1337 533
1783 533
372 533
910 533
710 533
2034 533
1894 533
3059 533
521 533
530 533
1920 533
2083 533
2220 533
1401 533
1053 533
1029 533
525 372
419 372
420 372
427 372
312 372
112 372
217 372
1471 372
1804 372
2460 372
533 372
2057 372
371 372
2034 372
1240 372
1241 372
530 372
447 372
1053 372
1900 372
1029 372
3116 372
3118 372
88 106
93 106
87 106
97 106
100 106
103 106
107 106
108 106
112 106
116 106
117 106
618 106
129 144
130 144
133 144
143 144
147 144
149 144
154 144
1527 144
341 358
342 358
345 358
346 358
349 358
354 358
363 358
364 358
88 107
93 107
87 107
97 107
100 107
103 107
106 107
108 107
112 107
116 107
117 107
166 182
172 182
173 182
177 182
180 182
189 182
453 469
454 469
456 469
457 469
467 469
472 469
474 469
477 469
88 108
93 108
87 108
97 108
100 108
103 108
106 108
107 108
112 108
116 108
117 108
1343 108
1084 108
202 220
205 220
206 220
207 220
199 220
209 220
210 220
214 220
217 220
221 220
222 220
227 220
228 220
1455 220
267 286
282 286
283 286
294 286
697 286
1671 286
652 286
45 67
57 67
74 67
129 147
130 147
133 147
143 147
144 147
149 147
154 147
2442 147
481 147
202 221
205 221
206 221
207 221
199 221
209 221
210 221
214 221
217 221
220 221
222 221
227 221
228 221
1414 221
238 252
239 252
240 252
253 252
255 252
259 252
986 252
481 252
202 222
205 222
206 222
207 222
199 222
209 222
210 222
214 222
217 222
220 222
221 222
227 222
228 222
372 222
238 253
239 253
240 253
252 253
255 253
259 253
1331 253
447 253
373 397
375 397
378 397
383 397
374 397
385 397
387 397
389 397
398 397
1455 397
406 397
453 472
454 472
456 472
457 472
467 472
469 472
474 472
477 472
129 149
130 149
133 149
143 149
144 149
147 149
154 149
341 363
342 363
345 363
346 363
349 363
354 363
358 363
364 363
1386 363
2042 363
373 398
375 398
378 398
383 398
374 398
385 398
387 398
389 398
397 398
592 398
525 433
410 433
415 433
419 433
420 433
424 433
425 433
427 433
435 433
441 433
372 433
706 112
88 112
93 112
87 112
97 112
100 112
103 112
106 112
107 112
108 112
116 112
117 112
238 255
239 255
240 255
252 255
253 255
259 255
2103 255
309 329
310 329
312 329
315 329
320 329
322 329
337 329
341 364
342 364
345 364
346 364
349 364
354 364
358 364
363 364
453 474
454 474
456 474
457 474
467 474
469 474
472 474
477 474
2061 474
3131 3129
410 435
415 435
419 435
420 435
424 435
425 435
427 435
433 435
441 435
3129 3131
166 189
172 189
173 189
177 189
180 189
182 189
697 189
202 227
205 227
206 227
207 227
199 227
209 227
210 227
214 227
217 227
220 227
221 227
222 227
228 227
1444 227
554 227
567 227
453 477
454 477
456 477
457 477
467 477
469 477
472 477
474 477
76 477
2460 477
1655 477
1803 477
282 267
283 267
286 267
294 267
342 341
345 341
346 341
349 341
354 341
358 341
363 341
364 341
17 20
3142 20
45 74
57 74
67 74
1386 74
88 116
93 116
87 116
97 116
100 116
103 116
106 116
107 116
108 116
112 116
117 116
1084 116
129 154
130 154
133 154
143 154
144 154
147 154
149 154
196 154
202 228
205 228
206 228
207 228
199 228
209 228
210 228
214 228
217 228
220 228
221 228
222 228
227 228
883 228
238 259
239 259
240 259
252 259
253 259
255 259
267 294
282 294
283 294
286 294
88 117
93 117
87 117
97 117
100 117
103 117
106 117
107 117
108 117
112 117
116 117
122 117
3146 3144
3144 3146
205 202
206 202
207 202
199 202
209 202
210 202
214 202
217 202
220 202
221 202
222 202
227 202
228 202
559 202
2969 202
341 342
345 342
346 342
349 342
354 342
358 342
363 342
364 342
130 129
133 129
143 129
144 129
147 129
149 129
154 129
172 166
173 166
177 166
180 166
182 166
189 166
373 378
375 378
383 378
374 378
385 378
387 378
389 378
397 378
398 378
1045 378
454 453
456 453
457 453
467 453
469 453
472 453
474 453
477 453
20 3142
129 130
133 130
143 130
144 130
147 130
149 130
154 130
119 130
585 130
910 130
2034 130
310 309
312 309
315 309
320 309
322 309
329 309
1343 309
784 309
2084 309
525 454
453 454
456 454
457 454
467 454
469 454
472 454
474 454
477 454
1455 454
1142 454
1008 454
969 454
1909 454
1053 454
88 93
87 93
97 93
100 93
103 93
106 93
107 93
108 93
112 93
116 93
117 93
1029 93
202 205
206 205
207 205
199 205
209 205
210 205
214 205
217 205
220 205
221 205
222 205
227 205
228 205
1350 205
951 205
784 205
1029 205
309 310
312 310
315 310
320 310
322 310
329 310
533 310
765 310
337 310
341 345
342 345
346 345
349 345
354 345
358 345
363 345
364 345
410 415
419 415
420 415
424 415
425 415
427 415
433 415
435 415
441 415
3202 3201
202 206
205 206
207 206
199 206
209 206
210 206
214 206
217 206
220 206
221 206
222 206
227 206
228 206
341 346
342 346
345 346
349 346
354 346
358 346
363 346
364 346
710 346
814 346
453 456
454 456
457 456
467 456
469 456
472 456
474 456
477 456
76 456
3201 3202
129 133
130 133
143 133
144 133
147 133
149 133
154 133
1659 133
1678 133
202 207
205 207
206 207
199 207
209 207
210 207
214 207
217 207
220 207
221 207
222 207
227 207
228 207
1554 207
239 238
240 238
252 238
253 238
255 238
259 238
309 312
310 312
315 312
320 312
322 312
329 312
1471 312
453 457
454 457
456 457
467 457
469 457
472 457
474 457
477 457
238 239
240 239
252 239
253 239
255 239
259 239
2976 239
373 383
375 383
378 383
374 383
385 383
387 383
389 383
397 383
398 383
595 383
1681 383
1431 383
3250 1869
3253 1869
3256 1869
3261 1869
3267 1869
3269 1869
2445 1869
2446 1869
3277 1869
1858 1869
2239 1869
3296 1869
3297 1869
1861 1869
3312 1869
3318 1869
2234 1869
1647 1869
3340 1869
3345 1869
3348 1869
3349 1869
1868 1869
3359 1869
3368 1869
3373 1869
3377 1869
3386 1869
3393 1869
3395 1869
3398 1869
3403 1869
3404 1869
3416 1869
3417 1869
3424 1869
3427 1869
1666 1869
3435 1869
3440 1869
3444 1869
3447 1869
1648 1869
3236 3250
3237 3250
3240 3250
3243 3250
3253 3250
3256 3250
3261 3250
3267 3250
3269 3250
2445 3250
2446 3250
3277 3250
1858 3250
2239 3250
3296 3250
3297 3250
1861 3250
3312 3250
3318 3250
2234 3250
1647 3250
3340 3250
3345 3250
3348 3250
3349 3250
1868 3250
1869 3250
3359 3250
3368 3250
3373 3250
3377 3250
3386 3250
3393 3250
3395 3250
3398 3250
3403 3250
3404 3250
3416 3250
3417 3250
3424 3250
3427 3250
1666 3250
3435 3250
3440 3250
3444 3250
3447 3250
1648 3250
3236 3253
3240 3253
3243 3253
3250 3253
3256 3253
3261 3253
3267 3253
3269 3253
2445 3253
2446 3253
3277 3253
1858 3253
2239 3253
3296 3253
3297 3253
1861 3253
3312 3253
3318 3253
2234 3253
1647 3253
3340 3253
3345 3253
3348 3253
3349 3253
1868 3253
1869 3253
3359 3253
3368 3253
3373 3253
3377 3253
3386 3253
3393 3253
3395 3253
3398 3253
3403 3253
3404 3253
3416 3253
3417 3253
3424 3253
3427 3253
1666 3253
3435 3253
3440 3253
3444 3253
3447 3253
1648 3253
3236 3256
3237 3256
3240 3256
3243 3256
3250 3256
3253 3256
3261 3256
3267 3256
3269 3256
2445 3256
2446 3256
3277 3256
1858 3256
2239 3256
3296 3256
3297 3256
1861 3256
3312 3256
3318 3256
2234 3256
1647 3256
3340 3256
3345 3256
3348 3256
3349 3256
1868 3256
1869 3256
3359 3256
3368 3256
3373 3256
3377 3256
3386 3256
3393 3256
3395 3256
3398 3256
3403 3256
3404 3256
3416 3256
3417 3256
3424 3256
3427 3256
1666 3256
3435 3256
3440 3256
3444 3256
3447 3256
1648 3256
3250 1868
3253 1868
3256 1868
3261 1868
3267 1868
3269 1868
2445 1868
2446 1868
3277 1868
1858 1868
2239 1868
3296 1868
3297 1868
1861 1868
3312 1868
3318 1868
2234 1868
1647 1868
3340 1868
3345 1868
3348 1868
3349 1868
1869 1868
3359 1868
3368 1868
3373 1868
3377 1868
3386 1868
3393 1868
3395 1868
3398 1868
3403 1868
3404 1868
3416 1868
3417 1868
3424 1868
3427 1868
1666 1868
3435 1868
3440 1868
3444 1868
3447 1868
1648 1868
3237 3261
3240 3261
3250 3261
3253 3261
3256 3261
3267 3261
3269 3261
2445 3261
2446 3261
3277 3261
1858 3261
2239 3261
3296 3261
3297 3261
1861 3261
3312 3261
3318 3261
2234 3261
1647 3261
3340 3261
3345 3261
3348 3261
3349 3261
1868 3261
1869 3261
3359 3261
3368 3261
3373 3261
3377 3261
3386 3261
3393 3261
3395 3261
3398 3261
3403 3261
3404 3261
3416 3261
3417 3261
3424 3261
3427 3261
1666 3261
3435 3261
3440 3261
3444 3261
3447 3261
1648 3261
3483 4082
4093 2684
1501 2684
1488 2684
1928 2684
2667 2684
2668 2684
1560 2684
2619 2684
2672 2684
2656 2684
2677 2684
2605 2684
3039 2684
2691 2684
3118 2684
4093 2691
1501 2691
1488 2691
1928 2691
2667 2691
2668 2691
1560 2691
2619 2691
2672 2691
2656 2691
2677 2691
2605 2691
3039 2691
2684 2691
3118 2691
1003 2785
2333 2785
2995 2785
2714 2785
2835 2785
2593 2785
2842 2785
1003 2842
2333 2842
2995 2842
2714 2842
2835 2842
2593 2842
2785 2842
4093 3039
1501 3039
1488 3039
1928 3039
2667 3039
2668 3039
1560 3039
2619 3039
2672 3039
2656 3039
2677 3039
2605 3039
2684 3039
2691 3039
3118 3039
4093 3118
1501 3118
1488 3118
1928 3118
2667 3118
2668 3118
1560 3118
2619 3118
2672 3118
2656 3118
2677 3118
2605 3118
3039 3118
2684 3118
2691 3118
3518 4120
3237 3269
3240 3269
3250 3269
3253 3269
3256 3269
3261 3269
3267 3269
2445 3269
2446 3269
3277 3269
1858 3269
2239 3269
3296 3269
3297 3269
1861 3269
3312 3269
3318 3269
2234 3269
1647 3269
3340 3269
3345 3269
3348 3269
3349 3269
1868 3269
1869 3269
3359 3269
3368 3269
3373 3269
3377 3269
3386 3269
3393 3269
3395 3269
3398 3269
3403 3269
3404 3269
3416 3269
3417 3269
3424 3269
4185 3269
3427 3269
4186 3269
1666 3269
3435 3269
3440 3269
3444 3269
3447 3269
1648 3269
795 797
831 797
893 797
122 797
1136 797
1056 797
1330 797
1331 797
554 797
1181 797
1141 797
1142 797
984 797
1094 797
1086 797
534 797
1061 797
1062 797
1008 797
1009 797
1015 797
965 797
194 797
969 797
1185 797
951 797
954 797
961 797
956 797
957 797
958 797
932 797
936 797
918 797
926 797
897 797
3386 797
4200 797
3236 3267
3237 3267
3240 3267
3250 3267
3253 3267
3256 3267
3261 3267
3269 3267
2445 3267
2446 3267
3277 3267
1858 3267
2239 3267
3296 3267
3297 3267
1861 3267
3312 3267
3318 3267
2234 3267
1647 3267
3340 3267
3345 3267
3348 3267
3349 3267
1868 3267
1869 3267
3359 3267
3368 3267
3373 3267
3377 3267
3386 3267
3393 3267
3395 3267
3398 3267
3403 3267
3404 3267
3416 3267
3417 3267
3424 3267
3427 3267
1158 3267
1666 3267
3435 3267
3440 3267
3444 3267
3447 3267
1648 3267
196 1943
767 1943
1663 1943
3250 3348
3253 3348
3256 3348
3261 3348
3267 3348
3269 3348
2445 3348
2446 3348
3277 3348
1858 3348
2239 3348
3296 3348
3297 3348
1861 3348
3312 3348
3318 3348
2234 3348
1647 3348
3340 3348
3345 3348
3349 3348
1868 3348
1869 3348
3359 3348
3368 3348
3373 3348
3377 3348
3386 3348
3393 3348
3395 3348
3398 3348
3403 3348
3404 3348
3416 3348
3417 3348
3424 3348
3427 3348
1666 3348
3435 3348
3440 3348
3444 3348
3447 3348
1648 3348
3240 3297
3250 3297
3253 3297
3256 3297
3261 3297
3267 3297
3269 3297
2445 3297
2446 3297
3277 3297
1858 3297
2239 3297
3296 3297
1861 3297
3312 3297
3318 3297
2234 3297
1647 3297
3340 3297
3345 3297
3348 3297
3349 3297
1868 3297
1869 3297
3359 3297
3368 3297
3373 3297
3377 3297
3386 3297
3393 3297
3395 3297
3398 3297
3403 3297
3404 3297
3416 3297
3417 3297
3424 3297
3427 3297
1666 3297
3435 3297
3440 3297
3444 3297
3447 3297
1648 3297
3240 3277
3250 3277
3253 3277
3256 3277
3261 3277
3267 3277
3269 3277
2445 3277
2446 3277
1858 3277
2239 3277
3296 3277
3297 3277
1861 3277
3312 3277
3318 3277
2234 3277
1647 3277
3340 3277
3345 3277
3348 3277
3349 3277
1868 3277
1869 3277
3359 3277
3368 3277
3373 3277
3377 3277
3386 3277
3393 3277
3395 3277
3398 3277
3403 3277
3404 3277
3416 3277
3417 3277
3424 3277
3427 3277
1666 3277
3435 3277
3440 3277
3444 3277
3447 3277
1648 3277
3250 3349
3253 3349
3256 3349
3261 3349
3267 3349
3269 3349
2445 3349
2446 3349
3277 3349
1858 3349
2239 3349
3296 3349
3297 3349
1861 3349
3312 3349
3318 3349
2234 3349
1647 3349
3340 3349
3345 3349
3348 3349
1868 3349
1869 3349
3359 3349
3368 3349
3373 3349
3377 3349
3386 3349
3393 3349
3395 3349
3398 3349
3403 3349
3404 3349
3416 3349
3417 3349
3424 3349
3427 3349
1666 3349
3435 3349
3440 3349
3444 3349
3447 3349
1648 3349
3250 3340
3253 3340
3256 3340
3261 3340
3267 3340
3269 3340
2445 3340
2446 3340
3277 3340
1858 3340
2239 3340
3296 3340
3297 3340
1861 3340
3312 3340
3318 3340
2234 3340
1647 3340
3345 3340
3348 3340
3349 3340
1868 3340
1869 3340
3359 3340
3368 3340
3373 3340
3377 3340
3386 3340
3393 3340
3395 3340
3398 3340
3403 3340
3404 3340
3416 3340
3417 3340
3424 3340
3427 3340
1666 3340
3435 3340
3440 3340
3444 3340
3447 3340
1648 3340
3250 2234
3253 2234
3256 2234
3261 2234
3267 2234
3269 2234
2445 2234
2446 2234
3277 2234
1858 2234
2239 2234
3296 2234
3297 2234
1861 2234
3312 2234
3318 2234
1647 2234
3340 2234
3345 2234
3348 2234
3349 2234
1868 2234
1869 2234
3359 2234
3368 2234
3373 2234
3377 2234
3386 2234
3393 2234
3395 2234
3398 2234
3403 2234
3404 2234
3416 2234
3417 2234
3424 2234
3427 2234
1666 2234
3435 2234
3440 2234
3444 2234
3447 2234
1648 2234
3250 3312
3253 3312
3256 3312
3261 3312
3267 3312
3269 3312
2445 3312
2446 3312
3277 3312
1858 3312
2239 3312
3296 3312
3297 3312
1861 3312
3318 3312
2234 3312
1647 3312
3340 3312
3345 3312
3348 3312
3349 3312
1868 3312
1869 3312
3359 3312
3368 3312
3373 3312
3377 3312
3386 3312
3393 3312
3395 3312
3398 3312
3403 3312
3404 3312
3416 3312
3417 3312
3424 3312
3427 3312
1666 3312
3435 3312
3440 3312
3444 3312
3447 3312
1648 3312
3237 2445
3250 2445
3253 2445
3256 2445
3261 2445
3267 2445
3269 2445
2446 2445
3277 2445
1858 2445
2239 2445
3296 2445
3297 2445
1861 2445
3312 2445
3318 2445
2234 2445
1647 2445
3340 2445
3345 2445
3348 2445
3349 2445
1868 2445
1869 2445
3359 2445
3368 2445
3373 2445
3377 2445
3386 2445
3393 2445
3395 2445
3398 2445
3403 2445
3404 2445
3416 2445
3417 2445
3424 2445
3427 2445
1666 2445
3435 2445
3440 2445
3444 2445
3447 2445
1648 2445
3250 2239
3253 2239
3256 2239
3261 2239
3267 2239
3269 2239
2445 2239
2446 2239
3277 2239
1858 2239
4227 2239
3296 2239
3297 2239
1861 2239
3312 2239
3318 2239
2234 2239
1647 2239
3340 2239
3345 2239
3348 2239
3349 2239
1868 2239
1869 2239
3359 2239
3368 2239
3373 2239
3377 2239
3386 2239
3393 2239
3395 2239
3398 2239
3403 2239
3404 2239
3416 2239
3417 2239
3424 2239
3427 2239
1666 2239
3435 2239
3440 2239
3444 2239
3447 2239
1648 2239
3250 1861
3253 1861
3256 1861
3261 1861
3267 1861
3269 1861
2445 1861
2446 1861
3277 1861
1858 1861
2239 1861
3296 1861
3297 1861
3312 1861
3318 1861
2234 1861
1647 1861
3340 1861
3345 1861
3348 1861
3349 1861
1868 1861
1869 1861
3359 1861
3368 1861
3373 1861
3377 1861
3386 1861
3393 1861
3395 1861
3398 1861
3403 1861
3404 1861
3416 1861
3417 1861
3424 1861
3427 1861
1666 1861
3435 1861
3440 1861
3444 1861
3447 1861
1648 1861
3250 3345
3253 3345
3256 3345
3261 3345
3267 3345
3269 3345
2445 3345
2446 3345
3277 3345
1858 3345
2239 3345
3296 3345
3297 3345
1861 3345
3312 3345
3318 3345
2234 3345
1647 3345
3340 3345
3348 3345
3349 3345
1868 3345
1869 3345
3359 3345
3368 3345
3373 3345
3377 3345
3386 3345
3393 3345
3395 3345
3398 3345
3403 3345
3404 3345
3416 3345
3417 3345
3424 3345
3427 3345
1666 3345
3435 3345
3440 3345
3444 3345
3447 3345
1648 3345
3250 3296
3253 3296
3256 3296
3261 3296
3267 3296
3269 3296
2445 3296
2446 3296
3277 3296
1858 3296
2239 3296
3297 3296
1861 3296
3312 3296
3318 3296
2234 3296
1647 3296
3340 3296
3345 3296
3348 3296
3349 3296
1868 3296
1869 3296
3359 3296
3368 3296
3373 3296
3377 3296
3386 3296
3393 3296
3395 3296
3398 3296
3403 3296
3404 3296
3416 3296
3417 3296
3424 3296
3427 3296
1666 3296
3435 3296
3440 3296
3444 3296
3447 3296
1648 3296
3237 1858
3250 1858
3253 1858
3256 1858
3261 1858
3267 1858
3269 1858
2445 1858
2446 1858
3277 1858
4231 1858
2239 1858
3296 1858
3297 1858
1861 1858
3312 1858
3318 1858
2234 1858
1647 1858
3340 1858
3345 1858
3348 1858
3349 1858
1868 1858
1869 1858
3359 1858
3368 1858
3373 1858
3377 1858
3386 1858
3393 1858
3395 1858
3398 1858
3403 1858
3404 1858
3416 1858
3417 1858
3424 1858
3427 1858
2331 1858
1666 1858
3435 1858
3440 1858
3444 1858
3447 1858
1648 1858
3250 1648
3253 1648
3256 1648
3261 1648
3267 1648
3269 1648
2445 1648
2446 1648
3277 1648
1858 1648
2239 1648
3296 1648
3297 1648
1861 1648
3312 1648
3318 1648
2234 1648
1647 1648
3340 1648
3345 1648
3348 1648
3349 1648
1868 1648
1869 1648
3359 1648
3368 1648
3373 1648
3377 1648
3386 1648
3393 1648
3395 1648
3398 1648
3403 1648
3404 1648
3416 1648
3417 1648
3424 1648
3427 1648
1666 1648
3435 1648
3440 1648
3444 1648
3447 1648
3250 3368
3253 3368
3256 3368
3261 3368
3267 3368
3269 3368
2445 3368
2446 3368
3277 3368
1858 3368
2239 3368
3296 3368
3297 3368
1861 3368
3312 3368
3318 3368
2234 3368
1647 3368
3340 3368
3345 3368
3348 3368
3349 3368
1868 3368
1869 3368
3359 3368
3373 3368
3377 3368
3386 3368
3393 3368
3395 3368
3398 3368
3403 3368
3404 3368
3416 3368
3417 3368
3424 3368
3427 3368
1666 3368
3435 3368
3440 3368
3444 3368
3447 3368
1648 3368
3250 1647
3253 1647
3256 1647
3261 1647
3267 1647
3269 1647
2445 1647
2446 1647
3277 1647
1858 1647
2239 1647
3296 1647
3297 1647
1861 1647
3312 1647
3318 1647
2234 1647
3340 1647
3345 1647
3348 1647
3349 1647
1868 1647
1869 1647
3359 1647
3368 1647
3373 1647
3377 1647
3386 1647
3393 1647
3395 1647
3398 1647
3403 1647
3404 1647
3416 1647
3417 1647
3424 1647
3427 1647
1666 1647
3435 1647
3440 1647
3444 1647
3447 1647
1648 1647
3250 3318
3253 3318
3256 3318
3261 3318
3267 3318
3269 3318
2445 3318
2446 3318
3277 3318
1858 3318
2239 3318
3296 3318
3297 3318
1861 3318
3312 3318
2234 3318
1647 3318
3340 3318
3345 3318
3348 3318
3349 3318
1868 3318
1869 3318
3359 3318
3368 3318
3373 3318
3377 3318
3386 3318
3393 3318
3395 3318
3398 3318
3403 3318
3404 3318
3416 3318
3417 3318
3424 3318
3427 3318
1666 3318
3435 3318
3440 3318
3444 3318
3447 3318
1648 3318
3250 3373
3253 3373
3256 3373
3261 3373
3267 3373
3269 3373
2445 3373
2446 3373
3277 3373
1858 3373
2239 3373
3296 3373
3297 3373
1861 3373
3312 3373
3318 3373
2234 3373
1647 3373
3340 3373
3345 3373
3348 3373
3349 3373
1868 3373
1869 3373
3359 3373
3368 3373
3377 3373
3386 3373
3393 3373
3395 3373
3398 3373
3403 3373
3404 3373
3416 3373
3417 3373
3424 3373
3427 3373
1305 3373
1666 3373
3435 3373
3440 3373
3444 3373
3447 3373
1648 3373
3250 3440
3253 3440
3256 3440
3261 3440
3267 3440
3269 3440
2445 3440
2446 3440
3277 3440
1858 3440
2239 3440
3296 3440
3297 3440
1861 3440
3312 3440
3318 3440
2234 3440
1647 3440
3340 3440
3345 3440
3348 3440
3349 3440
1868 3440
1869 3440
3359 3440
3368 3440
3373 3440
3377 3440
3386 3440
3393 3440
3395 3440
3398 3440
3403 3440
3404 3440
3416 3440
3417 3440
3424 3440
3427 3440
1666 3440
3435 3440
3444 3440
3447 3440
1648 3440
3250 3435
3253 3435
3256 3435
3261 3435
3267 3435
3269 3435
2445 3435
2446 3435
3277 3435
1858 3435
2239 3435
3296 3435
3297 3435
1861 3435
3312 3435
3318 3435
2234 3435
1647 3435
3340 3435
3345 3435
3348 3435
3349 3435
1868 3435
1869 3435
3359 3435
3368 3435
3373 3435
3377 3435
3386 3435
3393 3435
3395 3435
3398 3435
3403 3435
3404 3435
3416 3435
3417 3435
3424 3435
3427 3435
1666 3435
3440 3435
3444 3435
3447 3435
1648 3435
1890 985
3427 985
4230 985
4254 985
4256 985
4258 985
4259 985
1613 985
1615 985
4262 985
1090 985
4229 985
4263 985
1786 985
4269 985
4270 985
4271 985
3861 985
2451 985
2341 985
4193 985
4194 985
4287 985
4292 985
2343 985
2331 985
4294 985
4234 985
1309 985
1371 985
1372 985
1313 985
4299 985
4300 985
4200 985
1158 985
4186 985
1305 985
4312 985
2853 3016
2733 3016
3049 3016
1594 3016
2612 3016
3427 4254
4230 4254
985 4254
4256 4254
4258 4254
4259 4254
1613 4254
1615 4254
4262 4254
1090 4254
4229 4254
4263 4254
1786 4254
4269 4254
4270 4254
4271 4254
3861 4254
2451 4254
2341 4254
4193 4254
4194 4254
4287 4254
4292 4254
2343 4254
2331 4254
4294 4254
4234 4254
1309 4254
1371 4254
1372 4254
1313 4254
4299 4254
4300 4254
4200 4254
1158 4254
4186 4254
1305 4254
4312 4254
3427 1090
4230 1090
985 1090
4254 1090
4256 1090
4258 1090
4259 1090
1613 1090
1615 1090
4262 1090
4229 1090
4263 1090
1786 1090
4269 1090
4270 1090
4271 1090
3861 1090
2451 1090
2341 1090
4193 1090
4194 1090
4287 1090
4292 1090
2343 1090
2331 1090
4294 1090
4234 1090
1309 1090
1371 1090
1372 1090
1313 1090
4299 1090
4300 1090
4200 1090
1158 1090
4186 1090
1305 1090
4312 1090
3427 4258
4230 4258
985 4258
4254 4258
4256 4258
4259 4258
1613 4258
1615 4258
4262 4258
1090 4258
4229 4258
4263 4258
1786 4258
4269 4258
4270 4258
4271 4258
3861 4258
2451 4258
2341 4258
4193 4258
4194 4258
4287 4258
4292 4258
2343 4258
2331 4258
4294 4258
4234 4258
1309 4258
1371 4258
1372 4258
1313 4258
4299 4258
4300 4258
4200 4258
1158 4258
4186 4258
1305 4258
4312 4258
4350 4256
3427 4256
4230 4256
985 4256
4254 4256
4258 4256
4259 4256
1613 4256
1615 4256
4262 4256
1090 4256
4229 4256
4263 4256
1786 4256
4269 4256
4270 4256
4271 4256
3861 4256
2451 4256
2341 4256
4193 4256
4194 4256
4287 4256
4292 4256
2343 4256
2331 4256
4294 4256
4234 4256
1309 4256
1371 4256
1372 4256
1313 4256
4299 4256
4300 4256
4200 4256
1158 4256
4186 4256
1305 4256
4312 4256
1704 4350
1408 4350
4256 4350
4193 4350
4194 4350
4287 4350
2331 4350
1309 4350
1371 4350
1372 4350
1313 4350
1627 2460
2362 2460
1167 2460
1240 2460
1241 2460
1961 2460
1399 2460
1244 2460
1250 2460
1254 2460
1203 2460
2460 1203
4420 4421
4093 2619
1501 2619
1488 2619
1928 2619
2667 2619
2668 2619
1560 2619
2672 2619
2656 2619
2677 2619
2605 2619
3039 2619
2684 2619
2691 2619
3118 2619
4496 3237
4498 3237
2445 3237
2446 3237
1858 3237
1647 3237
2341 3237
2343 3237
2331 3237
1648 3237
4504 4413
4496 4413
1523 4413
4505 4413
4377 4413
4385 4413
4403 4413
2852 4413
2731 4413
2738 4413
2796 4413
2739 4413
2740 4413
4509 4413
2751 4413
2752 4413
2641 4413
2753 4413
4411 4413
2821 4413
1696 4413
4473 4413
2571 4413
2572 4413
4355 4413
4475 4413
3483 4413
4521 4413
4523 4413
4525 4413
4429 4413
4534 4413
4536 4413
4538 4413
4544 4413
4548 4413
4553 4413
4556 4413
4558 4413
4444 4413
4573 4413
4574 4413
4579 4413
4592 4413
4593 4413
4595 4413
4419 4413
4603 4413
4607 4413
4608 4413
4611 4413
4623 4413
4624 4413
4456 4413
4626 4413
4627 4413
4637 4413
4639 4413
4640 4413
4645 4413
4647 4413
4661 4413
3665 4413
4668 4413
4681 4413
4685 4413
4689 4413
3095 4413
3096 4413
3099 4413
1022 1042
513 1042
3007 2981
1523 4473
4413 4473
4764 4473
4766 4473
4770 4473
4525 4473
4780 4473
4792 4473
4793 4473
4798 4473
4805 4473
4812 4473
4822 4473
4592 4473
4844 4473
4419 4473
4421 4473
4850 4473
4732 4473
4647 4473
4668 4473
4867 4473
4868 4473
4878 4473
4880 4473
3096 4473
3099 4473
3444 4473
3014 2818
4496 2818
4904 2818
2853 2818
2738 2818
2610 2818
2937 2818
2938 2818
2940 2818
2865 2818
4383 2697
4385 2697
4395 2697
4396 2697
4400 2697
2695 2697
2730 2697
2608 2697
2913 2697
4403 2697
4412 2697
3538 4595
3539 5021
1444 1963
5022 371
3524 5026
4093 2668
1501 2668
1488 2668
1928 2668
2667 2668
1560 2668
2619 2668
2672 2668
2656 2668
2677 2668
2605 2668
3039 2668
2684 2668
2691 2668
3118 2668
2955 2952
5051 2952
2952 5051
1001 1191
2294 1191
2663 1191
2613 1191
2299 1191
2300 1191
2301 1191
2552 1191
4093 2656
1501 2656
1488 2656
1928 2656
2667 2656
2668 2656
1560 2656
2619 2656
2672 2656
2677 2656
2605 2656
3039 2656
2684 2656
2691 2656
3118 2656
3581 4850
3582 5091
1985 803
813 803
4377 1523
4385 1523
4403 1523
2852 1523
2731 1523
2796 1523
2739 1523
2740 1523
2751 1523
2752 1523
2641 1523
2753 1523
4411 1523
4413 1523
4473 1523
2572 1523
5026 1523
5010 1523
4525 1523
5103 1523
5104 1523
5105 1523
5108 1523
5113 1523
5115 1523
4592 1523
4419 1523
4640 1523
4645 1523
5122 1523
4647 1523
4661 1523
4868 1523
5126 1523
4464 1523
3644 1523
3734 1523
5127 1523
5128 1523
4942 1523
3095 1523
3096 1523
3107 1523
3447 1523
1648 1523
4496 2821
2738 2821
2753 2821
1696 2821
4413 2821
4349 4230
4350 4230
1890 4230
2006 4230
3427 4230
985 4230
4254 4230
4256 4230
4258 4230
4259 4230
1613 4230
1615 4230
4262 4230
1090 4230
4229 4230
4263 4230
1786 4230
4269 4230
4270 4230
4271 4230
3861 4230
2451 4230
2341 4230
4193 4230
4194 4230
4287 4230
4292 4230
2343 4230
2331 4230
4294 4230
4234 4230
1309 4230
1371 4230
1372 4230
1313 4230
4299 4230
4300 4230
4200 4230
1158 4230
4186 4230
1305 4230
4312 4230
1659 1663
839 906
346 814
1421 814
3014 4496
4904 4496
2853 4496
2738 4496
2818 4496
2610 4496
2937 4496
2938 4496
2940 4496
2865 4496
2753 4496
2821 4496
1696 4496
4413 4496
1177 1402
1169 1402
1197 1402
1420 1402
1200 1402
1205 1402
1211 1402
1189 1402
1491 1402
1587 1402
1504 1402
1354 1402
4377 2739
4385 2739
4403 2739
2852 2739
2731 2739
2796 2739
2740 2739
2751 2739
2752 2739
2641 2739
2753 2739
4411 2739
4413 2739
2042 1563
1647 1563
2451 1563
2341 1563
2331 1563
1648 1563
1692 4395
4383 4395
4385 4395
4396 4395
4400 4395
2695 4395
2730 4395
2697 4395
2608 4395
2913 4395
4403 4395
4412 4395
5214 4395
5216 4395
3605 5128
4496 3014
4904 3014
2853 3014
2738 3014
2818 3014
2610 3014
2937 3014
2938 3014
2940 3014
2865 3014
1447 3014
567 3014
1676 3014
447 3014
1003 2714
2333 2714
2995 2714
2835 2714
2593 2714
2785 2714
2842 2714
1191 2299
1001 2299
2294 2299
2663 2299
2613 2299
2300 2299
2301 2299
2552 2299
2648 2512
1267 2512
1471 1783
533 1783
2103 1783
2938 2006
4349 2006
5203 2006
1681 2006
2042 2006
1894 2006
521 2006
5207 2006
985 2006
3861 2006
3623 5271
3630 5283
769 1280
1283 1280
852 1714
2341 5305
2648 1893
2976 2487
3096 3095
1223 1496
1334 1496
2260 1496
2261 1496
1497 1496
1499 1496
2648 1267
2512 1267
837 5212
5163 2561
5363 5364
5370 760
1177 1189
1169 1189
1197 1189
1420 1189
1200 1189
1205 1189
1211 1189
1402 1189
1491 1189
1587 1189
1504 1189
1354 1189
4200 5326
1158 5326
1305 5326
4996 5401
1449 1052
1022 1052
784 1052
3089 2130
4897 1346
5290 1346
5291 1346
5299 1346
5216 1346
500 530
1818 530
346 710
533 710
5420 710
2312 737
513 737
737 2312
4349 5203
2006 5203
5207 5203
373 5348
375 5348
378 5348
383 5348
374 5348
385 5348
387 5348
389 5348
397 5348
398 5348
410 5348
415 5348
419 5348
420 5348
424 5348
425 5348
427 5348
433 5348
435 5348
309 5348
310 5348
312 5348
315 5348
320 5348
322 5348
329 5348
45 5348
57 5348
67 5348
74 5348
88 5348
93 5348
87 5348
97 5348
100 5348
103 5348
106 5348
107 5348
108 5348
112 5348
116 5348
117 5348
166 5348
172 5348
173 5348
177 5348
180 5348
182 5348
189 5348
129 5348
130 5348
133 5348
143 5348
144 5348
147 5348
149 5348
154 5348
267 5348
282 5348
283 5348
286 5348
294 5348
453 5348
454 5348
456 5348
457 5348
467 5348
469 5348
472 5348
474 5348
477 5348
341 5348
342 5348
345 5348
346 5348
349 5348
354 5348
358 5348
363 5348
364 5348
202 5348
205 5348
206 5348
207 5348
199 5348
209 5348
210 5348
214 5348
217 5348
220 5348
221 5348
222 5348
227 5348
228 5348
238 5348
239 5348
240 5348
252 5348
253 5348
255 5348
259 5348
1444 5348
1486 5348
595 5348
3136 5348
441 5348
1136 5348
1330 5348
554 5348
1094 5348
932 5348
2757 5421
3003 5421
1130 844
1343 5449
1449 5449
1692 2892
2981 2892
2889 2892
2984 2892
2764 2892
2986 2892
2766 2892
2804 2892
2810 2892
2994 2892
2768 2892
1804 2892
2811 2892
747 2892
1421 2892
3099 2892
600 1557
706 1294
1130 1294
2226 1294
5466 2984
3842 4792
1177 1587
1169 1587
1197 1587
1420 1587
1200 1587
1205 1587
1211 1587
1189 1587
1402 1587
1491 1587
1504 1587
1354 1587
1177 1491
1169 1491
1197 1491
1420 1491
1200 1491
1205 1491
1211 1491
1189 1491
1402 1491
1587 1491
1504 1491
1354 1491
4093 2672
1501 2672
1488 2672
1928 2672
2667 2672
2668 2672
1560 2672
2619 2672
2656 2672
2677 2672
2605 2672
3039 2672
2684 2672
2691 2672
3118 2672
1169 1177
1197 1177
1420 1177
1200 1177
1205 1177
1211 1177
1189 1177
1402 1177
1491 1177
1587 1177
1504 1177
1354 1177
1842 5489
2771 2770
3059 2770
5489 2770
4093 1488
1501 1488
1928 1488
2667 1488
2668 1488
1560 1488
2619 1488
2672 1488
2656 1488
2677 1488
2605 1488
3039 1488
2684 1488
2691 1488
3118 1488
74 3028
1167 1318
372 513
4892 3053
454 1053
192 1053
1142 1053
3089 2131
4333 5531
1191 2300
1001 2300
2294 2300
2663 2300
2613 2300
2299 2300
2301 2300
2552 2300
2348 842
1191 2301
1001 2301
2294 2301
2663 2301
2613 2301
2299 2301
2300 2301
2552 2301
1177 1420
1169 1420
1197 1420
1200 1420
1205 1420
1211 1420
1189 1420
1402 1420
1491 1420
1587 1420
1504 1420
1354 1420
3781 5105
4093 2605
1501 2605
1488 2605
1928 2605
2667 2605
2668 2605
1560 2605
2619 2605
2672 2605
2656 2605
2677 2605
3039 2605
2684 2605
2691 2605
3118 2605
4383 4412
4385 4412
4395 4412
4396 4412
4400 4412
2695 4412
2730 4412
2697 4412
2608 4412
2913 4412
4403 4412
4349 4412
5566 4412
3053 4892
514 2145
385 592
398 592
1125 592
2451 1793
2331 1793
4496 1696
2738 1696
2753 1696
2821 1696
4413 1696
4744 4742
3940 4742
4746 4742
4009 4742
4185 4742
4749 4742
4753 4742
4756 4742
3427 4742
4383 5578
4395 5578
4396 5578
2695 5578
2730 5578
2697 5578
2608 5578
5470 5585
1501 4093
1488 4093
1928 4093
2667 4093
2668 4093
1560 4093
2619 4093
2672 4093
2656 4093
2677 4093
2605 4093
3039 4093
2684 4093
2691 4093
5585 4093
3118 4093
5578 2346
3834 5587
769 1216
122 5598
2561 5612
1421 1457
1257 1457
383 1681
1084 2750
706 2154
514 2154
769 2154
1375 2154
2345 2154
419 2154
2460 2154
2464 2154
986 2154
1216 2154
1627 2154
1483 2154
2029 2154
747 2154
1386 2154
721 2154
837 2154
1525 2154
906 2154
839 2154
842 2154
2348 2154
844 2154
846 2154
2352 2154
2013 2154
1355 2154
2480 2154
2485 2154
2487 2154
2489 2154
2494 2154
1571 2154
2499 2154
1815 2154
852 2154
1185 2154
2042 2154
2362 2154
1167 2154
2368 2154
2370 2154
2379 2154
1893 2154
2511 2154
2512 2154
2389 2154
2392 2154
2401 2154
1987 2154
2031 2154
1223 2154
1334 2154
2260 2154
2261 2154
1224 2154
1550 2154
977 2154
1227 2154
1632 2154
1411 2154
861 2154
1358 2154
1713 2154
1337 2154
993 2154
864 2154
2076 2154
2181 2154
867 2154
372 2154
1229 2154
1714 2154
2208 2154
1599 2154
1235 2154
1718 2154
910 2154
874 2154
1602 2154
1603 2154
1604 2154
912 2154
1394 2154
879 2154
1318 2154
1240 2154
1241 2154
1961 2154
1399 2154
1244 2154
883 2154
1246 2154
2518 2154
2404 2154
2406 2154
2407 2154
2411 2154
2419 2154
2423 2154
743 2154
1168 2154
1250 2154
1254 2154
1257 2154
1726 2154
913 2154
2130 2154
2131 2154
2134 2154
2135 2154
2137 2154
737 2154
2312 2154
1826 2154
1730 2154
886 2154
1740 2154
1742 2154
1746 2154
1965 2154
1844 2154
1759 2154
2140 2154
2143 2154
1768 2154
889 2154
1267 2154
1272 2154
2531 2154
2537 2154
1280 2154
1283 2154
1286 2154
1290 2154
2213 2154
2214 2154
2218 2154
2220 2154
2145 2154
1130 2154
1294 2154
2226 2154
481 2154
1496 2154
1497 2154
1499 2154
1400 2154
2149 2154
2151 2154
1053 2154
1150 2154
3014 2610
4496 2610
4904 2610
2853 2610
2738 2610
2818 2610
2937 2610
2938 2610
2940 2610
2865 2610
1421 1550
5623 1782
4996 4998
4349 4259
4350 4259
1890 4259
2006 4259
3427 4259
4230 4259
985 4259
4254 4259
4256 4259
4258 4259
1613 4259
1615 4259
4262 4259
1090 4259
4229 4259
4263 4259
1786 4259
4269 4259
4270 4259
4271 4259
3861 4259
2451 4259
2341 4259
4193 4259
4194 4259
4287 4259
4292 4259
2343 4259
2331 4259
4294 4259
4234 4259
1309 4259
1371 4259
1372 4259
1313 4259
4299 4259
4300 4259
4200 4259
1158 4259
4186 4259
1305 4259
4312 4259
3089 2134
93 1029
100 678
986 678
1503 678
837 678
1525 678
906 678
839 678
842 678
2348 678
844 678
846 678
2352 678
2013 678
1355 678
883 678
886 5642
2853 1594
2733 1594
3016 1594
3049 1594
2612 1594
628 1594
769 1375
1897 1375
1623 1375
700 1375
2976 1375
1286 1375
1290 1375
2213 1375
2214 1375
1375 5648
1216 5648
1130 5648
1294 5648
707 769
514 769
2648 769
1375 769
3089 769
1216 769
2029 769
1671 769
371 769
1909 769
1022 769
700 769
530 769
1920 769
1963 769
2975 769
2976 769
1280 769
1283 769
1286 769
1290 769
2213 769
2214 769
1900 769
961 2975
3644 3734
4030 3734
1003 2593
2333 2593
2995 2593
2714 2593
2835 2593
2785 2593
2842 2593
1692 5466
2981 5466
2889 5466
2984 5466
2764 5466
2892 5466
2986 5466
2766 5466
2804 5466
2810 5466
2994 5466
2768 5466
1804 5466
2811 5466
813 5686
4377 2731
4385 2731
4403 2731
2852 2731
2796 2731
2739 2731
2740 2731
2751 2731
2752 2731
2641 2731
2753 2731
4411 2731
4413 2731
5694 2731
3236 2731
1654 2731
2731 5694
4377 2852
4385 2852
4403 2852
2731 2852
2796 2852
2739 2852
2740 2852
2751 2852
2752 2852
2641 2852
2753 2852
4411 2852
4413 2852
3236 2852
3237 2852
1654 2852
5525 2852
5323 2852
1177 1169
1197 1169
1420 1169
1200 1169
1205 1169
1211 1169
1189 1169
1402 1169
1491 1169
1587 1169
1504 1169
1354 1169
2571 2572
3095 2572
425 1050
500 1050
514 1987
2031 1987
2218 1987
2220 1987
707 2389
3642 4521
5769 4451
5782 2889
5783 2889
1692 5782
2981 5782
2889 5782
2984 5782
2764 5782
2892 5782
2986 5782
2766 5782
2804 5782
2810 5782
2994 5782
2768 5782
1804 5782
2811 5782
1692 2764
2981 2764
2889 2764
2984 2764
2892 2764
2986 2764
2766 2764
2804 2764
2810 2764
2994 2764
2768 2764
1804 2764
2811 2764
3089 913
1692 2986
2981 2986
2889 2986
2984 2986
2764 2986
2892 2986
2766 2986
2804 2986
2810 2986
2994 2986
2768 2986
1804 2986
2811 2986
745 2986
2109 2986
4324 4332
4326 4332
4327 4332
4328 4332
4331 4332
1723 4332
3007 4332
4093 2667
1501 2667
1488 2667
1928 2667
2668 2667
1560 2667
2619 2667
2672 2667
2656 2667
2677 2667
2605 2667
3039 2667
2684 2667
2691 2667
3118 2667
5816 5815
2969 5817
886 5817
986 852
839 852
2208 852
1599 852
1101 852
4067 5828
986 1525
5829 5280
1842 5833
514 2031
1987 2031
2218 2031
2220 2031
4377 4403
4383 4403
4385 4403
4395 4403
4396 4403
4400 4403
2695 4403
2730 4403
2697 4403
2608 4403
2913 4403
2852 4403
2731 4403
2796 4403
2739 4403
2740 4403
2751 4403
2752 4403
2641 4403
2753 4403
4411 4403
4412 4403
4413 4403
3014 4904
4496 4904
2853 4904
2738 4904
2818 4904
2610 4904
2937 4904
2938 4904
2940 4904
2865 4904
1678 4904
4923 5847
1890 5847
4927 5847
3240 5847
3243 5847
5847 1890
4331 1890
1858 1890
1861 1890
1647 1890
4229 1890
4269 1890
4270 1890
4271 1890
2341 1890
4377 4504
4385 4504
4403 4504
2852 4504
2731 4504
2796 4504
474 4504
2739 4504
2740 4504
2868 4504
2751 4504
2752 4504
2641 4504
2753 4504
4411 4504
4413 4504
5757 4504
3902 4504
4668 4504
5303 4504
5853 4504
1793 4504
2090 4504
5436 4504
2576 4504
5860 4504
513 4504
133 1678
1659 1678
192 1678
3712 4429
1177 1354
1169 1354
1197 1354
1420 1354
1200 1354
1205 1354
1211 1354
1189 1354
1402 1354
1491 1354
1587 1354
1504 1354
1897 707
2389 707
2392 707
567 707
1759 707
2140 707
2143 707
1768 707
5805 5806
2151 2149
2571 5870
3099 5870
707 3089
514 3089
2648 3089
769 3089
5871 3089
2969 3089
2368 3089
2370 3089
910 3089
1803 3089
913 3089
2130 3089
2131 3089
2134 3089
2135 3089
2975 3089
2559 3089
2101 3089
3089 2370
372 5414
747 5876
4324 4327
4326 4327
4328 4327
383 4327
425 4327
93 4327
364 4327
220 4327
240 4327
1455 4327
1778 4327
559 4327
600 4327
682 4327
986 4327
1216 4327
4331 4327
1447 4327
1681 4327
1571 4327
1167 4327
1961 4327
1399 4327
1246 4327
567 4327
1723 4327
1168 4327
512 4327
1290 4327
2213 4327
2214 4327
1294 4327
814 4327
4332 4327
3007 4327
1923 4327
4327 5887
5889 5887
5890 5887
4328 5887
567 5887
1456 1656
1671 1656
1708 1656
1681 1656
1672 1656
1818 1656
1623 1656
1909 1656
669 1656
1894 1656
567 1656
1403 1656
1451 1656
1676 1656
1038 1656
1803 1656
692 1656
481 1656
814 1656
1457 1656
1900 1656
1029 1656
1455 1909
2028 1909
1627 1909
1456 1909
2154 1909
1449 1909
1503 1909
618 1909
1421 1909
1681 1909
2042 1909
1224 1909
1818 1909
585 1909
1022 1909
2023 1909
1125 1909
1820 1909
784 1909
2158 1909
1412 1909
592 1909
1451 1909
530 1909
1558 1909
2238 1909
1963 1909
803 1909
813 1909
512 1909
2082 1909
773 1909
2084 1909
5907 5897
255 2103
1708 5914
1008 5914
844 5914
2062 5914
585 5914
652 5914
2158 5914
1894 5914
743 5914
1803 5914
2084 5914
2101 5914
986 5920
1627 5920
1449 5920
1897 5920
765 5920
618 5920
1421 5920
837 5920
1525 5920
906 5920
839 5920
842 5920
2348 5920
844 5920
846 5920
2352 5920
2013 5920
1355 5920
2042 5920
1818 5920
883 5920
678 5920
521 5920
387 1421
435 1421
454 1421
346 1421
253 1421
1455 1421
406 1421
600 1421
1331 1421
1550 1421
1257 1421
447 1421
814 1421
1457 1421
2872 5320
4262 5320
1692 5946
309 5946
310 5946
312 5946
315 5946
320 5946
322 5946
329 5946
129 5946
130 5946
133 5946
143 5946
144 5946
147 5946
149 5946
154 5946
267 5946
282 5946
283 5946
286 5946
294 5946
1672 5946
707 1759
1643 5949
5949 1224
514 2220
1987 2220
2031 2220
2218 2220
2445 1792
2446 1792
4742 4746
4744 4746
3940 4746
4009 4746
4185 4746
4749 4746
4753 4746
4756 4746
3427 4746
4200 4746
4377 2740
4385 2740
4403 2740
2852 2740
2731 2740
2796 2740
2739 2740
2751 2740
2752 2740
2641 2740
2753 2740
4411 2740
4413 2740
5965 2740
2740 5965
1818 1826
4068 5967
4070 5967
2460 2518
769 1286
1224 5970
986 5971
1483 5971
1456 5971
1503 5971
844 5971
846 5971
2352 5971
2013 5971
1672 5971
1456 1672
1708 1672
1623 1672
1656 1672
1008 1101
5980 1101
346 5981
1449 5981
533 5981
852 5981
1101 5981
1125 5981
1102 5981
710 5981
669 5981
592 5981
1923 5981
3340 1654
2341 1654
2331 1654
1692 2810
2981 2810
2889 2810
2984 2810
2764 2810
2892 2810
2986 2810
2766 2810
2804 2810
2994 2810
2768 2810
1804 2810
2811 2810
5988 4012
4377 5829
4383 5829
4385 5829
4395 5829
4396 5829
4400 5829
2695 5829
2730 5829
2697 5829
2608 5829
2913 5829
4403 5829
2852 5829
2731 5829
2796 5829
2739 5829
2740 5829
2751 5829
2752 5829
2641 5829
2753 5829
4411 5829
4412 5829
2952 5829
2955 5829
4942 5829
3053 5829
1782 5623
3099 5623
986 839
906 839
837 883
2975 6003
769 2213
1375 2213
2214 2213
3049 3024
706 1130
1294 1130
2226 1130
3912 6052
4377 2752
4385 2752
4403 2752
2852 2752
2731 2752
2796 2752
2739 2752
2740 2752
2751 2752
2641 2752
2753 2752
4411 2752
4413 2752
3902 2752
4668 2752
5853 2752
2090 2752
5436 2752
5860 2752
2752 6054
1346 5290
4897 5290
5291 5290
5299 5290
5216 5290
769 2214
1375 2214
2213 2214
6058 6059
1861 6060
3312 6060
1346 5299
4897 5299
5290 5299
5291 5299
5216 5299
309 1343
108 1343
322 2028
1890 4923
4927 4923
3240 4923
3243 4923
1861 4923
1869 4923
1343 2174
618 2174
1818 2174
837 1483
4093 1928
1501 1928
1488 1928
2667 1928
2668 1928
1560 1928
2619 1928
2672 1928
2656 1928
2677 1928
2605 1928
3039 1928
2684 1928
2691 1928
3118 1928
4383 2913
4385 2913
4395 2913
4396 2913
4400 2913
2695 2913
2730 2913
2697 2913
2608 2913
4403 2913
4412 2913
3099 5919
797 745
6307 3105
1318 1167
4327 5885
2975 5885
1523 4942
5401 4996
4998 4996
3277 3240
3297 3240
2853 2612
2733 2612
3016 2612
3049 2612
1594 2612
514 2218
1987 2218
2031 2218
2220 2218
628 5657
1045 1820
707 2140
447 2023
1191 2663
1001 2663
2294 2663
2613 2663
2299 2663
2300 2663
2301 2663
2552 2663
707 2143
4377 2641
4385 2641
4403 2641
2852 2641
2731 2641
2796 2641
2739 2641
2740 2641
2751 2641
2752 2641
2753 2641
4411 2641
4413 2641
6353 4637
4878 3644
4705 5552
2561 5163
618 498
906 498
886 498
852 1599
6376 4607
240 512
2333 1003
2995 1003
2714 1003
2835 1003
2593 1003
2785 1003
2842 1003
2149 2151
769 1283
1280 1283
5042 3827
130 2034
4093 2677
1501 2677
1488 2677
1928 2677
2667 2677
2668 2677
1560 2677
2619 2677
2672 2677
2656 2677
2605 2677
3039 2677
2684 2677
2691 2677
3118 2677
3014 4396
4496 4396
4904 4396
4383 4396
4385 4396
4395 4396
4400 4396
2695 4396
2730 4396
2697 4396
2608 4396
2913 4396
4403 4396
2853 4396
2738 4396
2818 4396
2610 4396
2937 4396
2938 4396
2940 4396
2865 4396
4412 4396
5723 4396
559 6399
6400 6399
1842 6399
5470 6399
4093 6399
1163 6399
1483 837
1503 837
883 837
5212 837
5974 837
837 5974
155 1558
600 1558
4742 3940
4744 3940
4746 3940
4009 3940
4185 3940
4749 3940
4753 3940
4756 3940
3427 3940
1185 912
4349 3861
4350 3861
1890 3861
2006 3861
3427 3861
4230 3861
985 3861
4254 3861
4256 3861
4258 3861
4259 3861
1613 3861
1615 3861
4262 3861
1090 3861
4229 3861
4263 3861
1786 3861
4269 3861
4270 3861
4271 3861
2451 3861
2341 3861
4193 3861
4194 3861
4287 3861
4292 3861
2343 3861
2331 3861
4294 3861
4234 3861
1309 3861
1371 3861
1372 3861
1313 3861
4299 3861
4300 3861
4200 3861
1158 3861
4186 3861
1305 3861
4312 3861
1346 4897
5290 4897
5291 4897
5299 4897
5216 4897
1084 5715
4229 6418
4377 2751
4385 2751
4403 2751
2852 2751
2731 2751
2796 2751
2739 2751
2740 2751
2752 2751
2641 2751
2753 2751
4411 2751
4413 2751
6424 2751
2751 6424
1163 1162
2770 2771
3059 2771
4383 4400
4385 4400
4395 4400
4396 4400
2695 4400
2730 4400
2697 4400
2608 4400
2913 4400
4403 4400
5179 4400
2865 4400
4412 4400
3240 4400
3243 4400
4331 4400
2238 4400
5487 4400
3277 4400
2352 846
1346 5216
4897 5216
5290 5216
5291 5216
5299 5216
4229 6456
2331 6456
1223 1497
1334 1497
2260 1497
2261 1497
1920 1497
1496 1497
1499 1497
4505 4509
4326 5890
2853 3049
2733 3049
3016 3049
1594 3049
2612 3049
1191 1001
2294 1001
2663 1001
2613 1001
2299 1001
2300 1001
2301 1001
2552 1001
3348 6469
4377 4411
4385 4411
4403 4411
2852 4411
2731 4411
2796 4411
2739 4411
2740 4411
2751 4411
2752 4411
2641 4411
2753 4411
4413 4411
3014 2865
4496 2865
4904 2865
4400 2865
2853 2865
2738 2865
2818 2865
2610 2865
2937 2865
2938 2865
2940 2865
1643 1019
4349 4299
4350 4299
1890 4299
2006 4299
3427 4299
4230 4299
985 4299
4254 4299
4256 4299
4258 4299
4259 4299
1613 4299
1615 4299
4262 4299
1090 4299
4229 4299
4263 4299
1786 4299
4269 4299
4270 4299
4271 4299
3861 4299
2451 4299
2341 4299
4193 4299
4194 4299
4287 4299
4292 4299
2343 4299
2331 4299
4294 4299
4234 4299
1309 4299
1371 4299
1372 4299
1313 4299
4300 4299
4200 4299
1158 4299
4186 4299
1305 4299
4312 4299
912 1185
1394 1185
4742 4756
4744 4756
3940 4756
4746 4756
4009 4756
4185 4756
4749 4756
4753 4756
3427 4756
1003 2333
2995 2333
2714 2333
2835 2333
2593 2333
2785 2333
2842 2333
6483 2333
239 2976
1223 2260
1334 2260
2261 2260
1496 2260
1497 2260
1499 2260
846 2352
2648 1272
6257 4868
4022 4868
1177 1504
1169 1504
1197 1504
1420 1504
1200 1504
1205 1504
1211 1504
1189 1504
1402 1504
1491 1504
1587 1504
1354 1504
1692 5776
2908 5776
454 5776
337 5776
530 5776
6495 1692
2981 1692
2889 1692
2984 1692
2764 1692
2892 1692
2986 1692
2766 1692
2804 1692
2810 1692
2994 1692
2768 1692
1804 1692
2811 1692
567 1692
1911 1692
4324 4326
4327 4326
4328 4326
5887 4326
4331 4326
533 4326
1723 4326
3095 4326
3107 4326
4332 4326
3007 4326
2853 2733
3016 2733
3049 2733
1594 2733
6506 2733
2612 2733
5648 6512
3043 6512
3099 6512
4327 5884
88 1627
1483 1627
2770 1842
2771 1842
3059 1842
1525 986
585 986
652 986
2158 986
4473 6524
2979 6524
2648 889
2511 889
363 2042
2034 2042
375 1897
1455 1897
669 1897
1923 1897
383 1431
192 1431
1523 2695
4383 2695
4385 2695
4395 2695
4396 2695
4400 2695
2730 2695
2697 2695
2608 2695
2913 2695
4403 2695
4412 2695
372 2695
1084 2695
5711 2695
1191 2294
1001 2294
2663 2294
2613 2294
2299 2294
2300 2294
2301 2294
2552 2294
3014 2937
4496 2937
4904 2937
2853 2937
2738 2937
2818 2937
2610 2937
2938 2937
2940 2937
2865 2937
1177 1205
1169 1205
1197 1205
1420 1205
1200 1205
1211 1205
1189 1205
1402 1205
1491 1205
1587 1205
1504 1205
1354 1205
1191 2552
1001 2552
2294 2552
2663 2552
2613 2552
2299 2552
2300 2552
2301 2552
4742 4749
4744 4749
3940 4749
4746 4749
4009 4749
4185 4749
4753 4749
4756 4749
3427 4749
1692 2994
2981 2994
2889 2994
2984 2994
2764 2994
2892 2994
2986 2994
2766 2994
2804 2994
2810 2994
2768 2994
1804 2994
2811 2994
4927 2994
1421 2994
3099 2994
769 1290
533 2057
2576 2057
6307 2057
2648 2511
889 2511
1826 1818
1923 1564
2572 6547
1008 1102
192 1456
3014 2940
4496 2940
4904 2940
2853 2940
2738 2940
2818 2940
2610 2940
2937 2940
2938 2940
2865 2940
710 6551
4082 4574
4742 4009
4744 4009
3940 4009
4746 4009
4185 4009
4749 4009
4753 4009
4756 4009
3427 4009
1056 6552
6566 5209
1455 1923
309 784
5806 5805
2234 5566
1869 5566
4256 5566
1158 5566
1305 5566
1692 2811
2981 2811
2889 2811
2984 2811
2764 2811
2892 2811
2986 2811
2766 2811
2804 2811
2810 2811
2994 2811
2768 2811
1804 2811
3007 2811
322 6577
57 6577
106 6577
453 6577
454 6577
457 6577
474 6577
1414 6577
559 6577
192 6577
1351 6577
1343 6577
2028 6577
1627 6577
1708 6577
837 6577
1943 6577
1019 6577
784 6577
1052 6577
669 6577
1642 6577
592 6577
737 6577
498 6577
1930 6577
1029 6577
4324 4331
4326 4331
4327 4331
4328 4331
1723 4331
4332 4331
3007 4331
172 503
240 6457
155 6457
773 6457
4101 6176
4742 4753
4744 4753
3940 4753
4746 4753
4009 4753
4185 4753
4749 4753
4756 4753
3427 4753
4383 2608
4385 2608
4395 2608
4396 2608
4400 2608
2695 2608
2730 2608
2697 2608
2913 2608
4403 2608
4412 2608
6582 4947
1647 6598
2341 6598
1842 2678
1223 1334
2260 1334
2261 1334
1496 1334
1497 1334
1499 1334
4923 4927
1890 4927
3240 4927
3243 4927
4496 2753
4377 2753
4385 2753
4403 2753
2852 2753
2731 2753
2738 2753
2796 2753
2739 2753
2740 2753
2751 2753
2752 2753
2641 2753
4411 2753
2821 2753
1696 2753
4413 2753
707 1768
4093 1560
1501 1560
1488 1560
1928 1560
2667 1560
2668 1560
2619 1560
2672 1560
2656 1560
2677 1560
2605 1560
3039 1560
2684 1560
2691 1560
3118 1560
4349 5207
2006 5207
5203 5207
706 2029
1375 2029
2345 2029
2460 2029
2464 2029
986 2029
1216 2029
906 2029
839 2029
844 2029
2480 2029
2485 2029
2487 2029
2489 2029
2494 2029
1571 2029
2499 2029
1815 2029
852 2029
1185 2029
2362 2029
1167 2029
2368 2029
2370 2029
2379 2029
1893 2029
2511 2029
2512 2029
2389 2029
2392 2029
2401 2029
1987 2029
2031 2029
1223 2029
1334 2029
2260 2029
2261 2029
1224 2029
1550 2029
977 2029
1227 2029
1632 2029
1411 2029
861 2029
1358 2029
1713 2029
1337 2029
993 2029
864 2029
2076 2029
2181 2029
867 2029
1229 2029
1714 2029
2208 2029
1599 2029
1235 2029
1718 2029
910 2029
874 2029
1602 2029
1603 2029
1604 2029
912 2029
1394 2029
879 2029
1318 2029
1240 2029
1241 2029
1961 2029
1399 2029
1244 2029
2518 2029
2404 2029
2406 2029
2407 2029
2411 2029
2419 2029
2423 2029
1168 2029
1250 2029
1254 2029
1257 2029
1726 2029
913 2029
2130 2029
2131 2029
2134 2029
2135 2029
2137 2029
737 2029
2312 2029
1826 2029
886 2029
889 2029
2531 2029
2537 2029
1280 2029
1283 2029
1286 2029
1290 2029
2213 2029
2214 2029
2220 2029
2145 2029
1130 2029
1294 2029
2226 2029
1496 2029
1497 2029
1499 2029
1150 2029
406 1419
852 2208
1564 1411
3014 2938
4496 2938
4904 2938
2853 2938
2738 2938
2818 2938
2610 2938
2937 2938
2940 2938
2865 2938
1375 1930
6631 1930
1627 2362
1399 2362
1244 2362
1508 2362
4128 4579
1421 2928
155 567
2770 3059
2771 3059
6638 3865
1003 2835
2333 2835
2995 2835
2714 2835
2593 2835
2785 2835
2842 2835
2572 5592
3043 5592
1185 5592
2368 5592
2370 5592
1632 5592
1713 5592
864 5592
2076 5592
1235 5592
1718 5592
1602 5592
961 5592
913 5592
737 5592
3096 5592
707 6653
514 6653
2648 6653
769 6653
3089 6653
410 445
2154 445
572 445
765 445
2174 445
2042 445
371 445
710 445
521 445
2238 445
2082 445
1223 1499
1334 1499
2260 1499
2261 1499
1496 1499
1497 1499
4509 5955
4229 5955
2331 5955
2648 2537
765 514
1963 514
1692 2768
2981 2768
2889 2768
2984 2768
2764 2768
2892 2768
2986 2768
2766 2768
2804 2768
2810 2768
2994 2768
1804 2768
2811 2768
3007 2768
1414 700
1421 1257
1457 1257
3014 2738
4496 2738
4904 2738
2853 2738
2818 2738
2610 2738
2937 2738
2938 2738
2940 2738
2865 2738
2753 2738
2821 2738
1696 2738
4413 2738
1447 2738
4332 1804
1554 1676
192 1676
106 618
2571 618
2174 618
1403 618
1923 618
217 1900
372 1900
253 447
1331 447
1421 447
154 196
192 196
554 481
1571 1246
1692 2766
2981 2766
2889 2766
2984 2766
2764 2766
2892 2766
2986 2766
2804 2766
2810 2766
2994 2766
2768 2766
1804 2766
2811 2766
5955 2766
477 1803
3014 6701
4496 6701
4904 6701
2853 6701
2738 6701
2818 6701
2610 6701
2937 6701
2938 6701
2940 6701
2865 6701
1191 2613
1001 2613
2294 2613
2663 2613
2299 2613
2300 2613
2301 2613
2552 2613
1162 1163
986 6703
2549 3236
2821 3236
2451 3236
2331 3236
4377 4385
4383 4385
4395 4385
4396 4385
4400 4385
2695 4385
2730 4385
2697 4385
2608 4385
2913 4385
4403 4385
2852 4385
2731 4385
2796 4385
74 4385
2739 4385
2740 4385
2751 4385
2752 4385
2641 4385
2753 4385
4411 4385
4412 4385
4413 4385
4668 4385
1654 4385
6632 4385
1084 4385
15 4385
6713 6080
3099 6080
3089 2135
1167 1168
309 2084
3136 6716
1392 6716
6716 373
652 373
567 373
373 6400
74 6400
6399 6400
1842 6400
5470 6400
4093 6400
1163 6400
2460 2404
4324 4328
4326 4328
4327 4328
117 4328
2571 4328
2572 4328
4331 4328
3043 4328
628 4328
1723 4328
3095 4328
3098 4328
3099 4328
3107 4328
4332 4328
3007 4328
707 2648
514 2648
769 2648
3089 2648
3043 2648
1893 2648
2511 2648
2512 2648
1909 2648
669 2648
521 2648
692 2648
803 2648
3098 2648
587 2648
889 2648
2975 2648
1267 2648
1272 2648
2531 2648
2537 2648
3089 2368
2969 2368
4385 4377
4403 4377
2852 4377
2731 4377
2796 4377
457 4377
2739 4377
2740 4377
2751 4377
2752 4377
2641 4377
2753 4377
4411 4377
4413 4377
5757 4377
1793 4377
1647 5757
2451 5757
2331 5757
1648 5757
371 706
1909 706
710 706
2082 706
1130 706
1294 706
2226 706
1029 706
513 706
2693 706
5827 706
1792 4349
2006 4349
5203 4349
5207 4349
985 4349
4259 4349
3861 4349
852 1229
706 2226
1130 2226
1294 2226
2042 2062
57 3001
6738 6739
1223 2261
1334 2261
2260 2261
1496 2261
1497 2261
1499 2261
3277 6746
1177 1200
1169 1200
1197 1200
1420 1200
1205 1200
1211 1200
1189 1200
1402 1200
1491 1200
1587 1200
1504 1200
1354 1200
1177 1211
1169 1211
1197 1211
1420 1211
1200 1211
1205 1211
1189 1211
1402 1211
1491 1211
1587 1211
1504 1211
1354 1211
1224 1643
310 765
533 765
1642 765
4383 6645
4385 6645
4395 6645
4396 6645
6756 6645
4400 6645
2695 6645
2730 6645
2697 6645
2608 6645
2913 6645
4403 6645
2733 6645
457 6645
4412 6645
5329 6645
337 6645
1655 6645
372 6645
2238 6645
3836 4538
435 1642
309 1642
310 1642
88 1642
87 1642
100 1642
108 1642
116 1642
240 1642
1455 1642
500 1642
119 1642
1471 1642
122 1642
533 1642
1403 1642
592 1642
481 1642
1177 1197
1169 1197
1420 1197
1200 1197
1205 1197
1211 1197
1189 1197
1402 1197
1491 1197
1587 1197
1504 1197
1354 1197
3340 5720
682 1449
1456 1449
6771 1449
4349 4186
4350 4186
1890 4186
2006 4186
3269 4186
4185 4186
3427 4186
4230 4186
985 4186
4254 4186
4256 4186
4258 4186
4259 4186
1613 4186
1615 4186
4262 4186
1090 4186
4229 4186
4263 4186
1786 4186
4269 4186
4270 4186
4271 4186
3861 4186
2451 4186
2341 4186
4193 4186
4194 4186
4287 4186
4292 4186
2343 4186
2331 4186
4294 4186
4234 4186
1309 4186
1371 4186
1372 4186
1313 4186
4299 4186
4300 4186
4200 4186
1158 4186
1305 4186
4312 4186
1708 2923
813 2923
4327 6778
3870 4793
3693 4525
3014 2853
4496 2853
4904 2853
6756 2853
2733 2853
3016 2853
3049 2853
1594 2853
2738 2853
2818 2853
2610 2853
2937 2853
2938 2853
2940 2853
2865 2853
2612 2853
567 2853
3269 4185
4742 4185
4744 4185
3940 4185
4746 4185
4009 4185
4749 4185
4753 4185
4756 4185
3427 4185
4186 4185
3684 4523
3679 4647
425 773
5776 2908
5531 4333
3136 4333
4383 2730
4385 2730
4395 2730
4396 2730
4400 2730
2695 2730
2697 2730
2608 2730
2913 2730
4403 2730
4412 2730
2952 2955
6359 2955
2726 2955
707 2392
4505 6395
3237 2446
3250 2446
3253 2446
3256 2446
3261 2446
3267 2446
3269 2446
2445 2446
3277 2446
1858 2446
2239 2446
3296 2446
3297 2446
1861 2446
3312 2446
3318 2446
2234 2446
1647 2446
3340 2446
3345 2446
3348 2446
3349 2446
1868 2446
1869 2446
3359 2446
3368 2446
3373 2446
3377 2446
3386 2446
3393 2446
3395 2446
3398 2446
3403 2446
3404 2446
3416 2446
3417 2446
3424 2446
3427 2446
1666 2446
3435 2446
3440 2446
3444 2446
3447 2446
1648 2446
4349 4262
4350 4262
1890 4262
2006 4262
3427 4262
4230 4262
985 4262
4254 4262
4256 4262
4258 4262
4259 4262
1613 4262
1615 4262
1090 4262
4229 4262
4263 4262
1786 4262
4269 4262
4270 4262
4271 4262
3861 4262
2451 4262
2341 4262
4193 4262
4194 4262
4287 4262
4292 4262
2343 4262
2331 4262
4294 4262
4234 4262
1309 4262
1371 4262
1372 4262
1313 4262
4299 4262
4300 4262
4200 4262
1158 4262
4186 4262
1305 4262
4312 4262
6818 6096
886 6096
986 585
986 652
2853 5329
4331 5329
2913 6821
1334 1223
2260 1223
2261 1223
1496 1223
1497 1223
1499 1223
2986 2109
842 2348
2648 2531
4229 5783
1003 2995
2333 2995
2714 2995
2835 2995
2593 2995
2785 2995
2842 2995
4093 1501
1488 1501
1928 1501
2667 1501
2668 1501
1560 1501
2619 1501
2672 1501
2656 1501
2677 1501
2605 1501
3039 1501
2684 1501
2691 1501
3118 1501
3809 6133
1346 5291
4897 5291
5290 5291
5299 5291
5216 5291
4324 3007
4326 3007
4327 3007
4328 3007
4331 3007
1723 3007
4332 3007
4326 4324
4327 4324
4328 4324
4331 4324
1408 4324
1723 4324
4332 4324
3007 4324
4742 4744
3940 4744
4746 4744
4009 4744
4185 4744
4749 4744
4753 4744
4756 4744
3427 4744
6866 2442
2451 6430
4923 3243
1890 3243
4927 3243
3240 3243
4093 5470
1501 5470
1488 5470
1928 5470
2667 5470
2668 5470
1560 5470
2619 5470
2672 5470
2656 5470
2677 5470
2605 5470
3039 5470
2684 5470
2691 5470
3118 5470
706 6869
3014 6869
4496 6869
4904 6869
1375 6869
4377 6869
4383 6869
4385 6869
4395 6869
4396 6869
4400 6869
2695 6869
2730 6869
2697 6869
2608 6869
2913 6869
4403 6869
2852 6869
2731 6869
2853 6869
2738 6869
2796 6869
2739 6869
2740 6869
2818 6869
2610 6869
2937 6869
2938 6869
2940 6869
2865 6869
2750 6869
2751 6869
2752 6869
2641 6869
2753 6869
4411 6869
2821 6869
1696 6869
4412 6869
2952 6869
4413 6869
2955 6869
4942 6869
2379 6869
1893 6869
2511 6869
2512 6869
2389 6869
2392 6869
1235 6869
1718 6869
874 6869
1602 6869
1603 6869
1604 6869
3053 6869
1602 874
1604 874
1692 2804
2981 2804
2889 2804
2984 2804
2764 2804
2892 2804
2986 2804
2766 2804
2810 2804
2994 2804
2768 2804
1804 2804
2811 2804
4746 4200
3427 4200
4230 4200
985 4200
4254 4200
4256 4200
4258 4200
4259 4200
1613 4200
1615 4200
4262 4200
1090 4200
4229 4200
4263 4200
1786 4200
4269 4200
4270 4200
4271 4200
3861 4200
2451 4200
2341 4200
4193 4200
4194 4200
4287 4200
4292 4200
2343 4200
2331 4200
4294 4200
4234 4200
1309 4200
1371 4200
1372 4200
1313 4200
4299 4200
4300 4200
1158 4200
4186 4200
1305 4200
4312 4200
3267 1158
3427 1158
4230 1158
985 1158
4254 1158
4256 1158
4258 1158
4259 1158
1613 1158
1615 1158
4262 1158
1090 1158
4229 1158
4263 1158
1786 1158
4269 1158
4270 1158
4271 1158
3861 1158
2451 1158
2341 1158
4193 1158
4194 1158
4287 1158
4292 1158
2343 1158
2331 1158
4294 1158
4234 1158
1309 1158
1371 1158
1372 1158
1313 1158
4299 1158
4300 1158
4200 1158
4186 1158
1305 1158
4312 1158
1890 4269
3427 4269
4230 4269
985 4269
4254 4269
4256 4269
4258 4269
4259 4269
1613 4269
1615 4269
4262 4269
1090 4269
4229 4269
4263 4269
1786 4269
4270 4269
4271 4269
3861 4269
2451 4269
2341 4269
4193 4269
4194 4269
4287 4269
4292 4269
2343 4269
2331 4269
4294 4269
4234 4269
1309 4269
1371 4269
1372 4269
1313 4269
4299 4269
4300 4269
4200 4269
1158 4269
4186 4269
1305 4269
4312 4269
1890 4271
3427 4271
4230 4271
985 4271
4254 4271
4256 4271
4258 4271
4259 4271
1613 4271
1615 4271
4262 4271
1090 4271
4229 4271
4263 4271
1786 4271
4269 4271
4270 4271
3861 4271
2451 4271
2341 4271
4193 4271
4194 4271
4287 4271
4292 4271
2343 4271
2331 4271
4294 4271
4234 4271
1309 4271
1371 4271
1372 4271
1313 4271
4299 4271
4300 4271
4200 4271
1158 4271
4186 4271
1305 4271
4312 4271
1890 4270
3427 4270
4230 4270
985 4270
4254 4270
4256 4270
4258 4270
4259 4270
1613 4270
1615 4270
4262 4270
1090 4270
4229 4270
4263 4270
1786 4270
4269 4270
4271 4270
3861 4270
2451 4270
2341 4270
4193 4270
4194 4270
4287 4270
4292 4270
2343 4270
2331 4270
4294 4270
4234 4270
1309 4270
1371 4270
1372 4270
1313 4270
4299 4270
4300 4270
4200 4270
1158 4270
4186 4270
1305 4270
4312 4270
3427 2343
4230 2343
985 2343
4254 2343
4256 2343
4258 2343
4259 2343
1613 2343
1615 2343
4262 2343
1090 2343
4229 2343
4263 2343
1786 2343
4269 2343
4270 2343
4271 2343
3861 2343
2451 2343
2341 2343
4193 2343
4194 2343
4287 2343
4292 2343
2331 2343
4294 2343
4234 2343
1309 2343
1371 2343
1372 2343
1313 2343
4299 2343
4300 2343
4200 2343
1158 2343
4186 2343
1305 2343
4312 2343
3427 2451
4230 2451
985 2451
4254 2451
4256 2451
4258 2451
4259 2451
1613 2451
1615 2451
4262 2451
1090 2451
4229 2451
4263 2451
1786 2451
4269 2451
4270 2451
4271 2451
3861 2451
2341 2451
4193 2451
4194 2451
4287 2451
4292 2451
2343 2451
2331 2451
4294 2451
4234 2451
1309 2451
1371 2451
1372 2451
1313 2451
4299 2451
4300 2451
4200 2451
1158 2451
4186 2451
1305 2451
4312 2451
4350 4194
3427 4194
4230 4194
985 4194
4254 4194
4256 4194
4258 4194
4259 4194
1613 4194
1615 4194
4262 4194
1090 4194
4229 4194
4263 4194
1786 4194
4269 4194
4270 4194
4271 4194
3861 4194
2451 4194
2341 4194
4193 4194
4287 4194
4292 4194
2343 4194
2331 4194
4294 4194
4234 4194
1309 4194
1371 4194
1372 4194
1313 4194
4299 4194
4300 4194
4200 4194
1158 4194
4186 4194
1305 4194
4312 4194
1890 2341
3427 2341
4230 2341
985 2341
4254 2341
4256 2341
4258 2341
4259 2341
1613 2341
1615 2341
4262 2341
1090 2341
4229 2341
4263 2341
1786 2341
4269 2341
4270 2341
4271 2341
3861 2341
2451 2341
4193 2341
4194 2341
4287 2341
4292 2341
2343 2341
2331 2341
4294 2341
4234 2341
1309 2341
1371 2341
1372 2341
1313 2341
4299 2341
4300 2341
4200 2341
1158 2341
4186 2341
1305 2341
4312 2341
4350 1309
3427 1309
4230 1309
985 1309
4254 1309
4256 1309
4258 1309
4259 1309
1613 1309
1615 1309
4262 1309
1090 1309
4229 1309
4263 1309
1786 1309
4269 1309
4270 1309
4271 1309
3861 1309
2451 1309
2341 1309
4193 1309
4194 1309
4287 1309
4292 1309
2343 1309
2331 1309
4294 1309
4234 1309
1371 1309
1372 1309
1313 1309
4299 1309
4300 1309
4200 1309
1158 1309
4186 1309
1305 1309
4312 1309
1890 4229
3427 4229
4230 4229
985 4229
4254 4229
4256 4229
4258 4229
4259 4229
1613 4229
1615 4229
4262 4229
1090 4229
4263 4229
1786 4229
4269 4229
4270 4229
4271 4229
3861 4229
2451 4229
2341 4229
4193 4229
4194 4229
4287 4229
4292 4229
2343 4229
2331 4229
4294 4229
4234 4229
1309 4229
1371 4229
1372 4229
1313 4229
4299 4229
4300 4229
4200 4229
1158 4229
4186 4229
1305 4229
4312 4229
1858 2331
3427 2331
4230 2331
985 2331
4254 2331
4256 2331
4258 2331
4259 2331
1613 2331
1615 2331
4262 2331
1090 2331
4229 2331
4263 2331
1786 2331
4269 2331
4270 2331
4271 2331
3861 2331
2451 2331
2341 2331
4193 2331
4194 2331
4287 2331
4292 2331
2343 2331
4294 2331
4234 2331
1309 2331
1371 2331
1372 2331
1313 2331
4299 2331
4300 2331
4200 2331
1158 2331
4186 2331
1305 2331
4312 2331
3427 4294
4230 4294
985 4294
4254 4294
4256 4294
4258 4294
4259 4294
1613 4294
1615 4294
4262 4294
1090 4294
4229 4294
4263 4294
1786 4294
4269 4294
4270 4294
4271 4294
3861 4294
2451 4294
2341 4294
4193 4294
4194 4294
4287 4294
4292 4294
2343 4294
2331 4294
4234 4294
1309 4294
1371 4294
1372 4294
1313 4294
4299 4294
4300 4294
4200 4294
1158 4294
4186 4294
1305 4294
4312 4294
4350 4193
3427 4193
4230 4193
985 4193
4254 4193
4256 4193
4258 4193
4259 4193
1613 4193
1615 4193
4262 4193
1090 4193
4229 4193
4263 4193
1786 4193
4269 4193
4270 4193
4271 4193
3861 4193
2451 4193
2341 4193
4194 4193
4287 4193
4292 4193
2343 4193
2331 4193
4294 4193
4234 4193
1309 4193
1371 4193
1372 4193
1313 4193
4299 4193
4300 4193
4200 4193
1158 4193
4186 4193
1305 4193
4312 4193
3427 4292
4230 4292
985 4292
4254 4292
4256 4292
4258 4292
4259 4292
1613 4292
1615 4292
4262 4292
1090 4292
4229 4292
4263 4292
1786 4292
4269 4292
4270 4292
4271 4292
3861 4292
2451 4292
2341 4292
4193 4292
4194 4292
4287 4292
2343 4292
2331 4292
4294 4292
4234 4292
1309 4292
1371 4292
1372 4292
1313 4292
4299 4292
4300 4292
4200 4292
1158 4292
4186 4292
1305 4292
4312 4292
1246 1571
4324 1723
4326 1723
4327 1723
4328 1723
4331 1723
567 1723
4332 1723
3007 1723
4377 2796
4385 2796
4403 2796
2852 2796
2731 2796
2739 2796
2740 2796
2751 2796
2752 2796
2641 2796
2753 2796
4411 2796
4413 2796
3427 1613
4230 1613
985 1613
4254 1613
4256 1613
4258 1613
4259 1613
1615 1613
4262 1613
1090 1613
4229 1613
4263 1613
1786 1613
4269 1613
4270 1613
4271 1613
3861 1613
2451 1613
2341 1613
4193 1613
4194 1613
4287 1613
4292 1613
2343 1613
2331 1613
4294 1613
4234 1613
1309 1613
1371 1613
1372 1613
1313 1613
4299 1613
4300 1613
4200 1613
1158 1613
4186 1613
1305 1613
4312 1613
3427 1615
4230 1615
985 1615
4254 1615
4256 1615
4258 1615
4259 1615
1613 1615
4262 1615
1090 1615
4229 1615
4263 1615
1786 1615
4269 1615
4270 1615
4271 1615
3861 1615
2451 1615
2341 1615
4193 1615
4194 1615
4287 1615
4292 1615
2343 1615
2331 1615
4294 1615
4234 1615
1309 1615
1371 1615
1372 1615
1313 1615
4299 1615
4300 1615
4200 1615
1158 1615
4186 1615
1305 1615
4312 1615
3427 1786
4230 1786
985 1786
4254 1786
4256 1786
4258 1786
4259 1786
1613 1786
1615 1786
4262 1786
1090 1786
4229 1786
4263 1786
4269 1786
4270 1786
4271 1786
3861 1786
2451 1786
2341 1786
4193 1786
4194 1786
4287 1786
4292 1786
2343 1786
2331 1786
4294 1786
4234 1786
1309 1786
1371 1786
1372 1786
1313 1786
4299 1786
4300 1786
4200 1786
1158 1786
4186 1786
1305 1786
4312 1786
3427 4287
4230 4287
985 4287
4254 4287
4256 4287
4258 4287
4259 4287
1613 4287
1615 4287
4262 4287
1090 4287
4229 4287
4263 4287
1786 4287
4269 4287
4270 4287
4271 4287
3861 4287
2451 4287
2341 4287
4193 4287
4194 4287
4292 4287
2343 4287
2331 4287
4294 4287
4234 4287
1309 4287
1371 4287
1372 4287
1313 4287
4299 4287
4300 4287
4200 4287
1158 4287
4186 4287
1305 4287
4312 4287
3427 4263
4230 4263
985 4263
4254 4263
4256 4263
4258 4263
4259 4263
1613 4263
1615 4263
4262 4263
1090 4263
4229 4263
1786 4263
4269 4263
4270 4263
4271 4263
3861 4263
2451 4263
2341 4263
4193 4263
4194 4263
4287 4263
4292 4263
2343 4263
2331 4263
4294 4263
4234 4263
1309 4263
1371 4263
1372 4263
1313 4263
4299 4263
4300 4263
4200 4263
1158 4263
4186 4263
1305 4263
4312 4263
3250 3377
3253 3377
3256 3377
3261 3377
3267 3377
3269 3377
2445 3377
2446 3377
3277 3377
1858 3377
2239 3377
3296 3377
3297 3377
1861 3377
3312 3377
3318 3377
2234 3377
1647 3377
3340 3377
3345 3377
3348 3377
3349 3377
1868 3377
1869 3377
3359 3377
3368 3377
3373 3377
3386 3377
3393 3377
3395 3377
3398 3377
3403 3377
3404 3377
3416 3377
3417 3377
3424 3377
3427 3377
1666 3377
3435 3377
3440 3377
3444 3377
3447 3377
1648 3377
3250 3417
3253 3417
3256 3417
3261 3417
3267 3417
3269 3417
2445 3417
2446 3417
3277 3417
1858 3417
2239 3417
3296 3417
3297 3417
1861 3417
3312 3417
3318 3417
2234 3417
1647 3417
3340 3417
3345 3417
3348 3417
3349 3417
1868 3417
1869 3417
3359 3417
3368 3417
3373 3417
3377 3417
3386 3417
3393 3417
3395 3417
3398 3417
3403 3417
3404 3417
3416 3417
3424 3417
3427 3417
1666 3417
3435 3417
3440 3417
3444 3417
3447 3417
1648 3417
3250 3416
3253 3416
3256 3416
3261 3416
3267 3416
3269 3416
2445 3416
2446 3416
3277 3416
1858 3416
2239 3416
3296 3416
3297 3416
1861 3416
3312 3416
3318 3416
2234 3416
1647 3416
3340 3416
3345 3416
3348 3416
3349 3416
1868 3416
1869 3416
3359 3416
3368 3416
3373 3416
3377 3416
3386 3416
3393 3416
3395 3416
3398 3416
3403 3416
3404 3416
3417 3416
3424 3416
3427 3416
1666 3416
3435 3416
3440 3416
3444 3416
3447 3416
1648 3416
3250 3424
3253 3424
3256 3424
3261 3424
3267 3424
3269 3424
2445 3424
2446 3424
3277 3424
1858 3424
2239 3424
3296 3424
3297 3424
1861 3424
3312 3424
3318 3424
2234 3424
1647 3424
3340 3424
3345 3424
3348 3424
3349 3424
1868 3424
1869 3424
3359 3424
3368 3424
3373 3424
3377 3424
3386 3424
3393 3424
3395 3424
3398 3424
3403 3424
3404 3424
3416 3424
3417 3424
3427 3424
1666 3424
3435 3424
3440 3424
3444 3424
3447 3424
1648 3424
3250 3393
3253 3393
3256 3393
3261 3393
3267 3393
3269 3393
2445 3393
2446 3393
3277 3393
1858 3393
2239 3393
3296 3393
3297 3393
1861 3393
3312 3393
3318 3393
2234 3393
1647 3393
3340 3393
3345 3393
3348 3393
3349 3393
1868 3393
1869 3393
3359 3393
3368 3393
3373 3393
3377 3393
3386 3393
3395 3393
3398 3393
3403 3393
3404 3393
3416 3393
3417 3393
3424 3393
3427 3393
1666 3393
3435 3393
3440 3393
3444 3393
3447 3393
1648 3393
3250 3447
3253 3447
3256 3447
3261 3447
3267 3447
3269 3447
2445 3447
2446 3447
3277 3447
1858 3447
2239 3447
3296 3447
3297 3447
1861 3447
3312 3447
3318 3447
2234 3447
1647 3447
3340 3447
3345 3447
3348 3447
3349 3447
1868 3447
1869 3447
3359 3447
3368 3447
3373 3447
3377 3447
3386 3447
3393 3447
3395 3447
3398 3447
3403 3447
3404 3447
3416 3447
3417 3447
3424 3447
3427 3447
1666 3447
3435 3447
3440 3447
3444 3447
1648 3447
3250 3444
3253 3444
3256 3444
3261 3444
3267 3444
3269 3444
2445 3444
2446 3444
3277 3444
1858 3444
2239 3444
3296 3444
3297 3444
1861 3444
3312 3444
3318 3444
2234 3444
1647 3444
3340 3444
3345 3444
3348 3444
3349 3444
1868 3444
1869 3444
3359 3444
3368 3444
3373 3444
3377 3444
3386 3444
3393 3444
3395 3444
3398 3444
3403 3444
3404 3444
3416 3444
3417 3444
3424 3444
3427 3444
1666 3444
3435 3444
3440 3444
3447 3444
1648 3444
3427 4234
4230 4234
985 4234
4254 4234
4256 4234
4258 4234
4259 4234
1613 4234
1615 4234
4262 4234
1090 4234
4229 4234
4263 4234
1786 4234
4269 4234
4270 4234
4271 4234
3861 4234
2451 4234
2341 4234
4193 4234
4194 4234
4287 4234
4292 4234
2343 4234
2331 4234
4294 4234
1309 4234
1371 4234
1372 4234
1313 4234
4299 4234
4300 4234
4200 4234
1158 4234
4186 4234
1305 4234
4312 4234
3373 1305
3427 1305
4230 1305
985 1305
4254 1305
4256 1305
4258 1305
4259 1305
1613 1305
1615 1305
4262 1305
1090 1305
4229 1305
4263 1305
1786 1305
4269 1305
4270 1305
4271 1305
3861 1305
2451 1305
2341 1305
4193 1305
4194 1305
4287 1305
4292 1305
2343 1305
2331 1305
4294 1305
4234 1305
1309 1305
1371 1305
1372 1305
1313 1305
4299 1305
4300 1305
4200 1305
1158 1305
4186 1305
4312 1305
3427 4300
4230 4300
985 4300
4254 4300
4256 4300
4258 4300
4259 4300
1613 4300
1615 4300
4262 4300
1090 4300
4229 4300
4263 4300
1786 4300
4269 4300
4270 4300
4271 4300
3861 4300
2451 4300
2341 4300
4193 4300
4194 4300
4287 4300
4292 4300
2343 4300
2331 4300
4294 4300
4234 4300
1309 4300
1371 4300
1372 4300
1313 4300
4299 4300
4200 4300
1158 4300
4186 4300
1305 4300
4312 4300
3427 4312
4230 4312
985 4312
4254 4312
4256 4312
4258 4312
4259 4312
1613 4312
1615 4312
4262 4312
1090 4312
4229 4312
4263 4312
1786 4312
4269 4312
4270 4312
4271 4312
3861 4312
2451 4312
2341 4312
4193 4312
4194 4312
4287 4312
4292 4312
2343 4312
2331 4312
4294 4312
4234 4312
1309 4312
1371 4312
1372 4312
1313 4312
4299 4312
4300 4312
4200 4312
1158 4312
4186 4312
1305 4312
3427 1371
4230 1371
985 1371
4254 1371
4256 1371
4258 1371
4259 1371
1613 1371
1615 1371
4262 1371
1090 1371
4229 1371
4263 1371
1786 1371
4269 1371
4270 1371
4271 1371
3861 1371
2451 1371
2341 1371
4193 1371
4194 1371
4287 1371
4292 1371
2343 1371
2331 1371
4294 1371
4234 1371
1309 1371
1372 1371
1313 1371
4299 1371
4300 1371
4200 1371
1158 1371
4186 1371
1305 1371
4312 1371
3427 1313
4230 1313
985 1313
4254 1313
4256 1313
4258 1313
4259 1313
1613 1313
1615 1313
4262 1313
1090 1313
4229 1313
4263 1313
1786 1313
4269 1313
4270 1313
4271 1313
3861 1313
2451 1313
2341 1313
4193 1313
4194 1313
4287 1313
4292 1313
2343 1313
2331 1313
4294 1313
4234 1313
1309 1313
1371 1313
1372 1313
4299 1313
4300 1313
4200 1313
1158 1313
4186 1313
1305 1313
4312 1313
3427 1372
4230 1372
985 1372
4254 1372
4256 1372
4258 1372
4259 1372
1613 1372
1615 1372
4262 1372
1090 1372
4229 1372
4263 1372
1786 1372
4269 1372
4270 1372
4271 1372
3861 1372
2451 1372
2341 1372
4193 1372
4194 1372
4287 1372
4292 1372
2343 1372
2331 1372
4294 1372
4234 1372
1309 1372
1371 1372
1313 1372
4299 1372
4300 1372
4200 1372
1158 1372
4186 1372
1305 1372
4312 1372
3250 3359
3253 3359
3256 3359
3261 3359
3267 3359
3269 3359
2445 3359
2446 3359
3277 3359
1858 3359
2239 3359
3296 3359
3297 3359
1861 3359
3312 3359
3318 3359
2234 3359
1647 3359
3340 3359
3345 3359
3348 3359
3349 3359
1868 3359
1869 3359
3368 3359
3373 3359
3377 3359
3386 3359
3393 3359
3395 3359
3398 3359
3403 3359
3404 3359
3416 3359
3417 3359
3424 3359
3427 3359
1666 3359
3435 3359
3440 3359
3444 3359
3447 3359
1648 3359
3250 3403
3253 3403
3256 3403
3261 3403
3267 3403
3269 3403
2445 3403
2446 3403
3277 3403
1858 3403
2239 3403
3296 3403
3297 3403
1861 3403
3312 3403
3318 3403
2234 3403
1647 3403
3340 3403
3345 3403
3348 3403
3349 3403
1868 3403
1869 3403
3359 3403
3368 3403
3373 3403
3377 3403
3386 3403
3393 3403
3395 3403
3398 3403
3404 3403
3416 3403
3417 3403
3424 3403
3427 3403
1666 3403
3435 3403
3440 3403
3444 3403
3447 3403
1648 3403
3250 3404
3253 3404
3256 3404
3261 3404
3267 3404
3269 3404
2445 3404
2446 3404
3277 3404
1858 3404
2239 3404
3296 3404
3297 3404
1861 3404
3312 3404
3318 3404
2234 3404
1647 3404
3340 3404
3345 3404
3348 3404
3349 3404
1868 3404
1869 3404
3359 3404
3368 3404
3373 3404
3377 3404
3386 3404
3393 3404
3395 3404
3398 3404
3403 3404
3416 3404
3417 3404
3424 3404
3427 3404
1666 3404
3435 3404
3440 3404
3444 3404
3447 3404
1648 3404
3250 3398
3253 3398
3256 3398
3261 3398
3267 3398
3269 3398
2445 3398
2446 3398
3277 3398
1858 3398
2239 3398
3296 3398
3297 3398
1861 3398
3312 3398
3318 3398
2234 3398
1647 3398
3340 3398
3345 3398
3348 3398
3349 3398
1868 3398
1869 3398
3359 3398
3368 3398
3373 3398
3377 3398
3386 3398
3393 3398
3395 3398
3403 3398
3404 3398
3416 3398
3417 3398
3424 3398
3427 3398
1666 3398
3435 3398
3440 3398
3444 3398
3447 3398
1648 3398
3250 3395
3253 3395
3256 3395
3261 3395
3267 3395
3269 3395
2445 3395
2446 3395
3277 3395
1858 3395
2239 3395
3296 3395
3297 3395
1861 3395
3312 3395
3318 3395
2234 3395
1647 3395
3340 3395
3345 3395
3348 3395
3349 3395
1868 3395
1869 3395
3359 3395
3368 3395
3373 3395
3377 3395
3386 3395
3393 3395
3398 3395
3403 3395
3404 3395
3416 3395
3417 3395
3424 3395
3427 3395
1666 3395
3435 3395
3440 3395
3444 3395
3447 3395
1648 3395
3250 3386
3253 3386
3256 3386
3261 3386
3267 3386
3269 3386
2445 3386
2446 3386
3277 3386
1858 3386
2239 3386
3296 3386
3297 3386
1861 3386
3312 3386
3318 3386
2234 3386
1647 3386
3340 3386
3345 3386
3348 3386
3349 3386
1868 3386
1869 3386
3359 3386
3368 3386
3373 3386
3377 3386
3393 3386
3395 3386
3398 3386
3403 3386
3404 3386
3416 3386
3417 3386
3424 3386
3427 3386
1666 3386
3435 3386
3440 3386
3444 3386
3447 3386
1648 3386
3250 1666
3253 1666
3256 1666
3261 1666
3267 1666
3269 1666
2445 1666
2446 1666
3277 1666
1858 1666
2239 1666
3296 1666
3297 1666
1861 1666
3312 1666
3318 1666
2234 1666
1647 1666
3340 1666
3345 1666
3348 1666
3349 1666
1868 1666
1869 1666
3359 1666
3368 1666
3373 1666
3377 1666
3386 1666
3393 1666
3395 1666
3398 1666
3403 1666
3404 1666
3416 1666
3417 1666
3424 1666
3427 1666
3435 1666
3440 1666
3444 1666
3447 1666
1648 1666
