324 316
1403 1035
340 356
2105 2459
1653 2459
987 2459
1891 2459
1220 2459
2490 2459
2503 2459
1111 2459
2363 2459
1423 2459
1893 2459
2389 2459
2118 2459
1719 2459
911 2459
1361 2459
2408 2459
1281 2459
356 340
316 324
579 324
227 224
436 434
434 436
133 153
224 227
153 133
3245 3252
1857 3252
3301 3252
3405 3252
3421 3252
3252 3301
1857 3301
3405 3301
3421 3301
3245 1857
3252 1857
3301 1857
3405 1857
3421 1857
2789 4390
2736 2818
2789 5150
2952 5150
2818 2736
509 3002
4390 2789
4955 4969
4963 4969
1623 1656
1023 1656
1403 1656
720 1656
2105 1829
4917 1829
381 1829
316 1829
324 1829
153 1829
340 1829
356 1829
227 1829
1513 1829
1486 1829
782 1829
3002 1829
1653 1829
509 1829
987 1829
2882 1829
4929 1829
1035 1829
1220 1829
2490 1829
2503 1829
1111 1829
2363 1829
1423 1829
1893 1829
2389 1829
2118 1829
1623 1829
1719 1829
911 1829
2023 1829
3055 1829
1361 1829
2408 1829
679 1829
1023 1829
1403 1829
1539 1829
672 1829
1281 1829
720 1829
1910 2197
2859 5539
5216 5299
5302 5299
2882 2023
4963 4955
4969 4955
1829 4929
4917 4929
4955 4963
4969 4963
1829 4917
4929 4917
5299 5216
5302 5216
2587 2710
4011 4818
6501 3132
4311 1885
5299 5302
5216 5302
3034 6705
2984 6705
5757 4377
2984 3034
3679 4647
1035 1403
2710 2587
3034 6597
2984 6597
2966 6597
3252 3421
1857 3421
3301 3421
3405 3421
1885 4311
3252 3405
1857 3405
3301 3405
3421 3405
