34 35
34 36
34 38
34 39
35 34
35 36
35 38
35 44
36 34
36 35
36 45
36 44
81 83
93 88
104 105
104 106
140 86
105 104
105 106
105 144
105 147
155 88
156 83
156 158
156 159
116 188
116 51
106 104
106 105
198 164
188 116
79 196
79 83
79 80
79 51
79 161
86 140
86 88
86 103
74 196
74 197
211 212
196 79
196 74
196 83
196 66
196 67
144 105
83 81
83 156
83 79
83 196
83 150
83 51
83 53
83 56
83 57
83 219
83 222
83 171
83 223
83 224
83 226
83 229
83 230
83 173
83 134
83 178
83 239
83 240
83 244
150 83
150 159
150 251
164 198
164 278
197 74
80 79
51 116
51 79
51 83
51 53
51 289
51 55
51 56
51 57
51 45
51 223
51 292
51 226
51 303
51 173
51 304
51 308
51 12
51 313
51 314
51 315
51 316
51 319
51 320
51 66
51 134
51 67
51 178
51 239
51 240
51 327
51 329
51 179
88 93
88 155
88 86
88 333
347 222
347 343
351 343
390 219
399 403
399 404
399 53
399 56
399 57
399 406
399 410
399 223
399 308
403 399
404 374
358 219
428 289
428 55
428 56
428 432
428 222
428 343
428 223
428 224
428 434
436 439
438 343
439 438
439 222
439 343
495 499
495 501
495 502
495 219
495 469
495 366
495 511
495 512
495 515
495 519
495 522
495 530
495 532
495 533
495 534
495 481
495 434
495 488
53 83
53 51
53 399
53 559
53 562
53 289
53 55
53 57
53 45
53 458
53 406
53 460
53 502
53 219
53 410
53 469
53 470
53 573
53 366
53 222
53 522
53 443
53 575
53 223
53 480
53 481
53 292
53 577
53 581
53 224
53 553
53 434
53 485
53 173
53 592
53 374
53 308
53 597
53 12
53 598
53 314
53 316
53 606
53 610
53 487
53 619
53 66
53 134
53 67
53 239
53 623
53 488
53 489
53 628
53 557
53 629
53 631
53 634
53 491
53 637
638 559
638 553
559 53
559 638
559 656
559 56
559 502
559 522
559 223
559 553
559 631
559 491
678 501
678 534
656 559
656 645
656 499
656 502
656 469
656 470
656 522
656 581
656 434
656 491
562 53
704 45
704 488
710 289
710 55
710 56
710 57
710 712
710 432
715 289
715 716
289 51
289 428
289 53
289 710
289 715
289 712
289 45
289 645
289 719
289 458
289 502
289 222
289 224
289 308
289 67
289 663
289 629
289 631
727 712
55 51
55 428
55 53
55 710
55 728
55 56
55 57
55 712
55 729
55 45
55 458
55 502
55 464
55 469
55 366
55 222
55 734
55 223
55 534
55 481
55 292
55 224
55 553
55 173
55 308
55 67
55 557
55 629
55 631
55 737
728 55
728 56
728 739
56 83
56 51
56 399
56 428
56 559
56 710
56 55
56 728
56 712
56 45
56 543
56 458
56 501
56 761
56 502
56 219
56 464
56 469
56 470
56 366
56 222
56 734
56 522
56 762
56 443
56 575
56 532
56 533
56 223
56 534
56 480
56 481
56 577
56 224
56 485
56 173
56 308
56 178
56 488
56 557
56 629
56 179
56 631
56 737
56 491
57 83
57 51
57 399
57 53
57 710
57 55
57 45
57 543
57 458
57 406
57 765
57 460
57 219
57 464
57 410
57 766
57 767
57 469
57 470
57 366
57 770
57 222
57 343
57 223
57 534
57 481
57 292
57 224
57 434
57 374
57 308
57 377
57 12
57 598
57 610
57 487
57 66
57 134
57 67
57 771
57 239
57 772
57 623
57 663
57 557
712 710
712 289
712 727
712 55
712 56
753 629
432 428
432 710
432 719
432 499
432 502
432 222
432 530
432 533
432 534
432 224
432 488
432 629
432 631
432 742
716 715
716 499
716 502
716 788
716 533
716 534
716 488
729 55
729 629
542 534
790 645
790 499
790 501
790 469
790 366
790 222
790 676
790 533
790 534
790 481
790 434
790 489
818 366
818 796
818 222
818 223
818 481
45 36
45 51
45 53
45 704
45 289
45 55
45 56
45 57
45 543
45 824
45 670
45 458
45 825
45 699
45 464
45 469
45 470
45 366
45 222
45 343
45 700
45 223
45 534
45 480
45 481
45 292
45 224
45 434
45 485
45 308
45 377
45 12
45 67
45 623
45 488
45 489
45 631
45 491
45 827
543 56
543 57
543 45
543 824
543 669
543 851
543 831
543 670
543 458
543 222
543 343
543 700
543 223
543 481
543 488
543 853
854 855
824 45
824 543
669 543
864 831
834 831
851 543
831 543
831 864
831 834
831 488
831 832
831 866
670 45
670 543
670 645
670 499
670 676
670 534
670 481
670 488
645 656
645 289
645 790
645 670
645 501
645 366
645 788
645 533
719 289
719 432
499 495
499 656
499 432
499 716
499 790
499 670
499 788
499 533
458 53
458 289
458 55
458 56
458 57
458 45
458 543
458 459
458 222
458 481
458 434
458 488
501 495
501 678
501 56
501 790
501 645
501 366
501 796
501 741
501 788
501 522
501 676
501 530
501 660
501 533
501 534
501 434
501 488
501 489
501 789
501 641
883 825
459 458
825 45
825 883
699 45
907 406
406 399
406 53
406 57
406 907
406 908
406 765
406 460
406 916
406 919
406 761
406 923
406 410
406 766
406 926
406 767
406 366
406 292
406 374
406 308
406 927
406 623
908 406
931 219
931 410
931 366
765 57
765 406
765 937
765 460
765 761
765 923
765 410
937 765
946 945
945 946
945 948
947 953
947 955
944 942
948 945
942 944
961 955
953 947
460 53
460 57
460 406
460 971
460 761
460 410
460 308
460 598
460 973
971 460
916 406
916 919
916 761
979 766
919 406
919 916
983 761
761 406
761 765
761 916
761 983
761 923
923 406
923 765
923 761
923 410
502 495
502 53
502 638
502 559
502 656
502 289
502 55
502 56
502 432
502 716
502 366
502 343
502 532
502 534
502 557
414 415
1008 219
219 83
219 390
219 399
219 358
219 495
219 53
219 56
219 57
219 931
219 1008
219 464
219 802
219 366
219 222
219 343
219 530
219 532
219 223
219 224
219 374
219 308
219 415
219 491
464 55
464 56
464 57
464 45
464 219
464 366
464 222
464 343
464 224
802 219
410 399
410 53
410 57
410 406
410 931
410 460
410 761
410 923
410 1020
410 1023
410 1024
410 1025
410 1026
410 803
410 766
410 767
410 223
410 292
410 374
410 308
410 623
410 1028
410 1029
1030 1023
1030 1031
1020 410
1020 1031
1023 410
1023 1030
1023 1031
1024 410
1031 1030
1031 1020
1031 1023
1025 410
1025 1033
1026 410
1036 308
1036 1038
440 441
440 308
440 597
440 377
440 447
441 440
1073 803
1073 1075
803 410
803 1073
803 374
803 308
803 377
803 1028
803 1075
766 57
766 406
766 979
766 410
766 1054
766 926
766 767
766 308
766 1028
766 1079
1054 766
1054 1084
926 53
926 406
926 410
926 766
926 767
767 57
767 406
767 410
767 766
469 495
469 53
469 656
469 55
469 56
469 57
469 790
469 45
469 366
469 788
469 530
469 223
469 481
469 292
469 491
674 470
470 53
470 656
470 56
470 57
470 45
470 223
470 481
470 292
470 485
573 53
573 366
366 495
366 53
366 55
366 56
366 57
366 790
366 818
366 45
366 645
366 501
366 406
366 931
366 502
366 219
366 464
366 469
366 573
366 770
366 512
366 788
366 343
366 676
366 532
366 533
366 223
366 534
366 481
366 292
366 581
366 224
366 308
366 377
366 1091
366 598
366 313
366 314
366 315
366 316
366 610
366 66
366 134
366 67
366 239
366 623
366 488
366 663
366 557
511 495
770 57
770 366
512 495
512 366
512 788
512 533
512 534
1100 343
796 818
796 501
796 343
1104 797
1104 343
646 222
646 343
515 495
515 222
515 343
1106 343
1107 343
1108 491
222 83
222 347
222 428
222 439
222 53
222 289
222 55
222 56
222 57
222 432
222 790
222 818
222 45
222 543
222 458
222 219
222 464
222 646
222 515
222 343
222 223
222 481
222 292
222 224
222 308
222 488
222 1109
741 501
788 716
788 645
788 499
788 501
788 469
788 366
788 512
788 799
788 530
788 532
788 533
788 534
788 581
343 347
343 351
343 428
343 438
343 439
343 57
343 45
343 543
343 502
343 219
343 464
343 366
343 1100
343 796
343 1104
343 646
343 515
343 1106
343 1107
343 222
343 443
343 533
343 223
343 534
343 224
343 553
343 597
343 377
343 320
343 67
343 631
343 491
343 381
519 495
171 83
1127 522
734 55
734 56
734 522
700 45
700 543
700 522
806 522
522 495
522 53
522 559
522 656
522 56
522 501
522 1127
522 734
522 700
522 806
522 223
522 434
762 56
1137 532
1141 443
443 53
443 56
443 343
443 1141
443 575
443 530
443 660
443 532
443 223
443 534
676 790
676 670
676 501
676 366
676 799
676 530
676 532
676 533
676 534
676 789
575 53
575 56
575 443
575 223
799 788
799 676
799 223
1145 223
530 495
530 432
530 501
530 219
530 469
530 788
530 443
530 676
530 481
530 581
660 501
660 443
660 223
660 481
532 495
532 56
532 502
532 219
532 366
532 788
532 1137
532 443
532 676
532 223
532 292
532 485
532 629
533 495
533 56
533 432
533 716
533 790
533 645
533 499
533 501
533 366
533 512
533 788
533 343
533 676
533 641
223 83
223 51
223 428
223 53
223 559
223 55
223 56
223 57
223 818
223 45
223 543
223 219
223 410
223 440
223 469
223 470
223 366
223 222
223 343
223 522
223 443
223 575
223 799
223 1145
223 660
223 532
223 481
223 292
223 581
223 1146
223 224
223 434
223 374
223 308
223 597
223 377
223 12
223 316
223 610
223 66
223 134
223 67
223 623
223 488
223 489
223 663
223 628
223 629
223 491
223 1148
534 495
534 678
534 55
534 56
534 57
534 432
534 716
534 542
534 790
534 45
534 670
534 501
534 502
534 366
534 512
534 788
534 343
534 443
534 676
534 1143
534 581
534 789
534 629
480 53
480 56
480 45
480 481
480 434
480 485
1151 481
481 495
481 53
481 55
481 56
481 57
481 790
481 818
481 45
481 543
481 670
481 458
481 469
481 470
481 366
481 222
481 530
481 660
481 223
481 480
481 1151
481 292
481 434
481 308
481 377
481 606
481 610
481 488
481 489
481 663
292 51
292 53
292 55
292 57
292 45
292 406
292 410
292 469
292 470
292 366
292 222
292 532
292 223
292 481
292 224
292 666
292 1157
292 610
292 134
292 67
292 623
292 488
292 663
577 53
577 56
1161 1163
1163 1161
1168 631
1143 534
581 53
581 656
581 366
581 788
581 530
581 223
581 534
1146 223
224 83
224 428
224 53
224 289
224 55
224 56
224 57
224 432
224 45
224 219
224 464
224 366
224 222
224 343
224 223
224 292
224 485
224 374
224 610
224 67
1181 491
553 53
553 638
553 559
553 55
553 343
553 557
553 742
553 491
553 637
434 428
434 495
434 53
434 656
434 57
434 790
434 45
434 501
434 522
434 223
434 480
434 481
434 488
434 789
485 53
485 56
485 45
485 470
485 532
485 480
485 224
1215 1219
1215 1224
1215 67
1219 1215
1238 1240
1238 1241
1238 131
226 83
226 51
226 67
226 239
1262 134
1240 1238
1241 1238
131 1238
131 1231
131 134
131 67
131 239
1231 131
1231 134
1272 134
1286 1287
1287 1286
1287 1291
1287 1292
229 83
229 51
230 83
303 83
303 51
173 83
173 51
173 53
173 55
173 56
173 223
1313 173
304 51
304 67
304 178
1325 1326
1224 1215
1224 67
1224 239
1224 1333
1351 1406
1351 1407
1406 1351
1407 1351
592 53
592 1420
592 374
592 308
592 1423
592 1424
1420 592
1044 374
1044 308
1443 374
374 404
374 53
374 57
374 406
374 219
374 410
374 1026
374 803
374 223
374 224
374 553
374 592
374 1044
374 1443
374 1441
374 1446
374 1448
374 1451
374 1454
374 308
374 1046
374 597
374 377
374 1429
374 1457
374 1049
374 1038
374 1028
374 629
374 1459
374 1460
1441 374
1446 374
1448 374
1467 1451
1467 1468
1467 308
1474 1451
1451 374
1451 1467
1451 1474
1451 1468
1451 1476
1451 1477
1451 634
1451 1478
1451 1480
1451 1460
1451 1484
1451 1486
1451 1490
1468 1467
1468 1451
1468 1477
1468 308
1468 1460
1476 1451
1477 1451
1477 1468
1477 308
1454 374
308 51
308 399
308 53
308 289
308 55
308 56
308 57
308 45
308 406
308 460
308 219
308 410
308 1036
308 440
308 803
308 766
308 366
308 222
308 223
308 481
308 592
308 1044
308 374
308 1467
308 1468
308 1477
308 1500
308 597
308 377
308 12
308 606
308 610
308 1496
308 1464
308 1429
308 487
308 1457
308 927
308 134
308 623
308 488
308 663
308 1038
308 1028
308 628
308 634
308 1484
308 1504
308 900
1046 374
1046 1429
1500 308
597 53
597 440
597 343
597 223
597 374
597 308
597 377
597 663
377 53
377 57
377 45
377 440
377 803
377 366
377 343
377 223
377 481
377 374
377 308
377 597
377 316
377 1028
377 634
377 491
1527 1528
1527 12
1527 1529
1352 1531
1352 12
1352 265
1352 628
1352 1536
1528 1527
1531 1352
12 51
12 53
12 57
12 45
12 223
12 308
12 1527
12 1352
12 1558
12 1559
12 1587
12 1588
12 1529
12 1560
12 1589
12 1590
12 610
12 619
12 1457
12 927
12 1575
12 134
12 67
12 239
12 265
12 623
12 628
12 1525
1604 1605
1607 1605
1605 1604
1605 1607
1558 12
1558 1587
1558 1560
1558 1600
1559 12
1559 1587
1559 1560
1559 1575
1622 1560
1587 12
1587 1558
1587 1559
1587 1560
1588 12
1588 1529
1588 1575
1588 628
1588 1641
1529 1527
1529 12
1529 1588
1529 1562
1529 619
1529 623
1529 628
1529 1525
1529 1645
1560 12
1560 1558
1560 1559
1560 1622
1560 1587
1560 1629
1560 628
1629 1560
1653 1525
1656 1662
1656 1525
1685 1686
1686 1685
1686 1091
1686 1689
1686 1690
1686 1691
1686 1694
1686 1697
1686 1699
1686 1700
1686 1703
1686 1707
1686 1710
1686 1712
1686 1715
1686 598
1686 313
1091 366
1091 1686
1091 1689
1091 598
1091 313
1689 1686
1689 1091
1689 313
1690 1686
1691 1686
1694 1686
1697 1686
1699 1686
1700 1686
1703 1686
1710 1686
1712 1686
1715 1686
1724 598
1724 1171
1733 598
1733 1738
1733 1739
1731 1755
1731 1171
1731 1775
1755 1731
1755 598
1755 1171
1755 1775
1755 1747
1755 1770
1787 1171
598 53
598 57
598 460
598 366
598 1686
598 1724
598 1733
598 1755
598 1778
598 1171
598 1766
598 313
598 239
598 1770
1778 598
1778 1766
1743 1766
1803 1171
1171 1724
1171 1731
1171 1755
1171 1787
1171 598
1171 1803
1171 1775
1171 1766
1775 1731
1775 1755
1775 1171
1807 1808
1747 1755
1738 1733
1788 1789
1766 598
1766 1778
1766 1743
1766 1171
1819 313
313 51
313 366
313 1686
313 1091
313 1689
313 598
313 1830
313 314
313 315
313 316
313 239
1830 313
1844 314
314 51
314 53
314 366
314 313
314 1844
314 1854
314 1861
314 1865
314 1866
314 1867
314 1868
314 1869
314 1870
314 1871
314 315
314 316
314 1299
314 319
314 67
314 1874
314 1875
1854 314
1861 314
1865 314
1866 314
1867 314
1867 319
1868 314
1869 314
1870 314
1871 314
1843 1887
1843 1888
1887 1843
1888 1843
1888 1895
1898 315
1898 1900
1901 315
315 51
315 366
315 313
315 314
315 1898
315 1901
315 1900
315 1908
315 134
315 67
315 1910
1900 1898
1900 315
1908 315
316 51
316 53
316 366
316 223
316 377
316 313
316 314
316 1299
316 319
316 239
316 631
1299 314
1299 316
1936 320
1936 66
1936 67
1936 1938
1936 1939
319 51
319 314
319 1867
319 316
319 66
319 67
319 240
320 51
320 1936
320 66
320 67
1589 12
1589 1970
1589 1590
1589 1956
1589 1972
1970 1589
1590 12
1590 1589
1590 1972
1956 1589
1956 623
666 292
666 663
2007 491
606 53
606 481
606 308
606 1157
606 610
606 663
1157 292
1157 606
1157 610
1157 663
2010 663
1960 2012
1960 2013
610 53
610 57
610 366
610 223
610 481
610 292
610 224
610 308
610 12
610 606
610 1157
610 623
610 488
610 1999
610 2017
610 1116
610 2001
1496 308
1496 487
2041 2053
1561 1562
1561 619
1561 623
1562 1529
1562 1561
1562 2058
1562 619
1562 1563
1562 623
2061 2062
2061 2072
2062 2061
2069 1464
2042 2069
2053 2041
2096 2045
1464 308
1464 2069
2045 2096
2058 1562
2058 619
1546 1457
1546 813
1546 815
1546 623
1546 628
1429 374
1429 308
1429 1046
1429 1510
487 53
487 57
487 308
487 1496
487 623
2066 623
2123 2125
2123 2128
2123 2098
2123 2130
2123 2132
2123 2133
2123 2135
2123 2137
2143 623
2125 2123
2125 623
2125 2098
2128 2123
619 53
619 12
619 1529
619 1561
619 1562
619 2058
619 1563
619 1457
619 623
619 628
619 2157
619 2159
2168 2166
2168 1563
2178 2166
2178 1563
2166 2168
2166 2178
2166 1563
1563 1562
1563 619
1563 2168
1563 2178
1563 2166
1563 623
1563 2098
1563 2175
1563 2180
2183 2184
2184 2183
2184 2192
2184 2187
2192 2184
2186 1457
2187 2184
2187 1457
2187 1577
1457 374
1457 308
1457 12
1457 1546
1457 619
1457 2186
1457 2187
1457 2206
1457 2079
1457 2208
1457 813
1457 623
1457 2190
1457 2212
1457 1577
2206 1457
2206 2079
2079 1457
2079 2206
2079 623
2079 1577
2223 2224
2208 1457
2237 2267
2242 927
2243 2247
2245 2292
2245 2246
2245 927
2292 2245
2292 927
2246 2245
2246 927
927 406
927 308
927 12
927 2242
927 2245
927 2292
927 2246
927 2247
927 623
927 2299
2247 2243
2247 927
1552 1567
1552 813
1552 1556
1552 815
1552 1575
1552 2325
1552 2331
1552 1645
1552 2087
1552 2369
1567 1552
1567 813
1567 1571
1567 1556
1567 815
1567 1579
1567 2083
1567 2371
813 1546
813 1457
813 1552
813 1567
813 1571
813 1556
813 815
813 1575
813 623
813 1579
813 1583
813 2331
813 2338
813 2374
813 2087
813 2358
813 2369
1571 1567
1571 813
1571 1556
1571 815
1571 1579
1571 2338
1571 2087
1556 1552
1556 1567
1556 813
1556 1571
1556 815
1556 1575
1556 623
1556 1579
1556 2083
1556 2331
1556 2334
1556 2087
815 1546
815 1552
815 1567
815 813
815 1571
815 1556
815 2393
815 1575
815 623
815 2380
815 2381
815 1579
815 1583
815 2083
815 2331
815 2334
815 2338
815 2341
815 2371
815 2087
815 2395
815 2358
2393 815
1575 12
1575 1559
1575 1588
1575 1552
1575 813
1575 1556
1575 815
1575 628
1575 1579
1575 1583
1575 2321
1575 2371
1575 1645
1575 2087
1575 2406
1575 2407
2408 265
66 196
66 51
66 53
66 57
66 366
66 223
66 1936
66 319
66 320
66 134
66 1212
66 67
66 1115
66 2431
66 2432
66 771
66 2434
66 178
66 239
66 1282
66 1213
66 240
66 1283
66 327
66 1284
66 772
66 329
66 2439
66 179
1252 1280
1252 2447
1252 134
1252 2448
1252 2431
1252 264
1252 1282
1252 265
1252 2451
1252 2452
1280 1252
1280 134
1280 178
1280 239
1280 1213
1280 2463
1280 240
1280 1283
1280 772
2467 2469
2467 2471
2447 1252
2447 2448
134 83
134 51
134 53
134 57
134 366
134 223
134 292
134 1262
134 131
134 1231
134 1272
134 308
134 12
134 315
134 66
134 1252
134 1280
134 1212
134 67
134 1115
134 264
134 2473
134 178
134 239
134 1282
134 1213
134 2463
134 1283
134 265
134 1284
134 2451
134 2452
134 772
134 329
134 623
134 2487
134 2488
134 2489
134 2495
1212 66
1212 134
1212 67
1212 178
1212 239
1212 2463
1212 240
1212 772
67 196
67 51
67 53
67 289
67 55
67 57
67 45
67 366
67 343
67 223
67 292
67 224
67 1215
67 226
67 131
67 304
67 1224
67 12
67 314
67 315
67 1936
67 319
67 320
67 66
67 134
67 1212
67 178
67 239
67 1282
67 1213
67 327
67 265
67 329
67 179
2448 1252
2448 2447
2448 2452
1115 66
1115 134
1115 178
1115 239
1115 772
2556 772
2431 66
2431 1252
2431 1282
2431 2451
2537 178
2537 327
264 1252
264 134
264 265
2432 66
2432 239
2580 2582
2580 2583
2580 2584
2580 2585
2580 2588
2580 2591
771 57
771 66
771 178
771 239
771 1213
771 2463
771 240
771 772
2434 66
2434 240
2473 134
2473 239
2474 771
2474 178
2474 772
178 83
178 51
178 56
178 304
178 66
178 1280
178 134
178 1212
178 67
178 1115
178 2537
178 771
178 2474
178 239
178 1282
178 1213
178 2463
178 240
178 1283
178 327
178 1284
178 1285
178 772
178 329
178 2478
178 2479
178 2614
2475 239
2475 1213
2475 772
239 83
239 51
239 53
239 57
239 366
239 226
239 131
239 1224
239 12
239 598
239 313
239 316
239 66
239 1280
239 134
239 1212
239 67
239 1115
239 2432
239 771
239 2473
239 178
239 2475
239 1282
239 1213
239 2463
239 240
239 1283
239 327
239 265
239 1284
239 2452
239 1285
239 2550
239 772
239 329
239 2479
239 2620
1282 66
1282 1252
1282 134
1282 67
1282 2431
1282 178
1282 239
1282 2463
1282 772
1213 66
1213 1280
1213 134
1213 67
1213 771
1213 178
1213 2475
1213 239
1213 2463
1213 240
1213 1284
1213 772
1213 329
1213 2479
1213 2625
1213 2627
2463 1280
2463 134
2463 1212
2463 771
2463 178
2463 239
2463 1282
2463 1213
2463 240
2463 1284
2463 2558
2463 1285
2463 772
2463 329
2463 2544
240 83
240 51
240 319
240 66
240 1280
240 1212
240 771
240 2434
240 178
240 239
240 1213
240 2463
240 1283
240 327
240 2558
240 772
240 329
240 2645
240 2485
240 2544
2458 265
1283 66
1283 1280
1283 134
1283 178
1283 239
1283 240
1283 772
1283 329
327 51
327 66
327 67
327 2537
327 178
327 239
327 240
327 1285
327 772
2561 2653
265 1352
265 12
265 2408
265 1252
265 134
265 67
265 264
265 239
265 2458
265 2451
265 628
1284 66
1284 134
1284 771
1284 178
1284 239
1284 1213
1284 2463
1284 772
2451 1252
2451 134
2451 2431
2451 265
2558 2463
2558 240
2558 772
2452 1252
2452 134
2452 2448
2452 239
1285 178
1285 239
1285 2463
1285 327
1285 772
2550 239
772 57
772 66
772 1280
772 134
772 1212
772 1115
772 2556
772 771
772 2474
772 178
772 2475
772 239
772 1282
772 1213
772 2463
772 240
772 1283
772 327
772 1284
772 2558
772 1285
772 329
772 2478
772 2479
772 2544
772 179
772 2620
772 2705
329 51
329 66
329 134
329 67
329 178
329 239
329 1213
329 2463
329 240
329 1283
329 772
623 53
623 57
623 45
623 406
623 410
623 366
623 223
623 292
623 308
623 12
623 1529
623 1956
623 610
623 1561
623 1562
623 1546
623 487
623 2066
623 2143
623 2125
623 619
623 1563
623 1457
623 2079
623 927
623 1567
623 813
623 1571
623 1556
623 815
623 134
623 1577
623 2098
623 2130
623 2133
623 2141
623 628
623 2381
623 1579
2190 1457
2212 1457
2224 2223
2723 2725
1577 2187
1577 1457
1577 2079
1577 623
2098 2123
2098 2125
2098 1563
2098 623
2098 2732
2098 2135
2130 2123
2130 623
2132 2123
2133 2123
2133 623
2141 623
488 495
488 53
488 704
488 56
488 432
488 716
488 45
488 543
488 831
488 670
488 458
488 501
488 366
488 222
488 223
488 481
488 292
488 434
488 308
488 610
488 489
488 629
489 53
489 790
489 45
489 501
489 223
489 481
489 488
663 289
663 57
663 366
663 223
663 481
663 292
663 308
663 597
663 666
663 606
663 1157
663 2010
1194 1984
2741 1984
1048 374
1048 1028
1049 374
1049 1028
1038 1036
1038 374
1038 308
1038 1028
2743 1028
2744 1028
1028 410
1028 803
1028 223
1028 374
1028 308
1028 377
1028 1048
1028 1049
1028 1038
1028 2743
1028 2744
789 501
789 676
789 534
789 434
628 53
628 223
628 308
628 1352
628 1588
628 1529
628 1560
628 1546
628 619
628 1575
628 265
628 623
628 1579
2645 240
2487 134
2478 178
2478 772
2479 178
2479 239
2479 1213
2479 772
2485 240
2488 134
2439 66
2544 2463
2544 240
2544 772
557 53
557 55
557 56
557 57
557 502
557 366
557 553
557 629
557 737
557 491
2380 815
2380 2381
2381 815
2381 623
2381 2380
629 53
629 289
629 55
629 56
629 753
629 432
629 729
629 532
629 223
629 534
629 374
629 488
629 557
2489 134
179 51
179 56
179 66
179 67
179 772
2732 2098
2614 178
631 53
631 559
631 289
631 55
631 56
631 432
631 45
631 343
631 1168
631 316
1739 1733
1579 1567
1579 813
1579 1571
1579 1556
1579 815
1579 1575
1579 628
1579 2371
1579 1645
1579 2087
2620 239
2620 772
634 53
634 1451
634 308
634 377
2135 2123
2135 2098
2137 2123
1583 813
1583 815
1583 1575
1583 2341
2157 619
415 399
415 414
415 219
641 501
641 533
737 55
737 56
737 629
1662 1656
1663 1525
1666 1525
1525 12
1525 1529
1525 1653
1525 1656
1525 1663
1525 1666
1525 1669
333 88
333 252
252 333
147 105
1895 1888
832 831
1109 222
1333 1224
742 55
742 491
491 53
491 559
491 656
491 56
491 45
491 219
491 469
491 1108
491 343
491 223
491 1181
491 553
491 377
491 2007
491 557
491 742
491 637
491 1984
491 1205
2808 855
855 2808
739 728
1536 1352
38 34
38 35
39 34
39 2820
2820 39
2821 2747
44 35
44 36
2747 2821
2747 2748
2748 2747
2829 156
2829 247
2829 158
2831 2832
103 86
278 164
212 211
193 2832
247 2829
247 2846
2834 150
2834 251
244 83
158 2829
158 2846
210 159
2846 247
2846 158
381 343
778 780
780 778
780 783
783 780
853 543
866 834
866 831
827 45
1033 1025
955 947
955 961
973 460
1084 766
1084 1054
1079 1054
1478 1451
2625 1213
2653 2561
2705 772
2627 1213
637 53
637 553
637 491
447 440
2875 2877
2875 1389
2875 2878
1389 2875
1423 592
1459 374
1480 1451
1460 1451
1460 1468
1484 1451
1484 308
1504 308
1504 1500
900 308
1291 1287
2567 2572
1641 1588
1669 1525
1874 314
1875 314
1910 315
1813 1810
1789 1788
1938 1936
1938 1939
1984 1194
1984 2741
1984 491
1148 223
2012 1960
2495 134
2013 1960
2029 2015
2015 2029
1999 610
2017 610
1116 610
2001 610
2072 2061
2159 619
2175 1563
2180 1563
2725 2723
2259 2261
2267 2237
2261 2258
2299 927
2892 2256
2321 1575
2325 1552
2083 1567
2083 1556
2083 815
2083 2087
2331 1552
2331 813
2331 1556
2331 815
2331 2087
2334 1556
2334 815
2338 813
2338 1571
2338 815
2374 813
2341 815
2341 1583
2341 2087
2371 1567
2371 815
2371 1575
2371 1579
2371 2087
1645 1529
1645 1552
1645 1575
1645 1579
2087 1552
2087 813
2087 1571
2087 1556
2087 815
2087 1575
2087 1579
2087 2083
2087 2331
2087 2341
2087 2371
2395 815
2406 1575
2358 813
2358 815
2407 1575
1600 1614
2582 2580
2582 2584
2583 2580
2584 2580
2584 2582
159 156
159 150
159 210
251 150
251 2834
2906 1870
1486 1451
1490 1451
2469 2467
1075 803
2878 2875
161 79
2173 1563
1939 1936
1939 1938
2832 2831
2832 193
2914 2913
2585 2580
2585 2920
2572 2567
2471 2467
2699 2927
2639 2928
1770 1755
1770 598
2256 2892
2687 2688
2687 2929
2688 2690
2690 2687
2690 2688
2640 2639
2928 2640
2932 2580
2932 2933
2933 2580
2933 2583
2588 2580
2920 2585
2591 2933
2929 2687
2575 2925
2924 2935
1029 410
1205 491
1972 1589
1972 1590
1424 592
2369 1552
2369 813
2790 2775
