% asym positive
2 1
3 1
4 1
6 1
7 1
9 1
10 1
15 2
1 6
17 18
19 9
20 9
21 9
22 9
23 9
25 9
26 9
27 9
28 9
29 9
31 9
32 9
34 9
36 9
39 9
40 9
9 20
42 20
1 20
19 20
21 20
25 20
27 20
20 17
34 17
42 46
19 48
42 19
9 19
21 19
20 19
25 19
76 19
31 19
78 19
29 19
28 19
99 19
27 19
34 19
162 19
163 19
112 19
108 19
120 19
147 19
124 19
42 165
42 167
9 23
42 170
42 172
42 174
42 175
42 176
42 182
19 21
9 21
25 21
68 21
20 21
168 21
27 21
19 61
48 226
21 68
34 68
21 239
27 29
19 29
25 29
31 29
28 29
251 29
201 29
34 29
134 29
154 29
256 255
19 169
9 26
34 273
34 71
34 295
21 168
9 307
25 307
19 307
21 310
210 77
27 77
27 58
19 95
326 95
25 27
29 27
9 27
31 27
19 27
328 27
89 27
10 27
276 27
203 27
34 27
133 27
134 27
330 27
331 27
333 27
137 27
334 27
335 27
336 27
77 27
337 27
339 27
340 27
217 27
341 27
344 27
20 27
155 27
346 27
348 27
161 27
349 27
27 10
58 21
34 388
29 390
21 274
34 25
29 404
29 407
29 411
19 76
25 76
27 76
25 422
19 78
25 78
28 78
31 78
27 78
34 78
134 78
25 200
29 438
29 199
29 28
19 28
25 28
9 28
31 28
83 28
27 28
97 28
454 28
29 455
29 122
34 122
31 122
27 122
134 122
29 97
27 97
29 34
25 34
31 34
99 34
96 34
201 34
78 34
19 34
278 34
108 34
463 34
465 34
147 34
466 34
467 34
468 34
124 34
125 34
469 34
471 34
27 34
134 34
137 34
138 34
154 34
427 472
29 473
28 473
29 474
19 99
28 99
25 99
251 99
201 99
486 99
9 99
27 99
29 487
19 487
99 251
29 251
31 251
34 251
29 543
25 89
20 89
27 328
25 328
29 560
25 560
29 561
31 83
27 83
203 83
25 569
27 203
154 42
285 3
25 633
34 466
31 466
660 93
34 96
96 675
9 208
201 208
19 162
27 162
34 201
208 201
29 201
134 201
34 677
34 680
681 680
124 508
27 508
19 508
34 687
34 708
29 709
34 710
427 716
19 780
34 784
19 784
27 784
34 797
798 797
34 848
27 872
34 876
31 906
27 947
34 959
968 967
34 983
34 1018
50 1043
31 1106
34 1130
34 1131
27 279
1190 279
134 279
34 1210
34 1252
34 1254
34 1255
34 1256
34 1257
34 1258
1318 1319
34 1320
34 1336
19 163
9 486
34 278
34 1383
34 1392
34 108
31 108
19 108
19 109
34 1407
34 1417
34 1418
1428 1427
34 1436
34 1451
34 1456
1474 1473
34 1509
34 1512
27 155
34 1530
34 1532
34 1545
34 1546
27 1547
34 1549
34 1550
34 1551
34 210
147 210
19 210
27 210
31 210
77 210
137 210
1554 210
149 210
213 210
34 1557
34 1562
34 1566
34 1575
34 1577
34 1579
34 463
34 1581
34 1588
34 1589
34 1593
34 1595
34 1596
34 1598
34 1601
31 1601
34 1602
34 489
34 1607
34 1609
34 465
34 1615
34 1625
34 1630
34 1631
34 147
19 147
124 147
497 147
27 147
1636 147
31 147
137 147
1638 147
1639 147
1641 147
148 147
1644 147
53 147
153 147
275 147
1647 147
34 1649
34 1663
34 1665
34 1666
34 1668
34 1669
34 1670
19 120
34 1684
34 1685
34 1687
34 1688
34 1683
34 1696
34 1697
34 1704
34 1705
34 1723
34 1728
34 1730
34 1731
34 1732
716 1735
34 1737
34 1738
34 1743
34 1748
34 1752
19 1755
34 1758
27 131
34 1788
34 1792
34 1793
34 1794
34 1795
34 1799
34 467
34 1800
34 1808
34 1809
34 1810
34 1811
34 1813
34 1817
34 146
34 124
19 124
27 124
508 124
34 1824
34 1825
34 1836
34 1837
34 1838
34 468
34 1839
34 1840
34 1841
34 1843
34 206
34 1845
34 125
34 1851
34 1852
34 1190
279 1190
34 1855
34 1858
34 1862
34 207
34 1874
510 1901
34 1902
34 1905
34 1906
34 1909
780 19
1915 19
210 19
1916 19
1917 19
1918 19
211 19
1755 19
134 19
508 19
122 19
215 19
666 19
1944 1943
34 1956
34 1957
34 1958
34 1960
34 1964
34 469
27 469
34 1965
34 213
34 1966
34 1969
34 1970
34 1991
34 1992
19 1915
34 218
34 2028
34 2037
19 1916
19 1917
34 1917
19 1918
34 2048
34 2056
34 2057
34 2062
34 2063
427 2063
34 2064
34 137
19 137
27 137
134 137
287 137
2067 137
53 137
147 137
149 137
2068 137
341 137
159 137
160 137
2069 137
34 2072
34 2073
34 2078
34 2090
34 2092
34 2095
34 471
137 471
34 2128
34 2131
27 2134
134 2134
427 326
34 2150
151 2156
34 134
27 134
279 134
137 134
147 134
2194 2195
50 2209
34 2216
34 2217
2242 2243
326 2264
848 2293
27 2305
27 2311
2312 2311
2155 2353
2395 153
147 153
27 333
31 2433
27 2489
149 505
27 2502
147 1641
427 2541
27 2566
27 135
284 2644
2652 2651
510 1428
27 2661
1639 2667
53 2667
147 1639
427 2713
427 2714
27 666
27 533
27 335
510 2822
510 2840
427 2843
2652 2849
427 2858
149 285
137 285
427 2919
134 2934
134 2978
210 1554
2552 31
50 31
2674 2988
27 2996
19 2067
137 2067
427 2999
153 2395
27 217
27 3003
427 3005
716 3005
2919 3005
27 337
148 3054
569 115
27 339
27 340
137 340
27 3057
27 149
27 344
27 161
27 3071
427 2481
427 3077
27 158
344 348
427 3081
427 3089
151 3089
427 3091
151 3103
27 3136
