% asym positive
2 1
3 1
4 1
5 1
6 1
7 1
8 1
9 1
10 1
11 1
12 1
1 5
8 5
11 5
12 5
8 13
15 2
1 6
11 6
12 6
17 18
8 9
19 9
20 9
21 9
22 9
23 9
24 9
25 9
26 9
27 9
28 9
29 9
30 9
31 9
32 9
33 9
34 9
35 9
36 9
37 9
38 9
39 9
40 9
8 41
9 20
42 20
1 20
8 20
19 20
43 20
21 20
25 20
27 20
44 20
45 20
20 17
8 17
34 17
42 46
42 47
11 47
12 47
8 48
19 48
1 49
8 49
19 49
27 49
24 49
50 49
8 52
11 54
12 54
55 56
9 56
42 55
56 55
1 55
8 55
25 55
58 55
59 55
44 55
27 55
19 55
19 8
20 8
9 8
5 8
42 8
52 8
43 8
23 8
60 8
1 8
61 8
55 8
62 8
21 8
41 8
63 8
64 8
65 8
66 8
57 8
67 8
68 8
69 8
70 8
24 8
71 8
72 8
25 8
26 8
29 8
10 8
73 8
27 8
74 8
75 8
48 8
76 8
77 8
31 8
78 8
30 8
79 8
80 8
28 8
81 8
82 8
83 8
84 8
85 8
86 8
87 8
88 8
89 8
90 8
91 8
92 8
93 8
94 8
95 8
59 8
96 8
97 8
34 8
98 8
99 8
100 8
101 8
102 8
103 8
104 8
105 8
106 8
107 8
108 8
109 8
110 8
44 8
111 8
112 8
113 8
114 8
115 8
116 8
117 8
118 8
119 8
120 8
121 8
122 8
123 8
124 8
125 8
126 8
127 8
128 8
129 8
130 8
131 8
132 8
133 8
134 8
135 8
136 8
137 8
138 8
139 8
140 8
141 8
142 8
143 8
144 8
145 8
146 8
147 8
148 8
149 8
11 8
150 8
151 8
152 8
153 8
154 8
155 8
156 8
157 8
158 8
159 8
160 8
161 8
8 19
42 19
9 19
21 19
57 19
20 19
64 19
43 19
25 19
24 19
75 19
76 19
31 19
30 19
78 19
29 19
28 19
81 19
49 19
99 19
27 19
34 19
162 19
100 19
44 19
67 19
163 19
112 19
108 19
120 19
147 19
13 19
124 19
164 19
42 165
11 165
42 166
42 167
8 167
11 167
12 167
8 43
19 43
20 43
168 43
25 43
27 43
29 43
81 43
169 43
59 43
8 23
9 23
11 23
12 23
42 170
8 170
11 170
12 170
42 171
8 171
42 172
8 172
42 173
8 173
42 174
11 174
12 174
42 175
42 176
8 176
11 176
12 176
42 177
8 177
11 177
8 178
11 178
12 178
8 60
8 179
11 179
12 179
8 180
11 180
12 180
42 182
11 182
12 182
42 183
11 183
12 183
8 21
19 21
9 21
25 21
43 21
68 21
24 21
20 21
168 21
184 21
27 21
8 185
11 185
12 185
8 186
11 186
12 186
8 67
61 67
25 67
19 67
8 187
8 61
67 61
19 61
8 188
11 188
12 188
8 189
8 190
11 190
8 22
8 191
8 192
11 192
12 192
8 193
8 194
8 195
8 196
8 197
19 72
24 72
8 72
9 72
25 72
30 72
34 72
8 198
8 30
58 30
21 30
27 30
43 30
29 30
25 30
24 30
72 30
19 30
199 30
200 30
9 30
52 30
83 30
59 30
34 30
31 30
99 30
201 30
77 30
202 30
203 30
119 30
204 30
205 30
206 30
124 30
207 30
108 30
208 30
44 30
209 30
134 30
210 30
211 30
147 30
137 30
138 30
212 30
213 30
153 30
214 30
215 30
216 30
149 30
217 30
218 30
141 30
11 30
159 30
160 30
219 30
8 220
8 221
11 221
8 223
8 225
48 226
8 227
8 228
8 229
8 230
8 231
8 68
21 68
75 68
34 68
8 232
8 233
8 234
8 235
8 236
11 236
12 236
8 63
8 237
11 237
12 237
8 64
8 238
21 239
11 239
12 239
21 240
11 240
12 240
8 241
57 241
8 70
44 70
8 242
8 243
8 244
8 245
11 245
12 245
8 65
8 246
246 247
8 247
8 248
8 249
8 29
27 29
75 29
43 29
30 29
19 29
25 29
250 29
31 29
28 29
24 29
91 29
59 29
251 29
201 29
34 29
134 29
154 29
11 29
12 29
8 252
8 253
8 66
8 254
8 255
256 255
8 257
8 258
8 73
25 73
34 73
108 73
31 73
259 73
11 73
12 73
8 260
8 169
43 169
19 169
8 261
8 262
11 262
12 262
8 263
11 264
12 264
8 26
9 26
11 26
12 26
8 265
11 265
12 265
8 266
8 268
8 269
270 269
8 271
11 271
12 271
8 69
11 69
8 272
8 273
34 273
8 24
72 24
9 24
25 24
19 24
27 24
274 24
31 24
28 24
52 24
29 24
89 24
250 24
23 24
59 24
30 24
34 24
275 24
112 24
100 24
276 24
277 24
163 24
99 24
44 24
278 24
279 24
111 24
280 24
120 24
281 24
124 24
108 24
134 24
128 24
282 24
283 24
147 24
284 24
285 24
286 24
287 24
49 24
217 24
288 24
289 24
290 24
148 24
210 24
45 24
291 24
292 24
8 293
8 71
34 71
8 294
8 295
34 295
11 295
12 295
8 296
8 297
44 297
8 298
8 299
8 168
43 168
21 168
8 300
11 300
12 300
8 301
11 301
12 301
8 302
8 303
8 304
11 304
12 304
8 305
8 306
8 307
9 307
25 307
59 307
19 307
8 308
11 308
12 308
8 309
11 309
12 309
21 310
11 310
8 77
210 77
27 77
8 311
11 311
12 311
8 312
8 313
234 313
8 314
8 315
8 316
11 316
12 316
8 58
55 58
27 58
8 317
8 318
11 318
8 319
8 320
8 321
8 322
8 323
8 324
8 325
8 95
19 95
326 95
327 95
8 27
43 27
25 27
74 27
29 27
30 27
24 27
75 27
9 27
31 27
19 27
328 27
89 27
10 27
276 27
55 27
203 27
34 27
128 27
49 27
133 27
44 27
134 27
329 27
330 27
331 27
332 27
333 27
137 27
334 27
335 27
336 27
77 27
337 27
338 27
339 27
340 27
217 27
341 27
342 27
343 27
344 27
345 27
20 27
155 27
346 27
347 27
348 27
161 27
349 27
8 350
8 351
11 351
12 351
8 352
8 353
8 354
8 355
11 355
12 355
8 356
8 10
27 10
11 10
8 357
8 358
11 358
12 358
8 359
8 360
11 360
12 360
8 361
8 362
11 362
12 362
8 363
8 364
11 364
12 364
8 365
8 366
8 367
8 184
8 368
8 369
21 370
11 370
12 370
11 371
12 371
8 372
8 373
58 21
75 21
8 374
8 375
11 375
12 375
8 376
8 377
11 377
12 377
8 378
8 379
8 74
27 74
8 381
8 382
8 383
8 384
8 385
8 386
8 387
11 387
12 387
8 388
34 388
8 389
8 270
11 270
12 270
29 390
8 75
27 75
29 75
25 75
19 75
8 391
8 392
8 393
8 394
8 395
21 274
11 274
12 274
8 396
8 397
11 397
12 397
8 25
34 25
59 25
29 398
8 398
8 399
8 400
11 400
12 400
8 401
8 402
8 403
29 404
11 404
12 404
8 405
29 406
29 407
8 408
11 408
12 408
8 409
8 410
29 411
8 76
19 76
25 76
121 76
27 76
8 412
8 413
8 414
8 415
11 415
12 415
8 416
11 416
12 416
8 417
8 418
43 418
8 82
419 82
420 8
35 8
8 421
8 422
25 422
11 422
29 423
8 424
8 425
11 425
12 425
8 80
29 426
8 427
8 78
19 78
43 78
25 78
28 78
31 78
27 78
59 78
34 78
44 78
428 78
134 78
45 78
8 429
11 429
12 429
8 430
8 94
11 94
8 431
8 432
8 433
8 200
25 200
30 200
8 434
8 79
8 435
8 436
11 436
12 436
8 437
11 437
12 437
29 438
8 439
8 440
8 441
11 441
12 441
8 442
8 443
8 444
11 444
12 444
8 445
8 446
8 447
11 447
12 447
8 448
11 448
12 448
29 199
29 449
11 449
12 449
8 450
8 451
29 250
24 250
19 250
27 250
452 250
29 28
19 28
25 28
24 28
9 28
31 28
81 28
453 28
83 28
27 28
97 28
8 28
454 28
29 455
29 122
8 122
24 122
34 122
31 122
59 122
27 122
134 122
44 122
456 457
29 97
8 97
27 97
8 458
8 459
11 459
12 459
8 460
8 461
8 462
8 34
29 34
24 34
25 34
31 34
30 34
99 34
59 34
96 34
201 34
78 34
19 34
277 34
278 34
108 34
463 34
464 34
465 34
147 34
466 34
73 34
44 34
467 34
468 34
124 34
125 34
128 34
469 34
470 34
471 34
27 34
134 34
137 34
138 34
11 34
154 34
8 472
427 472
8 276
29 473
28 473
11 473
12 473
29 474
11 474
12 474
8 475
8 476
8 477
8 478
8 479
8 480
8 481
8 482
8 483
11 483
12 483
8 484
8 81
19 81
28 81
25 81
43 81
11 81
12 81
29 485
24 99
19 99
28 99
453 99
25 99
251 99
201 99
30 99
8 99
486 99
9 99
27 99
29 487
19 487
29 44
443 44
19 44
8 44
488 44
34 44
78 44
24 44
489 44
205 44
123 44
466 44
31 44
490 44
124 44
491 44
321 44
108 44
492 44
493 44
494 44
27 44
495 44
147 44
30 44
133 44
209 44
134 44
329 44
496 44
497 44
498 44
499 44
500 44
501 44
502 44
503 44
504 44
505 44
506 44
507 44
59 44
508 44
128 44
122 44
137 44
509 44
210 44
510 44
215 44
511 44
138 44
512 44
513 44
514 44
515 44
516 44
140 44
35 44
517 44
518 44
9 44
519 44
520 44
521 44
38 44
522 44
523 44
524 44
339 44
40 44
525 44
144 44
11 44
148 44
217 44
526 44
20 44
527 44
528 44
155 44
529 44
530 44
291 44
344 44
158 44
286 44
531 44
532 44
159 44
160 44
533 44
534 44
535 44
536 44
8 537
8 538
8 349
8 539
8 540
8 251
99 251
29 251
31 251
34 251
8 542
11 542
12 542
29 543
8 544
8 545
8 546
11 546
12 546
8 547
11 547
12 547
8 548
24 549
29 549
8 549
453 549
29 550
551 550
24 550
344 550
29 552
8 553
11 553
12 553
8 89
554 89
24 89
453 89
25 89
20 89
8 555
11 555
12 555
8 556
8 557
11 557
12 557
8 328
27 328
25 328
8 558
8 559
11 559
28 453
549 453
31 453
25 453
554 453
89 453
8 453
11 453
12 453
29 560
25 560
29 561
8 562
8 563
11 563
12 563
8 564
8 565
8 566
11 567
12 567
31 83
27 83
30 83
203 83
8 568
8 569
25 569
11 569
8 570
8 571
11 571
12 571
8 572
8 573
8 574
11 574
12 574
8 575
201 575
214 575
8 576
453 203
27 203
89 554
453 554
8 554
11 554
12 554
8 577
8 578
8 579
8 45
34 45
580 45
8 581
8 582
8 583
8 584
8 585
8 586
8 587
8 588
8 589
8 590
8 591
11 591
12 591
8 592
11 592
12 592
8 593
31 593
8 594
8 595
8 596
8 597
8 598
8 599
8 91
29 91
8 600
11 600
12 600
8 601
11 601
12 601
8 602
8 603
8 604
8 605
8 606
8 607
8 608
8 42
154 42
8 609
8 610
11 610
12 610
8 611
8 612
8 613
8 614
8 615
34 615
8 616
8 117
453 86
8 86
453 617
8 618
8 619
8 620
8 3
285 3
8 621
8 622
8 623
8 624
8 625
8 90
626 90
8 32
8 627
8 87
8 629
8 88
8 630
11 630
12 630
8 631
8 632
11 632
12 632
25 633
8 633
11 633
12 633
8 634
11 634
12 634
8 635
11 635
12 635
8 636
11 636
12 636
8 637
8 638
8 639
63 639
8 640
11 640
12 640
8 641
8 642
11 642
12 642
8 643
8 644
8 645
8 646
8 647
8 466
59 466
34 466
31 466
44 466
8 648
8 649
8 650
8 92
8 651
8 652
8 653
11 653
12 653
8 654
8 655
11 656
8 657
8 658
8 659
8 93
660 93
11 93
8 661
11 661
12 661
8 662
8 663
8 664
11 664
12 664
8 665
8 59
31 59
24 59
52 59
30 59
29 59
34 59
122 59
43 59
55 59
44 59
120 59
27 59
124 59
137 59
19 59
666 59
147 59
210 59
145 59
524 59
45 59
8 667
8 668
11 668
12 668
8 669
8 670
95 327
8 327
671 327
8 672
11 672
12 672
674 673
59 145
34 96
8 675
96 675
8 33
9 208
201 208
30 208
19 162
27 162
11 162
12 162
34 201
208 201
29 201
30 201
134 201
34 677
8 678
8 679
34 680
681 680
8 682
8 683
8 684
124 508
27 508
44 508
19 508
128 508
8 685
11 685
12 685
8 686
11 686
12 686
34 687
34 688
8 689
8 690
8 691
8 692
8 693
8 694
8 695
11 695
8 696
8 697
8 698
8 699
201 700
8 701
8 702
8 703
8 704
11 704
12 704
8 705
8 98
203 98
8 707
34 708
11 708
12 708
8 136
29 709
34 710
8 711
8 712
8 713
11 713
12 713
8 714
8 715
8 716
427 716
8 717
11 717
12 717
8 718
8 719
8 720
8 721
11 721
12 721
8 722
11 722
12 722
8 723
8 724
8 725
8 726
8 727
8 728
8 729
11 729
12 729
8 730
11 730
12 730
8 731
11 731
12 731
8 732
8 733
8 734
8 735
8 736
11 736
12 736
8 737
8 738
8 739
11 739
12 739
8 740
8 741
8 742
8 743
8 744
11 744
12 744
8 15
8 745
8 746
11 746
12 746
8 747
11 747
12 747
8 748
8 749
8 750
8 751
11 751
12 751
8 752
8 753
8 754
11 754
12 754
8 755
8 756
8 757
8 758
11 758
12 758
8 759
8 760
11 760
12 760
8 4
11 4
12 4
8 761
8 762
8 763
8 764
8 765
11 765
12 765
8 766
8 767
11 767
12 767
8 768
8 769
11 769
8 770
8 771
8 772
8 773
11 773
12 773
8 774
8 775
8 776
8 777
8 778
34 778
24 112
8 112
11 112
12 112
24 275
8 275
8 779
8 780
19 780
8 781
8 782
580 782
8 783
34 784
19 784
27 784
11 784
12 784
8 785
8 786
8 787
8 788
8 789
8 790
8 791
8 792
8 793
8 794
8 795
8 796
34 797
798 797
8 799
8 800
8 801
8 802
8 803
8 804
8 805
8 806
8 807
8 808
8 809
8 810
8 811
8 812
8 813
8 814
8 815
8 816
8 817
8 818
8 819
8 820
8 821
8 822
8 823
8 824
8 825
8 826
8 827
8 828
8 829
8 830
8 831
8 832
8 833
8 834
8 835
8 836
8 837
8 838
8 839
8 840
8 841
8 842
8 843
8 844
8 845
8 846
8 847
8 848
34 848
8 849
8 850
8 851
8 852
8 853
8 854
8 855
8 856
8 857
8 858
8 859
8 860
8 861
8 862
8 863
8 864
8 865
8 866
8 867
8 868
8 869
8 870
8 871
8 872
27 872
8 873
8 874
8 875
34 876
34 877
11 877
8 878
8 879
8 880
8 881
8 882
8 883
8 884
8 885
8 886
8 887
8 888
8 889
8 890
8 891
8 892
8 893
8 894
8 895
8 896
8 897
8 898
8 899
8 900
8 901
8 902
8 903
8 904
8 905
8 906
31 906
8 907
8 908
8 910
8 911
8 912
8 913
8 914
8 915
8 916
8 917
8 918
8 919
8 920
8 921
8 922
8 923
8 924
8 925
8 926
8 927
8 928
8 929
8 930
8 931
8 932
8 933
8 934
8 935
8 936
8 937
8 938
8 939
8 940
8 941
8 942
8 943
8 944
8 945
8 946
8 947
27 947
8 948
8 949
8 950
8 951
8 952
8 100
24 100
19 100
73 100
27 100
149 100
8 953
8 954
8 955
8 956
8 957
8 958
34 959
8 960
8 961
27 961
8 962
8 963
8 964
8 965
966 965
8 967
968 967
8 969
8 970
8 971
8 972
8 973
8 974
8 975
8 976
977 976
8 978
8 979
8 500
8 980
8 981
8 982
34 983
8 984
8 985
8 986
8 987
8 988
8 989
8 990
8 991
8 992
8 993
8 994
8 995
8 996
8 997
8 998
8 999
8 1000
8 1001
8 1002
8 1003
8 1004
8 1005
8 1006
8 1007
8 1008
8 1009
8 1010
8 1011
8 1012
8 1013
8 1014
8 1015
8 1016
8 1017
8 1018
34 1018
8 1019
8 1020
8 1021
8 1022
8 1023
8 1024
8 1025
8 1026
8 1027
8 1028
8 1029
8 1030
8 1031
8 1032
8 1033
8 1034
8 1035
8 1036
8 1037
8 1038
8 1039
8 1040
8 1041
8 1042
8 1043
50 1043
8 1044
8 1045
11 1045
12 1045
8 1046
8 1047
8 1048
8 1049
8 1050
8 1051
8 1052
8 1053
8 1054
8 1055
8 1056
8 1057
8 1058
8 1059
8 1060
8 1061
8 1062
8 1063
8 1064
8 1065
8 110
8 1066
8 1067
8 1068
8 116
8 1069
8 1070
8 1071
8 1072
8 1073
8 1074
8 1075
8 1076
8 1077
8 1078
8 1079
8 1080
8 1081
8 1082
8 1083
8 1084
8 1085
8 1086
8 1087
8 1088
8 1089
8 1090
8 1091
8 1092
8 1093
8 1094
8 1095
8 1096
8 1097
8 1098
8 1099
8 1100
8 1101
8 1102
8 1103
8 1104
8 1105
8 1106
31 1106
8 1107
8 1108
8 1109
34 1110
11 1110
12 1110
8 1111
8 1112
8 1113
8 1114
8 1115
8 1116
8 1117
8 1118
8 1119
8 1120
8 1121
8 1122
8 1123
8 1124
8 1125
8 1126
8 1127
8 1128
8 1129
34 1130
34 1131
45 1131
8 1132
8 1133
8 1134
8 1135
8 1136
8 1137
8 1138
8 1139
8 1140
8 1141
8 1142
8 1143
8 1144
8 1145
8 1146
8 1147
34 277
24 277
27 277
8 1148
8 1149
8 1150
8 1151
8 1152
8 1153
8 202
30 202
8 1154
8 1155
8 1156
8 1157
8 1158
8 1159
8 1160
8 1161
8 1162
8 1163
8 114
8 1164
8 1165
8 1166
8 1167
8 1168
8 1169
8 1170
8 1171
8 1172
8 1173
8 1174
8 1175
8 1176
8 1177
8 1178
8 1179
8 1180
8 1181
8 1182
8 164
124 164
30 164
19 164
8 1183
8 1184
8 1185
8 1186
8 1188
8 1189
8 279
24 279
27 279
1190 279
134 279
8 1191
8 1192
8 1193
8 1194
8 1195
8 1196
8 1197
8 1198
8 1199
8 1200
8 1201
8 1202
8 1203
8 1204
8 1205
1187 1205
8 1206
8 1207
8 1208
34 1209
11 1209
12 1209
34 1210
8 1211
8 1212
8 1213
8 1214
8 1215
8 1216
8 1217
8 1218
8 1219
8 1220
8 1221
8 1222
8 1223
8 1224
8 1225
8 1226
8 1227
8 1228
8 1229
8 1230
8 1231
8 1232
8 1233
8 1234
8 1235
8 1236
8 1237
8 1238
8 1239
8 1240
8 289
8 1241
8 1242
8 1243
8 1244
8 1245
8 1246
8 1247
8 1248
8 1249
8 1250
34 1252
34 1253
34 1254
34 1255
11 1255
12 1255
34 1256
34 1257
11 1257
12 1257
34 1258
8 1259
8 1260
8 1261
8 1262
8 1263
8 1264
8 1265
8 1266
8 1267
8 1268
8 1269
8 1270
8 1271
8 1272
8 1273
8 1274
8 1275
8 1276
8 1277
8 1278
8 1279
8 1280
8 1281
8 1282
8 1283
8 1284
8 1285
8 1286
8 1287
8 1288
8 1289
8 1290
8 1291
8 1292
8 1293
8 1294
8 1295
8 1296
8 1297
8 1298
8 1299
602 1299
8 1300
8 1301
8 1302
8 1303
8 1304
8 1306
8 1307
8 1308
8 420
8 101
8 1309
8 1310
8 1311
8 1312
8 1313
8 1314
8 1315
8 1316
8 1317
1318 1319
8 1318
34 1320
8 1321
8 1322
8 102
8 156
27 156
8 1323
8 1324
8 103
8 1325
8 1326
8 1327
8 1328
11 1328
12 1328
34 1329
8 1329
11 1329
12 1329
8 1330
8 1331
8 1332
8 1333
34 1333
8 1334
8 1335
34 1336
8 1337
8 1338
8 1339
8 1340
8 1341
8 1342
8 104
8 1344
24 163
19 163
8 163
8 1345
24 1346
8 1346
9 486
8 1347
8 1348
8 1349
8 1350
8 1351
8 106
8 1352
8 1353
8 1354
8 1355
8 1356
8 1357
34 278
24 278
8 278
8 1358
8 1359
8 105
8 1360
8 1361
8 1362
8 1363
8 1364
8 1365
8 1366
8 1367
8 1368
8 1369
8 1370
11 1370
12 1370
8 1371
24 1371
8 1372
8 1373
8 1374
8 1375
1375 1376
8 1376
8 1377
8 1378
8 1379
8 1380
8 1381
8 1382
34 1383
8 1384
8 1385
8 1386
8 1387
8 1388
11 1388
12 1388
8 1389
8 1390
8 1391
34 1392
8 1393
8 1394
8 1395
8 1396
1384 1397
8 1398
8 107
8 1400
8 108
34 108
31 108
73 108
24 108
19 108
30 108
44 108
8 109
19 109
8 1402
8 1403
8 1404
8 1405
8 1406
34 1407
8 1408
8 111
24 111
8 419
427 419
8 1409
8 1410
8 1411
8 1412
8 1413
8 1414
34 1415
8 1416
34 1417
34 1418
8 1419
8 1420
8 1421
8 1422
24 1423
8 1424
8 1425
8 1426
8 1427
1428 1427
8 1429
8 1430
8 1431
8 1432
8 113
1433 113
8 1434
8 1435
34 1436
8 1437
8 1438
8 1440
8 1441
8 1442
8 1443
8 1444
8 1445
8 1446
8 1447
8 1448
8 1449
34 1450
34 1451
8 1452
8 1453
8 1454
8 1455
34 1456
11 1456
12 1456
8 1457
8 1458
8 1459
8 1460
59 1460
8 470
34 470
8 1461
8 1462
8 1463
8 1464
8 497
44 497
8 1465
8 1466
8 1467
8 1468
8 1469
8 1470
8 1471
8 1472
8 1473
1474 1473
8 488
8 1475
8 1476
8 1477
8 1478
8 1479
8 1480
8 1481
8 1482
8 1483
8 1484
59 1484
8 1485
59 1485
8 1486
34 1487
8 1488
8 1489
30 1489
8 1491
8 1492
8 1493
8 1494
11 1494
12 1494
8 1495
8 1496
8 1497
8 1498
8 1499
8 1500
8 1501
8 1502
8 1503
8 1504
8 1505
8 1506
8 1507
8 1508
34 1509
8 1510
8 1511
34 1512
8 1513
8 1514
8 1515
8 1516
34 1517
8 1517
34 1518
8 1519
8 1520
8 1521
8 155
27 155
44 155
11 155
8 1522
34 1523
8 1524
8 1525
8 1526
8 1527
34 1528
34 1529
34 1530
8 1531
34 1532
34 1533
8 118
8 1534
8 1535
8 1536
8 1537
8 1538
8 1539
1497 1539
34 1540
8 1541
8 1542
8 1543
8 1544
34 1545
34 1546
8 1547
24 1547
44 1547
534 1547
27 1547
34 1548
34 1549
34 1550
34 1551
34 1552
8 1553
34 210
8 210
147 210
19 210
24 210
128 210
27 210
30 210
31 210
77 210
44 210
59 210
137 210
1554 210
149 210
213 210
8 1555
8 280
8 1556
34 1557
8 1558
8 1559
8 1560
8 1561
34 1562
8 1562
8 1563
8 1564
34 1565
30 1565
24 1565
8 1565
34 1566
8 1567
8 1568
8 1569
8 1570
34 1571
8 1572
11 1572
12 1572
34 1573
11 1573
12 1573
8 1574
34 1575
8 1576
34 1577
34 1578
34 1579
34 1580
34 463
34 1581
11 1581
12 1581
8 1582
34 1583
11 1583
12 1583
34 1584
8 1585
8 1586
8 1587
34 1588
34 1589
34 1590
8 1591
8 1592
34 1593
34 1594
34 132
8 132
27 132
34 1595
34 1596
8 1597
34 1598
34 464
34 1599
8 1600
8 511
34 1601
31 1601
34 1602
8 1603
8 119
30 119
8 1604
8 1605
8 1606
34 489
34 1607
34 1608
34 1609
34 465
8 1610
8 1611
8 1612
34 1613
34 1614
34 1615
34 1616
34 1618
8 1619
8 1620
8 1621
8 1622
8 1623
34 1624
34 1625
8 1626
8 1627
8 1628
8 1629
34 1630
34 1631
8 1632
8 1633
8 1634
8 1635
8 147
34 147
19 147
59 147
124 147
497 147
27 147
44 147
30 147
1636 147
31 147
24 147
1637 147
137 147
1638 147
1639 147
1640 147
1641 147
1642 147
49 147
575 147
144 147
1643 147
148 147
1644 147
53 147
152 147
1645 147
153 147
1646 147
275 147
1647 147
1648 147
11 147
34 1649
8 1650
8 1651
1652 1653
8 1654
8 1655
8 1656
8 1657
8 1658
8 1659
8 1660
34 1661
8 1662
34 1663
34 1664
34 1665
34 1666
34 1668
34 1669
34 1670
34 1671
1672 1671
34 1673
8 1674
8 120
19 120
24 120
59 120
8 1675
8 1676
8 1677
8 1678
8 121
8 1679
8 1680
8 1681
8 1682
1683 1682
34 1684
34 1685
8 1686
8 281
34 1687
34 1688
34 1683
8 1689
8 1690
34 1691
8 1692
8 1693
8 1694
8 1695
34 1696
34 1697
8 1698
8 1699
8 1700
8 1701
8 1702
8 204
34 1703
34 1704
34 1705
8 1706
34 1707
34 1708
8 1709
8 1710
8 1711
8 1712
8 1713
34 1714
11 1714
12 1714
34 1715
8 1716
8 1717
8 1718
8 126
8 1719
34 1720
8 1721
8 205
8 1722
34 1723
8 1724
8 1725
8 1726
8 1727
34 1728
34 1729
34 1730
34 1731
34 1732
8 1733
8 1734
8 1735
716 1735
8 1736
34 1737
59 1737
34 1738
8 1739
1740 1739
8 1741
34 1743
8 671
1698 671
8 1744
8 1745
8 1746
8 1747
34 1748
34 1750
34 1751
34 1752
8 1753
8 1754
8 1755
19 1755
8 1756
34 1757
34 1758
34 1759
8 1760
8 1761
8 1762
8 1763
8 1764
8 1765
8 1766
8 1767
8 1768
8 1769
8 131
27 131
8 1770
8 1771
8 1772
8 1773
8 1774
8 1775
8 1776
8 1777
8 1778
8 259
8 1779
8 1780
8 1781
11 1781
12 1781
8 1782
8 1783
8 123
8 1784
8 1785
8 1786
8 1787
34 1788
8 1789
8 1790
34 1792
34 1793
34 1794
34 1795
8 1796
34 1797
34 1798
34 1799
34 467
34 1800
8 1802
8 1803
8 1804
8 1805
8 1806
34 1807
34 1808
34 1809
34 1810
34 1811
34 1812
34 1813
8 1814
34 1815
34 1816
34 1817
34 146
8 146
11 146
12 146
8 1818
8 1819
34 1820
34 124
8 124
24 124
30 124
44 124
19 124
164 124
27 124
59 124
508 124
8 1821
34 1822
8 1823
34 1824
34 1825
34 1827
34 1828
8 1829
31 1829
8 1831
8 1832
8 1833
8 1834
34 1835
34 1836
34 1837
34 1838
34 468
34 1839
34 1840
34 1841
34 1842
34 1843
34 1844
34 206
34 1845
8 1846
8 1847
8 1848
151 1848
716 1848
8 1849
8 1850
8 490
34 125
8 125
34 1851
34 1852
34 1853
34 1854
8 1854
27 1854
34 1190
279 1190
34 1855
8 1856
8 1857
34 1858
8 1859
34 1860
11 1860
12 1860
34 1861
34 1862
8 1864
8 1865
8 1866
34 207
8 1867
8 1868
8 1869
8 1870
8 1871
11 1871
12 1871
34 1872
8 1873
34 1874
8 1875
8 491
24 1876
34 1877
8 1878
8 1879
8 1880
11 1880
12 1880
8 1881
8 1882
8 1883
8 1884
8 1885
8 1886
8 1887
8 1889
8 1890
8 1891
8 1892
8 1893
8 1894
8 1895
8 1896
8 1897
8 1898
8 1899
8 1900
510 1901
34 1902
8 1903
8 1904
34 1905
34 1906
8 1907
34 1909
8 1910
8 1911
8 1912
8 1913
8 1914
780 19
1915 19
210 19
1916 19
1917 19
1918 19
128 19
211 19
1755 19
134 19
508 19
59 19
122 19
215 19
666 19
44 1919
8 1919
8 127
1867 127
8 1920
8 1921
8 1922
8 1923
8 1924
8 1925
8 1926
8 1927
8 1928
8 1929
8 1930
8 1931
8 1932
8 1933
8 1934
8 1935
8 1936
8 1937
8 1938
8 1939
8 1940
8 1941
1816 1942
8 1943
1944 1943
8 1945
8 1946
8 1947
8 1948
8 1949
44 1950
44 1951
44 1952
8 1953
8 1954
8 1955
34 1956
34 1957
34 1958
34 1959
34 1960
34 1961
34 1962
8 1963
34 128
8 128
31 128
19 128
27 128
134 128
24 128
508 128
44 128
34 1964
34 469
8 469
27 469
34 1965
34 213
34 1966
34 1967
34 1968
34 1969
34 1970
8 1971
8 1972
8 1973
8 212
30 212
8 1974
8 1975
8 1976
8 1977
34 1978
34 1979
8 1980
44 1981
44 1982
34 1983
44 1984
8 1985
8 1986
8 1987
8 1988
8 1989
8 286
19 286
27 286
24 286
44 286
34 1991
34 1992
8 1993
8 1915
19 1915
8 1994
8 1995
44 1996
44 1997
8 1998
8 1999
27 1999
8 2000
8 2001
8 2002
8 2003
8 2004
8 2005
8 2006
8 2007
8 2008
8 2009
8 2010
24 2010
11 2010
12 2010
8 2011
8 2012
8 2013
8 129
8 2014
8 2015
44 2016
44 2017
8 2018
8 2019
44 2020
44 2021
78 428
8 428
8 2022
8 2023
44 2024
460 2025
44 2027
34 218
34 2028
44 2029
8 130
8 2030
44 2031
44 2032
44 2033
8 2034
8 2035
44 2036
34 2037
44 2038
44 2039
44 1916
19 1916
30 1916
44 492
44 2040
44 2041
19 1917
30 1917
34 1917
44 1917
34 2042
27 2042
44 2044
44 2045
44 2046
44 2047
19 1918
30 1918
73 1918
44 1918
34 2048
44 2049
44 2050
44 2051
44 2052
44 2053
11 2053
12 2053
44 2054
44 2055
34 2056
34 2057
44 2058
44 2059
44 2060
44 2061
34 2062
34 2063
427 2063
34 2064
44 2065
44 2066
34 137
44 137
24 137
19 137
27 137
134 137
30 137
59 137
287 137
2067 137
53 137
147 137
149 137
2068 137
341 137
8 137
11 137
159 137
160 137
2069 137
8 2070
34 2071
34 2072
34 2073
44 2074
34 2075
44 2076
34 2077
11 2077
12 2077
34 2078
44 2079
34 2080
44 2081
44 2082
44 2083
44 2084
44 2085
44 2086
44 2087
44 2088
44 2089
34 2090
44 2091
11 2091
12 2091
34 2092
44 2093
44 2094
34 2095
8 2096
8 282
44 2097
44 2098
44 2099
44 2100
44 2101
44 2102
44 2103
44 2104
44 2105
44 493
44 2106
44 2107
44 2108
44 2109
44 2110
44 2111
8 2112
44 2113
44 471
34 471
137 471
44 2114
44 2115
44 2116
44 2117
44 2118
11 2118
12 2118
44 2119
44 2120
44 2121
44 2122
44 2123
44 2124
44 2125
44 2126
44 2127
8 2127
34 2128
44 2129
44 2130
34 2131
44 2132
44 139
44 2133
44 2134
27 2134
30 2134
134 2134
44 2135
44 2136
44 2137
24 2138
11 2138
12 2138
44 2139
44 2140
44 2141
427 2141
50 2141
44 2142
34 2143
44 2144
44 326
2145 326
427 326
44 2146
44 2147
44 2148
34 2149
34 2150
44 2151
44 2152
44 2153
44 2154
44 2155
44 2156
151 2156
44 2157
44 2158
44 2159
44 2160
44 2161
44 2162
44 2163
44 2164
44 2165
44 2166
44 2167
44 2168
44 2169
44 2170
44 2171
44 2172
44 2173
34 2176
44 2177
44 2178
44 2179
44 2180
44 2181
44 2182
44 2183
44 2184
44 2185
44 2186
44 2187
34 134
27 134
128 134
44 134
279 134
24 134
137 134
147 134
8 134
30 2188
44 2188
44 2189
44 2190
44 2191
44 2192
44 2193
44 2145
2194 2195
44 2196
44 2194
44 2197
44 2198
44 2199
44 2200
44 2201
44 2202
44 2203
44 2204
44 2205
44 2206
44 2207
44 2208
50 2209
44 2210
44 2211
44 2212
44 2213
44 495
44 2214
44 2215
34 2216
34 2217
44 2218
44 2219
44 2220
44 2221
44 2222
641 2222
44 2223
44 2224
44 2225
44 2226
44 2227
44 2228
44 2229
44 2230
44 2231
44 2232
44 2233
44 2234
44 2235
44 2236
44 2237
44 2238
44 2239
44 2240
44 2241
2242 2243
11 2243
12 2243
44 2244
44 2245
44 2246
44 2247
44 2248
44 2249
44 2250
44 2251
44 2252
44 2253
44 2254
44 2255
44 2256
44 2257
44 2258
44 2259
44 2260
44 2261
44 2262
44 2263
11 2263
326 2264
44 2265
44 2267
44 2268
44 2269
44 2270
44 2271
44 2272
44 2273
44 2274
44 2275
44 133
44 2276
44 2277
44 2278
44 2279
44 2280
30 2281
44 2282
44 1637
1433 1637
44 2283
44 2284
2285 2284
44 2286
2285 2286
44 2287
44 2288
44 2289
44 2290
44 2291
1777 2292
8 2293
848 2293
8 2294
8 2295
8 2296
44 2297
44 2298
44 2299
44 2300
44 2301
44 2302
1295 2303
44 2304
44 2305
27 2305
44 2306
44 2307
44 2308
44 2309
44 2310
44 2311
27 2311
2312 2311
44 2313
11 2313
12 2313
44 2314
44 2315
44 2316
44 2317
44 2318
44 2319
44 2320
44 2321
44 2322
44 2323
44 2324
44 2325
44 209
30 209
44 2326
44 2327
44 2328
44 2329
44 519
44 2330
44 2331
44 2332
44 2333
44 2334
44 2335
44 2336
44 2337
44 2338
44 2339
44 501
44 2340
44 2341
44 2342
44 2343
30 2343
44 2344
44 2345
44 2346
44 2347
44 2348
44 2349
44 2350
44 2351
44 2352
2155 2353
44 2354
44 2355
44 2356
44 2357
44 2358
44 2359
44 2360
44 2361
44 2362
44 2363
44 2364
44 2365
44 2366
44 2367
44 2368
44 2369
44 2370
44 2371
44 2372
44 2373
44 2374
44 2375
44 2376
44 2377
44 2378
44 2379
44 2380
44 2381
44 2382
44 329
44 2383
44 2384
44 2385
44 2386
44 2387
44 2388
44 2389
44 2390
44 2391
44 496
44 2392
44 2393
44 2394
44 153
30 153
2395 153
147 153
8 153
44 2397
44 2398
44 2399
44 2400
44 2401
44 2403
44 2404
44 2405
44 2406
44 498
44 2407
44 2408
44 2409
11 2409
12 2409
44 333
27 333
44 2410
44 2411
44 499
44 2412
11 2412
12 2412
44 2413
44 2414
44 2415
44 2416
44 1636
44 2417
44 2418
44 2419
44 2420
44 2421
44 2422
44 2423
44 2424
44 2425
44 2426
44 2427
44 140
44 2428
44 2429
44 2430
44 2431
44 2432
31 2433
44 2434
44 2435
44 2436
44 2437
44 580
44 2439
44 2440
44 2441
44 2442
44 2443
44 2444
44 2445
44 2446
44 2447
44 2448
44 2449
44 2450
24 2450
44 2451
44 2452
44 2453
44 283
44 2454
44 2455
44 2456
44 2457
44 2458
44 2459
44 2460
44 2461
44 2462
44 2463
44 2464
44 2465
44 2466
44 2467
44 2468
44 2469
44 2470
44 2471
44 2472
44 2473
44 2474
44 2475
44 502
44 331
44 2476
44 2477
44 2478
44 2479
44 503
44 2480
2481 2480
44 2482
44 2483
44 2484
44 2485
44 2486
44 2487
44 2488
44 2489
27 2489
44 2490
44 2491
44 2492
44 2493
44 2494
44 2495
44 2496
44 2497
44 506
44 2498
44 2499
44 505
149 505
44 2500
44 504
11 504
12 504
44 2501
44 2502
27 2502
44 2503
44 2504
44 332
44 2505
44 2506
44 2507
44 1641
147 1641
44 2508
44 2509
44 2510
8 2510
44 2511
44 2512
44 2513
44 2514
44 2515
44 2516
44 2517
44 2518
44 2519
44 2520
44 2522
44 2523
44 2524
44 2525
44 2526
44 2527
44 2528
44 2529
44 2530
44 2531
44 2532
44 2533
44 2534
44 2535
19 2536
44 2537
44 2538
44 2539
44 2540
427 2541
44 507
44 2542
44 35
44 2544
44 2545
44 2546
44 2547
44 2548
44 2549
27 2550
24 2550
44 2553
44 2554
44 2555
44 2556
44 2557
44 2558
44 2559
44 2560
44 2561
44 2562
44 2563
44 2564
44 2565
44 2566
27 2566
44 2567
44 2568
44 2569
44 2570
44 2571
44 2572
44 2573
44 2574
44 2575
44 2576
44 2577
44 2578
44 2579
44 2580
44 1433
2581 1433
1049 1433
2582 1433
66 1433
24 1433
44 2583
44 2584
135 2585
44 2586
44 2587
44 2588
44 2589
44 2590
44 2591
44 2592
44 2593
44 2594
44 2595
44 2596
44 2597
44 2598
44 2599
44 2600
44 2601
44 2602
44 2603
44 2604
44 135
27 135
8 135
44 2605
44 2606
44 2607
44 2608
44 2609
44 2610
44 2611
44 2612
44 2613
44 516
44 2614
44 2615
44 2616
44 2617
44 2618
44 2619
44 2620
44 2621
44 2622
44 2623
44 2624
44 2625
44 336
44 2626
44 2627
44 2628
44 2629
44 2630
44 2631
44 2632
44 2633
44 2634
44 2635
44 2636
44 2637
44 2638
44 2639
44 2640
44 2641
44 2642
44 2643
284 2644
44 2645
44 2646
44 2647
44 2648
44 2649
44 2650
44 2651
2652 2651
44 2653
44 2654
44 2655
44 1428
510 1428
44 2656
44 2657
44 2658
44 2659
44 2660
27 2661
44 2662
44 2663
44 2664
44 2665
44 2666
44 2667
1639 2667
286 2667
53 2667
44 2668
44 2669
44 2670
44 2671
44 2673
44 2674
44 2675
44 2676
44 2677
44 2678
44 2679
44 2680
44 2681
44 2682
44 2683
44 2684
11 2684
44 2685
44 2686
44 2687
44 2688
44 2689
44 2690
44 2691
44 1638
147 1639
44 454
44 2693
44 2694
44 2695
44 509
44 2696
44 2697
44 2699
44 2700
44 2701
2698 2703
44 2704
44 2705
44 2706
44 2707
44 2708
44 1640
44 2709
44 2710
44 2711
44 2712
427 2713
427 2714
44 2715
44 2716
44 2717
44 2718
44 2719
44 2720
44 2721
44 2722
44 2723
44 2724
44 2725
2674 2725
44 2726
44 2727
44 2728
44 2729
44 2730
44 2731
44 2732
44 2733
44 2734
44 2735
44 2736
44 2737
44 2738
44 2739
44 2740
44 2741
44 2742
44 2743
44 2744
44 2745
11 2745
12 2745
44 2746
44 2747
44 2748
44 2749
44 2750
44 2751
44 2752
44 2753
44 334
44 2754
44 2755
44 2756
44 2757
44 2758
44 2759
44 2760
44 2761
44 2762
44 2763
44 2764
44 2765
44 2766
44 2767
44 2768
44 2769
44 2770
44 1740
44 2581
44 2582
44 2771
44 2772
44 2773
44 2774
44 2775
44 666
27 666
24 666
59 666
11 666
12 666
44 2776
44 2777
44 2778
44 2779
44 2780
44 2781
44 138
44 2782
44 2783
44 2784
44 2785
44 2786
44 2787
44 2788
44 533
27 533
44 2789
147 514
27 514
44 514
335 514
156 514
154 514
27 335
44 2790
44 513
44 2791
44 2792
44 2793
44 2794
44 2795
44 2796
44 2797
44 2798
44 2799
44 2800
44 2801
44 2802
11 2802
12 2802
44 2803
44 2804
44 515
44 2805
44 2806
44 1944
44 2807
44 2808
44 2809
44 2810
44 2811
44 2812
44 2813
44 2814
44 2815
44 2816
44 2817
44 2818
44 2819
44 2820
44 2821
510 2822
44 2823
44 2824
44 2825
44 2826
44 2827
44 2828
44 2829
2674 2830
44 2831
44 2832
44 2833
44 292
24 292
44 2834
11 2834
12 2834
44 2835
44 2836
44 2837
44 2838
44 2839
510 2840
44 522
44 2841
427 2843
44 2844
44 36
44 2845
44 2846
44 2847
44 2848
44 2849
2652 2849
44 2850
44 2851
44 2852
44 2853
44 2854
44 2855
44 2856
427 2857
427 2858
427 2859
30 2860
30 2861
30 2862
30 285
24 285
149 285
137 285
30 2863
2864 2865
427 2866
1433 2866
30 2868
44 2869
44 2870
44 2871
44 2872
44 2873
44 2874
44 2875
44 2876
44 143
44 2877
44 39
44 2878
44 2879
44 2880
641 2880
44 2881
44 2882
44 2883
44 2884
44 2885
44 2886
44 2887
44 2888
44 2889
44 2890
44 2891
44 2892
44 2893
44 2894
44 2895
44 2896
44 2897
44 2898
44 2899
44 214
30 214
44 517
44 2900
44 2901
44 2902
44 2903
44 2904
44 2905
44 2906
44 2907
44 2908
44 2909
44 2910
44 2911
44 2912
44 2913
44 142
2285 142
44 2914
44 2915
2285 2915
142 2917
35 2917
427 2919
30 1642
44 2922
44 2923
44 2924
44 2925
2285 2925
44 2926
44 2927
44 2928
44 2929
44 2930
44 2931
44 2932
44 2933
44 2934
134 2934
44 2935
44 2936
44 2937
44 2938
44 2939
44 2940
44 2941
44 2942
44 2943
11 2943
44 2944
44 2945
44 2946
44 2947
44 2948
27 2948
149 2948
44 2949
44 2950
44 2951
44 2952
44 2953
44 2954
44 2955
44 2956
44 2957
44 2958
44 2959
44 2960
44 2961
44 2962
44 2963
44 2964
44 2965
44 2966
44 520
44 2967
44 2968
44 37
44 2969
44 2970
44 2971
44 521
44 2972
44 2973
44 2974
44 2975
44 2976
44 2977
134 2978
44 2979
44 2980
44 2981
44 2982
30 2983
210 1554
2552 31
50 31
2674 2988
2674 2989
134 2990
825 2993
24 288
27 2996
44 2997
24 1643
147 1643
44 1643
11 1643
19 2067
137 2067
8 2067
427 2999
153 2395
144 3000
217 1645
147 1645
24 217
27 217
8 217
27 3001
148 3002
27 3003
427 3004
427 3005
716 3005
2919 3005
8 3006
8 3007
8 3008
8 1647
8 3009
8 3010
8 3011
8 3012
8 3013
8 3014
8 3015
8 3016
8 3017
8 3018
8 3019
8 3020
8 3021
8 3022
8 3023
8 3024
8 3025
8 3026
8 3027
8 3028
8 3029
8 3030
8 3031
8 3032
8 3033
8 3034
8 3035
8 3036
8 3037
8 3038
8 3039
8 3040
8 3041
8 3042
8 3043
8 3044
8 3045
8 3046
8 3047
8 3048
8 3049
8 3050
8 3051
8 3052
27 337
148 3054
569 115
24 290
27 338
27 339
27 340
137 340
27 3056
27 3057
27 149
27 3058
11 3058
12 3058
660 3059
8 3062
137 3064
11 3064
12 3064
27 344
8 3066
8 161
27 161
8 3067
27 343
8 3068
27 345
27 342
27 3071
27 3072
27 3073
44 526
44 528
44 529
44 3076
427 2481
427 3077
3078 3077
716 3079
671 3079
427 3079
3080 291
24 291
27 158
27 347
44 347
137 347
344 348
427 3081
427 3082
24 3083
44 3085
427 3086
11 2069
11 3087
427 3088
427 3089
151 3089
427 3090
427 3091
24 3092
11 3092
11 3093
12 3093
11 3094
11 3095
12 3095
11 3096
3097 3096
12 3096
11 3098
12 3098
11 3099
12 3099
11 3100
12 3100
11 3101
12 3101
11 3102
12 3102
11 3103
151 3103
11 3104
12 3104
11 3105
12 3105
11 3106
12 3106
11 3107
12 3107
11 3108
12 3108
11 3109
12 3109
11 3110
12 3110
11 3111
11 3112
12 3112
11 3113
12 3113
11 3114
12 3114
11 3115
12 3115
11 3116
12 3116
11 3117
12 3117
11 3118
12 3118
11 7
12 7
11 3119
12 3119
11 3120
12 3120
11 3121
12 3121
11 3122
12 3122
11 3123
12 3123
11 3124
12 3124
11 3125
12 3125
11 3126
12 3126
11 3127
12 3127
11 3128
11 3129
12 3129
11 3130
12 3130
11 3131
12 3131
11 3132
12 3132
11 3133
12 3133
11 3134
12 3134
44 531
27 3136
27 3138
% 3064 4464
