943 1998
882 449
882 1377
882 246
453 359
928 453
882 1773
359 453
1277 453
1906 1424
1906 1377
1906 246
882 1594
882 1906
1443 453
397 453
882 1424
453 1277
453 1586
1586 1277
1957 453
760 453
279 453
453 1576
1998 943
1277 1748
1586 453
412 1278
1082 453
1510 453
1277 85
453 583
97 453
97 1277
583 453
1278 412
1277 1784
453 330
453 1748
882 1701
882 1694
902 453
1277 1421
1576 453
1277 359
1536 1748
453 142
1277 97
453 1480
1277 1586
1906 1594
359 1536
1780 453
359 1277
453 928
453 902
453 97
142 1277
453 760
1277 1536
1675 453
200 902
882 1981
1882 453
453 412
1012 453
142 453
453 1082
453 1780
1906 882
1906 572
1906 453
943 1894
943 817
819 279
412 453
1894 943
399 453
1748 453
817 1930
882 1124
453 1510
817 1998
1894 1998
1278 903
1510 817
479 412
1974 21
1380 737
1809 1706
1894 1974
1974 429
1576 1751
1998 1586
133 1706
1374 1706
1278 1998
737 628
737 553
1751 1586
1930 817
1706 1998
341 1706
1974 1894
1833 1586
1974 1998
628 1011
628 465
1625 1751
1625 1833
903 1380
903 627
1992 1380
158 1706
151 462
151 1801
151 1751
1998 903
1751 1625
238 1706
1278 21
817 1751
817 1586
817 1807
888 1706
1777 1501
1576 1586
1433 1706
1011 412
1586 412
903 403
903 1998
1706 1974
229 227
1992 1894
479 1586
1278 1894
903 1501
1706 732
251 1533
251 1706
1586 1751
1974 1833
161 1706
1875 1706
1998 1974
1510 1785
1586 1833
1481 1706
1586 1278
1586 1998
1367 1706
157 1706
1992 403
1992 737
903 1894
679 1706
1833 1974
1894 1992
1439 1014
1439 1706
1510 1011
1974 1278
1912 1383
1930 3
1930 412
1998 1894
1833 1304
1833 1727
1974 903
737 1927
737 1974
737 1532
737 1791
737 873
737 1064
737 403
737 1278
737 108
737 1894
737 1998
737 1380
737 1501
737 280
737 903
737 1432
403 1998
1998 1833
817 1011
1751 151
1706 412
1912 15
1912 1208
412 1892
1998 1380
788 1706
1278 1011
1278 817
903 184
1576 1833
1706 284
1011 817
1278 1751
1998 965
412 1906
1890 1706
1586 151
1278 1586
412 84
1278 737
1586 479
1751 1930
1150 1833
1912 1278
1501 1278
1833 1625
1998 412
1992 1278
1833 151
1501 737
151 93
412 465
1182 1706
1456 1706
1974 1380
1998 1903
465 817
1998 21
689 1706
1278 1501
1977 1706
1321 1706
1278 1380
1894 1278
1605 1706
1974 737
1706 84
1706 1008
1278 1974
817 440
1998 1501
479 151
1478 1706
1706 1061
1011 1510
1011 1751
1011 1523
1011 1241
1011 465
1011 120
1011 1278
1011 867
1011 1586
1011 1073
1011 556
1011 450
1011 2006
729 251
1586 945
1998 1278
603 1833
462 1706
1706 1833
1833 1894
84 1706
84 15
1706 465
151 1586
1569 1706
495 1706
1833 1576
1706 1586
1380 1998
1992 903
1992 1998
1894 1501
1992 1501
903 1278
465 412
1278 403
1706 458
1751 1576
84 1833
1974 403
1998 184
903 737
1912 1586
287 1706
1930 1751
1974 1073
975 1805
1706 229
817 1073
1801 1833
1706 15
1586 465
412 1586
465 628
465 1011
1625 355
1501 1974
1501 1998
784 1638
1706 1930
903 1974
101 246
979 246
505 246
595 246
651 246
1322 246
1847 246
836 246
1401 246
911 246
673 246
446 246
1476 246
1156 246
2006 453
474 246
1238 246
271 246
310 246
1906 730
1906 449
1763 246
341 1701
1357 1701
1931 1701
531 1701
1312 1701
1868 1701
1641 1377
1222 1377
1906 1118
1906 466
1595 1377
987 1377
959 1377
1698 1377
479 556
479 1523
479 465
479 1241
479 1510
479 165
1277 730
730 1821
466 76
466 1906
1586 1576
859 730
341 1377
730 859
1906 253
730 1277
76 466
1885 1377
1277 1394
1277 1906
719 1377
730 1991
1510 465
1127 453
1254 988
1254 1872
1254 1373
