419 465
882 449
882 1159
882 1377
498 1159
1669 453
137 1159
1800 1159
882 1952
882 1306
882 246
1831 453
453 359
1441 1159
998 1669
1339 453
1385 453
835 453
928 453
691 453
1159 179
453 895
1550 1768
1550 329
1550 203
1550 1987
702 453
1159 702
1159 1987
2027 453
1948 453
882 1773
882 547
223 1159
841 1151
805 1159
1159 1852
359 453
1384 1159
453 1192
1192 453
228 1159
5 1159
1629 453
1287 453
1669 1825
1159 2028
1669 1881
1159 1748
1328 453
1813 1669
1906 386
1906 1424
1906 1377
1906 246
1906 1159
1906 1306
1159 1669
1813 453
453 56
1246 1159
895 453
902 1159
902 895
1122 453
1159 691
691 1830
1192 1881
1550 476
1159 760
1157 1159
453 1484
424 569
424 453
1618 80
1618 1159
217 1151
217 841
511 1120
511 465
511 14
511 1576
511 641
511 410
511 794
511 1874
511 272
511 585
511 852
511 47
511 203
511 120
511 453
511 1019
511 1987
511 1894
511 1258
511 1792
511 1587
511 1430
511 1670
511 690
511 1743
511 329
511 1963
511 419
511 1501
511 817
511 217
511 1467
511 25
511 457
511 1522
511 1241
511 24
511 1976
511 1440
511 1179
453 1880
1120 453
882 1594
882 1906
1443 453
2027 1955
764 1159
453 1669
1159 1813
630 453
841 1587
841 1110
453 2027
453 1948
1942 1151
1669 56
1350 1669
1159 329
1682 453
841 217
1328 1587
1328 897
1328 358
1328 572
1328 245
1328 1158
1328 410
476 1768
476 1987
476 329
476 203
476 1550
397 453
1159 1741
1852 453
453 691
1720 1159
2027 1426
882 386
882 1424
453 179
895 1956
453 1918
1550 453
1159 1541
1159 1629
1618 2027
1159 1880
87 1159
453 702
453 1813
1159 895
1159 620
367 1159
1975 1274
329 453
1957 453
1159 1381
1192 1120
1881 1669
1881 453
2027 56
1987 798
760 453
1587 453
222 1727
938 453
1550 630
569 453
453 1587
453 1576
1550 1748
1 1982
444 1159
1998 1522
1998 841
1159 934
369 453
1942 1522
453 630
1451 1159
1159 369
998 1159
179 453
1942 217
1942 1998
453 329
1831 1813
1541 453
1159 359
1 453
1257 1159
1159 1599
1768 453
1159 1768
1618 547
245 1058
245 410
245 453
245 329
245 1906
245 1587
245 1987
245 1768
1159 1648
1159 2027
841 25
1669 1550
1998 1151
1998 217
1998 1942
1082 453
1082 1669
1082 1813
1690 453
1510 1669
1510 453
1510 691
1159 991
1159 1956
630 702
1550 691
585 1465
1120 1358
1120 798
351 453
217 1942
1159 844
1159 1201
476 691
1159 1526
359 799
453 583
1491 1159
1159 835
1159 1675
97 453
1522 1151
1522 841
1159 902
453 1287
1404 1159
1669 1956
1862 453
583 453
569 424
1874 1144
1618 1769
1792 1770
453 1792
969 453
1440 1625
691 56
1918 1159
1159 14
1159 1661
1159 1874
1550 1536
1941 702
1669 928
1192 359
1159 1023
1669 203
1669 1874
1669 329
1669 1987
1669 1768
691 1550
453 1619
453 494
453 1881
1159 807
691 476
1095 1159
691 1629
691 2027
728 1058
728 410
728 453
728 329
728 1906
728 1987
728 1768
1159 1575
702 556
1669 1381
1159 1443
359 1306
1618 1377
293 453
293 1669
293 1813
1792 1587
43 566
453 330
1874 257
778 1159
841 592
1159 1780
1159 1105
465 1792
1039 1159
1522 1998
1894 841
453 1748
1669 1510
1669 691
453 1550
630 1881
882 1701
882 1694
453 1956
1159 1192
895 1669
895 730
895 1906
1583 1159
1159 971
895 1287
292 453
1159 1022
902 453
1619 453
1536 1768
1536 1987
1536 329
1536 203
1536 1550
946 1159
841 1894
1768 1358
1768 798
1120 203
1120 465
1120 1770
1120 1792
1216 1159
453 547
1618 572
1874 841
1874 1258
1874 1998
1768 329
453 1541
928 1669
928 1159
928 1287
1039 453
1159 1690
872 1669
359 702
476 1748
998 453
1287 56
359 1159
329 1874
702 1768
1159 1405
1830 691
1792 463
1792 203
1792 1550
1159 468
1526 453
185 1159
453 938
659 798
1576 453
1159 249
1813 1831
1281 453
1159 102
1159 1558
1484 453
1159 1978
1363 702
1363 453
1609 1340
1363 1867
1159 938
1601 453
453 292
691 425
1536 1748
453 142
1655 1159
1104 1159
741 991
938 1880
1880 453
1619 938
1619 1813
1159 1970
453 1039
329 2027
453 1852
971 453
702 630
702 2027
691 106
1363 1159
1363 430
106 691
1159 1910
917 1159
371 453
1669 1287
1874 329
1159 1195
841 1522
1768 2027
1381 1159
2027 1768
1159 613
1906 1594
329 1550
1813 1619
1955 2027
453 1768
465 2027
1690 1159
1044 453
453 1987
1159 1831
1159 488
359 576
359 1976
359 1536
359 1550
1023 453
1159 1287
702 1363
1159 1040
1159 643
453 1184
1780 453
841 1874
841 1258
841 1998
1881 630
991 741
1894 1151
453 928
453 902
991 453
1159 1619
1874 1751
1874 1963
1874 453
1874 585
2013 1159
1522 1942
1159 487
1159 1881
785 453
785 449
839 453
1159 175
1587 1151
1587 217
1587 1425
1587 1998
1575 453
453 1503
1159 1027
1381 453
1159 1781
453 97
142 1159
1727 1159
1727 924
1727 222
1186 453
882 80
734 453
1159 200
1159 313
1159 1654
702 476
702 203
702 1550
702 329
702 1987
453 760
998 702
329 1258
249 453
1301 1979
329 203
329 410
329 1906
329 1987
329 1768
948 365
2028 453
453 1629
453 1195
630 1550
1159 397
1987 1966
1669 1739
702 56
1955 453
1159 630
1874 1669
1874 203
1874 1550
1874 1987
1874 1768
1159 1819
915 991
1159 1968
359 1192
359 1768
359 476
359 329
359 1987
1159 1918
1112 453
1675 453
702 1956
1159 371
592 217
1860 1159
1287 1669
620 841
478 1906
200 902
1159 1044
1159 1614
1874 1465
826 453
746 1768
1998 1587
1998 1110
1684 1159
709 453
1159 1929
179 1159
882 2023
630 1669
1881 1192
1669 872
1022 453
1022 1955
453 488
1550 1669
1882 453
1159 1112
332 1159
1159 1274
424 463
424 105
1880 624
181 453
1340 1609
1550 1792
1159 292
1159 892
1159 19
1159 1325
760 1023
979 1159
1159 130
217 1998
142 453
1350 453
1350 1377
453 1405
1739 1669
1159 453
1876 453
1159 1039
226 1159
1159 1166
1017 1159
1159 1123
453 1876
1725 453
1159 923
705 1159
1938 699
1614 453
728 1587
1159 97
1792 453
453 1082
841 1942
585 1874
1159 1906
1739 1159
453 369
1159 1937
453 1780
1159 147
839 233
1792 585
1159 1281
1287 121
1287 1919
1287 423
1287 2027
1287 1619
991 915
1739 453
1906 882
1159 1587
799 453
1159 660
453 948
453 734
1159 1770
794 604
453 998
453 991
1998 1874
1998 1258
1906 572
2027 630
488 453
1159 1396
1159 1786
1618 702
998 1377
1906 453
453 153
1751 1874
1159 1179
453 1690
1526 1159
1867 1363
1159 1250
1792 817
1184 453
1159 1186
1446 1159
1710 453
1340 453
1159 1550
592 841
1274 509
1274 1667
1274 516
1274 734
1274 1103
1274 1445
1274 958
1274 1993
1274 783
1274 1405
1274 191
1274 488
1274 44
1274 1803
1274 891
1274 348
1274 91
453 1258
494 453
453 1186
1998 153
1998 1987
702 691
1159 1120
2027 245
217 153
217 1987
453 1831
1159 2018
486 1966
1105 1159
585 453
1159 1258
175 453
1159 56
453 1601
1768 1874
1159 1601
1987 153
1274 404
1274 453
1274 1042
1274 1975
1274 1528
1440 319
1440 738
1440 1903
1440 239
1440 184
1440 1144
1440 56
2000 1159
691 785
1880 1159
1159 1955
1987 453
1828 1159
1768 702
1880 1669
2027 329
1717 453
1717 1563
1970 453
620 453
399 453
1881 1426
891 1803
585 1144
1258 453
1159 506
1954 1159
1748 453
2027 702
1159 1363
1287 895
1263 1159
1159 1632
1281 1159
203 1874
1918 453
882 1813
882 1124
1159 340
1159 826
702 1526
1381 1669
50 1667
50 1274
1159 1048
1998 25
1159 72
691 329
453 1510
817 1151
817 217
817 841
817 1998
1159 569
1159 463
25 1151
25 841
1667 1274
1159 1340
702 359
1274 636
1274 328
1894 1998
970 1159
691 1669
1874 1151
1874 1522
1274 1901
1274 1508
1274 1030
1274 1690
1274 1915
1274 1137
1274 364
1274 1750
1274 1965
1274 1598
1550 855
1159 1219
1550 702
1159 410
1580 1144
1580 1440
852 34
737 1144
411 511
411 1874
411 1258
1874 511
1874 411
1516 1874
1291 45
1291 1144
1258 1874
903 34
903 1198
939 1144
939 723
1874 833
511 1899
511 824
511 1998
217 1874
1522 1144
1580 852
350 203
1258 1144
1258 1998
1258 1580
1963 1874
1963 1258
1522 1258
1522 1899
1987 1874
437 1874
12 1874
703 1874
1510 1743
1510 1874
1510 817
1510 383
350 1874
350 1963
34 1144
34 627
1963 1899
1440 1874
1440 1258
1258 1792
1522 1874
863 1874
1874 55
1269 536
1894 1899
1874 1440
411 1144
411 1963
1874 350
511 1144
1258 1751
1258 203
1258 1987
1258 350
1258 1768
1874 829
1258 1497
465 1874
1198 1144
585 25
1258 1440
629 1874
1580 1198
1580 1998
1874 1587
1874 852
1380 1144
1194 1144
1894 1144
585 852
852 1874
903 1144
1440 852
1874 1524
329 350
479 794
479 1874
479 1987
479 1767
479 419
479 1911
479 1587
479 852
852 1269
852 536
1874 24
1874 1625
1998 1899
1998 852
1792 1731
1792 794
1792 1179
1792 1874
1792 1987
1792 419
1792 852
1731 1874
1731 1987
1731 1792
1731 465
1731 1768
1999 1
411 1440
411 1792
829 1874
1874 211
723 1144
252 1
1987 1587
1987 1768
1987 852
1380 737
1963 1770
1963 22
1844 1144
1844 1198
1894 536
1894 1874
1874 1120
24 429
1258 21
1440 1580
1440 21
1689 1874
131 1
1578 1144
1578 1894
1987 1179
1987 794
1987 419
1987 817
1987 1792
963 511
620 203
620 1874
620 1987
620 732
620 1768
1198 1844
706 1874
1874 312
1874 1684
817 1522
817 1899
817 411
1440 570
350 360
1580 34
1576 1874
1576 1751
659 1874
659 1987
45 1144
350 1258
1874 1927
1998 1144
1844 1587
1844 1501
1844 1874
1844 852
411 817
1844 1440
838 1874
511 1309
1998 1963
1258 585
1258 1899
1874 1299
1874 940
1843 1258
585 511
1874 104
1874 1899
1874 25
1587 457
1587 1399
1587 1874
1587 852
580 1874
1578 1995
1578 1198
1932 1874
34 1380
513 1874
45 1291
656 1144
863 350
1522 1963
1522 411
1874 173
629 1440
1258 1894
1440 629
1782 1144
1782 1198
852 1844
1874 217
1501 1144
1874 84
1522 457
1258 829
1587 1768
1587 1258
940 1874
1957 1874
34 1992
217 1258
217 1963
626 148
626 1874
626 511
626 1258
737 628
737 553
1269 1587
1269 1874
1497 1874
1874 1269
1874 536
904 1144
585 1576
585 1120
585 904
585 1767
585 1019
585 1987
585 12
585 1258
585 1792
585 556
585 1669
585 120
585 1963
585 1629
585 457
585 1619
585 1751
585 574
585 1430
585 1241
585 1402
585 2006
585 1440
585 479
852 1854
852 1467
852 1501
852 1258
852 1587
810 1874
1874 1062
1874 513
1261 1874
1261 372
1261 1768
1261 221
1261 1792
511 21
1874 28
1874 284
1992 1144
1992 1440
1751 1756
1751 1663
1751 203
1034 1874
1034 502
1874 1794
1992 1198
1239 1144
1198 217
1894 1963
1291 723
1874 580
1591 795
1258 945
1258 345
1256 1874
1874 1681
1874 1501
833 1874
833 1258
1792 1768
1874 832
67 1874
1874 1167
217 1899
1258 1963
1198 585
1578 1380
1792 465
1670 1874
1814 1874
84 829
84 1874
84 1563
1269 1440
1440 708
156 1874
1258 411
465 1670
1580 25
1874 234
1874 1792
1874 1362
718 1
829 1563
829 84
829 203
620 329
620 350
549 1874
1844 1239
1604 1874
1522 585
1454 1874
339 1144
1258 587
1258 1244
265 1998
1501 656
1269 1998
1501 1258
1269 1673
628 1011
628 465
1625 1440
1625 1751
1625 1874
1625 1258
1844 411
1580 1501
1580 1258
34 217
34 1854
34 1258
34 852
411 21
1580 1874
1874 906
1580 1380
1992 217
203 1258
852 1541
852 1768
1894 1258
1440 1218
1874 47
217 1144
1194 1380
533 1874
903 1380
312 1874
312 1258
1992 723
1874 457
1874 10
1469 1874
1874 442
1874 465
1258 1179
1565 1440
903 627
1768 153
465 1179
1050 429
1874 718
1874 574
1874 151
1874 450
1874 1200
1737 115
585 344
1894 852
217 511
1912 350
1992 1380
1494 1874
1844 1380
1258 1080
158 1768
1874 757
1440 1844
339 1874
1874 747
1912 1874
151 1874
151 1801
151 436
151 1751
272 1144
1869 1874
1998 903
1998 1440
411 1899
1874 1894
1988 1874
585 1899
1874 1843
1179 1874
1179 1258
1874 21
1440 265
1751 1625
1580 585
1998 511
1522 217
1768 852
108 1144
234 1874
1874 1402
1874 385
1874 90
1874 1214
1874 867
379 1874
1580 1194
852 1998
817 1751
817 1874
817 1963
817 1258
817 1807
1578 1239
1963 217
852 1198
788 1874
1874 153
284 1874
1 350
511 963
511 71
511 1712
475 1939
475 1
475 392
475 963
1874 125
1874 1581
1874 303
1874 945
1874 345
1874 1580
211 1874
944 1874
1576 203
939 1380
939 1198
312 1684
1874 1559
203 1927
1874 419
1194 34
1963 1751
1963 690
1580 723
1894 34
1874 1903
1874 561
541 1874
1874 711
605 1144
852 411
1911 283
1522 1894
1522 511
1522 1960
585 1580
1844 536
1844 1998
585 411
457 1874
1 1258
585 34
585 1198
585 1998
479 511
1874 1689
1874 1680
1580 1522
1963 1522
903 1874
903 1580
93 1874
1751 1258
1751 1754
585 1894
217 585
1587 1501
1440 1471
1874 1742
1874 469
1 1874
1 451
149 829
149 1874
1580 511
34 1194
34 1580
1792 1258
1874 565
1440 60
1874 1319
217 1457
217 1854
217 852
794 1874
390 1907
390 780
1998 411
1844 1522
1499 485
1133 1874
903 1998
1998 265
1998 536
1291 1998
1198 1998
1440 411
1198 1580
203 84
203 829
1992 1894
1522 14
1522 536
1522 1269
1522 1673
1383 1874
737 1179
1198 723
852 1144
852 1380
1198 852
1258 1625
1510 511
1258 1844
1258 1501
1258 1587
1258 852
1179 1823
1179 1792
1221 1874
794 806
1874 1767
747 1874
1934 1874
163 1874
585 217
1291 1198
540 1874
540 1258
1963 419
1963 120
1258 1522
723 217
723 1198
411 1751
411 1807
90 511
1580 1894
1120 1874
690 1874
350 1768
903 605
457 1587
863 1963
1440 276
25 1258
25 1899
1874 1309
1963 21
1998 1580
903 1501
1782 1194
1782 656
1580 45
939 1440
1874 1770
1541 1768
418 1576
1440 345
1258 93
1874 1020
817 1792
1963 1998
852 1927
852 47
350 829
350 84
350 1563
34 1198
1874 1497
620 1047
1258 1102
1894 411
1874 724
25 1144
25 1580
1874 549
1768 1587
1510 1556
1510 1691
1510 1650
1510 146
1510 1785
34 1782
1578 92
265 1471
852 1899
1874 1387
1874 1576
1576 511
1587 1269
1587 536
1874 1662
1995 1144
1995 1198
903 852
1440 12
390 984
1844 656
732 1874
511 626
511 148
1380 92
1874 379
442 1874
1874 668
1874 579
1874 119
1874 1844
1874 1087
1198 34
1874 973
511 1342
1291 1440
1874 1911
1874 654
1580 1992
1770 1768
1770 1874
1770 1792
1998 1844
390 795
390 1501
1258 1807
1258 817
1882 1874
1731 1402
1731 419
1731 852
1782 1858
511 301
1874 918
1258 219
511 1510
1198 1578
1580 1844
1874 1102
1047 1768
1047 1874
1047 576
1782 1440
1874 1549
1874 295
1258 833
1874 343
219 795
219 1874
1844 605
1440 1565
1874 817
1927 203
737 585
1522 104
852 585
1770 465
1440 1616
1870 1
1258 580
24 526
1580 217
1580 1858
1874 860
1874 2012
1874 12
34 1899
1874 1670
1984 1874
2002 1874
1992 737
1009 1587
1874 931
1493 1034
1493 1080
1053 227
1102 1258
939 627
757 1874
1522 45
1522 1580
1990 1258
1963 1767
1963 1680
1258 1858
1258 1194
1874 1285
1258 511
481 1874
1759 1874
1759 1258
1501 1874
1501 1440
25 1998
903 1894
10 1874
1291 1380
1501 511
376 1874
1751 1486
1751 718
852 1440
1768 1258
1874 1133
1874 339
1688 1874
1688 511
656 1782
656 1194
1874 1715
1440 1198
1874 366
1894 92
1618 511
1618 1874
1894 1992
585 21
1874 633
1874 1149
1874 1472
1874 156
1782 45
1439 1014
63 1060
585 829
1580 339
92 1144
92 1380
1510 39
1510 1011
1510 1792
411 1522
1440 160
1992 1239
1670 12
1670 1440
829 1258
1912 1383
1912 1258
1912 1987
1912 1768
12 1440
905 1510
905 1691
905 1650
905 146
905 1556
1874 1848
1874 2011
1874 1180
1768 1987
1440 1501
1335 1
1782 92
1782 1894
852 1522
852 1963
511 12
1580 1995
1998 1894
12 1792
1501 34
1874 1645
1497 1258
1844 585
1768 203
1501 1782
1203 1874
1874 1194
1874 1469
1874 158
757 580
217 1522
1440 1998
1998 1198
737 1927
737 14
737 136
737 1532
737 1791
737 1331
737 873
737 1874
737 272
737 1409
737 1064
737 1845
737 45
737 1295
737 168
737 411
737 852
737 1580
737 344
737 74
737 717
737 1467
737 108
737 1894
737 1942
737 1597
737 723
737 1608
737 1995
737 1239
737 1578
737 1269
737 1084
737 1998
737 961
737 1963
737 1380
737 1587
737 1194
737 1501
737 650
737 939
737 92
737 1129
737 955
737 1782
737 964
737 217
737 1258
737 25
737 457
737 605
737 1522
737 1291
737 511
737 841
737 903
737 1854
737 1432
737 1440
737 218
737 1936
737 339
1440 903
55 1874
1703 1874
1576 1258
1684 312
1684 1874
1987 1670
1874 963
1874 71
1874 1712
1767 1963
1522 852
1715 1258
92 1291
1894 585
863 524
863 1933
1874 1510
817 1011
1998 1269
757 1440
24 829
24 1874
24 735
1198 605
1198 939
1501 339
1874 690
1 617
1874 410
1874 1179
1751 151
203 1576
1912 375
1912 15
1912 203
1912 1208
852 25
1291 605
1792 1670
1792 1440
1198 1858
1998 1380
1258 329
1874 670
1689 1680
1689 204
1874 732
1844 1894
511 565
585 119
585 668
585 579
585 1214
585 1768
511 2011
1578 585
806 1874
585 1522
1992 1258
1963 203
511 479
1258 1524
411 852
903 184
92 1894
92 1998
92 1580
918 1258
1874 821
1440 1468
1258 939
1291 92
984 1907
984 390
1874 1430
1874 187
1681 1874
1670 465
1670 1987
1673 1587
1673 1269
1673 1874
1673 536
1576 1963
1576 1080
1481 1874
903 723
1198 1992
1 1716
1 559
1874 1494
1963 104
84 350
84 1768
84 1258
1843 1874
411 1998
852 109
1188 1874
1874 735
1011 817
1011 1792
1440 1269
1440 511
1998 965
203 1080
411 633
419 1768
419 628
419 1874
419 1792
918 1768
918 1874
1874 163
283 1874
457 711
272 1874
272 1440
272 852
718 492
718 1874
457 21
457 511
457 1258
457 1998
1874 1807
1416 829
1990 4
511 182
1874 518
411 930
1580 656
420 1874
1874 382
1440 1751
1751 350
1987 465
1874 414
833 513
678 1440
800 1874
1998 45
344 737
344 1144
203 350
203 1768
620 1258
1231 829
1231 511
1874 14
1874 1962
1874 1506
1687 1874
295 1874
1894 1440
829 511
1501 585
151 795
1874 1128
1198 1291
1874 420
1874 479
1440 678
411 217
303 1874
1380 34
1291 1239
12 1179
12 465
852 1995
1998 457
350 436
350 1576
350 1061
1963 1576
1963 350
1984 1
939 511
939 1258
1770 90
1770 585
1770 511
1998 34
350 918
633 1874
633 1149
1522 1440
1760 962
1874 1988
1342 511
585 1844
485 387
485 1499
485 526
1992 605
1987 511
418 511
585 84
1894 1522
1874 1203
852 1080
511 464
1874 788
1149 1874
1501 737
1874 933
1258 1843
620 852
1258 419
1792 1767
1712 963
1712 1
1712 1699
1712 1946
1874 794
1587 1009
151 93
34 939
350 1751
1844 45
1430 104
1430 1874
1430 1258
1430 411
1874 1592
939 1782
852 184
852 1580
1874 1754
1874 1925
34 1995
13 1792
1319 1874
1182 1742
1987 329
457 1144
473 1874
511 1751
1417 1874
580 1258
511 411
1269 1081
1269 174
852 217
1998 1903
1998 104
1998 1663
1782 1874
1440 1670
350 492
350 1486
1198 1440
1874 1565
1874 863
1987 732
1987 1258
1874 1854
1874 1467
45 34
84 203
465 526
465 817
852 1992
1258 1990
1998 21
585 1501
1768 84
511 418
1874 1347
1 526
511 1767
1 1283
217 1440
585 1380
863 1998
863 852
1576 350
1992 1858
379 350
1874 210
1874 1727
25 585
376 1258
411 1743
1874 1906
151 203
1297 585
1258 151
1992 45
1874 1539
1524 1874
1524 1258
605 45
605 1291
1874 800
1440 1707
1258 1557
1874 265
1198 903
1874 23
1874 481
281 1874
1874 731
1291 1874
737 34
852 1987
852 419
852 1792
852 817
1034 1493
1992 1194
1770 1963
1770 22
829 585
829 1792
829 1767
829 1768
1782 1501
34 1998
457 1009
1874 1731
1 1751
1992 585
1291 852
852 104
852 1663
479 666
479 383
1 411
710 1874
442 829
203 1751
908 1874
887 1874
1874 1422
1587 1962
1587 1506
1587 824
55 1258
419 1258
92 1992
92 723
1440 585
45 1580
24 1549
24 1663
1894 511
1906 1874
723 1258
1874 1688
939 1894
1565 1874
2007 1874
203 151
1680 1689
1680 585
1680 1874
806 1963
1998 1501
1874 1934
1874 1468
419 1987
419 852
419 817
479 151
1269 1501
1269 1522
12 1670
1874 376
12 511
1768 350
1054 1874
1808 1258
585 1689
1874 1034
1874 502
903 1440
1874 1808
1501 1239
383 511
1578 723
1874 526
511 90
149 861
1390 930
350 1912
350 15
38 12
38 1440
1580 1855
1580 411
1011 1510
1011 1751
1011 574
1011 1874
1011 904
1011 1241
1011 465
1011 120
1011 1987
1011 867
1011 1258
1011 1073
1011 556
1011 1670
1011 104
1011 1669
1011 1430
1011 1963
1011 419
1011 450
1011 463
1011 690
1011 1120
1011 1919
1011 457
1011 2006
1258 153
1874 1481
1874 1131
1440 757
1963 411
1998 824
757 350
829 210
829 1727
1874 188
1258 1808
1428 1874
1897 1874
1897 829
1988 1440
1874 887
92 1440
1449 1874
1449 852
1998 1854
1998 1467
203 419
1440 1782
1874 896
1792 1510
1792 511
1792 479
511 1231
876 1874
526 1874
1198 1380
1874 1320
457 1768
465 1770
465 383
1299 1874
1258 513
1 1255
350 151
511 1688
511 1080
1440 1792
34 903
1874 1493
1874 922
1874 586
1874 1644
217 1858
1440 1613
1808 1874
1423 1
1743 411
13 1874
1927 457
1927 1768
84 15
34 737
1 771
862 1
1874 1984
277 1144
1874 437
471 1874
1578 45
1894 1198
1894 1844
1258 25
1440 786
1874 1814
45 1782
45 1198
1768 1120
1312 1874
1874 1096
949 1874
1874 557
1258 1309
1874 1256
591 1874
1874 1677
1874 1080
1844 1194
1576 418
411 465
1782 457
1874 1541
1422 1874
457 1522
1179 465
1963 511
852 1894
1559 1874
217 411
1468 1874
1874 620
1347 1874
511 829
1644 1874
1644 1258
1440 510
863 511
1284 1
1782 1239
656 1501
1874 1009
1440 885
829 149
411 1390
1874 904
344 585
1 654
1874 541
511 668
92 1198
350 1539
1194 1858
1198 737
1768 732
1510 905
1911 186
1874 1067
25 265
1440 1202
457 899
1874 1399
1541 1874
1874 703
1874 1869
1998 585
350 832
1539 350
511 104
1742 1258
1440 1988
1731 1120
350 379
1580 605
1874 1557
1874 1976
585 1670
1909 1874
548 1874
821 1874
465 511
1613 1440
511 526
1767 1874
265 536
90 1874
1179 1439
918 350
34 1874
939 852
1380 1998
203 1387
1874 13
390 297
1807 411
1992 903
1992 1998
1874 1604
922 1874
1258 732
1578 1501
1179 410
861 149
861 829
34 605
1874 1140
1894 1501
1792 13
411 429
1874 949
1927 1874
1992 1501
1992 1580
1874 1499
1874 888
453 14
453 1874
1782 585
605 1198
182 511
1198 1258
1874 876
1140 40
1963 852
1770 918
1440 1992
1258 312
1744 1874
802 1874
1770 1258
1580 1239
1009 457
1874 725
1792 1823
1753 1911
1440 465
1874 881
852 21
1580 92
1844 511
1874 1778
465 1743
260 701
1874 149
1874 370
1874 400
526 1499
1874 1408
963 71
1751 1576
1792 628
1772 1874
24 511
1891 1874
1782 34
217 1269
217 536
1580 737
511 151
1578 656
1120 1768
585 211
1501 390
1581 1258
1467 1899
1499 1874
461 1874
1541 1587
1998 184
1792 411
1894 2011
829 442
829 350
1258 536
903 737
1096 1746
690 1963
344 1998
457 1927
1715 1874
25 34
841 1144
930 411
690 1258
1522 723
1823 1179
1823 1214
1823 1874
1440 335
1522 1309
90 585
151 350
1767 511
1258 55
272 1198
272 605
272 939
419 1179
419 794
419 153
419 1587
852 511
1768 1501
350 1639
1727 203
1874 77
678 1874
678 701
1522 737
1522 1198
1767 1680
1987 1927
1987 824
737 1737
1440 34
1440 1522
1963 39
817 1073
817 104
1814 1
1258 42
510 1440
510 1988
1198 1899
806 794
1258 1203
1874 2002
1874 659
1258 1644
1352 326
1352 1056
1440 729
511 1073
1010 1144
1874 1218
1009 1874
690 1751
1128 1874
1087 1874
732 1768
1768 345
1680 1492
1680 1963
1680 1685
1680 1792
1199 227
585 1992
1723 1874
465 1440
1580 1899
465 628
465 1011
1194 1258
1194 1580
190 227
1874 1134
1874 323
1874 93
34 25
301 1874
1258 186
1625 355
723 34
723 852
1501 411
1501 2011
1501 1663
1501 1998
1927 1144
1198 272
1874 639
939 411
1522 817
939 272
794 1963
370 1874
1874 944
784 1663
784 620
1522 1194
1874 1487
1258 918
45 585
45 25
1874 629
45 939
1291 585
1874 34
1258 1049
1874 1090
1792 12
1258 210
148 511
148 795
148 1874
939 605
1874 1616
71 1874
567 1
1291 1858
12 1587
1874 1286
350 895
895 350
498 246
895 1798
1287 1536
675 895
1098 1876
1098 895
1813 1287
1813 895
373 895
979 246
1011 895
1627 246
895 329
1238 895
630 895
1629 895
505 246
2027 895
895 1601
331 246
895 2027
895 956
1550 1287
1500 453
691 895
691 1287
1798 895
1906 1669
1906 895
895 421
1906 425
1906 1039
1079 1005
1079 1763
895 1619
1106 1098
977 895
1500 1798
1500 421
359 895
1669 895
1669 1906
1906 329
595 246
1906 1287
1500 902
1470 246
1339 246
2 895
107 895
1827 895
895 2
2020 246
1272 895
1500 1876
895 1876
1994 895
1972 246
421 895
1796 895
1000 895
1500 1669
895 373
1550 895
256 246
1322 246
1500 1952
1079 1089
1192 895
1625 1
1500 1238
1500 1011
1059 1906
1847 246
1500 702
895 1748
895 435
1842 246
1624 1238
895 1011
897 1906
1796 1678
895 359
811 246
483 895
1234 1500
895 1238
497 246
1251 246
825 895
836 246
836 825
29 246
110 246
895 1525
645 246
1263 246
1162 895
956 895
1401 246
825 298
341 56
1000 246
1500 1906
702 895
702 1287
673 246
446 246
1736 246
1500 1763
1625 299
1774 895
850 246
1145 246
1647 895
1774 1876
329 895
1500 1768
919 246
895 1550
546 246
1745 246
1273 1810
895 132
895 1994
1476 246
1156 246
895 1192
1130 246
895 702
1500 1550
1097 589
1097 895
1579 895
895 1971
1287 1601
2006 453
2006 895
2006 1287
1544 895
1536 895
1536 1287
895 691
991 895
590 895
1683 1834
1683 246
895 1763
895 590
895 1922
1601 895
700 246
1500 1956
1922 895
230 895
474 246
675 1500
1619 895
1619 1287
1535 1238
897 1500
1500 1601
1500 1287
621 895
1341 246
1500 1629
498 895
1238 246
895 1544
1343 246
1500 1994
1906 1500
256 895
271 246
1922 1288
1922 246
1922 1952
1161 246
1115 246
1412 895
1287 1550
1596 246
430 246
1768 895
1287 224
124 895
787 246
1906 1550
648 246
529 895
529 1876
310 246
1906 730
1906 140
1906 449
1900 246
1016 895
1287 691
1517 246
1287 702
895 1097
1333 246
1994 132
1729 246
675 1952
435 1500
1763 246
895 483
1720 246
588 246
1003 246
1797 1701
1519 1701
341 1701
1357 1701
498 1701
927 1701
193 1701
122 1857
1630 1701
324 1701
1931 1701
531 1701
1752 1701
331 1701
1920 396
618 1701
396 1920
82 1701
1312 38
1461 1450
522 1895
1884 1701
1312 1701
1068 1701
1868 1701
696 1701
693 1701
759 1
921 1701
341 547
831 415
1762 1629
98 702
642 547
1441 547
1876 529
498 547
1629 1669
1799 547
808 761
1065 289
761 1838
761 547
761 808
702 98
883 547
691 1919
691 1495
691 261
98 727
1058 245
1213 231
1339 547
547 453
441 1407
441 1629
1121 547
1233 1057
1838 547
1601 329
1619 1669
1619 2027
1619 1629
1619 691
1619 630
1007 547
671 831
1664 194
329 1601
1348 547
1629 1762
331 547
547 607
734 547
1518 547
895 1629
1720 547
560 547
547 1631
702 1669
702 1619
702 1629
1619 1919
1619 333
1619 443
1619 866
1619 983
547 968
1774 529
415 671
415 831
1213 547
547 1840
167 547
608 547
1216 547
547 1521
415 1092
1287 667
1287 105
1287 1629
1287 333
547 801
98 1629
1007 1136
630 1287
1 1669
1 1969
1669 702
1669 1619
1669 504
1641 1377
1 1475
1222 1377
1669 730
1961 1669
730 1669
1393 1550
1669 1876
1669 1700
1963 1669
841 1669
1669 2027
1906 1118
1669 1120
1906 466
490 1669
1669 704
1669 1672
1669 920
803 1669
2010 1377
1669 486
1 1028
1 1431
1882 1669
1743 1510
1743 2027
1743 465
762 1669
1669 383
1045 1669
1 1530
1886 1377
1669 1305
466 1372
1 1448
1669 1749
1588 1669
1120 1669
499 1669
1669 1917
1669 466
1669 630
1747 1669
1152 1669
1669 6
1 317
1669 38
1669 313
858 1669
1618 1669
1618 453
1669 1440
1365 466
476 1669
476 855
1 1247
1 950
1669 1114
1271 1669
754 1377
1669 410
1669 712
1669 171
1377 1669
1120 1576
1120 385
1120 479
1669 1832
959 1377
1698 1377
1669 1576
1669 1770
1 1765
1669 1629
1642 1669
1444 1669
2027 1669
1669 1170
1669 300
1669 1507
1120 90
1120 1510
1 1643
1236 1669
1669 1813
1 644
730 721
1669 1189
1669 2010
1720 1377
1876 1669
1 742
1510 2027
1018 1906
1018 466
1669 139
479 1430
479 1731
479 690
479 556
479 585
479 1670
479 272
479 210
479 465
479 1241
479 90
479 1510
1 1766
68 1669
501 1669
1669 247
1669 2015
1669 1004
1 264
1698 1669
1 1726
1669 790
1018 1669
1669 465
1 612
1 1391
1126 1669
1485 1377
702 1601
1601 1669
1601 702
1669 750
405 1669
1669 321
1576 1669
1170 1377
1436 1669
730 1821
1669 73
1669 1430
1 752
1669 1394
1669 1601
1 1176
466 76
1 254
1669 1330
730 507
466 1906
1618 575
1 722
1018 76
330 1669
1881 691
354 1669
1669 1826
2027 691
2027 1430
1318 1669
1669 1264
1 1225
1 1509
1906 1018
794 1669
794 38
991 1669
1 52
1669 1160
1 1824
1 1849
245 1669
1 600
1669 330
1041 1669
1669 1698
76 1018
1 325
1669 1338
202 1669
929 575
410 1669
1669 1815
1669 338
1393 1669
1143 1669
1669 901
1669 476
1669 855
1629 630
1669 1356
203 1669
1669 26
1694 1669
1669 803
1669 676
1430 2027
1669 1721
1669 635
1669 479
1669 9
996 1669
493 1377
1195 1669
1669 1564
1669 597
1293 1669
859 730
1 16
1669 585
1669 207
1669 581
1669 490
1669 662
1669 1620
1871 1669
1452 1669
1669 126
1669 1437
341 1377
1518 1377
1906 1372
730 859
728 1287
1346 1669
1881 1377
1 448
1669 555
1311 1377
1 384
29 1669
1669 1747
341 1669
1704 1669
894 1669
247 1669
1 123
1669 1018
1 46
1820 1669
1006 1669
286 1669
1607 1669
1 623
1669 212
1669 484
1669 478
1550 1393
1906 1876
1669 1071
1669 1859
1287 1876
1669 841
1669 235
329 1669
749 1669
1669 886
1430 1669
1669 1228
322 1669
1055 1669
38 1669
1669 2006
1669 1329
1669 1459
1192 1669
1669 1850
1430 1212
1430 146
1430 1036
712 1669
1669 1455
2010 1669
814 1669
1669 114
878 1669
847 1669
26 1669
76 1669
1669 1159
1669 1730
1669 269
38 794
730 1287
1669 76
2026 1377
1 1375
1669 1013
2027 1510
1 27
1669 1447
1 1285
86 1669
1669 1111
1669 1370
1287 728
1669 527
1669 646
1 1817
1287 730
1906 1365
1669 1279
1669 1232
1669 1633
1967 1669
466 1365
1345 1377
1881 1120
1669 813
1906 1114
1393 1287
910 1669
76 466
1086 1669
274 1669
1379 1669
1669 377
1307 1669
143 1669
1669 846
1669 1313
1101 1669
1669 350
430 1669
1669 728
1513 1669
447 1669
1669 95
1669 1118
515 1669
1669 1588
486 1669
1282 1669
1287 630
1865 1669
1 2022
1669 840
1464 1669
1669 1192
1669 981
730 1232
1029 1669
1265 1669
1669 1713
1 770
1812 1377
1669 794
1669 146
1 552
1669 659
1669 1898
1959 1669
479 1669
192 1669
1669 120
1876 1287
1163 1669
1669 89
1853 1377
1669 113
625 1669
1 1316
1 1534
1669 1224
1430 465
1 967
1669 2019
848 1377
1281 1377
1876 1906
1669 1873
120 1669
976 1669
1333 1669
1669 1132
1669 416
1669 1498
1576 690
981 1669
383 1669
1669 325
1669 1139
1512 1669
1669 255
1669 985
146 1743
1108 1669
1 1606
1637 1669
2027 146
1790 1669
730 383
1669 776
1 242
1669 851
1669 1804
1141 1669
1033 1669
1669 1031
952 1669
482 1669
127 1669
1669 1393
730 630
1 1943
1 652
1669 1332
728 1669
1669 1935
1 1646
389 1377
466 1669
1669 1259
822 1669
65 1669
1669 1822
1 1438
1584 1669
1669 1163
1669 1905
1669 30
1 758
357 1669
438 1669
1 1075
1197 1881
1197 1377
259 1377
1414 1669
241 1377
841 1148
1126 1550
1669 552
1 530
1669 991
1669 1147
1 1835
383 730
1 1696
1458 1669
1906 1389
1312 1669
1 1836
1669 769
1 2029
745 1669
81 1669
1243 1669
1669 1281
116 1669
1669 1921
1669 1083
1669 7
1743 1669
1669 477
1550 1126
1987 1669
1 455
1669 1916
1672 1669
610 1669
1359 1669
1553 1669
1669 413
685 1669
730 381
719 1377
1669 2017
1600 1669
1669 1142
1360 1669
267 1377
1669 966
730 1991
432 1377
2027 1743
1 1985
183 1669
716 1669
1463 1669
854 1377
1669 1806
1669 1400
1173 1881
630 691
1038 1377
1206 1669
1906 393
1510 465
1958 1669
1876 1952
1876 1601
291 1287
1287 1124
476 1287
1104 1952
1876 691
1287 542
176 691
1116 1952
2006 1876
563 1190
1287 1914
1876 1066
1091 1876
1339 1952
1876 1091
1655 1952
1876 2006
498 1952
1287 1393
1799 1952
1876 616
1698 1952
630 1876
577 1190
118 1287
1 1287
1876 1813
691 855
702 542
1287 1146
1813 1876
1149 1058
1149 728
1149 1550
1149 1393
1149 1287
691 176
1287 1091
1393 1058
1393 728
1393 1149
1957 1952
1287 1209
1091 1287
1357 1952
1693 1287
1328 1287
1287 2006
1287 1693
1287 774
1287 1460
1125 1287
1287 391
2027 1287
1774 1287
1287 889
2009 1952
702 1691
1876 476
925 1287
1287 1272
1619 1876
430 1952
990 1287
145 1287
1287 118
1287 1698
1876 1619
1287 1653
1287 1419
1287 291
1462 1287
1642 1952
1215 1952
1287 1755
1876 630
1085 1287
1175 1876
1287 145
1538 1287
542 1287
1287 476
1287 1774
1876 1709
1175 1601
1209 1287
1287 935
1376 1287
1287 1709
1287 1234
1287 1527
1914 1287
1287 1120
1287 1085
1693 1679
1876 118
1058 1393
542 1538
1017 1952
1234 1287
1914 1876
1376 1952
1120 1287
1876 208
391 1287
1216 1952
1287 1738
1861 1287
1352 2014
1287 1906
1876 1234
1601 1175
1146 1287
1287 1538
1287 925
1738 751
1738 1893
1738 2003
1287 1125
1287 1185
1287 1861
1755 1287
1272 1287
957 1952
1538 542
185 1952
1066 1876
324 1952
1287 990
753 1287
1287 616
1287 508
1876 1914
1175 1952
1287 1462
1393 794
1876 262
1876 1272
1876 1175
245 1287
1550 1058
1550 728
1550 1149
1287 1668
979 1952
935 1287
1287 1555
1287 1863
1738 1876
1709 291
1709 1287
1234 1876
707 1952
1287 914
1287 855
1550 1876
616 1952
616 1876
1287 36
1254 154
1254 111
1254 189
1254 1952
1254 378
1254 1793
1254 1872
1254 1973
1254 514
1254 1326
1254 669
1254 54
1254 562
1254 1373
1254 1986
1254 733
893 1952
691 702
1287 789
1876 1738
1312 1952
702 48
432 1952
1287 245
1287 127
1618 1287
1419 1876
1419 1287
1738 1287
1876 702
1460 1287
702 1876
1550 1906
1272 1876
% 1866 5517
