32 33
36 37
36 32
67 32
69 67
69 95
105 33
105 107
36 105
36 113
114 105
96 32
36 128
62 136
96 48
96 95
32 164
32 155
161 164
164 178
164 177
32 177
96 164
177 32
155 32
194 195
204 184
36 214
211 228
96 231
96 232
32 237
237 32
194 182
211 246
211 232
204 48
204 266
36 285
204 276
211 284
204 284
184 32
32 184
228 211
67 164
307 67
36 211
36 155
211 128
128 211
281 323
334 128
323 281
332 281
317 281
317 319
281 352
69 155
307 48
307 281
36 361
335 155
332 352
204 374
400 32
400 323
321 411
321 412
321 177
69 418
323 413
96 74
323 356
74 419
323 421
69 228
335 356
356 335
69 356
194 184
36 428
36 413
32 429
429 32
350 335
435 281
62 266
400 429
323 276
323 395
400 428
69 450
286 468
321 343
321 352
321 487
321 464
321 450
317 429
321 228
492 343
494 429
400 343
194 499
194 62
321 502
194 223
62 465
62 502
502 62
334 62
321 495
321 504
128 62
62 128
321 506
321 348
211 194
465 62
194 211
400 504
400 286
400 502
483 62
67 533
67 440
67 535
67 74
67 502
74 528
321 203
321 119
537 74
36 119
62 285
204 62
321 270
571 128
128 571
204 571
517 252
495 585
586 252
317 571
321 306
62 343
343 62
36 400
596 119
306 285
69 119
350 576
62 607
321 607
67 607
36 614
586 607
36 547
596 62
429 400
119 596
607 67
624 452
62 596
468 502
36 625
625 607
502 468
321 466
74 607
266 571
266 651
266 429
266 652
266 321
266 48
266 596
266 214
266 649
266 502
266 228
95 682
607 74
252 607
96 62
266 252
266 692
266 155
317 659
36 317
36 281
286 400
74 708
74 699
461 407
407 461
407 425
659 413
323 400
400 659
32 711
711 32
32 708
659 400
400 721
561 350
413 659
307 317
281 332
281 317
276 711
69 649
752 502
502 752
425 407
711 276
571 652
652 571
721 400
211 597
711 547
586 504
69 752
767 766
517 96
768 214
596 317
74 765
779 607
400 607
607 400
586 768
597 211
400 784
634 768
343 317
652 659
321 754
321 721
721 321
754 321
721 48
48 721
754 607
214 768
204 794
547 711
586 784
321 766
766 321
321 784
321 765
705 803
350 802
802 350
754 570
483 194
317 343
708 32
708 74
586 815
586 816
343 74
765 321
249 659
757 252
624 343
400 708
400 466
596 400
400 596
440 795
252 757
194 836
504 586
194 586
504 400
651 765
214 815
836 194
194 355
194 203
824 816
765 651
74 860
492 708
765 425
323 161
161 323
765 226
765 407
765 126
67 323
615 765
765 615
226 765
323 67
350 872
350 860
36 597
873 343
873 711
873 128
711 873
400 887
400 76
400 452
400 420
400 360
400 572
400 419
400 114
400 517
400 499
400 802
400 892
400 799
400 895
400 816
400 464
400 896
400 11
400 743
400 528
400 711
400 39
400 284
400 411
400 570
400 682
400 495
495 400
400 566
400 151
492 784
400 909
400 910
400 766
400 613
708 492
799 400
194 400
711 400
768 586
765 362
918 708
517 400
517 570
535 440
721 923
249 711
768 483
32 926
926 32
74 561
561 74
483 768
237 711
95 938
934 128
938 95
128 934
74 940
32 940
36 940
355 194
940 32
923 721
425 765
334 194
194 334
67 721
940 708
708 940
940 151
151 940
586 969
940 36
652 194
203 194
194 652
768 355
356 711
711 356
95 708
766 400
501 768
67 281
586 194
114 400
249 779
768 501
996 69
67 1000
938 67
67 938
32 938
938 32
1000 1003
32 1005
1005 32
996 323
561 281
323 996
407 765
418 1000
652 761
652 35
652 1016
418 711
204 418
1018 561
418 1024
1003 1000
252 765
1000 418
779 249
761 652
281 561
765 252
228 815
281 67
1000 495
996 815
428 400
1008 1032
815 996
334 815
495 1000
1000 286
1000 420
1000 419
1000 366
517 586
495 1050
586 517
1037 682
752 1032
1018 502
502 1018
794 194
915 815
362 765
586 1065
517 1065
1069 586
323 1073
1050 495
767 502
194 1083
194 842
194 815
194 237
194 465
194 295
194 711
194 596
194 915
286 1000
194 768
1045 269
69 915
252 1000
194 32
1000 252
228 1100
1069 74
1069 252
69 252
252 433
652 214
194 794
214 652
615 1116
323 418
1069 559
1069 317
32 317
32 281
281 32
440 1131
1131 440
1132 32
334 429
105 1132
323 105
323 285
32 1132
67 1132
105 1050
105 155
105 1100
105 1141
105 1131
105 1125
105 1139
105 1147
105 1148
105 1116
105 1150
105 1152
105 32
105 96
105 624
105 1157
105 596
105 487
67 343
105 332
105 343
252 105
105 938
495 815
586 495
323 779
1018 1173
249 1181
779 323
1173 1018
815 495
768 772
252 815
350 343
214 1181
352 332
1181 1083
615 249
495 586
249 615
306 570
570 306
570 400
1018 252
204 615
586 570
938 105
128 105
1083 1181
1199 1003
1205 869
252 1018
307 1183
576 350
576 1167
67 1206
105 128
1183 307
269 1045
1213 306
1213 1186
1213 1032
779 1181
1181 779
128 194
105 915
1227 1018
306 1228
1213 362
343 350
465 194
1224 62
32 1217
32 1232
32 494
1018 1227
323 732
323 1235
350 323
323 1047
323 350
760 352
652 495
62 1224
1217 32
317 105
1214 249
615 204
105 317
36 779
1214 502
732 323
1167 576
969 779
799 32
1256 615
32 799
249 1246
249 1260
1260 249
249 596
1213 502
596 249
1246 249
846 128
615 1213
547 1018
48 323
323 48
1213 615
1018 547
105 1181
105 323
105 307
105 606
252 350
606 105
32 105
32 1260
1260 32
1260 505
615 1256
1181 105
249 547
1246 652
1224 483
483 1224
1227 32
585 495
1291 1295
32 1227
1246 963
95 1246
1246 95
1246 547
547 1246
249 1295
963 1246
1003 1199
1246 105
547 1260
938 1323
1323 938
1270 194
1310 1246
1246 1310
1310 802
1310 561
1325 1326
802 1310
1326 1325
1246 228
228 194
228 1246
194 228
194 1270
1032 1186
1186 1032
1043 495
1283 468
1283 1246
1283 470
1283 586
1283 1325
1283 1208
470 1283
323 1083
323 1283
1283 1227
1283 128
128 1283
249 1283
1283 1183
1283 317
1283 1310
317 1283
1283 561
561 1310
561 1283
1283 502
1283 334
1283 1342
1246 1283
1283 1270
334 1283
1283 1326
1283 547
1283 1167
1283 1032
1283 252
1283 1018
1167 1283
1325 1283
252 1283
1326 1283
1283 802
586 1283
1346 1314
1314 1346
1270 1283
838 547
547 838
1065 517
1065 586
319 926
1283 319
1083 323
1283 576
1359 1342
1283 1359
1359 1283
1065 570
802 1283
495 1043
576 1283
1183 1356
249 607
249 1359
306 352
1368 752
1283 938
711 1356
1380 748
105 711
1356 1183
1356 711
105 1069
105 1083
105 708
1283 1378
795 1384
1283 306
306 1283
1396 938
1083 105
1283 1295
938 1396
1018 1359
1399 1018
1359 1018
1283 699
32 1050
1384 795
576 649
699 1283
1018 772
1295 1283
128 1409
1409 128
1235 576
760 576
1374 699
699 1374
1018 413
1018 711
708 105
1018 708
317 1171
711 1018
1171 317
32 1183
1183 32
1283 738
128 738
128 32
32 128
1423 1292
1260 1283
1283 1260
738 128
1326 1268
1399 1359
249 1421
1359 1399
615 1181
1181 615
1268 1326
1292 1423
128 502
502 128
194 356
194 1362
1444 1445
1228 306
1018 281
711 317
317 711
794 495
317 307
470 1260
1018 1217
547 249
615 1425
1291 610
105 576
576 105
105 1423
495 794
1421 362
504 1167
1425 615
1217 1018
1037 547
547 1037
1181 317
317 1181
317 32
1167 504
204 1224
105 1421
105 794
249 1470
495 649
495 1213
249 1217
1183 824
67 1260
252 766
1173 1323
1344 1283
317 1260
1291 252
204 1227
766 252
1260 67
204 1500
502 285
1132 1425
36 1425
1356 1421
362 1421
128 1510
128 1262
606 1510
1510 606
204 1356
128 606
128 204
276 1260
321 1260
1425 1132
67 1445
32 1518
1421 1356
105 1444
1167 483
67 1489
32 1543
421 1069
1069 421
1552 1553
1553 1552
400 1555
502 400
1431 768
1018 1567
752 1362
768 1431
483 1167
1510 128
32 1573
495 67
105 1573
1421 485
67 1573
1342 1359
1489 155
214 1573
1573 1173
1173 1573
1018 1585
1585 1018
1444 105
1043 1585
1590 1489
249 1573
32 1577
1585 1043
1585 1582
1582 1585
95 1573
95 1365
561 95
67 1217
1314 252
768 1217
1362 252
1577 32
95 561
95 1251
1365 95
366 67
67 69
105 585
1396 669
547 32
495 1630
249 1362
32 547
249 708
1378 1635
1630 495
1641 95
95 1510
1642 32
32 1642
32 1645
249 1645
1641 970
970 128
970 1641
128 970
1489 249
249 1489
1642 1171
128 1378
1648 281
1213 495
281 1648
1655 1641
249 1655
1641 1655
1655 249
1648 802
1648 963
1648 1627
1648 1283
361 1641
211 36
963 1648
1378 128
361 1069
1542 468
970 502
502 970
32 815
615 1668
1668 615
249 1648
281 708
1648 249
768 824
1677 1585
1443 547
708 281
1688 1005
606 1362
606 128
547 1443
1362 606
249 194
468 1585
440 1384
779 128
1555 400
249 1540
1540 249
128 779
1540 440
440 1540
1346 48
1540 1283
48 1346
249 96
249 502
1283 1540
1270 537
537 1270
537 1228
1228 537
1368 1585
1585 1368
1540 856
1359 1694
502 249
1694 1359
768 1444
281 252
105 1648
485 1421
32 1655
95 607
48 1655
1713 1573
249 1718
214 286
1543 1719
1543 502
1543 969
969 1543
1362 799
799 1362
1713 561
1713 1346
1346 1713
561 1713
1713 1585
1585 1713
1713 652
1346 1688
1688 1346
652 1713
32 67
1713 1181
1713 757
1713 1648
1543 1627
95 1648
95 1260
1181 1713
1713 495
495 1713
652 615
249 1731
249 495
1713 969
969 1713
1727 1069
615 652
105 1727
1667 1181
1713 708
1181 1667
1727 105
249 1585
1585 249
1727 361
1727 1183
495 249
1500 708
1667 799
32 1731
620 1181
1713 1384
1384 440
1540 1713
1713 1540
1183 1727
799 1667
708 1500
1713 249
249 1713
1713 799
799 1713
1713 537
537 1713
249 969
1713 36
249 32
32 249
969 249
249 1542
468 537
1181 620
1540 48
708 1713
959 699
48 1540
249 1344
249 561
561 249
1344 249
1181 249
36 1713
537 468
1713 938
1069 1727
1713 1342
708 249
1667 1346
1346 1667
1500 1346
1346 1500
1342 1713
699 959
1748 384
67 1748
1667 537
1727 471
537 1667
1748 67
1667 620
1713 1344
319 317
95 319
319 95
1542 249
1344 1713
1667 969
969 1667
1655 48
1655 32
1535 1753
249 67
1748 799
1731 32
468 1748
970 1748
67 1346
615 1764
1748 468
1748 970
799 1748
67 1767
67 1760
105 1518
105 1655
105 1641
95 1452
1667 105
67 1344
1344 67
1748 1362
1362 1748
105 494
494 105
429 494
249 483
483 249
1783 1585
1346 1783
1783 1346
105 1585
1585 1783
384 1748
1783 1246
652 105
1585 468
105 652
1792 1399
1792 1310
105 1792
1792 620
1543 483
1543 335
1543 1214
1543 561
105 1543
1543 1260
1543 105
483 1543
1310 1792
620 1792
1797 1798
561 1543
1543 1553
1543 39
105 1783
1543 1582
1542 1246
1246 1542
1804 1543
1543 1804
1713 1246
1246 1713
105 615
615 105
1585 105
1132 105
1582 1543
105 561
561 105
1812 1813
1186 1816
1625 105
105 1625
105 1731
1167 1050
95 1403
1783 1183
32 1403
1783 204
1217 1344
1344 1217
1183 1783
1798 1797
429 1167
1167 429
1050 1454
32 1831
1543 1831
1403 95
204 1783
67 1403
1403 67
1831 32
1831 1543
105 1831
1831 105
67 1831
1783 1831
1831 1783
652 1208
469 1181
469 1217
652 585
1452 95
1181 469
1167 1540
1540 1543
95 1842
95 1837
95 1767
1543 1540
1540 1167
585 652
1543 1847
1543 1848
1848 1543
1167 1847
1167 1848
1852 1344
1344 1852
492 1181
1181 492
1860 494
494 1860
652 69
32 1167
1167 32
1866 1847
1783 1344
1878 1864
1864 1878
1344 1783
1878 1362
1362 1878
492 429
32 1878
1878 32
429 492
1783 1792
1543 69
1878 1346
1899 1792
1899 306
1899 204
1899 784
1899 1217
1899 561
1899 1847
