28 21
29 5
44 56
44 62
44 75
44 76
44 86
44 95
107 114
571 572
571 76
571 181
314 44
314 250
314 95
572 44
572 56
572 345
572 95
572 114
572 212
746 164
746 834
588 164
588 196
21 28
21 390
21 43
21 535
390 21
390 43
463 44
463 572
463 257
463 76
463 269
463 95
250 314
250 56
250 256
250 62
250 163
250 86
250 181
250 212
243 196
965 196
140 254
140 56
140 149
140 345
140 164
140 196
140 736
140 800
1006 1007
254 572
254 463
254 140
254 1011
254 257
254 800
755 431
342 163
342 164
56 44
56 314
56 572
56 140
56 254
56 256
56 62
56 257
56 345
56 154
56 76
56 86
56 181
56 95
292 551
1011 254
149 164
149 196
256 250
256 56
256 154
614 196
62 44
62 463
62 250
62 140
62 602
62 56
62 618
62 497
62 154
62 164
62 76
62 86
62 1162
62 858
62 181
62 661
62 664
62 269
62 95
62 353
62 196
62 1165
62 212
62 1168
1169 572
235 164
235 1176
235 736
618 62
618 181
618 384
497 572
497 62
497 164
497 196
497 675
257 572
257 463
257 962
257 76
257 86
257 269
257 95
345 572
345 140
345 164
345 76
500 336
1201 535
154 250
154 342
154 256
154 164
154 736
1103 366
1237 366
550 401
627 196
5 29
551 292
223 269
162 140
366 1103
366 1237
366 542
431 755
431 401
401 755
401 431
1069 15
1106 535
163 342
164 746
164 588
164 140
164 342
164 56
164 149
164 62
164 235
164 497
164 345
164 154
164 895
164 349
164 513
164 181
164 95
164 196
164 114
164 910
164 212
76 571
76 1417
76 254
76 62
76 257
76 86
76 269
76 384
895 513
895 196
977 1371
977 1373
977 1424
349 164
349 353
1176 235
1139 336
1408 196
1042 572
1193 746
86 44
86 314
86 250
86 62
86 257
86 76
86 858
86 712
1162 62
1242 736
1483 181
513 164
513 76
513 895
513 196
858 62
858 86
181 44
181 571
181 56
181 62
181 618
181 164
181 86
181 95
181 196
181 212
661 62
664 62
269 44
269 254
269 56
269 62
269 86
269 181
269 95
269 212
95 44
95 314
95 582
95 463
95 250
95 140
95 602
95 56
95 62
95 257
95 76
95 86
95 181
95 269
95 212
906 164
353 62
353 349
43 21
43 390
43 1521
196 588
196 243
196 965
196 140
196 56
196 149
196 1154
196 62
196 497
196 345
196 627
196 163
196 164
196 895
196 1408
196 513
196 181
196 95
196 114
196 869
196 212
114 164
114 906
114 196
712 86
1007 1006
910 164
384 618
384 76
535 1106
736 196
736 1439
1521 43
15 1069
1371 977
1373 977
474 62
1424 977
542 366
212 572
212 250
212 62
212 164
212 86
212 181
212 95
212 196
800 314
800 257
800 181
1168 62
