% 28236 1574 1574
1 3
16 17
18 19
20 21
20 22
20 23
26 27
30 32
30 33
30 34
42 22
42 43
44 47
44 48
44 49
44 50
44 51
44 53
44 55
44 56
44 58
44 61
44 64
44 66
44 67
44 69
44 71
44 73
44 74
44 75
44 76
44 80
44 81
44 82
44 84
44 85
44 87
44 89
44 91
44 95
44 97
44 99
44 101
44 103
44 104
44 105
44 106
107 112
107 114
107 104
115 22
115 117
115 119
115 121
124 125
124 126
124 130
124 49
124 51
124 132
124 133
124 134
124 135
124 136
124 137
124 55
124 138
124 139
124 141
124 142
124 143
124 144
124 145
124 56
124 147
124 151
124 154
124 155
124 156
124 157
124 10
124 69
124 162
124 73
124 74
124 163
124 164
124 165
124 167
124 80
124 81
124 82
124 169
124 170
124 171
124 84
124 172
124 173
124 85
124 174
124 175
124 176
124 177
124 178
124 180
124 181
124 182
124 185
124 187
124 95
124 97
124 190
124 192
124 193
124 194
124 197
124 199
124 200
124 201
124 202
124 103
124 104
124 205
124 206
207 208
207 174
209 69
209 74
210 76
210 212
213 137
213 164
213 174
213 176
213 214
213 199
215 143
215 147
215 69
215 74
233 147
233 235
233 82
233 237
233 174
233 175
233 87
233 176
233 177
233 194
233 238
233 239
233 240
233 104
241 124
241 242
241 165
241 185
241 244
241 199
245 44
245 125
245 47
245 49
245 51
245 133
245 248
245 135
245 250
245 251
245 55
245 138
245 252
245 143
245 254
245 56
245 61
245 257
245 66
245 258
245 259
245 260
245 69
245 73
245 75
245 263
245 265
245 80
245 171
245 266
245 85
245 174
245 175
245 87
245 177
245 267
245 229
245 181
245 91
245 269
245 95
245 271
245 97
245 272
245 194
245 273
245 275
245 240
245 279
245 212
245 106
280 69
313 124
313 315
313 53
313 55
313 138
313 147
313 258
313 164
313 316
313 171
313 317
313 318
313 319
313 322
313 269
313 279
313 106
324 74
324 317
325 326
325 327
325 22
325 23
325 330
325 332
325 333
325 334
325 335
338 339
338 340
338 252
338 145
338 343
338 345
338 67
338 346
338 10
338 71
338 348
338 349
338 82
338 317
338 174
338 178
338 351
338 352
338 353
338 355
338 273
338 357
338 275
338 240
359 360
359 10
361 363
361 165
364 10
370 74
370 176
377 165
377 349
394 32
283 284
283 297
283 3
283 303
283 304
283 305
326 325
326 32
326 21
326 327
326 22
326 330
326 391
326 393
326 454
326 43
326 455
326 456
326 457
125 124
125 245
125 47
125 462
125 48
125 49
125 51
125 132
125 133
125 463
125 135
125 136
125 137
125 250
125 464
125 53
125 55
125 138
125 252
125 143
125 254
125 145
125 147
125 58
125 64
125 66
125 154
125 258
125 67
125 157
125 10
125 69
125 465
125 73
125 74
125 363
125 164
125 165
125 466
125 80
125 81
125 82
125 171
125 317
125 84
125 266
125 174
125 175
125 176
125 470
125 177
125 178
125 180
125 181
125 471
125 269
125 95
125 271
125 97
125 190
125 272
125 194
125 197
125 199
125 200
125 230
125 103
125 473
125 104
125 474
125 106
126 124
126 139
126 156
480 182
284 11
284 283
483 133
483 74
485 133
485 143
485 147
485 69
485 74
485 165
485 80
485 82
485 317
485 174
485 182
486 363
486 487
32 18
32 124
32 394
32 326
32 17
32 489
32 397
32 315
32 490
32 21
32 491
32 420
32 288
32 138
32 147
32 493
32 495
32 33
32 22
32 23
32 497
32 499
32 500
32 418
32 425
32 426
32 74
32 366
32 332
32 429
32 501
32 297
32 434
32 435
32 3
32 403
32 27
32 504
32 505
32 437
32 506
32 164
32 165
32 80
32 406
32 172
32 174
32 509
32 511
32 512
32 439
32 374
32 391
32 334
32 513
32 514
32 515
32 516
32 445
32 182
32 393
32 518
32 519
32 447
32 306
32 521
32 522
32 335
32 121
32 523
32 524
32 411
32 97
32 43
32 525
32 527
32 528
32 529
32 531
32 532
32 533
32 310
32 534
32 535
32 414
32 536
32 538
32 539
32 540
32 543
32 205
32 544
32 106
17 32
17 397
17 548
17 422
17 398
17 549
17 551
17 501
17 401
17 27
17 405
17 406
17 511
17 334
17 523
17 411
17 525
17 527
17 413
17 535
558 69
559 136
559 165
559 205
559 206
559 106
562 279
571 572
571 133
571 74
571 76
571 181
575 136
575 147
575 165
575 190
575 192
575 197
575 230
575 106
577 182
577 192
577 205
578 546
578 133
578 74
578 317
578 230
389 21
389 327
389 22
389 391
389 393
389 43
489 32
47 245
47 51
47 133
47 135
47 250
47 55
47 143
47 147
47 61
47 619
47 259
47 69
47 164
47 76
47 263
47 171
47 84
47 174
47 178
47 180
47 691
47 271
47 272
47 103
47 473
47 104
47 105
47 212
47 106
208 174
579 133
579 137
579 55
579 69
579 74
579 165
579 80
579 317
579 174
699 74
462 125
462 47
462 49
462 585
462 51
462 53
462 55
462 138
462 56
462 618
462 619
462 259
462 10
462 363
462 721
462 80
462 84
462 85
462 177
462 95
462 271
462 101
462 103
462 240
462 106
722 71
722 273
723 69
723 74
723 165
723 317
339 338
339 315
339 242
339 132
339 591
339 53
339 727
339 147
339 728
339 619
339 345
339 730
339 258
339 155
339 346
339 418
339 164
339 263
339 84
339 732
339 176
339 515
339 659
339 691
339 733
339 734
339 352
339 353
339 199
339 735
339 104
339 736
339 206
48 44
48 51
48 135
48 136
48 464
48 56
48 58
48 61
48 259
48 67
48 10
48 465
48 76
48 174
48 178
48 181
48 89
48 269
48 240
48 212
48 106
738 739
741 69
742 69
742 74
742 165
742 317
745 746
745 747
750 315
546 245
546 578
546 718
546 751
546 463
546 135
546 137
546 250
546 464
546 56
546 220
546 259
546 157
546 10
546 69
546 165
546 80
546 317
546 174
546 175
546 87
546 177
546 178
546 95
546 675
546 202
546 474
546 212
546 106
546 231
360 754
360 10
397 32
397 17
397 490
397 548
397 422
397 755
397 398
397 22
397 549
397 551
397 426
397 429
397 430
397 501
397 401
397 435
397 403
397 27
397 404
397 757
397 506
397 405
397 406
397 701
397 509
397 758
397 334
397 514
397 408
397 409
397 410
397 521
397 523
397 411
397 702
397 525
397 527
397 703
397 759
397 413
397 760
397 310
397 761
397 762
397 535
397 414
397 704
397 415
397 416
397 763
764 706
764 765
764 767
764 95
315 32
315 571
315 750
315 546
315 132
315 133
315 136
315 771
315 55
315 138
315 147
315 772
315 773
315 23
315 613
315 774
315 418
315 504
315 167
315 263
315 349
315 81
315 732
315 174
315 176
315 776
315 182
315 185
315 733
315 190
315 779
315 780
315 781
315 782
315 205
315 783
315 784
315 785
315 231
130 124
130 339
130 51
130 727
130 147
130 164
130 165
130 82
130 177
130 733
130 190
130 787
130 103
790 69
790 74
790 165
790 317
582 133
582 55
582 74
582 317
582 97
582 273
791 48
791 250
791 138
791 609
791 619
791 10
791 69
791 103
572 44
572 47
572 49
572 133
572 136
572 137
572 138
572 143
572 56
572 345
572 258
572 259
572 67
572 221
572 69
572 792
572 793
572 74
572 165
572 794
572 749
572 265
572 316
572 80
572 81
572 317
572 658
572 91
572 795
572 95
572 194
572 114
572 230
572 796
572 473
572 212
697 133
697 10
49 124
49 245
49 125
49 47
49 462
49 572
49 51
49 132
49 133
49 379
49 463
49 135
49 136
49 137
49 250
49 55
49 138
49 141
49 252
49 143
49 145
49 56
49 147
49 61
49 257
49 380
49 372
49 258
49 259
49 67
49 798
49 157
49 10
49 799
49 69
49 71
49 465
49 73
49 164
49 165
49 76
49 721
49 80
49 81
49 82
49 171
49 317
49 646
49 266
49 732
49 174
49 175
49 87
49 176
49 177
49 178
49 180
49 181
49 182
49 471
49 185
49 269
49 95
49 97
49 190
49 272
49 194
49 197
49 199
49 200
49 101
49 103
49 473
49 240
49 104
49 212
49 800
49 106
803 804
803 805
50 44
50 137
50 806
50 481
50 807
490 32
490 22
824 257
824 174
829 133
829 147
829 165
829 174
718 313
718 546
718 69
746 745
746 832
746 164
746 834
746 747
746 711
746 835
242 339
242 136
242 773
242 774
242 164
242 165
242 167
242 176
242 182
242 185
242 733
242 190
242 192
242 836
242 199
804 803
804 223
837 313
837 316
838 10
839 133
839 250
839 53
839 138
839 10
839 69
839 85
839 174
585 44
585 49
585 250
585 56
585 58
585 61
585 611
585 619
585 154
585 67
585 71
585 73
585 76
585 466
585 80
585 266
585 174
585 175
585 177
585 178
585 658
585 269
585 272
585 273
585 202
585 103
585 473
585 105
585 279
585 106
841 426
51 124
51 245
51 125
51 48
51 49
51 585
51 132
51 133
51 379
51 135
51 136
51 137
51 250
51 464
51 55
51 138
51 141
51 143
51 254
51 145
51 56
51 147
51 58
51 220
51 619
51 380
51 64
51 372
51 66
51 730
51 258
51 259
51 67
51 381
51 157
51 69
51 71
51 842
51 465
51 73
51 74
51 348
51 164
51 165
51 76
51 631
51 167
51 721
51 466
51 382
51 80
51 81
51 82
51 170
51 171
51 317
51 383
51 84
51 646
51 266
51 172
51 85
51 174
51 175
51 87
51 176
51 177
51 178
51 180
51 181
51 182
51 659
51 471
51 187
51 691
51 95
51 97
51 190
51 272
51 194
51 197
51 199
51 200
51 101
51 675
51 384
51 202
51 103
51 239
51 240
51 104
51 105
51 212
51 205
51 844
51 106
845 74
845 165
340 338
340 69
340 73
340 74
340 165
340 80
340 317
340 272
846 74
132 124
132 575
132 339
132 130
132 49
132 51
132 133
132 135
132 136
132 137
132 55
132 138
132 143
132 145
132 147
132 151
132 619
132 157
132 69
132 163
132 164
132 165
132 167
132 80
132 81
132 82
132 646
132 174
132 175
132 848
132 176
132 177
132 178
132 182
132 849
132 187
132 691
132 734
132 271
132 850
132 190
132 192
132 197
132 199
132 200
132 851
132 275
132 103
586 74
587 74
587 317
133 124
133 245
133 370
133 125
133 485
133 32
133 571
133 579
133 582
133 572
133 697
133 49
133 852
133 829
133 839
133 51
133 132
133 586
133 463
133 135
133 136
133 137
133 250
133 594
133 55
133 138
133 141
133 143
133 602
133 145
133 56
133 147
133 614
133 497
133 220
133 64
133 622
133 853
133 66
133 258
133 623
133 259
133 67
133 221
133 627
133 418
133 157
133 10
133 225
133 69
133 792
133 628
133 465
133 73
133 74
133 164
133 165
133 76
133 167
133 634
133 856
133 749
133 857
133 265
133 80
133 81
133 82
133 169
133 171
133 317
133 709
133 85
133 174
133 175
133 651
133 227
133 87
133 374
133 176
133 177
133 178
133 180
133 229
133 858
133 181
133 859
133 182
133 658
133 860
133 664
133 862
133 269
133 95
133 864
133 271
133 97
133 190
133 353
133 272
133 668
133 866
133 194
133 355
133 867
133 197
133 99
133 273
133 830
133 199
133 200
133 101
133 673
133 676
133 230
133 868
133 357
133 715
133 103
133 104
133 869
133 870
133 474
133 871
133 212
133 205
133 872
133 800
133 206
133 106
133 231
134 165
134 104
874 174
751 876
21 20
21 326
21 32
21 389
21 22
21 879
21 391
21 514
21 516
21 392
21 393
21 43
21 455
21 535
379 338
379 49
379 585
379 51
379 706
379 55
379 138
379 252
379 380
379 372
379 259
379 381
379 625
379 157
379 71
379 165
379 76
379 82
379 84
379 87
379 180
379 194
379 384
379 239
379 883
379 240
379 104
327 20
327 325
327 326
327 389
327 21
327 22
327 23
327 499
327 516
327 392
327 455
327 535
463 44
463 125
463 48
463 546
463 572
463 49
463 51
463 133
463 135
463 137
463 138
463 143
463 58
463 609
463 257
463 66
463 258
463 10
463 69
463 74
463 76
463 721
463 80
463 81
463 171
463 84
463 174
463 180
463 807
463 269
463 95
463 864
463 194
463 230
463 106
248 245
248 74
248 164
248 165
248 82
248 230
135 124
135 245
135 125
135 47
135 579
135 48
135 546
135 572
135 49
135 51
135 133
135 463
135 136
135 137
135 706
135 55
135 138
135 143
135 602
135 145
135 56
135 147
135 58
135 61
135 220
135 619
135 257
135 64
135 66
135 154
135 258
135 67
135 157
135 10
135 69
135 465
135 73
135 74
135 164
135 165
135 265
135 466
135 80
135 81
135 82
135 169
135 317
135 884
135 85
135 174
135 175
135 87
135 176
135 177
135 178
135 180
135 181
135 182
135 659
135 885
135 471
135 269
135 734
135 95
135 271
135 97
135 190
135 272
135 194
135 197
135 99
135 199
135 200
135 101
135 202
135 103
135 240
135 104
135 105
135 474
135 212
135 205
135 206
135 106
136 124
136 213
136 125
136 559
136 575
136 48
136 315
136 49
136 242
136 51
136 132
136 133
136 135
136 137
136 591
136 138
136 141
136 145
136 147
136 887
136 608
136 613
136 220
136 888
136 889
136 66
136 259
136 155
136 890
136 260
136 625
136 891
136 418
136 157
136 10
136 69
136 73
136 74
136 348
136 893
136 163
136 164
136 167
136 895
136 749
136 80
136 81
136 82
136 171
136 317
136 709
136 173
136 732
136 174
136 175
136 649
136 176
136 513
136 177
136 178
136 180
136 898
136 900
136 182
136 901
136 185
136 849
136 902
136 269
136 244
136 733
136 904
136 906
136 190
136 272
136 711
136 194
136 214
136 355
136 197
136 112
136 199
136 114
136 908
136 909
136 673
136 851
136 230
136 532
136 913
136 914
136 561
136 103
136 735
136 240
136 915
136 917
136 212
136 205
136 206
136 784
136 919
136 106
136 232
491 32
491 922
923 924
923 10
923 69
923 842
137 124
137 213
137 245
137 125
137 32
137 579
137 48
137 546
137 572
137 49
137 51
137 132
137 133
137 463
137 135
137 136
137 250
137 55
137 138
137 141
137 143
137 145
137 56
137 147
137 58
137 151
137 618
137 927
137 64
137 66
137 258
137 259
137 67
137 346
137 928
137 929
137 418
137 157
137 799
137 69
137 71
137 842
137 465
137 73
137 74
137 348
137 164
137 165
137 895
137 931
137 636
137 265
137 80
137 81
137 82
137 169
137 170
137 171
137 317
137 709
137 646
137 932
137 85
137 174
137 175
137 87
137 176
137 933
137 177
137 178
137 180
137 181
137 182
137 91
137 719
137 471
137 664
137 187
137 269
137 691
137 271
137 97
137 190
137 272
137 194
137 355
137 197
137 273
137 199
137 200
137 101
137 673
137 384
137 202
137 275
137 103
137 104
137 106
591 339
591 51
591 133
591 137
591 147
591 58
591 810
591 728
591 619
591 258
591 155
591 69
591 73
591 164
591 165
591 167
591 80
591 174
591 177
591 182
591 185
591 97
591 190
591 199
591 200
934 190
592 572
592 74
250 245
250 338
250 125
250 47
250 546
250 49
250 51
250 133
250 379
250 137
250 55
250 143
250 145
250 56
250 147
250 372
250 258
250 67
250 10
250 71
250 163
250 721
250 80
250 81
250 84
250 174
250 177
250 178
250 180
250 181
250 182
250 658
250 659
250 471
250 734
250 97
250 272
250 101
250 103
250 240
250 104
250 105
250 212
250 106
941 32
941 165
942 69
942 74
420 32
420 426
420 943
420 437
420 512
705 197
705 199
594 572
594 133
594 379
594 55
594 143
594 69
594 74
594 164
594 165
594 80
594 317
594 174
594 175
944 514
945 147
945 768
288 32
288 366
288 539
251 245
251 946
251 104
567 22
567 294
947 456
948 147
952 955
952 504
952 956
952 958
952 959
924 10
924 230
960 961
464 546
464 133
464 251
464 55
464 138
464 58
464 220
464 963
464 10
464 69
464 317
464 174
464 177
464 194
464 202
464 715
464 239
464 240
464 106
964 22
964 23
964 294
548 17
548 397
548 422
548 405
548 406
548 523
548 411
548 527
53 313
53 47
53 462
53 339
53 48
53 791
53 572
53 839
53 51
53 132
53 463
53 136
53 138
53 937
53 254
53 56
53 147
53 61
53 619
53 345
53 66
53 259
53 10
53 69
53 966
53 164
53 967
53 466
53 968
53 317
53 884
53 174
53 91
53 691
53 194
53 197
53 940
53 240
53 212
53 872
53 106
568 567
568 22
568 456
969 961
706 764
706 379
706 135
706 69
706 74
706 970
706 317
706 177
706 194
706 104
422 17
422 397
422 548
422 27
422 405
422 406
422 701
422 409
422 523
422 527
422 413
973 164
973 165
973 182
771 315
771 977
771 978
979 69
979 74
979 165
979 317
980 433
980 34
55 44
55 124
55 245
55 313
55 125
55 579
55 462
55 546
55 315
55 582
55 49
55 51
55 132
55 133
55 379
55 463
55 135
55 136
55 137
55 591
55 250
55 594
55 464
55 138
55 252
55 143
55 602
55 145
55 56
55 147
55 609
55 611
55 614
55 616
55 618
55 497
55 619
55 257
55 64
55 622
55 853
55 372
55 66
55 258
55 259
55 67
55 626
55 418
55 157
55 10
55 799
55 69
55 71
55 465
55 73
55 74
55 164
55 165
55 76
55 641
55 265
55 80
55 81
55 82
55 169
55 171
55 317
55 266
55 172
55 85
55 174
55 175
55 651
55 87
55 177
55 180
55 181
55 182
55 658
55 471
55 322
55 185
55 187
55 269
55 95
55 271
55 97
55 190
55 272
55 194
55 99
55 273
55 199
55 200
55 101
55 673
55 674
55 202
55 103
55 240
55 104
55 682
55 105
55 212
55 205
55 106
138 44
138 124
138 245
138 313
138 125
138 47
138 579
138 546
138 572
138 49
138 839
138 51
138 132
138 133
138 379
138 135
138 136
138 137
138 250
138 464
138 53
138 55
138 937
138 141
138 143
138 145
138 56
138 147
138 618
138 220
138 619
138 962
138 257
138 372
138 66
138 258
138 259
138 67
138 157
138 69
138 465
138 73
138 74
138 348
138 966
138 164
138 165
138 631
138 721
138 265
138 466
138 80
138 81
138 82
138 171
138 317
138 172
138 85
138 174
138 175
138 176
138 177
138 178
138 180
138 181
138 182
138 89
138 91
138 471
138 185
138 269
138 95
138 271
138 97
138 190
138 272
138 194
138 197
138 273
138 199
138 200
138 101
138 675
138 202
138 103
138 240
138 104
138 540
138 474
138 212
138 205
138 206
138 106
937 44
937 486
937 53
937 138
937 147
937 151
937 967
937 84
937 85
937 174
937 178
937 230
984 74
987 317
139 124
139 126
139 156
988 961
989 147
991 147
991 176
599 69
599 74
599 80
599 317
998 363
1003 230
141 124
141 125
141 49
141 136
141 137
141 138
141 145
141 147
141 157
141 73
141 164
141 165
141 81
141 171
141 175
141 87
141 176
141 177
141 182
141 197
141 103
141 104
252 245
252 55
252 143
252 257
252 372
252 10
252 69
252 71
252 481
252 80
252 266
252 202
252 473
252 240
252 104
252 540
252 800
1004 82
727 82
1006 242
1006 961
1006 418
1006 317
1009 164
1009 165
600 147
600 165
600 317
600 273
142 124
142 164
143 124
143 245
143 125
143 47
143 462
143 48
143 49
143 51
143 132
143 133
143 463
143 135
143 137
143 250
143 594
143 53
143 55
143 138
143 252
143 56
143 147
143 58
143 608
143 609
143 151
143 619
143 257
143 64
143 345
143 372
143 66
143 154
143 258
143 259
143 67
143 624
143 157
143 10
143 799
143 69
143 71
143 73
143 74
143 363
143 164
143 165
143 76
143 721
143 80
143 81
143 82
143 317
143 709
143 84
143 85
143 174
143 175
143 374
143 176
143 177
143 178
143 180
143 181
143 471
143 95
143 271
143 97
143 190
143 272
143 194
143 99
143 199
143 200
143 101
143 202
143 103
143 883
143 240
143 104
143 105
143 212
143 206
143 106
144 124
254 245
254 563
254 572
254 463
254 135
254 257
254 258
254 69
254 263
254 645
254 174
254 175
254 178
254 180
254 800
1014 418
1015 317
755 17
755 397
755 403
755 27
755 404
755 757
755 506
755 758
755 408
755 409
755 521
755 760
755 415
755 416
602 51
602 55
602 147
602 82
602 174
602 200
145 124
145 125
145 49
145 51
145 132
145 133
145 135
145 136
145 137
145 250
145 1024
145 55
145 138
145 141
145 147
145 810
145 235
145 257
145 67
145 346
145 157
145 10
145 799
145 69
145 465
145 73
145 164
145 165
145 167
145 263
145 80
145 81
145 82
145 171
145 317
145 174
145 175
145 176
145 177
145 178
145 180
145 181
145 182
145 849
145 269
145 97
145 190
145 353
145 194
145 197
145 199
145 200
145 675
145 357
145 103
145 240
145 104
145 212
145 205
145 206
145 106
56 44
56 245
56 575
56 48
56 546
56 572
56 49
56 51
56 135
56 136
56 137
56 53
56 55
56 138
56 143
56 254
56 147
56 58
56 611
56 728
56 257
56 345
56 372
56 66
56 154
56 259
56 381
56 69
56 71
56 465
56 73
56 76
56 263
56 80
56 81
56 170
56 317
56 174
56 175
56 177
56 180
56 181
56 182
56 471
56 95
56 97
56 190
56 272
56 101
56 230
56 202
56 103
56 239
56 240
56 104
56 105
56 206
56 106
1028 22
1028 23
1028 330
1029 147
1029 1031
603 69
603 74
147 44
147 107
147 124
147 209
147 215
147 233
147 338
147 125
147 485
147 32
147 575
147 47
147 546
147 315
147 130
147 49
147 51
147 132
147 133
147 379
147 135
147 136
147 137
147 591
147 250
147 594
147 945
147 948
147 464
147 53
147 55
147 138
147 937
147 989
147 991
147 141
147 143
147 602
147 145
147 56
147 1029
147 1033
147 1034
147 607
147 608
147 22
147 151
147 613
147 235
147 497
147 619
147 811
147 1031
147 66
147 730
147 258
147 155
147 624
147 221
147 625
147 627
147 418
147 1037
147 157
147 10
147 1038
147 69
147 1039
147 768
147 465
147 73
147 74
147 893
147 163
147 164
147 165
147 769
147 1040
147 167
147 895
147 263
147 721
147 815
147 1041
147 382
147 80
147 81
147 82
147 169
147 237
147 171
147 317
147 84
147 816
147 172
147 173
147 85
147 732
147 174
147 175
147 649
147 651
147 848
147 374
147 176
147 513
147 177
147 817
147 178
147 180
147 515
147 181
147 182
147 747
147 658
147 659
147 1045
147 1046
147 185
147 187
147 691
147 733
147 95
147 1047
147 271
147 97
147 190
147 272
147 192
147 194
147 867
147 197
147 99
147 199
147 200
147 675
147 913
147 202
147 275
147 103
147 473
147 735
147 240
147 104
147 540
147 974
147 212
147 205
147 872
147 206
147 106
147 231
1049 10
1033 945
1033 147
1033 768
1056 827
1056 505
1056 514
1057 69
1057 74
1057 273
58 48
58 51
58 138
58 143
58 619
58 257
58 67
58 1059
58 842
58 73
58 164
58 263
58 466
58 84
58 648
58 174
58 177
58 807
58 269
58 691
58 194
58 473
58 212
58 919
1060 772
1063 958
1065 273
1020 363
1066 754
1066 257
493 32
826 1069
826 514
826 392
826 121
1034 130
1034 51
1034 132
1034 136
1034 591
1034 147
1034 163
1034 103
832 746
765 764
765 767
606 572
606 74
606 164
606 165
606 80
606 317
606 97
1079 824
1079 174
887 136
821 205
607 147
607 69
607 74
607 165
495 32
495 327
495 964
495 22
1086 572
1086 133
1086 80
1087 1088
398 397
398 403
398 404
398 757
398 506
398 405
398 758
398 408
398 409
398 521
398 411
398 760
398 415
398 416
754 359
754 10
754 230
1089 69
608 546
608 133
608 136
608 143
608 147
608 69
608 74
608 165
608 80
608 82
608 317
608 84
608 174
608 97
608 197
608 200
608 106
33 30
33 32
33 397
33 419
33 426
33 295
33 427
33 428
33 432
33 434
33 34
33 306
772 1060
772 736
1092 71
1092 273
1094 230
1095 176
1095 106
1096 82
1097 317
1102 1103
1102 366
61 44
61 245
61 48
61 546
61 49
61 585
61 53
61 138
61 56
61 66
61 10
61 466
61 81
61 85
61 174
61 177
61 178
61 659
1073 61
1073 174
773 315
773 242
773 771
1109 546
1109 1110
1109 87
609 48
609 379
609 55
609 138
609 143
609 61
609 372
609 258
609 69
609 81
609 82
609 178
609 271
609 97
609 194
609 473
609 104
609 212
609 106
219 227
219 229
219 230
611 44
611 125
611 55
611 67
611 69
611 71
611 73
611 80
611 171
611 317
611 178
611 97
611 272
611 200
611 101
611 103
22 20
22 115
22 325
22 326
22 32
22 17
22 389
22 397
22 315
22 21
22 327
22 567
22 964
22 568
22 1028
22 147
22 495
22 23
22 497
22 1130
22 499
22 500
22 1131
22 1133
22 330
22 294
22 366
22 332
22 501
22 827
22 1135
22 27
22 504
22 1069
22 1106
22 165
22 1136
22 1137
22 1138
22 1139
22 333
22 174
22 511
22 439
22 374
22 391
22 334
22 119
22 514
22 1140
22 516
22 392
22 393
22 519
22 335
22 454
22 524
22 43
22 525
22 703
22 529
22 532
22 1141
22 455
22 535
22 414
22 456
22 457
22 1143
22 1144
22 544
151 124
151 132
151 136
151 591
151 973
151 55
151 937
151 143
151 147
151 613
151 625
151 164
151 165
151 82
151 169
151 170
151 646
151 178
151 181
151 182
151 185
151 733
151 190
151 192
151 194
151 114
151 561
23 20
23 325
23 315
23 327
23 22
23 551
23 330
23 27
23 439
23 334
23 516
23 455
23 456
613 51
613 136
613 55
613 147
613 619
613 73
613 164
613 167
613 732
613 174
613 176
613 711
613 194
613 197
613 199
613 114
613 240
613 212
614 133
614 55
614 69
614 74
614 165
614 80
614 317
614 175
614 190
615 317
615 273
1147 1148
1150 1151
1154 1051
1155 10
1110 1109
810 164
810 165
810 732
810 660
810 1045
810 205
616 51
616 137
616 55
1170 397
728 339
728 56
728 147
728 164
728 732
728 902
728 190
1174 366
1175 69
1175 968
1175 174
235 233
235 145
235 147
235 74
235 164
235 1176
235 85
235 177
235 938
235 238
235 240
235 736
618 49
618 51
618 133
618 55
618 138
618 74
618 317
618 181
618 194
618 384
1180 230
1180 106
1181 544
497 32
497 738
497 572
497 133
497 55
497 147
497 22
497 10
497 69
497 74
497 164
497 165
497 80
497 317
497 174
497 190
497 675
497 230
774 315
774 242
774 977
774 1182
774 1183
774 978
774 784
220 51
220 133
220 136
220 138
220 1184
220 147
220 69
220 81
220 317
220 181
220 95
220 192
220 202
220 474
220 212
220 205
220 872
220 106
619 44
619 125
619 47
619 339
619 585
619 51
619 132
619 53
619 138
619 143
619 254
619 147
619 58
619 151
619 257
619 345
619 66
619 154
619 258
619 155
619 69
619 793
619 164
619 165
619 721
619 466
619 82
619 84
619 85
619 174
619 177
619 178
619 691
619 95
619 190
619 194
619 197
619 275
619 103
619 473
619 279
619 212
619 106
962 138
962 1049
962 82
962 200
1185 10
1185 165
1185 106
889 136
1186 199
549 17
549 397
549 511
549 413
879 21
879 22
257 245
257 791
257 572
257 49
257 824
257 51
257 463
257 135
257 143
257 145
257 61
257 619
257 962
257 259
257 260
257 69
257 465
257 76
257 82
257 266
257 174
257 175
257 87
257 91
257 719
257 269
257 95
257 271
257 272
257 202
257 103
257 473
257 240
257 104
257 105
257 106
927 807
1130 22
963 1187
963 87
963 784
963 106
380 49
380 51
380 379
380 372
380 381
380 76
380 194
380 384
380 239
380 240
1189 230
1191 32
1191 827
1191 514
1191 703
1191 1098
1191 535
1191 414
1191 704
1191 1099
1192 114
499 32
499 22
499 455
811 147
811 768
811 163
811 816
811 691
1031 1029
1031 147
1031 1040
1031 80
64 133
64 55
64 69
64 74
64 349
64 317
64 174
1196 230
345 207
345 338
345 339
345 572
345 51
345 705
345 53
345 138
345 143
345 842
345 164
345 76
345 84
345 85
345 732
345 174
345 178
345 267
345 660
345 194
345 199
345 787
345 473
345 106
1156 317
622 133
622 55
622 69
622 74
622 80
622 317
622 175
500 32
500 22
500 1198
500 1199
853 133
853 74
853 164
853 165
853 80
853 174
117 115
117 32
117 22
117 827
117 505
117 514
117 703
117 1098
117 535
117 704
117 1099
1200 315
1201 827
1201 514
1201 535
1026 74
1026 317
1026 273
372 49
372 51
372 379
372 250
372 55
372 138
372 143
372 56
372 380
372 259
372 67
372 381
372 798
372 76
372 317
372 177
372 178
372 384
372 202
372 240
372 104
1187 10
1187 225
1202 69
66 44
66 245
66 51
66 135
66 136
66 250
66 55
66 143
66 254
66 56
66 147
66 58
66 619
66 10
66 69
66 73
66 74
66 363
66 164
66 263
66 82
66 85
66 174
66 175
66 177
66 197
66 830
66 104
66 540
66 212
66 800
730 339
730 51
730 147
730 1034
730 889
730 164
154 786
154 585
154 135
154 250
154 143
154 259
154 164
154 631
154 721
154 1204
154 658
154 272
154 194
154 883
154 736
258 44
258 207
258 245
258 313
258 125
258 339
258 48
258 49
258 133
258 463
258 135
258 137
258 591
258 250
258 53
258 55
258 143
258 56
258 147
258 609
258 619
258 66
258 259
258 67
258 799
258 69
258 73
258 74
258 164
258 76
258 721
258 80
258 82
258 170
258 171
258 317
258 85
258 174
258 175
258 177
258 178
258 180
258 181
258 182
258 657
258 89
258 91
258 471
258 691
258 271
258 97
258 272
258 194
258 200
258 202
258 103
258 240
258 104
258 540
258 212
258 205
258 872
258 206
258 106
623 133
623 69
623 74
623 164
623 165
623 80
623 317
623 230
1206 807
259 44
259 245
259 338
259 546
259 49
259 51
259 379
259 135
259 137
259 250
259 55
259 143
259 56
259 609
259 257
259 258
259 67
259 10
259 69
259 465
259 73
259 721
259 80
259 82
259 317
259 266
259 85
259 174
259 175
259 177
259 180
259 181
259 657
259 89
259 91
259 95
259 271
259 97
259 194
259 202
259 104
259 105
259 106
67 338
67 125
67 47
67 48
67 49
67 50
67 51
67 133
67 379
67 135
67 137
67 53
67 55
67 143
67 145
67 56
67 611
67 257
67 66
67 258
67 259
67 10
67 69
67 465
67 76
67 721
67 466
67 80
67 82
67 317
67 84
67 266
67 87
67 177
67 178
67 180
67 229
67 181
67 89
67 658
67 91
67 95
67 194
67 202
67 473
67 883
67 104
67 105
67 212
67 106
1103 32
1103 1102
1103 1208
1103 1133
1103 366
1103 1209
1103 1210
155 124
155 339
155 136
155 591
155 55
155 138
155 147
155 164
155 81
155 732
155 174
155 197
155 103
381 51
381 379
381 138
381 56
381 380
381 372
381 157
381 73
381 76
381 82
381 648
381 933
1211 197
346 338
346 339
346 51
346 147
346 165
346 80
346 317
624 147
624 317
624 176
624 177
961 969
961 988
961 1212
961 1006
961 1213
961 627
961 1214
961 418
961 1215
961 628
961 1217
961 1218
961 1220
961 1221
961 647
961 1222
961 1223
961 374
961 1225
961 862
961 1228
961 1229
961 1230
961 534
961 1233
1234 95
221 546
221 137
221 58
221 157
221 10
221 69
221 74
221 164
221 165
221 317
221 181
221 272
221 230
260 136
260 257
260 73
260 104
1173 317
1173 230
1112 317
928 74
928 317
1238 176
625 51
625 379
625 147
625 174
625 185
222 227
929 137
1131 22
626 55
626 69
626 272
626 275
993 1242
1245 1148
1213 961
1213 418
891 136
891 515
627 133
627 147
627 961
627 418
627 69
627 74
627 165
798 49
798 372
798 106
1247 739
1214 961
1214 418
1214 165
1214 513
1208 1103
1208 1133
1208 366
1208 367
1208 1210
418 32
418 339
418 133
418 136
418 594
418 55
418 1006
418 1014
418 147
418 961
418 1213
418 627
418 1214
418 69
418 1215
418 628
418 74
418 1251
418 1252
418 1217
418 1254
418 893
418 1218
418 164
418 165
418 895
418 1256
418 1220
418 1258
418 169
418 647
418 174
418 1223
418 374
418 176
418 1260
418 513
418 182
418 1225
418 1151
418 1261
418 862
418 190
418 1229
418 197
418 199
418 200
418 1230
418 230
418 534
418 736
418 205
418 206
418 784
418 106
1262 513
1133 1103
1133 1208
1133 366
1133 1210
156 124
156 139
1037 147
1037 1041
806 50
806 807
1267 82
157 124
157 125
157 49
157 585
157 51
157 132
157 133
157 135
157 136
157 137
157 55
157 138
157 141
157 145
157 56
157 147
157 67
157 381
157 221
157 10
157 69
157 465
157 73
157 74
157 966
157 164
157 165
157 76
157 466
157 80
157 81
157 82
157 171
157 317
157 266
157 174
157 175
157 1268
157 176
157 177
157 178
157 180
157 181
157 182
157 658
157 269
157 95
157 271
157 97
157 190
157 194
157 197
157 199
157 200
157 101
157 202
157 103
157 104
157 105
157 212
157 106
551 397
551 944
551 435
551 27
551 404
551 506
551 406
551 701
551 758
551 514
551 408
551 410
551 521
551 411
551 702
551 703
551 413
551 414
10 338
10 359
10 364
10 722
10 546
10 360
10 791
10 697
10 838
10 839
10 51
10 133
10 379
10 463
10 135
10 136
10 591
10 924
10 464
10 55
10 937
10 252
10 143
10 147
10 1066
10 754
10 61
10 611
10 1269
10 1149
10 1155
10 962
10 1185
10 963
10 1187
10 66
10 221
10 157
10 223
10 225
10 69
10 792
10 71
10 1270
10 842
10 465
10 164
10 75
10 1272
10 80
10 81
10 82
10 1273
10 171
10 709
10 84
10 1275
10 85
10 174
10 227
10 87
10 1178
10 1179
10 1277
10 898
10 229
10 181
10 719
10 860
10 901
10 1278
10 269
10 1279
10 1280
10 795
10 1281
10 864
10 271
10 1282
10 97
10 352
10 192
10 830
10 101
10 673
10 851
10 230
10 1284
10 275
10 473
10 1285
10 1286
10 869
10 105
10 1289
10 1290
10 1291
10 1293
10 1128
10 871
10 212
10 106
10 231
10 232
330 325
330 326
330 1028
330 22
330 23
330 332
330 1106
330 333
330 334
330 119
330 516
330 454
1295 95
223 804
223 10
223 1296
223 227
223 1178
223 229
223 269
799 49
799 51
799 55
799 143
799 145
799 56
799 258
799 259
799 69
799 73
799 80
799 82
799 175
799 91
799 194
799 103
799 240
225 133
225 10
225 227
225 178
225 229
225 272
225 230
225 212
225 106
1297 74
1298 504
1298 956
1298 958
1038 147
69 44
69 124
69 215
69 245
69 280
69 458
69 125
69 485
69 32
69 558
69 47
69 579
69 462
69 723
69 741
69 742
69 546
69 790
69 582
69 791
69 49
69 718
69 839
69 51
69 340
69 132
69 133
69 463
69 135
69 136
69 923
69 591
69 250
69 942
69 594
69 464
69 53
69 706
69 979
69 55
69 138
69 599
69 252
69 143
69 254
69 145
69 56
69 603
69 147
69 1057
69 58
69 1066
69 607
69 609
69 614
69 1110
69 1175
69 497
69 220
69 619
69 257
69 64
69 622
69 1202
69 66
69 258
69 623
69 259
69 67
69 155
69 346
69 221
69 627
69 418
69 157
69 10
69 628
69 71
69 629
69 842
69 465
69 73
69 1303
69 74
69 630
69 164
69 165
69 76
69 167
69 634
69 636
69 721
69 749
69 265
69 80
69 968
69 81
69 82
69 169
69 970
69 171
69 317
69 709
69 84
69 173
69 85
69 732
69 174
69 175
69 651
69 87
69 374
69 176
69 513
69 177
69 178
69 180
69 1118
69 656
69 181
69 182
69 1163
69 885
69 471
69 664
69 187
69 269
69 691
69 95
69 1305
69 271
69 97
69 352
69 190
69 272
69 192
69 194
69 355
69 946
69 197
69 273
69 199
69 200
69 101
69 673
69 676
69 230
69 868
69 202
69 275
69 103
69 240
69 104
69 682
69 1307
69 105
69 474
69 212
69 205
69 800
69 206
69 784
69 106
69 231
792 44
792 361
792 225
792 858
792 181
792 89
792 230
792 105
792 1125
1319 69
1319 74
1319 317
1215 961
1215 418
628 32
628 133
628 961
628 418
628 69
628 74
628 164
628 165
628 176
628 182
425 32
425 426
425 428
425 432
425 434
425 439
425 445
425 306
1039 164
793 572
793 619
793 71
793 807
793 272
793 202
793 275
426 32
426 397
426 841
426 33
426 425
426 428
426 429
426 430
426 432
426 433
426 434
426 435
426 436
426 437
426 34
426 439
426 445
426 447
426 306
426 521
426 1324
426 310
426 536
426 453
71 245
71 125
71 462
71 49
71 585
71 51
71 379
71 135
71 923
71 137
71 250
71 55
71 143
71 10
71 69
71 793
71 73
71 74
71 265
71 82
71 175
71 178
71 180
71 471
71 269
71 194
71 101
71 230
71 202
71 240
71 104
71 105
1059 824
1059 136
1059 58
1059 174
1088 1087
1088 263
1270 608
1331 791
1332 317
294 567
294 964
294 568
294 495
294 22
294 456
768 945
768 147
768 1033
768 811
629 69
629 74
842 44
842 125
842 463
842 923
842 137
842 254
842 345
842 66
842 259
842 67
842 10
842 69
842 73
842 84
842 174
842 178
842 103
1335 1082
162 165
162 182
465 124
465 359
465 125
465 47
465 360
465 572
465 51
465 133
465 135
465 136
465 137
465 250
465 464
465 55
465 252
465 143
465 145
465 147
465 66
465 154
465 259
465 67
465 157
465 10
465 69
465 71
465 842
465 74
465 164
465 481
465 165
465 76
465 80
465 81
465 82
465 171
465 317
465 84
465 174
465 175
465 176
465 177
465 178
465 182
465 271
465 97
465 190
465 194
465 197
465 202
465 103
465 240
73 44
73 124
73 245
73 125
73 49
73 51
73 133
73 135
73 136
73 137
73 706
73 55
73 138
73 143
73 145
73 56
73 147
73 613
73 66
73 258
73 259
73 155
73 260
73 157
73 799
73 69
73 842
73 465
73 74
73 164
73 165
73 76
73 856
73 80
73 81
73 82
73 171
73 317
73 85
73 732
73 174
73 175
73 176
73 177
73 178
73 180
73 181
73 269
73 95
73 271
73 190
73 272
73 194
73 197
73 273
73 199
73 200
73 1122
73 673
73 103
73 104
73 974
73 205
73 106
73 231
1303 133
1303 69
1303 74
74 124
74 209
74 213
74 215
74 324
74 370
74 125
74 483
74 485
74 32
74 571
74 578
74 579
74 699
74 723
74 742
74 790
74 582
74 572
74 51
74 845
74 340
74 846
74 132
74 586
74 587
74 133
74 463
74 248
74 135
74 136
74 137
74 591
74 592
74 942
74 594
74 464
74 706
74 979
74 55
74 138
74 984
74 599
74 143
74 56
74 603
74 147
74 1057
74 606
74 607
74 1086
74 608
74 22
74 614
74 235
74 618
74 497
74 619
74 257
74 64
74 622
74 853
74 1026
74 66
74 258
74 623
74 259
74 221
74 928
74 627
74 418
74 157
74 1297
74 69
74 1319
74 628
74 629
74 465
74 73
74 1303
74 630
74 1340
74 1341
74 348
74 893
74 164
74 165
74 1272
74 76
74 167
74 634
74 856
74 749
74 638
74 1115
74 641
74 265
74 466
74 80
74 1343
74 82
74 169
74 317
74 647
74 172
74 85
74 732
74 174
74 175
74 651
74 652
74 87
74 1178
74 374
74 176
74 177
74 180
74 656
74 181
74 182
74 1163
74 1119
74 1346
74 471
74 322
74 661
74 662
74 1046
74 1349
74 664
74 1350
74 862
74 187
74 269
74 95
74 271
74 97
74 352
74 190
74 353
74 668
74 355
74 197
74 99
74 273
74 199
74 200
74 101
74 1076
74 673
74 676
74 680
74 1353
74 357
74 534
74 103
74 735
74 682
74 1307
74 1356
74 1124
74 1357
74 212
74 205
74 206
74 844
74 919
74 106
74 231
1251 418
1251 1256
767 764
767 765
1359 164
1359 1360
1361 230
630 69
630 74
630 80
366 32
366 315
366 288
366 1102
366 22
366 1174
366 1103
366 1208
366 1133
366 367
366 504
366 1209
366 1362
366 1210
366 538
366 539
366 544
363 361
363 125
363 486
363 462
363 998
363 143
363 1020
363 66
363 81
363 171
363 317
363 1160
363 177
363 95
363 230
363 275
367 1208
367 366
332 325
332 32
332 22
332 330
332 501
332 1106
332 334
332 335
332 525
332 703
332 535
1340 572
1340 69
1340 74
1340 182
295 33
295 427
295 428
295 436
295 306
427 32
427 33
427 426
427 295
427 428
427 432
427 436
427 1078
427 512
427 306
427 453
428 33
428 426
428 295
428 427
428 432
428 434
428 436
428 439
428 445
428 447
428 306
1252 418
1264 19
429 32
429 397
429 426
429 430
429 435
943 420
943 437
430 426
430 428
430 429
430 432
430 433
430 435
501 17
501 397
501 422
501 22
501 332
501 27
501 334
501 514
501 525
501 535
1341 74
1217 961
1217 418
348 338
348 133
348 137
348 74
348 80
348 317
348 175
348 273
827 32
827 1056
827 117
827 514
827 703
827 535
827 414
827 1099
401 17
401 397
401 755
401 433
401 27
401 404
401 506
401 405
401 406
401 408
401 409
401 411
401 413
401 414
401 416
432 33
432 425
432 426
432 295
432 428
432 827
432 434
432 436
432 439
432 447
432 306
432 521
297 283
297 32
297 3
297 303
297 304
297 305
433 397
433 980
433 426
433 430
433 434
433 310
433 761
433 414
1254 418
434 32
434 33
434 425
434 426
434 432
434 433
434 34
434 439
434 445
434 306
435 32
435 397
435 426
435 429
435 430
435 310
893 133
893 136
893 137
893 147
893 418
893 165
893 895
893 374
893 176
893 513
893 182
893 192
893 197
893 205
1135 32
3 1
3 297
3 303
3 304
3 305
1300 1084
1300 958
1386 505
1386 514
1386 1098
403 397
403 755
403 398
403 551
403 401
403 27
403 404
403 757
403 506
403 701
403 758
403 34
403 408
403 409
403 410
403 521
403 760
403 310
403 414
403 415
403 416
436 33
436 426
436 295
436 427
436 428
436 432
436 306
1113 74
1218 961
1218 418
1387 69
27 32
27 17
27 397
27 755
27 22
27 551
27 425
27 332
27 501
27 827
27 401
27 404
27 406
27 701
27 758
27 334
27 514
27 408
27 410
27 411
27 702
27 525
27 703
27 413
27 760
27 310
27 535
27 414
27 704
27 416
955 952
955 504
955 956
955 1084
955 1362
955 958
955 1388
504 32
504 315
504 952
504 22
504 1103
504 1298
504 366
504 955
504 167
504 958
504 538
504 959
1391 317
505 32
505 1056
505 1191
505 117
505 827
505 514
505 703
505 1098
505 535
505 704
505 1099
404 397
404 755
404 398
404 501
404 401
404 403
404 27
404 757
404 506
404 405
404 406
404 509
404 758
404 408
404 409
404 411
404 702
404 760
404 310
404 414
404 415
404 416
437 420
437 22
437 426
437 427
437 943
437 512
1069 115
1069 327
1069 826
1069 392
1069 121
757 397
757 755
757 398
757 401
757 403
757 404
757 506
757 758
757 408
757 409
757 521
757 760
757 310
757 414
757 415
757 416
506 32
506 397
506 755
506 398
506 551
506 401
506 433
506 403
506 404
506 757
506 405
506 509
506 758
506 408
506 409
506 521
506 760
506 310
506 761
506 414
506 415
506 416
405 17
405 397
405 548
405 422
405 401
405 404
405 506
405 406
405 408
405 409
405 410
405 411
405 702
405 527
405 413
405 415
405 416
303 283
303 297
303 3
1106 22
1106 330
1106 332
1106 333
1106 334
1106 335
1106 535
966 53
966 138
966 259
966 157
966 85
966 174
966 374
966 384
1396 165
163 124
163 132
163 705
163 145
163 147
163 85
163 902
163 1047
163 190
163 214
163 275
164 124
164 313
164 125
164 485
164 32
164 47
164 130
164 49
164 746
164 242
164 51
164 132
164 133
164 248
164 135
164 136
164 137
164 591
164 594
164 53
164 55
164 138
164 141
164 1009
164 143
164 145
164 56
164 147
164 58
164 606
164 151
164 613
164 1110
164 728
164 235
164 497
164 619
164 1031
164 345
164 853
164 730
164 154
164 258
164 155
164 418
164 157
164 69
164 628
164 1039
164 465
164 73
164 74
164 1359
164 363
164 893
164 165
164 167
164 895
164 634
164 349
164 749
164 641
164 80
164 81
164 82
164 169
164 170
164 171
164 317
164 84
164 1311
164 647
164 172
164 173
164 85
164 732
164 174
164 175
164 848
164 87
164 176
164 513
164 177
164 178
164 180
164 181
164 182
164 747
164 659
164 662
164 185
164 187
164 691
164 733
164 734
164 95
164 271
164 97
164 190
164 192
164 836
164 194
164 197
164 99
164 273
164 199
164 114
164 787
164 200
164 1122
164 851
164 230
164 103
164 1399
164 735
164 104
164 873
164 540
164 1401
164 974
164 212
164 205
164 872
164 206
164 784
164 919
164 106
164 1318
481 233
481 252
481 151
481 75
481 172
481 1160
481 239
481 883
481 736
165 44
165 107
165 124
165 241
165 361
165 377
165 125
165 485
165 32
165 559
165 575
165 742
165 546
165 315
165 130
165 790
165 1402
165 49
165 829
165 242
165 51
165 845
165 340
165 132
165 133
165 751
165 135
165 136
165 137
165 591
165 592
165 941
165 594
165 464
165 973
165 979
165 55
165 138
165 141
165 143
165 145
165 56
165 147
165 58
165 606
165 607
165 608
165 1094
165 1403
165 22
165 151
165 614
165 810
165 497
165 220
165 619
165 622
165 853
165 258
165 623
165 346
165 627
165 1214
165 418
165 157
165 69
165 628
165 1404
165 162
165 465
165 73
165 74
165 1405
165 893
165 1396
165 164
165 967
165 167
165 895
165 634
165 263
165 749
165 641
165 265
165 80
165 81
165 1343
165 82
165 169
165 237
165 171
165 317
165 1310
165 1311
165 1408
165 647
165 266
165 1275
165 173
165 85
165 732
165 174
165 175
165 649
165 651
165 652
165 848
165 1223
165 87
165 374
165 176
165 513
165 177
165 178
165 180
165 1409
165 181
165 182
165 1163
165 1261
165 1045
165 185
165 664
165 862
165 187
165 269
165 691
165 1411
165 244
165 733
165 351
165 1051
165 97
165 352
165 190
165 192
165 193
165 711
165 668
165 866
165 194
165 867
165 197
165 99
165 273
165 199
165 787
165 200
165 101
165 851
165 675
165 676
165 230
165 914
165 534
165 103
165 869
165 540
165 212
165 1101
165 205
165 783
165 206
165 784
165 106
165 1318
165 231
75 245
75 706
75 10
75 481
75 87
75 104
769 147
1040 1029
1040 147
1040 1031
1413 133
1413 230
967 53
967 937
967 966
967 631
967 85
967 174
967 175
1272 74
1272 230
794 572
1416 230
76 571
76 47
76 49
76 51
76 379
76 135
76 137
76 1417
76 55
76 138
76 143
76 254
76 257
76 380
76 372
76 258
76 67
76 381
76 10
76 465
76 73
76 74
76 721
76 466
76 80
76 81
76 82
76 171
76 266
76 85
76 174
76 175
76 933
76 182
76 89
76 91
76 471
76 269
76 272
76 866
76 101
76 384
76 202
76 239
76 473
76 240
76 104
76 105
76 106
1418 1148
1418 656
631 49
631 257
631 967
631 82
631 172
631 1160
631 238
631 103
167 124
167 315
167 49
167 242
167 132
167 133
167 137
167 138
167 147
167 613
167 69
167 74
167 504
167 164
167 967
167 80
167 82
167 174
167 176
167 177
167 182
167 91
167 836
167 197
167 199
167 384
167 230
167 103
167 104
167 917
167 206
895 136
895 147
895 418
895 893
895 165
895 513
895 205
956 952
956 955
956 958
634 133
634 147
634 69
634 74
634 165
634 80
634 317
856 133
856 73
856 165
1136 22
1419 466
977 1420
977 771
977 774
977 1182
977 1013
977 779
977 1422
977 1423
977 780
977 1183
977 781
977 1373
977 1377
977 1379
977 1424
977 978
977 784
977 785
1137 22
1321 136
1321 182
1321 185
263 245
263 47
263 48
263 51
263 254
263 145
263 147
263 619
263 66
263 258
263 10
263 739
263 317
263 732
263 174
263 176
263 177
263 659
263 691
263 190
263 194
263 197
263 238
263 473
263 240
931 137
931 80
931 229
1256 418
1256 513
1296 223
636 137
636 69
1427 317
349 338
349 315
349 164
349 902
349 353
349 357
349 883
1428 317
1428 273
1429 164
1176 235
721 51
721 463
721 254
721 56
721 58
721 345
721 154
721 10
721 69
721 172
721 85
721 174
721 691
721 272
721 103
721 473
721 240
739 50
739 1247
739 1430
749 546
749 10
749 69
749 1059
749 164
749 317
749 230
638 379
638 67
638 74
638 230
815 147
815 811
815 1047
1115 74
1220 961
1220 418
641 55
641 74
641 164
641 165
641 80
641 175
642 317
857 317
265 572
265 133
265 137
265 55
265 69
265 71
265 74
265 165
265 80
265 82
265 317
265 174
265 181
265 271
265 673
466 125
466 49
466 463
466 135
466 138
466 143
466 56
466 58
466 609
466 259
466 157
466 69
466 1419
466 81
466 82
466 85
466 174
466 659
466 691
466 95
466 271
466 272
466 103
466 240
466 104
466 212
466 106
1436 230
316 313
316 317
1041 147
1041 1037
1041 237
382 51
382 383
382 95
80 44
80 124
80 245
80 125
80 485
80 32
80 578
80 579
80 462
80 546
80 582
80 49
80 585
80 51
80 340
80 132
80 133
80 878
80 379
80 463
80 135
80 136
80 137
80 591
80 250
80 594
80 55
80 138
80 599
80 252
80 143
80 145
80 56
80 147
80 606
80 1086
80 608
80 1097
80 611
80 22
80 614
80 497
80 257
80 345
80 622
80 853
80 66
80 154
80 258
80 623
80 67
80 346
80 418
80 157
80 10
80 799
80 69
80 465
80 73
80 74
80 630
80 348
80 164
80 165
80 76
80 167
80 634
80 931
80 641
80 857
80 265
80 81
80 82
80 169
80 170
80 237
80 171
80 317
80 1310
80 84
80 1311
80 647
80 85
80 174
80 175
80 87
80 374
80 176
80 513
80 177
80 178
80 180
80 656
80 182
80 658
80 938
80 471
80 661
80 664
80 269
80 95
80 271
80 97
80 352
80 190
80 353
80 194
80 355
80 197
80 99
80 273
80 199
80 200
80 1122
80 202
80 715
80 103
80 240
80 104
80 873
80 105
80 540
80 279
80 212
80 205
80 800
80 206
80 106
968 1175
968 69
968 81
968 174
81 44
81 124
81 125
81 575
81 462
81 546
81 791
81 49
81 839
81 51
81 132
81 133
81 463
81 135
81 136
81 137
81 591
81 53
81 55
81 138
81 141
81 145
81 56
81 147
81 58
81 61
81 613
81 728
81 220
81 258
81 67
81 1234
81 222
81 157
81 10
81 223
81 225
81 69
81 465
81 73
81 363
81 164
81 165
81 76
81 80
81 82
81 171
81 317
81 709
81 172
81 85
81 732
81 174
81 175
81 87
81 176
81 177
81 178
81 180
81 181
81 182
81 91
81 471
81 185
81 187
81 691
81 95
81 271
81 97
81 190
81 272
81 194
81 197
81 199
81 200
81 101
81 675
81 230
81 103
81 735
81 240
81 104
81 540
81 871
81 212
81 205
81 872
81 800
81 206
81 106
1258 418
1343 74
1343 165
82 44
82 233
82 338
82 125
82 485
82 47
82 546
82 130
82 49
82 51
82 133
82 379
82 135
82 136
82 137
82 55
82 138
82 937
82 991
82 1004
82 143
82 602
82 145
82 56
82 147
82 606
82 608
82 1096
82 609
82 151
82 619
82 962
82 345
82 258
82 259
82 67
82 381
82 1267
82 157
82 10
82 799
82 69
82 71
82 465
82 73
82 74
82 164
82 165
82 76
82 631
82 167
82 721
82 265
82 80
82 169
82 170
82 171
82 317
82 84
82 646
82 266
82 173
82 648
82 85
82 174
82 175
82 176
82 177
82 178
82 180
82 1440
82 181
82 182
82 657
82 658
82 659
82 938
82 471
82 185
82 269
82 691
82 95
82 271
82 97
82 190
82 272
82 193
82 194
82 99
82 273
82 199
82 200
82 101
82 230
82 202
82 103
82 239
82 240
82 105
82 212
82 205
82 206
82 106
1441 106
169 124
169 572
169 49
169 51
169 133
169 135
169 136
169 55
169 147
169 151
169 69
169 74
169 164
169 165
169 80
169 317
169 174
169 175
169 176
169 182
169 190
169 197
170 49
170 51
170 133
170 55
170 141
170 145
170 147
170 609
170 258
170 164
170 80
170 82
170 177
170 178
170 180
170 197
644 165
644 317
1273 10
970 706
970 69
1159 963
1159 317
1159 181
237 233
237 147
237 165
237 1041
237 80
237 177
237 106
1138 22
1138 456
171 124
171 245
171 313
171 125
171 546
171 572
171 49
171 51
171 133
171 463
171 135
171 136
171 137
171 251
171 55
171 138
171 145
171 56
171 147
171 58
171 619
171 66
171 258
171 157
171 69
171 465
171 73
171 363
171 164
171 165
171 265
171 80
171 81
171 82
171 317
171 174
171 175
171 87
171 176
171 177
171 178
171 180
171 267
171 181
171 182
171 662
171 269
171 95
171 97
171 190
171 194
171 197
171 199
171 200
171 101
171 103
171 473
171 104
171 106
1443 136
1326 10
317 124
317 245
317 313
317 324
317 338
317 125
317 485
317 32
317 578
317 579
317 722
317 723
317 742
317 546
317 790
317 582
317 49
317 51
317 340
317 133
317 135
317 137
317 594
317 464
317 53
317 706
317 979
317 55
317 983
317 138
317 987
317 1444
317 599
317 600
317 143
317 1015
317 602
317 145
317 56
317 147
317 606
317 608
317 1097
317 611
317 614
317 615
317 1110
317 618
317 497
317 220
317 64
317 1156
317 622
317 1026
317 372
317 623
317 259
317 67
317 346
317 221
317 1173
317 928
317 625
317 157
317 69
317 1319
317 1332
317 73
317 74
317 363
317 348
317 164
317 165
317 634
317 263
317 1427
317 1428
317 642
317 857
317 265
317 80
317 82
317 169
317 644
317 1159
317 171
317 1310
317 647
317 1160
317 174
317 175
317 651
317 1446
317 652
317 87
317 1447
317 318
317 374
317 177
317 180
317 656
317 182
317 1163
317 471
317 322
317 661
317 662
317 1349
317 1449
317 664
317 269
317 1450
317 95
317 271
317 97
317 352
317 190
317 353
317 272
317 668
317 1451
317 194
317 355
317 99
317 273
317 199
317 200
317 1076
317 673
317 674
317 676
317 1167
317 230
317 357
317 1454
317 202
317 103
317 240
317 682
317 105
317 1455
317 1356
317 212
317 205
317 106
317 231
317 1168
1310 80
1310 317
884 135
884 53
709 133
709 137
709 608
709 81
709 174
709 91
645 659
383 51
1457 74
1457 230
84 44
84 338
84 125
84 462
84 339
84 379
84 463
84 591
84 53
84 937
84 143
84 147
84 58
84 61
84 611
84 613
84 619
84 257
84 345
84 66
84 154
84 259
84 10
84 69
84 73
84 164
84 263
84 80
84 82
84 266
84 174
84 175
84 177
84 178
84 185
84 691
84 95
84 272
84 192
84 202
84 103
84 104
84 105
84 872
84 800
406 17
406 397
406 422
406 551
406 401
406 27
406 404
406 405
406 701
406 408
406 410
406 411
406 702
406 703
406 416
1311 164
1311 165
1311 80
1311 197
1311 199
816 147
816 811
816 163
646 132
646 137
646 151
646 76
646 82
646 197
646 202
646 240
1139 22
1139 456
1408 136
1408 165
1408 182
1408 197
1221 961
647 961
647 418
647 74
647 164
647 165
647 317
333 325
333 22
333 23
333 1139
333 511
333 334
266 245
266 47
266 49
266 51
266 55
266 252
266 609
266 259
266 67
266 71
266 165
266 76
266 82
266 170
266 175
266 178
266 194
266 883
266 240
266 104
266 106
172 124
172 51
172 137
172 55
172 138
172 147
172 619
172 223
172 69
172 73
172 164
172 481
172 631
172 721
172 81
172 174
172 180
701 397
701 22
701 551
701 401
701 403
701 27
701 404
701 406
701 410
701 521
701 411
701 702
701 703
701 413
701 535
701 414
701 704
1462 133
1160 462
1160 363
1160 631
1160 317
1160 174
932 137
173 124
173 241
173 136
173 147
173 1034
173 151
173 164
173 165
173 82
173 174
173 185
173 190
173 199
173 114
173 230
173 974
173 205
173 919
173 231
648 58
648 82
85 245
85 125
85 791
85 839
85 51
85 133
85 135
85 136
85 137
85 55
85 138
85 937
85 143
85 254
85 147
85 61
85 613
85 235
85 619
85 345
85 154
85 10
85 69
85 793
85 465
85 73
85 74
85 966
85 163
85 164
85 165
85 967
85 631
85 263
85 80
85 82
85 169
85 171
85 732
85 174
85 649
85 177
85 178
85 180
85 471
85 185
85 269
85 691
85 733
85 190
85 197
85 112
85 238
85 202
85 473
85 883
85 104
85 540
85 212
85 205
85 872
85 106
732 339
732 315
732 136
732 53
732 138
732 147
732 613
732 810
732 728
732 345
732 66
732 155
732 69
732 74
732 164
732 165
732 167
732 263
732 81
732 174
732 178
732 182
732 190
732 192
732 194
732 197
732 199
732 787
732 205
174 124
174 207
174 213
174 233
174 245
174 313
174 125
174 485
174 32
174 47
174 208
174 579
174 48
174 546
174 315
174 49
174 824
174 839
174 585
174 51
174 132
174 133
174 874
174 463
174 135
174 136
174 137
174 591
174 250
174 594
174 464
174 53
174 969
174 55
174 138
174 937
174 143
174 254
174 602
174 145
174 56
174 147
174 58
174 1034
174 1079
174 608
174 61
174 1073
174 609
174 22
174 613
174 1175
174 497
174 619
174 962
174 257
174 64
174 345
174 853
174 66
174 258
174 623
174 67
174 155
174 625
174 418
174 157
174 10
174 69
174 1059
174 842
174 465
174 73
174 74
174 966
174 163
174 164
174 165
174 967
174 76
174 263
174 1428
174 721
174 265
174 466
174 80
174 968
174 81
174 82
174 169
174 171
174 317
174 709
174 84
174 172
174 1160
174 173
174 85
174 732
174 175
174 848
174 87
174 374
174 176
174 513
174 177
174 178
174 180
174 181
174 182
174 659
174 91
174 471
174 185
174 862
174 187
174 269
174 691
174 1082
174 95
174 271
174 97
174 352
174 190
174 272
174 192
174 1467
174 194
174 197
174 273
174 199
174 200
174 1076
174 1122
174 673
174 674
174 675
174 676
174 275
174 1468
174 103
174 473
174 1244
174 240
174 104
174 540
174 474
174 974
174 212
174 205
174 872
174 206
174 919
174 106
174 1318
1469 106
175 124
175 233
175 245
175 313
175 125
175 339
175 546
175 582
175 49
175 585
175 51
175 132
175 133
175 135
175 136
175 137
175 594
175 53
175 55
175 138
175 141
175 143
175 254
175 145
175 56
175 147
175 609
175 151
175 614
175 619
175 257
175 622
175 372
175 67
175 346
175 157
175 10
175 799
175 69
175 71
175 465
175 73
175 74
175 164
175 165
175 76
175 265
175 80
175 81
175 82
175 169
175 171
175 317
175 84
175 85
175 174
175 176
175 177
175 178
175 180
175 181
175 182
175 658
175 269
175 691
175 734
175 95
175 97
175 190
175 353
175 272
175 194
175 197
175 273
175 199
175 200
175 230
175 275
175 103
175 239
175 104
175 682
175 206
175 106
649 136
649 55
649 147
649 69
649 165
649 80
649 106
1472 230
651 133
651 55
651 147
651 69
651 74
651 165
651 317
651 97
1446 317
1193 746
1193 747
227 133
227 219
227 222
227 10
227 225
227 175
227 229
227 230
652 572
652 133
652 74
652 165
652 317
1198 22
1198 500
1222 961
1199 500
509 32
509 397
509 506
509 758
509 408
509 409
509 521
509 760
848 136
848 137
848 138
848 147
848 164
848 165
848 174
848 192
848 197
848 200
1223 961
1223 418
1223 165
87 44
87 233
87 245
87 546
87 49
87 51
87 133
87 379
87 135
87 137
87 55
87 138
87 143
87 611
87 257
87 67
87 69
87 71
87 74
87 165
87 80
87 81
87 171
87 317
87 174
87 175
87 177
87 180
87 181
87 95
87 97
87 230
87 240
87 279
318 313
318 317
1478 273
319 316
319 807
319 919
511 17
511 397
511 22
511 524
511 759
1481 1242
1083 958
1242 177
1242 807
1242 351
1242 736
512 32
512 420
512 427
512 943
512 437
512 306
758 397
758 755
758 398
758 551
758 403
758 27
758 404
758 757
758 506
758 509
758 408
758 409
758 521
758 760
758 414
34 33
34 426
34 434
34 403
34 757
34 506
439 32
439 425
439 426
439 428
439 432
439 434
439 445
439 447
439 306
1178 10
1178 223
1178 864
1178 230
374 32
374 133
374 379
374 137
374 143
374 147
374 22
374 961
374 418
374 69
374 74
374 893
374 966
374 165
374 80
374 82
374 317
374 174
374 513
374 182
374 190
1483 137
1483 67
1483 181
391 326
391 32
391 389
391 21
391 22
391 393
391 43
391 455
334 325
334 397
334 22
334 330
334 332
334 501
334 827
334 27
334 1106
334 333
334 514
334 335
334 535
1182 774
1182 977
1485 223
1486 10
1179 10
1487 1488
1204 363
1204 1242
1268 141
1268 728
1268 73
176 124
176 213
176 233
176 125
176 339
176 315
176 786
176 130
176 49
176 242
176 51
176 132
176 133
176 882
176 135
176 136
176 137
176 591
176 138
176 991
176 143
176 145
176 147
176 1095
176 151
176 613
176 235
176 418
176 157
176 69
176 465
176 73
176 74
176 893
176 164
176 165
176 167
176 80
176 81
176 82
176 169
176 171
176 317
176 709
176 1311
176 732
176 174
176 175
176 848
176 513
176 177
176 178
176 180
176 182
176 91
176 185
176 187
176 190
176 192
176 866
176 194
176 99
176 199
176 114
176 200
176 851
176 230
176 868
176 914
176 103
176 106
176 1318
1260 418
119 115
119 22
119 121
933 137
994 837
513 32
513 133
513 136
513 137
513 147
513 1214
513 418
513 1262
513 69
513 74
513 893
513 164
513 165
513 76
513 895
513 1256
513 174
513 176
513 182
513 190
513 197
513 199
513 200
513 540
513 205
513 206
470 125
1277 10
177 44
177 124
177 213
177 233
177 245
177 876
177 125
177 47
177 462
177 315
177 49
177 585
177 51
177 132
177 133
177 135
177 136
177 137
177 250
177 464
177 55
177 138
177 141
177 143
177 145
177 147
177 58
177 151
177 235
177 619
177 345
177 372
177 66
177 258
177 259
177 157
177 10
177 69
177 465
177 73
177 363
177 164
177 165
177 76
177 167
177 263
177 739
177 80
177 81
177 82
177 169
177 170
177 237
177 171
177 317
177 84
177 85
177 174
177 175
177 1481
177 1242
177 1204
177 176
177 178
177 180
177 181
177 182
177 657
177 658
177 185
177 187
177 691
177 95
177 351
177 271
177 97
177 190
177 272
177 194
177 197
177 199
177 200
177 202
177 103
177 473
177 240
177 104
177 736
177 105
177 974
177 212
177 205
177 106
1492 313
1493 230
817 147
304 283
304 284
304 297
304 298
304 435
304 3
304 305
1494 1186
178 124
178 338
178 125
178 48
178 130
178 791
178 49
178 585
178 51
178 132
178 133
178 135
178 136
178 137
178 250
178 138
178 141
178 143
178 254
178 145
178 56
178 147
178 608
178 611
178 151
178 613
178 728
178 257
178 372
178 66
178 258
178 157
178 69
178 465
178 73
178 164
178 165
178 76
178 167
178 895
178 349
178 466
178 80
178 81
178 82
178 170
178 171
178 84
178 172
178 85
178 174
178 175
178 176
178 513
178 177
178 180
178 1440
178 181
178 182
178 657
178 659
178 185
178 269
178 691
178 95
178 271
178 97
178 190
178 194
178 197
178 199
178 200
178 202
178 103
178 240
178 104
178 105
178 212
178 205
178 206
178 106
514 32
514 397
514 21
514 1056
514 826
514 22
514 1191
514 117
514 1201
514 551
514 501
514 827
514 1386
514 27
514 505
514 1495
514 516
514 392
514 1496
514 703
514 1098
514 1431
514 535
514 414
514 704
514 1099
514 205
776 315
776 182
408 32
408 397
408 422
408 755
408 398
408 401
408 403
408 27
408 404
408 757
408 506
408 405
408 406
408 701
408 509
408 758
408 409
408 410
408 521
408 411
408 702
408 760
408 414
408 415
180 124
180 245
180 125
180 49
180 51
180 132
180 133
180 379
180 135
180 136
180 137
180 250
180 53
180 55
180 138
180 143
180 602
180 145
180 56
180 147
180 58
180 609
180 257
180 154
180 258
180 259
180 67
180 157
180 69
180 71
180 465
180 73
180 74
180 164
180 165
180 76
180 466
180 80
180 81
180 82
180 169
180 171
180 317
180 84
180 172
180 85
180 174
180 175
180 87
180 176
180 177
180 178
180 181
180 182
180 471
180 269
180 95
180 271
180 97
180 190
180 272
180 194
180 197
180 199
180 200
180 101
180 202
180 103
180 473
180 240
180 104
180 105
180 106
267 245
267 345
267 171
267 181
267 89
267 95
305 297
305 3
305 304
898 10
898 106
1140 22
1140 1143
1118 69
1499 351
229 245
229 804
229 133
229 1180
229 67
229 10
229 223
229 225
229 69
229 931
229 227
229 1178
229 658
229 230
229 106
515 32
515 771
515 147
515 1081
515 190
1440 82
1440 85
1440 734
1148 1147
1148 154
1148 1245
1148 1418
656 74
656 80
656 317
656 180
656 95
656 273
516 32
516 21
516 327
516 22
516 330
516 501
516 27
516 514
516 456
858 125
858 133
858 792
858 80
858 89
858 91
181 44
181 245
181 125
181 571
181 48
181 49
181 585
181 51
181 133
181 135
181 136
181 137
181 55
181 138
181 143
181 145
181 56
181 147
181 618
181 258
181 157
181 10
181 69
181 792
181 73
181 74
181 1340
181 164
181 165
181 80
181 81
181 82
181 1159
181 171
181 174
181 175
181 87
181 176
181 177
181 180
181 267
181 89
181 185
181 734
181 95
181 190
181 194
181 197
181 1167
181 230
181 202
181 104
181 212
181 205
181 106
1209 366
445 32
445 425
445 426
445 428
445 434
445 436
445 439
445 447
900 69
900 106
859 133
182 44
182 124
182 125
182 485
182 32
182 577
182 47
182 315
182 49
182 242
182 51
182 132
182 133
182 135
182 136
182 137
182 591
182 973
182 771
182 55
182 138
182 141
182 143
182 145
182 56
182 147
182 22
182 151
182 497
182 258
182 418
182 157
182 69
182 628
182 162
182 73
182 74
182 1340
182 893
182 164
182 165
182 167
182 1321
182 80
182 81
182 82
182 169
182 171
182 317
182 1408
182 732
182 174
182 175
182 848
182 374
182 176
182 513
182 177
182 178
182 776
182 180
182 181
182 185
182 187
182 691
182 733
182 95
182 190
182 192
182 194
182 197
182 199
182 787
182 200
182 534
182 103
182 240
182 781
182 205
182 206
182 919
182 106
182 1318
1163 69
1163 74
1163 165
1163 317
657 44
657 379
657 257
657 76
657 82
657 194
657 240
657 212
747 745
747 746
747 147
747 164
747 1193
747 1171
747 1194
89 44
89 48
89 133
89 138
89 258
89 259
89 67
89 792
89 76
89 267
89 858
89 181
89 734
89 275
89 240
658 572
658 585
658 133
658 250
658 55
658 147
658 154
658 67
658 929
658 80
658 82
658 177
658 178
658 471
658 807
658 95
658 272
658 202
658 103
658 105
392 115
392 32
392 389
392 21
392 826
392 22
392 1069
392 119
392 514
392 393
392 121
392 414
659 339
659 53
659 147
659 10
659 69
659 73
659 164
659 263
659 81
659 82
659 84
659 172
659 174
659 178
659 91
659 271
659 103
659 104
659 279
659 800
659 106
938 235
938 76
938 80
938 82
938 103
91 44
91 245
91 125
91 315
91 572
91 837
91 133
91 137
91 53
91 138
91 252
91 143
91 147
91 257
91 258
91 259
91 67
91 157
91 799
91 76
91 80
91 81
91 85
91 174
91 175
91 176
91 858
91 659
91 734
91 194
91 275
91 240
91 104
91 279
91 106
660 810
660 345
660 199
393 326
393 32
393 389
393 21
393 22
393 1069
393 391
393 392
409 32
409 397
409 422
409 755
409 398
409 401
409 403
409 404
409 757
409 506
409 405
409 406
409 509
409 758
409 408
409 521
409 413
409 760
409 415
409 416
885 135
885 69
518 32
719 135
719 937
719 10
719 84
1346 74
1509 591
1225 961
1225 418
471 44
471 338
471 133
471 135
471 137
471 250
471 55
471 138
471 56
471 611
471 69
471 71
471 465
471 74
471 76
471 80
471 82
471 317
471 84
471 85
471 177
471 178
471 180
471 658
471 95
471 194
471 202
471 883
471 240
471 104
471 105
322 143
322 74
322 317
322 273
661 245
661 338
661 74
661 80
661 317
661 273
1510 136
519 32
519 22
1151 1150
1151 418
1261 418
1261 165
1084 952
1084 955
1084 958
860 133
860 269
860 830
410 397
410 551
410 403
410 27
410 405
410 406
410 701
410 411
410 702
410 527
410 703
410 414
410 415
1045 147
1045 165
662 572
662 74
662 164
662 171
1046 74
1046 165
901 10
807 50
807 137
807 58
807 154
807 806
807 793
807 1242
807 658
807 351
1349 74
1349 317
185 124
185 315
185 242
185 51
185 136
185 55
185 147
185 613
185 619
185 164
185 165
185 82
185 169
185 1443
185 84
185 732
185 174
185 176
185 177
185 178
185 182
185 97
185 836
185 197
185 199
185 114
185 540
185 205
185 206
185 784
447 32
447 426
447 439
447 445
1362 955
306 32
306 33
306 425
306 426
306 295
306 427
306 428
306 432
306 434
306 436
306 439
1449 317
1449 273
521 397
521 398
521 551
521 403
521 757
521 506
521 408
521 409
521 760
521 414
521 415
521 416
664 133
664 137
664 69
664 74
664 165
664 80
664 317
664 273
849 132
849 136
849 165
849 237
849 197
849 205
862 32
862 133
862 961
862 418
862 74
862 165
862 174
187 124
187 133
187 137
187 55
187 147
187 151
187 69
187 74
187 164
187 165
187 167
187 174
187 175
187 176
187 177
187 182
187 190
187 199
1496 32
1496 514
902 124
902 136
902 147
902 728
902 163
902 177
902 190
1324 426
1324 434
1278 10
1507 220
1507 675
269 44
269 245
269 313
269 49
269 51
269 135
269 136
269 137
269 53
269 55
269 138
269 254
269 145
269 56
269 58
269 258
269 259
269 10
269 69
269 71
269 465
269 73
269 74
269 165
269 80
269 81
269 82
269 171
269 174
269 175
269 181
269 719
269 471
269 95
269 271
269 97
269 194
269 99
269 240
269 212
269 106
1279 10
1280 10
691 47
691 339
691 49
691 51
691 133
691 147
691 58
691 619
691 811
691 345
691 69
691 164
691 263
691 80
691 82
691 174
691 659
691 192
691 199
691 240
691 205
691 106
1411 165
335 325
335 32
335 22
335 330
335 332
335 1106
335 334
335 535
121 115
121 32
121 1511
121 826
121 1069
121 119
121 392
244 241
244 136
244 165
244 200
733 124
733 339
733 315
733 130
733 136
733 147
733 23
733 164
733 165
733 177
733 182
733 192
733 193
733 197
733 199
523 32
523 17
523 548
523 422
523 527
1450 317
1450 273
734 339
734 132
734 135
734 250
734 164
734 175
734 1440
734 181
734 89
734 91
734 104
1082 1335
1082 174
95 44
95 47
95 48
95 764
95 582
95 49
95 51
95 133
95 463
95 137
95 250
95 53
95 55
95 143
95 602
95 56
95 147
95 58
95 220
95 257
95 64
95 258
95 259
95 1295
95 69
95 71
95 465
95 73
95 74
95 363
95 165
95 76
95 466
95 382
95 80
95 81
95 82
95 170
95 317
95 84
95 174
95 175
95 87
95 177
95 178
95 180
95 181
95 659
95 471
95 269
95 97
95 190
95 272
95 194
95 101
95 202
95 103
95 473
95 240
95 104
95 682
95 540
95 212
95 106
904 1097
904 10
351 338
351 993
351 1160
351 1242
351 177
351 1499
351 95
1047 147
1047 163
1047 815
864 133
864 10
864 230
864 232
454 326
454 22
454 1106
454 333
454 334
1514 1182
271 245
271 125
271 48
271 546
271 49
271 51
271 133
271 135
271 137
271 55
271 138
271 143
271 56
271 609
271 66
271 258
271 259
271 67
271 157
271 10
271 69
271 71
271 73
271 74
271 76
271 80
271 81
271 82
271 317
271 84
271 85
271 174
271 175
271 87
271 178
271 180
271 181
271 471
271 97
271 194
271 101
271 202
271 103
271 473
271 212
271 106
1282 10
1282 106
1228 961
1051 124
1051 165
1051 736
524 511
524 334
524 527
411 32
411 17
411 397
411 551
411 401
411 27
411 404
411 405
411 406
411 701
411 410
411 702
411 525
411 413
411 414
1013 977
1013 978
97 124
97 245
97 125
97 49
97 51
97 133
97 135
97 136
97 137
97 250
97 55
97 138
97 143
97 56
97 147
97 606
97 609
97 611
97 497
97 66
97 258
97 10
97 1515
97 69
97 74
97 164
97 165
97 80
97 81
97 82
97 169
97 171
97 317
97 174
97 651
97 87
97 176
97 178
97 180
97 182
97 269
97 95
97 271
97 190
97 194
97 197
97 199
97 200
97 275
97 103
97 104
97 212
97 800
97 106
97 231
906 136
906 164
906 244
352 338
352 339
352 10
352 69
352 74
352 165
352 80
352 317
190 107
190 124
190 125
190 485
190 575
190 578
190 339
190 315
190 130
190 49
190 50
190 242
190 51
190 132
190 133
190 135
190 136
190 137
190 594
190 53
190 55
190 138
190 143
190 145
190 56
190 147
190 22
190 613
190 614
190 497
190 220
190 619
190 418
190 157
190 69
190 465
190 73
190 74
190 163
190 164
190 165
190 167
190 263
190 1176
190 80
190 81
190 82
190 169
190 171
190 317
190 173
190 174
190 175
190 374
190 176
190 513
190 177
190 178
190 180
190 182
190 747
190 91
190 187
190 902
190 97
190 272
190 194
190 197
190 199
190 534
190 103
190 104
190 540
190 205
190 206
190 919
190 106
353 338
353 339
353 133
353 74
353 349
353 317
353 175
272 44
272 245
272 462
272 51
272 133
272 379
272 135
272 136
272 137
272 250
272 55
272 138
272 143
272 56
272 609
272 618
272 257
272 154
272 259
272 221
272 69
272 793
272 71
272 465
272 73
272 74
272 466
272 81
272 82
272 317
272 174
272 175
272 177
272 178
272 180
272 658
272 659
272 471
272 269
272 95
272 194
272 384
272 473
272 883
272 104
272 736
272 212
272 800
272 106
192 124
192 577
192 130
192 136
192 591
192 145
192 147
192 1034
192 613
192 10
192 893
192 164
192 165
192 1517
192 732
192 87
192 182
192 733
192 194
192 197
192 199
192 851
192 1518
192 915
192 1101
192 205
1121 230
1121 106
1520 106
193 124
193 147
193 165
193 82
193 185
193 733
43 42
43 326
43 32
43 21
43 22
43 879
43 391
43 514
43 455
43 1521
711 136
711 613
711 165
1522 230
836 136
836 151
836 164
836 167
668 133
668 71
668 74
668 165
668 317
668 230
702 397
702 551
702 27
702 404
702 506
702 405
702 406
702 701
702 408
702 410
702 521
702 411
702 527
702 414
866 76
866 197
866 230
1451 317
1467 174
194 44
194 124
194 233
194 245
194 338
194 125
194 462
194 49
194 51
194 133
194 379
194 135
194 136
194 137
194 591
194 250
194 53
194 706
194 55
194 138
194 252
194 143
194 145
194 147
194 609
194 618
194 619
194 380
194 345
194 259
194 67
194 157
194 10
194 69
194 71
194 465
194 73
194 74
194 164
194 165
194 263
194 721
194 80
194 81
194 82
194 171
194 317
194 85
194 174
194 175
194 176
194 177
194 178
194 180
194 181
194 182
194 657
194 659
194 91
194 471
194 269
194 95
194 271
194 97
194 190
194 272
194 192
194 197
194 199
194 200
194 101
194 230
194 202
194 103
194 940
194 240
194 104
194 105
194 212
194 106
1229 961
1229 418
214 136
214 163
214 711
214 114
214 230
355 338
355 133
355 137
355 143
355 69
355 74
355 165
355 80
355 317
355 180
355 273
835 746
867 133
867 147
867 165
1210 1103
1210 1208
1210 1133
1210 366
946 718
946 69
525 32
525 17
525 397
525 22
525 501
525 404
525 506
525 411
525 759
669 273
1002 673
1002 674
1002 1363
197 124
197 125
197 47
197 315
197 49
197 51
197 132
197 133
197 135
197 136
197 137
197 705
197 53
197 55
197 138
197 145
197 147
197 151
197 155
197 1211
197 418
197 157
197 69
197 465
197 73
197 74
197 893
197 164
197 165
197 167
197 80
197 81
197 82
197 169
197 171
197 1311
197 646
197 1408
197 85
197 732
197 174
197 175
197 848
197 513
197 177
197 178
197 180
197 1440
197 182
197 849
197 187
197 97
197 190
197 192
197 866
197 194
197 273
197 199
197 200
197 103
197 1399
197 540
197 205
197 206
99 49
99 133
99 137
99 55
99 147
99 74
99 165
99 80
99 317
99 175
112 107
112 104
273 245
273 722
273 582
273 585
273 133
273 137
273 250
273 55
273 138
273 600
273 1065
273 608
273 1092
273 615
273 1180
273 1026
273 259
273 10
273 69
273 74
273 348
273 164
273 165
273 1428
273 80
273 82
273 317
273 174
273 1478
273 656
273 1534
273 322
273 661
273 1449
273 664
273 95
273 272
273 355
273 669
273 1076
273 673
273 674
273 230
273 1363
273 212
273 106
830 133
830 66
830 10
527 17
527 397
527 548
527 422
527 430
527 523
527 524
1456 10
199 124
199 213
199 241
199 125
199 130
199 49
199 51
199 132
199 133
199 135
199 136
199 137
199 591
199 705
199 55
199 138
199 143
199 145
199 147
199 345
199 418
199 157
199 69
199 465
199 73
199 74
199 164
199 165
199 167
199 80
199 81
199 82
199 171
199 317
199 732
199 174
199 175
199 176
199 513
199 177
199 178
199 180
199 182
199 660
199 185
199 733
199 95
199 97
199 190
199 192
199 194
199 197
199 200
199 103
199 205
199 106
703 32
703 397
703 22
703 1191
703 117
703 551
703 827
703 27
703 701
703 758
703 514
703 410
703 535
703 414
703 704
703 1099
114 130
114 136
114 151
114 613
114 164
114 173
114 176
114 906
114 200
787 130
787 345
787 164
787 165
787 732
787 182
200 124
200 575
200 49
200 51
200 132
200 133
200 135
200 136
200 137
200 55
200 138
200 143
200 145
200 147
200 613
200 497
200 66
200 346
200 418
200 157
200 69
200 465
200 73
200 74
200 164
200 165
200 1321
200 80
200 81
200 82
200 169
200 171
200 317
200 709
200 732
200 174
200 175
200 176
200 513
200 177
200 1494
200 178
200 180
200 181
200 182
200 691
200 97
200 272
200 192
200 194
200 197
200 99
200 273
200 199
200 913
200 103
200 540
200 212
200 205
200 106
528 32
528 529
1538 106
19 18
19 426
19 1264
1539 1540
909 136
779 977
779 1422
101 107
101 462
101 51
101 133
101 135
101 137
101 250
101 55
101 138
101 143
101 56
101 259
101 10
101 69
101 71
101 74
101 81
101 82
101 174
101 180
101 269
101 95
101 272
101 194
101 104
101 106
1540 1539
1540 986
1430 738
1430 177
529 32
529 22
529 528
1076 69
1076 74
1076 317
1076 273
986 58
1122 572
1122 73
1122 74
1122 80
1122 174
1122 230
673 133
673 55
673 963
673 69
673 74
673 165
673 80
673 317
673 174
673 1002
673 273
673 199
673 674
673 230
673 1363
674 55
674 71
674 73
674 317
674 181
674 1449
674 272
674 1002
674 273
674 673
674 1363
851 132
851 136
851 165
851 902
851 192
851 205
675 546
675 51
675 133
675 138
675 145
675 147
675 220
675 69
675 81
675 174
675 197
675 473
675 540
675 206
201 124
676 133
676 69
676 74
676 164
676 165
676 174
238 233
238 631
238 263
238 709
238 85
238 849
1543 23
1544 572
680 74
1230 961
1230 418
1353 74
1167 71
1167 317
1167 181
384 51
384 379
384 137
384 618
384 380
384 372
384 966
384 76
384 167
384 272
384 275
384 240
759 17
759 22
759 501
759 511
230 245
230 571
230 578
230 722
230 741
230 582
230 133
230 248
230 136
230 250
230 924
230 464
230 937
230 1003
230 145
230 56
230 1548
230 606
230 754
230 608
230 219
230 611
230 497
230 1189
230 1196
230 221
230 627
230 225
230 69
230 1550
230 1361
230 1340
230 164
230 165
230 1416
230 167
230 263
230 931
230 749
230 638
230 641
230 80
230 81
230 82
230 317
230 174
230 1472
230 1551
230 227
230 87
230 1178
230 176
230 1493
230 229
230 659
230 1510
230 860
230 662
230 864
230 271
230 192
230 1522
230 866
230 194
230 114
230 200
230 1122
230 851
230 676
230 474
230 205
230 800
230 106
230 231
230 232
532 288
868 133
868 69
868 176
913 136
913 147
357 338
357 82
357 317
1422 977
1422 1424
1098 32
1098 1191
1098 117
1098 827
1098 1386
1098 505
1098 514
1098 535
1098 704
1098 1099
914 133
914 165
914 176
914 214
202 562
202 546
202 49
202 51
202 133
202 135
202 137
202 250
202 464
202 55
202 138
202 252
202 143
202 145
202 56
202 609
202 220
202 259
202 67
202 157
202 69
202 793
202 71
202 76
202 80
202 82
202 317
202 646
202 177
202 178
202 180
202 181
202 658
202 471
202 902
202 97
202 194
202 103
202 239
202 240
202 104
202 106
533 397
796 74
413 17
413 397
413 422
413 549
413 551
413 401
413 27
413 404
413 405
413 509
413 409
413 411
1284 10
1284 230
1557 136
1431 514
760 397
760 755
760 398
760 330
760 403
760 27
760 404
760 757
760 506
760 509
760 758
760 408
760 409
760 521
760 414
310 397
310 426
310 429
310 433
310 435
310 403
310 27
310 506
310 702
310 761
310 414
275 245
275 132
275 136
275 626
275 10
275 69
275 793
275 363
275 163
275 349
275 174
275 89
275 91
275 271
275 384
275 103
275 104
534 32
534 961
534 418
534 74
534 165
561 136
561 164
715 135
715 706
715 10
715 80
715 194
103 124
103 125
103 462
103 49
103 51
103 132
103 133
103 135
103 136
103 137
103 250
103 53
103 55
103 138
103 141
103 143
103 602
103 145
103 56
103 147
103 1034
103 608
103 345
103 66
103 258
103 157
103 799
103 69
103 73
103 164
103 165
103 167
103 80
103 81
103 82
103 170
103 171
103 317
103 84
103 85
103 174
103 175
103 176
103 177
103 178
103 180
103 182
103 658
103 659
103 938
103 185
103 271
103 190
103 194
103 197
103 199
103 200
103 275
103 473
103 240
103 104
103 105
103 540
103 974
103 212
103 205
103 206
103 106
239 233
239 51
239 464
239 56
239 380
239 76
239 82
239 648
239 230
239 202
239 240
473 125
473 572
473 49
473 585
473 51
473 463
473 135
473 53
473 56
473 147
473 58
473 61
473 619
473 257
473 66
473 258
473 465
473 76
473 174
473 177
473 178
473 269
473 95
473 271
473 675
473 240
473 106
1244 174
1399 746
1399 136
1399 151
761 397
761 430
761 433
761 506
761 310
1423 315
1423 977
1423 782
1423 205
735 136
735 164
883 134
883 182
240 44
240 210
240 245
240 338
240 125
240 47
240 462
240 48
240 49
240 51
240 132
240 379
240 137
240 250
240 464
240 53
240 55
240 138
240 143
240 56
240 147
240 235
240 619
240 257
240 380
240 345
240 372
240 154
240 258
240 67
240 157
240 10
240 69
240 465
240 76
240 631
240 263
240 739
240 466
240 80
240 81
240 82
240 317
240 84
240 266
240 85
240 174
240 175
240 87
240 994
240 177
240 178
240 180
240 182
240 89
240 659
240 91
240 691
240 95
240 272
240 101
240 384
240 202
240 239
240 473
240 883
240 104
240 105
240 106
1518 192
1285 10
1286 10
915 136
915 192
1072 313
455 326
455 21
455 22
455 23
455 391
455 43
455 1521
535 32
535 17
535 397
535 22
535 23
535 1191
535 117
535 330
535 332
535 501
535 827
535 27
535 505
535 1106
535 406
535 701
535 334
535 514
535 703
535 1098
535 414
535 704
535 1099
1559 175
104 44
104 107
104 124
104 233
104 125
104 47
104 339
104 49
104 51
104 133
104 134
104 379
104 135
104 137
104 250
104 251
104 706
104 55
104 138
104 141
104 252
104 143
104 145
104 56
104 147
104 609
104 257
104 372
104 66
104 154
104 258
104 259
104 67
104 260
104 157
104 69
104 71
104 73
104 164
104 75
104 76
104 167
104 349
104 466
104 81
104 84
104 266
104 85
104 174
104 175
104 177
104 178
104 180
104 181
104 659
104 91
104 471
104 269
104 734
104 95
104 271
104 97
104 190
104 194
104 112
104 101
104 202
104 275
104 103
104 240
104 279
682 55
682 74
682 317
1194 747
414 32
414 397
414 755
414 1191
414 551
414 827
414 401
414 403
414 27
414 506
414 406
414 701
414 758
414 514
414 408
414 392
414 410
414 521
414 411
414 702
414 703
414 760
414 310
414 535
414 704
1316 338
736 837
736 418
736 81
736 171
736 174
736 1051
736 540
873 164
873 80
1307 339
1307 69
1307 74
1521 499
1521 43
869 133
869 58
869 10
869 165
869 230
105 44
105 338
105 125
105 47
105 585
105 250
105 55
105 252
105 143
105 56
105 609
105 1206
105 259
105 67
105 69
105 792
105 71
105 76
105 739
105 82
105 317
105 84
105 85
105 177
105 178
105 180
105 658
105 95
105 272
105 194
105 1561
105 103
105 883
105 240
1363 1002
1363 273
1363 673
1363 674
1356 74
1356 165
1356 317
780 977
917 136
917 167
536 32
536 426
536 295
536 427
536 428
536 434
536 436
1124 74
704 32
704 397
704 1191
704 117
704 294
704 501
704 827
704 27
704 758
704 514
704 703
704 1098
704 535
704 414
704 1099
456 947
456 568
456 22
456 23
456 294
456 1139
457 22
1289 194
958 952
958 1063
958 1298
958 367
958 1300
958 955
958 956
958 1083
958 1084
958 1563
958 1388
958 1564
958 959
1563 955
1563 958
1567 315
1388 958
1099 1056
1099 117
1099 827
1099 505
1099 514
1099 1098
1099 535
1099 704
415 397
415 398
415 401
415 403
415 404
415 757
415 506
415 405
415 408
415 409
415 521
415 702
415 416
453 426
453 306
685 807
538 32
538 366
538 504
805 803
1183 977
1183 1373
1183 978
1183 784
416 397
416 755
416 398
416 401
416 403
416 27
416 404
416 757
416 506
416 405
416 406
416 409
416 521
416 415
1290 10
1564 958
539 32
539 288
539 366
1233 961
781 315
781 977
781 182
782 315
782 1423
1373 774
1373 977
1373 1183
1143 22
1143 1140
1374 977
540 125
540 32
540 51
540 135
540 136
540 138
540 252
540 147
540 613
540 258
540 164
540 165
540 80
540 81
540 82
540 172
540 174
540 176
540 513
540 178
540 185
540 190
540 197
540 675
1377 977
474 125
474 133
474 135
474 137
474 69
474 74
474 271
474 230
1379 977
1327 145
1401 164
1401 182
1144 22
279 245
279 313
279 619
279 80
279 87
279 91
279 95
279 104
1424 977
1424 1422
1188 22
1357 74
1291 1049
1291 10
974 47
974 147
974 58
974 619
974 164
974 174
974 185
1293 10
1128 10
871 133
871 10
871 81
543 32
543 22
212 245
212 125
212 47
212 546
212 572
212 49
212 585
212 133
212 135
212 137
212 250
212 55
212 138
212 143
212 147
212 58
212 220
212 258
212 259
212 67
212 157
212 10
212 225
212 69
212 465
212 73
212 74
212 164
212 165
212 80
212 81
212 82
212 317
212 84
212 85
212 174
212 175
212 177
212 178
212 180
212 181
212 95
212 271
212 97
212 194
212 273
212 200
212 230
212 473
212 105
1101 165
205 124
205 32
205 559
205 577
205 315
205 133
205 135
205 55
205 138
205 145
205 147
205 1034
205 821
205 810
205 619
205 258
205 418
205 74
205 893
205 164
205 165
205 895
205 977
205 80
205 81
205 82
205 173
205 85
205 732
205 174
205 176
205 513
205 177
205 514
205 181
205 182
205 185
205 849
205 190
205 192
205 194
205 197
205 200
205 851
205 675
205 230
978 771
978 774
978 977
978 1183
872 47
872 137
872 53
872 147
872 74
872 164
872 174
872 194
872 103
800 47
800 49
800 133
800 257
800 67
800 80
800 178
800 181
800 230
783 315
783 165
544 32
544 22
544 366
206 559
206 339
206 51
206 133
206 135
206 136
206 137
206 138
206 145
206 147
206 58
206 220
206 619
206 258
206 418
206 69
206 164
206 165
206 76
206 80
206 81
206 82
206 85
206 174
206 175
206 649
206 513
206 177
206 178
206 182
206 185
206 190
206 197
206 240
844 138
844 74
784 315
784 774
784 418
784 69
784 164
784 165
784 977
784 174
784 1494
784 1183
919 174
919 230
106 44
106 124
106 245
106 313
106 125
106 559
106 575
106 47
106 462
106 48
106 546
106 315
106 49
106 51
106 133
106 463
106 135
106 137
106 250
106 53
106 55
106 138
106 937
106 143
106 145
106 56
106 147
106 58
106 608
106 1095
106 609
106 220
106 619
106 1185
106 257
106 963
106 258
106 259
106 67
106 798
106 157
106 10
106 225
106 69
106 71
106 465
106 73
106 74
106 164
106 165
106 76
106 167
106 721
106 466
106 80
106 81
106 82
106 171
106 317
106 709
106 85
106 174
106 1469
106 175
106 649
106 1474
106 176
106 177
106 178
106 180
106 898
106 229
106 181
106 900
106 182
106 657
106 659
106 91
106 471
106 269
106 1280
106 95
106 271
106 1282
106 97
106 190
106 272
106 194
106 273
106 199
106 200
106 101
106 673
106 230
106 1284
106 275
106 103
106 240
106 105
1383 315
1318 165
1318 174
1318 176
1318 190
785 977
763 397
231 315
231 572
231 133
231 147
231 58
231 155
231 157
231 10
231 69
231 74
231 164
231 165
231 317
231 174
231 175
231 97
231 230
1168 317
959 958
232 10
232 230
% 1574 28236
