4 5
159 160
41 74
183 481
481 482
16 518
524 525
525 526
482 183
127 656
334 659
785 786
168 868
186 187
208 907
909 772
3 255
255 518
982 711
1033 306
786 785
1294 937
1354 1355
135 255
1382 732
937 374
455 1353
357 1471
162 1477
41 1513
792 462
1264 1325
163 1068
1581 667
168 16
857 1420
1664 1665
16 168
201 913
1680 1294
306 1350
909 168
518 255
1768 277
1753 16
871 277
133 1033
1817 730
257 1033
1033 183
255 1724
160 878
255 16
462 1420
518 357
1420 1643
732 1382
163 1959
1294 951
135 374
1350 2039
2068 772
2039 306
1705 518
2171 306
2178 1989
1738 732
183 257
2162 518
909 135
5 772
44 1240
1573 1068
1068 394
937 1294
127 620
257 462
135 1198
651 730
1294 772
168 702
1738 1549
433 1798
1959 163
656 127
160 316
208 287
1617 1242
1457 909
183 1033
1294 350
2453 868
2178 357
2482 316
316 160
168 620
443 730
74 257
2294 168
1112 1863
316 250
357 620
1353 1350
357 518
772 1294
1430 1549
4 772
2623 1122
462 730
518 1298
162 2646
1366 1420
696 160
656 1153
1153 357
868 160
183 482
482 257
919 394
306 2716
1294 374
135 44
1201 287
1617 16
2221 1039
656 433
350 1294
518 16
1298 518
16 2774
208 1798
357 135
135 620
2887 1033
2897 2898
1635 168
518 692
2881 168
1660 2981
620 518
722 1264
201 306
2066 168
626 2873
732 1738
846 1405
3084 709
3085 732
2777 168
846 255
2767 518
3105 2412
913 135
992 208
2453 127
1653 316
2415 287
615 300
656 462
350 772
3047 3179
1471 620
3 357
16 1617
730 656
2716 306
981 206
3234 2547
3237 3
1112 74
1529 861
2301 1294
1294 360
3 1382
1410 2180
772 16
711 3274
763 732
1039 2221
3283 937
1298 255
455 306
163 160
133 482
711 951
3181 462
3008 524
1664 2171
590 2949
1256 846
1660 1511
482 3099
41 1112
1774 1298
1298 357
2122 1166
1959 2301
857 2858
1350 306
692 16
2863 16
135 518
2180 696
2156 16
2271 357
1471 1112
5 1294
168 919
383 1420
524 135
135 1240
2507 41
374 1294
1294 16
162 433
135 162
615 482
1240 44
620 357
909 350
2162 1122
5 1644
455 1471
16 1471
3515 1644
1644 518
1153 620
772 5
3179 1179
391 656
133 183
1959 160
656 135
127 730
667 162
4 1294
2301 462
162 913
913 1955
1471 518
2995 3318
162 135
1240 1198
2777 518
730 1817
518 620
21 1549
2780 2104
656 620
634 711
1879 306
3646 772
1240 620
374 350
3030 1122
1033 1294
360 772
3179 944
197 1420
1068 518
1294 5
2981 1660
3336 2412
1353 455
126 626
2774 838
3468 772
3 518
135 838
3695 74
2638 306
3085 3
2977 1153
482 730
186 3515
287 620
2064 462
722 1471
1294 135
357 2767
1955 730
374 722
1613 374
1298 692
3239 992
1233 462
3732 2156
2156 772
3564 255
1822 597
502 2926
433 1481
1294 1122
1122 951
1989 127
90 1355
1965 1048
2720 168
287 1201
350 937
1242 1617
1717 3181
732 391
1724 482
162 3070
99 462
462 1855
2981 255
1325 163
1039 44
1405 846
1405 1256
3185 3179
163 168
1798 306
3732 357
1294 4
90 168
1068 163
1529 1294
1298 1068
767 1325
1366 895
391 2638
2716 135
772 656
1062 1240
17 3126
3683 168
913 907
1330 187
3470 3
1739 3
786 44
1346 183
287 462
394 1822
3323 206
2777 16
2547 2897
2897 1959
1959 600
74 696
3491 3331
1817 772
1477 433
2886 620
1863 2898
483 1643
1912 2638
350 462
2202 1761
3672 772
846 1256
2873 626
656 730
3683 277
1410 350
300 1457
1938 183
1291 909
374 937
1774 597
168 374
615 74
462 16
1039 1264
1264 163
163 41
1355 732
1143 711
3030 702
3047 944
162 667
659 334
3491 206
3400 518
1294 2068
1198 895
730 127
1264 287
3400 357
2301 163
1233 937
1033 656
201 711
350 909
343 168
287 702
481 357
482 863
3196 462
937 3283
2621 316
1529 875
183 1938
1708 135
1405 1981
1171 74
3376 168
2897 711
482 334
620 1112
1863 722
868 576
16 255
350 656
518 2586
709 656
878 1653
3336 1033
1240 3966
74 1938
16 730
229 1171
1346 1033
1198 518
1708 462
2083 656
611 206
1680 3365
2271 255
1577 1233
1822 3543
2884 255
909 306
1347 730
794 135
99 1319
2767 620
3532 16
1256 350
16 620
1377 722
3661 127
1420 462
656 287
907 306
455 287
163 1171
1513 41
863 183
1505 1420
462 786
159 772
1403 168
1643 3765
360 1294
1382 3
2068 126
5 656
772 2068
1817 16
16 2767
163 868
711 982
722 168
1717 462
41 168
1325 767
462 838
1410 518
981 656
5 1171
696 74
1294 3365
863 21
1294 1680
772 1680
620 1471
620 2767
772 374
620 2453
2887 656
74 1964
3 159
306 208
518 1817
772 937
1068 1573
159 2687
1989 1403
1298 1774
1964 257
772 4
1255 767
183 1346
334 168
2687 772
602 201
1964 74
937 786
163 2301
1471 692
611 3
127 374
750 2313
316 1653
277 360
1774 2623
3687 3000
1774 3543
1068 250
838 287
1644 162
1680 772
2623 937
1033 1346
1325 255
343 1471
3722 3099
3099 482
666 732
162 1481
1620 502
206 620
909 1457
878 2453
1264 168
711 634
21 383
2086 1604
1410 878
1039 3070
350 5
277 162
2897 374
2897 16
2940 168
600 1298
277 702
277 374
1048 3491
838 1294
838 656
159 135
159 518
722 16
357 2162
127 306
255 374
2797 277
5 4
462 1680
772 350
2767 692
696 1123
1405 126
711 99
722 3194
3336 306
937 168
2547 2898
1643 462
127 3661
838 357
3181 1717
1403 722
878 160
2772 732
1964 3390
3784 1855
1355 1420
4034 857
462 785
1549 786
2887 3084
3371 4030
255 357
1964 229
1717 3261
183 3336
1143 474
2156 3732
229 287
455 1294
2294 1843
871 168
2547 287
4030 229
433 518
3085 168
772 1806
2132 772
518 722
1653 1171
1346 1938
3687 462
1068 287
785 1549
1074 846
1112 620
1708 350
600 1774
1305 287
1179 229
255 1305
255 462
2039 1350
1033 696
135 785
1347 433
2039 455
951 16
1774 1822
2162 159
1166 1039
433 838
433 350
433 2873
1344 1965
3491 1049
3049 1147
786 1549
2507 2412
1298 2453
391 462
183 133
350 1680
3543 2162
1291 794
1049 3491
1420 287
16 41
229 74
229 732
1256 1405
3049 1294
1604 620
1604 168
1481 433
21 2887
1123 696
357 656
620 127
1643 1420
1981 287
1981 772
3972 16
913 518
1798 433
1198 16
711 2897
1291 316
702 1294
3543 357
1068 2301
696 3923
696 135
1938 656
702 3482
2949 590
937 306
3390 74
1039 2858
183 334
1965 306
3170 287
702 159
1120 206
1798 1477
4 350
1122 1298
3817 374
626 306
2977 518
306 168
4093 126
255 937
620 576
981 306
863 1346
1074 1405
3040 2068
2412 3336
3438 2122
229 4030
863 482
2693 772
794 16
1068 1240
1959 620
692 1617
590 162
1153 518
702 462
772 3365
786 168
1122 2623
16 3400
785 168
350 3365
3843 16
163 1264
1039 1250
1255 1806
1048 1965
944 620
651 168
2977 620
1256 2873
3765 1420
772 620
2902 183
4131 2995
4131 692
350 374
656 1471
1742 306
1742 287
334 3090
3728 1511
651 3491
168 41
3543 1822
3661 656
696 1171
1250 525
4146 74
3646 168
3400 1403
2162 937
1179 168
1179 126
2072 183
907 126
696 2180
3098 1122
1755 168
1294 127
1301 1479
1301 357
2172 16
206 350
772 1255
696 2949
3809 2780
2252 287
868 620
2898 3049
3085 620
937 1680
3365 772
469 206
662 126
206 1112
481 135
1048 702
530 135
530 3661
2083 135
2849 518
2301 1471
135 1301
462 374
377 168
659 1964
1581 518
1581 16
1581 730
1172 306
2301 868
868 127
2301 730
2511 3491
3274 16
3274 168
3274 611
1817 868
16 3632
2482 1171
3543 1774
767 306
2294 287
767 168
2849 3
1233 730
296 3625
3696 16
656 1294
3491 2511
127 287
2858 135
3 462
1471 127
1344 168
3905 287
135 462
2837 482
374 277
3564 518
3564 611
937 2162
306 518
159 1122
357 1112
1867 656
1159 525
1122 159
5 2068
1256 3318
2115 785
4034 3
1665 1664
1665 1068
1347 41
350 4
2835 357
667 16
2780 287
3364 74
1739 518
287 1405
2412 306
334 74
767 462
2482 160
2415 2271
2837 1644
2178 2313
2586 255
656 838
626 722
3470 1529
3539 229
3539 168
2822 277
3991 287
2772 1349
3953 1866
3728 1122
3728 1294
1405 287
785 1301
3371 3923
3115 255
2690 168
2690 126
1220 2189
3632 135
3632 277
2019 772
895 2638
982 1511
250 1573
590 74
750 1644
2507 1420
1680 374
1074 4009
3883 702
1068 16
1068 772
602 206
3606 1964
3606 3318
4179 135
