32 52
87 253
52 32
20 32
939 20
20 940
987 299
20 52
20 745
1755 20
1769 495
1913 52
661 692
52 1080
482 52
52 2098
951 650
745 32
811 365
2387 495
777 130
1078 32
20 722
32 1080
1080 52
1031 32
2794 32
650 20
299 560
3021 1036
253 87
20 951
661 334
77 299
3253 495
3102 299
1612 32
52 2646
87 722
1774 1298
722 20
722 87
2215 77
827 545
1885 32
940 20
2273 77
3015 299
560 299
32 1078
2850 108
3133 32
2165 2721
3618 52
2014 32
2621 32
1116 77
777 1298
1336 32
951 20
939 951
3740 20
20 692
130 2534
2633 2646
2572 2448
722 32
1078 52
1298 692
1116 560
545 32
2448 2572
2721 2165
650 1056
2098 32
682 495
2696 32
987 3015
334 130
2762 63
375 20
3069 32
2437 32
375 32
32 375
322 2777
1141 52
1997 2742
1031 20
3168 52
32 108
2665 52
2696 2445
87 334
3612 77
517 52
20 939
482 334
20 375
77 2215
2098 52
39 951
2471 32
1421 87
560 3102
52 3133
32 2437
951 130
239 415
1116 299
1298 1774
579 1421
1149 77
1774 2623
2273 2215
1997 1410
375 52
170 1057
2165 52
2165 32
365 20
2547 20
334 1141
2646 52
951 939
1149 130
1298 777
1078 130
2445 2696
2215 299
3102 560
2777 322
2311 2665
3102 130
4074 722
108 32
108 52
253 2646
239 20
3533 130
375 1566
321 32
321 130
1612 20
1984 232
1927 32
3133 1298
3133 52
3009 3235
63 415
661 87
1952 130
1873 52
482 2205
1031 1217
2794 52
4000 299
142 692
142 415
2721 52
3433 777
3454 77
2696 1581
811 2534
3427 1036
1141 482
1217 32
2049 482
239 32
2548 32
3009 130
864 130
365 2014
2205 482
3688 32
2483 3009
2483 52
4064 32
4064 52
3986 32
2679 375
3102 3042
517 32
1463 32
3021 52
3015 987
3935 32
2376 32
1984 32
2665 130
